date,open,high,low,close,volume
2013-09-16,33.3986,33.4803,33.0719,33.1808,1861513
2013-09-17,33.174,33.5756,33.0991,33.2693,1578387
2013-09-18,33.2012,33.5961,32.8744,33.5756,2044234
2013-09-19,36.0264,36.4008,34.5485,34.7057,18146408
2013-09-20,34.7432,35.6656,34.7057,35.5022,10692052
2013-09-23,35.3388,35.5635,34.978,35.1754,2716907
2013-09-24,35.1346,35.3456,34.8555,35.1278,2185721
2013-09-25,35.121,35.4886,35.0189,35.2844,2865074
2013-09-26,35.3729,35.4818,35.0325,35.4614,2680307
2013-09-27,35.3727,35.5501,35.0724,35.2294,2110103
2013-09-30,34.8132,35.2191,34.6289,34.9701,2650001
2013-10-01,34.5948,35.5364,34.5948,35.4136,2997047
2013-10-02,35.2021,35.284,34.9019,35.1884,2020794
2013-10-03,35.1816,35.1884,34.7381,34.8404,1878510
2013-10-04,34.9155,35.3863,34.8473,35.3317,1867889
2013-10-07,35.0315,35.2021,34.8473,34.8882,1382107
2013-10-08,34.9223,35.0247,34.0421,34.2059,2415258
2013-10-09,34.2741,34.3765,33.7009,34.083,2430595
2013-10-10,34.315,34.936,34.315,34.7927,2426300
2013-10-11,34.7176,35.2567,34.5675,35.1134,1500903
2013-10-14,34.936,35.0929,34.4652,35.0452,2110504
2013-10-15,34.8541,34.9292,34.5266,34.7176,1961896
2013-10-16,34.9496,35.475,34.7586,35.1816,2450818
2013-10-17,34.9701,35.9595,34.8882,35.9254,3548418
2013-10-18,36.1164,36.328,35.9117,36.1574,2880870
2013-10-21,36.1915,36.2597,35.4136,35.475,2556379
2013-10-22,35.5501,35.6183,34.6903,34.8132,4280543
2013-10-23,34.6357,34.7176,34.3219,34.5607,2348591
2013-10-24,34.5743,34.9496,34.5743,34.8814,1785894
2013-10-25,35.0315,35.4204,34.8609,35.3931,2398266
2013-10-28,35.3386,35.4682,34.8814,35.1339,1778672
2013-10-29,35.1543,35.4136,34.9564,35.2771,1193955
2013-10-30,35.3181,35.359,34.704,34.9019,1360046
2013-10-31,34.9019,35.0247,34.4242,34.6357,1895510
2013-11-01,34.7449,35.1953,34.6903,34.8677,1931035
2013-11-04,35.0656,35.1134,34.7654,34.9428,1409928
2013-11-05,34.9223,35.0452,34.6999,34.9428,1578131
2013-11-06,34.9292,35.0179,34.663,34.8268,1432940
2013-11-07,34.8541,34.9326,34.008,34.1513,3548823
2013-11-08,34.2127,34.7586,34.124,34.6494,1860654
2013-11-11,34.547,35.0793,34.4706,35.0042,1984482
2013-11-12,34.936,35.0724,34.6357,34.936,2357218
2013-11-13,34.7245,35.0042,34.5675,34.936,2110086
2013-11-14,34.936,34.936,34.3628,34.4856,2825818
2013-11-15,36.867,38.0338,36.6352,37.4811,11014343
2013-11-18,37.1536,37.5152,36.6214,36.8807,4131521
2013-11-19,36.6214,36.9762,36.5395,36.7237,2473023
2013-11-20,36.7305,37.0205,36.4815,36.5258,2321500
2013-11-21,36.7101,37.2218,36.6418,36.9148,2417644
2013-11-22,36.9148,37.0785,36.676,36.7442,1910762
2013-11-25,36.9216,36.9352,36.1778,36.2393,1750170
2013-11-26,36.3416,36.7988,36.3211,36.6077,3196344
2013-11-27,36.6964,36.8465,36.6009,36.7169,1189764
2013-11-29,36.7442,36.8261,36.4781,36.5531,870409
2013-12-02,36.4849,36.6214,36.2393,36.3075,1459197
2013-12-03,36.1096,36.2802,35.864,36.1164,2478051
2013-12-04,36.055,36.7305,35.9731,36.56,2415795
2013-12-05,36.403,36.7101,36.2427,36.5054,1810391
2013-12-06,36.6828,37.4811,36.6828,37.4129,3053347
2013-12-09,37.3924,37.8223,37.3515,37.5698,2118503
2013-12-10,37.4675,37.8428,37.2764,37.7609,2326895
2013-12-11,37.7677,37.9997,37.3105,37.4197,2349926
2013-12-12,37.2764,37.8837,37.0512,37.7063,2714297
2013-12-13,37.7745,38.143,37.4606,37.6381,2022610
2013-12-16,37.6995,38.0679,37.5766,37.6926,1685454
2013-12-17,38.1839,39.0914,38.0816,38.4637,3209227
2013-12-18,38.5524,39.535,38.4637,39.5009,4136283
2013-12-19,39.2825,39.4599,38.9413,39.1529,1893211
2013-12-20,39.2143,39.3507,38.8322,38.8663,2954031
2013-12-23,39.2006,39.3405,38.9754,39.262,1578464
2013-12-24,39.2347,39.3098,39.0096,39.0505,779696
2013-12-26,39.0573,39.378,39.0573,39.2074,714431
2013-12-27,39.1404,39.2704,39.0652,39.0994,653055
2013-12-30,39.0173,39.2977,38.9284,39.202,1127980
2013-12-31,39.2909,39.3593,39.0378,39.1131,941447
2014-01-02,39.0515,39.0515,38.4018,38.4428,1916160
2014-01-03,38.5659,39.2191,38.477,38.9284,1866651
2014-01-06,39.2567,39.4619,38.6822,38.7369,1777472
2014-01-07,38.9489,39.414,38.9352,39.2909,1463208
2014-01-08,39.2088,40.0363,39.0994,39.9338,2659468
2014-01-09,39.9406,40.1321,39.5781,39.9474,1757647
2014-01-10,40.0158,40.3578,39.7628,40.3031,1623330
2014-01-13,40.1936,40.4193,40.0774,40.3031,2946738
2014-01-14,40.4604,41.0007,40.3646,40.9528,2562236
2014-01-15,40.9118,41.2845,40.751,41.2674,2335194
2014-01-16,41.199,41.3768,41.0622,41.3768,1835957
2014-01-17,41.6025,41.6025,41.2605,41.5204,1699534
2014-01-21,41.5068,41.6367,40.9391,41.6162,3008458
2014-01-22,41.5957,41.8692,41.5204,41.6709,2769350
2014-01-23,41.3631,41.3837,40.6279,40.6724,3063559
2014-01-24,40.5014,40.6655,39.4687,39.5781,2656341
2014-01-27,39.5986,39.9201,38.9694,39.8722,4669012
2014-01-28,40.009,40.2689,39.6055,39.7354,2536290
2014-01-29,39.4413,39.8157,39.2635,39.4277,2163031
2014-01-30,39.9543,41.1101,39.9543,40.6997,3743153
2014-01-31,40.0842,40.4535,39.7012,39.7696,3529054
2014-02-03,39.7696,39.9953,38.3505,38.4018,2929252
2014-02-04,38.5181,39.585,38.3607,39.5371,2911877
2014-02-05,39.3798,39.4619,38.9558,39.2772,2283870
2014-02-06,39.3319,39.9064,39.2977,39.8654,1609451
2014-02-07,39.9816,40.669,39.7559,40.6382,1975290
2014-02-10,40.5356,40.6519,39.8654,40.3578,1760468
2014-02-11,40.3509,41.0349,40.2689,40.8502,2148202
2014-02-12,41.0349,41.3495,40.8092,40.9596,2347270
2014-02-13,40.6587,41.2947,40.604,41.0896,3097011
2014-02-14,39.0857,39.5097,37.5264,37.7863,17862776
2014-02-18,37.8752,38.3266,37.5879,37.7179,6553839
2014-02-19,37.6221,38.7437,37.5469,38.2582,4838795
2014-02-20,38.3949,39.349,38.33,39.1814,4629755
2014-02-21,39.1541,39.2567,38.5181,38.5317,2407171
2014-02-24,38.607,38.9694,38.5728,38.8121,2392783
2014-02-25,38.8463,39.3729,38.8121,38.9079,3375173
2014-02-26,38.9694,39.4071,38.8121,39.0515,2400946
2014-02-27,38.9968,39.1746,38.4291,38.5454,3123781
2014-02-28,38.607,39.0583,38.5728,38.9352,2876261
2014-03-03,38.3813,39.0652,38.1522,38.7848,2488373
2014-03-04,39.1336,39.667,38.9694,39.5166,2841919
2014-03-05,39.4687,39.667,39.3627,39.5302,3113546
2014-03-06,39.9338,40.5698,39.7628,40.1936,5178833
2014-03-07,40.392,40.4877,39.3387,39.9543,3247154
2014-03-10,39.8654,39.8996,39.3935,39.7696,2563418
2014-03-11,39.8243,39.8722,38.6412,38.8874,3421731
2014-03-12,38.6548,39.0378,38.306,39.0241,1652324
2014-03-13,39.0925,39.2567,38.1419,38.1966,2318832
2014-03-14,38.0325,38.2855,37.7726,37.9162,1745218
2014-03-17,38.0803,38.5796,37.9436,38.1624,1437471
2014-03-18,38.2787,38.8532,38.1898,38.8395,1294681
2014-03-19,38.7916,39.0857,38.4223,38.7301,1804350
2014-03-20,38.6685,38.9352,38.4086,38.7779,1808447
2014-03-21,39.1062,39.5166,38.2718,38.3607,2762931
2014-03-24,38.3539,38.4565,37.3828,37.7931,1985703
2014-03-25,37.9572,38.4428,37.6016,37.7247,1727269
2014-03-26,37.8888,38.2924,37.7247,37.7315,2560731
2014-03-27,38.0256,38.0256,37.0818,37.4033,2972614
2014-03-28,37.5127,37.7863,37.2186,37.4033,2006941
2014-03-31,37.5948,38.3334,37.3212,38.2445,2190772
2014-04-01,38.436,38.7232,38.1864,38.5454,2090720
2014-04-02,38.5864,38.7779,38.436,38.7574,1919493
2014-04-03,38.8258,39.0789,38.4839,38.7095,1603010
2014-04-04,39.0515,39.1473,37.9914,38.0051,2307668
2014-04-07,37.9983,38.0667,36.8903,37.1707,2584538
2014-04-08,37.075,37.6153,36.8083,37.3828,1842491
2014-04-09,38.0078,38.1243,37.2776,38.0969,2017519
2014-04-10,38.0969,38.1428,36.952,37.0548,1966409
2014-04-11,36.808,37.0548,36.095,36.1773,2591968
2014-04-14,36.4652,36.5057,35.8602,36.095,2840577
2014-04-15,36.2253,36.5818,35.622,36.4104,2172515
2014-04-16,36.712,36.8629,36.5064,36.8012,1243513
2014-04-17,36.8423,37.6307,36.7532,37.4662,2061997
2014-04-21,37.4387,37.569,37.2468,37.4936,1185867
2014-04-22,37.5004,38.1175,37.3839,37.6855,1475541
2014-04-23,37.6033,37.8432,37.412,37.713,894232
2014-04-24,37.8638,38.0626,37.4045,37.8981,1806441
2014-04-25,37.8775,37.8775,37.0685,37.2879,1580495
2014-04-28,37.6033,37.6581,36.239,36.8354,3009046
2014-04-29,36.5338,36.712,35.6289,36.5407,3359741
2014-04-30,36.6298,37.0685,36.3487,37.048,1678627
2014-05-01,36.9794,37.617,36.7875,37.3428,1472407
2014-05-02,37.3633,37.6993,37.0823,37.3908,2080946
2014-05-05,37.2331,37.9426,36.9438,37.9324,2087256
2014-05-06,37.761,38.0146,37.3359,37.713,2224227
2014-05-07,37.7952,37.7952,37.2057,37.7267,2219204
2014-05-08,37.7267,38.4877,37.4936,37.9118,2209139
2014-05-09,37.8844,38.138,37.5759,37.9735,1287905
2014-05-12,38.1037,38.8167,38.0283,38.6728,2042132
2014-05-13,38.8236,39.0635,38.6659,38.9607,1465527
2014-05-14,38.9264,38.9333,38.186,38.2888,2591684
2014-05-15,37.4319,38.4945,36.8492,37.3565,5740663
2014-05-16,37.2879,37.7952,36.9657,37.7267,2405753
2014-05-19,37.6376,37.8611,37.5004,37.6855,2742131
2014-05-20,37.617,37.6787,37.1638,37.2331,1840126
2014-05-21,37.4182,37.8021,37.3222,37.6993,1102300
2014-05-22,37.7061,38.1929,37.6307,38.0763,1686139
2014-05-23,38.1517,38.5425,37.8261,38.5151,3510829
2014-05-27,38.6042,38.7345,38.4123,38.5836,1190619
2014-05-28,38.6728,39.2349,38.6042,39.1527,1807185
2014-05-29,39.2007,39.3378,38.8304,39.0498,1558720
2014-05-30,38.9881,39.1527,38.5562,39.0361,2547039
2014-06-02,39.0498,39.0704,38.5974,39.0018,1274846
2014-06-03,38.8921,39.4132,38.8579,39.2281,1842298
2014-06-04,39.091,39.4063,39.0498,39.3858,1145664
2014-06-05,39.3858,40.277,39.3583,40.1742,1833063
2014-06-06,40.1604,40.6403,40.0165,40.4552,1285879
2014-06-09,40.4484,40.846,40.2427,40.6403,1188782
2014-06-10,40.5581,40.6198,40.1604,40.373,1267805
2014-06-11,39.9891,40.5375,39.9753,40.3867,1410610
2014-06-12,40.3798,40.4484,39.8999,40.037,1677989
2014-06-13,40.1262,40.3593,39.8862,40.1056,1054865
2014-06-16,40.1536,40.3524,39.8657,39.9822,1174434
2014-06-17,39.9479,40.5855,39.8931,40.3593,1328510
2014-06-18,40.3524,40.6678,40.1262,40.6335,1114749
2014-06-19,40.5855,40.8186,39.8657,40.1879,3149546
2014-06-20,39.6531,40.4861,39.6531,40.2907,2029378
2014-06-23,40.2496,40.3524,39.7422,39.8382,1435625
2014-06-24,39.7834,40.0987,39.4749,39.5229,1125825
2014-06-25,39.4954,39.8314,39.3583,39.7422,1060501
2014-06-26,39.756,39.8039,39.3515,39.6394,1102367
2014-06-27,39.524,39.95,39.2869,39.5102,1519046
2014-06-30,39.5102,39.6889,39.2904,39.469,1314906
2014-07-01,39.6751,40.1561,39.4278,40.0256,2010785
2014-07-02,39.9431,40.2592,39.7026,39.8882,1414957
2014-07-03,39.9844,40.2249,39.8682,40.1699,600744
2014-07-07,39.9912,40.0256,39.7507,39.9363,949243
2014-07-08,39.7439,39.8023,39.1117,39.2697,1615912
2014-07-09,39.201,39.2216,38.8368,39.098,1278504
2014-07-10,38.7613,38.9124,38.4864,38.8162,1189340
2014-07-11,38.7063,38.988,38.5826,38.8918,1183288
2014-07-14,39.1117,39.2148,38.9038,39.043,1487761
2014-07-15,38.9605,39.0842,38.5826,38.933,2094496
2014-07-16,39.0842,39.2354,39.0499,39.1392,1868521
2014-07-17,38.8025,38.8231,37.8852,37.8955,4404085
2014-07-18,38.081,38.6513,37.9917,38.5826,1706174
2014-07-21,38.3833,39.1289,38.3352,38.9674,1983914
2014-07-22,39.1667,39.9706,39.1323,39.6614,2411722
2014-07-23,39.9294,40.0668,39.4724,39.4896,1453645
2014-07-24,39.5789,39.6751,38.9674,39.0567,2534358
2014-07-25,38.8368,38.9846,38.72,38.8437,1719615
2014-07-28,38.8162,38.8437,38.4039,38.6788,1510223
2014-07-29,38.6788,38.7269,38.3936,38.5001,2003109
2014-07-30,38.6307,39.0327,38.4933,39.0155,1371335
2014-07-31,38.6307,38.8781,38.3627,38.5414,2708121
2014-08-01,38.6101,38.7544,38.1978,38.6582,957560
2014-08-04,38.6101,38.7544,38.1978,38.6582,957560
2014-08-05,38.4108,38.5551,37.8611,37.9573,1733728
2014-08-06,37.9504,38.2871,37.7237,38.1978,1568834
2014-08-07,38.4658,38.4795,37.7787,37.8268,1628472
2014-08-08,38.0054,38.0123,37.6962,37.9573,1766002
2014-08-11,38.0947,38.239,37.8336,37.9298,1252725
2014-08-12,37.7855,37.8405,37.3114,37.3389,2642075
2014-08-13,37.4351,37.7718,37.2351,37.6412,1721261
2014-08-14,37.6412,38.2253,37.4145,38.2184,3478558
2014-08-15,40.5066,40.5822,39.4072,39.5652,5578794
2014-08-18,39.682,40.2798,39.4072,40.2111,2761606
2014-08-19,40.2111,40.3692,39.9637,40.2386,1192963
2014-08-20,40.0737,40.1355,39.8126,40.0806,1846569
2014-08-21,40.1012,40.1836,39.8332,39.8469,1228385
2014-08-22,39.7851,39.8813,39.4965,39.6064,1439567
2014-08-25,39.7713,39.9569,39.5652,39.6751,967137
2014-08-26,39.682,39.7851,39.5361,39.7507,888727
2014-08-27,39.8538,39.8538,39.3659,39.4278,1193004
2014-08-28,39.2629,39.5308,39.1529,39.2697,1395449
2014-08-29,39.3934,39.5102,39.2216,39.2766,1979934
2014-09-02,39.3247,39.9225,39.3247,39.9019,2015566
2014-09-03,39.9981,40.1699,39.7713,39.895,1478032
2014-09-04,39.9363,40.1905,39.5789,39.6408,790594
2014-09-05,39.5652,39.8882,39.3728,39.7988,908184
2014-09-08,39.6614,39.8263,39.5068,39.6133,1345766
2014-09-09,39.6408,39.7164,39.4759,39.4759,1286053
2014-09-10,39.5789,39.737,39.2869,39.6408,1477856
2014-09-11,39.524,39.6614,39.4484,39.5721,995855
2014-09-12,39.5858,40.2867,39.5858,40.2661,2590395
2014-09-15,40.1974,40.1974,39.6751,39.7988,1621086
2014-09-16,39.7301,39.9294,39.4209,39.792,1379832
2014-09-17,39.8538,40.5341,39.7988,40.4654,2710468
2014-09-18,40.6784,40.8158,40.0668,40.1287,2867046
2014-09-19,40.4173,40.5272,39.9225,40.0256,2173992
2014-09-22,39.9431,39.9844,39.3522,39.5446,1686631
2014-09-23,39.3385,39.4965,39.1048,39.1529,1632282
2014-09-24,39.0842,39.8813,39.0155,39.8263,1650529
2014-09-25,39.7576,39.8469,39.0911,39.0911,1629584
2014-09-26,39.1131,39.2164,38.6172,38.9134,2218441
2014-09-29,38.5966,39.381,38.5139,39.3611,1626565
2014-09-30,39.4024,39.5332,39.1338,39.244,2120557
2014-10-01,39.1544,39.2095,38.693,38.7068,2481276
2014-10-02,38.6585,38.7343,38.08,38.4519,1708052
2014-10-03,38.7274,39.2646,38.6792,39.1958,1577280
2014-10-06,39.2991,39.3679,38.8652,38.9616,1157370
2014-10-07,38.7412,38.7963,37.8803,37.8803,1515558
2014-10-08,37.9216,38.9272,37.7425,38.8858,2124682
2014-10-09,38.7619,38.7619,37.9009,37.9009,2526263
2014-10-10,37.8183,37.8941,36.7921,36.9436,5133638
2014-10-13,37.0056,37.35,36.3169,36.3582,2527277
2014-10-14,36.5304,36.7714,35.6557,35.6694,3972861
2014-10-15,35.0358,35.7314,34.2989,35.6694,4723905
2014-10-16,34.9738,35.8967,34.8154,35.6144,5362096
2014-10-17,35.9312,36.7852,35.8279,36.0,3810818
2014-10-20,35.8623,36.0758,35.0289,36.0551,4942206
2014-10-21,36.4064,37.2122,36.4064,37.1915,2231876
2014-10-22,37.0331,37.0951,36.4959,36.5373,2161086
2014-10-23,36.9092,37.3362,36.9092,36.9918,1754719
2014-10-24,36.9849,37.2673,36.8541,37.226,1508194
2014-10-27,37.1502,37.2673,36.9161,37.1847,1105293
2014-10-28,37.2742,37.653,37.1089,37.6461,1714329
2014-10-29,37.5979,37.6599,37.2811,37.5359,1484268
2014-10-30,36.7536,37.2063,36.5995,37.1485,2504261
2014-10-31,38.0249,38.1627,37.777,38.0731,2087828
2014-11-03,38.4295,39.7201,38.0346,39.3348,4559916
2014-11-04,38.7762,39.3252,38.3717,38.6992,5765189
2014-11-05,39.1133,39.1711,38.5065,38.651,2341387
2014-11-06,38.9014,39.879,38.7762,39.8453,2968264
2014-11-07,39.8646,39.9512,39.3541,39.4215,2458734
2014-11-10,39.4697,40.0187,39.3734,39.9994,2583931
2014-11-11,39.9898,40.558,39.8164,40.1246,2163823
2014-11-12,39.7779,40.009,39.5082,39.9224,2504261
2014-11-13,40.0187,40.2017,39.7394,39.9224,1805461
2014-11-14,39.8357,40.115,39.7682,40.0379,1331282
2014-11-17,40.0379,40.1631,39.6912,39.7201,2697164
2014-11-18,38.7666,39.643,38.574,39.2963,5891377
2014-11-19,39.3156,39.8068,39.2,39.2963,4012147
2014-11-20,39.0652,39.9002,39.0652,39.7394,2303826
2014-11-21,40.2113,40.8181,40.1631,40.6929,5306170
2014-11-24,40.8759,40.9337,40.4425,40.6929,2122424
2014-11-25,40.7699,41.29,40.7507,41.1359,2713879
2014-11-26,41.107,41.2852,40.9626,41.1648,1752695
2014-11-28,41.1648,41.4008,41.0203,41.1648,1091780
2014-12-01,41.1167,41.1552,40.0476,40.0572,4411159
2014-12-02,40.0668,40.5484,40.0187,40.4328,2014436
2014-12-03,40.4328,40.8084,40.2787,40.6736,2250275
2014-12-04,40.5966,41.107,40.4713,40.7121,1346823
2014-12-05,40.6736,40.924,40.5291,40.741,1019549
2014-12-08,40.6736,40.9433,39.8886,39.9801,1425753
2014-12-09,39.4793,39.9031,39.4697,39.8742,1803210
2014-12-10,39.8357,39.8357,38.8244,38.8533,2654911
2014-12-11,39.0074,39.6623,38.9977,39.1229,1640864
2014-12-12,38.7184,39.1229,38.2465,38.2561,2335765
2014-12-15,38.5932,38.6895,37.2255,37.2544,4510349
2014-12-16,36.8884,38.025,36.6958,37.0522,3849394
2014-12-17,36.927,38.5162,36.6862,38.2946,3508188
2014-12-18,38.9881,39.2963,38.6317,39.2,3104066
2014-12-19,39.3926,39.9031,39.3541,39.8549,3736336
2014-12-22,39.8549,40.3365,39.8549,40.3365,1590221
2014-12-23,40.4328,40.4617,39.8357,39.8453,1872341
2014-12-24,39.8935,39.9946,39.4504,39.6141,1426901
2014-12-26,39.8164,40.0379,39.7682,39.8549,588034
2014-12-29,39.8357,40.0379,39.7894,39.8068,976423
2014-12-30,39.6912,40.0572,39.6238,39.8453,1323452
2014-12-31,39.8646,40.2498,39.3926,39.4312,1423993
2015-01-02,39.7594,39.885,38.9774,39.1608,1530798
2015-01-05,38.9291,39.0643,38.3305,38.427,2042240
2015-01-06,38.4367,38.6395,37.6739,37.8284,2084562
2015-01-07,38.1567,38.4367,37.9346,38.3305,3359660
2015-01-08,38.8519,39.5663,38.7939,39.4794,2116341
2015-01-09,39.5856,39.5856,38.9001,39.1898,1644939
2015-01-12,39.2091,39.3153,38.5719,38.7263,2771191
2015-01-13,39.0739,39.296,37.9733,38.1857,2013474
2015-01-14,37.6836,37.7512,36.8919,37.7126,5134006
2015-01-15,37.9733,38.0486,36.6795,36.6988,2630296
2015-01-16,36.525,37.1333,36.4574,36.9305,3003980
2015-01-20,37.1043,37.3264,36.4574,36.6216,5033605
2015-01-21,36.4478,37.085,36.3802,36.8436,2721609
2015-01-22,37.1815,38.485,36.805,38.2822,4856573
2015-01-23,38.2339,38.2339,37.4229,37.4712,1519250
2015-01-26,37.4519,37.8188,37.1429,37.7995,1511214
2015-01-27,37.365,37.896,37.2491,37.4133,1703508
2015-01-28,37.6643,37.7029,36.6505,36.6891,2033523
2015-01-29,36.6891,37.1429,36.3898,37.1333,2329983
2015-01-30,36.6988,36.9981,36.4091,36.4671,3054313
2015-02-02,36.5926,37.4229,36.4091,37.3553,2508493
2015-02-03,37.6933,38.2629,37.5774,38.2533,2950375
2015-02-04,37.9733,38.0988,37.4808,37.7608,2567439
2015-02-05,37.867,38.4464,37.867,38.1664,1826367
2015-02-06,38.176,38.4367,37.8719,37.9829,2697212
2015-02-09,37.8767,38.0698,37.6064,37.6933,3586102
2015-02-10,37.9539,38.3884,37.4422,38.3015,1408747
2015-02-11,38.2726,38.4367,37.8792,37.9733,3337005
2015-02-12,38.2146,38.6781,38.1664,38.6395,1317705
2015-02-13,38.5912,38.9194,38.5332,38.765,2211931
2015-02-17,38.6298,39.1319,38.3884,39.1222,2875788
2015-02-18,39.7015,40.7443,39.4988,40.107,9007218
2015-02-19,39.9718,40.136,39.6243,39.7305,3737331
2015-02-20,39.6725,40.6574,39.4698,40.5029,2971880
2015-02-23,40.4449,40.5125,40.0587,40.2905,1967913
2015-02-24,40.1843,40.6525,40.1649,40.6091,1922102
2015-02-25,40.8794,41.0242,40.638,40.7443,2343479
2015-02-26,40.7732,40.918,40.5511,40.8987,1505418
2015-02-27,40.8408,40.8987,40.5946,40.7539,1676351
2015-03-02,40.8794,41.2656,40.8794,41.227,1847082
2015-03-03,40.9856,41.1015,40.6863,40.8022,1635437
2015-03-04,40.5029,40.7056,40.2905,40.5511,1305992
2015-03-05,40.5415,40.7829,40.3967,40.7636,1376468
2015-03-06,40.5029,40.5994,40.0587,40.0974,1528564
2015-03-09,40.107,40.4449,40.0056,40.3001,1492378
2015-03-10,39.7981,39.8463,39.2284,39.2284,1961299
2015-03-11,39.3829,39.7063,39.267,39.4408,2064355
2015-03-12,39.576,39.8174,39.5567,39.6822,2719895
2015-03-13,39.547,40.0261,39.1174,39.4601,4704560
2015-03-16,39.7401,40.387,39.6919,40.3677,2551437
2015-03-17,40.0877,40.2518,39.6436,40.1456,1504881
2015-03-18,40.0201,40.918,39.7498,40.667,1295556
2015-03-19,40.5994,40.7925,40.3774,40.7539,1085684
2015-03-20,40.9277,41.0629,40.7443,40.7539,2315472
2015-03-23,40.667,40.976,40.5511,40.7443,1835393
2015-03-24,40.6767,40.6767,39.5953,39.6725,3625952
2015-03-25,39.7498,40.2567,39.3829,39.4022,2776181
2015-03-26,39.2767,39.5567,38.9777,39.296,1573740
2015-03-27,39.296,39.8574,39.2766,39.7896,1932749
2015-03-30,40.1864,40.5155,39.9929,40.38,2064181
2015-03-31,39.9542,40.4381,39.7819,40.2155,1659179
2015-04-01,40.1284,40.1864,39.4121,40.0606,2170331
2015-04-02,40.1381,40.7769,40.0026,40.6994,2135918
2015-04-06,40.3413,40.8446,40.1768,40.5833,2379808
2015-04-07,40.593,41.1543,40.5252,41.0769,3072418
2015-04-08,41.0672,41.2221,40.6752,40.9027,2443178
2015-04-09,40.8059,41.2221,40.7188,41.1253,1332519
2015-04-10,41.4253,42.1609,41.2027,42.1512,3370597
2015-04-13,42.19,42.19,41.6092,41.6576,3708641
2015-04-14,41.5802,41.8125,41.2124,41.6867,1777705
2015-04-15,41.8899,42.1609,41.7931,41.9867,1445622
2015-04-16,41.7544,41.9674,41.677,41.7447,1070232
2015-04-17,41.3673,41.6673,41.2318,41.5996,2333369
2015-04-20,41.9383,42.0448,41.7641,41.8028,1410574
2015-04-21,42.0254,42.1029,41.4931,41.5124,1719710
2015-04-22,41.3479,41.4641,41.0091,41.3382,2726140
2015-04-23,41.0575,41.4834,40.8833,41.2511,3973179
2015-04-24,41.3382,41.435,41.0575,41.1253,2200155
2015-04-27,41.3673,41.3963,40.6172,40.6317,2298298
2015-04-28,40.5252,40.9511,40.2348,40.8252,1803453
2015-04-29,40.6897,40.8446,40.109,40.6123,2160963
2015-04-30,40.4865,40.593,39.7896,40.0413,1726312
2015-05-01,40.08,40.5833,39.9154,40.4865,1880177
2015-05-04,40.5349,40.7285,40.3607,40.593,1073820
2015-05-05,40.38,40.5058,40.1235,40.2542,1254801
2015-05-06,40.5155,40.5155,40.0316,40.2542,934611
2015-05-07,40.2542,40.5058,39.9832,40.4575,999682
2015-05-08,40.8736,41.164,40.8543,41.135,1034717
2015-05-11,41.0285,41.4544,41.0285,41.2511,975490
2015-05-12,40.9995,41.135,40.1671,40.5639,2617833
2015-05-13,40.6994,41.0285,40.3703,40.4671,1992774
2015-05-14,40.8252,40.8689,40.5252,40.6994,2883667
2015-05-15,40.7865,40.9027,40.6414,40.6897,2147413
2015-05-18,40.6994,41.3285,40.6317,41.2608,1966147
2015-05-19,40.2348,41.4544,40.1671,41.0091,5277345
2015-05-20,41.135,41.4619,41.0672,41.2414,2652326
2015-05-21,41.2027,41.3576,40.8446,40.9608,2126257
2015-05-22,40.9124,41.2995,40.7188,41.135,1484752
2015-05-26,41.1156,41.2608,40.6365,40.7091,1919645
2015-05-27,40.9124,41.5512,40.7478,41.2414,2507443
2015-05-28,41.0866,41.3382,40.0219,40.4091,3347403
2015-05-29,40.4478,40.4865,39.5089,39.867,5022554
2015-06-01,40.0993,40.0993,39.538,39.6057,2440065
2015-06-02,39.6251,39.8187,39.3637,39.7896,2947454
2015-06-03,39.9832,40.0316,39.6251,39.7799,2722286
2015-06-04,39.5767,39.7606,38.7249,39.2379,4091870
2015-06-05,39.2379,39.3637,38.9088,39.0153,1760467
2015-06-08,38.9669,39.054,38.6282,38.6669,1353411
2015-06-09,38.6475,39.0347,38.551,38.8314,1439015
2015-06-10,39.1024,39.2863,38.9766,39.2186,1789330
2015-06-11,39.267,39.296,38.996,39.2282,1576987
2015-06-12,39.0347,39.1895,38.4588,38.5604,2769551
2015-06-15,38.3571,38.3571,37.9894,38.2507,2361878
2015-06-16,38.3184,38.5314,38.1152,38.512,1422563
2015-06-17,38.483,38.5217,38.0571,38.3281,1519421
2015-06-18,38.5217,38.7685,38.4443,38.6185,1865267
2015-06-19,38.5217,38.6572,38.2216,38.2216,2658779
2015-06-22,38.5314,38.7249,38.4539,38.5314,3909250
2015-06-23,38.6088,38.6669,38.1539,38.3281,2053553
2015-06-24,38.2023,39.1508,37.7716,38.8992,6127695
2015-06-25,38.5217,39.2186,38.1152,38.7637,5265822
2015-06-26,38.8122,38.9771,38.5939,38.8316,3350458
2015-06-29,38.4241,38.6181,37.5896,37.5896,2516360
2015-06-30,37.9195,38.0262,37.3373,37.4343,3037436
2015-07-01,37.7351,38.1281,37.5993,38.0942,4486572
2015-07-02,38.1912,38.4629,37.9874,38.4047,2160799
2015-07-06,37.9486,38.4823,37.9195,38.1912,2509428
2015-07-07,38.3561,38.6084,37.9737,38.6084,2927761
2015-07-08,38.3076,38.3076,37.5605,37.5993,3390976
2015-07-09,38.1039,38.1621,37.7546,37.7643,2237945
2015-07-10,38.1233,38.2688,37.9923,38.23,2107093
2015-07-13,38.5405,38.8122,38.3658,38.7734,1579730
2015-07-14,38.8607,39.4526,38.7054,39.2876,2801301
2015-07-15,39.2197,39.3167,38.8316,38.9383,2247745
2015-07-16,39.1615,39.2391,38.9286,39.1421,1826485
2015-07-17,39.0062,39.1324,38.6569,38.7637,2412373
2015-07-20,38.8704,38.9383,38.7637,38.8704,1155252
2015-07-21,38.7831,38.8219,38.3658,38.3949,1160904
2015-07-22,38.1233,39.2197,38.1233,39.1324,2949376
2015-07-23,39.1712,39.1712,38.8219,39.0548,1708801
2015-07-24,38.9189,38.9771,38.0553,38.1427,1844946
2015-07-27,37.8807,38.4726,37.4635,38.4338,5261424
2015-07-28,38.8122,39.2682,38.327,39.2488,2768225
2015-07-29,39.2973,39.5205,39.0451,39.2003,2014066
2015-07-30,39.0645,39.831,38.8801,39.7534,2440415
2015-07-31,39.831,39.9183,39.569,39.734,2247715
2015-08-03,39.7049,39.9086,39.375,39.7825,2104591
2015-08-04,39.7243,40.1221,39.3458,39.4138,1448062
2015-08-05,39.7243,39.9668,39.4817,39.5108,949479
2015-08-06,39.734,39.7437,38.7249,38.9286,1932226
2015-08-07,38.948,39.0158,38.4532,38.8025,1513076
2015-08-10,39.0451,39.4332,38.9674,39.2682,1554542
2015-08-11,38.9965,38.9965,38.133,38.2494,1575708
2015-08-12,37.8904,37.9486,37.1336,37.7351,3440282
2015-08-13,37.7837,37.7837,37.3179,37.4149,2848895
2015-08-14,37.4732,37.5799,37.1821,37.5023,2632739
2015-08-17,37.2209,37.8564,36.988,37.6672,3302058
2015-08-18,37.9486,39.1518,37.8419,37.8613,6416891
2015-08-19,37.5411,37.6527,37.1627,37.2597,2730429
2015-08-20,36.8813,37.1724,36.3864,36.3961,2145028
2015-08-21,36.0274,36.3816,35.1008,35.1541,3828206
2015-08-24,32.8642,34.9407,32.5731,33.6502,4114990
2015-08-25,34.6205,35.0959,33.2814,33.3397,3802732
2015-08-26,34.31,34.6399,33.4464,34.5622,3233814
2015-08-27,35.0959,35.5811,34.8242,35.552,2406297
2015-08-28,35.3676,35.5714,35.0765,35.4258,1783861
2015-08-31,35.3579,35.4671,34.8824,35.2318,2554666
2015-09-01,34.2517,34.5234,33.5434,33.7181,2954093
2015-09-02,34.3585,34.4749,33.8442,34.4749,2119191
2015-09-03,34.5525,35.0474,34.4701,34.6884,2140822
2015-09-04,33.9995,34.4555,33.8636,34.0189,2819027
2015-09-08,34.7563,35.1735,34.4555,35.1347,1787408
2015-09-09,35.4161,35.7072,34.3876,34.4846,1885293
2015-09-10,34.5525,34.9698,34.3876,34.7951,1628726
2015-09-11,34.6011,34.8922,34.3876,34.8922,1443721
2015-09-14,34.8533,35.0183,34.2712,34.4943,2223319
2015-09-15,34.6884,35.2172,34.4555,35.0765,1752721
2015-09-16,35.0765,35.7703,34.9892,35.4355,2130117
2015-09-17,35.5423,35.8916,35.2124,35.3191,1819067
2015-09-18,34.7951,35.1444,34.5283,34.6787,3352296
2015-09-21,34.8922,34.9989,34.3585,34.6302,2640363
2015-09-22,34.145,34.2809,33.9024,34.0092,2283337
2015-09-23,34.0577,34.1935,33.7763,33.9121,1962552
2015-09-24,33.5337,33.6114,33.1359,33.524,2028940
2015-09-25,33.7673,34.0787,33.1834,33.524,2730672
2015-09-28,33.2126,33.3488,32.4244,32.473,2615440
2015-09-29,32.4633,33.1445,32.3514,32.8331,2252364
2015-09-30,33.164,33.5045,32.765,33.4072,2545749
2015-10-01,33.3975,33.5532,32.5801,32.8331,3011460
2015-10-02,32.2881,33.7478,32.2249,33.7381,3519448
2015-10-05,34.0982,34.4387,33.9035,34.3901,1675429
2015-10-06,34.1857,34.2636,33.6019,33.9619,1833679
2015-10-07,34.2539,34.8183,34.1565,34.5847,3089575
2015-10-08,34.4387,35.1005,34.3901,35.0421,2598314
2015-10-09,34.974,35.3632,34.9156,35.2562,3232938
2015-10-12,35.1102,35.2061,34.8961,35.0226,1349866
2015-10-13,34.7988,35.2659,34.575,34.6723,2383212
2015-10-14,34.682,34.8085,34.03,34.1079,1647407
2015-10-15,34.176,34.7209,33.8549,34.6236,1432995
2015-10-16,34.7307,35.0518,34.4193,34.8183,1754319
2015-10-19,34.7307,35.2562,34.6334,35.2562,3685845
2015-10-20,35.1394,35.5384,35.0615,35.3437,2635777
2015-10-21,35.5578,35.6162,34.8377,34.935,2886412
2015-10-22,35.0615,35.9568,35.0323,35.1199,3696278
2015-10-23,35.5189,36.2682,35.2075,36.1125,2732645
2015-10-26,35.986,36.1125,35.6999,35.84,1948411
2015-10-27,35.6843,36.0639,35.4848,36.0541,2557172
2015-10-28,36.0639,36.5991,35.7816,36.5115,1780126
2015-10-29,36.4628,36.7548,36.2779,36.6867,1352267
2015-10-30,36.7061,37.0759,36.6672,36.745,2194619
2015-11-02,36.8521,37.5819,36.784,37.5527,1810869
2015-11-03,37.2803,37.4846,37.1343,37.2413,1485779
2015-11-04,37.2997,37.4457,36.9786,37.3094,1569620
2015-11-05,37.2413,37.4651,36.9105,37.2705,1419963
2015-11-06,37.0759,37.4068,36.9591,37.1148,1964478
2015-11-09,37.0175,37.0564,36.4726,36.9007,3109588
2015-11-10,36.8715,37.1489,36.6769,36.9591,4339800
2015-11-11,37.1343,37.1927,36.638,36.6477,1969168
2015-11-12,36.3558,36.7548,36.239,36.4823,3096336
2015-11-13,36.385,36.5601,35.6454,35.7816,3335092
2015-11-16,35.7622,36.4823,35.6162,36.3266,2490208
2015-11-17,35.5189,37.4651,35.5189,37.3484,7679493
2015-11-18,37.397,38.302,37.3289,38.2826,6589609
2015-11-19,38.1074,38.628,37.2803,37.4651,7275136
2015-11-20,37.7376,38.2972,37.4846,38.2242,5447723
2015-11-23,38.2339,38.9929,38.0879,38.954,6474141
2015-11-24,38.7399,39.6255,38.6621,39.5768,5669066
2015-11-25,39.499,40.3845,39.3822,40.2288,3797067
2015-11-27,40.2093,41.0657,40.0537,40.8419,1935738
2015-11-30,40.8419,40.9197,40.4916,40.6959,3208114
2015-12-01,41.0268,41.1727,39.9369,39.9563,7989220
2015-12-02,39.9661,40.3456,39.2849,39.3335,4713210
2015-12-03,39.5476,39.6449,38.8762,39.0708,3314529
2015-12-04,39.1486,40.0974,39.0513,39.9953,2519309
2015-12-07,39.8201,39.9953,39.4503,39.606,2004492
2015-12-08,39.5184,40.1704,39.3335,40.0634,4331832
2015-12-09,40.1412,40.6764,39.8128,39.8785,4133291
2015-12-10,39.859,40.5402,39.5574,40.1412,3709240
2015-12-11,39.6547,39.6547,38.9783,39.1097,2634362
2015-12-14,39.1389,39.4503,38.8275,39.1681,2310538
2015-12-15,39.6547,39.9953,39.4698,39.7131,2195375
2015-12-16,39.9077,40.4526,39.5768,40.3164,2582642
2015-12-17,40.4332,40.511,39.6741,39.6839,2218837
2015-12-18,39.4698,39.6156,39.0027,39.0221,3364796
2015-12-21,39.4211,40.0147,39.353,39.7325,1735159
2015-12-22,39.9077,40.2191,39.6206,40.112,1643172
2015-12-23,40.5013,40.7348,40.2775,40.6473,1510716
2015-12-24,40.6667,41.1241,40.5499,41.0073,874549
2015-12-28,40.8905,40.9489,40.404,40.657,1458242
2015-12-29,40.9489,41.3382,40.7933,41.2214,1757360
2015-12-30,41.2214,41.2409,40.8808,41.0365,834358
2015-12-31,40.8853,41.3244,40.7047,40.7974,1450968
2016-01-04,40.0656,40.1924,39.363,39.7046,3287335
2016-01-05,39.7436,39.9583,39.363,39.5679,2587246
2016-01-06,39.2655,39.9973,39.0801,39.7436,2103619
2016-01-07,39.1679,39.1776,37.8701,38.0555,3504314
2016-01-08,38.2702,38.7434,37.5334,37.6554,3736768
2016-01-11,37.7725,37.9579,36.504,37.0212,2818611
2016-01-12,37.4993,37.6457,36.7345,37.2651,1989379
2016-01-13,37.4212,37.5383,35.8258,35.9673,4206638
2016-01-14,36.0454,36.9625,35.6648,36.6991,2893372
2016-01-15,35.7819,36.6504,35.6648,36.2113,2994386
2016-01-19,36.7284,37.0016,35.899,36.2991,2506559
2016-01-20,35.7917,36.6991,35.255,36.3576,2469088
2016-01-21,36.4454,36.9138,35.9185,36.3284,2298372
2016-01-22,36.9919,37.2553,36.6699,37.0602,1834467
2016-01-25,36.4942,37.109,36.4942,36.6991,1831240
2016-01-26,36.9724,37.0407,36.4552,36.6016,1755032
2016-01-27,36.4845,37.0016,35.9185,36.1527,1479446
2016-01-28,36.3674,36.3674,35.1379,35.2355,3479452
2016-01-29,35.5575,36.7772,35.4306,36.7382,2959863
2016-02-01,36.465,37.026,36.1039,36.7772,2666567
2016-02-02,36.2796,36.6406,36.0551,36.1722,1742325
2016-02-03,36.3674,36.4552,35.4111,36.2893,2128426
2016-02-04,36.2503,36.8748,36.0746,36.5138,2833492
2016-02-05,36.3576,36.4064,34.9623,35.1672,4424609
2016-02-08,34.7476,34.9135,33.5571,33.9572,3888601
2016-02-09,33.3815,34.9037,33.3229,34.5134,3464464
2016-02-10,34.7671,35.8405,34.6695,34.9818,3169951
2016-02-11,34.2695,34.7476,34.0889,34.4744,3224004
2016-02-12,34.972,35.3526,34.6598,35.3428,3923627
2016-02-16,35.8307,36.2698,35.5185,36.182,2903649
2016-02-17,34.367,37.2066,33.9084,36.9529,5382312
2016-02-18,36.8162,37.0407,36.1917,36.2893,2231481
2016-02-19,36.0844,36.6894,35.9576,36.5333,2339426
2016-02-22,36.9626,37.2651,36.865,37.109,1792962
2016-02-23,36.7284,37.0407,36.0551,36.2698,1282290
2016-02-24,35.7624,36.5918,35.5868,36.5723,1454952
2016-02-25,36.7089,36.7967,36.0649,36.7187,1453515
2016-02-26,36.8358,37.0016,36.5333,36.6796,944266
2016-02-29,36.6796,36.787,36.4259,36.4454,2187500
2016-03-01,36.7187,37.7237,36.6991,37.6554,2760200
2016-03-02,37.5578,38.3189,37.4798,38.0945,3612508
2016-03-03,37.9774,38.2799,37.8018,38.2506,946823
2016-03-04,38.1921,38.6214,38.0848,38.3873,1124968
2016-03-07,38.0945,38.719,38.0165,38.4751,1221574
2016-03-08,38.0262,38.1823,37.0895,37.1675,1801486
2016-03-09,37.3822,37.47,37.0407,37.2066,1614633
2016-03-10,37.2456,37.5774,36.7089,37.0602,1614998
2016-03-11,37.4993,38.3209,37.392,38.2799,1517348
2016-03-14,38.036,38.2214,37.4798,38.075,929638
2016-03-15,37.6554,37.7725,37.1578,37.3627,1059439
2016-03-16,37.1675,38.1579,37.0992,38.036,1956125
2016-03-17,38.114,38.4848,37.6554,38.3385,1895669
2016-03-18,38.3775,39.4996,38.3189,39.2167,2504361
2016-03-21,39.0996,39.1679,38.68,38.6897,2172615
2016-03-22,38.6019,39.0703,38.4897,38.9142,1552312
2016-03-23,38.9337,39.0215,38.4165,38.5141,1554822
2016-03-24,38.2116,38.4946,37.9481,38.4751,993627
2016-03-28,38.5824,38.7873,38.1921,38.5629,1272724
2016-03-29,38.397,39.2459,38.1628,39.1874,1091198
2016-03-30,39.3825,39.5972,38.9239,39.1484,783495
2016-03-31,39.041,39.1288,38.6995,38.8852,3143468
2016-04-01,38.714,39.5164,38.6552,39.4479,2857844
2016-04-04,39.4577,39.6534,38.9488,39.1543,2958061
2016-04-05,38.8803,39.0369,38.3519,38.4204,1900659
2016-04-06,38.4497,39.3892,38.3323,39.3794,1566612
2016-04-07,39.0369,39.2424,38.4106,38.6259,1373839
2016-04-08,38.8412,39.1152,38.5574,38.6944,1106293
2016-04-11,39.0075,39.1446,38.5085,38.5672,1049336
2016-04-12,38.6259,38.9733,38.4987,38.8999,992495
2016-04-13,38.6748,40.1232,38.6552,39.8198,2495340
2016-04-14,39.9862,40.2015,39.6632,39.9079,1347753
2016-04-15,39.8981,40.0742,39.7562,40.0351,1442264
2016-04-18,39.8492,40.5635,39.7415,40.4265,1536678
2016-04-19,40.2993,40.8473,40.2504,40.5146,1640774
2016-04-20,40.5342,40.7886,40.4167,40.632,1243893
2016-04-21,40.6125,41.0969,40.5342,41.0333,1670389
2016-04-22,41.0822,41.0822,40.6614,40.9061,1396272
2016-04-25,40.818,40.9648,40.6418,40.7397,1500449
2016-04-26,40.9256,40.9843,40.3776,40.4363,1868970
2016-04-27,40.4657,40.8571,40.1623,40.6908,1189462
2016-04-28,40.3678,40.8816,40.1819,40.2993,1549792
2016-04-29,40.0449,40.1623,39.399,40.0449,2028332
2016-05-02,40.3189,40.8571,40.2504,40.818,1285318
2016-05-03,40.4363,40.6027,40.0351,40.358,1333991
2016-05-04,39.9372,40.3189,39.5262,39.6534,1602991
2016-05-05,39.7709,40.1525,39.6436,40.084,1083956
2016-05-06,39.9862,40.7299,39.8492,40.544,1403483
2016-05-09,40.6223,40.8865,40.407,40.4461,1741539
2016-05-10,40.6125,41.1018,40.4657,41.1018,2094305
2016-05-11,41.2877,42.2761,41.2192,41.5519,3328961
2016-05-12,41.6792,42.0217,41.5128,41.8162,2504924
2016-05-13,41.64,42.0119,41.4834,41.7085,2430565
2016-05-16,41.6987,42.1489,41.5911,42.0217,3979321
2016-05-17,43.9985,44.3704,42.6969,43.4602,7130371
2016-05-18,43.4994,43.7832,43.0492,43.3722,3476470
2016-05-19,43.1275,43.8615,43.0345,43.607,3660160
2016-05-20,43.9006,44.2529,43.7343,43.93,2567686
2016-05-23,43.93,43.9985,43.5777,43.6168,1689755
2016-05-24,43.8028,44.3214,43.744,44.067,3236305
2016-05-25,44.1551,44.6346,44.1551,44.4486,2352424
2016-05-26,44.6052,44.6248,44.2333,44.5367,2569626
2016-05-27,44.5759,44.8694,44.3997,44.8401,1823120
2016-05-31,44.8107,45.0162,44.6003,44.9086,2256373
2016-06-01,44.7716,45.1092,44.478,44.9673,1734386
2016-06-02,44.9282,45.163,44.8401,44.9184,2209387
2016-06-03,44.752,44.8694,44.2236,44.7422,2395816
2016-06-06,44.7422,45.026,44.7422,44.8792,2359193
2016-06-07,44.8303,44.9673,44.6345,44.7716,1500872
2016-06-08,44.7716,45.1924,44.7324,45.163,1552146
2016-06-09,44.9967,45.1924,44.8988,45.1043,1204415
2016-06-10,44.752,44.8009,44.2236,44.3899,1261698
2016-06-13,44.3508,44.5465,43.9447,43.9593,1272833
2016-06-14,43.744,43.9838,43.607,43.9495,1624087
2016-06-15,44.1453,44.4095,43.9398,43.9789,2029194
2016-06-16,43.7636,44.4535,43.6315,44.3997,1784741
2016-06-17,44.4486,44.4486,43.9104,44.3899,3434813
2016-06-20,44.5954,45.3588,44.5954,45.1532,3161329
2016-06-21,45.2217,45.3392,44.7814,45.1728,2112964
2016-06-22,45.163,45.4762,44.9624,45.0456,2412064
2016-06-23,45.5055,45.6817,45.3979,45.6817,1487938
2016-06-24,43.607,44.1012,42.9807,43.1764,5263644
2016-06-27,42.6969,42.7752,41.0822,41.3562,4328364
2016-06-28,41.7575,42.188,41.2535,42.188,4300845
2016-06-29,42.6186,43.0394,42.2663,42.8241,2402578
2016-06-30,42.8585,43.5649,42.7702,43.5257,2181066
2016-07-01,43.5257,43.9574,43.4766,43.7612,1591476
2016-07-05,43.4766,43.5159,42.8094,42.9272,1813468
2016-07-06,42.829,43.7121,42.5445,43.6336,2312133
2016-07-07,43.6336,43.8985,43.3491,43.5846,1861536
2016-07-08,44.0163,44.6933,44.0163,44.6246,1838137
2016-07-11,44.7522,44.9092,44.4971,44.5461,1094683
2016-07-12,44.9092,45.7824,44.7816,45.6549,2237748
2016-07-13,45.7628,45.9394,45.4537,45.5371,1852475
2016-07-14,45.9787,46.0964,45.8119,45.9198,1192500
2016-07-15,46.0768,46.0768,45.6745,45.7922,1202638
2016-07-18,45.7236,45.9934,45.4694,45.9198,1362884
2016-07-19,45.7922,46.116,45.6156,46.0964,2583860
2016-07-20,46.0768,46.2927,45.9394,46.1259,2124914
2016-07-21,46.0964,46.2534,45.5911,45.7922,1226365
2016-07-22,45.8413,45.91,45.5469,45.7039,1512440
2016-07-25,45.6156,45.6451,45.0564,45.2722,1720649
2016-07-26,45.3409,46.067,44.9288,46.067,1792674
2016-07-27,46.116,46.5674,45.8511,46.3712,1572573
2016-07-28,46.3025,46.8519,46.1357,46.6165,1945517
2016-07-29,46.5968,47.2689,46.4693,47.2052,1881372
2016-08-01,47.2052,47.2052,46.7244,46.9697,1604639
2016-08-02,46.8127,46.8519,46.0866,46.2927,1595948
2016-08-03,46.2142,46.2927,46.0179,46.2043,1508868
2016-08-04,46.273,46.4398,45.8609,45.9492,1700182
2016-08-05,46.2142,46.6459,46.2142,46.5968,1250805
2016-08-08,46.6753,46.7734,46.2534,46.3417,1311724
2016-08-09,46.224,46.7293,46.224,46.5576,1006170
2016-08-10,46.6165,46.6851,46.3221,46.6165,754137
2016-08-11,46.7244,47.2837,46.5772,47.2248,1377024
2016-08-12,47.0678,47.2886,46.8029,47.2346,1538976
2016-08-15,47.264,47.7056,47.215,47.529,2323589
2016-08-16,47.3622,47.6271,47.212,47.372,3175994
2016-08-17,47.7154,47.7154,47.1757,47.5191,3154934
2016-08-18,45.9983,46.4496,45.2232,45.8413,4660295
2016-08-19,45.7039,46.8912,45.6941,46.7244,3340438
2016-08-22,46.7342,46.9481,46.4889,46.6851,1626833
2016-08-23,46.8323,47.1806,46.7833,46.9206,1645348
2016-08-24,46.8421,46.9206,45.753,45.8217,2634707
2016-08-25,45.7922,46.5281,45.7334,46.3712,2160074
2016-08-26,46.5183,46.8912,46.1847,46.43,1581245
2016-08-29,46.5576,46.9893,46.4202,46.7244,1332975
2016-08-30,46.7636,46.9108,46.1945,46.2534,2231203
2016-08-31,46.2338,46.3025,45.9272,46.0964,1676587
2016-09-01,46.1455,46.3319,45.9272,46.1062,1257886
2016-09-02,46.3417,46.4987,46.0081,46.116,1424454
2016-09-06,46.0179,46.224,45.8413,46.067,1460928
2016-09-07,46.1847,46.2828,45.9787,46.224,1542576
2016-09-08,46.1847,46.273,46.0572,46.1357,884738
2016-09-09,45.6353,45.6549,44.0261,44.0359,2507018
2016-09-12,43.7514,44.9484,43.6336,44.8896,1835434
2016-09-13,44.5069,44.5658,43.771,44.0555,3461832
2016-09-14,44.1635,44.2518,43.7612,44.0163,1604806
2016-09-15,44.0163,44.8209,43.9672,44.5854,1733971
2016-09-16,44.5363,44.5363,43.8985,43.9476,2592850
2016-09-19,44.0555,44.6246,44.0163,44.1046,1927900
2016-09-20,44.4774,45.0858,44.3008,44.8503,2333122
2016-09-21,45.1152,45.3801,44.5559,45.1741,1612736
2016-09-22,45.5077,45.8217,45.4194,45.7922,1307074
2016-09-23,45.5568,45.9885,45.439,45.7334,1957032
2016-09-26,45.5862,45.8904,45.2918,45.6941,2639060
2016-09-27,45.6549,45.8315,45.3605,45.8217,1587143
2016-09-28,46.0179,46.3712,45.6451,46.2927,1502533
2016-09-29,46.1651,46.381,45.2722,45.5371,1938218
2016-09-30,45.7388,46.5404,45.5421,46.3191,1754316
2016-10-03,46.0535,46.4568,46.0535,46.3683,1539625
2016-10-04,46.2995,46.5257,45.906,46.0634,1763985
2016-10-05,46.2699,46.5355,46.1593,46.3781,1432268
2016-10-06,46.2404,46.6536,46.1126,46.5257,1772801
2016-10-07,46.5552,46.7126,46.2208,46.6044,1663127
2016-10-10,46.8011,47.3618,46.7716,46.9093,1544958
2016-10-11,46.4175,46.4175,44.6765,44.942,2912537
2016-10-12,45.0306,45.065,44.6765,44.7256,1736076
2016-10-13,44.106,44.5781,44.0224,44.4207,1336023
2016-10-14,44.6371,44.8732,44.342,44.342,997137
2016-10-17,44.342,44.7256,44.2632,44.4109,1160321
2016-10-18,44.9519,45.0798,44.5289,44.6961,1949108
2016-10-19,44.6666,45.3945,44.5978,45.2666,1769090
2016-10-20,45.247,45.4585,44.9027,45.2962,1493608
2016-10-21,44.9224,44.9224,44.5486,44.824,1011340
2016-10-24,45.1289,45.1978,44.8929,45.0994,1666388
2016-10-25,44.5191,44.8437,42.4633,42.7977,3949609
2016-10-26,42.7092,43.1027,42.5322,42.66,2146178
2016-10-27,43.2502,43.4666,42.6404,42.6699,2393625
2016-10-28,42.6699,43.1518,42.4043,42.5125,1471348
2016-10-31,42.6207,42.9846,42.4731,42.8567,1556762
2016-11-01,43.0141,43.3879,42.4338,42.7781,2133116
2016-11-02,42.7584,43.0141,42.5322,42.5518,2240428
2016-11-03,42.6207,43.2797,42.4731,42.9453,2510054
2016-11-04,42.9748,44.1797,42.9748,43.5945,2220908
2016-11-07,44.2535,45.0109,44.2142,44.9617,1723957
2016-11-08,44.7355,45.2075,44.5781,44.8732,2136740
2016-11-09,44.6666,45.3355,43.7617,45.188,3501243
2016-11-10,45.8371,46.6044,45.5814,46.2601,2558722
2016-11-11,46.0044,46.1027,45.4535,45.6109,2219255
2016-11-14,45.8962,45.965,44.4404,44.5879,3443200
2016-11-15,44.5879,45.247,44.2142,44.6568,4710170
2016-11-16,45.5421,47.0175,45.3945,45.424,4026754
2016-11-17,45.4044,45.4044,44.8043,45.188,2070609
2016-11-18,45.1584,45.4437,44.2732,44.3027,3148538
2016-11-21,44.4797,44.4994,43.9191,44.2338,2540067
2016-11-22,44.2043,44.4207,43.0535,43.7322,2831226
2016-11-23,43.4568,44.0469,43.2502,43.9191,1926275
2016-11-25,44.0076,44.2683,43.8896,44.1551,877140
2016-11-28,43.7912,43.9584,42.8666,42.8863,2241795
2016-11-29,42.8863,43.8994,42.8076,43.7519,1952118
2016-11-30,44.0568,44.165,43.2207,43.26,2238575
2016-12-01,43.3584,43.3781,42.2174,42.5026,2823273
2016-12-02,42.5617,43.3682,42.5617,43.3092,2153515
2016-12-05,43.4863,43.9584,43.4863,43.801,2495020
2016-12-06,43.8502,44.165,43.4764,44.106,1136658
2016-12-07,43.8305,44.2535,43.3879,44.2535,1815238
2016-12-08,44.2535,45.0798,44.0371,45.0502,1848936
2016-12-09,45.1584,45.5617,45.0994,45.5421,1937622
2016-12-12,45.424,45.9847,45.3552,45.3847,1851517
2016-12-13,45.5519,45.847,45.4044,45.6306,1734678
2016-12-14,45.6699,46.024,45.247,45.3847,2044052
2016-12-15,45.3257,46.0044,45.1684,45.7978,1338905
2016-12-16,45.847,46.1519,45.0601,45.1584,2103155
2016-12-19,45.1388,45.4634,44.6174,44.6863,1084164
2016-12-20,45.0011,45.5519,44.7945,45.4535,1552366
2016-12-21,45.4535,45.6011,45.1093,45.2863,1652288
2016-12-22,45.1781,45.3748,45.0502,45.2175,968296
2016-12-23,45.3257,45.4732,45.1781,45.4437,727682
2016-12-27,45.6109,45.8912,45.5617,45.7486,1535489
2016-12-28,45.7486,45.9355,44.9322,44.9716,1177275
2016-12-29,45.0623,45.378,44.9538,45.0228,891398
2016-12-30,45.1412,45.2004,44.7614,44.9439,1216100
2017-01-03,45.3089,46.1178,45.1215,45.8614,1739726
2017-01-04,46.2954,46.7393,46.1831,46.4631,1821264
2017-01-05,46.4138,46.4335,45.7282,45.9107,1503763
2017-01-06,45.9995,47.42,45.9304,47.3411,2883483
2017-01-09,47.3608,47.8984,47.2572,47.489,2575328
2017-01-10,47.6863,47.8836,47.1734,47.4496,1560549
2017-01-11,47.3805,48.8109,47.3016,48.584,5624332
2017-01-12,48.2388,48.2388,47.3312,47.8639,3276952
2017-01-13,47.9428,48.1894,47.7554,48.0316,1568923
2017-01-17,47.7159,48.0563,47.5236,47.6666,1939449
2017-01-18,48.0119,48.0711,47.3509,47.5976,1523508
2017-01-19,47.3904,47.4397,46.8676,46.9958,1346142
2017-01-20,47.1832,47.2819,46.7728,46.9761,1701695
2017-01-23,46.9563,47.1832,46.5913,46.7492,2013878
2017-01-24,47.124,47.5581,46.4138,46.7097,2741915
2017-01-25,46.9563,47.7653,46.7689,47.7554,3073228
2017-01-26,47.7653,47.7751,47.2671,47.5186,1895562
2017-01-27,47.6666,48.1648,47.6469,47.9921,1527822
2017-01-30,47.8244,47.8935,46.7442,47.0254,2266487
2017-01-31,47.3904,48.4804,47.3608,48.3078,2552612
2017-02-01,48.2684,49.1365,48.0217,48.5939,2244604
2017-02-02,48.219,48.3374,47.8146,48.2388,1352525
2017-02-03,48.4262,48.8011,48.3966,48.7123,1191855
2017-02-06,48.4657,48.7123,48.298,48.6038,952095
2017-02-07,48.7517,49.1069,48.5939,48.9688,2170720
2017-02-08,48.7024,49.3535,48.5643,49.2548,2107079
2017-02-09,49.4225,50.1131,49.3239,49.7875,2557747
2017-02-10,49.827,49.9059,49.3436,49.679,2092479
2017-02-13,49.9454,50.2019,49.7382,49.8369,1568350
2017-02-14,49.5606,49.9947,49.4127,49.7086,3546878
2017-02-15,50.4485,51.139,49.9355,50.922,5724488
2017-02-16,50.9812,50.9812,49.8763,50.1525,2550439
2017-02-17,49.9651,50.9417,49.896,50.9318,2195788
2017-02-21,50.9614,51.0995,50.4781,50.6556,2036993
2017-02-22,50.6162,51.0236,50.4978,50.6458,1632886
2017-02-23,50.7444,50.9023,50.5077,50.774,1006867
2017-02-24,50.6852,51.1291,50.6359,51.0404,1612698
2017-02-27,51.0404,51.2377,50.7641,50.9614,1195138
2017-02-28,50.8233,50.9516,50.5373,50.6063,1417772
2017-03-01,50.922,51.5533,50.922,51.3363,2026600
2017-03-02,51.3363,51.3758,50.6359,50.6852,1706500
2017-03-03,50.6852,51.3363,50.4583,51.2771,1824423
2017-03-06,50.9417,51.1193,50.483,50.557,1884477
2017-03-07,50.3696,50.7493,50.1723,50.5175,2233561
2017-03-08,50.5669,50.8677,50.261,50.7148,1517642
2017-03-09,50.7247,50.8825,50.4386,50.7346,1259407
2017-03-10,50.991,51.647,50.7839,51.4448,1860508
2017-03-13,51.435,51.7506,51.287,51.7408,1376191
2017-03-14,51.5336,51.5533,51.2574,51.504,1203368
2017-03-15,52.5891,54.0787,52.303,53.3684,4117983
2017-03-16,52.7075,53.3191,52.1156,52.3326,2676915
2017-03-17,52.3425,52.8062,52.2044,52.5891,1936902
2017-03-20,52.6089,52.9048,52.2833,52.4313,1221409
2017-03-21,52.5595,53.0069,51.7704,51.9479,1492698
2017-03-22,52.0762,52.747,51.9381,52.4116,1257072
2017-03-23,52.3228,53.0528,52.0071,52.4609,1717929
2017-03-24,53.3191,53.3191,52.1255,52.3622,2015289
2017-03-27,51.8887,52.6187,51.7112,52.5201,1446568
2017-03-28,52.5694,52.8851,52.377,52.7174,1312688
2017-03-29,52.5398,52.6976,52.0663,52.4017,1469882
2017-03-30,52.3425,52.7026,52.1847,52.599,1627592
2017-03-31,52.4823,52.6405,52.2252,52.2845,1705625
2017-04-03,52.3142,52.6208,52.1461,52.6109,1550227
2017-04-04,52.6109,52.6504,51.8989,52.0373,2017094
2017-04-05,52.1362,52.6307,52.1115,52.1263,1778251
2017-04-06,52.1164,52.6405,51.6813,52.5614,1548170
2017-04-07,52.4823,52.4823,52.1164,52.2549,1243550
2017-04-10,52.3142,52.6702,52.0966,52.1362,1025248
2017-04-11,52.1164,52.3142,51.7901,52.245,1520703
2017-04-12,52.2648,52.4428,51.889,51.9681,1258152
2017-04-13,51.8494,52.156,51.7307,51.7505,863990
2017-04-17,52.0472,53.1103,51.8494,52.868,1569436
2017-04-18,52.4329,53.0065,52.0966,52.4428,1241164
2017-04-19,52.7592,52.8284,52.3636,52.4823,2096351
2017-04-20,52.7394,52.8087,52.2054,52.5417,1569985
2017-04-21,52.6702,52.7988,52.2548,52.6801,2189351
2017-04-24,53.3328,53.9212,53.313,53.8372,2257682
2017-04-25,54.1437,54.5788,53.9064,54.2031,2181857
2017-04-26,54.3909,54.7173,54.1981,54.2228,1834961
2017-04-27,54.3217,54.8904,54.2228,54.8162,1529024
2017-04-28,54.6975,54.7371,54.2278,54.4404,3078163
2017-05-01,54.8854,55.37,54.747,55.1821,1897018
2017-05-02,55.2315,55.3502,54.8953,55.3107,1693069
2017-05-03,55.0634,55.6345,54.9942,55.5381,1702565
2017-05-04,55.5777,56.1216,55.5381,56.0721,2615560
2017-05-05,56.2205,56.3292,55.9633,56.0128,1571536
2017-05-08,56.0227,56.1908,55.3107,55.6963,2189984
2017-05-09,55.7952,56.26,55.6667,56.2402,1559975
2017-05-10,56.2205,56.3095,55.459,55.6469,1566289
2017-05-11,55.5084,55.7557,55.1821,55.6073,1347633
2017-05-12,55.5381,55.7754,55.3403,55.5381,1578292
2017-05-15,55.4491,56.1315,55.3898,56.0721,1472226
2017-05-16,57.7335,57.7335,55.8249,56.2007,1032600
2017-05-17,55.6864,55.7458,55.0535,55.1524,1839737
2017-05-18,55.281,55.6469,54.9843,55.2315,1934996
2017-05-19,55.4689,55.6963,55.2414,55.5084,1654441
2017-05-22,55.8941,55.8941,55.2315,55.459,4264780
2017-05-23,59.1378,59.3158,57.3577,58.0104,7510578
2017-05-24,57.8522,58.6829,57.4294,58.5741,4105470
2017-05-25,58.8708,59.0389,58.2675,58.6433,2772812
2017-05-26,58.5741,59.0587,58.3872,58.851,1535237
2017-05-30,58.8807,59.8103,58.7521,59.7015,2576416
2017-05-31,58.7917,60.1366,58.7917,59.6718,2552411
2017-06-01,59.3455,60.0971,59.1477,60.0575,2100441
2017-06-02,60.1267,60.4728,60.0872,60.1366,1666245
2017-06-05,60.1267,60.1663,59.6619,59.7312,1473282
2017-06-06,59.474,59.8745,59.4345,59.4345,1968022
2017-06-07,59.5927,60.0921,59.3158,59.9586,1617604
2017-06-08,59.9487,60.0526,59.0488,59.4839,3486602
2017-06-09,59.6421,59.7806,58.4752,58.5543,2352814
2017-06-12,58.4851,58.7521,57.2786,58.3368,2579658
2017-06-13,58.4159,58.9796,58.2774,58.6236,1527210
2017-06-14,58.8807,59.118,58.3961,58.7224,1203468
2017-06-15,58.5642,58.6334,58.1686,58.5543,1092596
2017-06-16,58.7126,59.1279,58.5791,58.851,2157514
2017-06-19,58.9202,59.9982,58.9202,59.8795,2383659
2017-06-20,59.8795,60.2454,59.6273,59.6619,1821710
2017-06-21,59.6421,59.8597,59.0092,59.1279,2247944
2017-06-22,59.2762,60.1267,58.9499,59.9388,3473861
2017-06-23,59.919,59.919,58.8412,59.1081,2879785
2017-06-26,59.1279,59.2861,58.495,58.584,1535542
2017-06-27,58.4752,58.9103,58.1884,58.228,1060391
2017-06-28,58.6137,59.0389,58.5444,58.7422,1191537
2017-06-29,58.8235,59.101,57.9711,58.2784,1357538
2017-06-30,58.4766,59.0415,58.3131,58.7838,1593786
2017-07-03,59.0614,59.4479,58.6054,58.6054,1489574
2017-07-05,58.6649,59.5173,58.6649,59.2398,1638980
2017-07-06,58.9325,59.2398,58.546,58.6946,2249516
2017-07-07,59.0019,59.5371,58.8037,59.101,965439
2017-07-10,58.9523,59.5123,58.8532,59.329,1146033
2017-07-11,59.4578,59.6263,58.9325,59.2695,2976519
2017-07-12,59.7948,60.4489,59.6263,60.1912,1439395
2017-07-13,60.7066,60.7661,60.1318,60.6472,2060109
2017-07-14,60.7364,61.108,60.3746,60.9742,1286073
2017-07-17,61.0535,61.2914,60.8553,61.004,1332751
2017-07-18,60.885,60.9941,60.4093,60.667,1520122
2017-07-19,60.776,61.0932,60.6273,60.8355,1512177
2017-07-20,60.9049,61.004,60.2705,60.439,2009405
2017-07-21,60.2904,61.0535,60.221,60.8256,1283236
2017-07-24,60.8355,61.0337,60.7066,60.9544,973808
2017-07-25,61.0238,61.113,59.8443,60.0029,1691988
2017-07-26,60.0426,60.2705,58.8631,59.1902,2520698
2017-07-27,59.2893,59.7056,59.0713,59.3785,1944962
2017-07-28,59.3785,59.6957,59.0812,59.547,1236434
2017-07-31,59.7849,60.0822,59.2298,59.2596,1043729
2017-08-01,59.5074,59.755,59.2744,59.4083,1324251
2017-08-02,59.4677,59.7948,58.992,59.6659,1121566
2017-08-03,59.6164,59.9038,59.438,59.8344,983246
2017-08-04,59.9831,60.2012,59.4776,59.5966,778762
2017-08-07,59.6263,60.3498,59.4727,60.33,975738
2017-08-08,60.1318,60.439,59.547,59.6065,1162440
2017-08-09,59.5371,59.6957,58.8532,59.1506,1965048
2017-08-10,58.8235,58.9722,57.7035,58.0504,2471473
2017-08-11,58.1793,59.1704,58.1693,58.8037,1511552
2017-08-14,59.2695,59.5074,59.0217,59.0911,2409765
2017-08-15,59.1704,59.3488,58.5856,58.8532,2933295
2017-08-16,61.5986,61.8662,60.221,61.5887,6892023
2017-08-17,61.45,61.5194,60.2408,60.3201,3501640
2017-08-18,60.221,61.1725,59.7452,60.7066,2357872
2017-08-21,60.548,61.45,60.4192,61.1923,1486144
2017-08-22,61.3211,62.4609,61.3013,62.4015,1666369
2017-08-23,62.1636,62.8029,62.0447,62.2131,1445677
2017-08-24,62.3123,62.5898,61.7969,62.1239,1584503
2017-08-25,62.5006,62.5799,62.114,62.342,1352761
2017-08-28,62.5402,63.011,62.4114,62.897,1290434
2017-08-29,62.4807,63.0655,62.4619,62.9268,1206649
2017-08-30,62.8376,63.3629,62.8276,63.3331,1072530
2017-08-31,63.4322,64.2549,63.3331,64.1458,1930071
2017-09-01,64.3242,64.6018,63.6404,63.8089,1224667
2017-09-05,63.4521,63.908,63.2439,63.7197,910613
2017-09-06,63.9873,64.235,63.4818,64.1359,974511
2017-09-07,64.2747,64.6662,63.9179,64.5621,1075757
2017-09-08,64.572,65.0973,64.2549,64.4432,1588439
2017-09-11,64.9189,65.6821,64.8,65.5235,1770025
2017-09-12,65.6821,65.8308,65.3055,65.5532,1082149
2017-09-13,65.3253,65.6325,64.8297,64.8595,2042563
2017-09-14,64.7306,65.2856,64.5819,65.0973,1481022
2017-09-15,65.0973,65.5433,65.0379,65.3748,2295974
2017-09-18,65.5037,65.7118,65.1172,65.4938,1562007
2017-09-19,65.6623,65.8605,65.4145,65.583,1238004
2017-09-20,65.7217,65.7713,65.1865,65.5037,1186007
2017-09-21,65.2956,65.5532,65.0478,65.3352,874785
2017-09-22,65.2658,65.6821,65.1271,65.1964,1296244
2017-09-25,65.2163,65.3154,63.8683,64.1558,1841833
2017-09-26,64.0765,64.3242,63.343,63.5413,1615338
2017-09-27,63.6998,64.0864,63.4818,63.8188,1272526
2017-09-28,63.68,64.0467,63.4025,63.4124,1126243
2017-09-29,63.4322,63.7048,63.1547,63.6305,1672816
2017-10-02,63.8509,64.6256,63.7715,64.427,1693854
2017-10-03,64.6157,65.3308,64.6157,64.7051,1216981
2017-10-04,64.7051,65.4201,64.7051,65.3804,745628
2017-10-05,65.4003,65.5393,65.0725,65.2513,1974081
2017-10-06,65.2314,65.9267,65.2116,65.9068,1405100
2017-10-09,66.0359,66.314,65.5691,66.1054,1542307
2017-10-10,66.2246,66.4034,65.7678,66.1452,1143075
2017-10-11,66.2246,66.5126,65.8869,66.165,1794800
2017-10-12,66.1948,67.1383,66.0856,67.0787,1454994
2017-10-13,67.1681,67.3568,66.4332,66.5325,943164
2017-10-16,66.7411,66.9099,66.314,66.453,1473459
2017-10-17,66.2246,66.2246,65.5393,65.6684,1711833
2017-10-18,65.9267,66.1303,65.6188,65.9863,1150468
2017-10-19,65.9863,66.5176,65.6088,66.4232,1359119
2017-10-20,66.7311,67.0688,66.612,66.7907,1506112
2017-10-23,66.9894,67.2178,66.4729,66.5623,1267570
2017-10-24,66.8503,67.0887,66.4232,66.8602,1975704
2017-10-25,67.4363,68.052,66.5722,66.9298,1590537
2017-10-26,67.0688,67.3668,66.7411,67.2476,1418152
2017-10-27,67.3469,67.5455,66.9496,67.5058,1440996
2017-10-30,67.337,67.4661,66.6417,67.0291,846605
2017-10-31,67.2774,67.7044,67.0787,67.5654,1614432
2017-11-01,67.7342,67.9726,67.3767,67.5555,1357998
2017-11-02,67.6151,67.913,67.3469,67.6647,1856865
2017-11-03,67.625,68.201,67.5455,67.9031,1072288
2017-11-06,67.8038,67.9825,67.4065,67.7541,995731
2017-11-07,67.8534,68.1712,67.5753,67.7839,956466
2017-11-08,67.6349,67.8633,67.3082,67.6448,977616
2017-11-09,67.4561,67.5157,66.453,67.0092,1665042
2017-11-10,68.7473,69.0154,68.6976,68.8367,1439275
2017-11-13,65.9962,66.9298,65.7976,66.6715,1536388
2017-11-14,66.5226,67.337,66.4332,66.9993,2426247
2017-11-15,66.8304,67.0986,66.453,66.8503,2042296
2017-11-16,67.039,68.4791,66.9894,68.2705,2300408
2017-11-17,68.062,68.6182,67.8236,68.3202,1823122
2017-11-20,68.8069,69.7504,68.4791,69.4822,4143453
2017-11-21,69.5716,70.3264,67.2376,69.4326,5330554
2017-11-22,68.6678,68.8962,67.8336,68.2209,3041728
2017-11-24,68.3699,68.9161,68.3103,68.8863,1015411
2017-11-27,68.7473,69.0154,68.6976,68.8367,1439275
2017-11-28,69.0849,70.4456,68.9459,70.1079,2473433
2017-11-29,70.0185,70.3562,67.9825,68.2209,1904175
2017-11-30,68.499,69.1147,67.7442,68.7671,1922514
2017-12-01,68.7175,69.5219,66.7709,68.2209,2516564
2017-12-04,68.4692,68.6976,65.728,65.7876,2899424
2017-12-05,65.7479,66.5424,65.2811,65.3804,2383974
2017-12-06,65.4301,65.7976,65.153,65.44,1690108
2017-12-07,65.4599,66.4243,65.3208,66.2544,2294513
2017-12-08,66.4828,67.0855,66.1971,66.9198,2195577
2017-12-11,66.9695,67.2873,66.026,66.5424,2438556
2017-12-12,66.5424,66.7013,66.0458,66.602,2180984
2017-12-13,66.7709,67.1979,66.1849,66.2246,1684618
2017-12-14,66.4729,66.6318,65.9167,66.0558,1774564
2017-12-15,66.4232,67.3966,66.2345,67.1483,2871925
2017-12-18,67.774,68.0421,67.0192,67.1979,2306264
2017-12-19,67.2476,67.5853,67.0291,67.2873,1469439
2017-12-20,67.5753,67.6746,66.7013,66.9397,1363529
2017-12-21,67.1185,67.4065,66.8085,67.0589,1502218
2017-12-22,66.9993,67.0786,66.4034,66.89,1221315
2017-12-26,66.8503,66.9894,66.5921,66.7907,532863
2017-12-27,66.751,66.9993,66.6914,66.8404,1038585
2017-12-28,66.9794,67.0192,66.5623,66.9894,607022
2017-12-29,67.1874,67.2671,66.6201,66.6599,1064895
2018-01-02,67.1078,67.5756,67.0282,67.287,1047830
2018-01-03,67.3069,69.1682,67.287,68.999,1698899
2018-01-04,69.218,69.4967,68.4615,68.4814,2231534
2018-01-05,68.4117,69.7754,68.4117,69.5763,1632512
2018-01-08,69.4071,70.0043,69.223,69.7256,1613911
2018-01-09,70.3527,71.9951,69.8451,71.4377,2666711
2018-01-10,71.1191,71.1191,69.7853,70.4622,2957184
2018-01-11,70.5916,70.8504,69.9745,70.4722,1511134
2018-01-12,70.4025,71.5272,70.1735,71.3978,1448155
2018-01-16,71.6865,72.1344,70.7309,70.9002,1703398
2018-01-17,71.3879,71.9752,71.2585,71.7263,1824511
2018-01-18,71.8657,72.1643,71.3381,71.8557,1828309
2018-01-19,72.1444,72.876,71.7263,72.7316,2266103
2018-01-22,72.8312,73.2094,72.2638,73.1397,1963669
2018-01-23,73.7071,73.732,72.9108,73.0999,1213446
2018-01-24,73.3189,73.518,72.7117,73.2393,1754331
2018-01-25,73.8265,74.1451,73.309,73.518,1664109
2018-01-26,73.9559,74.4835,73.2492,74.4735,2386914
2018-01-29,74.1351,74.6527,73.9559,74.1849,1321854
2018-01-30,73.6474,73.737,72.5923,72.652,1816966
2018-01-31,73.4284,74.0455,72.9009,73.09,2032808
2018-02-01,72.8411,73.4384,72.1742,72.4928,2008177
2018-02-02,71.9851,72.4231,70.8902,70.9201,1955697
2018-02-05,70.5319,71.149,67.8643,67.9041,2860726
2018-02-06,66.6499,68.5113,65.8238,68.133,4121239
2018-02-07,67.8742,68.7651,67.5906,67.7448,1988391
2018-02-08,67.7747,67.8444,64.7289,64.7488,4163352
2018-02-09,66.0925,67.2173,64.9877,66.6698,4516960
2018-02-12,67.1476,68.7303,67.058,68.1131,4227645
2018-02-13,67.6553,68.1728,67.3467,68.0235,1825531
2018-02-14,67.486,69.5664,67.3069,69.3772,3637770
2018-02-15,74.593,74.6427,70.8902,71.6865,4899109
2018-02-16,71.6367,72.3634,71.2891,71.6367,2887139
2018-02-20,71.1689,71.5173,70.3726,70.7509,2580405
2018-02-21,70.7907,72.3634,70.6414,70.9201,1995589
2018-02-22,71.3879,71.4277,70.1835,70.3527,2403351
2018-02-23,70.8205,71.0395,69.7356,70.3726,4226987
2018-02-26,70.6712,70.8803,69.6858,70.2532,5947419
2018-02-27,70.4224,70.5916,68.6805,68.6805,3370532
2018-02-28,69.0985,69.6759,68.2525,68.2724,3289162
2018-03-01,68.1529,68.4814,66.4807,67.068,2401795
2018-03-02,66.5106,67.3666,66.3414,67.1974,2057260
2018-03-05,66.9386,67.5358,66.202,67.2372,1890858
2018-03-06,67.4661,68.1032,67.1377,67.7946,2944632
2018-03-07,67.0481,69.5315,66.9884,69.3772,3125788
2018-03-08,69.3972,69.9446,68.8696,69.5266,2453402
2018-03-09,69.9446,71.1689,69.6759,70.8006,2061190
2018-03-12,70.8703,71.1988,70.3428,70.3826,2049403
2018-03-13,70.6712,71.1888,70.0939,70.3527,1728144
2018-03-14,70.7409,70.8305,69.368,69.5962,1866288
2018-03-15,69.7654,70.3328,69.5465,69.855,2530377
2018-03-16,69.5962,70.0143,68.7303,69.5763,3378129
2018-03-19,69.4668,69.9844,68.7402,69.0189,2639402
2018-03-20,69.4469,69.7455,69.1284,69.5266,2379124
2018-03-21,69.5564,69.7654,69.0388,69.0786,1583159
2018-03-22,68.3819,68.8796,67.0182,67.1576,1689996
2018-03-23,67.2671,67.8344,65.6347,65.7541,2594081
2018-03-26,66.8888,67.9688,66.3463,67.8842,2263757
2018-03-27,68.1629,68.3122,66.2319,66.6897,2104527
2018-03-28,66.9087,67.068,65.5053,66.0925,2267763
2018-03-29,66.4409,67.2671,65.8039,66.5902,2711285
2018-04-02,66.4894,66.8087,63.5765,64.2748,3085753
2018-04-03,64.7836,65.7213,64.4643,65.2624,2286132
2018-04-04,63.9955,65.4869,63.4917,65.2923,5084054
2018-04-05,65.6614,66.1503,65.3422,65.5218,2120181
2018-04-06,64.8534,65.4021,63.2273,63.4967,3578587
2018-04-09,64.7636,66.0904,63.9256,65.033,2639750
2018-04-10,65.9807,66.6291,65.7412,66.4795,2120887
2018-04-11,65.8211,66.4396,65.6614,65.9208,1391380
2018-04-12,66.3997,67.4771,66.2934,67.0381,2180892
2018-04-13,67.3374,67.507,66.7189,67.0481,2043908
2018-04-16,67.6666,68.2053,67.3274,68.0058,2887820
2018-04-17,68.4347,68.6841,67.906,68.2751,2682621
2018-04-18,68.9535,70.1207,68.4846,69.3825,2678311
2018-04-19,69.3126,69.4224,67.1977,67.8063,2435090
2018-04-20,67.8761,68.0956,67.1578,67.3873,1917243
2018-04-23,67.5469,68.5046,67.3673,67.906,2260555
2018-04-24,66.2301,67.7414,65.8809,66.4795,3701595
2018-04-25,66.5293,66.9184,64.7536,65.6415,3873833
2018-04-26,66.0605,66.5992,65.7363,66.2101,1978569
2018-04-27,66.1802,66.3997,65.8011,66.1203,1189195
2018-04-30,66.3298,66.4994,65.5717,65.5816,2277705
2018-05-01,65.4719,66.1902,65.3322,66.0804,3135146
2018-05-02,65.841,66.6989,65.6116,65.7512,2240482
2018-05-03,65.6116,66.2999,64.7038,66.1802,2365851
2018-05-04,65.8709,67.088,65.3821,66.8386,1331017
2018-05-07,66.9982,67.8162,66.9084,67.2277,1468735
2018-05-08,66.9184,67.2725,66.679,67.2077,1916103
2018-05-09,67.2177,68.2452,66.9882,67.9659,2108506
2018-05-10,67.9559,68.7141,67.9559,68.6941,1844868
2018-05-11,69.0233,69.4323,68.744,69.2827,1524184
2018-05-14,69.562,70.2803,68.8338,69.0433,3322635
2018-05-15,61.691,63.9456,60.5538,62.3494,14451191
2018-05-16,62.3594,62.8366,61.5015,61.7908,5872508
2018-05-17,61.8307,63.7515,61.6112,63.4368,5211271
2018-05-18,63.4767,64.4443,63.358,64.1651,4163534
2018-05-21,64.594,65.831,64.5242,65.3921,4527295
2018-05-22,65.4619,65.7313,64.5292,64.6838,3415571
2018-05-23,64.0553,64.8434,64.0553,64.3745,3222446
2018-05-24,64.4643,64.8434,63.9157,63.9655,1525894
2018-05-25,63.786,63.9556,62.6886,62.9979,1742002
2018-05-29,62.4791,62.519,61.1523,61.701,3559198
2018-05-30,62.0901,62.9081,61.8457,62.539,1731482
2018-05-31,62.4991,62.6786,61.701,61.7708,2510357
2018-06-01,62.3195,63.0777,62.2896,62.6288,2277946
2018-06-04,63.0178,63.357,62.6088,63.2273,1958048
2018-06-05,63.3071,63.7161,62.938,63.367,1889520
2018-06-06,63.5964,65.033,62.9081,65.033,3177630
2018-06-07,65.2524,65.9308,64.6439,65.0729,2977186
2018-06-08,65.1926,66.2101,64.9931,65.5717,3853848
2018-06-11,65.5218,66.5892,65.432,65.9707,3316711
2018-06-12,65.8111,66.3897,65.4719,66.1602,2006950
2018-06-13,66.4396,66.5194,65.8111,66.1004,4357708
2018-06-14,66.2899,66.2899,65.5517,66.1503,3487894
2018-06-15,65.9507,66.0804,65.033,65.9707,4113230
2018-06-18,65.3223,65.3821,64.3745,64.8135,2563129
2018-06-19,64.0653,64.2947,63.0478,63.367,4621382
2018-06-20,63.3869,63.4159,62.4791,62.6387,4942091
2018-06-21,62.6587,63.0677,62.12,62.8881,4319387
2018-06-22,63.4268,63.5366,62.5789,62.6387,3621863
2018-06-25,62.3095,62.539,60.6535,61.0526,2426792
2018-06-26,61.0825,62.1699,60.873,61.8307,3655622
2018-06-27,62.11,62.8482,60.9528,60.9927,2025823
2018-06-28,60.9827,61.4915,60.2744,61.1424,1564067
2018-06-29,61.5314,62.3145,61.4217,61.691,1942768
2018-07-02,61.36,61.48,60.79,61.47,1526468
2018-07-03,61.93,62.09,61.06,61.25,864379
2018-07-05,61.48,61.89,60.91,61.8,2247532
2018-07-06,61.92,62.4,61.65,62.29,2269660
2018-07-09,62.43,63.315,62.43,63.12,1508550
2018-07-10,63.37,63.74,63.07,63.67,1924366
2018-07-11,62.59,63.28,62.59,62.86,1780485
2018-07-12,63.33,63.78,63.29,63.45,1748125
2018-07-13,63.52,63.83,63.21,63.38,963652
2018-07-16,63.23,63.23,62.63,62.72,929264
2018-07-17,62.52,63.26,62.15,63.04,1469834
2018-07-18,63.03,63.23,62.75,62.99,1202284
2018-07-19,63.61,64.65,63.4,64.15,1726698
2018-07-20,63.83,64.33,63.68,63.85,1620195
2018-07-23,63.7,64.0,63.37,63.72,1417517
2018-07-24,63.94,65.35,63.69,64.79,2454398
2018-07-25,65.14,66.04,64.84,65.96,2924515
2018-07-26,66.0,66.83,65.82,66.75,2583476
2018-07-27,66.65,66.77,65.36,65.75,2638902
2018-07-30,65.87,66.07,64.51,64.63,1601219
2018-07-31,64.93,66.685,64.535,66.04,2539265
2018-08-01,65.84,66.17,64.63,64.98,2679180
2018-08-02,64.75,65.39,64.5,65.29,2263190
2018-08-03,65.5,65.79,64.96,65.73,1857308
2018-08-06,65.7,66.66,65.33,66.51,2873080
2018-08-07,66.83,67.94,66.63,67.66,2829039
2018-08-08,67.74,68.15,67.34,67.38,1682000
2018-08-09,67.48,67.62,66.61,66.69,1727776
2018-08-10,66.82,66.87,65.93,66.26,2166251
2018-08-13,66.44,66.99,65.67,65.94,2989306
2018-08-14,66.05,67.26,66.05,66.75,3110109
2018-08-15,65.94,66.39,64.22,64.73,6071456
2018-08-16,65.04,65.67,64.81,65.5,3149532
2018-08-17,65.48,65.48,64.28,64.66,2449200
2018-08-20,64.57,65.11,64.46,64.47,1619930
2018-08-21,64.74,65.4,64.62,64.93,2982791
2018-08-22,64.74,65.87,64.55,65.65,2565558
2018-08-23,65.69,65.99,65.53,65.69,2287703
2018-08-24,65.74,66.26,65.59,65.98,1904191
2018-08-27,66.33,66.35,65.86,66.08,1158772
2018-08-28,66.41,67.3,66.35,66.69,2284317
2018-08-29,66.69,67.28,66.4,67.01,1852130
2018-08-30,67.0,67.65,66.86,67.26,2246705
2018-08-31,67.14,67.55,67.05,67.54,1582405
2018-09-04,67.34,67.56,66.85,67.27,1727990
2018-09-05,67.28,67.4,66.76,66.96,1859604
2018-09-06,67.0,67.55,66.83,67.36,1031539
2018-09-07,67.15,67.83,67.03,67.4,1585499
2018-09-10,67.82,68.41,67.72,67.93,2065707
2018-09-11,67.7,68.06,67.49,67.62,1676778
2018-09-12,67.6,68.005,67.25,67.91,1125411
2018-09-13,68.1,69.66,67.99,69.33,2495037
