date,open,high,low,close,volume
2013-09-16,42.7919,42.8359,42.3337,42.554,1010354
2013-09-17,42.598,42.7742,42.5099,42.7214,1089164
2013-09-18,42.6685,42.7654,42.2544,42.7302,1842288
2013-09-19,42.9328,42.9504,42.5011,42.6245,1683847
2013-09-20,42.6333,42.8535,42.228,42.2853,3518318
2013-09-23,42.369,42.4923,41.7963,41.902,1542998
2013-09-24,41.9813,42.3336,41.7258,42.0606,1513909
2013-09-25,42.087,42.2191,41.6465,41.9196,1031651
2013-09-26,42.1839,42.1839,41.7082,41.8051,968206
2013-09-27,41.5848,41.5848,41.2677,41.3117,1957874
2013-09-30,41.021,41.8403,40.8448,41.4527,2441061
2013-10-01,41.4703,41.6818,41.1884,41.5055,1722595
2013-10-02,41.021,41.3558,40.9769,41.2324,1436823
2013-10-03,41.2236,41.2589,40.4747,40.8095,2677827
2013-10-04,40.8624,41.4174,40.7214,41.3998,1865162
2013-10-07,40.8888,41.4086,40.7655,41.0915,1474264
2013-10-08,41.0738,41.3117,40.0607,40.2633,2389154
2013-10-09,40.3778,40.5188,39.8933,40.2545,1726275
2013-10-10,40.6686,41.1531,40.5012,41.1003,1437536
2013-10-11,41.2324,41.4527,40.836,41.391,1428333
2013-10-14,41.0474,41.6862,40.8007,41.6465,1040037
2013-10-15,41.4263,41.5937,41.0562,41.1708,1660043
2013-10-16,41.0562,41.6641,40.9505,41.6201,1607336
2013-10-17,41.347,41.9549,41.1443,41.8668,1613514
2013-10-18,41.9373,41.9989,41.576,41.9901,1462007
2013-10-21,42.087,42.2588,41.7875,42.0694,1294211
2013-10-22,42.2897,42.2897,41.5848,41.9725,2200170
2013-10-23,41.6729,41.6729,40.6642,40.9505,1659344
2013-10-24,41.1179,41.3646,40.9241,41.3646,1617489
2013-10-25,41.5584,41.7699,41.0474,41.1884,1976483
2013-10-28,41.1796,41.8492,41.0122,41.8315,1602615
2013-10-29,42.2721,43.3293,41.8403,43.3205,2618466
2013-10-30,43.2676,43.5496,42.6773,42.9769,1939941
2013-10-31,43.0121,43.6465,43.0121,43.435,2107760
2013-11-01,43.7698,43.8315,43.2148,43.7698,4688500
2013-11-04,43.6641,43.7698,43.1795,43.3117,1762959
2013-11-05,43.0209,44.087,42.7919,43.8667,6844345
2013-11-06,44.0429,44.0958,43.6553,43.9901,1094147
2013-11-07,44.0077,44.087,43.2412,43.2941,1497779
2013-11-08,43.435,43.8843,43.0738,43.8755,1240186
2013-11-11,43.761,43.902,43.4703,43.7522,1088852
2013-11-12,43.5496,43.9901,43.4967,43.9196,1344634
2013-11-13,43.6905,44.3865,43.6288,44.3601,1514019
2013-11-14,44.3777,44.413,44.0165,44.3698,1070788
2013-11-15,44.3249,44.7478,44.0958,44.6597,1796025
2013-11-18,44.6597,44.6685,44.0694,44.1487,1780891
2013-11-19,44.2191,44.272,43.5143,43.5672,1500881
2013-11-20,43.576,43.6465,42.9945,43.2412,2245791
2013-11-21,43.5407,43.9636,43.1707,43.8491,1197015
2013-11-22,43.8491,43.9196,43.5848,43.8403,1459539
2013-11-25,43.9548,43.9636,43.3822,43.7522,1902335
2013-11-26,43.2852,44.087,43.2852,43.9813,1918468
2013-11-27,41.5848,42.7875,40.6304,42.7654,7832388
2013-11-29,42.8712,43.0033,42.4571,42.4835,1909501
2013-12-02,42.1135,42.6729,42.1135,42.6421,2629512
2013-12-03,42.6421,43.8932,42.6421,43.6641,5500689
2013-12-04,43.6108,43.7883,42.9987,43.2649,2455087
2013-12-05,43.2737,43.4423,43.0919,43.3092,2226262
2013-12-06,43.8149,43.9125,43.3979,43.7084,2217896
2013-12-09,43.9125,43.9923,43.3802,43.4778,1563320
2013-12-10,43.3358,43.6641,43.2205,43.3891,1485096
2013-12-11,43.4778,43.6552,43.1229,43.1762,1385820
2013-12-12,43.2294,43.3521,42.5907,42.6794,2107155
2013-12-13,42.9455,42.9632,42.5995,42.9455,1831764
2013-12-16,43.0253,43.327,42.9278,43.2383,1536792
2013-12-17,43.1495,43.4689,43.0644,43.4157,1420128
2013-12-18,43.3802,44.1609,43.1407,44.1609,1772516
2013-12-19,44.152,44.152,43.5487,44.0544,1589635
2013-12-20,44.0278,44.5867,43.8681,44.3649,2828366
2013-12-23,44.5601,44.9149,44.4004,44.906,1881680
2013-12-24,44.6843,45.1012,44.6665,44.9149,710024
2013-12-26,45.1012,45.1633,44.8528,45.0125,688686
2013-12-27,45.0391,45.181,44.9149,44.977,630984
2013-12-30,44.8085,45.1544,44.8085,45.1101,918351
2013-12-31,45.2431,45.4206,44.977,45.181,856980
2014-01-02,43.9302,44.1342,43.5044,43.7173,2799092
2014-01-03,43.7084,44.1697,43.5931,44.01,1644748
2014-01-06,43.7794,43.9125,43.602,43.7617,2165027
2014-01-07,43.9036,44.1609,43.7705,43.9923,1338520
2014-01-08,44.0988,44.2629,43.806,44.0988,1201573
2014-01-09,43.8681,44.0278,43.6375,43.9302,2470916
2014-01-10,43.8504,43.9923,43.5931,43.9391,2072165
2014-01-13,43.6552,43.9568,43.1673,43.3536,2989716
2014-01-14,43.4068,44.3738,43.3713,44.0988,2879927
2014-01-15,44.1342,44.6488,44.1165,44.3738,2120659
2014-01-16,44.7818,44.7996,44.1165,44.1963,2884984
2014-01-17,43.9746,44.3028,43.6508,43.806,3104289
2014-01-21,44.3117,44.4625,43.877,44.3383,2228527
2014-01-22,44.2318,44.8351,44.1431,44.6843,1659902
2014-01-23,44.5512,44.631,43.7617,43.8326,2236542
2014-01-24,43.8149,43.8149,42.7681,42.8036,2691167
2014-01-27,42.8657,43.2161,42.6794,42.7769,1888315
2014-01-28,42.7326,43.2471,42.6794,43.0342,1777446
2014-01-29,42.8657,43.3891,42.6705,42.8213,1994091
2014-01-30,43.3536,43.5754,42.9544,43.3713,1385414
2014-01-31,42.8834,43.2294,42.6439,42.8213,1927519
2014-02-03,42.7858,42.8945,41.8189,41.9253,2892213
2014-02-04,42.3156,42.36,41.8987,42.3068,2333296
2014-02-05,42.0761,42.5907,41.9298,42.4487,2589428
2014-02-06,42.5907,43.185,42.4576,42.8923,1797870
2014-02-07,43.0963,43.4423,42.8124,43.4423,1824652
2014-02-10,43.2737,43.7483,43.2471,43.6641,1458744
2014-02-11,43.7439,44.2584,43.6343,44.1342,1232444
2014-02-12,44.3205,44.5246,44.1076,44.2584,1802541
2014-02-13,44.081,44.977,44.0278,44.9681,2124684
2014-02-14,44.7286,45.2343,44.5955,45.0391,2169706
2014-02-18,44.7464,45.5448,44.7464,45.4472,3937394
2014-02-19,46.0416,46.4674,45.6069,45.7488,4081149
2014-02-20,45.8819,46.0149,45.252,45.598,3741305
2014-02-21,45.5714,45.7754,45.323,45.3496,1969484
2014-02-24,45.5004,45.7843,45.1988,45.2077,2096336
2014-02-25,45.2343,45.2786,44.7907,45.0657,2210825
2014-02-26,45.2802,45.8968,45.1774,45.4321,1578952
2014-02-27,45.4053,45.7538,45.3517,45.6019,1395220
2014-02-28,45.7091,45.7091,45.1104,45.4142,2141464
2014-03-03,45.1997,45.3785,44.887,45.1997,1309756
2014-03-04,45.5215,45.9504,45.45,45.7538,1648058
2014-03-05,45.8074,45.8253,45.45,45.7895,1057439
2014-03-06,45.8342,46.1291,45.6421,46.0844,1248897
2014-03-07,46.2632,46.3168,45.8074,46.3168,2847265
2014-03-10,46.3347,46.3793,46.0666,46.29,1823129
2014-03-11,46.3347,46.4061,45.9057,46.0398,1465359
2014-03-12,45.7359,46.2274,45.6912,46.2274,1490711
2014-03-13,46.4151,46.4151,44.8512,45.0836,2162124
2014-03-14,44.9048,45.441,44.7082,44.7619,1724116
2014-03-17,44.9138,45.5125,44.9138,45.2891,2297817
2014-03-18,45.4589,46.0666,45.3159,45.9683,1750304
2014-03-19,45.9683,46.1827,45.7359,46.1112,2126073
2014-03-20,45.9683,47.5947,45.7538,47.5634,4521797
2014-03-21,48.0236,48.533,47.3623,47.5768,6903879
2014-03-24,47.5142,48.0504,47.13,47.9074,3019274
2014-03-25,48.1398,48.5508,47.6125,47.6215,3611005
2014-03-26,47.8181,48.0147,47.1389,47.1389,2616054
2014-03-27,47.1657,47.5053,46.8083,46.987,1197544
2014-03-28,47.2283,47.6215,47.0201,47.2193,1242378
2014-03-31,47.3891,47.7019,47.2462,47.4874,1731964
2014-04-01,47.8091,48.3453,47.5589,48.3274,2045592
2014-04-02,48.3185,48.5062,48.0325,48.3096,1945778
2014-04-03,48.3989,48.6134,48.0683,48.2381,1603284
2014-04-04,48.4704,48.5866,47.1925,47.2908,2272626
2014-04-07,47.3355,48.1219,47.2193,47.4696,2231055
2014-04-08,47.3534,48.2649,47.3534,48.2202,2136024
2014-04-09,48.3989,48.5508,47.9879,48.524,1417515
2014-04-10,48.39,48.5777,46.8976,46.9066,1905709
2014-04-11,46.853,47.2998,46.5312,46.5491,2104307
2014-04-14,47.0496,47.1389,46.5223,46.8798,1486312
2014-04-15,46.8261,47.6215,46.6742,47.5232,2280648
2014-04-16,47.4964,47.4964,45.8744,46.6027,3049855
2014-04-17,46.5491,47.5343,46.5312,47.2283,2051924
2014-04-21,47.4249,47.5232,46.9691,47.273,786818
2014-04-22,47.2372,47.7376,46.9959,47.6304,1113170
2014-04-23,47.6125,47.8717,47.4428,47.6215,956541
2014-04-24,48.1666,48.5821,47.8628,47.9879,2437308
2014-04-25,47.3802,47.4919,45.5929,45.9504,3307016
2014-04-28,45.7627,46.3883,44.744,45.5661,2243815
2014-04-29,45.2802,45.9504,45.2802,45.7449,1350584
2014-04-30,45.5572,45.8835,45.1819,45.8342,1768066
2014-05-01,45.9146,46.0487,45.3651,45.4142,1529080
2014-05-02,45.5215,46.3168,45.3874,45.9415,2033216
2014-05-05,45.5661,46.0219,45.4589,45.7359,674070
2014-05-06,45.7985,45.8521,45.3427,45.3427,1731568
2014-05-07,45.3249,45.5125,44.7529,45.3963,1788165
2014-05-08,45.3249,46.3972,45.1372,45.8521,1966971
2014-05-09,45.8342,45.9325,45.4231,45.7985,1039197
2014-05-12,46.2989,46.7815,45.9683,46.6742,1496042
2014-05-13,46.7993,46.8798,45.8789,45.9951,2074522
2014-05-14,45.8253,45.9057,45.5929,45.6287,1816181
2014-05-15,45.5036,45.7717,45.0478,45.3785,2559114
2014-05-16,45.5661,46.1649,45.3249,46.1112,3128190
2014-05-19,46.1112,46.6346,46.0755,46.4508,1700865
2014-05-20,46.5312,46.6698,46.1917,46.4508,4420974
2014-05-21,47.13,47.1388,45.4682,45.87,4534687
2014-05-22,45.8878,46.4955,45.8878,46.2364,2021318
2014-05-23,46.3704,46.8798,46.1202,46.8172,1578594
2014-05-27,46.9691,47.474,46.7904,47.3802,1920866
2014-05-28,47.3172,47.3262,46.8762,47.2002,1659662
2014-05-29,47.3802,47.4432,46.9752,47.0292,1683403
2014-05-30,47.1912,47.2632,46.9572,47.1372,1265073
2014-06-02,47.1642,47.3017,46.7232,47.1282,1401548
2014-06-03,47.0202,47.3532,46.9302,47.2182,1145694
2014-06-04,46.9842,47.3532,46.9842,47.2362,1079624
2014-06-05,47.0742,47.3982,46.8312,47.3082,1353129
2014-06-06,47.5692,47.9471,47.3352,47.4162,1201181
2014-06-09,48.847,50.5568,48.847,49.7739,6815596
2014-06-10,49.6659,50.4309,49.6209,50.2059,2720878
2014-06-11,49.6209,50.4129,49.6209,50.0619,2147230
2014-06-12,50.0529,50.3049,49.7379,49.8909,1534222
2014-06-13,49.9809,50.3769,49.7559,50.0529,1649748
2014-06-16,49.9359,50.2329,49.6389,49.9449,1882692
2014-06-17,49.7919,50.3229,49.7649,50.1249,1251852
2014-06-18,50.0709,50.1249,49.315,49.6119,1751819
2014-06-19,49.7379,49.7379,49.027,49.432,1853500
2014-06-20,49.495,49.495,49.027,49.216,3092417
2014-06-23,49.288,49.459,49.0,49.063,893988
2014-06-24,49.063,49.216,48.3971,48.4781,1113944
2014-06-25,48.4331,48.64,48.1001,48.3701,1757935
2014-06-26,48.2891,48.3791,47.7581,48.1901,1481719
2014-06-27,48.4331,48.4871,47.9471,48.1451,1485453
2014-06-30,48.2801,48.721,48.1361,48.658,2168554
2014-07-01,48.3881,49.1845,48.3521,49.063,2201360
2014-07-02,48.946,49.243,48.757,48.964,1740445
2014-07-03,48.973,49.351,48.829,49.3375,711156
2014-07-07,49.126,49.432,49.045,49.189,1197861
2014-07-08,49.207,49.4095,48.82,49.0,1645687
2014-07-09,49.027,49.378,48.919,49.261,1200304
2014-07-10,48.694,49.198,48.4421,48.955,982637
2014-07-11,49.009,49.009,48.6041,48.856,933943
2014-07-14,49.279,49.4315,48.3791,48.4601,2179407
2014-07-15,48.3881,48.775,48.1001,48.3521,1900157
2014-07-16,48.4421,48.649,48.1496,48.2981,1787444
2014-07-17,48.0461,48.1811,47.6321,47.6411,1369749
2014-07-18,47.7311,48.3161,47.6411,48.1271,1173120
2014-07-21,48.0101,48.3701,47.7941,48.1091,977917
2014-07-22,48.2351,48.4781,48.1991,48.3701,1165819
2014-07-23,48.0551,48.0551,46.0843,46.1473,3931080
2014-07-24,46.2193,46.4713,45.7243,46.1653,2517527
2014-07-25,45.9043,45.9403,44.9954,45.1394,3059816
2014-07-28,45.1394,45.6433,44.6894,45.4904,2407948
2014-07-29,45.4454,46.0573,45.4094,45.4634,1508470
2014-07-30,45.7333,46.0123,45.5084,45.7693,1887159
2014-07-31,45.3554,45.7423,44.6534,44.6624,1888828
2014-08-01,44.6445,45.1574,44.5185,45.0044,1698884
2014-08-04,44.9954,45.0944,44.4375,44.7164,1851736
2014-08-05,44.6445,44.9684,44.3475,44.6804,1752758
2014-08-06,44.6175,45.1664,44.4195,45.0404,2074279
2014-08-07,45.1574,45.2654,43.9695,44.0325,2243309
2014-08-08,44.1495,44.6534,43.9245,44.5815,2025966
2014-08-11,44.8244,45.2654,44.6085,44.9324,1137766
2014-08-12,44.7704,45.1934,44.6714,45.1529,1192671
2014-08-13,45.1394,45.5894,45.0674,45.4724,1754015
2014-08-14,45.3734,45.8053,45.3554,45.6568,1566930
2014-08-15,46.0663,46.4533,45.6703,46.0528,1930666
2014-08-18,46.0933,46.3498,45.9673,46.2013,1016621
2014-08-19,46.3003,46.7232,46.1563,46.5433,1105695
2014-08-20,46.3633,47.0562,46.3633,46.9437,1357372
2014-08-21,46.8222,47.3172,46.5793,47.2812,1181579
2014-08-22,47.3982,47.5062,47.1012,47.2452,900057
2014-08-25,47.4702,47.6501,46.6602,46.7322,1903309
2014-08-26,46.7952,47.1012,46.5793,46.9842,2659378
2014-08-27,46.4803,46.8897,44.9864,45.9178,4754430
2014-08-28,45.8503,46.2598,45.6344,46.1563,2094866
2014-08-29,46.4983,46.524,45.8143,46.0033,1631495
2014-09-02,45.9853,46.2103,45.3554,45.5534,2045528
2014-09-03,45.6803,46.0519,45.4083,45.5533,1931635
2014-09-04,45.5533,45.9341,45.5533,45.6984,1435433
2014-09-05,45.6893,46.0338,45.4446,45.5261,1893504
2014-09-08,45.3902,45.7075,45.1998,45.3902,2252652
2014-09-09,45.2633,45.5533,45.1001,45.1454,1919276
2014-09-10,45.0457,45.2542,44.8462,45.0004,2326979
2014-09-11,44.7103,45.2451,44.6559,45.1091,2132375
2014-09-12,45.0366,45.1091,44.3295,44.529,2238003
2014-09-15,44.6287,44.7375,44.1029,44.3023,1777289
2014-09-16,44.1029,44.7148,44.0938,44.6015,2001364
2014-09-17,44.4202,45.3448,44.4202,44.9913,1814257
2014-09-18,45.1363,45.6621,44.9369,45.5896,1594635
2014-09-19,45.9069,45.9069,45.1545,45.3176,2917279
2014-09-22,45.1001,45.3992,44.7556,45.2542,3344694
2014-09-23,44.8372,45.4174,44.6468,45.0276,3190048
2014-09-24,45.0729,45.499,44.9641,45.3267,2203716
2014-09-25,45.2723,45.372,44.9188,45.0004,3193863
2014-09-26,45.0819,45.4305,44.9822,45.3494,1613631
2014-09-29,45.0457,45.3267,44.8928,45.1545,1632910
2014-09-30,45.1635,45.3358,44.8281,44.8644,3185480
2014-10-01,44.7375,44.8009,43.6678,43.7403,2480455
2014-10-02,43.7312,43.8309,42.8247,43.3323,3576564
2014-10-03,43.4864,43.6315,43.0604,43.1329,1821840
2014-10-06,43.3323,43.559,42.6343,42.7386,2351350
2014-10-07,42.4167,42.589,41.8094,41.8909,3086713
2014-10-08,41.7912,43.3414,41.7006,43.287,3218997
2014-10-09,43.287,43.4592,42.0088,42.0088,6539899
2014-10-10,40.1595,40.3136,38.5912,39.3889,10052664
2014-10-13,39.3708,40.232,38.8541,39.0716,4187756
2014-10-14,39.824,40.4858,39.3255,39.398,4012094
2014-10-15,38.7634,40.2864,38.6093,39.9963,4467385
2014-10-16,39.3798,40.7124,39.1623,40.4314,3386176
2014-10-17,40.785,41.6099,40.6671,40.7396,3334954
2014-10-20,40.5674,41.1567,40.4405,41.0841,1884406
2014-10-21,41.6009,42.4439,41.2564,42.3487,2765748
2014-10-22,42.5165,42.743,41.7006,41.7187,2549867
2014-10-23,42.2173,42.3533,41.8909,42.0813,2234033
2014-10-24,42.3351,42.7068,41.9272,42.4711,1862760
2014-10-27,42.317,42.3895,41.9,42.2626,1817846
2014-10-28,42.3986,42.7158,41.9997,42.598,1790981
2014-10-29,42.5436,42.9063,42.0632,42.8881,2415372
2014-10-30,42.87,42.8791,42.0451,42.6071,3025829
2014-10-31,44.1573,45.8162,43.9488,44.9822,6689172
2014-11-03,45.0729,45.5171,44.8553,45.0729,3318910
2014-11-04,44.9641,45.2542,44.7193,44.8281,1684474
2014-11-05,45.1273,45.372,44.5834,45.3539,1493452
2014-11-06,45.3267,45.6621,44.8009,45.5261,2017943
2014-11-07,45.6893,45.6984,45.0557,45.5443,1962567
2014-11-10,45.4718,45.8253,45.304,45.7075,1771605
2014-11-11,45.6803,45.7981,45.2179,45.4536,1211798
2014-11-12,45.3448,45.6531,45.1545,45.5579,1226368
2014-11-13,45.7165,45.9069,45.2814,45.5171,1113392
2014-11-14,45.6349,45.9522,45.1817,45.8888,1509884
2014-11-17,45.6349,45.7709,45.1545,45.644,1662912
2014-11-18,45.6077,46.478,45.5352,46.4689,2333286
2014-11-19,46.614,46.6321,45.78,46.0066,1795032
2014-11-20,45.644,46.4146,45.644,46.3874,1762674
2014-11-21,47.0945,47.0945,46.3692,46.8225,1638813
2014-11-24,47.1035,47.1035,46.478,46.9585,1615627
2014-11-25,46.9041,47.1216,46.6865,46.8769,2500280
2014-11-26,47.6202,49.576,47.6021,49.4605,5683369
2014-11-28,49.8141,49.8141,49.2384,49.533,1336759
2014-12-01,49.388,49.805,49.1251,49.5421,2463405
2014-12-02,49.4424,50.086,49.2067,50.0498,2182156
2014-12-03,50.1502,51.9116,50.1502,51.5739,6303223
2014-12-04,51.5283,51.7473,51.0993,51.6743,3140256
2014-12-05,51.7929,52.3679,51.3936,52.3314,2266230
2014-12-08,51.9755,52.3314,50.9442,51.2727,2125746
2014-12-09,50.9533,51.4644,50.5883,51.4461,2445869
2014-12-10,51.437,51.7017,50.5791,50.7799,2181562
2014-12-11,52.9246,52.9246,50.7616,51.3366,2559417
2014-12-12,50.6704,51.4644,50.5882,51.0309,3178452
2014-12-15,51.1176,51.8477,50.4787,50.5791,2007288
2014-12-16,50.5882,51.1358,49.9494,49.995,2364772
2014-12-17,50.0589,51.1906,49.4839,51.0993,2358317
2014-12-18,51.8568,52.0759,51.1267,52.0759,2337551
2014-12-19,52.0485,52.3496,51.4918,51.7929,3194107
2014-12-22,51.9116,52.4774,51.8112,52.4683,1015893
2014-12-23,52.4774,52.8334,51.5739,51.7108,3065347
2014-12-24,51.9298,52.0028,51.6195,51.7564,1262115
2014-12-26,51.8386,52.0028,51.2818,51.364,1555592
2014-12-29,51.291,51.4552,50.8712,51.1815,1782879
2014-12-30,50.9624,51.1906,50.4878,50.7023,1677725
2014-12-31,51.0537,51.4826,50.6384,50.6704,1746772
2015-01-02,50.8164,51.3366,50.1684,50.6886,1329619
2015-01-05,50.5609,50.6065,49.7395,49.7623,1445196
2015-01-06,49.9494,50.0133,48.5621,48.5987,1708897
2015-01-07,48.8177,49.4018,48.3979,49.1097,1722997
2015-01-08,49.6391,50.3601,49.3562,49.9768,1882724
2015-01-09,50.1867,50.2323,49.3927,49.9402,1720267
2015-01-12,49.849,49.9676,49.1554,49.4383,1250863
2015-01-13,49.9129,50.6704,48.6169,48.8724,2340144
2015-01-14,48.7538,49.703,48.3066,48.8359,2524323
2015-01-15,49.0093,49.4657,48.0693,48.1241,1990309
2015-01-16,47.8777,49.0595,47.6495,49.0002,1997953
2015-01-20,49.4565,49.9129,48.982,49.6391,1790554
2015-01-21,49.5022,50.0771,49.117,49.8125,1585106
2015-01-22,49.9311,49.9768,48.5713,49.9676,2555727
2015-01-23,50.068,50.1593,49.5204,49.7486,1940277
2015-01-26,49.8764,50.1319,49.3014,49.8855,1341127
2015-01-27,49.2101,49.3835,48.4663,48.7082,1963314
2015-01-28,49.1645,49.5752,48.2153,48.302,1687796
2015-01-29,48.3614,48.9272,47.8503,48.5804,1568515
2015-01-30,48.2062,48.699,47.5035,47.5537,1928787
2015-02-02,47.5491,47.8868,46.8099,47.7271,2536001
2015-02-03,47.9963,49.3196,47.9781,49.2558,2214496
2015-02-04,48.9546,49.42,48.7812,49.0824,1466507
2015-02-05,49.1006,50.2049,48.8268,50.1502,2207611
2015-02-06,50.0771,51.008,50.0224,50.2004,1917791
2015-02-09,49.9311,50.2962,49.6482,49.7897,1436564
2015-02-10,49.9676,50.7434,49.6391,50.6886,1253540
2015-02-11,50.6795,51.1084,50.4148,50.7616,909107
2015-02-12,51.437,51.7747,51.0673,51.761,1687354
2015-02-13,51.8751,52.2401,51.5648,52.0667,1404801
2015-02-17,51.5648,53.7186,51.4826,53.673,5685078
2015-02-18,53.2988,53.6,52.1124,53.2805,4095264
2015-02-19,53.3079,53.5452,53.0889,53.527,1837943
2015-02-20,53.4996,53.9742,53.0981,53.965,1420171
2015-02-23,53.8008,53.8373,53.2897,53.8281,1029469
2015-02-24,53.7551,54.4396,52.7695,54.4031,1862750
2015-02-25,54.495,54.5685,54.0264,54.201,1345105
2015-02-26,54.2653,54.4123,53.8334,54.0999,1671648
2015-02-27,54.2101,54.2469,53.7599,53.7875,1198168
2015-03-02,54.0356,54.9268,53.7875,54.9222,1853956
2015-03-03,54.7063,54.7614,53.6956,53.9713,1499786
2015-03-04,53.5945,53.9529,53.2408,53.6589,1037675
2015-03-05,53.8059,54.0907,53.4567,53.7048,985040
2015-03-06,53.5578,53.8151,52.786,53.227,1584075
2015-03-09,53.2638,53.8334,53.2638,53.714,1313334
2015-03-10,53.1259,53.3924,52.5563,52.5563,1381698
2015-03-11,52.7584,53.1903,52.4644,52.639,1412939
2015-03-12,52.1979,52.8733,52.0785,52.8411,1010721
2015-03-13,52.6573,53.0157,52.1887,52.8595,1276318
2015-03-16,53.1168,54.0539,52.9697,54.0218,1367524
2015-03-17,53.6772,54.0264,53.3648,53.9896,1845619
2015-03-18,53.7967,55.0279,53.6037,54.8258,3023227
2015-03-19,54.6052,55.2392,54.3112,55.129,2724626
2015-03-20,55.4781,56.3418,55.083,56.1121,4481028
2015-03-23,55.7538,56.1305,55.4046,55.4965,2177592
2015-03-24,55.377,55.5976,55.129,55.4597,2737807
2015-03-25,55.4414,55.4414,52.8687,52.887,3767346
2015-03-26,52.299,53.1903,51.7018,52.7538,2847316
2015-03-27,52.7952,54.0907,52.3817,54.0631,2521413
2015-03-30,57.0585,59.6725,56.8288,59.5485,10493727
2015-03-31,58.9696,59.282,57.7568,57.8854,3694153
2015-04-01,57.7292,58.0875,56.9758,57.4903,2374673
2015-04-02,57.2422,58.1886,56.9207,57.1871,2200634
2015-04-06,56.5899,57.8257,56.351,57.6833,2329772
2015-04-07,57.619,58.4918,57.2239,58.1059,2118290
2015-04-08,58.0049,58.7032,57.9038,58.501,2266234
2015-04-09,58.1794,58.8961,58.0967,58.8318,1574990
2015-04-10,59.0615,59.1626,58.6687,59.0201,1274002
2015-04-13,59.0339,59.4015,58.4459,58.5745,1475249
2015-04-14,58.4643,58.6756,57.3892,57.4903,2292615
2015-04-15,57.8211,58.8594,57.7569,58.7353,1557016
2015-04-16,58.3632,59.0156,58.3356,58.9007,1453722
2015-04-17,58.2162,58.5837,57.9451,58.2713,2449486
2015-04-20,58.501,59.1809,58.4551,58.547,1509950
2015-04-21,58.942,59.2958,58.6113,59.1442,1435947
2015-04-22,59.4841,59.4841,58.501,59.2544,1021791
2015-04-23,57.9222,58.6388,57.7016,58.4275,2707720
2015-04-24,58.4183,58.4367,56.8288,57.4536,3916496
2015-04-27,56.985,58.1335,56.985,57.5822,1689390
2015-04-28,57.5914,58.3081,57.426,58.0875,1912504
2015-04-29,57.9313,58.4826,57.2514,57.72,1547464
2015-04-30,57.4719,57.5822,56.3142,56.8196,2985884
2015-05-01,57.2882,58.4091,57.279,58.1335,3637680
2015-05-04,58.4643,58.7123,58.0232,58.1151,1436721
2015-05-05,57.9222,57.9222,56.7093,56.7507,1630164
2015-05-06,57.0309,57.2101,56.2867,56.6358,1673148
2015-05-07,56.8104,57.5363,56.5715,57.0033,1760380
2015-05-08,57.6557,58.2897,57.3341,57.6281,2026877
2015-05-11,57.6557,57.8854,57.5454,57.5546,1396679
2015-05-12,57.1871,57.4186,56.5899,57.0401,1614440
2015-05-13,57.1963,57.766,56.9942,57.1871,1660008
2015-05-14,57.8578,58.648,57.619,58.2529,1918844
2015-05-15,58.7032,58.7399,57.8487,58.0462,2333229
2015-05-18,58.0967,58.5378,57.913,58.2162,3453560
2015-05-19,58.6205,59.1166,58.1611,58.2989,4538917
2015-05-20,58.988,61.4228,58.8042,60.8072,7012442
2015-05-21,60.6419,60.6603,59.769,60.1733,3560690
2015-05-22,60.2192,61.9925,60.1549,61.648,3561352
2015-05-26,61.5147,61.6985,60.5867,61.4228,2969952
2015-05-27,61.5338,63.2623,61.4506,63.1237,2995650
2015-05-28,63.1791,63.5489,62.5598,63.1422,1722473
2015-05-29,63.3178,63.327,62.4766,62.8186,2371184
2015-06-01,63.2346,63.7522,62.6707,63.5489,2452991
2015-06-02,63.4934,63.5027,62.4027,62.5876,1853073
2015-06-03,62.9296,62.9296,62.1069,62.1993,1227759
2015-06-04,61.8573,62.3287,61.58,61.8758,2167466
2015-06-05,61.8851,62.4951,61.3859,62.2733,1769885
2015-06-08,62.3287,62.4119,60.7481,60.9607,2311914
2015-06-09,61.0716,61.3674,60.3321,60.7204,2278439
2015-06-10,61.0809,62.7447,60.7666,62.5968,2998065
2015-06-11,62.6153,62.717,62.0514,62.1346,1384155
2015-06-12,61.7002,61.8573,61.0716,61.2473,1241514
2015-06-15,60.7758,61.7187,60.4274,61.654,1702953
2015-06-16,61.5153,61.8804,61.3212,61.5893,1384838
2015-06-17,61.7649,62.4951,61.7649,62.1439,2190556
2015-06-18,62.4859,63.438,62.4027,63.1329,1989313
2015-06-19,63.1699,63.364,62.1993,62.7724,3150821
2015-06-22,63.1699,63.4102,62.3103,62.8741,2000602
2015-06-23,62.8926,63.0959,62.2918,62.4212,1391803
2015-06-24,62.3565,62.5321,61.7002,61.7834,1361902
2015-06-25,61.9867,62.2363,61.2842,61.5523,1590096
2015-06-26,61.3489,62.0884,60.3229,60.8221,5640186
2015-06-29,60.4616,60.6372,59.0011,59.149,2736499
2015-06-30,59.4725,59.7868,58.9918,59.3292,1927606
2015-07-01,60.1565,61.2657,59.5095,59.6851,2100438
2015-07-02,59.6944,59.9901,59.0658,59.5095,1861017
2015-07-06,59.0196,59.4448,58.5759,58.7792,2055538
2015-07-07,58.6683,58.8439,57.023,58.5851,2417790
2015-07-08,58.049,58.2154,56.7457,57.2541,2945190
2015-07-09,58.0675,58.4372,56.2743,56.2835,3328943
2015-07-10,56.7549,57.3558,56.4684,56.8566,1777324
2015-07-13,57.365,57.4436,56.986,57.1894,1589230
2015-07-14,57.3095,58.0213,57.2171,57.8826,1968295
2015-07-15,57.5314,58.3725,57.4389,58.1599,2252365
2015-07-16,57.7809,58.465,57.5314,58.0767,1782806
2015-07-17,58.0675,58.0767,57.365,57.7347,1574374
2015-07-20,57.8734,57.9843,57.2633,57.3003,1395250
2015-07-21,57.2171,57.744,56.0154,57.3835,1655874
2015-07-22,54.2869,54.4903,52.8357,54.213,5695541
2015-07-23,54.5272,56.5885,54.3054,55.5071,3235512
2015-07-24,55.8028,56.0062,53.9449,54.0651,2506615
2015-07-27,53.8155,53.9819,53.1777,53.5105,2084740
2015-07-28,53.8617,55.0541,53.2609,54.5272,2581462
2015-07-29,54.4163,54.5457,53.8432,54.3424,2355073
2015-07-30,54.2222,54.592,53.5937,54.3701,2131856
2015-07-31,54.5827,54.5827,53.8063,53.9172,1930726
2015-08-03,54.0096,54.5688,53.9357,54.2315,2262281
2015-08-04,54.102,54.7214,53.6584,54.0558,1620825
2015-08-05,54.6659,56.2373,54.4163,56.1079,3228487
2015-08-06,55.7566,56.1911,54.2897,54.4163,2922613
2015-08-07,54.3609,55.2298,53.6121,55.1003,2469281
2015-08-10,55.4146,56.5932,55.4146,56.4684,1957457
2015-08-11,56.0247,56.2465,54.6844,54.8877,2065841
2015-08-12,54.3331,55.4701,53.8617,55.2205,2126998
2015-08-13,55.1466,55.3592,54.4163,54.5365,1895762
2015-08-14,54.3978,54.7861,54.1027,54.3886,1612574
2015-08-17,54.0466,55.0172,53.8894,54.9987,1408689
2015-08-18,54.5272,54.9247,52.9928,53.5197,4584929
2015-08-19,56.1356,56.2188,53.3811,53.9634,9485000
2015-08-20,52.9281,53.0575,49.7299,49.7484,5913909
2015-08-21,49.3139,51.0702,49.0181,49.7114,5870882
2015-08-24,47.5946,49.9148,47.0123,47.761,6843323
2015-08-25,49.2677,49.582,46.735,46.7812,3945498
2015-08-26,48.3465,50.5826,47.48,50.5174,5216318
2015-08-27,51.0112,52.651,50.8901,52.6231,5323198
2015-08-28,52.269,53.0936,51.887,52.5951,3329693
2015-08-31,52.474,52.5578,51.7193,52.0454,2646972
2015-09-01,50.5454,51.1323,49.595,49.8932,3574373
2015-09-02,50.946,50.946,49.9304,50.8621,2095701
2015-09-03,51.4771,52.064,50.9646,51.4025,2318720
2015-09-04,50.387,50.9274,50.0329,50.2752,1693651
2015-09-08,52.1665,53.8716,51.6727,53.825,4119638
2015-09-09,53.9834,54.6446,52.2877,52.4274,2814558
2015-09-10,52.1665,52.6883,51.533,52.1852,3366024
2015-09-11,51.8032,52.6044,51.5516,52.5019,1762837
2015-09-14,53.3684,53.6666,52.9492,53.6293,3124899
2015-09-15,53.6293,54.5983,53.6293,54.3188,2950276
2015-09-16,54.5424,54.5517,53.8063,54.4585,2085813
2015-09-17,54.3933,54.9337,53.9088,53.974,2521052
2015-09-18,53.2194,53.415,52.3715,52.8001,3925936
2015-09-21,52.9958,53.4616,52.3249,52.7628,2856562
2015-09-22,52.0827,52.5299,51.2721,51.4118,2912189
2015-09-23,51.7845,52.1758,51.2721,51.4305,1800072
2015-09-24,50.8062,50.9646,48.8962,50.3124,3543961
2015-09-25,50.8062,51.5143,50.2006,50.7224,2143115
2015-09-28,50.564,51.1882,49.8093,49.8186,2287581
2015-09-29,49.8279,50.6013,49.5018,50.359,2369405
2015-09-30,51.2628,52.679,51.0857,52.5578,3340654
2015-10-01,52.5019,52.679,50.0422,51.1882,4106810
2015-10-02,50.3124,51.887,50.0329,51.887,3297011
2015-10-05,52.3436,53.8622,52.1013,53.5082,2778610
2015-10-06,53.4616,53.7737,52.474,53.0051,2523484
2015-10-07,53.6666,54.0952,52.7721,53.9181,3340281
2015-10-08,53.9927,54.03,52.7256,53.7784,2302969
2015-10-09,53.6386,54.0113,52.6417,52.8187,3683410
2015-10-12,52.9026,53.0144,52.4833,52.7162,1718111
2015-10-13,52.2411,52.7721,52.1386,52.2224,2100305
2015-10-14,53.0237,59.774,52.8746,56.8251,11995746
2015-10-15,57.3003,57.5425,56.2661,57.0953,4908111
2015-10-16,57.1232,57.3375,55.7909,56.0797,3067839
2015-10-19,55.8468,56.2661,55.4648,56.1077,2107902
2015-10-20,56.1915,56.8065,55.7536,56.2754,1730670
2015-10-21,56.853,58.232,56.853,57.5332,4552980
2015-10-22,58.9587,59.583,58.1574,59.0705,3499184
2015-10-23,59.6668,59.7339,58.791,59.2755,2277020
2015-10-26,58.9308,59.0612,57.2444,57.3282,2608671
2015-10-27,56.676,57.5611,56.676,57.1978,1608944
2015-10-28,58.232,58.8842,56.0984,57.6357,4532594
2015-10-29,55.8654,56.7832,55.2225,55.8841,2390686
2015-10-30,56.0984,56.471,55.8561,56.0145,2097556
2015-11-02,55.9586,56.6387,55.7443,56.2195,1778870
2015-11-03,56.1077,56.7785,56.1077,56.5176,1140542
2015-11-04,56.471,56.5549,55.9865,56.3592,1444865
2015-11-05,56.676,56.7599,55.9493,56.2381,1202540
2015-11-06,56.294,57.7465,56.1729,57.4866,1866472
2015-11-09,57.3282,57.3468,56.4245,56.7971,1519594
2015-11-10,55.5021,56.1636,55.4741,55.8747,1850431
2015-11-11,56.2195,56.6504,55.7164,55.8095,1269161
2015-11-12,55.6418,56.6061,55.2784,55.3996,2120780
2015-11-13,55.3996,55.5766,53.8529,54.1604,2230206
2015-11-16,54.1138,54.5424,53.8343,54.4865,2617636
2015-11-17,54.4958,55.6325,54.2908,55.2505,2341504
2015-11-18,55.2784,56.676,55.2505,56.5922,1797263
2015-11-19,56.2661,56.2847,55.3716,55.6884,2755021
2015-11-20,56.0984,56.0984,55.176,55.3623,3043954
2015-11-23,54.8778,54.971,52.6417,52.9212,7029335
2015-11-24,55.325,56.853,53.4989,56.294,7189285
2015-11-25,56.3313,57.1698,55.7443,56.1356,3348371
2015-11-27,56.117,56.5828,55.9027,56.322,916077
2015-11-30,56.2661,57.8407,56.2661,57.4214,3358089
2015-12-01,57.85,58.1388,57.0953,57.3655,3044402
2015-12-02,57.5155,58.1157,56.8497,56.9622,2031106
2015-12-03,57.5812,57.6375,55.1523,55.3774,3560415
2015-12-04,54.1676,55.9944,53.2392,55.5274,5550196
2015-12-07,55.5368,55.79,54.7115,54.8616,2590678
2015-12-08,54.4677,54.7021,53.9331,54.4114,2178123
2015-12-09,54.3927,54.4489,52.9297,53.1266,2479199
2015-12-10,53.1454,53.9331,52.9297,53.5955,3175639
2015-12-11,52.789,53.558,52.789,53.3892,3886329
2015-12-14,53.3423,53.7081,52.8922,53.286,2901569
2015-12-15,52.3764,54.252,52.2357,53.0328,4702122
2015-12-16,53.3986,54.1488,52.8078,53.9519,1960086
2015-12-17,53.8675,54.2707,52.6202,52.6296,2249562
2015-12-18,52.2826,52.8593,51.6918,51.7387,4719940
2015-12-21,52.3576,52.3858,51.9075,52.3576,1763546
2015-12-22,53.0328,53.4361,52.3764,52.5311,1136235
2015-12-23,52.8547,53.3037,52.7327,52.9672,1153135
2015-12-24,52.9672,53.4502,52.9672,53.2673,536315
2015-12-28,53.1454,53.3048,52.3951,52.9391,1205463
2015-12-29,53.2673,54.1582,53.166,53.7456,1347972
2015-12-30,53.6143,53.905,52.9953,53.0328,1459864
2015-12-31,52.9391,53.0328,51.8793,51.8793,1409427
2016-01-04,50.8665,51.0822,50.2945,51.0541,2648908
2016-01-05,51.326,51.4292,50.5102,50.679,2689457
2016-01-06,49.7693,50.2101,48.2313,48.522,3779652
2016-01-07,47.3122,48.2594,46.9184,47.2841,5162974
2016-01-08,47.5842,48.3438,46.8715,46.8715,3805221
2016-01-11,47.8655,48.5408,47.2841,47.9875,3437901
2016-01-12,48.3438,48.9721,47.7999,48.4376,2445896
2016-01-13,48.5032,49.0941,46.9184,46.984,2659496
2016-01-14,47.3966,47.8843,46.8066,47.3591,3376988
2016-01-15,45.1647,46.8433,44.3019,46.7214,8245407
2016-01-19,47.1997,47.8093,45.4741,46.3182,3707084
2016-01-20,46.2807,47.9499,45.9524,47.4342,5069703
2016-01-21,48.3063,48.4657,46.9934,47.3873,3971992
2016-01-22,48.2969,48.5408,47.6498,48.1844,1767727
2016-01-25,48.0812,48.3157,47.6134,47.8749,2642166
2016-01-26,48.1469,48.7283,47.7343,48.1,2362688
2016-01-27,47.8562,48.9628,47.6592,48.0906,2747945
2016-01-28,48.4564,48.7377,47.9546,48.5408,2693177
2016-01-29,48.8315,50.5852,48.1375,50.5102,3378102
2016-02-01,50.06,50.3601,49.6661,49.8631,2295677
2016-02-02,48.8033,49.3848,48.0812,48.1469,3151699
2016-02-03,48.7096,48.7377,47.3216,48.1844,2425582
2016-02-04,48.025,48.9065,47.7249,48.4564,1772288
2016-02-05,48.2031,48.5876,46.4776,46.7214,2505957
2016-02-08,46.1869,46.5854,45.2866,46.1025,2994129
2016-02-09,45.8024,47.0121,45.5961,46.2431,3112050
2016-02-10,46.6183,46.9465,45.8774,45.9149,1897507
2016-02-11,45.3616,46.2713,45.174,45.8024,2416689
2016-02-12,46.5151,46.7027,45.6523,46.5526,3741526
2016-02-16,46.6933,49.0941,46.6933,48.8315,4819034
2016-02-17,47.9406,50.6227,47.9406,49.4504,3909912
2016-02-18,49.713,50.2945,48.7002,48.8033,2184147
2016-02-19,48.6533,49.1503,48.4582,48.8596,2276694
2016-02-22,49.3942,49.8162,48.8596,49.3379,1776721
2016-02-23,49.1972,49.4504,48.1938,48.2594,1781418
2016-02-24,47.8434,49.0253,47.3706,48.9875,2690936
2016-02-25,50.1694,50.2261,48.6282,50.1032,2430235
2016-02-26,50.3963,50.6989,49.9992,50.5287,1758863
2016-02-29,50.5476,51.0109,50.1032,50.1032,2159604
2016-03-01,51.0109,51.739,50.1221,51.72,2188649
2016-03-02,51.739,52.675,51.6255,52.3914,2411309
2016-03-03,52.5805,52.7365,51.6822,52.4481,2071122
2016-03-04,52.6372,53.1478,52.1077,52.7412,2312033
2016-03-07,52.155,53.4125,52.155,53.4125,2184812
2016-03-08,52.9303,53.1478,52.0557,52.3252,2726443
2016-03-09,52.675,52.8641,51.8524,51.9375,2212678
2016-03-10,52.4386,52.7696,51.4553,52.1172,1757566
2016-03-11,52.7885,52.9729,52.0037,52.8925,1760299
2016-03-14,52.5426,53.1572,52.2496,52.6372,1403020
2016-03-15,52.3252,53.0816,52.155,53.0532,1986827
2016-03-16,52.6845,53.7931,52.6372,53.7624,1721472
2016-03-17,53.422,54.793,53.422,54.7173,2495727
2016-03-18,54.7173,55.8425,54.585,55.7952,4820129
2016-03-21,55.5589,55.7668,54.9821,55.644,2575087
2016-03-22,55.4832,55.6109,54.8214,55.3319,1828529
2016-03-23,55.3887,55.3887,54.9821,55.1523,1711652
2016-03-24,54.8875,55.4549,54.5282,55.4454,1947835
2016-03-28,55.4359,55.4359,54.9726,55.1428,1455702
2016-03-29,54.8875,55.7858,54.7363,55.5967,1338932
2016-03-30,55.7858,56.1924,55.2657,55.8898,1305464
2016-03-31,55.7007,56.2113,55.4927,55.9654,1775856
2016-04-01,55.4927,55.8425,55.3603,55.7669,1393580
2016-04-04,55.7574,55.8332,55.4076,55.5589,938816
2016-04-05,55.2468,55.6534,55.1145,55.2941,1689380
2016-04-06,55.1334,56.0222,54.6795,55.9371,1401833
2016-04-07,55.5872,55.852,54.8308,55.1807,1484817
2016-04-08,55.5021,55.7952,55.1097,55.5967,1824603
2016-04-11,55.8709,56.3909,55.3792,55.4076,1505834
2016-04-12,55.5305,55.7716,54.9065,55.5967,1456189
2016-04-13,55.956,56.5895,55.6061,56.5422,1354198
2016-04-14,56.0033,56.372,55.4832,56.2018,1558033
2016-04-15,56.1545,56.1545,55.4454,55.4643,2076561
2016-04-18,55.4832,55.6629,55.1901,55.5021,1666719
2016-04-19,55.417,55.5778,54.6133,55.0577,1675051
2016-04-20,55.3319,56.1356,55.2563,55.956,1812349
2016-04-21,55.8331,55.9136,55.2941,55.6061,1464591
2016-04-22,55.7007,56.1356,55.0294,55.2941,1944830
2016-04-25,55.2657,55.6818,54.6039,55.2468,1282504
2016-04-26,55.5683,56.6084,55.3272,56.0978,1776003
2016-04-27,55.313,56.5044,55.0388,56.3909,1775726
2016-04-28,55.9749,56.3153,54.4242,54.7079,2470620
2016-04-29,54.4621,54.4904,52.8358,53.2518,2612115
2016-05-02,53.2423,53.9326,52.9114,53.9042,1703952
2016-05-03,53.2612,53.63,53.0201,53.1667,1653809
2016-05-04,52.7507,53.0721,52.4697,52.7885,2344995
2016-05-05,52.9303,53.1478,52.4008,52.6561,1523250
2016-05-06,52.4481,52.6467,51.8524,52.4481,2666887
2016-05-09,52.6561,53.0343,52.1739,52.2212,2125692
2016-05-10,52.5237,53.11,52.1644,53.0438,2622816
2016-05-11,52.9965,53.4409,52.6467,52.7128,1591701
2016-05-12,52.9114,53.1525,51.512,51.9091,2279014
2016-05-13,51.7768,52.3063,51.3702,51.739,1882142
2016-05-16,51.8808,52.7696,51.5688,52.4103,1897141
2016-05-17,52.2968,52.9681,52.2401,52.3535,2907342
2016-05-18,50.1694,53.0816,50.1127,52.779,3219742
2016-05-19,52.6372,52.9776,52.0321,52.6656,1779091
2016-05-20,52.9587,53.9893,52.9303,53.4598,1928902
2016-05-23,53.6773,54.3108,53.526,53.6678,1515281
2016-05-24,53.9893,55.1712,53.8522,55.0483,1649097
2016-05-25,55.1911,55.6102,55.0578,55.4959,1447707
2016-05-26,55.4388,55.7054,55.2292,55.515,1034281
2016-05-27,55.5721,55.9245,55.3626,55.6578,1000832
2016-05-31,55.6483,55.8197,55.2769,55.715,1348254
2016-06-01,55.3435,55.9721,55.3388,55.8578,1077070
2016-06-02,54.4768,55.5626,54.4768,55.5054,1708151
2016-06-03,55.7721,55.7721,55.0292,55.3435,1462897
2016-06-06,55.2864,55.6197,54.3245,54.3721,4243465
2016-06-07,54.7435,55.1911,54.1721,55.0388,3267937
2016-06-08,55.1245,55.353,54.7626,55.0292,1241199
2016-06-09,54.8292,54.8673,54.4768,54.8197,1052725
2016-06-10,54.1816,54.553,53.9149,54.2483,1364149
2016-06-13,54.153,54.8102,54.0006,54.1626,1103170
2016-06-14,54.1149,54.5245,53.8768,54.353,2202462
2016-06-15,54.534,54.5626,54.0292,54.1626,2391117
2016-06-16,53.8197,54.2863,53.2388,54.1911,1088077
2016-06-17,54.1435,54.1435,52.9625,53.3244,2659052
2016-06-20,54.0768,54.6387,54.0292,54.0864,1850664
2016-06-21,54.2768,54.4387,53.953,54.3435,1243623
2016-06-22,54.4197,54.8197,54.0768,54.1435,1718377
2016-06-23,54.7816,55.353,54.5911,55.3435,1608860
2016-06-24,52.2959,53.6863,52.1435,52.4197,8489950
2016-06-27,51.2959,51.6006,49.6863,50.0482,3610791
2016-06-28,50.9816,51.734,50.5816,51.7244,3244174
2016-06-29,52.0863,53.0006,52.0101,52.9721,2484805
2016-06-30,53.0959,53.9911,52.7625,53.9435,2573300
2016-07-01,53.4768,54.2054,53.1864,53.934,1910891
2016-07-05,53.3244,53.7149,52.4196,52.7244,1711623
2016-07-06,52.5244,52.953,51.953,52.8197,1434020
2016-07-07,52.8483,53.6768,52.6578,53.2864,1382024
2016-07-08,53.8197,55.0388,53.7435,54.9911,2287085
2016-07-11,55.2292,55.7626,55.0864,55.4769,1788541
2016-07-12,55.8864,56.2197,55.4864,56.1816,1311340
2016-07-13,56.4483,56.7816,56.1816,56.6864,2478024
2016-07-14,57.1435,57.315,56.8262,57.1626,1721921
2016-07-15,57.3816,57.3816,57.115,57.2864,1985333
2016-07-18,57.6197,57.934,57.3912,57.5531,1836765
2016-07-19,57.2293,57.6007,57.0388,57.4007,1366072
2016-07-20,57.5531,58.0197,57.2864,57.8007,1397803
2016-07-21,57.7626,57.7626,56.8769,57.0959,1379456
2016-07-22,57.1912,57.5578,56.8197,57.5245,823680
2016-07-25,57.6102,57.7055,57.334,57.6483,1195634
2016-07-26,58.2388,61.1626,58.1721,59.8793,5045954
2016-07-27,63.6008,63.7246,59.9531,60.315,14962962
2016-07-28,60.4388,61.3245,59.7626,61.1626,4724066
2016-07-29,61.1436,61.3674,60.4769,60.7912,3241859
2016-08-01,61.1341,61.2579,60.5169,60.9341,2669902
2016-08-02,60.7436,60.8007,59.515,59.8483,2740483
2016-08-03,59.6674,60.5483,59.2769,59.8769,1899912
2016-08-04,60.0674,60.3722,59.715,60.3245,1783760
2016-08-05,60.4769,60.696,60.0674,60.6579,1843420
2016-08-08,60.7912,60.896,60.2769,60.4198,1839219
2016-08-09,60.8388,61.096,60.596,60.7817,1933754
2016-08-10,60.9531,60.9531,60.1531,60.7531,2054856
2016-08-11,60.9436,61.0864,59.8779,61.0864,1325096
2016-08-12,61.0103,61.296,60.7341,61.1817,1357770
2016-08-15,61.1817,62.3722,61.1817,62.1627,2534051
2016-08-16,62.0484,62.0484,61.515,61.7912,2476438
2016-08-17,61.2007,61.7531,60.1531,61.1436,3247680
2016-08-18,61.2388,61.7626,60.715,61.0769,2130647
2016-08-19,60.8769,61.5055,60.7912,61.0864,1965377
2016-08-22,61.3341,61.3436,60.715,60.8007,1942015
2016-08-23,61.315,61.6579,60.7531,60.7626,1935956
2016-08-24,60.964,61.2008,60.1107,60.1107,2613121
2016-08-25,60.2258,60.4367,59.9765,60.1299,2336706
2016-08-26,60.3983,60.9064,59.9861,60.36,2144860
2016-08-29,60.4846,60.8297,60.2162,60.2929,1512936
2016-08-30,60.4558,60.7298,60.0628,60.3025,1432509
2016-08-31,60.3025,60.3648,59.7848,59.9765,1860575
2016-09-01,59.5355,60.4654,59.0561,60.4558,1813998
2016-09-02,60.6763,60.9064,60.312,60.5421,1989268
2016-09-06,60.6284,60.8106,59.9286,60.1395,1779421
2016-09-07,59.9573,60.2641,58.9027,59.1041,2215593
2016-09-08,59.1137,59.2479,58.596,58.874,2025771
2016-09-09,58.3179,58.596,56.9182,57.1579,3609639
2016-09-12,56.6881,58.1645,56.5731,58.1166,2520706
2016-09-13,57.8961,58.3563,57.4647,57.9536,3161657
2016-09-14,58.0112,58.6535,57.6373,58.4042,1908652
2016-09-15,58.3659,60.1299,58.3563,60.0628,3235543
2016-09-16,60.1778,60.2545,58.9219,59.4876,2947780
2016-09-19,59.8423,60.4463,59.6409,59.8806,2167214
2016-09-20,60.1011,60.312,59.6793,59.7656,2304243
2016-09-21,60.0148,60.7818,59.9334,60.6859,2042296
2016-09-22,61.2516,61.3762,60.753,61.0502,2323994
2016-09-23,61.0694,61.1845,60.6188,60.6188,3185537
2016-09-26,60.197,60.3744,59.6505,59.7081,3196399
2016-09-27,59.7081,61.2899,59.2575,61.1749,2551061
2016-09-28,61.3762,61.4817,60.6572,61.2899,2313234
2016-09-29,61.3474,61.6159,60.3312,61.1078,1820057
2016-09-30,61.4912,62.2918,60.7914,61.7884,3104694
2016-10-03,61.635,62.0665,61.4145,61.5967,1921072
2016-10-04,61.5584,62.2486,61.3379,61.5871,1572049
2016-10-05,61.8172,62.4883,61.1653,62.0089,2089080
2016-10-06,61.9322,62.1527,61.3954,62.0665,1355332
2016-10-07,61.9514,61.9514,61.1078,61.7597,1852115
2016-10-10,62.1048,62.2007,60.7243,60.7339,2117272
2016-10-11,60.6955,61.0215,59.0945,59.5355,3533134
2016-10-12,59.5834,59.593,58.1933,58.6631,3305068
2016-10-13,58.2892,58.3419,57.0812,58.2029,3570863
2016-10-14,58.5864,60.1203,58.4522,59.4971,3834677
2016-10-17,59.1041,59.7176,58.7973,59.152,2475889
2016-10-18,59.756,60.2449,59.4588,59.5738,2759160
2016-10-19,59.2862,59.5067,58.7398,59.3533,1380441
2016-10-20,59.7081,61.0502,59.1232,60.8489,4556524
2016-10-21,60.523,60.7147,59.6505,60.312,1827129
2016-10-24,60.9064,61.405,60.8202,61.3762,1316285
2016-10-25,61.3762,61.6063,61.1078,61.4145,3077982
2016-10-26,60.9448,61.1173,60.4942,60.8202,2576590
2016-10-27,61.2324,61.5104,60.4558,60.6572,2067995
2016-10-28,60.8297,61.635,60.7339,60.9064,2412153
2016-10-31,61.3954,61.7789,61.1078,61.4529,2175818
2016-11-01,61.7405,61.7405,60.2449,60.9735,3643421
2016-11-02,61.1557,61.5296,60.7818,61.0311,2359632
2016-11-03,61.1173,61.3858,60.7243,61.2132,2329504
2016-11-04,60.2929,61.3762,60.2929,60.8106,2136527
2016-11-07,61.8651,61.8843,61.3187,61.7022,2982679
2016-11-08,61.4337,62.6992,61.079,62.1719,2224478
2016-11-09,60.475,62.5938,59.919,62.287,2448840
2016-11-10,62.5171,63.2457,60.8297,61.5967,2189018
2016-11-11,61.635,62.7376,61.4577,62.6225,2172195
2016-11-14,62.7184,64.0654,62.6321,63.7154,4326318
2016-11-15,63.9743,65.6616,63.725,65.3932,3345093
2016-11-16,65.3261,65.6712,64.8851,65.0768,3532334
2016-11-17,65.0864,65.4986,64.5974,65.3932,1611350
2016-11-18,65.1151,65.7479,64.8275,65.6424,1580079
2016-11-21,65.9109,67.023,65.8725,66.9367,3583465
2016-11-22,70.0333,71.7781,69.5252,69.8799,7844320
2016-11-23,70.6277,71.0495,69.6115,70.551,5923012
2016-11-25,70.4168,71.2508,69.9,71.1358,1998287
2016-11-28,70.9536,71.3851,70.4935,71.0975,3126685
2016-11-29,71.107,71.7685,70.4206,71.4522,2917965
2016-11-30,71.6932,72.0692,70.9797,71.5775,3803292
2016-12-01,70.9219,71.5196,66.2024,66.5351,5518525
2016-12-02,66.1976,67.7402,65.9614,67.5956,3248119
2016-12-05,68.2994,68.6754,67.6342,68.068,2445010
2016-12-06,68.473,68.9358,67.7402,68.4537,2196847
2016-12-07,68.4344,70.3434,67.9909,70.3241,2648413
2016-12-08,70.3723,71.5871,70.1409,71.2304,2153639
2016-12-09,71.8667,72.1367,69.8902,70.5169,2106681
2016-12-12,70.2373,70.6297,69.6107,70.2855,2194622
2016-12-13,70.488,71.0858,70.1795,70.4784,2171902
2016-12-14,70.6037,70.7965,69.6974,69.9385,2482166
2016-12-15,70.1988,71.2882,69.9385,70.9701,2165838
2016-12-16,71.1243,71.3461,69.3889,69.5046,5131290
2016-12-19,69.8131,70.382,69.5624,70.1988,1947706
2016-12-20,70.3048,70.9508,70.1988,70.7676,1729600
2016-12-21,71.0472,71.6257,70.6423,70.9604,1868309
2016-12-22,71.24,71.2979,70.3916,70.8158,1680836
2016-12-23,70.7387,71.2208,70.7098,71.1918,1229062
2016-12-27,71.1629,71.9439,71.1629,71.645,897044
2016-12-28,71.8667,71.9246,70.893,70.9219,1851038
2016-12-29,70.7483,71.2304,70.6037,70.9412,1330996
2016-12-30,71.1533,71.3654,69.7967,70.0156,1759059
2017-01-03,69.9963,71.4707,69.5046,69.9047,2687647
2017-01-04,70.1602,70.4071,69.6589,69.7649,1970972
2017-01-05,69.8131,70.0059,68.7236,68.7622,2067347
2017-01-06,69.0129,69.3696,68.4542,69.0322,2069899
2017-01-09,69.0707,69.9096,68.955,69.36,2399482
2017-01-10,69.2925,69.9095,69.2732,69.7553,2403211
2017-01-11,69.6781,70.0542,69.4853,70.0156,1581704
2017-01-12,69.8228,69.8228,68.4537,69.6299,2099204
2017-01-13,69.7649,70.2698,69.5287,70.0638,1509448
2017-01-17,69.6396,70.7773,69.2732,69.6878,2374615
2017-01-18,70.0349,70.9894,69.6299,70.3916,2107097
2017-01-19,70.2663,70.758,69.6974,69.842,1988799
2017-01-20,69.5046,71.0086,69.5046,70.2663,1811606
2017-01-23,70.1313,70.6134,69.8131,70.1698,2205565
2017-01-24,70.3916,71.0376,69.9565,70.8737,3312910
2017-01-25,72.0065,72.8791,71.8378,71.8667,3944255
2017-01-26,71.7028,71.8667,71.1243,71.5389,4172570
2017-01-27,71.8764,74.1807,71.5871,74.171,3820728
2017-01-30,74.0071,74.0071,72.532,73.5443,2477104
2017-01-31,73.4093,73.4576,71.9198,72.2524,2610137
2017-02-01,73.043,73.9782,72.7152,73.4383,2589106
2017-02-02,72.9466,73.3033,72.4452,72.532,2490038
2017-02-03,72.8116,73.0141,72.5609,72.8116,2143141
2017-02-06,72.9369,72.9369,72.2524,72.8212,1789190
2017-02-07,72.9755,73.8336,72.6862,73.5733,2136116
2017-02-08,74.2385,74.9616,74.0264,74.7013,3397804
2017-02-09,74.9809,74.9809,73.7372,73.7661,2192298
2017-02-10,74.0264,74.0264,72.8309,73.7854,1668587
2017-02-13,74.2481,75.2316,74.0553,75.1255,2637630
2017-02-14,75.0484,75.1737,74.306,75.0484,2589583
2017-02-15,77.9022,78.7025,75.1641,78.6735,7032662
2017-02-16,78.0951,79.6087,77.854,79.0303,3465020
2017-02-17,78.8664,79.5413,78.5578,79.522,2933246
2017-02-21,79.5413,79.898,79.0495,79.8498,2375575
2017-02-22,79.7916,79.8691,79.0257,79.5492,3680283
2017-02-23,79.6365,79.6462,78.5507,79.113,2277865
2017-02-24,78.4926,79.2002,78.3501,79.1809,2841133
2017-02-27,79.1518,79.9079,78.7543,79.7625,1793205
2017-02-28,79.6656,79.7237,79.0839,79.4232,2045377
2017-03-01,79.9273,81.2263,79.6365,81.1972,2265145
2017-03-02,80.8385,81.5074,80.4992,81.0906,2714886
2017-03-03,81.0615,81.0906,80.4992,80.635,2357205
2017-03-06,80.4605,81.6625,79.8304,81.2845,3717381
2017-03-07,81.139,81.5918,80.664,80.8579,2892716
2017-03-08,81.2069,81.2845,80.635,80.9258,2381960
2017-03-09,80.8288,81.1003,80.2666,80.6253,2005287
2017-03-10,81.3038,81.3038,79.5201,79.6849,7495536
2017-03-13,79.6365,80.4508,79.5396,80.2278,4873827
2017-03-14,79.9952,81.1681,79.8788,81.1197,4881069
2017-03-15,80.8967,81.11,80.0291,80.9549,4499154
2017-03-16,80.7416,80.9452,79.8885,80.189,4107669
2017-03-17,80.761,80.7852,80.1987,80.7125,4184005
2017-03-20,80.7125,81.139,80.3441,80.3635,2713967
2017-03-21,80.7028,80.9064,79.1905,79.2972,3316568
2017-03-22,79.336,79.7431,79.1518,79.6074,2604890
2017-03-23,79.7237,79.811,78.8222,79.0451,3394961
2017-03-24,79.3553,80.4092,78.9094,79.1421,2223544
2017-03-27,78.5217,79.0451,77.9303,78.9094,2450693
2017-03-28,78.8222,79.9855,78.5895,79.6849,2916355
2017-03-29,79.3844,79.7043,78.9773,79.4038,2040482
2017-03-30,79.365,80.0824,79.1324,79.6849,1337976
2017-03-31,79.5395,79.9564,79.2681,79.4426,2337302
2017-04-03,79.5105,79.7528,78.3859,78.7543,3084353
2017-04-04,78.3375,78.8997,78.037,78.7543,5040761
2017-04-05,79.0936,79.1518,77.5523,77.591,3514192
2017-04-06,77.6589,78.1921,77.1548,77.8625,3970751
2017-04-07,77.8431,78.1242,77.213,77.5619,3308798
2017-04-10,77.5523,77.6686,76.767,76.9028,2906963
2017-04-11,76.5247,76.5344,74.5859,75.691,6040225
2017-04-12,75.8752,76.0497,74.2854,74.518,2904147
2017-04-13,74.518,75.468,74.1303,74.169,2223163
2017-04-17,74.4308,74.8379,73.8201,74.0527,2462244
2017-04-18,73.5098,75.1578,73.5002,75.0415,3342580
2017-04-19,75.3129,75.8073,74.5762,74.6344,2625531
2017-04-20,75.1481,76.4762,74.8379,76.2533,2898859
2017-04-21,74.8379,75.7879,74.0721,75.2548,4476578
2017-04-24,77.0385,77.6201,76.5732,76.7961,2993699
2017-04-25,76.9706,77.2905,76.5344,76.9221,2570298
2017-04-26,76.9803,77.0288,75.2063,75.5941,2998678
2017-04-27,76.2436,76.4665,75.1869,75.468,2375278
2017-04-28,75.4777,75.5941,73.6359,73.8685,4316369
2017-05-01,72.7537,74.0769,72.3659,73.8879,4571778
2017-05-02,74.14,74.1496,72.9961,73.1996,5528417
2017-05-03,73.0058,73.5389,72.8603,73.2869,3131976
2017-05-04,73.4226,73.8394,72.9088,73.345,2300623
2017-05-05,73.4614,73.5486,72.967,73.4711,3283420
2017-05-08,73.345,74.2466,73.0542,74.043,5040178
2017-05-09,74.4792,76.767,74.4211,76.0982,5266014
2017-05-10,77.0772,77.5619,76.2145,76.6119,3944381
2017-05-11,76.3211,76.8252,75.4293,76.04,2288815
2017-05-12,76.2145,76.6216,76.0545,76.2242,1975314
2017-05-15,76.7477,77.9109,76.3987,77.7558,4034159
2017-05-16,77.9885,78.8222,77.6298,78.5701,3011941
2017-05-17,77.5716,77.814,75.9721,76.0206,3591971
2017-05-18,77.0869,78.8319,76.6119,78.0176,5026568
2017-05-19,78.1824,79.7528,78.1824,78.7543,4024419
2017-05-22,79.0742,79.84,78.9337,79.5783,2009527
2017-05-23,79.5783,79.8013,78.4247,79.4523,2146525
2017-05-24,79.937,80.0533,79.1712,79.6074,1751235
2017-05-25,79.8013,80.412,79.239,79.8207,4015012
2017-05-26,79.9758,80.3538,79.4329,80.2763,1910621
2017-05-30,80.4605,82.5641,80.4605,82.2054,6744931
2017-05-31,86.2672,87.7213,83.136,83.136,14864313
2017-06-01,83.6401,83.6789,79.3941,79.6946,11366033
2017-06-02,79.113,79.6268,77.4747,78.4344,8927592
2017-06-05,78.5314,78.8125,75.8655,76.3405,8580171
2017-06-06,76.2048,77.9836,76.2048,77.6492,5486320
2017-06-07,78.1366,79.0628,78.1171,78.7996,3913710
2017-06-08,79.2578,80.4374,78.3219,80.3691,3754715
2017-06-09,80.8468,80.8955,75.6263,76.6256,4941869
2017-06-12,76.0504,78.4486,75.9724,77.7369,5528632
2017-06-13,78.1366,79.6769,78.1366,79.1895,4063417
2017-06-14,79.638,79.8037,77.9709,78.9068,3173898
2017-06-15,77.7759,78.7216,77.542,77.7467,2986144
2017-06-16,78.1659,78.2146,76.9863,78.0294,5700640
2017-06-19,78.9653,79.209,77.8344,78.3511,3118028
2017-06-20,78.2634,79.599,77.191,77.2105,3918127
2017-06-21,77.503,78.1903,77.0155,77.9709,3525072
2017-06-22,78.7703,79.6185,77.9904,79.2772,4364478
2017-06-23,79.1213,80.0757,78.8678,79.5015,10736858
2017-06-26,79.8914,80.0377,77.9027,78.5461,2536535
2017-06-27,78.1269,78.5266,75.8652,76.1771,4009798
2017-06-28,76.5768,77.3957,75.9042,77.2105,2721682
2017-06-29,76.957,77.1325,74.2664,75.7872,3580578
2017-06-30,76.3331,76.3624,75.2802,75.8457,2193607
2017-07-03,76.3039,76.5768,74.1591,74.1981,1368338
2017-07-05,74.5686,76.1479,74.4613,75.7872,2767425
2017-07-06,74.978,75.7774,74.5881,75.3875,2897961
2017-07-07,75.6897,76.8693,75.5532,76.4988,2803698
2017-07-10,76.5378,76.879,75.8067,76.7523,2167822
2017-07-11,76.9668,78.3414,76.3039,77.8539,2763005
2017-07-12,78.3804,79.131,78.0197,78.3511,2591449
2017-07-13,78.3024,78.7216,77.8581,78.2536,1709260
2017-07-14,78.6923,79.638,78.4877,79.5015,2153637
2017-07-17,79.56,79.7939,78.9068,79.053,1483272
2017-07-18,78.9263,79.1505,78.1366,79.1018,1686020
2017-07-19,79.3065,79.3357,78.1074,78.3511,2810323
2017-07-20,78.3316,78.858,77.9807,78.8191,1804783
2017-07-21,78.0586,78.2049,76.4598,76.9765,3122467
2017-07-24,76.9765,77.4591,76.4501,76.7718,1924655
2017-07-25,76.8108,78.0879,76.4793,77.5225,1865748
2017-07-26,78.1269,79.2578,77.7954,78.6923,2298126
2017-07-27,78.7996,79.2383,76.9765,77.5517,2683369
2017-07-28,77.2495,77.3762,76.5183,77.2495,1677677
2017-07-31,77.464,77.9222,76.957,77.0253,2199726
2017-08-01,77.2397,77.4786,76.6597,76.9668,1728057
2017-08-02,77.4932,77.6492,76.3916,76.84,2250910
2017-08-03,76.6938,77.0046,75.7774,75.9822,2162931
2017-08-04,76.1284,76.4306,75.5776,75.8262,2382264
2017-08-07,77.6492,77.6492,75.8067,76.8888,2047867
2017-08-08,76.6841,77.8734,76.4403,76.9863,1894162
2017-08-09,76.5476,76.6743,75.4752,76.0211,1978962
2017-08-10,75.524,75.9919,74.7242,74.9,2355433
2017-08-11,74.8318,76.3234,74.4906,76.0796,1919352
2017-08-14,76.6841,78.1464,76.5963,77.8929,2230171
2017-08-15,77.9222,78.3511,77.2885,77.9514,1784198
2017-08-16,78.0002,78.8678,77.7857,78.0489,2147190
2017-08-17,77.7954,77.8832,75.6019,75.6117,2064511
2017-08-18,75.6507,76.1089,75.095,75.7872,1884655
2017-08-21,75.8554,76.0309,75.017,75.7482,1461306
2017-08-22,76.1576,77.308,76.1284,77.1813,1735941
2017-08-23,76.5281,77.308,76.1576,77.0838,1597943
2017-08-24,77.3567,77.4445,76.8498,77.2787,1316891
2017-08-25,77.5712,77.8344,76.8303,76.9863,1006589
2017-08-28,77.2203,77.7077,77.2105,77.4445,1888471
2017-08-29,76.7133,77.8149,76.5671,77.5517,2737165
2017-08-30,80.0669,81.7827,79.1993,81.617,6868364
2017-08-31,82.2214,82.8648,81.305,81.5682,5136798
2017-09-01,81.8607,83.0403,81.5,82.2604,2648027
2017-09-05,81.6365,81.9874,79.9499,80.915,2890580
2017-09-06,81.1198,81.461,80.1546,80.4374,3021651
2017-09-07,81.0157,81.0451,79.2023,79.4963,3993124
2017-09-08,79.6042,79.9767,78.5161,78.8494,2695414
2017-09-11,79.2121,81.0549,79.2121,80.5942,4104953
2017-09-12,80.9961,81.1627,79.8786,80.5256,2657200
2017-09-13,80.2119,80.7608,80.0845,80.4374,1964237
2017-09-14,80.1335,81.496,80.0943,80.7118,2226102
2017-09-15,80.7412,82.3978,80.5648,82.1822,2923791
2017-09-18,83.3192,83.8486,82.4076,83.4859,3348469
2017-09-19,83.5251,84.0152,82.6625,83.5545,1790930
2017-09-20,83.5251,83.6035,81.2706,82.0351,2171787
2017-09-21,81.8685,82.7115,81.447,82.5743,2885267
2017-09-22,82.1528,83.5545,82.094,83.2408,2097691
2017-09-25,82.7997,83.3192,81.9665,82.2214,1923931
2017-09-26,82.9075,82.986,81.9516,82.2508,1281367
2017-09-27,82.8977,83.5447,82.1528,83.2408,1513019
2017-09-28,82.9173,84.0837,82.7801,83.9466,1570130
2017-09-29,83.9858,84.7013,83.8878,84.4661,1712509
2017-10-02,84.8778,85.0542,83.9858,84.123,1688513
2017-10-03,84.2602,84.819,84.1426,84.2014,2215128
2017-10-04,84.0544,85.3567,83.8878,85.2797,2533887
2017-10-05,85.3777,86.5981,84.9856,86.1521,2683537
2017-10-06,85.76,86.2501,85.6719,86.1325,1118469
2017-10-09,86.2207,86.5246,85.5541,85.9756,1748816
2017-10-10,86.3383,86.3971,85.6424,86.2501,1294094
2017-10-11,85.9756,86.8382,85.956,86.8186,1761852
2017-10-12,86.7304,87.2989,86.554,87.0735,2309617
2017-10-13,87.1911,87.8969,86.7598,87.2989,2230901
2017-10-16,87.7106,87.8528,86.4658,87.0735,2007721
2017-10-17,86.9167,87.2989,86.6226,87.1813,1247273
2017-10-18,87.446,87.495,86.5345,87.2401,1129505
2017-10-19,86.5736,87.0735,85.6522,87.0441,1577542
2017-10-20,87.8381,88.1517,87.0049,87.1715,1778531
2017-10-23,87.6616,87.8969,86.8088,87.0147,2031182
2017-10-24,87.0147,88.9947,86.6324,88.5046,2671585
2017-10-25,87.8871,88.6615,87.4656,88.0831,2039688
2017-10-26,88.4752,89.1614,88.0831,88.7693,1239705
2017-10-27,88.9751,89.5731,88.1812,89.4064,1625012
2017-10-30,89.5437,90.1416,89.0928,89.5143,1248271
2017-10-31,89.6613,89.926,88.9555,89.4947,1530506
2017-11-01,90.0338,90.289,88.7987,89.1908,2373950
2017-11-02,89.0536,89.6613,88.4752,88.9947,1448167
2017-11-03,89.1712,90.0142,88.4076,89.9946,1367407
2017-11-06,90.5925,91.1218,89.8377,90.4553,1531256
2017-11-07,90.2592,90.7395,89.8867,90.0828,1416911
2017-11-08,90.0828,90.6182,89.2398,90.1808,1617599
2017-11-09,89.8573,89.8769,86.2403,87.9263,3143571
2017-11-10,87.7695,88.2498,87.1225,87.8185,2736363
2017-11-13,87.593,88.4262,87.2401,88.2498,2428812
2017-11-14,88.0145,88.7007,87.6286,88.6517,2172550
2017-11-15,87.8087,88.1713,86.9167,87.397,2250494
2017-11-16,88.0145,88.9555,87.642,88.6909,2297938
2017-11-17,89.2006,89.2496,88.4556,88.6321,2342924
2017-11-20,89.1712,92.1315,88.9359,91.2297,6529634
2017-11-21,90.7886,90.9944,87.1225,88.4066,6028669
2017-11-22,87.8381,88.9457,86.6814,86.8971,4028510
2017-11-24,86.9167,87.4852,86.2697,87.3872,1623905
2017-11-27,86.7402,87.0735,85.6718,85.7208,2890664
2017-11-28,85.3581,85.711,84.6808,85.3483,3843143
2017-11-29,85.3581,85.5639,82.2364,83.9662,6130300
2017-11-30,84.5672,85.0107,83.7494,84.853,3866597
2017-12-01,84.2618,84.518,82.3699,84.1534,3545012
2017-12-04,84.311,84.3885,82.626,83.5523,3723596
2017-12-05,83.2961,84.449,82.9315,83.5917,2340774
2017-12-06,83.03,84.2322,82.8034,84.1632,2805087
2017-12-07,84.3603,85.2472,83.9267,84.853,3914204
2017-12-08,85.1881,85.6512,83.6705,84.2716,3411413
2017-12-11,84.2421,85.0994,84.045,84.5475,2322676
2017-12-12,84.4983,84.7249,83.6705,84.2322,2248856
2017-12-13,84.5672,84.6707,83.8873,83.9366,2067998
2017-12-14,83.9267,84.7151,83.5818,84.1928,2288059
2017-12-15,84.8136,85.932,84.045,85.4245,3765981
2017-12-18,85.937,87.0603,85.9271,86.8041,2743112
2017-12-19,86.4986,87.1786,86.134,86.6662,2098577
2017-12-20,86.8337,87.6318,86.5582,87.3559,2093655
2017-12-21,87.7008,87.8388,87.1293,87.3559,1917206
2017-12-22,87.2081,87.5727,86.9716,87.553,1680412
2017-12-26,86.9913,87.553,86.4001,87.3362,1379370
2017-12-27,87.5924,88.2724,87.2771,87.7994,1827388
2017-12-28,87.9964,88.5483,87.4052,88.0753,1973056
2017-12-29,88.0556,88.3709,87.4742,87.7304,3414815
2018-01-02,87.9373,89.3267,87.6318,88.9621,2343204
2018-01-03,88.9621,90.2727,88.7355,90.0658,2009600
2018-01-04,90.5289,90.9329,89.918,89.9673,1879594
2018-01-05,90.184,90.923,89.5041,90.3319,1799107
2018-01-08,90.4698,90.864,90.0264,90.4895,1907387
2018-01-09,90.46,90.9822,90.0855,90.3023,2780187
2018-01-10,89.7505,89.8194,88.4793,88.7946,2654440
2018-01-11,89.0804,89.9278,88.6271,89.8589,1924204
2018-01-12,89.7308,91.2384,89.243,90.6767,3175716
2018-01-16,91.0315,92.3322,91.0019,91.741,3373675
2018-01-17,92.6278,94.5543,92.2435,94.1749,4011289
2018-01-18,94.1848,96.9439,93.9384,95.8205,5285179
2018-01-19,96.2147,96.5102,94.7366,94.7366,2762390
2018-01-22,94.983,95.584,94.372,95.2392,4442387
2018-01-23,95.2786,95.7023,94.4902,95.0618,3247107
2018-01-24,93.0023,95.2247,91.8494,93.9483,6258394
2018-01-25,94.7859,95.5742,90.5881,90.6373,3655853
2018-01-26,91.7311,92.7954,91.2286,92.4702,4752279
2018-01-29,91.8395,93.0614,91.061,92.4111,3078148
2018-01-30,91.4158,92.0267,90.0313,90.2136,3684942
2018-01-31,90.5486,91.199,90.0855,90.5388,3462002
2018-02-01,89.918,91.2286,89.918,90.3121,2312175
2018-02-02,89.4154,89.9574,87.76,87.8092,2922619
2018-02-05,87.4545,88.3019,84.0844,84.1534,3817435
2018-02-06,82.9709,87.4151,81.5519,87.2475,5440793
2018-02-07,85.4837,86.6662,84.045,84.1041,4555784
2018-02-08,84.2913,84.3515,81.3647,81.4731,5279077
2018-02-09,82.6851,83.3453,79.7683,82.7048,5649666
2018-02-12,83.0694,84.6461,82.8034,83.8085,3287666
2018-02-13,84.7545,85.1683,82.5472,83.1089,2688995
2018-02-14,82.3008,84.2026,82.1726,83.8873,2819560
2018-02-15,84.6855,84.6855,82.9807,84.1534,2214365
2018-02-16,84.0351,85.5231,83.9268,84.8333,2570580
2018-02-20,86.0059,88.1837,85.6512,87.1194,3960959
2018-02-21,87.4151,88.7256,86.5676,87.1194,2604385
2018-02-22,87.1687,88.0556,86.7844,87.2672,2430033
2018-02-23,88.0457,89.11,87.8683,89.0508,2114897
2018-02-26,89.2479,91.0709,89.2479,91.0118,2683639
2018-02-27,90.864,92.2829,90.2927,90.9132,3256317
2018-02-28,93.1205,93.5344,88.2922,88.834,4248509
2018-03-01,88.5778,89.2085,85.5231,87.0209,4136105
2018-03-02,86.1636,88.361,85.7103,88.2231,2298681
2018-03-05,87.5333,90.3614,87.4693,89.8096,2972161
2018-03-06,90.391,91.2187,89.849,90.5881,1958754
2018-03-07,89.9968,91.4454,89.2282,91.3862,2981069
2018-03-08,92.0202,92.4164,91.1981,91.8419,2175599
2018-03-09,92.4164,93.9517,92.4164,93.8329,2769075
2018-03-12,93.8428,94.8234,93.7685,94.6253,2766087
2018-03-13,95.0908,95.9328,93.3277,93.7635,3521766
2018-03-14,94.0409,94.4262,92.3867,93.1989,1549718
2018-03-15,93.0305,93.4664,92.2777,93.0503,1273980
2018-03-16,93.2088,94.1102,92.872,93.2584,4067799
2018-03-19,92.8423,92.9315,90.9702,92.6145,2900298
2018-03-20,92.6244,92.7433,91.4952,91.832,1764046
2018-03-21,91.624,93.0008,91.4485,91.9211,1612749
2018-03-22,90.6632,91.5546,89.6231,89.6825,2842437
2018-03-23,89.5042,89.9896,86.8199,86.8694,2613285
2018-03-26,88.484,92.3074,88.0977,92.2282,3669351
2018-03-27,92.8919,93.4267,89.4151,90.1877,4507475
2018-03-28,89.8509,90.7529,88.5632,89.0585,2601968
2018-03-29,89.841,91.1436,88.9991,90.267,2663466
2018-04-02,89.6132,90.0193,87.0874,87.9095,3308596
2018-04-03,88.7614,89.0684,87.0675,88.6722,2721620
2018-04-04,86.9784,90.6582,86.711,90.3759,2069939
2018-04-05,91.2278,91.5745,89.4052,90.0788,1769446
2018-04-06,88.9991,89.6231,87.2954,87.4737,2294318
2018-04-09,88.276,89.5835,87.0675,87.1567,2513876
2018-04-10,88.6524,89.95,87.9194,89.1774,2242970
2018-04-11,88.4048,90.2868,88.3354,89.9401,1785178
2018-04-12,90.8217,92.357,90.3363,92.1391,2984233
2018-04-13,92.6145,92.7136,91.3219,91.9013,1869665
2018-04-16,92.2975,92.6938,91.6042,92.2579,2125310
2018-04-17,92.7631,94.6352,92.7631,94.2687,1920040
2018-04-18,93.8824,94.546,93.1345,93.6744,1909797
2018-04-19,92.0994,92.0994,88.9099,88.9991,3774177
2018-04-20,88.5434,89.1477,87.8203,88.9099,4413807
2018-04-23,89.316,89.3359,86.6911,87.1666,2790338
2018-04-24,88.4246,88.6227,86.493,86.8199,3137035
2018-04-25,87.226,88.0779,86.5029,86.9388,2652389
2018-04-26,87.6123,88.1868,86.8893,87.86,1981386
2018-04-27,88.4246,88.5355,86.3841,86.8496,2738572
2018-04-30,86.9388,87.3697,85.2153,86.5228,3756174
2018-05-01,86.3147,88.1571,85.9185,88.0185,2094342
2018-05-02,88.167,88.3602,86.6515,87.4638,1586748
2018-05-03,86.6911,87.434,85.4134,87.0775,2261117
2018-05-04,86.7209,89.4597,86.2949,89.4151,2404772
2018-05-07,89.009,90.3066,89.009,89.6429,1867006
2018-05-08,90.0688,90.5839,89.2566,90.5542,1575027
2018-05-09,90.99,91.8617,90.5542,91.7428,1939391
2018-05-10,92.1985,92.5155,91.515,92.456,1914403
2018-05-11,92.1985,92.7532,91.5447,91.723,1359030
2018-05-14,92.3074,94.0211,92.3074,92.981,2173465
2018-05-15,92.1886,92.9612,91.9112,92.6739,2074877
2018-05-16,93.0602,93.9022,92.6938,93.8725,1472840
2018-05-17,93.3178,94.2786,93.2683,94.1399,3344110
2018-05-18,93.8031,94.6649,93.189,93.9814,3222037
2018-05-21,94.6649,95.1602,93.605,94.3975,1694232
2018-05-22,94.8729,95.4573,94.4371,94.8036,1336131
2018-05-23,93.714,94.1696,93.1543,93.4961,3026109
2018-05-24,93.6149,94.3677,93.0999,94.1399,1920669
2018-05-25,94.031,94.5956,93.6447,94.546,1467930
2018-05-29,93.7833,94.4173,92.9909,93.4961,3474601
2018-05-30,92.1886,96.0616,92.1192,94.0805,3232438
2018-05-31,95.0017,97.4582,94.6451,96.2597,5076775
2018-06-01,96.7549,97.4978,95.5433,97.4681,2301728
2018-06-04,97.5672,99.3353,96.5073,99.0331,2619657
2018-06-05,99.0629,99.9642,98.7063,99.6869,1869421
2018-06-06,99.9048,101.1826,99.1619,101.1331,2183527
2018-06-07,101.8197,103.0936,101.0634,101.4714,3660582
2018-06-08,100.7151,100.8245,99.5208,100.5757,2304778
2018-06-11,100.3767,101.3619,100.2174,100.9041,1635477
2018-06-12,101.0932,101.5809,100.4662,101.5311,1998432
2018-06-13,101.6505,101.7285,100.2473,100.5658,2064256
2018-06-14,101.2425,102.4865,100.8245,101.2127,1855704
2018-06-15,101.4714,101.4714,99.6203,101.0136,3118232
2018-06-18,99.9686,100.7748,99.3516,100.6056,1861445
2018-06-19,99.0232,99.6502,98.4261,99.5805,1759024
2018-06-20,99.8691,100.5857,99.3019,100.516,1419235
2018-06-21,100.8544,100.8544,98.5057,98.6848,1691489
2018-06-22,99.3516,99.4014,98.2071,98.6152,6226473
2018-06-25,97.6697,98.028,96.4207,97.6797,4653476
2018-06-26,97.9782,98.9336,97.5801,98.237,2365558
2018-06-27,98.2071,98.8739,95.9779,96.0376,4415221
2018-06-28,95.7291,96.2267,94.5945,95.4902,2349472
2018-06-29,95.9679,97.3612,95.2912,95.4604,3116694
2018-07-02,94.5846,95.9082,94.1666,95.8485,2058459
2018-07-03,96.2764,96.3759,93.9178,94.0571,876025
2018-07-05,94.8732,96.0774,94.4751,95.9381,1977695
2018-07-06,95.9281,96.9432,95.4604,96.7342,1551048
2018-07-09,96.9532,97.3911,95.7092,96.7143,1861303
2018-07-10,96.9432,98.1972,96.5501,98.0678,2229347
2018-07-11,96.9333,97.4408,95.5101,95.7589,1509676
2018-07-12,95.7191,98.1076,95.4404,97.9285,2328902
2018-07-13,98.1474,98.2668,97.4209,97.6498,1130229
2018-07-16,97.8787,97.9185,96.8536,97.1721,1380079
2018-07-17,96.5053,97.8688,95.9928,97.7891,1928858
2018-07-18,98.0578,98.9197,97.9981,98.6152,1635235
2018-07-19,98.3166,98.4858,96.9333,97.7891,1389518
2018-07-20,97.5503,98.2196,96.8337,97.3413,1393001
2018-07-23,96.9233,97.4856,95.8684,97.3214,1403708
2018-07-24,97.5702,98.7014,96.8387,96.983,2964645
2018-07-25,97.0129,97.6797,94.6343,96.0873,2613589
2018-07-26,97.1024,98.0877,96.2665,97.2318,2546220
2018-07-27,97.62,98.6152,96.2466,96.5153,2147637
2018-07-30,97.1024,97.1024,94.5547,94.8533,2545043
2018-07-31,95.2215,96.3958,95.122,95.6793,2501285
2018-08-01,94.9727,96.2764,94.9727,95.5798,1717680
2018-08-02,94.5448,96.0873,94.2968,95.7291,1711780
2018-08-03,95.6196,96.2366,95.4092,96.0973,1017822
2018-08-06,95.7291,96.9532,95.5997,96.9134,1322202
2018-08-07,97.2418,98.2171,96.983,98.1176,1128804
2018-08-08,98.028,98.237,97.4707,98.018,1256580
2018-08-09,98.0678,98.1972,97.2716,97.2716,1451129
2018-08-10,94.8732,96.2466,93.6292,94.485,2817351
2018-08-13,94.7339,95.6693,94.3855,94.6741,1939325
2018-08-14,95.122,95.7787,94.3606,94.3955,1761598
2018-08-15,93.4898,94.0671,92.3653,93.3107,2022306
2018-08-16,93.9377,94.6144,93.5097,93.8083,1828687
2018-08-17,93.0121,94.3756,92.224,94.1268,2869440
2018-08-20,94.3358,94.4552,92.7932,93.2908,2161016
2018-08-21,93.6093,95.9978,92.9723,95.4604,4051255
2018-08-22,92.1065,97.6498,91.6089,97.4508,7540753
2018-08-23,97.819,98.5057,96.774,96.9233,2666119
2018-08-24,97.5901,98.4111,96.9731,98.3066,2674789
2018-08-27,98.8142,100.2374,98.5256,99.5905,2907259
2018-08-28,100.1279,100.3866,98.9834,99.9388,3673414
2018-08-29,99.9388,99.9388,99.272,99.69,2370112
2018-08-30,99.48,100.17,98.28,98.57,1891693
2018-08-31,98.21,99.24,98.2025,98.85,1710018
2018-09-04,97.49,98.89,97.11,98.11,4053178
2018-09-05,98.12,98.84,97.49,97.87,2689002
2018-09-06,97.45,98.09,96.11,97.09,2809812
2018-09-07,94.86,95.92,93.59,93.96,5451386
2018-09-10,94.56,95.18,93.05,94.59,3120064
2018-09-11,94.12,94.39,93.1,93.25,3229948
2018-09-12,92.1,92.56,89.35,91.02,5793632
2018-09-13,92.19,93.07,90.88,92.4,3516824
