date,open,high,low,close,volume
2013-09-16,64.7134,65.5422,64.6187,65.0828,2705342
2013-09-17,64.9975,65.2249,63.7662,64.1735,4496783
2013-09-18,63.9556,64.003,62.5158,63.0842,5621142
2013-09-19,63.0842,63.8419,61.1898,61.4171,5500547
2013-09-20,61.5023,62.2506,61.2276,61.3129,4672455
2013-09-23,61.2371,61.6444,60.0531,60.7161,3208728
2013-09-24,60.7825,61.9381,60.6688,61.3887,3008336
2013-09-25,61.5118,61.6444,61.095,61.4929,2401339
2013-09-26,61.3413,62.137,61.095,61.3603,1155390
2013-09-27,61.2655,61.3603,60.5837,61.0761,1625031
2013-09-30,60.5267,61.0098,60.1668,60.6404,1860220
2013-10-01,60.8109,61.7676,60.6593,61.4739,2052038
2013-10-02,61.3034,61.5677,60.8866,61.3413,1850919
2013-10-03,61.3129,61.4644,60.6404,60.8393,2140680
2013-10-04,60.934,62.9847,60.8488,62.9326,4246571
2013-10-07,62.4022,62.6295,61.8339,61.9002,2086944
2013-10-08,61.8906,61.8906,61.064,61.0735,1634215
2013-10-09,61.0545,61.3491,60.5985,60.6745,2413552
2013-10-10,61.1875,62.7267,61.1495,62.4322,3568293
2013-10-11,62.6127,62.6127,61.9191,62.2327,2421683
2013-10-14,61.9286,62.3847,61.5107,62.2422,1654773
2013-10-15,62.1947,62.3562,61.3681,61.6246,1697220
2013-10-16,61.8621,62.5842,61.5486,62.3752,2119298
2013-10-17,61.4156,61.4156,60.7125,60.9785,5263060
2013-10-18,61.0165,61.1495,58.5842,60.2659,6354018
2013-10-21,60.532,60.741,59.9666,60.0379,2921511
2013-10-22,60.3514,60.7599,60.1329,60.608,3514479
2013-10-23,60.3514,60.4845,59.0498,59.2398,3653390
2013-10-24,59.2208,59.6626,58.3277,58.6222,3407609
2013-10-25,58.7362,58.8408,58.4702,58.7362,1952995
2013-10-28,58.9168,59.0023,58.4702,58.6982,4417148
2013-10-29,58.5082,58.6222,57.3111,57.7196,7963634
2013-10-30,58.1187,59.8099,58.1187,59.0213,4453721
2013-10-31,59.0308,59.9239,58.8778,59.5723,3645120
2013-11-01,59.5818,59.8193,59.0498,59.4868,2475739
2013-11-04,59.5248,60.6697,59.4488,60.4179,2799369
2013-11-05,59.9714,60.1994,59.4868,59.5438,4652124
2013-11-06,59.7434,60.5985,59.2303,60.0854,2552820
2013-11-07,60.5035,60.8075,59.4013,59.4393,2755810
2013-11-08,59.4488,60.2469,59.3823,60.1899,1869462
2013-11-11,60.1709,60.7885,60.1139,60.475,1542592
2013-11-12,60.1709,60.3894,59.6864,59.9239,2013633
2013-11-13,59.6769,60.703,59.6769,60.6935,3535789
2013-11-14,60.703,61.8716,60.6175,61.7481,2695368
2013-11-15,61.4916,61.9096,61.045,61.8336,1826359
2013-11-18,61.8621,62.0664,61.4441,61.5201,2013516
2013-11-19,61.5201,61.7576,61.159,61.3206,2827057
2013-11-20,61.3111,62.9168,61.2636,62.6507,3117969
2013-11-21,63.0118,64.4084,63.0118,63.4488,4075515
2013-11-22,63.4868,64.4369,63.1828,64.3894,2333793
2013-11-25,64.798,65.5248,64.7885,65.3681,3090045
2013-11-26,65.3396,65.7101,65.14,65.1495,2471093
2013-11-27,65.5011,65.7101,64.9833,65.4346,1982168
2013-11-29,65.5581,65.9951,65.3871,65.4916,1073752
2013-12-02,65.5296,66.0046,64.9025,65.045,2581051
2013-12-03,64.684,64.931,64.0664,64.2659,2803240
2013-12-04,64.0379,64.3324,62.8788,62.9833,4939709
2013-12-05,63.0023,63.4393,61.4963,61.5771,4605954
2013-12-06,62.1947,62.7647,62.1092,62.7267,2069291
2013-12-09,62.9453,63.5628,62.7837,63.4868,2717660
2013-12-10,63.4203,63.9524,63.4108,63.7814,3795192
2013-12-11,63.7909,63.9809,62.8027,62.9928,4339165
2013-12-12,62.7077,63.4536,61.8526,61.8906,3302732
2013-12-13,61.9001,62.7077,61.4868,61.7766,2783793
2013-12-16,62.1377,62.3562,61.7671,62.3372,2933125
2013-12-17,62.3372,62.6032,61.8336,62.4702,3031296
2013-12-18,62.6792,63.7624,62.2897,63.7244,3309152
2013-12-19,63.3823,63.5913,62.9358,63.3063,2507757
2013-12-20,63.4488,63.8099,63.0783,63.6388,2943489
2013-12-23,63.8954,64.3039,63.8384,64.1044,1627998
2013-12-24,64.2374,64.2943,63.9144,64.0094,640349
2013-12-26,64.1614,64.95,64.0569,64.9025,1434834
2013-12-27,64.8455,65.0735,64.684,64.95,1113710
2013-12-30,64.9025,65.083,64.2659,64.7505,1446803
2013-12-31,64.798,65.4251,64.4845,65.1685,1565599
2014-01-02,64.8075,65.178,64.1519,64.1899,1650687
2014-01-03,64.3039,64.855,64.2944,64.4654,810769
2014-01-06,64.7885,64.931,63.8099,64.1519,2055882
2014-01-07,64.3229,65.159,64.3229,65.026,1869524
2014-01-08,65.178,65.8811,64.912,65.6911,2453766
2014-01-09,66.5082,68.1614,65.6911,68.1424,4185843
2014-01-10,67.8859,68.4654,67.0992,67.7909,3438849
2014-01-13,67.6578,68.4084,67.1923,67.4963,2277255
2014-01-14,67.5392,68.2445,67.1675,68.1301,2237082
2014-01-15,68.2445,68.7783,67.8728,68.0539,2438619
2014-01-16,67.7965,67.9586,66.5765,66.9387,3026639
2014-01-17,67.0817,67.3009,66.3001,66.872,2236155
2014-01-21,67.1865,67.3962,66.4431,66.9673,2761472
2014-01-22,67.3486,67.6822,66.71,67.3009,1691905
2014-01-23,66.8339,67.2247,66.0238,66.6909,2139514
2014-01-24,66.3859,66.5861,65.3756,65.6996,2254828
2014-01-27,65.5757,65.9761,65.0992,65.5281,1904532
2014-01-28,65.6043,66.3764,65.5185,65.6996,1493109
2014-01-29,65.2517,66.5479,64.7072,64.8704,2489568
2014-01-30,65.3089,66.3382,65.1182,65.6234,2340824
2014-01-31,65.2803,65.6043,64.7942,65.1278,3349452
2014-02-03,65.2803,65.2803,63.8124,63.9173,4433855
2014-02-04,64.0412,64.3271,63.4217,64.1079,2080389
2014-02-05,63.9649,65.5185,63.5456,65.0706,2493988
2014-02-06,63.6599,65.2135,63.1262,64.737,4376965
2014-02-07,63.1929,63.8744,62.5734,63.6313,4838063
2014-02-10,63.4884,63.6504,62.5162,62.602,4276811
2014-02-11,62.5162,63.1071,62.2208,62.9356,3990769
2014-02-12,62.9356,63.3644,62.0396,62.0968,3831848
2014-02-13,61.9538,63.1595,61.6489,62.6687,3938224
2014-02-14,62.907,66.0046,62.7354,65.9475,5126536
2014-02-18,65.9189,66.5764,65.7616,65.8712,2892323
2014-02-19,65.814,66.6623,65.7664,65.8426,2286999
2014-02-20,65.9665,66.7481,65.8617,66.6147,2712038
2014-02-21,66.5575,67.3573,66.405,67.1294,2287392
2014-02-24,67.0912,69.0309,66.8625,68.4351,2877750
2014-02-25,68.5114,68.9594,67.6726,67.8061,1614215
2014-02-26,67.7394,68.5209,67.339,68.073,1910777
2014-02-27,67.8347,68.2922,67.7251,68.1301,1750296
2014-02-28,68.2064,70.3986,68.1921,69.3025,2782491
2014-03-03,68.9117,69.2167,68.2402,68.8736,1781466
2014-03-04,69.5122,70.3605,69.3597,70.1984,1855732
2014-03-05,70.0745,70.7608,69.6838,70.2938,2490806
2014-03-06,70.532,70.8895,70.0841,70.1413,2398550
2014-03-07,70.656,70.7942,69.7362,70.2556,2313836
2014-03-10,70.0078,70.5988,69.7886,70.5511,1413426
2014-03-11,70.5511,71.0086,70.1508,70.1984,1694679
2014-03-12,69.9792,70.3414,69.6838,69.9125,2759562
2014-03-13,70.3033,70.3414,69.2453,69.4931,3450616
2014-03-14,69.4931,69.8553,68.1301,68.1587,3046098
2014-03-17,68.4161,69.8172,68.3398,69.5694,1969143
2014-03-18,69.4455,70.7703,69.4359,70.2842,2323647
2014-03-19,70.2938,72.0904,69.9697,71.266,3572413
2014-03-20,71.1516,72.8005,71.1516,71.8569,2045097
2014-03-21,72.3907,73.115,72.0667,72.1619,3426444
2014-03-24,72.4193,72.5908,70.818,70.8561,1487721
2014-03-25,70.6083,71.8474,70.4081,70.4749,1629657
2014-03-26,71.0563,71.0563,70.4081,70.7513,1761789
2014-03-27,70.7703,70.7703,69.6647,69.9697,1728605
2014-03-28,70.4367,71.4089,70.2652,70.6274,1569416
2014-03-31,70.9991,71.671,70.7989,71.4566,1814263
2014-04-01,71.6091,72.4288,71.2974,71.5328,1822905
2014-04-02,71.4471,71.5042,70.9324,71.3041,1761101
2014-04-03,71.3231,71.6234,70.6845,71.4852,2048081
2014-04-04,72.1428,72.3525,70.656,70.7513,2593842
2014-04-07,70.7417,71.0944,69.3073,69.4836,2304123
2014-04-08,69.5648,69.8899,68.8382,69.6604,2354108
2014-04-09,69.8612,71.1424,69.7656,70.7504,2554819
2014-04-10,70.8842,71.1137,68.6852,68.7139,3082699
2014-04-11,68.3793,68.8095,67.5284,67.71,1711991
2014-04-14,68.3028,68.3076,67.1364,67.6622,1991415
2014-04-15,67.8152,68.5705,67.4519,68.4845,1941398
2014-04-16,68.7808,68.8669,66.7157,66.8017,3279040
2014-04-17,64.8513,65.3389,63.9144,64.794,8470775
2014-04-21,64.8705,65.8743,64.7653,64.9087,3419148
2014-04-22,65.2338,66.3237,65.1382,65.6927,4403411
2014-04-23,65.7405,66.1134,65.6353,65.8839,3335178
2014-04-24,69.9855,70.7408,68.8478,69.756,5670324
2014-04-25,69.0007,70.6165,68.0638,68.1211,3977058
2014-04-28,68.6279,68.8095,66.9547,67.2798,5372962
2014-04-29,67.6718,67.9777,67.2702,67.3658,3521852
2014-04-30,67.4519,69.2684,66.926,68.3124,4472701
2014-05-01,68.647,69.3641,67.7483,68.3028,2287438
2014-05-02,68.3506,68.7426,68.0064,68.3506,2800287
2014-05-05,68.255,69.2589,67.6527,69.1155,3817834
2014-05-06,69.0199,69.3354,68.7808,68.9147,2434789
2014-05-07,69.0103,70.8173,68.8,70.7982,2698619
2014-05-08,70.6643,71.1615,70.3393,70.4636,1964414
2014-05-09,70.5878,71.3049,70.1289,71.1997,1479971
2014-05-12,71.3049,72.653,71.3049,72.4427,2211739
2014-05-13,72.4713,72.6339,71.9742,72.0029,1930500
2014-05-14,72.0411,72.2706,71.6491,72.0793,2222768
2014-05-15,71.869,72.1271,70.9416,71.4483,2016187
2014-05-16,71.4961,71.7065,70.4158,71.0946,1998871
2014-05-19,71.0754,72.2514,70.999,72.0985,1414730
2014-05-20,72.1941,72.3279,71.3718,71.9072,1966396
2014-05-21,72.0793,72.5,71.9264,72.2801,1679917
2014-05-22,72.2419,72.3184,71.5248,72.1845,1537201
2014-05-23,72.4235,73.131,71.2189,73.0354,2422466
2014-05-27,73.2075,74.264,73.1597,74.0011,2214450
2014-05-28,74.1827,74.2879,73.3223,73.3318,1819785
2014-05-29,73.7238,74.0871,73.045,73.8003,2600083
2014-05-30,73.9628,74.4218,73.2458,74.1445,1773797
2014-06-02,74.4982,74.7946,74.0106,74.4409,2065755
2014-06-03,74.3261,75.1197,74.3166,75.0528,2205944
2014-06-04,74.9572,75.9897,74.9572,75.9037,2142468
2014-06-05,76.267,76.4009,75.6455,75.6455,2198834
2014-06-06,75.9132,76.2861,75.6742,75.9802,1235465
2014-06-09,75.7316,76.0184,75.2535,75.6933,1786210
2014-06-10,75.7411,76.7928,75.4734,76.745,2063314
2014-06-11,76.3244,77.682,76.028,77.4239,3107285
2014-06-12,77.0892,77.5816,76.5532,77.3187,2132463
2014-06-13,77.0701,77.5195,76.6303,77.3856,1772024
2014-06-16,77.3856,77.6533,76.7976,77.0319,2191325
2014-06-17,76.8024,77.2518,76.6781,77.0319,1683444
2014-06-18,76.9745,77.5003,76.2383,77.4239,1879597
2014-06-19,77.5864,77.9688,77.1944,77.835,1500205
2014-06-20,78.0071,78.3895,77.529,78.3226,2334664
2014-06-23,78.3991,78.6094,77.9593,78.4564,1580761
2014-06-24,78.3799,78.5042,77.4047,77.4334,1392893
2014-06-25,77.6151,78.858,77.4047,78.8389,2070939
2014-06-26,78.8675,78.8675,77.7011,78.4469,1182788
2014-06-27,77.9975,78.3226,77.5386,78.1792,1223018
2014-06-30,78.2939,79.0683,77.4525,77.5195,2222230
2014-07-01,77.9115,78.8675,77.4478,78.4564,2867063
2014-07-02,78.5329,79.3073,77.6916,79.2787,1387210
2014-07-03,79.4125,80.034,79.1448,79.9575,1140376
2014-07-07,79.5177,79.8141,78.2652,78.8293,1811800
2014-07-08,78.5465,78.7766,77.5303,77.722,1825136
2014-07-09,78.0,78.4027,77.6453,77.8371,2635826
2014-07-10,77.0605,78.4602,76.8688,77.8946,1923103
2014-07-11,77.9138,78.604,77.5782,78.2397,1762743
2014-07-14,78.5465,79.2224,78.5369,78.767,1659613
2014-07-15,78.767,79.5244,78.6136,78.9779,2026791
2014-07-16,79.4189,79.5148,78.2876,78.767,1902752
2014-07-17,78.2972,81.2452,78.2493,80.2817,4173908
2014-07-18,80.5214,81.2452,79.8407,81.1446,1820597
2014-07-21,80.8282,81.0583,80.2913,80.5214,1544072
2014-07-22,80.9145,82.18,80.7323,81.3651,2518907
2014-07-23,81.6431,81.6815,80.8857,81.0487,1021770
2014-07-24,81.0104,81.3459,80.5406,80.6844,2235261
2014-07-25,78.8725,80.3019,78.489,79.9462,3149679
2014-07-28,79.0738,79.3039,75.354,76.4469,4767382
2014-07-29,79.6586,80.531,78.0384,78.4986,4718010
2014-07-30,79.0738,79.3039,75.354,76.4469,4767419
2014-07-31,75.3157,75.517,72.9668,74.3282,6150743
2014-08-01,74.0118,75.7375,73.8968,75.4786,3041169
2014-08-04,75.795,76.6099,75.2294,76.3127,2055791
2014-08-05,76.1977,76.4853,74.8268,75.2198,2069260
2014-08-06,75.1623,75.6225,74.8459,75.0856,3114474
2014-08-07,74.2611,74.4049,71.7205,72.1136,4083440
2014-08-08,72.4779,73.6859,71.9698,73.5708,2284013
2014-08-11,73.59,73.8584,72.5258,72.6984,2244273
2014-08-12,72.43,72.8949,72.1232,72.3149,3533380
2014-08-13,73.0627,74.031,72.5738,73.8776,2216260
2014-08-14,73.9255,74.472,73.5421,74.4337,1773233
2014-08-15,74.5679,74.6799,73.5421,74.5104,1840712
2014-08-18,74.8076,74.9418,73.9351,74.8171,1417689
2014-08-19,74.8651,76.0059,74.4145,75.8525,1932424
2014-08-20,75.795,76.3175,75.3828,76.2264,1374732
2014-08-21,76.2935,76.4469,75.7902,76.073,1423308
2014-08-22,76.0539,76.2073,75.4882,75.517,1436361
2014-08-25,76.0922,76.1497,75.3636,75.6896,1411073
2014-08-26,75.8142,76.8784,75.7375,76.7921,1719338
2014-08-27,76.9646,78.1438,76.8688,77.7604,2291580
2014-08-28,77.4248,78.882,77.4248,78.5369,2244396
2014-08-29,78.6807,79.7832,78.6232,78.7382,2612623
2014-09-02,79.2464,79.3228,77.6933,78.5465,2392351
2014-09-03,78.9012,79.3806,78.7574,79.0258,1918659
2014-09-04,79.1409,80.6748,79.045,79.5435,2047509
2014-09-05,79.5723,80.6365,79.4285,80.4735,1525717
2014-09-08,80.3968,80.5598,79.812,80.4831,1210243
2014-09-09,80.6748,81.4418,80.531,81.4322,2428125
2014-09-10,81.3171,81.3171,80.0708,80.9241,2224000
2014-09-11,80.5023,80.6916,79.5435,80.2338,2484853
2014-09-12,80.3009,80.3009,78.6136,78.8053,2293369
2014-09-15,78.9012,79.4381,78.5944,78.7287,1476207
2014-09-16,78.7191,80.0229,78.4698,79.9079,1552287
2014-09-17,80.0133,80.4735,79.1313,79.7161,1740800
2014-09-18,79.927,80.5789,79.7832,80.4447,1175936
2014-09-19,81.0487,81.135,80.0996,80.2338,1899458
2014-09-22,79.534,80.2817,79.1409,79.6202,1837855
2014-09-23,79.3614,79.7641,78.5657,78.7287,1512033
2014-09-24,78.767,80.3393,78.7478,80.2913,1656005
2014-09-25,80.0708,80.1619,78.5082,78.6711,1790953
2014-09-26,78.9587,79.1601,77.9138,78.6424,1634281
2014-09-29,78.0192,78.4602,77.7891,77.9809,1972893
2014-09-30,78.1438,78.5561,77.607,77.6549,2138485
2014-10-01,77.8466,77.8466,76.2168,76.5236,2101788
2014-10-02,76.4949,76.6483,75.1143,76.1114,2269905
2014-10-03,76.9263,78.4506,76.4182,78.1247,2707367
2014-10-06,78.652,78.7669,75.819,75.9005,3137596
2014-10-07,75.6512,76.2073,74.75,74.7884,2926867
2014-10-08,74.8267,76.7729,74.5966,76.725,2510916
2014-10-09,76.5907,76.9934,74.9993,75.3732,2273326
2014-10-10,75.5841,76.0059,74.4337,74.4528,2613858
2014-10-13,74.4145,75.1719,73.1969,73.2736,1919262
2014-10-14,73.4708,73.6342,70.2496,71.1342,5506006
2014-10-15,70.0381,71.5958,69.0477,70.74,5439329
2014-10-16,70.865,72.5188,69.7785,70.6054,5204759
2014-10-17,71.5573,73.3938,71.2592,72.49,3877983
2014-10-20,72.5092,73.5525,72.4419,73.5092,2112595
2014-10-21,74.2881,75.5669,74.1919,75.3746,2340403
2014-10-22,75.7881,76.163,74.7111,75.0861,2457915
2014-10-23,75.9419,76.2496,75.4996,75.7207,1875961
2014-10-24,75.9611,76.0573,74.9227,75.6631,2034683
2014-10-27,75.5092,76.5813,75.5092,76.1342,2946789
2014-10-28,75.4323,75.4707,73.24,74.2592,6559095
2014-10-29,74.5765,77.0188,74.5765,76.6823,4034351
2014-10-30,76.6534,78.2496,76.3746,77.4996,2921266
2014-10-31,78.2496,79.3746,77.8938,79.3361,3498609
2014-11-03,79.5957,80.288,78.8457,79.0861,1961684
2014-11-04,79.0284,80.8169,78.9611,80.4899,3518931
2014-11-05,81.1149,81.4419,80.6726,81.0188,2628992
2014-11-06,81.2207,81.7303,80.913,81.4419,1448904
2014-11-07,80.9707,81.4803,78.7784,79.1246,3375749
2014-11-10,79.2592,80.788,79.2592,80.788,1885797
2014-11-11,80.7207,81.5861,80.538,81.2496,1685091
2014-11-12,80.7399,81.461,80.1534,81.2688,1797720
2014-11-13,81.2976,81.7111,80.7592,81.3073,1653486
2014-11-14,81.3457,81.5092,80.3169,80.5861,1539032
2014-11-17,80.5861,82.9515,80.5284,82.9034,2891647
2014-11-18,82.9322,84.7178,82.9322,83.8072,2534352
2014-11-19,83.6822,83.7015,82.1631,82.2592,1841539
2014-11-20,81.8073,82.9803,81.6534,82.5476,2141515
2014-11-21,83.4611,83.788,82.9419,83.038,2334239
2014-11-24,83.2784,84.0092,82.5957,83.5957,1674833
2014-11-25,83.5669,84.0476,83.1822,83.2784,2055613
2014-11-26,83.5476,83.9467,83.1822,83.5669,1348469
2014-11-28,83.7495,84.4707,83.7399,83.8842,819328
2014-12-01,84.3265,84.6149,83.538,84.1726,2354422
2014-12-02,84.2207,85.0476,83.9995,84.9418,2955882
2014-12-03,85.0092,86.3601,85.0092,86.2303,2429281
2014-12-04,85.9611,86.2303,84.9611,85.7592,2580878
2014-12-05,85.9707,87.1822,85.7784,87.1341,2065196
2014-12-08,85.413,86.4226,85.3745,86.1149,1949422
2014-12-09,85.413,86.4226,85.3745,86.1149,1949422
2014-12-10,85.9803,86.0284,84.2303,84.2976,1958974
2014-12-11,83.6534,85.8168,82.9899,84.7303,2276616
2014-12-12,84.3361,85.6149,83.9034,83.9419,2409373
2014-12-15,84.6822,85.0861,82.6053,83.3361,2148759
2014-12-16,83.1822,84.2976,82.3265,82.3457,2196055
2014-12-17,82.9419,84.1342,82.5284,83.8265,2745579
2014-12-18,84.9899,86.663,84.4995,86.663,2643457
2014-12-19,87.2207,88.3361,86.9034,87.3457,4197144
2014-12-22,87.2976,87.5564,86.7015,86.9322,1443602
2014-12-23,87.5091,87.5091,85.5765,86.0092,1506097
2014-12-24,86.2592,86.4226,85.9226,86.1438,548990
2014-12-26,86.2784,86.7976,86.0668,86.3842,803625
2014-12-29,86.2303,86.7207,85.5957,86.2976,912664
2014-12-30,85.9995,87.0861,85.9995,86.6726,1009620
2014-12-31,86.7399,87.5476,85.3649,85.413,1072875
2015-01-02,86.2592,86.6786,84.4899,85.3842,1407051
2015-01-05,84.7495,85.413,83.8947,84.2303,2343065
2015-01-06,84.6245,85.3168,84.1149,84.3553,2980265
2015-01-07,85.0188,86.1053,84.8649,86.0476,2148481
2015-01-08,86.8168,88.9707,86.8168,88.8361,2881606
2015-01-09,88.4899,88.9225,87.4995,87.538,1920761
2015-01-12,87.8841,88.0861,85.7399,86.0765,3649151
2015-01-13,87.2432,88.7329,86.3754,87.0986,3306412
2015-01-14,86.2983,87.6482,85.5269,86.6743,2807287
2015-01-15,87.3685,87.8507,86.7804,87.2625,2418034
2015-01-16,87.2336,89.3259,87.0504,89.2488,2982241
2015-01-20,89.3356,89.5766,87.9278,88.6895,2339384
2015-01-21,89.4706,91.6786,88.6895,91.3508,2762383
2015-01-22,92.1029,92.7104,90.6662,92.6718,2257773
2015-01-23,92.5079,92.8068,91.0615,91.1001,2001173
2015-01-26,90.8783,91.1964,89.9816,90.8687,1822065
2015-01-27,90.2612,90.9265,89.8273,90.348,1521414
2015-01-28,91.1001,91.3219,89.2498,89.3741,2094887
2015-01-29,89.6248,90.4251,88.6606,90.2612,1347668
2015-01-30,89.6441,90.2516,88.3617,88.5353,2048635
2015-02-02,88.7185,89.5863,86.9732,88.921,2817625
2015-02-03,89.6827,90.8976,88.5449,90.8108,2562104
2015-02-04,90.4059,93.4335,89.6731,92.6139,3873347
2015-02-05,92.6911,94.2146,92.5754,93.1346,3461398
2015-02-06,92.8936,93.3275,90.7916,91.158,3557628
2015-02-09,90.8108,91.2158,90.0395,90.3866,1696007
2015-02-10,90.7819,92.5175,90.6758,92.3247,1900646
2015-02-11,92.074,93.2889,91.968,93.0093,1840952
2015-02-12,93.6842,93.6842,92.5561,93.6071,1513793
2015-02-13,93.125,93.4239,92.3922,92.6814,1504604
2015-02-17,92.6525,93.1636,92.1704,93.1636,1515564
2015-02-18,92.8261,93.4914,92.1849,93.4239,2334488
2015-02-19,93.3082,94.0024,92.7779,93.1828,1215507
2015-02-20,92.9514,94.6099,92.7586,94.417,1705487
2015-02-23,94.4942,97.1554,94.4942,97.0783,2587432
2015-02-24,97.2519,98.3318,96.4805,96.5866,2207055
2015-02-25,96.683,96.8855,95.6705,95.9598,1435573
2015-02-26,95.902,96.3455,95.5355,95.7573,1171619
2015-02-27,95.8345,96.3455,95.5548,95.9887,2486023
2015-03-02,95.9694,97.194,95.9116,96.9047,2529281
2015-03-03,96.5866,96.7408,95.4873,96.2201,3398236
2015-03-04,95.8827,98.3511,95.2464,98.11,4275350
2015-03-05,98.0907,98.9586,97.7436,98.4379,2967341
2015-03-06,98.1293,98.2547,96.7023,97.0687,2293947
2015-03-09,97.0205,98.1004,97.0012,97.8979,1330244
2015-03-10,96.8083,97.1554,95.9887,96.5769,2335023
2015-03-11,96.7023,97.329,96.278,96.4612,1627462
2015-03-12,97.194,98.6886,96.9722,98.4668,2286192
2015-03-13,98.3511,100.4724,97.6954,100.3663,2992578
2015-03-16,100.9931,102.9312,100.7617,102.2755,2827825
2015-03-17,101.4559,101.7259,100.6267,101.6295,2401492
2015-03-18,101.562,104.0063,101.3691,103.635,2782709
2015-03-19,104.1364,105.0717,103.4133,104.4354,2448985
2015-03-20,104.8114,105.2164,104.0786,104.7439,2457380
2015-03-23,104.6186,105.9685,104.5703,105.3514,2902204
2015-03-24,105.5056,105.6792,104.715,104.85,2261814
2015-03-25,105.091,105.8431,103.394,103.4518,2571727
2015-03-26,102.9022,103.2878,101.5928,102.1212,2535833
2015-03-27,102.4973,104.1075,102.4683,103.5579,1611783
2015-03-30,105.1296,105.4382,104.0979,104.6861,1635686
2015-03-31,104.0593,104.31,102.6997,102.719,2578893
2015-04-01,102.8444,103.0469,101.1763,103.0469,2028412
2015-04-02,103.2783,104.0015,102.7383,103.3169,1184991
2015-04-06,102.7383,104.175,102.4973,103.9725,1656107
2015-04-07,104.852,105.2386,103.1993,103.209,1638058
2015-04-08,103.5859,104.446,103.0737,103.8565,1237231
2015-04-09,103.4313,104.504,103.4122,104.1078,1530898
2015-04-10,104.3784,104.3784,103.5472,104.2914,916682
2015-04-13,104.504,105.4802,104.0498,104.0788,1247441
2015-04-14,104.3011,104.5997,103.4119,104.2624,1025631
2015-04-15,104.9196,104.9293,101.9042,102.5228,2528903
2015-04-16,104.591,105.9731,104.591,105.7604,2874175
2015-04-17,104.881,105.1419,103.1896,104.1078,1766810
2015-04-20,104.533,105.0327,103.5956,103.6535,1381720
2015-04-21,104.0788,104.9873,103.9628,104.7263,1537522
2015-04-22,104.6973,105.1052,103.639,104.3301,2348211
2015-04-23,104.1851,105.4415,103.9145,105.2482,1150583
2015-04-24,104.9583,105.3545,104.6007,105.1709,1267517
2015-04-27,105.4029,105.6928,103.209,103.3346,2134433
2015-04-28,105.1612,107.3551,103.1413,106.6786,3546814
2015-04-29,106.263,106.7946,103.151,104.3881,2771590
2015-04-30,104.3784,105.0646,103.1027,103.2863,3162917
2015-05-01,104.2431,104.91,103.5569,104.8326,1886841
2015-05-04,105.0356,106.1374,104.91,105.5285,1819323
2015-05-05,104.9583,105.1999,103.2863,103.6052,1922589
2015-05-06,104.3687,104.707,103.0543,103.7695,1210237
2015-05-07,103.4119,105.0743,103.4119,104.2721,1415124
2015-05-08,105.1999,106.147,104.9776,105.5961,1280168
2015-05-11,105.4898,106.5818,105.3545,105.6348,1090578
2015-05-12,105.0839,107.3938,105.0203,106.3886,1638858
2015-05-13,106.4756,107.2778,105.9827,106.1084,1590298
2015-05-14,107.1715,107.819,106.8912,107.7417,1203928
2015-05-15,108.2153,108.9691,107.8287,108.9594,1641279
2015-05-18,108.8338,110.0709,108.3892,109.9162,1516893
2015-05-19,110.1675,110.7713,109.9936,110.2642,1272865
2015-05-20,110.2932,110.9117,109.9066,110.5638,1753241
2015-05-21,110.1772,111.0084,109.9839,110.8441,1089915
2015-05-22,110.4768,111.8782,110.0709,110.6798,1740068
2015-05-26,110.8537,110.989,109.9162,110.0612,1698698
2015-05-27,111.1437,111.9552,110.2159,111.3466,1481477
2015-05-28,111.4819,112.6513,111.1243,112.487,1903593
2015-05-29,112.5644,116.121,110.6314,114.0141,5255359
2015-06-01,114.101,116.1596,113.9561,115.6087,3900691
2015-06-02,115.2415,115.4879,112.9703,113.3955,2630194
2015-06-03,113.9174,114.1784,111.8782,113.0283,3102221
2015-06-04,112.1198,113.0283,111.5786,112.0908,1908847
2015-06-05,111.7042,113.2312,111.1533,112.9413,1441535
2015-06-08,113.0766,113.8498,112.0908,112.1101,1350103
2015-06-09,112.4484,113.5502,112.0521,113.3085,2060399
2015-06-10,113.1539,114.5533,113.0573,113.9851,1590631
2015-06-11,114.246,114.6133,113.7821,113.9947,1674918
2015-06-12,113.2989,113.5115,111.8782,111.9845,1746043
2015-06-15,111.4433,120.0352,110.902,116.9521,6380874
2015-06-16,120.6924,124.3359,118.9914,120.7793,6827917
2015-06-17,121.5525,122.5866,119.3104,119.7066,2797599
2015-06-18,119.8999,121.1853,119.8564,120.3251,2123540
2015-06-19,120.1995,120.4846,119.6969,119.9095,2070285
2015-06-22,123.6207,125.805,123.3211,123.7561,7391401
2015-06-23,123.988,124.4326,122.229,123.901,6173924
2015-06-24,122.8379,124.3263,121.6781,123.2342,8226445
2015-06-25,123.3791,128.5884,122.4803,128.1535,8858720
2015-06-26,128.3758,129.8931,125.689,125.689,5583318
2015-06-29,124.2779,125.1381,122.7799,123.0119,3185561
2015-06-30,124.017,124.3939,122.9829,123.1858,2397481
2015-07-01,124.6259,125.0221,122.9829,124.5775,2452613
2015-07-02,125.0704,125.3894,121.2432,121.3012,3168462
2015-07-06,113.8594,116.7105,111.6849,113.4922,16434068
2015-07-07,113.7724,114.2364,108.8628,111.4626,9846970
2015-07-08,111.0277,112.0425,108.8918,108.8918,5307919
2015-07-09,111.8492,112.603,108.7855,108.8918,5282355
2015-07-10,110.1965,110.9504,108.7951,110.7571,4735036
2015-07-13,112.0135,112.3711,108.6019,110.1965,5353943
2015-07-14,109.7413,112.3275,109.6493,112.1144,3266703
2015-07-15,112.1531,113.3348,111.3056,111.8529,2915583
2015-07-16,112.0272,112.3178,109.2619,109.3636,4820016
2015-07-17,109.2183,109.9157,107.7654,109.3733,4297657
2015-07-20,109.5767,109.5864,107.5523,108.0947,2900826
2015-07-21,107.9979,109.0246,105.6829,108.0463,3933687
2015-07-22,107.9979,110.6421,107.5329,110.3031,4433859
2015-07-23,110.5743,110.6518,108.0657,108.5306,2854301
2015-07-24,108.1141,108.4337,106.2835,106.545,3223436
2015-07-27,105.8379,107.0777,104.5594,106.7678,3783574
2015-07-28,107.3295,108.8405,106.4481,108.7824,3538677
2015-07-29,108.9858,109.3926,107.6298,109.0633,2669504
2015-07-30,110.768,111.0392,108.8309,110.5646,2651141
2015-07-31,111.0296,111.3686,109.1505,109.4217,2882322
2015-08-03,109.9835,111.1167,108.9665,110.2159,3020046
2015-08-04,112.3468,113.422,108.7098,111.572,4244404
2015-08-05,112.928,115.0298,111.8141,114.3615,4296515
2015-08-06,114.4874,114.8603,112.2984,112.744,2713546
2015-08-07,112.434,113.1411,111.4393,112.7343,1582396
2015-08-10,113.2379,113.7997,112.6084,113.4123,1650400
2015-08-11,112.5987,115.7369,112.5309,114.6327,3427988
2015-08-12,113.8094,114.2937,111.7947,113.6157,2843283
2015-08-13,113.9256,114.9378,113.3251,114.5359,1866456
2015-08-14,114.2259,117.1607,114.1194,116.8702,3121978
2015-08-17,116.289,119.9018,116.1243,119.1754,3115374
2015-08-18,119.1657,121.5291,118.9429,120.3087,2838023
2015-08-19,119.5532,119.621,117.0251,118.3424,3405755
2015-08-20,117.3351,118.0809,114.4681,114.8071,3398423
2015-08-21,114.2453,115.0492,111.8625,111.8819,3110884
2015-08-24,104.6369,111.4776,90.5729,107.039,4999714
2015-08-25,110.6034,112.3081,107.0293,107.0293,4461187
2015-08-26,109.3345,112.1047,108.8212,111.7947,4838417
2015-08-27,112.1144,114.1872,110.8165,114.0806,3655116
2015-08-28,113.916,114.3993,112.3759,113.1895,1681832
2015-08-31,113.0055,114.4487,110.768,110.923,2624352
2015-09-01,108.6759,110.6227,107.407,108.0463,2933918
2015-09-02,109.2086,110.0319,107.6839,109.9932,2255389
2015-09-03,110.4968,112.8893,110.1869,111.5623,2637380
2015-09-04,110.0319,110.8262,109.2474,109.906,2175367
2015-09-08,112.589,114.6521,111.8238,114.4293,3120488
2015-09-09,115.8435,116.0856,113.2089,113.5479,2330174
2015-09-10,113.0636,115.2429,112.2403,112.5406,2794760
2015-09-11,111.7851,114.2259,111.6495,114.1872,1846435
2015-09-14,115.0783,115.1267,112.3468,112.7343,1813475
2015-09-15,113.2283,114.2259,112.2112,113.8772,1386675
2015-09-16,114.0903,114.6424,112.4921,113.8869,1796383
2015-09-17,113.9547,115.7853,113.0637,114.0612,1723901
2015-09-18,113.3445,114.468,112.2597,112.5018,2765486
2015-09-21,113.5285,115.9887,112.6955,115.088,2430514
2015-09-22,113.4607,115.6207,112.3856,114.4099,2372801
2015-09-23,114.3906,115.7369,113.5285,115.088,1999692
2015-09-24,114.3712,114.5359,110.8649,112.7827,2415343
2015-09-25,113.7707,113.7707,107.6395,108.5015,3574946
2015-09-28,108.3756,108.4047,101.024,101.9926,5730143
2015-09-29,102.0507,104.54,100.53,102.9709,3945681
2015-09-30,104.5884,107.0099,104.1235,105.9735,3948853
2015-10-01,105.7798,106.9518,103.6392,106.4869,2700233
2015-10-02,105.3924,109.6251,104.2688,109.5573,2716612
2015-10-05,110.3806,111.1264,108.1916,109.4895,1834704
2015-10-06,109.7994,109.906,104.448,105.4117,3301933
2015-10-07,105.6248,106.3416,103.6537,106.1188,2918004
2015-10-08,106.0994,106.4772,104.602,106.1672,1459840
2015-10-09,105.5473,107.4748,105.4311,105.7507,1998078
2015-10-12,105.9929,107.4264,105.5764,107.1552,1992700
2015-10-13,107.3494,112.5916,107.3494,109.9608,4681437
2015-10-14,109.7472,111.0772,106.8455,107.8639,2585770
2015-10-15,106.7863,109.4269,105.1748,108.8929,3269586
2015-10-16,109.7666,110.2423,108.6211,109.689,2144191
2015-10-19,109.6404,111.5723,109.3686,110.8636,2167647
2015-10-20,110.9801,111.4364,107.8056,108.5531,2588207
2015-10-21,109.3395,109.4074,100.6121,105.1166,5530546
2015-10-22,104.7283,105.2136,97.7483,100.3403,7651412
2015-10-23,100.8937,103.1362,99.9326,102.7964,4635815
2015-10-26,102.9906,105.0583,101.5441,104.6506,3775643
2015-10-27,104.3399,108.592,103.8837,107.4367,4829575
2015-10-28,107.4367,107.9318,103.9419,107.8639,4083639
2015-10-29,107.9998,112.9314,107.4465,111.5043,4390653
2015-10-30,112.5334,112.6013,110.7568,111.4267,4113137
2015-11-02,112.048,112.8246,110.7665,111.9703,2362410
2015-11-03,111.2422,112.1062,108.0775,108.5434,2981712
2015-11-04,108.5337,109.1065,104.2526,105.4855,4672359
2015-11-05,105.5923,108.3881,105.301,108.0192,2876947
2015-11-06,106.9416,106.995,103.2138,104.4079,4503343
2015-11-09,104.0875,104.903,102.5634,104.8448,3133522
2015-11-10,105.0874,106.1941,104.7335,105.5631,2678147
2015-11-11,106.233,106.3592,101.7965,102.0198,2947158
2015-11-12,102.709,102.9226,100.0394,100.0976,4710157
2015-11-13,99.651,101.2043,98.5541,99.2239,3871184
2015-11-16,99.3986,102.0198,99.2142,101.9421,2770383
2015-11-17,101.7577,103.9128,100.9713,102.2042,1575016
2015-11-18,102.2042,103.9322,101.4094,103.7381,1719928
2015-11-19,98.7288,100.5539,95.7873,96.9717,11864365
2015-11-20,98.389,101.913,97.6124,101.379,4983916
2015-11-23,101.7188,103.7963,101.2626,102.6217,2922528
2015-11-24,101.7771,103.175,101.3014,102.9808,2249692
2015-11-25,103.2041,103.3691,100.7712,100.9131,2271046
2015-11-27,101.2043,101.7382,100.3791,101.0199,958391
2015-11-30,101.4179,101.8353,99.7481,99.7481,2789302
2015-12-01,100.1462,104.6991,99.7724,104.3594,4371168
2015-12-02,104.4856,106.2815,103.5051,103.806,3974576
2015-12-03,103.6313,104.3885,98.457,98.7482,7098741
2015-12-04,99.4763,103.0003,98.9327,102.243,4784890
2015-12-07,102.3692,102.379,100.0491,100.5927,2945472
2015-12-08,99.8549,101.2334,99.1171,100.8937,2957865
2015-12-09,100.0976,101.4761,99.8239,100.8354,3409133
2015-12-10,100.5636,102.4663,100.1462,101.7577,2162228
2015-12-11,100.9034,103.1944,100.1559,101.845,3556036
2015-12-14,102.146,103.3886,101.6315,102.709,3799941
2015-12-15,103.3886,105.2622,103.1459,103.8934,2712562
2015-12-16,104.9224,105.767,104.0002,105.5825,2823028
2015-12-17,105.5534,106.2136,104.5632,105.6796,2826806
2015-12-18,105.5923,106.7087,104.8642,105.301,4296865
2015-12-21,105.7282,107.3105,105.4175,106.5145,2730712
2015-12-22,107.194,107.2426,104.6118,105.7282,2659431
2015-12-23,105.9417,107.2232,105.9417,106.8591,1776451
2015-12-24,106.796,107.3008,106.3106,106.4271,726770
2015-12-28,106.33,106.466,105.0583,105.767,1543912
2015-12-29,106.3203,107.66,106.1941,106.9902,1088299
2015-12-30,107.1649,107.6018,105.4612,105.7476,1041455
2015-12-31,105.1845,106.3398,104.8448,104.9612,1612742
2016-01-04,103.4759,106.0679,102.9226,106.0679,4890511
2016-01-05,106.5242,107.9464,106.0097,107.5435,3476677
2016-01-06,105.9709,107.7377,105.9029,106.9999,6670167
2016-01-07,105.7379,107.9804,105.0874,107.0484,6282218
2016-01-08,106.7863,107.2328,103.1653,103.9419,7014722
2016-01-11,104.0099,105.1069,101.1461,102.243,4785337
2016-01-12,101.7176,106.6512,101.7176,106.2133,4220817
2016-01-13,106.3106,107.0064,101.9025,102.0582,4485723
2016-01-14,102.0387,105.6197,101.63,105.3375,4230290
2016-01-15,103.2259,105.3278,100.3455,102.2139,4780899
2016-01-19,102.8269,104.0725,101.5133,102.0193,6193186
2016-01-20,100.9781,102.1506,97.5917,101.2408,5735493
2016-01-21,101.776,103.3621,100.9245,102.428,3062336
2016-01-22,103.3037,105.2207,102.8756,104.6855,2344665
2016-01-25,105.7559,105.9115,102.389,102.5934,1853036
2016-01-26,102.8075,102.9875,101.124,102.1555,2466436
2016-01-27,102.2528,102.282,97.8641,98.954,4341894
2016-01-28,99.2557,100.1023,95.7525,96.132,3899056
2016-01-29,96.6964,99.1,96.4075,99.1,3383762
2016-02-01,100.472,102.175,99.752,100.5888,4446315
2016-02-02,100.2774,100.4704,98.2145,99.1389,2833738
2016-02-03,99.3627,99.7422,96.5602,98.4675,2806737
2016-02-04,98.0101,99.5573,97.2706,99.3627,2232601
2016-02-05,99.2946,99.752,96.2926,96.5505,2727304
2016-02-08,95.6941,95.7623,90.78,91.7726,3902142
2016-02-09,91.2179,95.7136,89.9334,94.5848,4493496
2016-02-10,95.665,97.8544,95.6066,97.0565,3197030
2016-02-11,95.6844,96.4337,94.4389,95.1881,2285830
2016-02-12,95.1103,96.677,94.5362,96.6283,2272025
2016-02-16,97.3679,99.5573,96.9397,99.4308,2159795
2016-02-17,99.8395,102.7588,99.4406,102.6226,3342905
2016-02-18,102.389,103.3913,101.2213,101.5716,2409592
2016-02-19,101.9803,102.5642,99.7617,100.6667,2358641
2016-02-22,100.8807,104.1211,100.0731,103.693,3023214
2016-02-23,103.9071,105.0845,103.44,104.4423,1877490
2016-02-24,104.1406,104.4033,102.4085,103.7806,2035019
2016-02-25,104.2379,106.5831,103.1189,106.4566,2184871
2016-02-26,106.5247,108.5293,106.4177,106.9626,2902209
2016-02-29,106.5733,107.7411,105.6781,105.7073,2661945
2016-03-01,106.5928,107.6048,105.104,107.5659,2178109
2016-03-02,107.0891,107.5659,106.1938,107.1864,1978271
2016-03-03,106.3787,106.8847,104.9872,106.6901,2330845
2016-03-04,106.2036,106.8458,104.9288,105.1526,3461181
2016-03-07,104.5396,106.7485,104.1309,106.7485,1996271
2016-03-08,106.116,106.4566,104.0628,104.1114,2510250
2016-03-09,104.958,106.3009,104.4033,106.2814,3584124
2016-03-10,106.8555,108.7239,106.3885,107.887,2315642
2016-03-11,108.6266,110.4268,108.1303,110.4171,2111292
2016-03-14,109.7067,111.3999,109.4634,111.0982,2189207
2016-03-15,110.2711,110.7771,108.2179,109.8332,2213875
2016-03-16,109.6483,110.7674,108.5293,110.31,1964941
2016-03-17,109.9208,110.3392,106.0673,107.5756,3222938
2016-03-18,107.4686,110.3198,106.476,109.5802,2765998
2016-03-21,109.0547,109.7456,107.8481,108.4125,1834105
2016-03-22,108.2179,110.1232,108.0791,109.4926,1834303
2016-03-23,109.5316,109.9597,108.393,108.7433,2229941
2016-03-24,108.3736,109.9208,108.2471,109.3856,2172784
2016-03-28,109.3856,110.31,108.899,109.0839,1099262
2016-03-29,109.4732,110.4755,108.8699,110.2419,2190375
2016-03-30,110.2808,112.4119,110.2808,111.1177,2391921
2016-03-31,110.6701,111.1858,109.3272,109.3272,3217043
2016-04-01,109.1034,110.9328,108.6558,110.6506,2149661
2016-04-04,110.4268,111.867,109.5753,111.4486,2307091
2016-04-05,110.3587,110.7868,107.4394,108.1303,3488006
2016-04-06,108.1984,109.1326,107.8286,109.0937,3579581
2016-04-07,108.3638,108.8504,106.6707,107.3129,3313028
2016-04-08,107.6827,108.1108,105.6878,105.9408,2380451
2016-04-11,105.9798,107.0891,105.1137,105.3472,2539672
2016-04-12,105.6106,106.6834,104.8986,106.5957,1868718
2016-04-13,107.2784,108.0489,106.3713,107.8148,1701549
2016-04-14,107.493,108.0099,106.8297,106.9858,1793917
2016-04-15,107.3564,107.532,105.8446,107.1028,1766083
2016-04-18,106.9663,108.3805,106.4201,107.7466,1483429
2016-04-19,108.6341,110.1069,108.166,108.7219,1248098
2016-04-20,108.8975,110.9555,108.4391,110.419,1860100
2016-04-21,110.1752,111.1115,109.9606,110.302,1320599
2016-04-22,110.6434,111.9893,110.302,111.9893,2030275
2016-04-25,111.3846,112.0674,110.6434,111.4822,1891122
2016-04-26,111.1993,112.9647,111.1993,112.9159,1871924
2016-04-27,112.7599,112.8574,110.4971,110.9945,2445134
2016-04-28,112.2137,113.1012,110.8579,111.804,2448178
2016-04-29,111.1895,111.1895,108.9267,109.5022,3709126
2016-05-02,110.4678,112.0088,110.1167,111.0432,2114222
2016-05-03,110.6629,112.0966,110.5068,111.2578,1782453
2016-05-04,110.263,111.1603,109.5315,110.2727,2316305
2016-05-05,110.1069,111.5017,109.7558,111.0628,1741741
2016-05-06,110.3995,111.4431,108.9755,110.0386,3203232
2016-05-09,110.0289,112.594,110.0289,111.1213,1989944
2016-05-10,111.4236,111.9601,110.7799,111.6382,1522209
2016-05-11,111.8918,111.8918,109.4924,109.4924,1556892
2016-05-12,109.6778,109.9996,105.1229,105.9227,4437699
2016-05-13,105.8642,106.7907,103.6794,105.2399,3163262
2016-05-16,105.1522,107.8246,104.9376,107.7758,2555065
2016-05-17,107.6783,108.3805,106.742,107.4832,1818166
2016-05-18,107.3272,108.7316,106.898,107.8734,1836874
2016-05-19,107.2004,108.5854,105.9617,107.0151,1272425
2016-05-20,107.6588,108.6829,107.4832,107.9124,1160289
2016-05-23,107.6978,108.2635,106.8883,107.3759,1773065
2016-05-24,107.8148,109.1803,107.5369,108.878,2470669
2016-05-25,109.5412,111.0432,109.1121,110.8872,2927697
2016-05-26,110.5361,111.014,109.8728,110.2825,1903044
2016-05-27,110.4971,111.2188,110.0289,110.458,1269029
2016-05-31,110.9262,111.4236,110.2825,110.4385,3122715
2016-06-01,110.263,112.4575,110.0191,112.4477,2590494
2016-06-02,112.4087,117.1099,111.9406,117.0709,5841121
2016-06-03,115.9395,117.3294,115.5006,117.0806,2887632
2016-06-06,117.1392,119.7531,116.9246,119.2752,2408302
2016-06-07,119.1386,119.7628,118.6022,118.6022,1823685
2016-06-08,118.5437,120.1432,118.212,119.6946,2467370
2016-06-09,119.2362,119.6556,117.0153,118.2803,2493626
2016-06-10,117.4903,117.5878,116.71,117.5488,1801722
2016-06-13,117.4123,118.3681,116.1151,116.2418,2034015
2016-06-14,116.1638,117.0368,115.9005,116.6125,1849807
2016-06-15,117.0416,118.0853,116.5832,116.9636,2161890
2016-06-16,116.7393,118.7875,115.9297,118.6412,2408795
2016-06-17,118.4461,118.7387,117.3342,118.1145,2103728
2016-06-20,118.9923,120.5236,118.8899,119.3239,2415444
2016-06-21,120.0359,120.0359,118.0853,118.1048,2279524
2016-06-22,118.134,119.3435,117.0221,117.1977,2566965
2016-06-23,118.7192,118.7192,117.1977,118.017,1946565
2016-06-24,113.4036,117.0416,113.4036,114.7593,3649870
2016-06-27,113.9205,114.1058,111.6577,112.7111,3248126
2016-06-28,113.9498,116.0565,113.5011,115.959,3101878
2016-06-29,116.9051,118.3291,116.6516,118.1925,2283558
2016-06-30,118.768,119.5678,117.8414,119.1191,3026743
2016-07-01,118.6802,118.6997,116.2418,116.9929,4271934
2016-07-05,116.9441,117.383,116.1736,116.749,1841620
2016-07-06,116.3004,118.1535,116.1541,117.2757,1906143
2016-07-07,117.6073,118.0072,111.5894,112.6233,11070220
2016-07-08,113.4426,114.3204,109.4144,114.1156,6427458
2016-07-11,114.1936,115.0422,113.3353,113.5694,5674939
2016-07-12,113.9604,114.3465,112.4453,112.895,4698003
2016-07-13,113.7649,116.8536,113.7649,116.492,3089116
2016-07-14,117.401,118.2514,116.3747,116.4626,3466861
2016-07-15,116.1987,117.9483,115.4754,115.9544,3435697
2016-07-18,116.2574,117.1566,114.8303,115.6904,2299333
2016-07-19,115.3092,115.3092,109.9919,112.5528,8748279
2016-07-20,113.3544,114.4686,112.5822,113.8626,2992569
2016-07-21,112.9634,117.9581,112.7288,115.6318,9371245
2016-07-22,116.3258,118.5348,115.0453,117.7431,4279161
2016-07-25,117.5183,117.7235,115.0258,115.1822,2726464
2016-07-26,114.8889,115.0942,113.4814,114.6055,2699666
2016-07-27,114.0777,114.4882,111.6585,113.2957,2619800
2016-07-28,113.2175,114.0092,112.5919,113.1784,1434197
2016-07-29,111.5168,113.9213,111.5168,112.6115,2520746
2016-08-01,113.0709,113.3055,111.419,111.8686,2327516
2016-08-02,113.9408,115.0551,112.6701,113.1002,2768166
2016-08-03,113.0709,114.713,111.4581,114.2243,2788078
2016-08-04,114.0386,115.0356,113.2175,113.9799,2483349
2016-08-05,114.4002,117.1762,113.7551,116.5995,3416835
2016-08-08,116.6092,116.6092,115.2701,115.6514,2096372
2016-08-09,115.5243,117.0491,115.5243,116.8438,1920943
2016-08-10,116.6386,118.2025,115.8371,116.8438,1704810
2016-08-11,117.0882,117.1175,116.101,116.5017,1100714
2016-08-12,115.9153,117.401,115.3777,116.8829,1739291
2016-08-15,116.8829,117.1371,116.101,116.4822,864107
2016-08-16,116.6092,116.8438,115.7589,116.2476,1026980
2016-08-17,116.2965,117.9874,115.9055,117.8311,2462700
2016-08-18,117.3326,118.8574,117.2153,118.31,2086271
2016-08-19,117.7235,118.2025,116.9807,117.3717,1690389
2016-08-22,117.8213,118.5055,117.225,117.4401,1192645
2016-08-23,117.5965,118.0461,116.8829,117.0686,865467
2016-08-24,116.922,117.616,115.925,116.0326,1409827
2016-08-25,115.622,116.3649,114.84,114.8694,1457729
2016-08-26,114.8889,115.8762,113.9995,114.5859,1483632
2016-08-29,114.9085,115.0062,114.0972,114.3807,1007572
2016-08-30,114.1265,114.7912,113.9604,114.2341,1484572
2016-08-31,113.4814,114.5957,113.4814,114.4784,1295061
2016-09-01,114.7912,114.9574,113.2175,113.5401,1764834
2016-09-02,113.9995,114.2927,113.3739,114.0972,1254563
2016-09-06,114.0777,114.9232,113.4228,113.7453,1601058
2016-09-07,113.3055,114.2634,112.4062,113.8431,1245887
2016-09-08,116.4235,116.4235,113.1882,113.9115,1675670
2016-09-09,113.2762,113.8626,112.7581,112.9438,1596115
2016-09-12,112.4062,113.8529,112.2792,113.5987,1596783
2016-09-13,112.7581,113.4032,111.3115,111.419,2033221
2016-09-14,111.4972,111.6047,109.9616,110.2656,2323217
2016-09-15,109.9431,111.9371,109.3566,111.8491,2089115
2016-09-16,111.4288,112.8363,111.3995,112.4649,2813048
2016-09-19,112.6799,113.1295,112.1521,112.2401,997284
2016-09-20,112.6897,112.8461,112.025,112.0446,959900
2016-09-21,112.2205,114.0581,112.0055,114.0581,1760923
2016-09-22,114.1461,114.7423,113.8724,114.2927,1506802
2016-09-23,114.2536,114.2829,113.022,113.022,1815146
2016-09-26,112.6604,112.9047,112.0153,112.3378,1419301
2016-09-27,112.5822,113.1882,111.9175,113.1295,976259
2016-09-28,113.501,113.8382,112.6799,113.6378,1100437
2016-09-29,113.4228,113.4228,112.201,112.4356,1523505
2016-09-30,112.7679,113.4814,111.9273,112.8461,1839122
2016-10-03,112.328,112.8754,111.7904,112.1325,1332624
2016-10-04,112.2596,112.631,111.5168,112.1814,1386812
2016-10-05,112.2107,112.6213,111.5265,112.3867,1770848
2016-10-06,112.4747,112.4747,110.8521,111.419,1469529
2016-10-07,111.7318,112.0739,110.5882,111.1551,1873315
2016-10-10,111.5852,112.3965,111.4777,112.1228,1703981
2016-10-11,111.9856,112.1129,109.5464,109.7815,2275295
2016-10-12,109.8207,110.3889,107.3326,108.1162,5450235
2016-10-13,107.6069,107.9987,106.9701,107.5383,3795784
2016-10-14,108.2044,108.7875,107.3522,107.4012,2294180
2016-10-17,107.4795,107.6069,106.1375,106.2746,2461387
2016-10-18,108.2436,109.6934,107.9987,109.1546,3601754
2016-10-19,109.2819,109.8599,108.7138,108.7922,2518697
2016-10-20,108.6844,109.1644,108.2926,108.6648,1669435
2016-10-21,107.8322,109.7326,107.6167,108.9783,2409614
2016-10-24,109.4289,109.7815,109.1546,109.7326,2189571
2016-10-25,109.7913,110.1832,108.9881,109.3603,1988983
2016-10-26,109.3113,109.7326,108.5228,108.7432,2823759
2016-10-27,108.9195,109.4191,104.2709,108.5669,4308507
2016-10-28,108.0183,108.232,103.904,105.1971,3994726
2016-10-31,105.5204,105.7457,104.5702,105.1579,2299281
2016-11-01,105.5106,105.5106,102.6894,103.6592,3165728
2016-11-02,103.7277,105.7261,103.1302,103.5416,2248337
2016-11-03,103.7571,104.6583,102.4543,103.0518,2548335
2016-11-04,103.3849,104.7465,103.2376,103.9334,2980086
2016-11-07,105.442,108.3807,105.2461,107.4991,3731206
2016-11-08,107.0583,110.8297,106.8918,110.4672,2668867
2016-11-09,109.6444,116.139,108.0379,115.61,7868016
2016-11-10,116.6778,119.6459,116.6778,117.4516,5350913
2016-11-11,120.1553,121.6932,116.6583,116.8443,7150236
2016-11-14,116.7072,121.752,116.0508,121.4483,5106960
2016-11-15,121.9969,122.4279,119.9104,121.0663,2364976
2016-11-16,120.9781,121.8598,120.2336,120.7822,2522790
2016-11-17,120.9292,123.7503,120.5961,123.623,2574868
2016-11-18,123.5348,123.574,122.183,122.33,2848947
2016-11-21,122.3789,124.7397,122.2516,124.2695,2467821
2016-11-22,124.4654,126.1013,124.4067,125.7977,2852821
2016-11-23,125.2491,126.7772,124.7103,126.6891,1933519
2016-11-25,126.6695,128.4033,126.5226,126.9242,1281217
2016-11-28,126.2777,126.836,124.8671,125.7683,1864651
2016-11-29,127.0319,129.8629,127.0319,129.3339,2914015
2016-11-30,129.6572,129.6572,127.7078,128.1682,3998025
2016-12-01,128.1095,133.36,127.6393,132.1453,4291307
2016-12-02,132.1551,133.7127,130.2645,130.7641,3522666
2016-12-05,130.8523,130.8523,124.7397,126.8066,4283455
2016-12-06,127.3062,127.4434,124.8964,125.9152,3015110
2016-12-07,125.5038,127.267,123.8483,126.023,4004340
2016-12-08,126.023,127.8548,124.6418,126.6597,2449135
2016-12-09,126.9144,127.2768,124.2205,126.2777,2069441
2016-12-12,125.3471,126.787,124.4752,125.6507,2083095
2016-12-13,126.2679,126.9536,124.5242,125.3862,3121689
2016-12-14,125.2687,125.6017,123.8189,124.0736,3749911
2016-12-15,124.2695,125.2785,122.8589,122.8589,2453367
2016-12-16,123.623,125.2197,123.1528,124.2205,3329953
2016-12-19,123.8091,124.2205,121.5561,121.5659,2498175
2016-12-20,121.9969,122.6924,121.4679,122.0851,2676059
2016-12-21,122.1144,122.4083,119.8124,120.8312,2778640
2016-12-22,121.1936,122.8883,118.392,122.1438,3329785
2016-12-23,122.1634,123.8189,121.7716,123.3781,1345701
2016-12-27,123.1038,124.7201,122.5553,123.6524,972553
2016-12-28,123.3879,124.2989,121.9773,122.0361,1049525
2016-12-29,122.3104,122.8001,121.7814,121.9087,1151466
2016-12-30,122.0165,122.1928,120.6549,121.4777,1588055
2017-01-03,122.3006,122.3251,118.0884,120.3316,4162761
2017-01-04,120.5275,121.7226,118.872,121.4483,2899577
2017-01-05,121.7128,123.672,121.7128,121.9675,2566374
2017-01-06,121.9479,123.2214,121.4973,121.7226,2970031
2017-01-09,121.4189,121.6932,118.7741,120.6647,2455673
2017-01-10,120.2034,121.45,119.3592,120.4095,3129144
2017-01-11,120.1936,121.5678,119.6831,120.3702,2728438
2017-01-12,119.6144,121.2438,119.2611,120.3801,2723069
2017-01-13,120.5175,120.861,119.8598,120.0561,2784944
2017-01-17,120.0954,120.0954,117.7985,118.8095,2775527
2017-01-18,119.3494,119.6144,117.7102,118.7408,4245420
2017-01-19,118.7703,120.6549,117.0722,120.3015,4090671
2017-01-20,120.1543,121.6659,119.4819,120.2721,3334442
2017-01-23,120.1936,121.5678,115.8256,117.0035,9677557
2017-01-24,116.2476,116.7482,114.4121,115.4428,6435153
2017-01-25,115.8648,117.4157,114.9716,116.9446,3623432
2017-01-26,116.8071,117.2194,115.4624,115.4722,2671610
2017-01-27,115.9728,116.2084,114.9716,115.2857,2196820
2017-01-30,115.3839,115.3839,113.9017,114.5593,3316493
2017-01-31,115.325,117.72,114.2256,116.4243,5515224
2017-02-01,116.12,119.7519,115.8648,119.369,6713505
2017-02-02,119.0549,119.4378,117.5826,118.2304,2892238
2017-02-03,118.3482,120.6942,118.1519,120.3015,3748991
2017-02-06,119.5752,120.2426,117.9065,118.5642,2487565
2017-02-07,118.5642,118.9666,117.3176,118.4464,2893509
2017-02-08,118.201,119.2022,117.3077,119.0942,2183019
2017-02-09,119.3592,119.6439,118.1715,118.9764,2941097
2017-02-10,119.477,119.8108,118.7801,119.4476,1978174
2017-02-13,119.5163,120.1347,119.3396,119.8009,2032600
2017-02-14,119.369,124.5321,119.3592,123.4916,5141330
2017-02-15,123.5702,126.5938,123.5702,126.0732,4766864
2017-02-16,125.7689,127.2314,125.0327,127.1038,3817031
2017-02-17,125.9456,126.3578,122.5297,122.9616,4214129
2017-02-21,123.4426,124.7971,123.1579,124.0119,2746477
2017-02-22,124.218,127.2805,124.1689,126.4167,3469977
2017-02-23,126.8388,127.5357,126.2008,127.3394,2535831
2017-02-24,127.1038,127.2707,125.9063,126.5934,2364449
2017-02-27,126.191,127.5946,126.1517,127.0744,2366906
2017-02-28,127.1627,127.467,126.2695,126.3873,2115225
2017-03-01,127.7909,128.7529,127.2413,127.6437,3883088
2017-03-02,127.5259,127.9971,126.9566,127.1235,1557999
2017-03-03,127.0548,128.4682,126.8781,128.2817,2093802
2017-03-06,127.3885,129.1455,127.3689,128.8805,2178401
2017-03-07,128.6253,129.7246,127.9676,128.1836,3074204
2017-03-08,128.2425,129.6756,128.2425,129.2829,3103249
2017-03-09,129.3222,130.8044,129.3134,130.3627,3740729
2017-03-10,130.7455,131.727,129.8719,130.3528,2537734
2017-03-13,130.1565,130.7307,129.9111,130.1762,2416896
2017-03-14,129.6167,129.847,128.7627,129.5283,1804559
2017-03-15,129.8228,131.9331,129.6952,131.6387,2183089
2017-03-16,131.4817,132.2816,129.8817,130.608,3096562
2017-03-17,130.5001,130.6866,129.3713,129.3713,2725781
2017-03-20,129.3124,129.7148,127.8204,127.948,1679622
2017-03-21,128.2032,128.8314,126.2793,126.7112,2826914
2017-03-22,126.9664,126.9664,125.7591,125.9652,1953344
2017-03-23,125.8082,126.9811,125.0327,125.4744,2392619
2017-03-24,125.5039,126.2989,123.6978,124.434,3055379
2017-03-27,123.207,124.1984,122.5395,123.9334,2818127
2017-03-28,123.7861,125.1211,123.3837,124.6695,2184778
2017-03-29,124.4143,124.5616,122.9289,123.4131,2150789
2017-03-30,123.3739,126.0977,123.2168,124.5714,2360970
2017-03-31,124.3751,125.3076,123.6781,125.1996,2485324
2017-04-03,125.5137,127.2707,125.3076,126.3677,3064190
2017-04-04,126.1124,126.9173,124.856,125.4941,1798367
2017-04-05,125.9652,126.6916,124.7873,124.9346,2016193
2017-04-06,124.7382,126.6229,124.7382,126.4658,2285085
2017-04-07,126.0339,126.829,125.5628,125.9947,1519016
2017-04-10,126.1615,127.5554,125.9161,126.9173,1510414
2017-04-11,126.4246,127.8633,126.3163,127.6268,1855803
2017-04-12,127.883,127.883,126.533,127.1932,1271128
2017-04-13,126.8681,127.6317,126.5823,126.7498,1909831
2017-04-17,126.7695,127.6564,126.1586,127.4199,2487134
2017-04-18,128.7206,128.9866,125.9911,126.6611,1819564
2017-04-19,127.0553,127.9421,126.0699,127.3706,2209201
2017-04-20,127.4692,130.1198,126.9075,130.0016,3500384
2017-04-21,129.7257,130.3662,128.5876,129.2626,5194583
2017-04-24,130.8786,131.5289,130.2282,130.6618,2240718
2017-04-25,131.4008,132.603,131.1545,131.8738,1913305
2017-04-26,132.1005,133.3419,131.8443,132.0315,1874321
2017-04-27,132.4552,133.4701,131.9625,132.0216,1779371
2017-04-28,131.7162,133.2041,131.1643,133.0957,2959157
2017-05-01,133.2435,135.1847,132.5981,134.7807,3608460
2017-05-02,134.2387,137.4018,133.6278,136.8796,4731927
2017-05-03,136.9682,137.9241,136.2982,136.919,3365995
2017-05-04,137.1358,138.1803,136.4657,138.0423,2442459
2017-05-05,138.1211,138.7912,137.7861,138.7124,1466007
2017-05-08,138.6434,139.6386,138.2148,139.4908,1899781
2017-05-09,139.274,140.4466,139.0573,140.3185,3930096
2017-05-10,139.9737,141.1758,139.6682,140.9492,2517935
2017-05-11,141.6193,142.6441,140.5649,142.2795,3038842
2017-05-12,141.8163,142.7524,140.5353,140.8112,2448879
2017-05-15,140.555,141.1364,139.4514,140.1313,4289190
2017-05-16,140.0131,140.358,138.269,139.7864,2820051
2017-05-17,138.5252,139.3036,136.8796,137.0274,3733279
2017-05-18,137.0077,139.2445,136.9781,138.1803,3870865
2017-05-19,138.2295,140.1707,137.4117,139.2938,2601041
2017-05-22,139.4908,139.6978,138.1901,138.939,2374062
2017-05-23,138.939,139.9737,138.5153,139.816,1599865
2017-05-24,139.8062,142.6736,139.5302,141.836,2259592
2017-05-25,141.8262,144.3291,141.6587,143.1072,2075810
2017-05-26,143.4816,144.8217,143.1072,143.4422,1907532
2017-05-30,143.5013,145.3243,143.324,143.4225,1746823
2017-05-31,143.5802,144.3586,140.5747,142.7426,2445704
2017-06-01,143.2451,145.5904,142.8608,145.4918,2426126
2017-06-02,145.5805,146.5265,143.0579,145.5706,1721822
2017-06-05,145.5411,146.152,145.2159,145.8367,1571508
2017-06-06,145.5214,147.0684,145.1075,145.8367,1814457
2017-06-07,146.5166,147.7976,145.6692,147.3936,2074528
2017-06-08,147.8075,148.1918,146.5363,147.1275,2393499
2017-06-09,147.3246,148.5564,146.8221,147.6005,1934894
2017-06-12,147.2951,147.4724,143.2156,145.6889,2510981
2017-06-13,145.9648,147.4133,145.4425,146.5954,2051202
2017-06-14,146.6546,148.0834,146.2801,147.9356,1614570
2017-06-15,147.6202,148.1425,146.6644,147.1177,1556088
2017-06-16,147.3148,148.783,147.0487,148.3888,2752359
2017-06-19,148.7928,150.1231,148.5958,149.5122,1561603
2017-06-20,149.3644,149.9852,148.8915,149.3841,1328714
2017-06-21,149.4925,150.5778,149.0393,149.8768,1555155
2017-06-22,149.8373,152.8822,149.7881,150.7439,2175870
2017-06-23,150.7833,151.2661,149.5023,149.8768,2015623
2017-06-26,149.9753,150.0541,148.2115,148.9801,1490766
2017-06-27,149.1377,149.8768,148.1918,148.9801,1578495
2017-06-28,150.1625,150.941,149.3052,149.7191,1681328
2017-06-29,150.2808,150.2808,148.6746,149.5614,1410821
2017-06-30,149.7684,150.6651,149.1673,149.6107,1612398
2017-07-03,150.399,151.1972,149.6994,150.1724,2199625
2017-07-05,149.6501,152.2417,149.5713,151.0888,1790295
2017-07-06,151.0494,151.4189,149.5812,150.1034,1545686
2017-07-07,150.6946,152.0052,150.3695,151.6307,1412312
2017-07-10,151.1479,152.5072,151.1479,151.7884,1385194
2017-07-11,151.7192,152.7968,150.8097,152.2827,2022936
2017-07-12,152.2135,153.3207,152.0652,152.8363,1607099
2017-07-13,153.0439,153.815,151.9565,153.2713,2332480
2017-07-14,153.212,154.1512,152.688,153.4987,1988832
2017-07-17,153.6865,154.0325,152.8858,153.2318,2107387
2017-07-18,152.9648,153.2318,150.8591,151.561,2499791
2017-07-19,151.5017,153.1725,151.5017,152.4804,1673791
2017-07-20,152.3915,154.1907,152.1641,153.9534,1827425
2017-07-21,153.8546,154.7048,153.469,154.5268,1225161
2017-07-24,154.8135,155.0804,153.6371,154.2994,1288572
2017-07-25,155.3572,155.7576,154.2105,154.4675,1757627
2017-07-26,153.9633,154.7344,153.3801,153.9139,2152412
2017-07-27,153.6272,153.7854,151.304,152.1443,1692056
2017-07-28,152.3223,153.8447,151.6896,153.5185,1697272
2017-07-31,153.8051,154.2599,152.4804,152.5496,1471415
2017-08-01,154.9915,155.9899,154.5475,155.12,1182192
2017-08-02,153.2219,154.2599,152.3915,152.9747,2524847
2017-08-03,158.8569,159.1534,154.4378,156.7314,3620903
2017-08-04,157.9572,159.8454,154.2302,155.0013,3112621
2017-08-07,154.9915,155.9899,154.5475,155.1991,1283443
2017-08-08,155.0112,155.8762,154.1017,154.4873,1577425
2017-08-09,154.4477,154.8135,153.3207,153.8051,3134715
2017-08-10,153.2021,153.9039,150.4341,150.6812,2531860
2017-08-11,151.0668,151.4226,150.0485,150.4143,1791311
2017-08-14,151.5413,154.2006,151.1162,153.8941,3204343
2017-08-15,154.4477,155.4264,153.9831,153.9831,1697752
2017-08-16,154.774,155.1694,153.8744,154.1215,1242531
2017-08-17,154.1017,155.4956,153.1428,154.0325,1818011
2017-08-18,152.3223,153.6519,152.0059,152.688,1781161
2017-08-21,152.9352,153.5086,152.4607,152.9747,1295519
2017-08-22,152.9747,155.1991,152.688,154.8728,1138107
2017-08-23,154.4477,155.2584,153.9337,154.8036,1324688
2017-08-24,155.0013,155.4858,154.0226,154.3686,1186888
2017-08-25,154.5466,155.6934,154.1907,154.3192,1041699
2017-08-28,154.4774,155.2485,154.1314,154.7443,995664
2017-08-29,153.815,154.8234,153.5679,154.6356,1275576
2017-08-30,154.428,155.6934,154.4181,155.1101,879386
2017-08-31,155.7527,156.0493,155.0409,155.901,2647608
2017-09-01,155.9801,157.1861,155.0063,156.3854,1140964
2017-09-05,155.0508,156.8204,154.7196,156.4546,1821650
2017-09-06,156.8599,157.1367,155.7626,156.9489,1558810
2017-09-07,156.8797,158.58,156.682,158.4219,1786382
2017-09-08,158.1253,161.2987,157.977,160.9724,2081127
2017-09-11,160.9823,162.1785,160.9626,161.3481,2446848
2017-09-12,161.7732,162.6432,160.5671,160.9724,2148245
2017-09-13,161.1207,162.4257,160.2211,160.4485,1311825
2017-09-14,160.1519,161.704,159.9542,160.923,1419104
2017-09-15,160.3496,161.3086,160.2804,160.8242,1977451
2017-09-18,160.923,161.1207,159.0842,159.1633,1606533
2017-09-19,159.7367,159.7367,152.7572,154.2599,3191307
2017-09-20,154.2105,154.2105,152.342,153.2614,1624224
2017-09-21,153.0538,153.0538,151.5709,151.6401,1319158
2017-09-22,151.7489,153.4888,148.7139,151.8181,3404871
2017-09-25,152.0553,153.0736,150.2264,150.2462,1354567
2017-09-26,150.6812,152.7474,150.6812,151.7093,1926177
2017-09-27,151.8675,153.0934,149.9299,152.4508,2688071
2017-09-28,152.2728,155.6044,152.1542,155.5055,1684427
2017-09-29,155.6242,157.2553,155.2089,157.196,2038200
2017-10-02,157.3443,158.8569,157.2059,158.6097,1313366
2017-10-03,158.8272,161.4766,158.4812,161.1504,1563415
2017-10-04,161.4074,162.1291,160.9428,161.3481,1102000
2017-10-05,161.2295,161.2295,159.0447,159.45,1529236
2017-10-06,159.707,160.5375,159.3413,159.4401,993378
2017-10-09,159.3314,159.4945,156.1283,156.4249,1179691
2017-10-10,156.3359,156.4842,153.9732,154.3192,1701181
2017-10-11,154.6862,156.025,152.7324,155.0134,2157189
2017-10-12,155.1622,155.2614,152.8415,153.2183,1668700
2017-10-13,150.0645,152.2167,148.4579,151.8001,2000368
2017-10-16,151.0464,151.7803,149.6579,150.1934,1406331
2017-10-17,149.5488,154.9867,149.5488,154.6167,1922761
2017-10-18,155.0829,157.1755,154.5275,156.1341,2838210
2017-10-19,156.1738,156.7094,154.3986,156.3424,1909481
2017-10-20,156.9474,159.8334,156.6598,159.5161,1781431
2017-10-23,160.5773,161.2318,158.9111,160.1409,1611714
2017-10-24,159.4367,159.9128,157.9193,158.7623,1805668
2017-10-25,158.1673,159.4268,157.9491,158.8318,1182113
2017-10-26,158.8119,183.4574,158.683,177.1299,5340258
2017-10-27,178.9944,179.0837,171.1594,171.695,12494382
2017-10-30,170.9313,172.1016,169.4437,169.8205,3123817
2017-10-31,167.8767,169.3643,163.1658,168.6304,4366266
2017-11-01,169.5131,170.852,168.2932,170.3859,2368236
2017-11-02,169.642,171.571,169.3346,170.9016,1955522
2017-11-03,171.6355,181.4441,168.8585,175.5331,5653037
2017-11-06,176.5348,177.0307,174.5612,175.4935,2977697
2017-11-07,175.6522,176.5348,174.4224,175.3745,2216192
2017-11-08,175.1463,177.1894,173.9066,173.9959,2703484
2017-11-09,172.9843,173.8769,169.8503,171.1098,2139336
2017-11-10,171.1694,174.1397,169.9693,173.6785,2240986
2017-11-13,172.8752,172.9942,170.604,171.5958,2193305
2017-11-14,170.8322,171.1098,169.3048,170.4156,1429004
2017-11-15,169.7115,170.7726,168.7494,169.5924,1719776
2017-11-16,170.1677,173.5198,169.0966,173.3215,2175281
2017-11-17,172.8653,173.857,171.5661,171.7743,1754038
2017-11-20,171.5264,174.948,169.5924,173.5,2837777
2017-11-21,174.2042,176.1183,173.6686,174.9976,2194123
2017-11-22,175.0769,176.7084,173.9562,174.7893,1327464
2017-11-24,174.8984,175.6323,173.7083,175.0075,536797
2017-11-27,174.3529,175.5034,173.3612,174.6405,1462836
2017-11-28,174.9579,177.7745,173.5893,177.3679,1538715
2017-11-29,176.4456,179.4705,175.6274,178.0919,1624441
2017-11-30,178.4192,190.7865,177.5673,178.6969,12048175
2017-12-01,180.1548,180.5019,175.1385,179.8176,3881291
2017-12-04,183.3483,183.7351,177.0406,177.2291,23978404
2017-12-05,177.2489,179.3118,177.1299,177.2191,6229606
2017-12-06,176.5943,178.2407,176.5943,177.4274,5898357
2017-12-07,177.2588,177.7547,175.4637,177.358,4485981
2017-12-08,177.8241,181.2953,177.647,181.2259,4553030
2017-12-11,181.4639,181.8109,179.8771,180.0754,3404936
2017-12-12,179.8374,180.9333,179.6291,179.8374,3211787
2017-12-13,179.4903,180.6606,177.4968,177.6357,4735297
2017-12-14,178.0076,178.6076,176.7728,177.0208,3621520
2017-12-15,177.4473,179.1333,176.6935,178.2208,5656750
2017-12-18,177.8142,178.6969,175.7315,175.8803,3346126
2017-12-19,176.0191,177.8737,175.8208,177.3282,2972539
2017-12-20,177.3679,179.1432,177.0704,178.0721,1972644
2017-12-21,178.2605,180.2936,177.7745,179.2424,2284325
2017-12-22,179.7779,180.0358,178.1812,178.4787,1782957
2017-12-26,178.2605,179.6093,178.0225,178.9349,747408
2017-12-27,179.3118,179.411,178.1117,179.3614,989819
2017-12-28,179.5101,179.7382,178.5184,179.7382,811954
2017-12-29,179.8672,180.1052,178.4689,178.9052,1359013
2018-01-02,179.4506,180.4622,178.5779,179.2027,2942074
2018-01-03,179.2622,180.4622,178.6175,180.3035,2332070
2018-01-04,180.373,182.8722,180.3432,181.8606,3321347
2018-01-05,182.1879,184.469,181.9896,184.2805,3674232
2018-01-08,183.9433,184.826,183.1301,183.1301,2049481
2018-01-09,183.0607,184.0019,180.5019,182.0887,3756790
2018-01-10,181.303,182.9936,181.1936,182.4666,4152549
2018-01-11,182.4168,183.3417,182.3273,183.1925,3596113
2018-01-12,183.282,184.1472,182.6953,183.1826,2414419
2018-01-16,183.4213,184.366,183.1528,183.6202,2335205
2018-01-17,184.1472,184.6345,183.118,184.0776,1775933
2018-01-18,183.8588,185.3804,183.8588,184.4655,2219429
2018-01-19,185.0025,186.9119,184.3312,186.7627,3419784
2018-01-22,187.3594,188.5627,186.9616,188.2942,2576435
2018-01-23,187.9561,188.5876,187.0809,188.2644,1990261
2018-01-24,188.4235,189.8854,188.4235,189.0898,2464051
2018-01-25,189.0898,191.8644,188.9506,190.8102,2613102
2018-01-26,191.6555,192.0334,190.5019,192.0334,2742909
2018-01-29,191.8942,193.3263,191.4964,192.6699,1363969
2018-01-30,185.2312,188.7417,184.3859,186.8522,6423931
2018-01-31,187.608,189.5174,185.7881,185.7881,3425768
2018-02-01,185.4898,187.8069,185.1318,186.355,2596718
2018-02-02,185.6688,186.355,183.5506,183.9782,2199354
2018-02-05,183.471,184.366,179.7815,179.9505,2996979
2018-02-06,178.3693,182.4964,177.8124,181.0047,3450429
2018-02-07,180.4876,183.103,180.3881,180.4876,2123860
2018-02-08,180.7959,180.8953,177.0168,177.0168,3694547
2018-02-09,177.6732,177.8621,172.6511,175.4157,4046386
2018-02-12,175.6047,177.8721,174.4312,176.4003,4543659
2018-02-13,176.0621,177.7627,175.8434,177.534,2011528
2018-02-14,176.8279,177.5837,175.7539,175.7936,1913984
2018-02-15,176.3008,177.0367,174.9185,176.1914,2274553
2018-02-16,175.7638,177.882,175.6544,177.524,2138366
2018-02-20,177.0168,177.703,175.6842,177.0467,1909648
2018-02-21,177.0168,177.6732,174.7992,174.7992,3276242
2018-02-22,175.5649,175.913,174.0235,174.0931,1432158
2018-02-23,174.1527,175.0677,173.3074,174.5804,1819930
2018-02-26,174.8588,175.555,173.9539,174.7793,1515352
2018-02-27,175.1273,176.45,175.0478,175.2964,1227374
2018-02-28,175.6942,177.2555,175.3695,176.082,2102224
2018-03-01,176.082,177.4047,174.9493,175.4754,1737915
2018-03-02,175.2467,176.8478,174.5903,176.5494,1386502
2018-03-05,176.2213,177.9218,175.7638,177.4743,1736775
2018-03-06,177.6135,177.6831,176.6091,177.2456,1347095
2018-03-07,176.5196,177.6533,176.0423,177.6533,2097535
2018-03-08,177.5041,177.5439,174.64,175.2765,3374469
2018-03-09,175.8334,177.0367,175.1671,176.4003,1605823
2018-03-12,176.4202,177.1362,176.092,176.092,3340563
2018-03-13,176.4798,176.6389,175.8973,176.4599,2333877
2018-03-14,176.5992,176.6986,175.187,175.6445,1887897
2018-03-15,175.5251,175.8831,173.1891,173.6257,1873553
2018-03-16,173.9141,174.2224,172.8898,172.9494,1900422
2018-03-19,172.9395,173.2975,170.5925,171.1096,1405117
2018-03-20,171.3384,171.8157,170.0654,170.682,1801710
2018-03-21,170.3538,171.1494,168.9616,169.071,1980097
2018-03-22,168.6135,169.608,168.0964,168.5141,1680657
2018-03-23,168.5936,168.8721,167.1317,167.1815,1530017
2018-03-26,167.8378,170.0555,167.44,169.8069,1336189
2018-03-27,169.8069,170.0058,167.082,167.4301,2176957
2018-03-28,168.0069,169.4393,167.44,168.4942,1573264
2018-03-29,168.8224,168.882,167.266,168.0666,2775402
2018-04-02,168.0765,168.4246,165.9632,167.1815,2989578
2018-04-03,167.6986,168.4445,167.2212,167.8279,1952316
2018-04-04,167.2312,170.0157,166.4555,169.4489,1847803
2018-04-05,169.787,172.1638,169.1704,169.7671,2011075
2018-04-06,169.3594,169.9859,168.2555,169.4389,2845351
2018-04-09,169.6776,172.4323,168.5141,170.5726,3074587
2018-04-10,171.219,173.1483,169.7472,172.9097,8211422
2018-04-11,172.1916,172.9895,170.3864,170.8153,2382297
2018-04-12,171.2142,173.4283,170.9549,172.8199,2558111
2018-04-13,173.5081,173.6677,171.9822,172.4709,2350627
2018-04-16,173.4782,177.1285,172.9197,175.423,2658641
2018-04-17,176.6398,176.919,174.7648,176.8193,2547608
2018-04-18,176.6298,177.7468,176.4852,177.0587,1986332
2018-04-19,176.5301,176.939,175.0041,175.9616,1243509
2018-04-20,176.2109,176.6099,175.1138,176.4503,1673802
2018-04-23,176.5999,176.9489,175.7122,176.6298,2281983
2018-04-24,177.2681,177.9662,175.9616,176.7295,1614310
2018-04-25,176.56,178.5646,176.0314,178.5148,1292777
2018-04-26,178.2455,179.4224,177.5773,178.3452,2411627
2018-04-27,178.2355,180.7788,178.2355,179.4024,1101625
2018-04-30,179.542,180.5194,178.3851,178.5746,1910701
2018-05-01,179.193,180.2003,177.8765,178.2355,1921134
2018-05-02,178.3652,178.5248,175.6424,176.2807,2433702
2018-05-03,175.8618,175.8618,171.0945,171.673,3741742
2018-05-04,171.2242,172.7751,170.5659,171.8026,2027504
2018-05-07,171.9323,172.2365,170.8951,170.9449,2032045
2018-05-08,170.7355,171.0147,169.7381,170.3764,1965830
2018-05-09,170.3465,171.3838,169.5885,170.1171,1988926
2018-05-10,170.536,171.8525,169.6983,170.1371,1633873
2018-05-11,170.556,174.2063,168.651,174.2063,3204710
2018-05-14,174.3459,177.4277,173.3685,177.3479,3432233
2018-05-15,177.1983,177.3978,176.2109,176.6298,1610834
2018-05-16,177.0287,177.4775,176.2209,176.9988,1458464
2018-05-17,176.9988,177.5873,176.2508,176.56,1447770
2018-05-18,176.5999,177.0886,175.7821,176.3406,1559684
2018-05-21,177.4177,177.4177,176.171,177.2482,1183640
2018-05-22,177.4077,178.5148,176.7395,176.7395,2348055
2018-05-23,176.57,177.0986,175.8918,176.8692,1277252
2018-05-24,176.7794,177.1235,175.0041,176.6497,1155229
2018-05-25,176.6697,178.1308,176.0264,178.066,953127
2018-05-29,177.2282,177.5274,176.0015,176.3106,1732336
2018-05-30,176.9789,177.697,176.4702,177.3978,1342204
2018-05-31,177.2382,177.2382,174.6351,175.6624,2587374
2018-06-01,176.1311,176.5301,175.6125,176.1311,1674328
2018-06-04,176.1311,176.6597,175.5626,175.8319,1062247
2018-06-05,175.5826,176.1212,174.4456,175.1836,1834386
2018-06-06,175.3233,178.6145,175.2834,178.5347,1966134
2018-06-07,178.6444,179.5221,177.7269,179.2628,2409876
2018-06-08,179.3924,180.3499,178.9536,180.3299,2222725
2018-06-11,180.3599,181.9257,179.6518,181.5766,1653816
2018-06-12,180.7389,181.806,178.6744,180.2003,2961093
2018-06-13,184.5587,188.0195,184.4889,186.9224,4058087
2018-06-14,187.2715,188.1392,186.703,187.5906,1511346
2018-06-15,187.0919,189.1066,187.0919,188.9969,2971264
2018-06-18,188.588,188.6977,186.1744,186.4536,1351578
2018-06-19,185.8153,189.2861,185.5959,188.7775,1508812
2018-06-20,188.6977,190.2186,188.1691,189.7249,1288564
2018-06-21,189.8745,190.7921,188.5979,188.6478,1038548
2018-06-22,188.7675,190.9916,188.7675,190.4131,1513811
2018-06-25,190.1438,190.3533,188.2588,189.0767,1278585
2018-06-26,188.1292,189.2761,187.3712,187.5806,1203426
2018-06-27,187.0122,189.6452,186.8127,188.3187,1471847
2018-06-28,183.9004,185.8552,182.5241,184.8679,3420582
2018-06-29,184.9078,185.2967,182.9729,183.0128,2504387
2018-07-02,182.9829,185.187,182.9829,185.187,1693459
2018-07-03,185.187,185.566,184.3592,184.7083,666839
2018-07-05,185.2868,185.8552,184.4191,184.4989,2909158
2018-07-06,184.5188,185.955,184.4689,185.7156,2134404
2018-07-09,186.314,188.5281,186.314,187.0122,860414
2018-07-10,187.5408,188.4284,187.2216,187.7602,1015022
2018-07-11,187.6106,187.9297,186.7628,187.062,540623
2018-07-12,187.4011,193.1458,186.9423,190.5727,4981664
2018-07-13,190.5527,192.707,190.4929,191.3805,1994652
2018-07-16,191.2908,193.4849,190.5733,190.9417,1544949
2018-07-17,190.5627,191.4404,189.0168,191.0315,1529076
2018-07-18,190.5228,191.4005,190.4231,190.822,1187866
2018-07-19,190.2835,190.4331,187.84,189.5354,2376724
2018-07-20,188.9869,189.2063,186.7229,186.7229,6394230
2018-07-23,187.3812,188.3087,187.1817,187.83,2445815
2018-07-24,187.51,189.09,187.5,187.56,2122878
2018-07-25,187.56,189.26,187.28,189.12,684391
2018-07-26,190.25,190.695,189.01,189.15,877176
2018-07-27,189.17,190.14,189.01,189.61,1151993
2018-07-30,189.25,190.1095,189.01,189.66,1437607
2018-07-31,189.65,190.25,187.945,188.39,1168439
2018-08-01,189.0,190.32,186.65,186.79,3064387
2018-08-02,187.71,189.21,186.39,187.05,2032240
2018-08-03,187.73,189.25,187.1,188.73,1021553
2018-08-06,188.91,189.03,188.16,188.61,2140789
2018-08-07,188.5,189.0,188.17,188.19,1122951
2018-08-08,192.0,194.84,192.0,193.63,3607101
2018-08-09,193.54,194.88,193.35,193.78,2106976
2018-08-10,193.29,194.57,193.2,194.52,1360223
2018-08-13,194.97,195.425,193.97,194.71,1455754
2018-08-14,194.63,197.63,194.6,196.95,2122748
2018-08-15,196.4,197.39,196.04,197.29,1465434
2018-08-16,197.04,199.05,196.98,198.47,2018627
2018-08-17,199.22,199.32,197.96,198.86,879406
2018-08-20,199.0,199.95,198.89,199.52,931517
2018-08-21,199.15,199.55,198.35,198.35,2014153
2018-08-22,198.18,199.255,197.7,197.77,1962002
2018-08-23,197.75,197.75,196.57,196.7,1700164
2018-08-24,196.48,197.73,196.48,197.27,1429890
2018-08-27,197.55,198.12,197.23,197.9,701554
2018-08-28,197.86,199.0,197.73,198.86,1649791
2018-08-29,199.0,199.61,198.45,199.27,1465948
2018-08-30,198.75,199.78,198.46,199.57,925808
2018-08-31,199.39,200.35,198.8101,200.27,1389157
2018-09-04,200.4,200.88,198.67,199.3,1269007
2018-09-05,199.18,202.97,197.95,201.93,4018895
2018-09-06,202.29,203.47,201.705,202.62,3075994
2018-09-07,202.32,203.74,202.32,203.08,3057037
2018-09-10,203.36,203.61,201.05,201.05,2339175
2018-09-11,201.01,202.24,200.16,202.19,1592694
2018-09-12,202.09,203.52,201.78,203.43,1484431
2018-09-13,203.98,204.2,203.03,203.03,2067287
