date,open,high,low,close,volume
2013-09-16,58.7693,58.797,58.0867,58.594,839679
2013-09-17,58.5018,58.8062,58.0037,58.4372,640965
2013-09-18,58.4649,58.5848,57.8653,58.345,1035511
2013-09-19,58.511,59.4012,58.4188,58.6494,652965
2013-09-20,58.7139,59.1844,58.0867,58.2712,1176369
2013-09-23,58.1144,58.5018,57.8468,58.1328,695999
2013-09-24,57.441,57.8745,56.168,57.6255,966061
2013-09-25,57.5332,57.9299,57.2288,57.441,501753
2013-09-26,57.5978,58.4833,57.5978,58.0682,737958
2013-09-27,57.9114,58.1789,57.5701,57.9022,352708
2013-09-30,57.2842,58.1513,57.2104,58.059,643187
2013-10-01,57.7915,59.2582,57.6531,58.7508,884619
2013-10-02,58.3911,58.8708,58.1051,58.8246,799777
2013-10-03,58.6586,59.3228,58.3726,58.9907,841642
2013-10-04,58.9261,59.7194,58.7508,59.6364,909858
2013-10-07,59.2121,59.7655,58.0498,59.1659,559601
2013-10-08,59.046,59.1475,58.3819,58.4188,937166
2013-10-09,58.4464,58.6863,57.8976,58.1513,860029
2013-10-10,58.4649,58.8823,58.4372,58.8154,559523
2013-10-11,58.4095,58.7139,58.1144,58.6033,1220437
2013-10-14,58.4833,59.2121,58.3911,59.0276,654423
2013-10-15,59.0368,59.5534,58.6955,59.2582,769603
2013-10-16,59.5626,59.8117,59.1844,59.4242,1072725
2013-10-17,59.6364,62.2193,59.0553,62.2193,2281391
2013-10-18,61.7027,62.1824,61.2876,62.0809,931643
2013-10-21,62.21,62.2515,61.3891,61.6104,850622
2013-10-22,61.8134,62.21,61.7073,61.9794,559515
2013-10-23,61.8042,62.21,61.6197,62.1639,407768
2013-10-24,62.0809,62.5144,61.961,62.3576,417507
2013-10-25,62.3392,62.7082,61.509,62.3576,377974
2013-10-28,62.2377,62.5237,61.6012,61.9149,457693
2013-10-29,61.8964,62.2008,61.1123,61.6566,564409
2013-10-30,61.7304,61.9241,60.8633,61.1215,527270
2013-10-31,61.2046,61.4905,60.8033,61.057,654149
2013-11-01,60.9924,61.8134,60.9832,61.592,412726
2013-11-04,61.6104,62.1455,61.6104,61.9517,484948
2013-11-05,61.7304,62.044,61.1123,61.5182,296636
2013-11-06,61.7027,62.2192,61.5459,61.878,210437
2013-11-07,61.9702,62.2838,61.2876,61.4167,328373
2013-11-08,61.306,62.1178,61.306,62.1178,513112
2013-11-11,61.9886,62.3023,61.7027,62.127,317229
2013-11-12,62.0163,62.6159,61.7211,62.0255,620852
2013-11-13,61.8226,62.3484,61.6842,62.1824,432062
2013-11-14,62.33,62.6436,62.0717,62.3115,328061
2013-11-15,62.2746,62.4314,62.0993,62.3392,371984
2013-11-18,62.5144,62.5606,62.0348,62.2931,357325
2013-11-19,62.2377,62.4406,61.7211,62.0255,381302
2013-11-20,62.1086,62.3392,61.8595,62.0624,374666
2013-11-21,62.1824,63.031,61.8872,62.8465,468663
2013-11-22,62.8189,63.0864,62.4591,62.9941,305556
2013-11-25,62.9572,63.3631,62.8373,63.1878,395453
2013-11-26,63.1878,63.3262,62.6528,62.7174,678310
2013-11-27,62.7543,63.6767,62.5065,63.6491,522900
2013-11-29,63.8243,64.1103,63.3539,63.3815,267039
2013-12-02,63.5291,64.4147,63.1971,63.5476,643508
2013-12-03,63.3077,63.7229,62.4775,62.9664,503281
2013-12-04,62.7543,63.3631,62.0901,62.6528,407249
2013-12-05,62.5052,63.3908,62.1824,63.0033,532707
2013-12-06,63.5845,64.2763,63.5015,64.1287,348955
2013-12-09,64.1472,64.3778,63.8981,64.1564,393378
2013-12-10,63.9996,64.5715,63.9673,64.1011,418948
2013-12-11,64.2399,64.6518,62.9255,63.0921,462910
2013-12-12,62.9162,63.3235,62.4257,62.5182,584550
2013-12-13,62.7126,62.9255,62.4997,62.8792,281287
2013-12-16,63.1939,64.1705,62.8792,62.9996,320575
2013-12-17,63.0551,63.6938,62.7774,63.6568,519873
2013-12-18,61.0927,61.3982,58.8989,59.0656,2349100
2013-12-19,58.7138,58.9498,57.8344,58.4361,1333553
2013-12-20,58.2325,59.1674,58.1214,58.8619,1135762
2013-12-23,59.0841,59.0841,57.7789,57.8159,1068529
2013-12-24,57.6678,58.2788,57.4086,58.0011,412494
2013-12-26,58.325,58.8341,58.3158,58.6583,363293
2013-12-27,58.7879,59.1859,58.6583,58.8341,276597
2013-12-30,58.8341,59.1951,58.5564,58.5564,476269
2013-12-31,58.4824,58.8249,58.4269,58.6768,386891
2014-01-02,58.6675,58.8712,57.9455,58.4454,548782
2014-01-03,58.5379,58.6305,58.1121,58.5472,401958
2014-01-06,58.6583,58.6583,57.7465,58.4176,842709
2014-01-07,58.8064,59.2044,58.2232,58.8156,662702
2014-01-08,58.9082,60.0745,58.9082,60.0467,1125584
2014-01-09,60.6762,61.4445,60.1671,60.9354,1037277
2014-01-10,60.9724,61.5648,60.5512,61.5463,929820
2014-01-13,61.3612,61.6111,60.6114,60.8613,744783
2014-01-14,60.9261,61.6666,60.6299,61.6574,535699
2014-01-15,61.6759,62.3053,61.6759,61.7777,444446
2014-01-16,61.7314,61.8888,61.2408,61.4352,341972
2014-01-17,61.4537,61.4537,60.8521,61.0927,382047
2014-01-21,61.2686,61.5463,61.0094,61.2316,420286
2014-01-22,61.5926,61.8055,61.0927,61.3704,254542
2014-01-23,61.0279,61.3149,60.3707,60.6484,389808
2014-01-24,60.4355,60.4355,58.5287,58.6027,762293
2014-01-27,58.5657,59.3988,58.0011,58.8619,549975
2014-01-28,58.9545,59.0377,57.9158,58.5009,717080
2014-01-29,59.0841,61.5833,58.5287,60.3985,1609990
2014-01-30,60.417,60.7595,59.4034,59.8153,723350
2014-01-31,59.297,60.2596,59.2507,59.408,647180
2014-02-03,59.6857,59.745,57.529,57.603,1334759
2014-02-04,58.4824,58.4824,57.2791,57.5845,1088240
2014-02-05,57.4827,57.9548,56.3904,57.8437,820424
2014-02-06,57.8992,58.3528,57.6678,58.2047,409591
2014-02-07,58.4083,58.8434,58.1584,58.7601,337881
2014-02-10,58.4546,59.3479,58.4546,58.973,356295
2014-02-11,58.8712,59.658,58.7416,59.334,377209
2014-02-12,59.3155,59.7876,59.3155,59.6765,451525
2014-02-13,59.3895,60.2319,58.8712,59.9912,392483
2014-02-14,60.0467,60.6114,59.7876,60.4077,245603
2014-02-18,60.5281,60.5281,59.5377,59.6857,451474
2014-02-19,59.7043,60.3059,59.5793,59.6209,749261
2014-02-20,59.658,59.9357,59.5723,59.6487,553600
2014-02-21,59.7783,60.019,59.0748,59.1581,666916
2014-02-24,59.1674,59.3618,58.8619,59.0933,513940
2014-02-25,59.2322,59.8524,58.8619,59.5006,481058
2014-02-26,60.778,60.778,59.5376,60.6854,565936
2014-02-27,60.5188,60.7893,60.2272,60.7039,274266
2014-02-28,60.6206,61.5278,60.491,61.0835,380741
2014-03-03,60.38,61.3241,60.3152,60.8521,729633
2014-03-04,61.2501,62.2498,60.9539,61.1297,1408251
2014-03-05,61.1853,61.4445,60.7873,61.1297,365264
2014-03-06,61.2593,61.9813,61.2482,61.6296,245716
2014-03-07,61.8147,62.0091,61.2686,61.6018,404993
2014-03-10,61.3704,61.7407,60.6762,61.065,467254
2014-03-11,60.5929,61.1899,60.5836,60.6669,479517
2014-03-12,60.2719,60.6158,60.086,60.4299,615620
2014-03-13,60.4578,60.8133,59.6026,59.677,606819
2014-03-14,59.5282,60.2347,58.9705,59.0542,603231
2014-03-17,59.5561,59.9651,59.1285,59.8164,460869
2014-03-18,59.993,60.2533,59.6584,60.1975,437728
2014-03-19,60.244,60.4857,59.5654,59.7699,241195
2014-03-20,59.7513,59.9001,59.175,59.5654,690811
2014-03-21,59.8908,60.6437,59.6677,60.1046,1080706
2014-03-24,60.2626,60.8575,59.6398,59.8815,643451
2014-03-25,60.5786,60.8761,60.0674,60.2812,336128
2014-03-26,60.4671,60.911,59.8164,59.8257,420543
2014-03-27,59.9465,60.5228,59.8164,60.3183,498042
2014-03-28,60.3091,60.6902,60.1324,60.5136,351357
2014-03-31,60.8854,61.9358,60.6344,61.7406,510898
2014-04-01,61.8986,62.1589,61.2386,61.7684,475294
2014-04-02,61.9729,62.3541,61.4524,62.2053,329415
2014-04-03,62.2983,62.7445,61.9358,62.0938,444509
2014-04-04,62.4935,62.4935,60.9504,61.4524,546030
2014-04-07,61.4245,61.4338,60.3369,60.4485,415518
2014-04-08,60.3091,61.0713,60.1324,60.7645,499315
2014-04-09,60.9783,61.7824,60.8761,61.4152,754532
2014-04-10,61.3316,61.6941,60.4671,60.5414,719486
2014-04-11,60.3276,61.0713,60.0953,60.2905,497304
2014-04-14,60.5879,61.1642,60.3137,60.969,572308
2014-04-15,61.0899,61.2014,60.0023,60.9969,686156
2014-04-16,61.3966,61.7499,61.0155,61.6104,492553
2014-04-17,62.2332,62.3076,60.6995,61.9822,437350
2014-04-21,61.8614,62.5028,61.4896,62.4656,706260
2014-04-22,62.6515,63.0791,62.4563,62.9676,448513
2014-04-23,63.014,63.423,62.1124,62.3448,705205
2014-04-24,62.3726,62.4563,62.038,62.131,677064
2014-04-25,61.9172,62.0287,61.1152,61.2107,363766
2014-04-28,61.5546,61.6383,60.7645,61.3687,507935
2014-04-29,61.6383,62.3541,61.6383,61.8986,410524
2014-04-30,61.9172,62.4935,61.6011,62.3169,481149
2014-05-01,62.7817,63.1721,62.5214,62.9676,450587
2014-05-02,63.0512,63.7949,62.711,63.3022,633654
2014-05-05,63.0233,64.0551,63.0233,63.7391,548076
2014-05-06,63.5067,63.9064,63.2743,63.4323,803462
2014-05-07,63.6368,63.8506,63.2092,63.674,555778
2014-05-08,63.516,64.0272,63.1814,63.3394,628679
2014-05-09,63.2464,63.674,62.9118,63.4602,381400
2014-05-12,63.767,64.6779,63.767,64.4734,383496
2014-05-13,64.4734,64.9661,64.176,64.2039,401589
2014-05-14,64.0458,64.4548,63.8599,64.1202,349941
2014-05-15,63.9715,64.2596,62.7445,62.9025,728121
2014-05-16,62.9583,63.107,62.2983,62.949,673065
2014-05-19,62.8188,63.8042,62.7166,63.107,607615
2014-05-20,63.1349,63.2817,62.5121,62.7166,561600
2014-05-21,62.9676,63.5067,62.7631,63.2743,507129
2014-05-22,63.2092,63.6461,63.0047,63.2743,396030
2014-05-23,63.2929,64.0272,63.1465,63.8227,434086
2014-05-27,64.083,64.4177,63.6926,63.7484,226582
2014-05-28,63.5997,63.7856,63.107,63.6182,375614
2014-05-29,63.7949,64.5013,63.3952,64.4455,407393
2014-05-30,64.3061,64.585,64.0087,64.3154,323899
2014-06-02,64.4084,64.8964,64.0087,64.7523,379160
2014-06-03,64.492,65.3565,64.2782,65.0869,503539
2014-06-04,64.9103,65.9142,64.7453,65.8585,697179
2014-06-05,66.1187,66.8019,65.7655,66.4348,658917
2014-06-06,66.537,67.2249,66.4255,67.0947,540040
2014-06-09,66.9832,67.5688,66.946,67.1412,474609
2014-06-10,67.0483,67.3178,66.63,67.1319,379274
2014-06-11,66.9127,67.5285,66.5301,66.81,381872
2014-06-12,66.7354,67.034,66.0076,66.0915,356560
2014-06-13,66.0729,66.4368,66.0076,66.2502,598762
2014-06-16,66.3062,66.4275,65.6716,65.7276,495015
2014-06-17,65.6903,66.9033,65.5597,66.5674,723268
2014-06-18,66.6421,66.8567,65.8583,66.3248,402286
2014-06-19,66.3155,66.7727,66.3155,66.5488,276382
2014-06-20,66.838,67.0214,66.3248,66.7354,422786
2014-06-23,66.6887,66.8007,66.2595,66.4275,356195
2014-06-24,66.3808,67.0713,65.7556,65.8303,472715
2014-06-25,65.8956,66.6141,65.8303,66.4554,377235
2014-06-26,66.5208,66.6841,65.8676,66.3155,310527
2014-06-27,66.0542,67.0433,65.7929,67.0433,775810
2014-06-30,67.1179,67.1179,66.1988,66.7167,524606
2014-07-01,67.0153,67.7245,66.95,67.2952,453491
2014-07-02,67.1086,67.4072,66.838,67.1179,462408
2014-07-03,67.2393,67.6965,67.2019,67.6125,331363
2014-07-07,67.1646,67.5658,67.0993,67.3885,376457
2014-07-08,67.3232,67.6032,67.0993,67.4259,339155
2014-07-09,67.7431,67.9204,67.0153,67.2579,346377
2014-07-10,66.3435,67.1179,66.1363,66.81,340259
2014-07-11,66.7914,67.2299,66.6141,67.1833,311884
2014-07-14,67.5752,67.9204,67.3235,67.7618,478040
2014-07-15,70.9437,71.1769,63.7495,65.3451,14564126
2014-07-16,65.6436,66.3155,64.132,64.4493,2726298
2014-07-17,64.0201,65.5037,63.5535,64.7852,2058978
2014-07-18,64.9811,65.7929,64.8505,65.5037,1422262
2014-07-21,65.0745,65.653,64.4959,64.5053,802057
2014-07-22,64.6359,65.0558,63.9081,63.9081,980864
2014-07-23,64.0387,64.4679,63.4135,63.8148,1500130
2014-07-24,64.0107,64.0107,62.6951,63.0216,1654745
2014-07-25,63.059,64.5426,63.059,64.4493,1928234
2014-07-28,64.328,64.5053,63.5815,64.272,1056530
2014-07-29,65.3171,65.3357,62.723,62.751,1585148
2014-07-30,63.059,63.5348,62.1259,62.2472,1572378
2014-07-31,62.2472,62.2472,55.8554,57.2364,5793348
2014-08-01,56.8912,58.2908,56.6859,57.619,3081323
2014-08-04,57.6563,57.9456,56.9658,57.8243,1451664
2014-08-05,57.3857,58.4028,57.1338,57.3484,2230108
2014-08-06,57.2457,57.619,56.8258,57.1804,1040840
2014-08-07,57.6376,57.7776,56.322,56.5459,1356227
2014-08-08,56.6019,56.9378,56.1074,56.8445,1765174
2014-08-11,57.5723,57.647,56.7605,56.8165,992138
2014-08-12,56.5832,56.8818,56.238,56.4713,1243157
2014-08-13,56.7045,57.563,56.4526,57.2831,1019646
2014-08-14,57.1898,57.3111,56.3593,56.6112,1122230
2014-08-15,56.6019,57.1151,56.2753,57.0685,1478947
2014-08-18,57.2831,58.0109,57.2831,57.535,741077
2014-08-19,57.6003,57.8243,57.3577,57.8243,772903
2014-08-20,57.563,57.8803,57.2737,57.7869,1183086
2014-08-21,57.8523,58.3001,57.5705,57.7776,683020
2014-08-22,57.6283,58.0016,57.2551,57.675,591112
2014-08-25,58.0016,58.1602,57.6376,58.1322,480962
2014-08-26,58.3375,58.3561,57.9362,58.1695,817937
2014-08-27,57.9549,58.4121,57.9549,58.2255,859944
2014-08-28,57.9362,59.4199,57.4883,58.9813,1413522
2014-08-29,59.1586,59.5878,58.972,59.3266,666166
2014-09-02,59.3919,59.8304,59.3266,59.6438,871153
2014-09-03,59.8491,60.185,59.2519,59.3079,493569
2014-09-04,59.2799,59.7185,59.1119,59.2892,635972
2014-09-05,59.1493,59.4945,58.86,59.4572,427049
2014-09-08,59.4479,60.129,59.4105,59.5785,832401
2014-09-09,59.4572,59.5972,58.9533,59.1773,615742
2014-09-10,59.0653,60.6236,59.0093,60.3716,1633863
2014-09-11,59.9921,60.8167,59.9171,60.3013,1368141
2014-09-12,60.3201,60.4044,59.2237,59.7766,992627
2014-09-15,60.0296,60.4138,59.4486,60.2451,669063
2014-09-16,60.2076,61.1353,59.9921,60.8917,1178692
2014-09-17,60.9104,61.3321,60.5684,60.8542,1016673
2014-09-18,61.0885,61.1447,60.7511,60.9479,705048
2014-09-19,60.9573,61.0346,59.8609,60.0202,1136285
2014-09-22,59.9827,60.3763,59.2518,59.2799,1348953
2014-09-23,59.2143,59.5516,58.8863,59.0925,834121
2014-09-24,59.233,59.5235,58.7177,59.1956,824791
2014-09-25,58.8488,58.8488,56.7498,56.8154,1480498
2014-09-26,56.806,57.2183,56.5155,57.0496,919360
2014-09-29,56.3281,56.7217,56.0844,56.2531,1047390
2014-09-30,56.2063,56.4124,54.6976,55.1942,1877721
2014-10-01,55.0349,55.0724,53.6761,54.1541,2150767
2014-10-02,54.1447,55.2411,53.6199,55.1755,1686635
2014-10-03,55.213,55.5409,54.5757,55.2692,1592870
2014-10-06,56.3562,57.0684,55.5128,55.7658,1072128
2014-10-07,55.4753,55.9814,54.735,54.7819,1204159
2014-10-08,54.5945,55.0443,53.648,54.9974,1095667
2014-10-09,54.8194,54.9916,52.7109,52.7578,1300182
2014-10-10,52.7859,52.8796,51.2116,51.5677,1671796
2014-10-13,51.5771,52.233,49.7404,49.8154,1113321
2014-10-14,50.3495,50.9399,49.5155,50.1433,1590594
2014-10-15,49.2437,50.6587,48.1192,50.3401,2058157
2014-10-16,49.3374,50.8368,49.1407,50.4994,1971073
2014-10-17,51.1085,52.1487,50.8368,51.1554,1935170
2014-10-20,51.0898,51.9051,50.4619,51.8769,1406492
2014-10-21,52.308,53.1889,52.13,52.9733,1795366
2014-10-22,53.3856,53.5356,51.6895,51.7645,1849778
2014-10-23,53.6387,54.6788,52.4486,53.2263,2413706
2014-10-24,53.1701,53.6761,52.561,53.6012,847138
2014-10-27,53.067,53.3856,52.0362,52.9733,1045962
2014-10-28,53.47,54.4352,52.9358,54.3415,1824889
2014-10-29,54.4071,54.4352,53.2263,53.5918,1701073
2014-10-30,57.7993,58.4928,57.4432,57.9867,1624324
2014-10-31,54.5383,54.8381,54.0791,54.7069,1301990
2014-11-03,54.7819,55.3067,54.5945,55.0349,1306155
2014-11-04,55.316,55.4941,54.8662,55.1005,1421543
2014-11-05,55.5972,56.9466,55.2973,56.9278,1551735
2014-11-06,56.8154,57.1434,56.1313,57.0309,1168030
2014-11-07,57.0309,57.5276,56.7498,57.3308,1043557
2014-11-10,57.2652,57.715,57.0684,57.5838,1113462
2014-11-11,57.4807,58.3334,57.2464,58.1367,1344544
2014-11-12,58.0242,58.2866,57.5744,57.6869,1412653
2014-11-13,57.7993,58.4928,57.4432,57.9867,1624324
2014-11-14,57.7525,58.2023,57.2745,57.8555,3264741
2014-11-17,57.7337,58.0336,57.565,57.7243,1322915
2014-11-18,57.6869,58.0795,57.6025,57.8087,1207870
2014-11-19,57.8555,57.893,57.312,57.6775,1336374
2014-11-20,57.2089,57.9399,56.9747,57.6775,1183741
2014-11-21,58.5396,58.6052,57.6494,57.893,1298561
2014-11-24,58.2116,58.2585,57.715,57.9586,770273
2014-11-25,58.1179,58.1648,57.3495,57.462,1221643
2014-11-26,57.5463,57.8274,57.059,57.7899,678030
2014-11-28,57.4807,57.4807,54.9974,55.3254,757179
2014-12-01,55.2879,55.644,54.4258,54.6695,1527451
2014-12-02,54.7913,55.2504,54.2197,55.1755,1026585
2014-12-03,55.4379,57.7243,55.138,57.5369,1702611
2014-12-04,57.3214,57.9118,56.731,57.9118,1279755
2014-12-05,57.7712,59.3924,57.7712,58.4553,1572055
2014-12-08,58.2304,58.6052,57.7899,57.9399,1170359
2014-12-09,57.3027,58.474,57.2277,58.4178,942710
2014-12-10,58.146,58.146,54.8288,55.2879,1925613
2014-12-11,55.4998,56.4789,54.3041,54.483,1480797
2014-12-12,53.8804,54.1346,52.2234,52.3458,1332306
2014-12-15,52.8636,53.1367,51.282,51.555,1429519
2014-12-16,51.2631,52.9578,51.1125,51.7527,1156231
2014-12-17,51.8186,53.8898,51.7339,53.8522,1601677
2014-12-18,54.6148,55.3962,54.1346,55.3962,1300161
2014-12-19,55.5092,55.9893,54.8219,55.255,1902130
2014-12-22,55.3774,56.4883,55.1138,56.4883,1932648
2014-12-23,56.9026,57.7969,56.6201,57.2603,999557
2014-12-24,57.2132,57.4486,56.9402,56.9402,429775
2014-12-26,57.3262,57.6275,57.0908,57.3262,768468
2014-12-29,57.1944,57.9005,57.1097,57.3733,568968
2014-12-30,57.298,57.7122,57.2038,57.2415,572019
2014-12-31,57.3545,57.4015,56.573,56.6107,517143
2015-01-02,56.8366,57.0908,56.1964,56.7802,741100
2015-01-05,56.3942,56.5636,54.8596,54.8972,1544697
2015-01-06,55.0196,55.0761,53.7863,53.8239,1625528
2015-01-07,54.5865,54.5865,53.4238,53.6074,953934
2015-01-08,54.1629,55.4621,54.0028,55.2926,1533673
2015-01-09,55.3209,56.2153,54.0781,55.5657,5402825
2015-01-12,55.528,56.9732,55.0384,56.2059,8195166
2015-01-13,56.6766,58.5878,56.4412,57.4204,2911735
2015-01-14,56.3847,56.7048,55.1514,56.0364,1580256
2015-01-15,56.2623,56.4601,54.4736,54.6807,1633077
2015-01-16,54.5771,55.1514,53.9557,55.0949,1460135
2015-01-20,55.5468,55.5468,54.2006,54.4171,1505028
2015-01-21,54.2853,55.1985,54.0028,55.1797,1685171
2015-01-22,55.4809,56.2459,55.0102,56.0646,1380144
2015-01-23,55.6881,55.9611,52.9578,53.5133,3089235
2015-01-26,53.8804,54.144,53.3532,53.7957,2054635
2015-01-27,52.9013,53.5321,52.7977,53.0708,1614868
2015-01-28,53.5886,54.3794,51.4985,52.1293,3878327
2015-01-29,50.6606,52.8825,44.1927,44.9741,10098613
2015-01-30,44.2774,45.9721,44.042,45.4354,6710178
2015-02-02,45.6049,45.9062,44.541,45.1153,3066377
2015-02-03,45.8497,46.6405,45.0306,46.4899,3064856
2015-02-04,46.0286,46.5558,45.605,45.9909,1878916
2015-02-05,46.1604,47.0265,46.0191,46.8382,2318017
2015-02-06,46.857,48.1422,46.8476,48.0904,2703762
2015-02-09,47.9303,49.0977,47.855,49.0883,2196074
2015-02-10,49.3331,49.3331,48.5799,49.1166,1429705
2015-02-11,48.7306,50.6041,48.467,50.0675,1821559
2015-02-12,49.8415,50.9524,49.6626,50.8018,1660132
2015-02-13,50.943,51.4985,50.2087,51.3949,2323164
2015-02-17,51.2255,51.9881,50.7265,51.5832,1030643
2015-02-18,51.2066,51.668,51.0494,51.6491,1070389
2015-02-19,51.1596,51.555,50.783,51.2443,1293020
2015-02-20,51.3385,52.2234,50.6324,52.2234,1080088
2015-02-23,51.8092,52.44,51.7715,52.3082,904344
2015-02-24,52.1858,52.8542,52.0916,52.7977,975196
2015-02-25,52.5341,53.2026,52.5341,53.0331,771364
2015-02-26,53.0425,53.4003,52.6189,53.0049,738177
2015-02-27,52.9766,53.6545,52.8166,53.2591,751066
2015-03-02,53.0613,53.7392,52.5624,53.3626,1315868
2015-03-03,53.0896,53.5227,53.0049,53.4191,886727
2015-03-04,53.3344,53.3344,52.0257,52.1575,1602245
2015-03-05,52.1952,52.2893,51.4985,52.0446,943677
2015-03-06,51.4044,51.9504,51.329,51.6209,1369672
2015-03-09,51.7904,51.8468,51.5456,51.6868,1003290
2015-03-10,51.0372,51.3667,50.8865,51.1596,969481
2015-03-11,51.1313,51.2161,50.2275,50.4064,1686561
2015-03-12,50.6431,51.4761,50.4064,50.7851,952823
2015-03-13,50.5673,50.7945,49.9239,50.113,794463
2015-03-16,50.2171,50.3591,49.7627,49.971,1185660
2015-03-17,49.7154,49.9237,49.0149,49.687,1474572
2015-03-18,49.5829,50.2739,48.7499,49.9331,2347472
2015-03-19,49.6965,49.8858,48.7309,48.9108,1211238
2015-03-20,48.9865,49.7249,48.9771,49.4598,1732797
2015-03-23,49.4598,49.8953,49.119,49.138,928555
2015-03-24,49.1474,49.5545,48.8256,49.2232,949441
2015-03-25,49.2232,49.5072,48.4091,48.447,554206
2015-03-26,48.3239,48.5745,48.1251,48.2766,788058
2015-03-27,50.1603,50.1982,48.6268,48.7972,1493270
2015-03-30,49.1853,49.7438,48.8824,49.6302,930380
2015-03-31,49.4882,50.094,49.1096,50.0183,1126233
2015-04-01,49.7438,49.8953,49.4409,49.7627,1046950
2015-04-02,49.7154,50.6052,49.4788,50.0656,931143
2015-04-06,49.9804,52.2712,49.9804,52.063,1530867
2015-04-07,52.063,52.5173,51.7033,52.2996,1199896
2015-04-08,52.47,53.0758,52.3186,52.896,1365401
2015-04-09,53.1042,55.8778,53.0853,55.8588,2317915
2015-04-10,56.3132,56.6824,55.4423,55.6127,1231611
2015-04-13,55.4802,55.7926,55.1773,55.2625,766579
2015-04-14,55.4045,55.821,54.969,55.821,830328
2015-04-15,55.944,56.4931,55.3382,56.1428,1122108
2015-04-16,56.0765,56.0955,55.4092,55.6032,1292083
2015-04-17,55.3003,55.9156,55.0353,55.8967,890430
2015-04-20,56.0955,56.2943,55.6506,56.0292,594403
2015-04-21,56.1428,56.2375,55.0637,55.6127,974818
2015-04-22,55.6411,56.1239,55.3855,55.7926,815425
2015-04-23,55.5181,55.9156,55.4234,55.802,756374
2015-04-24,55.9156,56.4741,55.5843,55.8494,709634
2015-04-27,55.9251,56.2185,55.2814,55.395,805468
2015-04-28,55.3287,56.3227,54.8554,56.2753,756623
2015-04-29,55.6316,57.0799,55.6032,57.0326,852666
2015-04-30,57.0326,57.5343,56.2943,56.512,1485473
2015-05-01,56.9285,57.5248,56.6161,57.2125,735099
2015-05-04,57.4491,57.6384,56.7865,56.9096,885914
2015-05-05,56.919,57.4586,56.4079,56.796,1174010
2015-05-06,57.2977,57.487,56.5688,56.796,1487444
2015-05-07,58.9542,61.0935,58.1591,59.4748,3725792
2015-05-08,60.3173,61.5195,59.7494,59.7872,1781954
2015-05-11,59.7872,60.2037,59.3613,59.8724,1268973
2015-05-12,59.702,59.8346,58.6986,59.3329,1059930
2015-05-13,59.3802,59.5932,59.1057,59.2003,860748
2015-05-14,59.4559,60.4498,59.2666,60.2321,1085326
2015-05-15,59.9481,61.3396,59.5558,60.9421,1142470
2015-05-18,60.8095,60.8095,59.7399,59.8819,1318795
2015-05-19,59.8535,59.9671,58.8501,59.3518,1140474
2015-05-20,59.437,59.5222,59.011,59.2003,909574
2015-05-21,58.9069,59.4559,58.7365,59.3613,669935
2015-05-22,58.9542,59.1625,58.3673,58.5661,1022269
2015-05-26,58.1685,58.3579,57.5438,57.894,825401
2015-05-27,57.894,58.2821,57.7047,58.0455,642883
2015-05-28,58.036,58.2727,57.0515,57.3545,867507
2015-05-29,57.3639,57.4207,56.7013,56.938,1374098
2015-06-01,57.1557,57.4775,56.5972,56.654,1272017
2015-06-02,56.6445,57.61,56.5782,57.4207,840578
2015-06-03,57.6574,58.6418,57.6195,58.1685,617807
2015-06-04,57.7899,58.4052,57.6195,57.9981,1100619
2015-06-05,57.7804,58.0833,57.3166,57.8656,688846
2015-06-08,57.9035,58.2253,57.3923,57.4491,647312
2015-06-09,57.487,57.8562,57.2409,57.3639,500203
2015-06-10,57.8088,58.133,57.4586,57.9035,758653
2015-06-11,58.0265,58.3863,57.9224,58.178,600384
2015-06-12,58.0734,58.0734,56.6658,56.856,857636
2015-06-15,56.6182,56.6182,54.7161,55.087,1205986
2015-06-16,55.087,55.553,54.8207,55.1441,997085
2015-06-17,55.5625,56.0286,55.011,55.5911,805033
2015-06-18,55.6767,56.7799,55.3818,56.7229,1274121
2015-06-19,56.6848,56.7134,55.6814,55.7337,918416
2015-06-22,55.962,56.1998,55.553,56.1237,649317
2015-06-23,56.2283,56.3139,55.5435,56.0761,489217
2015-06-24,56.2568,56.3854,54.8017,54.8207,881183
2015-06-25,55.0204,55.6101,54.8492,55.4199,805915
2015-06-26,55.6862,56.3044,55.4389,56.2093,1577671
2015-06-29,55.8003,56.1142,53.3655,53.4892,1296828
2015-06-30,53.9457,54.0598,52.2242,52.5666,1213943
2015-07-01,52.7473,53.0992,51.1875,51.7962,1871890
2015-07-02,51.8723,52.4335,51.6441,52.3384,1462075
2015-07-06,51.606,52.2242,51.3587,51.5965,1247800
2015-07-07,51.568,51.7771,50.3791,51.5965,1092098
2015-07-08,51.2351,51.5727,50.3696,50.4742,986606
2015-07-09,51.2541,51.5109,50.8071,50.8261,918519
2015-07-10,51.5299,51.7487,51.1875,51.3587,528637
2015-07-13,51.6726,52.928,51.5394,52.6712,878932
2015-07-14,52.5571,52.6998,52.1386,52.6237,692202
2015-07-15,52.5191,52.5856,51.3968,51.6155,571942
2015-07-16,51.6631,52.0007,50.9926,51.7582,977455
2015-07-17,51.5775,51.5775,50.3791,50.4172,667964
2015-07-20,50.303,50.5218,49.856,50.1699,809851
2015-07-21,50.1984,50.7595,49.428,49.5422,557383
2015-07-22,49.447,49.6563,48.9715,49.1807,593406
2015-07-23,49.3044,49.5326,48.7813,48.8098,694257
2015-07-24,48.7052,48.8003,46.9843,47.3737,800737
2015-07-27,46.9932,47.6587,46.6318,47.3737,843175
2015-07-28,47.4593,48.4779,47.1644,48.2962,893827
2015-07-29,48.4294,49.4661,48.0775,49.371,1146526
2015-07-30,49.3995,50.9212,48.981,50.7881,1830737
2015-07-31,51.197,52.1291,50.731,51.5489,2140130
2015-08-03,51.4538,51.6536,50.4076,50.6835,889961
2015-08-04,50.7976,51.5585,50.693,51.0068,985214
2015-08-05,51.587,51.5965,49.9606,50.6549,1484958
2015-08-06,51.0544,51.0544,47.1264,49.2378,3864137
2015-08-07,49.39,50.4362,48.553,48.7337,955913
2015-08-10,48.7337,50.1509,48.6576,50.1128,849148
2015-08-11,49.4375,49.5707,48.8954,49.4566,786544
2015-08-12,48.9335,49.2949,47.8302,48.6196,980356
2015-08-13,48.5435,48.8174,47.6685,47.9538,966783
2015-08-14,47.9824,48.7718,47.8302,48.6101,600707
2015-08-17,48.3343,49.409,47.9824,49.2378,1194102
2015-08-18,49.0951,49.1998,48.496,48.6101,807385
2015-08-19,48.3438,48.7432,46.9932,47.4403,946937
2015-08-20,46.9932,47.4973,46.6128,46.9076,831301
2015-08-21,46.4416,46.4606,44.3873,44.5204,1381236
2015-08-24,42.1046,43.5883,40.3166,42.1712,2099704
2015-08-25,43.3791,43.4837,40.6875,40.7066,1289299
2015-08-26,41.4389,41.5245,40.2405,40.9633,3192752
2015-08-27,41.6006,43.9402,41.4674,42.9226,2054562
2015-08-28,42.7419,44.3017,42.5802,43.0843,1460753
2015-08-31,42.7514,43.2935,41.8288,42.9987,1435784
2015-09-01,41.981,42.371,40.5163,40.7541,2076251
2015-09-02,41.4579,41.515,40.3261,40.64,1618600
2015-09-03,40.9538,40.9538,40.212,40.7731,2689369
2015-09-04,40.1074,40.4355,39.8411,40.3546,1528836
2015-09-08,41.1536,41.1536,40.678,40.9158,2991853
2015-09-09,41.3628,41.8764,40.8112,40.9253,1483238
2015-09-10,40.8777,41.1345,40.4102,40.7066,1659929
2015-09-11,40.4022,40.7351,39.5652,39.9457,873877
2015-09-14,39.9744,40.4437,39.6201,40.1085,1203607
2015-09-15,40.4533,42.6464,40.4533,42.3974,4851977
2015-09-16,42.6464,43.2258,42.2825,42.8475,1408842
2015-09-17,42.7039,43.8052,42.6751,43.1444,1665400
2015-09-18,42.5411,43.8148,42.4836,43.7765,2980218
2015-09-21,44.1404,45.1939,43.6711,44.4373,2045509
2015-09-22,43.9393,44.0542,43.2019,43.7765,1778723
2015-09-23,43.6233,44.2362,43.2689,43.3934,1408952
2015-09-24,42.6847,43.6041,41.6169,43.3072,1622038
2015-09-25,43.5562,44.0925,42.9053,43.221,1427057
2015-09-28,42.9241,42.9912,39.8882,40.0127,1738719
2015-09-29,39.7637,40.8938,39.7446,40.731,1479714
2015-09-30,41.2099,42.5123,41.1524,42.2346,1366843
2015-10-01,42.4166,43.3168,42.2346,43.2593,1622189
2015-10-02,42.656,44.1979,42.4453,44.1979,1231430
2015-10-05,44.5139,45.5913,44.4182,45.4237,1024794
2015-10-06,45.7877,46.7741,45.5291,45.5961,1637377
2015-10-07,45.8739,47.0327,45.6536,46.8411,1903683
2015-10-08,46.6783,48.8332,46.573,48.4309,1726189
2015-10-09,49.1971,49.6855,48.4118,48.5746,1927949
2015-10-12,48.9193,49.0917,48.1819,48.3735,1161579
2015-10-13,48.0574,48.7661,47.7605,48.134,917498
2015-10-14,48.0287,49.5323,47.9521,49.2641,906065
2015-10-15,49.5418,49.628,47.8946,49.2928,1460083
2015-10-16,49.5131,50.4995,49.3743,50.2314,2034960
2015-10-19,49.877,50.1835,49.6472,50.0494,1556519
2015-10-20,49.9824,50.7007,49.8579,49.8962,939843
2015-10-21,50.1835,50.6049,48.8619,49.0151,1166490
2015-10-22,49.628,50.8731,49.1875,50.1739,1463725
2015-10-23,50.6336,51.3902,50.2697,50.3559,1266203
2015-10-26,50.2122,50.7294,49.8483,50.4517,1085463
2015-10-27,50.0303,50.2793,48.8619,49.7334,1697718
2015-10-28,49.8483,51.7781,49.5897,51.3136,1772558
2015-10-29,51.0742,52.2809,50.8443,51.9936,1433548
2015-10-30,52.0319,52.0702,50.6911,51.2561,1412173
2015-11-02,51.9648,52.549,51.7733,51.9457,2509437
2015-11-03,52.1276,53.1332,51.9667,52.3575,1563716
2015-11-04,52.6161,52.9608,51.5051,51.9265,2019514
2015-11-05,50.2793,50.5857,46.1229,47.3391,5880304
2015-11-06,47.387,48.6895,47.2529,48.5363,2224174
2015-11-09,48.249,48.6703,47.387,47.8084,2509581
2015-11-10,47.8276,48.2011,47.1763,47.4828,1198991
2015-11-11,47.7414,47.8731,46.391,46.8316,1645649
2015-11-12,46.1037,46.7932,44.8683,44.9353,1315274
2015-11-13,44.7725,46.1995,44.5235,45.6057,2017058
2015-11-16,45.4237,46.0367,45.0311,45.9505,1024503
2015-11-17,46.075,46.8579,45.6488,46.4676,1743152
2015-11-18,46.5826,48.7086,46.4293,48.6608,1593854
2015-11-19,48.3639,48.9768,48.1819,48.5458,1066441
2015-11-20,48.7853,49.7717,48.6033,49.4844,1304175
2015-11-23,49.3886,49.9441,49.0726,49.9058,1610198
2015-11-24,49.7525,50.8443,49.4845,50.7677,1567723
2015-11-25,50.6528,50.9592,50.3272,50.6624,649730
2015-11-27,50.6624,51.0837,50.5283,50.8635,312031
2015-11-30,51.0359,51.4189,50.8539,51.2944,814932
2015-12-01,51.4094,51.5243,50.5953,50.7102,1255810
2015-12-02,50.5187,50.8252,49.6089,50.0686,934881
2015-12-03,50.059,50.7198,49.6089,50.5953,1451082
2015-12-04,50.2889,51.2561,49.743,50.7486,1190766
2015-12-07,50.308,50.4325,48.7278,48.9385,968451
2015-12-08,48.4118,48.565,47.569,47.6743,731354
2015-12-09,48.6225,49.245,47.5211,47.9042,1565360
2015-12-10,47.818,47.8467,46.9561,47.1284,833764
2015-12-11,46.2132,46.6275,45.5774,46.194,1399595
2015-12-14,46.0784,46.2131,44.6429,46.0109,1587289
2015-12-15,46.3385,47.5331,46.2421,46.8972,1032412
2015-12-16,47.35,50.1534,46.9647,49.9319,2259418
2015-12-17,50.086,51.1554,49.4502,50.5003,1716108
2015-12-18,50.1053,51.3577,49.1034,49.3057,2112442
2015-12-21,49.7103,49.9704,48.93,49.5754,841222
2015-12-22,49.7103,52.7642,49.5465,52.321,1159409
2015-12-23,52.5619,54.3827,52.4945,54.2285,1068410
2015-12-24,54.19,54.4308,53.7565,53.901,380672
2015-12-28,53.6794,54.7102,53.111,54.6717,856381
2015-12-29,55.3075,55.8663,54.1804,54.6524,759609
2015-12-30,54.3538,55.1052,54.1996,54.2767,733703
2015-12-31,54.007,55.3846,53.7854,53.9588,662967
2016-01-04,52.9569,53.6505,52.2825,53.5156,1284666
2016-01-05,53.8143,54.0455,51.9068,52.6968,1232134
2016-01-06,51.5118,52.2632,49.9415,50.3943,1239999
2016-01-07,49.3827,49.8066,47.6679,48.1207,1520951
2016-01-08,48.6024,49.2093,47.1766,47.2151,1127383
2016-01-11,47.4367,47.7161,45.6448,46.2807,1313184
2016-01-12,47.0032,47.3789,46.2903,47.1573,1299073
2016-01-13,47.8028,49.3924,45.5726,45.9628,1463343
2016-01-14,46.271,47.8317,45.1246,47.1092,1303152
2016-01-15,45.8953,46.2614,44.1034,46.1554,1446852
2016-01-19,46.7046,47.6872,45.8279,46.6467,1699817
2016-01-20,45.8182,47.0032,44.4695,46.2518,1356484
2016-01-21,46.2325,48.8818,45.6834,47.6198,1844342
2016-01-22,48.8047,50.3558,48.7951,49.4116,1533257
2016-01-25,49.219,49.3731,47.8799,48.1496,1634121
2016-01-26,48.5253,50.5484,48.246,49.98,1524251
2016-01-27,49.6621,50.3461,48.5928,49.0648,1430109
2016-01-28,49.7585,50.5966,49.402,49.8644,1176720
2016-01-29,49.8933,50.7315,49.2768,50.7122,2887743
2016-02-01,49.9704,51.0109,49.1034,50.8856,1463801
2016-02-02,50.2594,51.0783,49.4694,49.9608,1279462
2016-02-03,50.7315,51.6563,49.2864,51.56,1447674
2016-02-04,51.6756,52.2681,49.3538,50.0475,2213785
2016-02-05,49.4984,50.77,48.8625,49.6525,1380315
2016-02-08,49.0456,49.0456,45.7508,47.0032,1940734
2016-02-09,46.4541,48.193,46.3192,48.0629,1709354
2016-02-10,48.7469,49.1804,47.6005,48.2556,1101431
2016-02-11,46.9936,48.9685,46.6467,48.2556,1185991
2016-02-12,48.824,50.1149,48.2074,49.4984,1183953
2016-02-16,50.2787,50.6929,49.1804,50.4039,1652004
2016-02-17,51.0012,52.2632,50.587,50.8374,1782805
2016-02-18,49.4598,53.559,49.0841,52.533,3044545
2016-02-19,52.427,52.5426,51.3191,52.4848,1036930
2016-02-22,52.8316,53.4578,52.6486,52.822,1382581
2016-02-23,52.4752,53.5542,50.587,50.7315,1223886
2016-02-24,50.0667,51.4058,49.1612,51.3577,971000
2016-02-25,51.637,53.4289,51.3095,53.4097,832996
2016-02-26,53.8914,54.7777,53.5156,54.4886,884999
2016-02-29,54.5272,55.8277,54.0551,54.1611,1447718
2016-03-01,55.0281,56.7044,54.9125,56.5117,1483948
2016-03-02,56.1264,57.2439,55.269,55.5965,1144861
2016-03-03,55.375,55.7699,53.9781,55.1245,1257771
2016-03-04,55.4135,57.6871,55.2497,57.0031,1394242
2016-03-07,56.8586,57.7738,55.7988,56.6466,1807980
2016-03-08,56.1938,56.9645,55.9241,56.3383,1502484
2016-03-09,56.6466,58.1302,56.4539,58.0339,1418117
2016-03-10,57.6967,58.3229,56.7719,57.2054,1365227
2016-03-11,57.5933,59.6362,57.2644,58.9972,1109494
2016-03-14,58.4599,59.0214,57.8305,58.1113,1350693
2016-03-15,57.453,58.1307,56.9688,57.3077,1318408
2016-03-16,57.2206,59.7282,57.2206,59.6604,1461266
2016-03-17,59.5152,60.8707,58.8278,60.4447,1335412
2016-03-18,60.3769,60.7545,58.7697,59.4281,1907553
2016-03-21,59.4281,59.9596,59.0118,59.6798,1155246
2016-03-22,59.4087,60.5706,59.2441,60.1833,1225732
2016-03-23,59.98,60.2123,59.3119,59.4378,1055188
2016-03-24,58.7407,60.1107,58.4211,59.9509,711052
2016-03-28,60.0187,60.2801,59.5636,60.1445,811791
2016-03-29,60.1155,60.9966,59.5539,60.9578,797954
2016-03-30,61.2773,62.2068,60.9094,61.9551,1074272
2016-03-31,61.8486,62.2843,61.6259,61.897,1224793
2016-04-01,61.4226,63.4171,61.38,63.1266,2455911
2016-04-04,63.3009,63.8043,62.9233,63.2525,1470131
2016-04-05,62.565,63.3977,62.0229,62.4489,822602
2016-04-06,62.3811,63.9738,61.7033,63.9302,1237245
2016-04-07,63.8043,64.8016,62.1971,62.6328,1328200
2016-04-08,63.5526,63.6301,62.4101,62.7877,1559643
2016-04-11,63.0588,63.8431,62.9717,63.175,1118501
2016-04-12,63.4945,63.7559,63.1847,63.2234,1070043
2016-04-13,63.7075,64.211,62.3811,62.933,2325275
2016-04-14,63.1653,63.7947,62.8265,63.3686,1849733
2016-04-15,63.6494,63.7559,62.9717,63.2912,1499181
2016-04-18,62.8265,63.4655,62.6909,63.4074,939645
2016-04-19,63.7559,63.7559,62.5457,63.2621,1958164
2016-04-20,63.1556,63.6688,62.4489,63.5623,1519109
2016-04-21,63.5623,63.8915,63.4462,63.5526,1288338
2016-04-22,63.572,64.5886,63.572,64.1335,1269617
2016-04-25,64.2594,64.7435,64.0464,64.4724,1004911
2016-04-26,64.8403,65.7891,64.6564,65.6052,1231918
2016-04-27,65.5181,66.5637,65.1405,65.702,817423
2016-04-28,65.3244,65.4987,64.0464,64.3078,649532
2016-04-29,64.3368,64.3368,63.4848,64.0561,1069378
2016-05-02,64.3078,66.1861,64.0754,65.7407,1177211
2016-05-03,65.4115,65.9247,64.7048,65.1889,872540
2016-05-04,64.8597,65.4212,64.2497,64.4724,788408
2016-05-05,64.6564,65.9634,64.6564,64.9662,1051721
2016-05-06,64.8403,66.8735,64.5499,66.4475,1424514
2016-05-09,66.1958,67.987,64.9371,65.1405,1779318
2016-05-10,65.2373,66.2345,64.9274,65.702,1516058
2016-05-11,68.5098,73.3411,68.4226,72.2761,5794550
2016-05-12,73.2056,73.9995,72.3826,73.4573,2190989
2016-05-13,73.1862,73.9027,71.9856,73.7381,2189207
2016-05-16,74.3771,75.9068,74.3093,75.3356,1842477
2016-05-17,75.3453,75.7713,73.5347,73.7477,1830342
2016-05-18,73.4186,74.7934,73.3605,73.7477,1598910
2016-05-19,73.283,74.2318,72.615,73.3605,1619735
2016-05-20,73.9898,74.9193,73.6993,73.9317,1246737
2016-05-23,73.4476,74.3093,73.4476,73.9414,1177948
2016-05-24,74.4448,75.0161,73.8833,73.9123,1827404
2016-05-25,74.4545,76.5264,73.9607,76.3619,1200153
2016-05-26,76.7492,77.1945,75.6648,76.5265,1216755
2016-05-27,76.4878,77.6593,76.299,77.5431,1091658
2016-05-31,77.4559,77.5237,75.5292,76.0037,1486695
2016-06-01,76.0037,77.4559,75.0645,77.1461,1293170
2016-06-02,76.6136,77.4075,76.6039,77.301,629910
2016-06-03,77.4559,77.7919,76.633,77.4559,855054
2016-06-06,77.9207,79.5473,77.5528,78.3854,1048046
2016-06-07,78.8017,79.2181,78.2305,78.7049,853767
2016-06-08,79.0148,79.7506,78.2499,78.6275,1524294
2016-06-09,78.0756,78.4438,77.2914,77.7077,1124586
2016-06-10,77.4559,77.8626,76.7298,77.2914,1024749
2016-06-13,77.131,77.5294,75.9161,75.955,1117118
2016-06-14,75.8092,76.2757,74.8567,76.198,1162938
2016-06-15,76.3729,77.8016,76.2174,77.4712,1434142
2016-06-16,77.0824,77.8016,76.6937,77.7433,909058
2016-06-17,80.8534,82.6029,79.901,80.4744,3531123
2016-06-20,81.1645,81.6213,80.3383,80.6785,1736873
2016-06-21,80.6202,81.4852,79.6969,81.2714,1204115
2016-06-22,81.2714,81.5143,80.4841,80.9798,1014086
2016-06-23,81.5921,82.3308,81.4355,82.0295,798969
2016-06-24,78.9874,80.1439,76.3924,76.7617,2465365
2016-06-27,75.2649,75.8967,72.7574,73.2239,2711001
2016-06-28,74.6526,76.2855,74.0015,76.0911,2707421
2016-06-29,77.2282,77.6073,76.3826,76.8978,1928740
2016-06-30,76.9075,78.239,75.7315,77.0824,24895474
2016-07-01,77.2185,79.969,77.2185,79.036,1588409
2016-07-05,77.8308,77.9571,77.1991,77.6559,1366398
2016-07-06,77.1602,78.686,76.5965,78.5889,1341121
2016-07-07,78.8999,79.8913,78.6083,79.036,865299
2016-07-08,79.8913,81.631,79.6872,81.2325,1268457
2016-07-11,81.5629,81.6407,80.7757,81.2811,1277333
2016-07-12,82.01,83.6526,81.8885,82.8264,1299116
2016-07-13,83.118,83.3415,82.632,83.1472,955343
2016-07-14,83.5554,84.5273,83.4096,83.6234,707623
2016-07-15,83.9927,84.8383,83.5942,83.9247,899495
2016-07-18,83.8081,84.0024,82.9431,83.7886,700926
2016-07-19,83.5359,83.9344,83.152,83.5068,630110
2016-07-20,83.6234,84.4495,83.4873,84.1871,948546
2016-07-21,83.8372,84.1677,81.4949,81.9031,1265574
2016-07-22,82.253,83.0305,81.7476,82.6223,875043
2016-07-25,82.6126,83.8081,82.3988,83.7789,1229767
2016-07-26,83.7789,83.7886,82.496,83.118,909348
2016-07-27,82.9722,83.1083,81.7573,82.4377,841051
2016-07-28,82.2822,83.7206,81.8837,82.7195,1037734
2016-07-29,82.4085,82.4182,80.9701,81.8059,1702227
2016-08-01,81.8545,82.1169,81.2325,81.5532,1782679
2016-08-02,81.8934,82.3793,81.3151,82.0003,2035317
2016-08-03,82.1364,82.2044,80.7757,81.631,2404049
2016-08-04,81.8059,82.2822,78.1321,79.8135,2906576
2016-08-05,79.9107,80.3286,79.2012,80.0176,1723331
2016-08-08,80.0176,80.3383,79.2498,79.8621,1495493
2016-08-09,80.1731,80.3432,79.4247,79.7066,1487424
2016-08-10,79.726,80.0176,79.1137,79.7843,1298506
2016-08-11,79.8135,80.7757,79.3275,80.2606,1133081
2016-08-12,80.0954,81.3783,79.901,80.6785,1139558
2016-08-15,81.1353,82.4085,80.937,81.7184,1135752
2016-08-16,81.9128,81.9614,79.3373,79.4345,1066091
2016-08-17,79.483,79.5316,77.928,78.2876,1183178
2016-08-18,78.7347,79.036,78.5306,78.9971,1070082
2016-08-19,78.725,80.591,78.55,80.4161,1755977
2016-08-22,79.969,81.4949,79.4442,81.4949,1088950
2016-08-23,82.1267,84.0705,81.7962,81.8059,1299809
2016-08-24,81.4852,82.0392,79.6483,79.8815,1566057
2016-08-25,79.9982,81.0381,79.8232,80.2509,753960
2016-08-26,80.591,81.1742,79.0457,79.4928,879536
2016-08-29,79.6288,80.6202,79.3567,80.4258,740881
2016-08-30,80.4258,81.1547,79.3032,79.4345,760448
2016-08-31,78.9679,78.9679,77.4712,77.7239,1308176
2016-09-01,77.7044,79.0165,77.3254,79.0165,1181887
2016-09-02,80.1439,80.1731,78.8221,79.658,895248
2016-09-06,79.8232,80.7077,79.5511,80.7077,956746
2016-09-07,80.3869,80.7368,79.8232,80.6202,924661
2016-09-08,80.4355,80.7077,78.5986,78.6472,984259
2016-09-09,77.6656,78.239,74.3611,74.6624,1849054
2016-09-12,73.4766,75.5371,73.0004,75.2649,1525870
2016-09-13,74.9186,75.6504,73.894,74.2453,1373452
2016-09-14,74.2063,74.5868,73.3086,73.8843,1657654
2016-09-15,74.0599,75.4357,73.5623,75.3772,1792692
2016-09-16,74.9674,75.2796,73.9428,74.8698,2304890
2016-09-19,75.2406,76.0895,75.1723,75.7577,776972
2016-09-20,76.0407,76.6553,74.9283,74.9283,958541
2016-09-21,75.6797,78.2849,75.6309,78.2459,1483474
2016-09-22,79.0558,79.8169,78.9485,79.2314,1587474
2016-09-23,78.8119,79.1143,78.2654,78.7923,1193957
2016-09-26,78.8997,80.1877,78.8216,79.7193,1351216
2016-09-27,79.4363,80.8512,79.4363,80.7439,831857
2016-09-28,81.4171,82.9295,81.01,82.8125,1027670
2016-09-29,82.8125,83.2418,81.0561,81.1342,1199944
2016-09-30,81.8952,83.7541,81.4659,83.4174,1380522
2016-10-03,83.1345,83.3784,82.0514,82.7734,966403
2016-10-04,82.91,83.3101,80.5389,80.617,1056738
2016-10-05,81.3976,81.8904,80.7146,81.4171,974715
2016-10-06,81.0171,81.8367,80.9,81.6123,979610
2016-10-07,81.7977,81.7977,79.651,80.3731,973986
2016-10-10,81.2025,82.4319,81.0805,81.4562,623019
2016-10-11,81.0171,81.1781,79.3388,79.7388,523134
2016-10-12,79.7291,79.7291,78.324,79.1826,807830
2016-10-13,78.3142,78.9891,77.1628,78.4899,662936
2016-10-14,79.1729,79.7974,78.8119,78.8997,621162
2016-10-17,78.8509,79.5339,78.7923,79.29,595882
2016-10-18,80.4706,80.7048,79.651,79.6803,503436
2016-10-19,79.8169,80.6463,79.046,80.5877,552876
2016-10-20,79.9633,81.4171,79.8949,81.0073,437137
2016-10-21,80.8805,80.8805,79.5632,80.2072,594378
2016-10-24,81.0268,81.461,80.2072,81.3391,608492
2016-10-25,81.1732,81.1732,80.012,80.1096,424553
2016-10-26,79.3192,80.012,78.724,79.1241,697233
2016-10-27,79.7779,80.4121,79.2997,80.0608,634924
2016-10-28,80.256,82.0026,80.2365,80.9,648208
2016-10-31,80.9488,82.1294,80.7341,81.5245,1105193
2016-11-01,81.544,82.2172,80.2267,80.8902,1071269
2016-11-02,80.5097,80.9195,79.8169,80.256,627028
2016-11-03,80.5975,82.4319,80.3048,81.7684,1009159
2016-11-04,81.5732,82.3636,80.6951,81.4562,845387
2016-11-07,82.9588,84.7737,82.6368,84.1883,1412329
2016-11-08,83.9053,84.7737,80.6756,80.7439,1818244
2016-11-09,79.9242,80.2169,77.2897,78.4703,2626928
2016-11-10,78.7728,80.012,78.1581,79.5437,1302203
2016-11-11,79.0363,79.5046,78.1971,78.4801,1115445
2016-11-14,78.7631,79.0329,74.4697,75.2113,1933853
2016-11-15,75.3772,78.2166,75.3772,78.1776,1270821
2016-11-16,78.3435,79.8315,77.902,79.5729,1076565
2016-11-17,79.9437,81.1976,79.7974,80.9585,900278
2016-11-18,80.939,81.261,80.1877,80.4609,529783
2016-11-21,80.8024,81.866,80.578,81.8172,744011
2016-11-22,81.9733,82.549,81.4952,82.2563,653920
2016-11-23,81.866,82.1489,81.0268,81.8465,630260
2016-11-25,81.8952,82.4514,81.6806,81.9635,200210
2016-11-28,82.0611,82.7246,81.8757,81.9245,547622
2016-11-29,81.5537,85.0567,81.0854,83.8663,1158604
2016-11-30,84.5103,86.5789,84.5103,85.6519,1721405
2016-12-01,86.1495,86.1495,83.3296,83.5735,1159052
2016-12-02,83.6028,83.8955,82.3246,82.8027,677871
2016-12-05,83.4857,84.3542,83.3394,84.1883,1173757
2016-12-06,83.6614,84.5298,83.5248,84.2273,1332584
2016-12-07,84.1492,86.7155,84.1492,86.6472,805174
2016-12-08,87.8181,90.0038,87.1448,89.5745,1564406
2016-12-09,89.4574,89.4574,87.9449,88.4914,869410
2016-12-12,88.6963,89.3793,88.4621,89.1061,710694
2016-12-13,89.5516,89.8159,88.3963,89.2089,974030
2016-12-14,89.2383,89.8745,87.9949,88.0536,1428645
2016-12-15,88.4453,88.8858,87.4466,87.9362,811192
2016-12-16,88.1613,88.6117,86.2327,87.3585,1634576
2016-12-19,87.5837,87.7795,86.5264,87.1334,811221
2016-12-20,87.2313,87.9264,86.8103,87.4662,460213
2016-12-21,87.4662,88.1026,87.2117,87.4075,396137
2016-12-22,87.1334,87.6522,86.3599,86.5655,379060
2016-12-23,86.6243,86.9865,85.8802,86.9571,226874
2016-12-27,87.0257,87.5837,86.7417,87.1431,228936
2016-12-28,87.1823,87.5348,84.6858,84.7641,604161
2016-12-29,84.911,85.3124,84.4998,85.2438,355199
2016-12-30,85.5082,85.8998,83.8047,84.2746,470078
2017-01-03,85.3222,86.2669,85.1557,86.2033,975594
2017-01-04,86.8592,89.2383,86.8299,88.7977,1147617
2017-01-05,88.739,89.4732,87.848,88.4942,913202
2017-01-06,88.7194,89.0914,87.9753,88.9054,550924
2017-01-09,88.8271,89.0718,88.4746,88.5823,936082
2017-01-10,88.9543,89.2578,87.2215,87.9949,825022
2017-01-11,88.6704,92.1558,88.1907,91.3432,1807512
2017-01-12,91.5683,92.332,90.2662,91.7837,1042241
2017-01-13,92.1949,92.9488,91.3823,92.0285,603367
2017-01-17,93.1446,93.7809,91.9404,92.3712,844809
2017-01-18,92.8509,93.0173,90.3641,90.6579,1104758
2017-01-19,90.8047,92.4299,90.5991,91.0984,609555
2017-01-20,91.5977,92.0774,90.8928,91.4019,701571
2017-01-23,91.4215,91.9404,90.9026,91.7348,349404
2017-01-24,91.9697,93.8299,91.7446,93.546,921858
2017-01-25,93.8103,93.8495,91.2942,92.0285,1083689
2017-01-26,92.1166,93.8788,92.0677,93.4774,796465
2017-01-27,93.3404,93.8593,92.7725,93.4187,452959
2017-01-30,92.8019,92.8607,91.5488,92.5865,677403
2017-01-31,92.6257,92.6893,90.5795,90.697,1453745
2017-02-01,91.2355,91.676,89.7376,91.4509,855154
2017-02-02,91.4411,91.4411,89.5809,90.9614,589377
2017-02-03,91.4215,92.4691,91.0495,92.2928,446840
2017-02-06,92.0677,92.4886,91.8033,92.3124,478070
2017-02-07,92.0285,92.4691,90.325,90.8537,756853
2017-02-08,90.9614,92.4103,90.2662,92.3712,661576
2017-02-09,92.4103,92.8607,91.6858,91.9404,498796
2017-02-10,92.4691,92.4691,91.3138,91.7348,637821
2017-02-13,92.3516,93.4089,91.6858,92.7628,660451
2017-02-14,92.3907,92.3907,88.455,89.2774,1654798
2017-02-15,89.3949,91.0593,89.111,90.8145,1510466
2017-02-16,90.932,92.0187,90.139,90.4718,593715
2017-02-17,90.5012,90.8537,89.6495,89.9921,1016681
2017-02-21,90.5697,91.8621,90.4718,91.8131,790165
2017-02-22,91.4509,91.6858,90.4425,90.5012,652884
2017-02-23,91.1669,91.2844,89.8453,90.4718,738585
2017-02-24,90.0019,91.1865,89.111,90.9809,699996
2017-02-27,91.0397,91.4411,90.2858,90.5208,930582
2017-02-28,93.7907,100.409,93.732,99.381,4246486
2017-03-01,100.7418,102.1418,99.8607,100.5069,2591772
2017-03-02,100.6537,102.5824,100.0076,100.8985,2040092
2017-03-03,101.2313,102.9936,100.9181,102.5726,1153370
2017-03-06,99.7824,100.5166,96.5614,99.9684,2329009
2017-03-07,99.9684,102.6216,99.4397,101.6132,1396714
2017-03-08,101.4174,101.7111,100.0957,100.5852,1285087
2017-03-09,100.8006,101.202,99.8901,100.3502,1457145
2017-03-10,100.546,101.8285,100.2132,100.8887,1422587
2017-03-13,100.7413,102.676,100.319,102.6269,1336579
2017-03-14,102.1457,102.5189,101.2127,102.0868,752577
2017-03-15,102.6269,103.6188,101.9984,103.334,781737
2017-03-16,103.2162,103.8349,101.8511,102.1457,1017449
2017-03-17,102.6171,104.6205,102.5287,104.3063,1436880
2017-03-20,104.1393,104.2866,103.2315,104.1688,1032380
2017-03-21,104.1688,105.6321,102.2046,102.3814,1249475
2017-03-22,102.7251,103.5795,101.4484,103.334,985380
2017-03-23,103.2947,104.483,102.9657,103.2653,690021
2017-03-24,103.6483,104.2748,102.1653,102.5778,527424
2017-03-27,101.7627,103.0689,100.8101,102.7251,841113
2017-03-28,102.7055,103.5697,102.2636,103.0001,805014
2017-03-29,103.118,104.0509,103.0198,103.1572,916612
2017-03-30,103.1965,104.1884,102.9608,103.2555,671426
2017-03-31,103.0787,104.5813,102.5091,103.7465,936769
2017-04-03,103.8349,104.3947,101.9689,103.1474,991543
2017-04-04,103.0885,104.0215,102.9314,103.609,884044
2017-04-05,103.7956,104.7875,103.0296,103.3242,1168305
2017-04-06,103.442,104.267,103.0198,104.1295,705113
2017-04-07,104.1197,104.3947,103.6188,104.0411,1211635
2017-04-10,104.0608,104.3014,102.7055,102.9805,984229
2017-04-11,102.6858,103.8054,102.46,103.717,646351
2017-04-12,104.1,104.1778,101.9395,102.2537,689988
2017-04-13,102.1359,102.9265,101.5664,101.7627,500121
2017-04-17,101.8904,102.7546,101.6056,102.7546,721130
2017-04-18,102.0868,103.9134,102.0868,103.8742,890751
2017-04-19,104.1491,105.0134,103.4813,103.9429,948677
2017-04-20,104.2375,104.3456,103.501,103.6286,888821
2017-04-21,103.7072,104.1197,103.0099,103.2162,1106555
2017-04-24,104.1197,105.0232,103.9822,104.9152,933994
2017-04-25,105.5142,106.5159,105.4455,106.1526,706554
2017-04-26,106.1722,106.6142,105.3178,106.3588,671206
2017-04-27,106.3392,107.2721,105.8481,106.241,759347
2017-04-28,106.2999,107.0954,106.2606,106.9579,1206817
2017-05-01,107.1347,108.156,105.0821,107.4293,854810
2017-05-02,107.3802,107.3802,106.0642,106.4374,831338
2017-05-03,106.4079,106.6829,105.2687,105.7205,968585
2017-05-04,109.9827,110.7094,106.4963,106.7615,1977071
2017-05-05,107.3998,108.9117,106.899,108.0382,1116535
2017-05-08,108.048,108.3328,106.7713,107.5962,864277
2017-05-09,107.5373,107.9498,106.7516,107.3704,709836
2017-05-10,107.5373,108.6176,107.2034,108.5881,819202
2017-05-11,108.5881,108.9515,108.1069,108.7551,548953
2017-05-12,108.4605,108.7551,108.1167,108.4015,601926
2017-05-15,109.0988,110.793,108.7354,110.0416,654175
2017-05-16,110.4344,110.8567,109.6979,110.3559,760231
2017-05-17,109.5015,110.0023,108.5096,108.5587,982141
2017-05-18,108.0087,108.6863,106.9186,108.0283,921133
2017-05-19,108.4703,109.7912,108.1855,108.3426,897049
2017-05-22,108.922,109.0722,107.773,108.5979,797850
2017-05-23,108.922,109.9925,108.6078,109.7077,592074
2017-05-24,109.7077,110.5325,109.5506,110.0416,548760
2017-05-25,110.513,111.662,110.2478,110.5719,636067
2017-05-26,110.4835,111.0335,110.1889,110.8371,601398
2017-05-30,110.7683,110.8665,109.4465,110.4442,772013
2017-05-31,110.2675,111.6915,109.8845,111.5638,1136209
2017-06-01,111.6424,112.2375,110.8665,111.3281,813566
2017-06-02,111.3674,112.3495,111.0335,112.045,605087
2017-06-05,111.7602,112.4379,111.1317,111.5736,689495
2017-06-06,111.4656,111.9174,110.6014,110.6603,755203
2017-06-07,110.6603,111.1415,110.3657,110.7782,1068495
2017-06-08,110.9746,112.703,110.3559,112.2218,1440685
2017-06-09,112.6932,114.5492,112.045,113.3316,1131451
2017-06-12,113.1548,113.3316,108.981,109.197,1804701
2017-06-13,110.635,111.2062,109.3054,110.96,1111736
2017-06-14,110.9108,110.9551,106.9219,107.6212,1710526
2017-06-15,106.3309,106.3703,102.0664,104.4497,2579368
2017-06-16,104.5975,106.4885,104.2528,106.459,1704147
2017-06-19,106.8628,107.5818,105.2869,106.6953,1114684
2017-06-20,106.2226,107.4931,105.3854,106.1142,805457
2017-06-21,105.9468,105.9961,104.2725,104.5876,1274057
2017-06-22,104.8634,105.0899,103.5239,103.6126,1180202
2017-06-23,103.7209,104.3119,102.8443,103.2679,3099744
2017-06-26,103.5239,104.9521,102.6769,103.4353,1826807
2017-06-27,103.7997,104.0952,102.7262,102.8936,1313088
2017-06-28,103.5436,105.7103,103.0512,105.3066,1201548
2017-06-29,105.5627,105.6415,102.1992,103.0906,986351
2017-06-30,103.6323,104.9225,103.5338,103.9474,807241
2017-07-03,104.7354,104.9225,103.7505,104.4301,555424
2017-07-05,104.4005,107.0204,104.4005,106.39,1356683
2017-07-06,106.2324,107.434,105.6809,106.4196,1174492
2017-07-07,106.6855,108.7834,106.5181,108.3303,1567313
2017-07-10,108.547,110.2115,108.3401,109.6599,1444322
2017-07-11,109.9948,111.3737,109.1773,111.2456,1321835
2017-07-12,111.7873,115.3626,111.6691,114.7815,2115634
2017-07-13,114.8406,117.2043,114.8406,115.9043,2336951
2017-07-14,116.5838,117.1945,115.2444,115.7959,1723286
2017-07-17,115.8846,115.9968,114.7027,115.0966,863670
2017-07-18,115.0572,116.3967,114.417,115.9535,688937
2017-07-19,116.1899,117.7854,114.8996,117.3619,1215388
2017-07-20,117.2043,117.3619,115.8649,116.1308,928730
2017-07-21,116.2096,117.0852,115.8156,116.5543,1017201
2017-07-24,116.7414,117.5885,116.0618,116.8104,1596553
2017-07-25,117.6968,117.6968,116.6139,117.0074,1128009
2017-07-26,117.3619,117.4801,115.2345,115.4315,870720
2017-07-27,116.0323,116.5247,113.4617,114.614,955934
2017-07-28,114.6042,115.2148,114.1511,114.7421,1388316
2017-07-31,115.0375,115.2444,113.9837,114.0526,926758
2017-08-01,114.3087,115.9043,113.5602,115.658,916186
2017-08-02,115.727,118.1499,115.2838,117.6475,1527119
2017-08-03,117.9824,118.1499,116.6922,117.0074,1321714
2017-08-04,117.1748,118.1794,116.9581,117.7953,1077406
2017-08-07,118.7999,121.6167,118.1892,121.2228,3815419
2017-08-08,117.3324,117.3718,111.9646,113.6685,5312135
2017-08-09,112.9298,113.9629,109.5516,111.4525,2603636
2017-08-10,110.8024,110.8123,108.5864,109.2758,2603510
2017-08-11,108.3401,108.6159,106.9613,107.7098,2138074
2017-08-14,108.478,109.7978,108.3845,109.1576,1620090
2017-08-15,109.3251,110.7335,108.35,110.1918,1179269
2017-08-16,110.31,112.1222,109.5811,111.7085,1288992
2017-08-17,112.2207,112.2207,110.31,110.4183,1045990
2017-08-18,110.3494,111.61,109.8766,110.8911,872711
2017-08-21,110.9502,111.876,110.5365,111.7676,686049
2017-08-22,112.1714,114.4367,112.0533,114.0723,974201
2017-08-23,113.8261,114.6534,113.3681,113.6488,609259
2017-08-24,113.8852,114.5155,112.9889,113.1268,948052
2017-08-25,113.3927,113.7178,112.5359,113.2155,605600
2017-08-28,114.1807,114.2496,112.7328,113.6882,594832
2017-08-29,113.0677,113.0677,111.7578,112.7328,627342
2017-08-30,112.8215,113.7965,112.1419,113.4321,717582
2017-08-31,114.4663,115.3823,114.2102,114.5057,909158
2017-09-01,115.2936,117.0665,114.8701,116.8399,909314
2017-09-05,117.2043,118.2188,114.4072,114.9095,1178782
2017-09-06,115.1853,117.8445,114.4663,116.8695,1263021
2017-09-07,116.9581,117.9233,116.1111,116.3081,891834
2017-09-08,116.2982,117.2043,116.0126,116.4952,688970
2017-09-11,118.3074,122.4441,117.7165,121.9812,1724152
2017-09-12,122.6213,124.4139,122.3948,122.7592,1402072
2017-09-13,122.7789,124.2464,122.5623,123.7047,1284967
2017-09-14,123.7048,124.6132,123.1814,124.4157,1220473
2017-09-15,124.712,126.2271,123.7245,125.6895,1617766
2017-09-18,126.8843,130.0046,126.5486,129.3726,1694545
2017-09-19,129.8466,133.5593,129.5701,132.957,1990943
2017-09-20,133.5889,135.228,132.3941,134.369,2917297
2017-09-21,134.7837,134.7837,132.3941,133.1939,2017905
2017-09-22,132.7101,133.1841,131.5844,132.6015,1324237
2017-09-25,130.6168,130.9821,125.7093,127.2694,2642543
2017-09-26,127.378,128.2766,125.808,126.8053,1422092
2017-09-27,127.536,129.4713,127.2644,128.3852,1235632
2017-09-28,128.9283,130.8834,128.5629,130.6563,1300142
2017-09-29,131.1302,135.7514,130.834,134.5961,2103581
2017-10-02,134.5368,135.1589,132.1522,134.9022,1180344
2017-10-03,135.4946,136.097,134.606,135.6921,889375
2017-10-04,136.1661,136.8474,135.3663,136.4821,1113087
2017-10-05,136.9363,138.3429,136.4919,137.904,820005
2017-10-06,133.9839,135.4946,132.8483,135.465,1988359
2017-10-09,135.8205,136.3636,133.5297,134.8331,893437
2017-10-10,135.5144,136.413,134.1222,136.0377,832396
2017-10-11,136.2648,136.4821,134.6553,135.6921,1205423
2017-10-12,135.2774,136.5907,135.2379,135.5736,932021
2017-10-13,137.0054,137.7262,135.8007,137.193,906376
2017-10-16,138.0817,139.5283,136.8672,138.3977,1332644
2017-10-17,138.9013,138.9309,137.1436,137.6571,1049207
2017-10-18,138.2989,138.5162,137.5485,137.904,720535
2017-10-19,136.4821,137.7657,135.4255,137.7361,798724
2017-10-20,138.9309,139.5135,138.2989,139.0099,925475
2017-10-23,139.2271,139.6216,136.0377,136.7882,1535471
2017-10-24,137.1535,137.7262,136.1266,136.9758,1332839
2017-10-25,137.746,138.6742,135.1589,136.7586,1699494
2017-10-26,137.6472,138.0017,135.8699,137.2918,1375894
2017-10-27,137.8842,138.2101,136.1365,137.3313,1204760
2017-10-30,137.3313,138.4076,136.7882,137.7559,834834
2017-10-31,137.272,139.1185,137.272,139.1185,1576348
2017-11-01,140.2145,140.6293,139.079,140.5404,907500
2017-11-02,140.7083,141.8833,133.9049,135.1885,2363993
2017-11-03,134.8331,138.5852,133.5494,138.2792,1395318
2017-11-06,138.4767,140.2145,138.3779,140.1849,951093
2017-11-07,140.2145,141.7648,140.0763,141.3303,1560643
2017-11-08,141.7253,143.167,140.7083,142.7621,1750031
2017-11-09,140.3232,140.6441,134.6751,139.0691,2588518
2017-11-10,139.2469,140.8959,138.6544,138.8519,1056337
2017-11-13,137.7855,141.8538,137.7657,141.5673,949250
2017-11-14,137.7657,137.8645,135.0898,135.9192,1715612
2017-11-15,95.7435,96.9849,95.4754,96.2798,857123
2017-11-16,133.7963,135.0306,132.9866,133.6284,1915163
2017-11-17,134.211,134.606,132.9471,134.4973,1441710
2017-11-20,134.29,134.4875,133.3124,133.6975,1009318
2017-11-21,134.5763,135.9883,134.3394,134.9812,958517
2017-11-22,136.018,136.1069,133.4704,133.5494,715372
2017-11-24,133.9049,135.781,133.7963,135.3367,415525
2017-11-27,135.3367,135.623,134.4776,134.5171,773901
2017-11-28,135.0404,135.8106,134.1912,135.1688,690668
2017-11-29,135.4255,135.4255,128.9875,130.2909,1529706
2017-11-30,130.3699,133.1149,130.1033,132.6311,1290966
2017-12-01,133.1643,133.6975,128.3753,130.4884,1240256
2017-12-04,131.7523,132.2164,127.5469,127.7236,1595558
2017-12-05,126.8843,128.6123,125.5809,126.3807,1414348
2017-12-06,125.9265,126.5881,124.7218,125.8771,1675339
2017-12-07,125.4624,128.9036,125.4031,127.457,979493
2017-12-08,128.2963,130.1922,128.2519,128.9579,1557311
2017-12-11,129.3134,130.4884,128.5333,129.4911,970922
2017-12-12,129.3529,129.4713,128.4839,128.7209,1025820
2017-12-13,128.7308,129.4516,128.1482,128.4642,960768
2017-12-14,127.9891,128.7414,126.2271,126.2865,1015160
2017-12-15,128.1277,130.7013,127.6822,128.2563,2133742
2017-12-18,130.2113,131.4635,129.8005,130.7409,1387573
2017-12-19,131.4239,131.6417,130.2658,130.6815,1047123
2017-12-20,131.0676,131.4635,129.9688,129.9985,832288
2017-12-21,129.9045,130.632,127.1675,127.3457,1102100
2017-12-22,126.826,128.1475,126.7023,127.9792,781521
2017-12-26,127.9297,128.0881,126.7617,127.7317,327031
2017-12-27,127.6921,128.286,126.8804,127.1279,667782
2017-12-28,127.2467,127.5041,126.0737,127.1477,998225
2017-12-29,127.4645,127.8901,126.2271,126.5934,714604
2018-01-02,127.6228,130.5726,127.1873,130.1965,1118561
2018-01-03,130.7013,132.582,129.2957,130.4538,1042125
2018-01-04,130.9092,131.612,128.7909,128.8998,820939
2018-01-05,129.7114,131.4437,129.1868,130.3845,807161
2018-01-08,132.9384,137.2641,132.2258,136.0565,1945185
2018-01-09,136.1257,136.5811,133.6412,134.0668,1198130
2018-01-10,133.7402,133.8788,130.9488,131.612,884639
2018-01-11,131.9485,133.3927,131.2556,133.3244,838380
2018-01-12,133.9579,134.4331,131.7407,132.1663,990097
2018-01-16,132.7503,133.5026,124.4256,126.7023,2879578
2018-01-17,127.8901,128.1376,124.7254,125.6629,2016991
2018-01-18,114.032,117.546,111.399,116.7146,8622302
2018-01-19,117.6945,118.1895,114.329,114.8338,4275098
2018-01-22,114.6062,114.7546,111.9137,112.379,3648008
2018-01-23,113.1511,113.8341,110.9834,111.8543,2972124
2018-01-24,112.8442,113.0026,110.9041,111.2604,2727521
2018-01-25,111.5178,115.7544,111.5178,115.7148,2499828
2018-01-26,115.8138,116.6205,112.8541,113.25,1916729
2018-01-29,113.0719,113.2995,110.1815,110.5477,2250814
2018-01-30,111.2406,112.5868,109.9241,110.2409,2146009
2018-01-31,110.716,110.9437,109.1322,110.4586,2606203
2018-02-01,109.7954,110.4388,107.8553,108.0929,1962034
2018-02-02,107.4198,108.0137,103.8563,104.4403,2738581
2018-02-05,103.2228,108.7858,101.8072,104.0839,3837970
2018-02-06,102.4606,107.4197,102.2626,106.4497,2903894
2018-02-07,106.3705,108.37,105.4796,105.5489,1668253
2018-02-08,105.8558,107.5979,104.074,104.1136,2377485
2018-02-09,104.9253,107.6078,102.6981,106.6279,2573841
2018-02-12,108.1721,111.013,107.9048,110.4586,2637077
2018-02-13,110.4685,111.4584,106.9882,107.3505,2763450
2018-02-14,106.0933,111.0229,105.5489,110.5873,2052269
2018-02-15,111.2901,113.4876,110.2508,113.448,1760152
2018-02-16,113.2006,113.4282,110.8249,111.102,1669248
2018-02-20,110.8645,114.2201,110.8645,113.4183,1431724
2018-02-21,114.1805,115.3189,111.7257,111.8642,1775001
2018-02-22,112.7254,113.5865,112.0078,112.5274,1021920
2018-02-23,114.6655,117.6252,114.4379,117.546,2142290
2018-02-26,113.1907,113.7351,106.034,108.9837,7151964
2018-02-27,109.4391,111.9533,109.4391,110.4388,2665690
2018-02-28,111.4584,111.7554,97.927,99.4118,6717188
2018-03-01,100.2433,100.2829,93.7399,95.0366,7170806
2018-03-02,94.7198,94.8782,89.5726,94.0566,5718042
2018-03-05,93.2647,96.6699,92.552,95.4622,2503289
2018-03-06,97.4024,99.8671,96.7986,99.1247,3587430
2018-03-07,97.9963,99.6018,97.5805,99.0356,1567896
2018-03-08,99.1445,100.3225,97.6498,98.2734,1274365
2018-03-09,98.6991,101.3816,98.0755,100.7283,1510621
2018-03-12,100.956,102.9159,100.5699,101.9458,1508963
2018-03-13,101.9557,103.3316,101.5103,102.0844,1373073
2018-03-14,102.4171,103.5889,99.408,99.6364,1965720
2018-03-15,99.835,100.2323,97.1736,97.392,1506883
2018-03-16,97.2331,98.1269,95.8329,97.69,2101782
2018-03-19,96.8955,97.3225,95.1496,96.2401,1186260
2018-03-20,96.2897,96.2897,93.3502,94.6611,3660049
2018-03-21,95.0186,98.0872,93.956,96.7962,1780347
2018-03-22,95.6442,97.0246,93.3998,93.4594,1536165
2018-03-23,93.3502,94.9193,92.3869,92.5954,1356673
2018-03-26,93.9162,94.671,92.4961,93.7077,1691644
2018-03-27,94.1248,95.0881,92.1684,92.7841,1644717
2018-03-28,92.7841,93.1913,88.6648,88.9409,2906311
2018-03-29,89.8346,93.0423,89.4275,92.0989,2275749
2018-04-02,91.4137,91.8109,88.0173,88.345,1919757
2018-04-03,88.9607,90.0233,86.9547,89.7949,1883826
2018-04-04,87.1732,91.0065,86.1503,90.9668,2281030
2018-04-05,91.6421,97.8091,91.225,95.1079,2884327
2018-04-06,93.8567,94.959,90.5993,91.1654,2707922
2018-04-09,92.1287,92.1287,90.1524,90.5894,1161478
2018-04-10,92.228,92.9827,91.0462,91.6917,1480307
2018-04-11,91.2051,93.3402,90.5795,92.6649,1072775
2018-04-12,93.0026,93.4396,91.6818,92.7444,1185371
2018-04-13,95.4754,95.7733,93.7871,94.8398,1999271
2018-04-16,95.7832,96.9003,93.8864,96.2003,1415807
2018-04-17,96.965,97.2827,95.1775,95.962,1164197
2018-04-18,96.5876,99.0902,96.3792,98.1071,1145685
2018-04-19,98.3156,99.0108,96.25,97.9084,1526433
2018-04-20,97.5509,97.6353,96.4337,97.0743,912310
2018-04-23,96.9948,97.8191,96.3592,96.6671,804855
2018-04-24,97.1736,97.8191,93.4594,95.1179,1328573
2018-04-25,95.1377,95.5548,93.8269,94.8001,870795
2018-04-26,95.1775,96.6373,93.9063,95.8825,1030420
2018-04-27,95.7435,96.9849,95.4754,96.2798,857223
2018-04-30,96.2897,98.1567,96.0414,96.2897,1441949
2018-05-01,95.6045,96.9452,94.9987,96.9452,1221587
2018-05-02,96.9253,99.0803,96.8856,97.1636,1398328
2018-05-03,97.1736,98.554,95.8428,97.2133,1384027
2018-05-04,96.9352,100.0833,96.8459,99.3683,1294627
2018-05-07,99.4179,101.6722,99.0008,99.4179,1388214
2018-05-08,99.3087,100.6891,98.8122,100.0237,1680616
2018-05-09,101.0168,102.0586,99.4775,101.0466,1934866
2018-05-10,100.7586,101.1856,95.9719,97.7098,3860677
2018-05-11,97.3225,98.3454,97.0842,97.8588,1683234
2018-05-14,98.6135,100.4309,98.2957,98.554,1525206
2018-05-15,98.3951,101.0466,97.3523,100.1131,1728376
2018-05-16,100.4507,102.1887,100.3697,101.6425,1545807
2018-05-17,101.9106,105.1381,101.7914,104.0755,2770397
2018-05-18,104.2741,105.5651,103.43,104.1947,2305822
2018-05-21,104.7707,105.6645,102.7944,103.3506,1853949
2018-05-22,103.8173,104.4132,101.424,101.6325,1034258
2018-05-23,100.6394,101.5431,100.1032,101.136,907212
2018-05-24,98.8916,99.2789,94.2936,94.3631,3516922
2018-05-25,93.7474,94.6511,92.7245,94.1645,1742042
2018-05-29,93.9262,94.1347,91.9698,92.3869,1612172
2018-05-30,92.943,93.7971,92.3571,92.943,1241027
2018-05-31,92.9132,93.668,92.6054,92.8238,1430047
2018-06-01,92.8536,94.4187,92.8536,93.6084,1242808
2018-06-04,93.9162,94.3433,93.1814,93.7871,962280
2018-06-05,93.8467,94.6759,93.6332,93.9957,973273
2018-06-06,94.1446,95.0186,93.3005,95.0086,1738079
2018-06-07,94.9788,95.7634,94.0354,94.5617,887529
2018-06-08,94.5419,95.1379,93.9858,94.7107,1044249
2018-06-11,94.7902,95.7137,93.9758,94.7107,815815
2018-06-12,96.4387,97.0743,94.7008,95.0781,1584642
2018-06-13,95.1675,95.3661,93.4495,93.5289,1598200
2018-06-14,93.8728,94.6452,93.0356,93.3446,1148198
2018-06-15,92.8163,93.3047,91.8895,93.0157,1698922
2018-06-18,92.7964,92.8263,91.9692,92.5572,1675556
2018-06-19,91.5008,91.5606,89.9361,91.0922,1841110
2018-06-20,91.7699,92.318,91.0025,91.3015,1333691
2018-06-21,91.1021,92.2435,90.9427,91.6602,1319731
2018-06-22,92.0689,93.3047,91.8496,93.1452,1449961
2018-06-25,93.3346,94.6501,90.9825,91.6503,1414901
2018-06-26,92.019,92.7864,91.5805,92.2084,1070704
2018-06-27,93.4243,96.003,92.9559,93.0954,1967828
2018-06-28,92.9359,93.4442,92.1885,93.3246,943660
2018-06-29,93.813,96.6235,93.4841,94.0123,1768350
2018-07-02,93.6236,94.4707,92.6668,93.1652,1182361
2018-07-03,96.3344,97.4905,95.5571,96.2946,1726525
2018-07-05,96.5537,97.0421,92.9858,94.4608,1850864
2018-07-06,94.0621,95.9458,93.5239,95.2182,1171890
2018-07-09,95.4275,96.1969,95.1584,95.6567,1003615
2018-07-10,95.6567,96.5138,94.7199,95.4873,1124631
2018-07-11,94.68,94.8893,93.7831,94.3611,1173253
2018-07-12,95.6468,95.9657,94.5505,95.0289,996636
2018-07-13,95.1784,95.6767,94.5405,95.2481,847520
2018-07-16,95.1684,95.3898,94.3512,94.6402,2343218
2018-07-17,94.5305,96.9623,94.1827,96.6434,1103944
2018-07-18,96.5836,97.5304,95.7365,96.4142,1394591
2018-07-19,95.6667,96.2243,94.7199,95.886,975973
2018-07-20,95.3378,95.3876,93.2449,93.5837,1811142
2018-07-23,93.4243,93.4243,89.7168,90.6138,2490589
2018-07-24,91.5307,92.1187,90.3547,90.5938,1318408
2018-07-25,90.2351,91.6204,90.0058,91.4809,1115607
2018-07-26,91.5905,93.1153,90.8231,92.7466,1209044
2018-07-27,92.9559,93.8229,91.7002,92.9459,902519
2018-07-30,92.9459,92.9459,91.3114,92.1087,1272222
2018-07-31,92.318,94.2116,91.9991,93.8827,989524
2018-08-01,93.6834,93.8428,89.7866,90.7035,1763089
2018-08-02,90.3447,92.0489,89.7766,91.7101,1494877
2018-08-03,91.9493,92.5976,91.5028,92.2981,786737
2018-08-06,91.9891,92.617,91.5705,92.3479,1110060
2018-08-07,92.6868,93.4143,92.2881,92.4974,1603559
2018-08-08,97.0819,100.1516,96.1949,98.4373,5222558
2018-08-09,98.8161,102.7627,98.2878,100.4206,3463892
2018-08-10,99.713,100.4605,97.8792,98.1683,1340089
2018-08-13,97.7995,98.0884,95.2282,95.3079,2110936
2018-08-14,95.4275,97.0919,95.278,97.0022,1152948
2018-08-15,95.8461,96.3743,93.225,95.2182,1930581
2018-08-16,96.165,97.8194,96.165,96.7331,1116896
2018-08-17,96.2846,96.3942,93.9625,95.1186,1334868
2018-08-20,95.278,96.0056,94.999,95.2182,1129701
2018-08-21,95.1485,95.2905,94.1169,94.5206,1384282
2018-08-22,94.68,95.0289,93.9774,94.2116,1236342
2018-08-23,94.1817,94.2814,92.0988,93.4542,3337389
2018-08-24,93.9425,96.6484,93.6834,95.6767,1612675
2018-08-27,95.9757,97.66,95.7763,96.5637,883898
2018-08-28,96.6135,97.7796,96.0554,96.6135,1058280
2018-08-29,96.474,96.8926,95.2531,96.3942,753803
2018-08-30,95.866,96.1351,94.2414,94.7299,985167
2018-08-31,94.391,96.1052,94.1319,95.1983,762929
2018-09-04,96.6733,97.2514,94.69,96.2448,1488365
2018-09-05,96.2448,96.5338,94.737,96.1252,1333764
2018-09-06,96.3643,98.1583,96.3095,97.3311,1355709
2018-09-07,96.5736,97.64,95.4574,96.8627,1280108
2018-09-10,97.0919,97.5902,96.5039,97.062,1227154
2018-09-11,96.753,99.125,96.0701,98.5071,1536388
2018-09-12,98.4872,99.7429,97.8194,99.125,1221044
2018-09-13,99.86,101.24,99.6,100.61,1415077
