date,open,high,low,close,volume
2013-09-16,41.732,41.9027,40.7887,40.8695,2258965
2013-09-17,40.8695,41.0133,40.3035,40.9504,2287303
2013-09-18,40.8965,41.193,40.3844,40.8606,2941278
2013-09-19,41.0492,41.8129,40.9145,40.9504,4056533
2013-09-20,40.9055,41.4805,39.8184,39.8992,4051601
2013-09-23,39.8004,40.0789,39.2614,39.9711,3074132
2013-09-24,39.9981,41.1031,39.6387,40.5102,2718079
2013-09-25,40.5281,41.2379,40.4024,40.8516,2639144
2013-09-26,40.9235,41.2468,39.7375,40.0071,3203841
2013-09-27,39.9172,40.4697,39.7577,40.1957,2080959
2013-09-30,39.7285,39.8992,39.2164,39.5129,2512243
2013-10-01,39.468,39.7555,38.5606,38.7223,4123646
2013-10-02,39.3153,39.4321,38.6953,38.92,4626085
2013-10-03,38.8481,39.4725,38.6048,39.3422,4128541
2013-10-04,38.92,39.9756,38.7134,39.7196,3360179
2013-10-07,39.2883,39.6207,39.0996,39.1176,1919851
2013-10-08,39.1086,39.2075,37.3926,37.4196,4407115
2013-10-09,37.4915,37.5903,36.7458,37.3208,4070802
2013-10-10,37.9227,39.1266,37.6981,39.0996,6409404
2013-10-11,39.0278,41.5524,38.884,40.6,6739143
2013-10-14,40.2317,41.0582,39.8274,40.9414,2418217
2013-10-15,41.0492,41.4176,40.1418,40.7258,2922667
2013-10-16,40.8875,41.3996,40.4203,40.6809,3938701
2013-10-17,40.6449,43.1785,40.618,42.9809,5490864
2013-10-18,43.2863,44.1668,42.6799,44.1398,4656534
2013-10-21,44.2836,44.6807,43.9062,43.9781,2945507
2013-10-22,44.3734,45.2415,44.1398,44.4902,3610475
2013-10-23,44.3195,45.6133,44.1578,44.2566,5474316
2013-10-24,44.2656,44.2656,42.1094,42.2531,4578121
2013-10-25,42.5047,42.8191,41.741,42.1902,2799657
2013-10-28,42.307,42.9539,42.0914,42.3789,2730582
2013-10-29,42.4059,43.2144,42.1902,42.4957,1927931
2013-10-30,42.4957,43.9961,41.9027,43.9691,4254381
2013-10-31,43.7894,45.4246,43.6726,43.9242,3781302
2013-11-01,43.9512,44.0769,42.4777,42.9629,2437858
2013-11-04,43.1246,43.5379,42.3609,43.448,2782251
2013-11-05,43.3043,43.5558,42.8012,43.0527,2485138
2013-11-06,43.2953,43.475,42.2711,42.6215,4000587
2013-11-07,43.1246,45.73,42.9,43.3851,6824338
2013-11-08,43.5379,45.1101,43.1336,45.0023,3832730
2013-11-11,44.9755,46.2287,44.7058,45.9906,4394124
2013-11-12,45.73,47.7785,45.73,46.907,6202378
2013-11-13,46.8171,47.9941,46.6644,47.8593,3166627
2013-11-14,47.9851,49.6562,47.5179,49.3687,3504223
2013-11-15,49.5304,49.6562,48.4433,48.9913,5427709
2013-11-18,49.6023,50.1952,48.9015,49.755,5601917
2013-11-19,50.0245,51.1655,49.764,50.3659,5157405
2013-11-20,50.4378,50.4468,49.171,49.4406,3775731
2013-11-21,49.7281,51.0308,49.5663,50.9679,3066452
2013-11-22,50.9589,51.9472,50.6984,51.5878,4227448
2013-11-25,51.5069,52.1853,50.7253,51.7136,2860960
2013-11-26,51.8579,52.2911,51.0819,51.3977,3438281
2013-11-27,51.4699,53.6626,51.2895,53.3107,6163026
2013-11-29,53.4912,53.7258,52.643,52.9047,1674194
2013-12-02,53.1393,53.7529,52.2821,53.1032,4095003
2013-12-03,52.8054,53.3739,51.7045,51.8128,4043927
2013-12-04,50.739,51.6233,49.3223,50.333,5934297
2013-12-05,50.6308,51.0729,50.0713,50.1796,3321573
2013-12-06,50.712,53.0851,50.6488,52.0655,4889058
2013-12-09,52.7062,53.5724,52.1918,52.3272,5705213
2013-12-10,52.8776,52.8776,50.4774,52.0835,4946156
2013-12-11,51.9211,52.1377,50.5676,50.7571,3675008
2013-12-12,50.5315,51.7767,50.4954,51.3797,3091838
2013-12-13,51.2624,51.5691,50.2518,50.8022,2733797
2013-12-16,50.9917,52.855,50.9556,52.6701,3611880
2013-12-17,52.3994,52.5528,51.3256,51.4158,3286799
2013-12-18,51.6955,52.0565,50.2969,51.9031,2966703
2013-12-19,51.6324,51.8895,50.73,50.8834,2697419
2013-12-20,50.8654,51.4699,50.5947,50.6759,5781829
2013-12-23,51.1812,52.7332,51.0188,52.6159,3349381
2013-12-24,52.5618,52.6791,52.0384,52.5257,797626
2013-12-26,52.5257,53.049,52.3189,52.7693,2383498
2013-12-27,52.7964,52.8776,51.4699,51.7677,1841714
2013-12-30,51.7406,52.0565,50.8022,51.0278,2333154
2013-12-31,51.2173,52.8415,51.2173,52.7874,2398812
2014-01-02,52.5167,53.3017,51.6685,52.3001,2868883
2014-01-03,51.8579,52.3542,50.9105,51.5602,2744311
2014-01-06,51.7316,52.5076,51.6685,51.9482,2503751
2014-01-07,52.2369,52.7964,50.8112,52.3994,3785180
2014-01-08,51.6685,52.2821,51.0007,51.2263,5306743
2014-01-09,51.506,52.3542,51.3707,52.3362,4361783
2014-01-10,52.3452,52.7422,51.2353,51.894,3987559
2014-01-13,51.5331,51.9843,49.3855,49.4577,3782769
2014-01-14,49.8186,50.0713,48.79,49.187,3828591
2014-01-15,49.205,49.2231,47.265,47.5898,5213212
2014-01-16,47.4816,47.8425,46.6965,47.6079,4172811
2014-01-17,47.8966,48.1312,47.3733,47.4455,2120535
2014-01-21,47.7613,48.6275,47.5628,47.8245,3419073
2014-01-22,47.9598,48.3478,47.265,47.5628,2367742
2014-01-23,47.662,48.1132,46.5747,47.2199,2255155
2014-01-24,46.498,46.516,45.1445,45.6317,3215168
2014-01-27,45.731,46.489,45.343,45.9115,3218471
2014-01-28,45.6588,46.2453,45.2618,45.9115,1977297
2014-01-29,45.3069,47.7071,44.964,46.7868,3510422
2014-01-30,46.886,47.4003,46.1912,46.2544,1916390
2014-01-31,45.722,47.3011,45.5866,46.489,2252038
2014-02-03,46.3626,46.6965,45.5957,45.8122,2924340
2014-02-04,45.9205,45.9746,44.3865,45.5235,3708314
2014-02-05,44.9911,45.2798,44.2331,45.0723,4628728
2014-02-06,42.8345,44.0346,41.869,42.9518,9865384
2014-02-07,43.2405,43.6105,42.4104,43.2135,5329718
2014-02-10,43.7639,43.7639,42.3021,43.1052,4400763
2014-02-11,43.2044,44.2963,43.1503,44.0165,3066572
2014-02-12,44.0346,44.4226,43.5473,43.7368,2152200
2014-02-13,43.4029,45.0813,43.3939,44.8287,2662008
2014-02-14,44.7474,45.9205,43.9173,45.352,3365054
2014-02-18,45.334,46.2634,45.2528,45.5144,1966697
2014-02-19,45.3701,46.5792,45.2889,45.3881,2652883
2014-02-20,45.3701,46.0919,44.8196,45.4062,3593419
2014-02-21,45.5686,46.2092,45.3971,45.4242,2970355
2014-02-24,45.722,47.1477,45.6859,46.2273,2233844
2014-02-25,46.2453,47.1973,46.1912,46.8048,2347113
2014-02-26,47.2038,47.8475,46.4149,46.6688,2971689
2014-02-27,46.424,46.7141,45.3631,45.9978,2513546
2014-02-28,46.025,46.7685,45.8165,46.2517,2214172
2014-03-03,45.7077,46.8048,45.7077,46.2154,2186005
2014-03-04,46.6053,46.696,45.8165,46.1792,2722939
2014-03-05,46.0794,47.0043,45.9253,46.9136,2835430
2014-03-06,47.0859,48.8812,47.0408,48.5548,3604729
2014-03-07,48.8268,49.4706,47.8022,48.4822,2606820
2014-03-10,48.5366,48.7452,47.4486,47.8566,2637918
2014-03-11,48.2193,48.2193,46.968,47.4848,2302687
2014-03-12,47.4939,49.4887,47.3035,49.4162,4816982
2014-03-13,49.4434,49.4887,47.4395,48.0379,3335041
2014-03-14,47.9654,48.6092,47.7079,48.2465,2021773
2014-03-17,48.3644,48.6173,47.3579,47.4123,2301988
2014-03-18,47.376,48.2012,47.104,47.7025,2086826
2014-03-19,47.7025,47.7115,46.5872,46.8501,1939355
2014-03-20,46.8229,47.512,46.2426,46.8773,1975841
2014-03-21,47.24,47.3126,45.4447,45.6714,3944168
2014-03-24,45.7439,46.0976,44.7194,44.8644,2189214
2014-03-25,45.0458,45.8981,45.0458,45.3178,2274954
2014-03-26,45.5263,45.9705,45.0458,45.1274,1756012
2014-03-27,45.0095,45.7893,44.4655,44.8644,2677937
2014-03-28,45.0186,46.0069,44.9279,45.7893,1661380
2014-03-31,46.0522,46.2426,45.4901,45.8709,1410629
2014-04-01,45.8165,47.0678,45.7167,46.9318,2131567
2014-04-02,46.7051,46.7051,46.016,46.1973,2658032
2014-04-03,46.3877,46.9408,46.3605,46.56,2710587
2014-04-04,46.9318,47.3126,45.6623,45.8618,2559012
2014-04-07,45.8528,45.9344,44.3385,44.8644,2314445
2014-04-08,44.8372,45.4538,43.9759,44.2388,2617623
2014-04-09,44.1663,44.7103,43.6132,44.2932,2708664
2014-04-10,44.1753,44.7194,43.2414,43.6222,2539218
2014-04-11,43.5588,44.0847,42.6384,43.0419,3364558
2014-04-14,43.4681,44.8554,43.2505,44.8191,3641837
2014-04-15,44.81,46.6144,44.801,46.4693,4750871
2014-04-16,46.8955,47.2672,46.1248,47.1947,3343862
2014-04-17,47.0678,48.2284,46.8229,47.9473,2641856
2014-04-21,47.2038,48.8631,47.2038,48.3009,1915981
2014-04-22,48.0289,48.6182,47.3035,48.174,2523081
2014-04-23,47.5937,48.8449,47.5937,48.7633,1952046
2014-04-24,48.8812,49.3164,48.1921,49.1532,1826645
2014-04-25,49.126,50.0273,48.9991,49.8695,2803036
2014-04-28,50.205,50.9948,49.8242,50.613,3305121
2014-04-29,50.8306,51.3747,50.2775,50.5042,2811516
2014-04-30,50.468,51.5469,50.0599,51.0392,3872608
2014-05-01,52.0819,52.2723,49.8695,51.7374,4761468
2014-05-02,51.9822,52.6803,50.4498,50.6493,4251068
2014-05-05,50.3047,50.7944,48.9719,49.9149,5197922
2014-05-06,50.1143,51.0483,49.7879,49.8877,4104933
2014-05-07,49.7516,49.8514,48.446,49.0081,3969736
2014-05-08,48.8631,49.5159,48.3644,48.6182,2426002
2014-05-09,48.5094,48.5412,47.8113,48.1105,2380481
2014-05-12,48.455,49.3346,48.3916,48.718,1765750
2014-05-13,48.7905,49.7698,48.5458,49.534,2251361
2014-05-14,49.4615,49.9874,48.7905,49.525,2152039
2014-05-15,49.3799,49.5794,48.6545,49.4887,2883750
2014-05-16,49.4615,50.205,48.7089,49.9874,3887151
2014-05-19,49.9874,50.4136,49.8423,50.205,2448525
2014-05-20,50.0327,50.4408,49.534,49.6156,2018201
2014-05-21,49.7426,49.8695,48.174,49.2167,3497496
2014-05-22,49.2167,49.9421,49.0172,49.3436,1864226
2014-05-23,49.2711,49.661,49.0353,49.1895,1381935
2014-05-27,49.2439,49.4887,48.7724,49.3436,1757101
2014-05-28,49.4712,50.5916,49.3801,50.4823,1837329
2014-05-29,50.8102,51.7757,50.464,51.7575,1774855
2014-05-30,51.63,51.8213,50.9741,51.1928,1972703
2014-06-02,51.4114,51.6846,50.8284,51.0834,1736946
2014-06-03,51.1381,52.6639,50.8011,52.2858,3332315
2014-06-04,52.1128,52.5591,51.4934,52.5227,2713440
2014-06-05,52.4862,53.5611,52.4862,53.1057,2875186
2014-06-06,53.215,53.3061,52.3223,53.0328,1829403
2014-06-09,52.9508,53.1512,52.0308,52.0854,1575344
2014-06-10,51.9944,52.0399,50.9468,51.211,2031127
2014-06-11,51.0926,52.0226,50.5916,51.8486,2117701
2014-06-12,51.7484,52.9599,51.3294,52.4134,2562241
2014-06-13,52.4316,52.6684,51.9761,52.632,2270496
2014-06-16,52.468,53.0146,52.2585,52.8324,2054657
2014-06-17,52.5591,53.6158,52.1674,53.5611,1653253
2014-06-18,53.4973,54.5176,52.7231,54.4538,2516717
2014-06-19,54.5995,55.6835,54.5631,55.2827,3399647
2014-06-20,55.4649,56.0205,54.9639,55.975,3118299
2014-06-23,56.1936,56.8622,56.0205,56.6491,2161564
2014-06-24,56.7493,57.2867,55.4148,55.4922,2328536
2014-06-25,53.215,53.971,51.4114,53.1694,7856511
2014-06-26,53.4154,55.055,53.1239,54.5995,3367837
2014-06-27,54.4082,54.5995,53.7524,54.2898,2850001
2014-06-30,54.1259,54.1896,53.1694,53.4427,2038379
2014-07-01,53.3789,54.636,53.3789,54.3445,2400698
2014-07-02,54.472,55.3556,53.9801,55.137,2121749
2014-07-03,55.3556,55.7291,54.718,55.1916,931862
2014-07-07,54.891,55.4558,54.6542,54.6906,1601573
2014-07-08,54.3354,54.5449,53.0055,53.0419,2665656
2014-07-09,53.0237,53.9437,52.6866,53.7433,2403631
2014-07-10,53.1603,53.8526,52.7141,53.6795,1831063
2014-07-11,53.3971,54.7644,53.2878,54.5722,2373373
2014-07-14,54.8455,55.0094,53.7706,54.0894,1797898
2014-07-15,53.6704,55.7564,53.3243,55.3283,3322136
2014-07-16,55.4194,55.5651,53.9528,54.1987,2758465
2014-07-17,53.7615,54.3445,53.1785,53.2241,1788580
2014-07-18,53.552,53.7752,52.8415,52.969,2530880
2014-07-21,52.7959,53.1967,52.0217,52.131,3149855
2014-07-22,52.6775,53.3425,52.5864,52.8142,1995386
2014-07-23,52.9326,53.7615,52.6958,52.8597,1894102
2014-07-24,52.9326,54.5476,52.9326,54.4811,1951518
2014-07-25,54.4538,54.8819,53.8799,54.7908,1697905
2014-07-28,54.6542,54.6633,53.3607,53.8162,2181717
2014-07-29,54.2807,55.1096,53.9255,54.636,2646491
2014-07-30,54.7453,55.3283,53.7979,54.0985,2221688
2014-07-31,53.7342,56.9497,53.6886,56.057,6454036
2014-08-01,54.6086,55.8839,54.3627,55.7473,2783131
2014-08-04,54.6086,55.8839,54.3627,55.7473,2794955
2014-08-05,55.4922,56.2938,55.0823,55.8384,2457487
2014-08-06,55.7291,56.977,55.6562,56.3576,2777915
2014-08-07,56.5853,57.5964,56.2665,57.141,3536473
2014-08-08,57.3869,57.7786,57.0134,57.6693,1924575
2014-08-11,57.7786,58.061,56.2209,56.2574,2610516
2014-08-12,56.312,57.2229,56.1116,56.6582,2170120
2014-08-13,57.0134,58.0154,56.4213,57.7786,2132979
2014-08-14,57.897,58.4701,57.4416,58.0154,2498667
2014-08-15,58.1885,58.48,56.6217,57.3505,3286557
2014-08-18,57.7604,58.7259,57.5326,58.2705,2777941
2014-08-19,58.3434,58.6075,57.6511,58.5346,2105920
2014-08-20,58.4982,59.0994,57.7513,58.9263,1920174
2014-08-21,59.0721,59.0721,58.061,58.2796,2495580
2014-08-22,58.1885,58.9445,55.6926,58.7533,2254410
2014-08-25,59.0265,59.4911,58.48,59.1267,1297485
2014-08-26,59.0265,59.3909,58.2523,58.9901,1666711
2014-08-27,59.0267,59.2005,58.02,58.3037,2740742
2014-08-28,58.3678,59.0633,57.9468,59.0084,1938574
2014-08-29,58.9077,59.5208,58.7704,59.2463,1408702
2014-09-02,59.3561,59.5208,58.1573,58.3678,2114157
2014-09-03,58.6881,59.3561,58.4593,59.1456,1700335
2014-09-04,59.1731,60.6465,58.9535,60.1523,2987072
2014-09-05,60.0516,61.1681,59.4842,60.9576,2503262
2014-09-08,60.921,61.374,60.5092,60.8661,1577156
2014-09-09,60.5916,60.7014,59.228,59.3287,2316447
2014-09-10,59.3104,59.6215,56.6519,57.6265,4483981
2014-09-11,57.1689,57.9743,56.3178,56.5192,3774254
2014-09-12,56.446,56.8441,55.6864,56.2812,2564718
2014-09-15,56.1989,56.8395,55.6315,56.7937,1987856
2014-09-16,56.5466,58.3585,56.4185,57.3245,2598450
2014-09-17,57.4709,57.5899,55.6315,56.5649,2575918
2014-09-18,56.6107,56.9217,55.7139,56.1531,1546510
2014-09-19,56.3453,56.8852,56.1088,56.6656,2357530
2014-09-22,56.3545,56.6381,54.8628,54.9177,2722554
2014-09-23,54.8079,55.842,54.4244,54.4693,1784756
2014-09-24,54.2771,54.8445,53.1972,54.4327,2191285
2014-09-25,54.4876,54.5882,53.6366,54.3045,1826539
2014-09-26,54.4601,55.9152,54.1581,55.7413,2423126
2014-09-29,55.1922,56.2355,55.0824,55.8694,1850321
2014-09-30,55.906,56.8029,55.3569,55.8054,3796702
2014-10-01,55.906,57.4069,55.7962,56.144,2946448
2014-10-02,55.8603,56.5741,54.5791,55.5674,3061204
2014-10-03,55.7139,55.8237,54.2588,55.5034,3153870
2014-10-06,55.5217,56.8852,54.9682,56.7571,2627871
2014-10-07,56.4826,59.2463,56.4826,56.7754,5590290
2014-10-08,56.9768,59.2005,56.1623,59.1182,3888784
2014-10-09,59.0175,60.1981,56.6565,56.7205,4319371
2014-10-10,56.9127,57.654,55.1099,56.4368,5092400
2014-10-13,56.5375,57.8004,55.1373,55.2654,3908142
2014-10-14,56.5741,56.5741,52.7854,54.1947,4231285
2014-10-15,53.5084,53.9476,50.8728,53.6639,5059925
2014-10-16,52.6756,55.4027,52.5941,54.7347,3282804
2014-10-17,55.2654,55.906,54.3228,55.2563,2555239
2014-10-20,55.6864,60.134,55.6864,59.8777,6355845
2014-10-21,60.3445,61.4143,59.8411,61.3603,4261936
2014-10-22,61.3969,62.4676,59.3012,59.3836,3070793
2014-10-23,60.2987,60.8295,59.1273,59.7496,3158013
2014-10-24,59.7679,60.4268,58.9809,60.1065,1770083
2014-10-27,59.6581,60.619,59.0724,60.2438,2749960
2014-10-28,60.436,62.0558,59.7273,61.7172,2895893
2014-10-29,62.2754,62.7421,60.4268,61.2688,2473821
2014-10-30,61.3237,63.1357,61.0491,62.3212,3842767
2014-10-31,65.0117,66.8054,64.005,65.3503,6838447
2014-11-03,65.8536,68.6357,65.5516,67.0708,7307522
2014-11-04,66.4942,67.3911,65.5608,66.7596,3126090
2014-11-05,67.2996,67.2996,65.2679,66.2746,3961510
2014-11-06,66.723,67.025,65.7072,66.5491,3512342
2014-11-07,66.4576,67.2172,65.5974,65.8445,3841114
2014-11-10,66.2471,66.6223,65.114,65.3686,4436190
2014-11-11,65.4967,66.7047,64.5724,66.5491,2392693
2014-11-12,66.421,67.2904,66.1648,66.659,3137078
2014-11-13,66.4759,66.4941,64.124,64.9659,3813351
2014-11-14,65.6706,66.6407,65.213,65.9634,2770118
2014-11-17,65.8811,66.961,65.5882,66.2288,2462247
2014-11-18,66.5217,68.4499,65.9817,66.7688,4876124
2014-11-19,66.7322,68.4252,66.2746,68.2421,2411129
2014-11-20,67.9676,69.5417,67.9676,69.2671,2826437
2014-11-21,70.2738,72.7446,69.9535,71.134,3857919
2014-11-24,70.9052,71.7288,70.5117,71.2347,1992326
2014-11-25,71.6848,72.4106,71.152,72.1625,2294278
2014-11-26,71.8777,72.5759,71.4735,71.9788,2204438
2014-11-28,70.2333,71.3449,69.3238,70.3895,1864586
2014-12-01,70.3987,71.3633,68.3316,69.186,4347945
2014-12-02,68.8828,71.2696,68.7083,70.6008,3205338
2014-12-03,70.9499,71.6297,70.2792,70.5732,3033523
2014-12-04,70.5732,71.9604,69.6362,71.7216,2553570
2014-12-05,71.6205,72.6218,69.7831,69.9577,2546473
2014-12-08,69.8199,70.3619,67.0914,67.4589,4914807
2014-12-09,67.1006,71.005,66.1452,70.6743,5027379
2014-12-10,69.8199,71.1952,67.7529,68.3132,4286266
2014-12-11,68.7358,70.0679,68.0193,68.2306,1744799
2014-12-12,67.2568,69.4984,66.6238,68.3592,2518090
2014-12-15,68.8736,70.1965,68.3867,69.3146,2685327
2014-12-16,68.3959,70.3895,67.0638,68.1754,2774542
2014-12-17,68.5521,68.7358,67.0638,68.4694,4546834
2014-12-18,69.8291,70.1414,63.435,65.5756,7255571
2014-12-19,65.9329,67.3992,65.1438,66.1452,4494681
2014-12-22,65.9798,66.972,65.2632,66.3748,2587057
2014-12-23,67.1557,67.8172,66.6229,67.5416,1616406
2014-12-24,67.5875,69.0482,67.266,68.5337,993511
2014-12-26,68.9839,69.581,68.4786,69.1492,968502
2014-12-29,69.5994,70.7569,68.938,69.4616,1576499
2014-12-30,69.2595,70.3527,68.8185,69.2595,1351391
2014-12-31,69.0574,69.8658,68.203,68.3041,1531114
2015-01-02,68.5429,69.4524,67.9825,69.3605,1769527
2015-01-05,68.8736,68.9517,66.0349,66.2003,2378824
2015-01-06,66.7239,67.2751,64.8866,65.9706,3177244
2015-01-07,66.7607,67.8723,64.7671,64.8682,3654630
2015-01-08,65.7318,68.3592,65.3367,68.2306,4010214
2015-01-09,68.0836,68.2949,66.3519,66.9352,2134338
2015-01-12,66.43,66.43,63.821,64.3078,2854610
2015-01-13,64.9876,65.1162,60.5412,61.2486,4757406
2015-01-14,60.8719,61.6895,58.9427,61.3129,5979439
2015-01-15,61.7079,62.9665,59.843,62.4429,5968660
2015-01-16,63.04,65.8052,62.7368,65.254,5471918
2015-01-20,61.3496,67.2384,61.3496,66.283,4549119
2015-01-21,66.531,68.102,66.1452,68.056,3262428
2015-01-22,68.3684,70.3987,67.8539,70.3344,3207867
2015-01-23,70.3527,73.7702,69.9944,73.1455,4859558
2015-01-26,73.3293,74.4684,72.5759,74.4133,3219762
2015-01-27,74.2663,74.9461,73.3844,74.7532,3012311
2015-01-28,73.7978,76.3609,73.5865,75.1942,3900468
2015-01-29,75.7178,75.8832,72.4289,73.8988,4606508
2015-01-30,73.5497,76.315,73.1823,75.0839,3579518
2015-02-02,75.185,75.9475,73.6049,75.8005,3914622
2015-02-03,77.298,78.2626,76.0761,78.1615,4099214
2015-02-04,77.7481,78.7311,76.6916,78.281,2462487
2015-02-05,79.4385,79.8152,77.8124,78.4279,2398484
2015-02-06,79.4017,79.4017,77.7986,78.4188,2119587
2015-02-09,78.4923,79.3466,77.6976,79.2272,1893479
2015-02-10,79.6222,81.9281,79.1078,80.9359,4358235
2015-02-11,80.348,81.1564,79.8335,80.1918,2830187
2015-02-12,76.9213,77.1326,73.2833,74.7991,9003361
2015-02-13,74.7073,75.3733,73.4028,75.2585,5685411
2015-02-17,75.2401,76.9948,74.3674,76.4895,3124733
2015-02-18,76.5263,80.2469,76.1496,80.0081,6065321
2015-02-19,79.6498,84.0319,79.5212,83.1684,7912955
2015-02-20,82.9019,83.5174,81.8638,83.2143,3907102
2015-02-23,83.0673,85.8509,83.0673,84.2156,3503259
2015-02-24,84.3443,84.6474,82.1302,82.8744,3127452
2015-02-25,83.0636,84.8635,83.0359,83.8943,2473731
2015-02-26,83.4143,86.368,83.4143,86.3219,2434593
2015-02-27,86.7465,87.531,84.6512,84.7712,3034055
2015-03-02,84.5681,85.1773,82.7774,83.7743,3088795
2015-03-03,84.522,85.1404,82.9805,84.0328,2544533
2015-03-04,83.8758,84.4204,82.1775,82.7959,2397284
2015-03-05,83.2759,83.4688,82.0205,82.4359,2343802
2015-03-06,82.1405,83.4512,79.6867,80.1929,2523919
2015-03-09,80.396,81.8082,79.4822,79.5191,2301044
2015-03-10,78.5038,79.3161,77.9592,78.5592,2019666
2015-03-11,78.5684,80.4975,77.8761,80.0083,2049533
2015-03-12,80.5345,81.2175,77.7377,77.7838,2966156
2015-03-13,77.8577,80.2114,77.8577,79.593,2430946
2015-03-16,79.2145,81.0975,78.5776,81.0514,2529340
2015-03-17,80.073,82.5651,79.6576,82.2605,3127766
2015-03-18,82.279,86.6449,82.0575,86.3403,3679289
2015-03-19,85.6111,86.3773,85.0296,85.925,2004302
2015-03-20,85.2235,86.8295,85.2142,86.3126,3169597
2015-03-23,86.5988,87.4203,85.1404,85.2512,2253621
2015-03-24,85.1404,85.1404,82.8236,83.3682,2789584
2015-03-25,84.2358,86.9034,84.2266,84.5589,3706608
2015-03-26,85.0573,85.1312,83.5528,84.1527,1565166
2015-03-27,84.5127,85.1312,82.8144,82.9805,1759371
2015-03-30,83.2666,84.6604,82.3067,84.1343,3203066
2015-03-31,83.8666,85.3712,83.6082,84.2635,2060533
2015-04-01,84.5035,84.7527,83.3866,84.282,1681919
2015-04-02,83.922,84.1343,79.6761,79.9437,3188262
2015-04-06,80.4422,81.7898,78.9376,79.9806,2600682
2015-04-07,80.5622,81.1437,78.5961,78.9745,2515973
2015-04-08,78.6053,80.4514,78.6053,78.9469,2137449
2015-04-09,80.0176,80.2852,78.1623,78.7253,1691753
2015-04-10,79.233,79.5007,78.5167,79.3622,1348648
2015-04-13,79.3253,79.5007,75.4763,75.7993,3116077
2015-04-14,76.6116,76.8977,75.6978,76.4177,2449551
2015-04-15,76.6577,77.2669,76.1501,76.9162,2388982
2015-04-16,76.9162,78.8269,76.5654,78.5684,2257854
2015-04-17,78.3007,78.7253,77.5438,78.2638,3018350
2015-04-20,78.3192,78.6607,76.9716,77.1839,1944238
2015-04-21,77.1746,79.5561,76.9439,79.2699,1907846
2015-04-22,79.6668,82.8605,78.7161,82.639,3357979
2015-04-23,80.5068,80.7745,77.8208,79.8422,5490425
2015-04-24,80.1929,83.7928,80.1929,82.7313,3464398
2015-04-27,82.6759,82.7313,81.3653,82.1405,2107360
2015-04-28,81.8913,82.2698,81.0698,81.6975,1789984
2015-04-29,81.4021,81.8175,79.6299,80.1191,2287454
2015-04-30,80.2391,80.7375,78.4576,79.2238,2807491
2015-05-01,79.2976,83.3405,79.0853,82.9897,2068078
2015-05-04,83.0174,83.0728,81.3467,82.4544,1817163
2015-05-05,82.2975,83.2482,81.7899,82.4175,2080142
2015-05-06,82.6113,82.759,81.2637,81.9836,1587017
2015-05-07,81.8729,82.3067,80.7929,81.9836,3425389
2015-05-08,82.0944,83.9681,81.0052,83.5159,3108201
2015-05-11,83.5528,83.9866,80.1929,81.4483,2923242
2015-05-12,81.3467,82.519,80.4237,81.3837,2845974
2015-05-13,81.8636,82.6759,81.1437,81.9652,1974706
2015-05-14,82.2975,85.1312,81.9652,84.8543,2421659
2015-05-15,84.8127,85.6758,83.5805,84.3281,3149747
2015-05-18,84.3558,85.9711,83.4143,85.6481,1549740
2015-05-19,85.3527,85.5927,84.0051,84.1897,2034510
2015-05-20,84.1989,85.0389,83.1005,83.6635,1754558
2015-05-21,83.3959,83.9866,82.9343,83.5251,1181448
2015-05-22,83.0728,84.402,82.8236,83.1559,1183297
2015-05-26,82.6021,83.1374,81.5036,81.9375,1336794
2015-05-27,82.6656,83.3704,81.4228,81.9885,1834955
2015-05-28,81.905,83.1571,81.5526,82.5635,1615231
2015-05-29,83.0458,84.8359,81.3857,82.0813,2583058
2015-06-01,82.5728,83.0551,81.0889,81.2836,1891418
2015-06-02,81.3764,81.497,79.2432,79.6142,2163849
2015-06-03,79.2803,79.7533,78.1302,78.5847,1773371
2015-06-04,77.9076,78.7516,77.1657,77.3233,1951088
2015-06-05,77.1749,78.5754,77.1193,78.0931,1612508
2015-06-08,77.75,79.1876,77.2306,77.7036,1292993
2015-06-09,78.1766,78.1766,76.8146,76.9987,1182606
2015-06-10,76.8132,78.4177,76.8132,78.1673,1495656
2015-06-11,78.0931,79.1783,77.7685,78.1766,1342165
2015-06-12,77.6108,77.9633,77.2491,77.4903,880410
2015-06-15,77.2399,77.7036,76.8874,77.11,1087475
2015-06-16,77.3697,77.6665,76.9616,77.3233,805879
2015-06-17,77.9447,78.7424,76.9338,77.5181,1098260
2015-06-18,77.5181,79.2061,77.4439,79.067,2072044
2015-06-19,78.7424,80.4025,78.7424,78.9186,1968335
2015-06-22,79.0484,79.5956,78.4734,79.4194,1422723
2015-06-23,79.5214,81.4135,79.5214,80.9961,1736824
2015-06-24,80.6344,80.8848,79.2896,79.5678,1762479
2015-06-25,79.4751,79.9852,79.067,79.438,1192068
2015-06-26,79.2432,80.7272,79.2432,79.5029,2507739
2015-06-29,78.3714,79.3359,77.7314,77.75,1597187
2015-06-30,78.6032,80.217,77.9262,78.2879,2488832
2015-07-01,78.8073,82.6285,77.6758,82.1184,4305249
2015-07-02,82.0998,85.0028,81.4599,84.5947,3905957
2015-07-06,84.0197,85.4294,83.8898,84.873,3160665
2015-07-07,84.8544,86.4682,83.4075,85.9766,3534145
2015-07-08,85.2439,86.2456,84.437,85.0399,2438781
2015-07-09,85.9581,87.2473,85.0399,86.6351,3402289
2015-07-10,87.2844,91.727,87.0803,91.2632,3832265
2015-07-13,92.2371,93.9065,91.6991,92.7101,3282095
2015-07-14,92.7657,94.8247,91.2725,91.5786,3519185
2015-07-15,91.2818,92.1907,90.4842,90.6233,2020825
2015-07-16,90.6326,96.8652,90.6326,95.3348,3184000
2015-07-17,95.3998,96.4014,93.7025,94.732,1939833
2015-07-20,94.732,94.732,92.1536,92.3669,2533046
2015-07-21,92.3762,93.2016,90.2801,91.662,2466069
2015-07-22,92.0701,93.4428,90.3432,92.5246,2322642
2015-07-23,92.4875,93.1924,91.1519,91.3003,1368948
2015-07-24,91.8197,92.6424,91.1798,91.7641,1400830
2015-07-27,90.7995,91.5786,89.2599,90.0668,1950912
2015-07-28,90.1966,91.6713,89.3434,90.6882,1531619
2015-07-29,90.5213,91.2632,89.501,90.6697,1998535
2015-07-30,90.3358,90.5862,87.7017,89.2506,3143621
2015-07-31,89.4083,91.3282,89.1764,90.2801,1389700
2015-08-03,90.0575,91.1241,89.2413,89.8071,1871639
2015-08-04,89.9833,90.5491,88.6941,89.7978,1627528
2015-08-05,90.2523,91.4395,89.8257,91.0035,2498822
2015-08-06,91.0035,94.834,88.6965,93.9251,4544461
2015-08-07,93.6097,95.2514,92.2464,94.63,2243135
2015-08-10,95.5203,100.1205,95.0009,99.5734,3497958
2015-08-11,98.7943,101.6695,97.5608,101.4933,2197416
2015-08-12,101.0944,101.9663,99.1096,101.4469,2252425
2015-08-13,101.3541,102.7082,95.3441,96.8373,4705839
2015-08-14,95.3998,96.3458,93.9993,94.6763,2714007
2015-08-17,93.9344,96.6889,93.4706,96.6889,2019462
2015-08-18,96.3365,98.1451,96.1881,97.9874,1446408
2015-08-19,97.839,98.6274,96.5776,97.3382,1860757
2015-08-20,96.4571,97.4866,94.4537,94.565,1691791
2015-08-21,92.8956,92.9698,86.6722,86.8206,4784193
2015-08-24,80.6808,86.3755,80.0594,83.4446,3826927
2015-08-25,85.6984,86.2549,82.0813,82.2482,3034282
2015-08-26,83.2742,85.7459,81.5207,85.5874,2877247
2015-08-27,87.0144,87.8819,82.9291,84.5427,3802250
2015-08-28,84.5707,87.7233,84.5567,87.173,2720338
2015-08-31,86.716,88.5908,85.7832,85.8205,2786152
2015-09-01,83.638,85.4288,82.9198,83.6846,2960415
2015-09-02,85.0464,86.3335,83.7079,86.2403,2722397
2015-09-03,86.203,88.5534,86.1283,86.6134,2751527
2015-09-04,85.3822,87.4155,84.8692,85.8299,1697535
2015-09-08,87.173,89.6727,86.4361,89.5235,2255830
2015-09-09,90.0458,92.1724,89.5981,89.8126,2201850
2015-09-10,90.5868,91.9642,89.9899,90.2883,2453084
2015-09-11,89.5421,90.113,87.4901,89.1504,4177678
2015-09-14,88.8053,89.7007,86.8465,86.9398,2861382
2015-09-15,87.1637,88.3016,85.8205,87.7793,2398658
2015-09-16,87.9938,88.2549,85.3169,86.5854,3122821
2015-09-17,86.688,88.8799,86.2496,87.5648,2644929
2015-09-18,86.1283,88.74,86.1283,86.7906,3008476
2015-09-21,86.9678,89.5421,86.4268,87.3782,2487961
2015-09-22,86.3802,88.656,85.8858,88.0125,2064661
2015-09-23,88.4135,92.5828,88.3762,92.3217,4381242
2015-09-24,92.0232,94.1377,90.792,93.6462,3067432
2015-09-25,94.0939,96.1179,93.0309,94.7001,2668597
2015-09-28,93.8047,96.1086,89.8313,91.762,3220844
2015-09-29,92.2284,94.092,90.8386,91.7154,2069283
2015-09-30,92.7414,93.7954,89.7287,90.6987,4291899
2015-10-01,90.5122,93.7767,88.9545,93.5436,3110287
2015-10-02,92.6295,94.7748,91.277,94.7095,2347411
2015-10-05,95.7821,98.4403,95.0732,97.7968,2846471
2015-10-06,97.517,97.9367,94.5509,96.1645,3622330
2015-10-07,96.6962,97.2931,93.4326,96.0433,3551997
2015-10-08,95.894,97.9181,95.2691,97.3864,2555732
2015-10-09,97.1066,97.8341,94.1218,96.4443,2554811
2015-10-12,96.5656,97.5729,95.8194,96.6589,1487677
2015-10-13,96.2858,97.0413,93.2358,93.3384,2034265
2015-10-14,93.4503,93.7114,91.7238,92.331,2146508
2015-10-15,93.1611,96.6122,92.6464,96.5469,2036339
2015-10-16,96.6682,97.8808,95.8567,97.8341,1852338
2015-10-19,97.3118,97.4704,95.3064,95.6422,1527003
2015-10-20,95.2691,95.3064,92.4336,94.1218,1625119
2015-10-21,94.4483,94.7257,92.8906,93.4969,1668802
2015-10-22,94.2058,95.0919,93.1705,94.7001,1751049
2015-10-23,94.9706,98.086,94.5677,96.6589,1385163
2015-10-26,96.5563,97.5263,95.8101,96.4817,1078936
2015-10-27,95.8567,97.5916,95.6982,97.461,1543565
2015-10-28,97.5729,99.9048,95.8381,98.1979,2858321
2015-10-29,98.6642,102.4605,97.6084,101.6583,2898501
2015-10-30,101.8449,102.2086,99.6856,99.7369,2522564
2015-11-02,100.1193,104.6057,99.8022,103.8596,2922739
2015-11-03,103.9062,105.5851,102.2553,104.9602,2066964
2015-11-04,105.3612,107.3199,104.6337,106.8723,2611218
2015-11-05,107.0588,109.0269,106.3406,107.6371,2132772
2015-11-06,107.264,108.6818,104.9975,106.0421,1848040
2015-11-09,106.1074,107.1428,104.0368,105.1001,1528903
2015-11-10,104.8669,108.0475,103.2999,107.3573,1643563
2015-11-11,107.4319,108.6127,106.3313,106.8723,1486031
2015-11-12,105.781,106.6391,103.4212,104.1114,1888095
2015-11-13,103.9715,106.2567,103.4352,104.1487,1876483
2015-11-16,104.1767,105.9116,103.4771,105.7996,1270930
2015-11-17,105.7996,106.8723,105.4359,105.8183,1344396
2015-11-18,105.8556,106.779,103.4585,106.0981,1771450
2015-11-19,106.3593,107.3946,104.6337,106.1354,1741810
2015-11-20,106.2847,107.4506,106.0795,106.7417,1219092
2015-11-23,106.7883,109.9316,106.0608,109.6798,1713030
2015-11-24,109.3347,111.6199,108.1221,110.2861,2217669
2015-11-25,110.1831,111.176,109.3119,109.874,1339170
2015-11-27,109.3869,110.6233,108.6188,109.799,499174
2015-11-30,110.5109,110.6139,106.3145,107.8788,2101091
2015-12-01,108.5532,110.3985,106.8578,110.3517,1720764
2015-12-02,109.593,110.7732,105.2654,105.612,1876160
2015-12-03,106.0054,106.8953,102.7551,103.2515,1765362
2015-12-04,103.5607,105.9399,103.2234,105.2561,1747524
2015-12-07,104.2819,106.4176,101.7435,103.5607,1969551
2015-12-08,101.8465,106.3988,101.6311,105.1624,2370497
2015-12-09,105.0781,105.3685,100.3572,100.9473,2553713
2015-12-10,99.842,101.7903,98.7648,100.2729,2796943
2015-12-11,98.6899,98.6992,93.8941,94.2312,2985257
2015-12-14,93.6598,95.5707,91.8614,95.3833,2650136
2015-12-15,95.7486,97.3223,94.2406,95.4864,2181204
2015-12-16,95.9547,99.8326,95.9547,98.1559,2116473
2015-12-17,98.6337,100.8817,97.6876,99.2425,2072747
2015-12-18,99.2425,100.4415,97.7157,97.7157,3083059
2015-12-21,98.184,99.2425,96.7603,98.5213,1323145
2015-12-22,98.54,99.2612,95.9734,96.4231,1426816
2015-12-23,98.1372,98.4838,96.1608,98.3901,1351013
2015-12-24,97.8468,98.5024,96.4699,97.8562,543026
2015-12-28,97.0319,97.4815,94.9712,95.936,1147373
2015-12-29,97.1068,97.6501,95.7965,96.3669,1106208
2015-12-30,95.758,98.6899,95.2241,97.6782,1315517
2015-12-31,97.163,100.1605,96.8914,98.6992,1785490
2016-01-04,98.1934,102.3242,98.1466,100.3197,2987684
2016-01-05,100.1698,101.2559,98.4088,99.5516,2232950
2016-01-06,97.5003,100.1886,97.3692,99.6359,2759592
2016-01-07,97.6033,100.4977,97.3223,100.2541,2670814
2016-01-08,100.404,101.1627,94.7089,95.1866,4842233
2016-01-11,95.1211,97.1818,92.873,94.6714,3020386
2016-01-12,95.6924,98.5213,95.2147,98.0248,1943386
2016-01-13,97.5752,97.5752,85.061,86.1007,5325448
2016-01-14,86.2787,90.7373,83.6466,90.3814,3298983
2016-01-15,86.9718,88.3956,85.5762,86.8407,3341975
2016-01-19,87.7118,89.098,82.1947,83.9276,3149563
2016-01-20,81.4454,83.0003,78.0264,81.6702,3657769
2016-01-21,81.2112,81.6608,78.5884,79.8436,2783373
2016-01-22,82.0074,86.4473,81.3142,84.9861,2859104
2016-01-25,83.8527,84.78,80.2089,80.2932,1982475
2016-01-26,81.2018,81.4173,79.3519,81.0238,2185214
2016-01-27,80.696,80.696,77.1928,77.5675,2853450
2016-01-28,79.4315,80.3682,77.2021,78.4479,2189100
2016-01-29,78.7945,81.7264,77.7454,81.7264,2283670
2016-02-01,80.9208,82.7005,79.853,82.2041,2308708
2016-02-02,79.8717,80.3307,74.3265,75.4318,4693627
2016-02-03,75.9751,75.9751,71.0106,74.1954,4808192
2016-02-04,74.1111,76.8087,72.2939,74.7386,3655359
2016-02-05,74.2422,75.6285,71.1699,71.4134,3025551
2016-02-08,69.8491,69.8491,66.018,68.3317,3643371
2016-02-09,67.3762,70.4767,67.1795,68.9593,2716424
2016-02-10,69.3058,70.4861,66.2241,69.3246,2987669
2016-02-11,68.2755,69.1747,66.1304,67.4512,2739991
2016-02-12,68.6595,69.5213,65.6153,66.5707,3540260
2016-02-16,67.9476,68.1818,64.4163,65.9712,3198162
2016-02-17,66.4864,67.4043,65.1282,66.0555,3916535
2016-02-18,66.9454,67.0109,63.5077,64.2945,3347081
2016-02-19,63.9667,67.8727,63.7325,67.5917,5236325
2016-02-22,69.1091,72.3407,68.6736,71.4883,4178129
2016-02-23,70.8045,73.624,70.4861,70.739,3587111
2016-02-24,70.102,74.0736,69.821,73.9518,3405625
2016-02-25,74.0555,74.574,71.746,73.292,2819949
2016-02-26,74.376,77.2888,73.9141,75.7429,2699545
2016-02-29,76.0445,77.5621,75.3092,76.054,2449063
2016-03-01,76.3745,78.8631,74.4891,78.8254,2855751
2016-03-02,78.6463,79.6172,75.4412,77.4774,2356522
2016-03-03,78.8065,81.512,78.2786,81.0595,2975431
2016-03-04,81.7288,81.823,79.2684,79.9377,2583082
2016-03-07,78.8819,82.3604,78.2409,80.7201,2104748
2016-03-08,80.4373,81.3046,79.0516,79.1836,1955167
2016-03-09,80.0508,84.9244,79.9707,83.4256,2859205
2016-03-10,83.4256,83.501,79.6455,81.1443,2662923
2016-03-11,81.9362,84.208,80.3431,83.7649,2112569
2016-03-14,82.8411,83.8121,80.3713,81.7571,3995106
2016-03-15,80.805,81.6628,78.9668,81.6439,1911126
2016-03-16,81.9267,83.0956,81.2103,82.8694,1936575
2016-03-17,81.5591,83.5952,79.8623,82.6714,2468632
2016-03-18,82.9825,86.1122,82.2755,84.6133,2898825
2016-03-21,84.3871,85.4522,84.0854,84.4342,1375325
2016-03-22,83.6895,88.1294,83.6895,86.3384,1954430
2016-03-23,86.1216,86.9794,84.8207,85.424,1924525
2016-03-24,84.8867,88.1389,84.6934,87.1868,2749555
2016-03-28,86.7249,87.5129,84.2834,84.849,2360060
2016-03-29,84.1985,84.9772,82.4923,84.5756,1725947
2016-03-30,85.556,85.8341,80.8332,81.512,2587964
2016-03-31,81.0312,81.9267,78.5614,81.0783,3469921
2016-04-01,80.1357,80.4901,77.4397,78.1938,3080345
2016-04-04,77.1474,80.1263,77.0815,79.0233,2095890
2016-04-05,78.5049,79.7492,77.4491,77.9676,1633373
2016-04-06,77.6942,78.4198,75.658,77.5528,2331173
2016-04-07,77.0532,78.618,76.3837,77.1286,1730433
2016-04-08,77.6282,79.8435,76.7232,78.4012,2265279
2016-04-11,78.6651,79.0328,77.0815,77.4868,2283863
2016-04-12,77.9676,80.2205,77.1286,78.9951,1753439
2016-04-13,79.5135,81.0689,78.7217,80.6447,1409568
2016-04-14,80.7013,80.9181,78.3258,78.5426,1291147
2016-04-15,78.1184,78.6745,76.0162,76.3273,1954675
2016-04-18,75.5355,78.3258,75.4224,78.0618,1655702
2016-04-19,78.3069,79.5229,77.4774,78.6557,1552230
2016-04-20,78.1938,79.391,77.2983,78.7405,1552444
2016-04-21,79.061,79.3815,77.2983,79.1647,1829034
2016-04-22,79.5607,81.7665,79.1836,81.2574,1587065
2016-04-25,81.1255,81.8702,80.3902,81.5685,1384782
2016-04-26,82.0681,82.4169,81.0595,81.2197,1282317
2016-04-27,81.3988,82.3698,80.4939,82.2095,1390580
2016-04-28,81.7571,82.8128,80.0508,80.3054,1309419
2016-04-29,79.7303,80.1357,74.9887,75.1207,2955450
2016-05-02,74.7059,76.6007,74.0649,76.3839,2120679
2016-05-03,74.9699,75.6345,74.0461,74.1403,2280307
2016-05-04,73.7916,74.7248,71.6,72.3964,2791166
2016-05-05,75.0736,75.8089,72.255,73.3956,3702197
2016-05-06,73.0846,74.8945,73.028,73.4522,1913044
2016-05-09,73.4051,73.8764,70.1718,71.3689,1912218
2016-05-10,72.4436,73.6596,71.812,72.6886,1796121
2016-05-11,72.7264,74.2158,71.6046,73.2165,1878049
2016-05-12,73.8293,74.1592,70.3414,71.2747,2271086
2016-05-13,71.2181,72.9714,71.0013,71.746,1639190
2016-05-16,72.2267,73.3579,70.4263,73.2731,2025533
2016-05-17,73.0563,74.31,71.7837,72.6038,1658204
2016-05-18,72.8678,75.5166,72.8678,74.9228,1931011
2016-05-19,74.5174,76.6007,72.6952,73.3862,1645294
2016-05-20,73.603,74.64,72.7358,74.5551,1521335
2016-05-23,74.1592,75.5543,72.5095,72.5944,1407234
2016-05-24,72.9903,74.1875,71.7507,74.0744,1257129
2016-05-25,74.1686,74.4326,72.3587,74.2252,2108562
2016-05-26,74.3201,74.3865,72.6314,73.3714,1924310
2016-05-27,73.1532,74.4908,72.6409,74.4434,1491609
2016-05-31,74.2821,74.9272,73.1627,74.0734,2424407
2016-06-01,73.5611,76.2554,73.4757,75.9803,2442408
2016-06-02,75.6956,78.6935,75.4775,77.3274,2708508
2016-06-03,77.0143,77.3625,75.0316,75.9233,1911028
2016-06-06,76.1415,76.5969,74.8039,76.0277,1617977
2016-06-07,76.4451,78.8737,76.189,78.2381,2445495
2016-06-08,78.4848,78.888,76.3265,76.6823,1562755
2016-06-09,75.9423,76.4451,74.3201,74.709,1974844
2016-06-10,73.6749,74.2157,72.8401,73.248,1878284
2016-06-13,72.897,73.305,70.3451,70.421,1821093
2016-06-14,70.4399,71.6827,68.0967,68.979,2981979
2016-06-15,67.888,70.8004,67.148,69.4438,2797499
2016-06-16,68.7797,70.1458,67.8785,69.6715,1975658
2016-06-17,70.013,71.0755,68.4003,68.7797,2101358
2016-06-20,69.4438,71.5973,69.4438,71.1609,2721716
2016-06-21,71.455,73.3809,70.051,73.1057,1991091
2016-06-22,73.1152,73.6655,72.3847,72.916,1323114
2016-06-23,73.4283,74.3485,72.9682,73.7888,1546444
2016-06-24,71.104,72.5934,70.9522,71.4171,1756080
2016-06-27,70.4589,70.8668,67.4231,68.4572,1908724
2016-06-28,69.2351,70.5633,68.1346,70.2407,1476213
2016-06-29,71.6448,72.6599,70.8384,71.6068,2186849
2016-06-30,71.436,71.6826,69.3205,71.0755,2416644
2016-07-01,70.6107,73.6275,70.6107,73.5326,1843221
2016-07-05,72.584,73.0298,70.421,71.0945,1466916
2016-07-06,70.6012,70.6012,65.9242,67.5085,4164889
2016-07-07,67.9449,70.1838,65.9906,66.4175,2986160
2016-07-08,67.0247,69.6335,66.6072,68.9884,2481196
2016-07-11,69.3205,70.4779,68.6754,70.2028,1682647
2016-07-12,71.0376,72.5176,70.5158,72.3942,2059132
2016-07-13,72.0242,72.527,69.5861,70.4684,2210351
2016-07-14,71.0755,72.1001,70.2122,71.9104,1317939
2016-07-15,72.2235,72.4891,71.0091,71.5404,1478643
2016-07-18,71.3222,73.4947,71.0093,72.8781,1669029
2016-07-19,73.4093,73.8362,72.6029,73.0868,1346862
2016-07-20,73.3429,74.5003,72.2899,73.8742,1357292
2016-07-21,73.9026,74.2726,72.3847,72.3942,1082301
2016-07-22,72.565,72.6172,70.8004,71.9294,1417582
2016-07-25,71.6068,71.8819,70.6107,71.7681,1481966
2016-07-26,71.9863,74.7659,71.6685,74.69,1685701
2016-07-27,74.8513,75.3826,71.9104,72.0717,2074686
2016-07-28,72.1001,73.0204,70.9712,71.8914,1386348
2016-07-29,71.3317,72.3942,70.6297,72.2424,1516181
2016-08-01,71.6637,72.4227,70.2122,70.7435,1992334
2016-08-02,71.085,72.3278,69.0454,70.1838,2459581
2016-08-03,69.8043,73.3524,69.2541,73.1721,2891495
2016-08-04,72.7832,73.0109,70.013,70.4115,3875690
2016-08-05,70.4589,71.6922,70.4589,70.8763,2403700
2016-08-08,71.5784,73.8552,71.2937,73.4947,3025245
2016-08-09,73.6844,73.7034,71.3696,72.565,2007842
2016-08-10,72.565,73.5896,71.4835,71.8724,2223862
2016-08-11,72.3278,72.935,70.8479,72.0906,2660168
2016-08-12,72.4227,72.4322,70.7909,71.5025,1770051
2016-08-15,71.9389,72.5745,71.2368,72.4796,1521117
2016-08-16,72.3183,73.172,72.1476,72.9729,1765443
2016-08-17,72.8496,73.267,71.7396,71.9578,2293985
2016-08-18,72.0337,72.176,70.5538,71.863,2390546
2016-08-19,71.3886,72.3847,71.0661,72.1665,1491537
2016-08-22,71.6163,71.7217,70.0225,70.6012,1716212
2016-08-23,70.8289,72.1096,70.6392,71.2937,1799745
2016-08-24,71.2558,72.214,70.9902,72.0053,1936371
2016-08-25,72.0053,72.0053,69.7948,70.2976,2792851
2016-08-26,70.2502,71.0471,69.2636,70.1592,1735407
2016-08-29,70.2548,71.01,70.1401,70.4938,2097498
2016-08-30,70.7997,72.5274,70.3217,72.482,2057261
2016-08-31,72.2908,73.4282,71.2967,72.0901,2560797
2016-09-01,71.9658,72.0805,69.8056,70.0732,2325103
2016-09-02,70.6085,71.421,69.7291,71.2585,1957385
2016-09-06,71.507,73.3231,71.3541,73.2658,2270321
2016-09-07,73.3231,76.2289,73.0459,76.162,4312243
2016-09-08,76.4678,78.2123,75.8943,77.9016,3645248
2016-09-09,77.4046,78.1406,75.6363,75.6458,3750116
2016-09-12,75.3017,78.2362,74.6804,77.9399,3313588
2016-09-13,77.5384,78.284,76.898,77.5671,2073931
2016-09-14,77.8634,79.0295,76.009,76.2384,3346957
2016-09-15,76.2193,78.7523,76.2193,77.6627,2241234
2016-09-16,77.2803,79.3163,77.2708,78.3604,2575313
2016-09-19,78.7141,81.1419,78.045,79.8516,2733628
2016-09-20,79.5361,79.603,77.4428,77.4428,2445524
2016-09-21,78.1406,78.8288,76.5921,78.1788,2624156
2016-09-22,78.5038,80.0427,78.4082,79.2876,1871792
2016-09-23,79.1251,80.4059,78.8575,79.9185,2227209
2016-09-26,80.0332,80.5971,78.0163,78.2362,2339079
2016-09-27,77.7678,79.4883,77.2134,79.2302,1922970
2016-09-28,79.8324,80.5493,78.4364,79.2016,2402955
2016-09-29,78.5803,79.4501,73.3135,74.1451,4538295
2016-09-30,74.5466,76.3627,73.5241,76.0473,2529543
2016-10-03,75.7701,76.4487,75.0245,75.923,1607518
2016-10-04,76.162,77.7104,76.162,76.6973,1860159
2016-10-05,77.4046,79.756,77.3663,78.7714,1966538
2016-10-06,78.3795,78.9531,77.3759,77.6913,2086301
2016-10-07,78.0068,78.3126,75.3782,76.4487,1531407
2016-10-10,77.2421,77.5671,76.5252,76.7642,1388560
2016-10-11,77.8443,79.0295,77.0318,77.6818,1826212
2016-10-12,77.6913,77.6913,76.3054,77.1752,1524063
2016-10-13,76.4678,78.37,76.0473,78.1501,1728057
2016-10-14,78.6663,78.9531,77.2708,78.0546,1410919
2016-10-17,77.9016,78.781,76.6303,76.9171,1394781
2016-10-18,77.7104,79.2685,77.4524,77.8443,1519072
2016-10-19,78.5994,78.781,75.9899,76.2958,2188082
2016-10-20,75.8274,77.395,75.598,77.2803,1926674
2016-10-21,76.7164,78.37,76.2623,78.1884,1581183
2016-10-24,78.2935,78.7906,77.6627,78.284,1169253
2016-10-25,78.4465,79.2876,77.5862,79.1442,1559072
2016-10-26,78.6854,80.6831,78.6281,80.6067,1527439
2016-10-27,80.664,80.817,79.4023,79.5361,1400542
2016-10-28,79.1155,80.2243,78.456,79.8324,1495232
2016-10-31,79.4501,81.5912,79.3832,81.2184,2255366
2016-11-01,84.5734,84.8889,78.9531,79.4979,3996836
2016-11-02,78.8575,79.2446,75.5216,76.4105,2757606
2016-11-03,76.4678,77.0987,74.862,76.1429,1685425
2016-11-04,76.1429,77.6627,75.6745,76.3914,1308353
2016-11-07,77.2994,78.0259,76.334,76.8789,1339356
2016-11-08,76.7068,77.2612,76.0377,76.4296,1159632
2016-11-09,76.1524,80.1001,75.5407,79.5648,2488548
2016-11-10,79.5648,81.9831,79.5266,80.8743,2766449
2016-11-11,80.5971,81.7824,79.1633,81.6103,1435880
2016-11-14,81.6294,82.7095,80.9713,82.4992,1786690
2016-11-15,82.8434,83.2734,81.3857,82.2316,1568186
2016-11-16,82.8349,83.5411,81.8397,81.9544,1478859
2016-11-17,83.9617,86.5425,82.0118,82.7382,8929902
2016-11-18,82.0691,82.0691,79.4501,79.5457,3917544
2016-11-21,80.5206,81.1897,78.781,80.9603,3596823
2016-11-22,81.4096,83.9426,80.8074,83.3977,3108177
2016-11-23,83.1205,83.6845,81.8875,82.2412,1818279
2016-11-25,82.3176,82.8338,81.8684,82.6617,880766
2016-11-28,83.1139,83.1139,80.9206,81.1515,1614466
2016-11-29,80.4781,81.3535,78.785,79.0351,2354649
2016-11-30,79.3718,80.1606,77.496,78.2559,3846514
2016-12-01,79.0544,80.5935,78.2559,79.0832,2208691
2016-12-02,79.4488,82.0557,79.3334,81.6805,2510815
2016-12-05,82.277,85.413,81.9691,85.2398,4794828
2016-12-06,84.8935,85.9998,84.0951,85.3553,2751526
2016-12-07,85.3745,89.5206,85.1532,88.5009,3037832
2016-12-08,88.828,89.4783,86.702,87.4812,2535894
2016-12-09,87.3561,87.462,86.2306,86.7501,1773748
2016-12-12,89.0107,89.0684,86.4327,86.9233,2193340
2016-12-13,87.3754,89.0684,86.5962,88.1353,1643107
2016-12-14,87.4716,87.9526,86.0575,86.2403,1986916
2016-12-15,86.4038,88.3758,86.2403,87.0002,2003067
2016-12-16,86.9233,87.3754,86.5096,87.106,2825052
2016-12-19,86.904,87.3946,86.1729,87.0676,1625160
2016-12-20,87.1638,87.3754,85.211,85.3937,2362803
2016-12-21,85.2494,86.7501,84.5472,86.2595,2081486
2016-12-22,86.4038,87.3465,86.3749,86.8752,1839247
2016-12-23,86.6828,87.5653,86.577,87.4908,901736
2016-12-27,87.2984,87.789,86.4423,86.9906,969181
2016-12-28,86.9329,87.0531,85.0282,85.3168,1478416
2016-12-29,85.7785,86.0864,84.2586,85.1821,1443087
2016-12-30,85.1917,85.5284,83.7776,84.1239,1387483
2017-01-03,85.1436,87.8949,84.4414,85.4034,2933913
2017-01-04,85.1821,85.538,82.3443,82.4694,2808130
2017-01-05,82.7676,83.1235,80.8533,82.0269,2545090
2017-01-06,82.0365,82.2385,80.2622,80.5647,2344968
2017-01-09,80.3242,80.353,78.0155,78.5734,3961231
2017-01-10,78.2848,80.7186,77.6595,78.4868,5300896
2017-01-11,78.5445,79.7759,78.0347,78.66,2508135
2017-01-12,78.6696,79.3622,77.1978,77.6114,2601481
2017-01-13,77.3613,77.9096,76.0898,76.5821,2448180
2017-01-17,77.4287,79.5354,77.1304,77.7557,2662352
2017-01-18,77.3036,78.7466,77.0727,78.5253,2878031
2017-01-19,78.3906,78.4291,76.7072,77.496,2551104
2017-01-20,78.1694,78.4387,76.7841,77.419,1720455
2017-01-23,77.1689,77.977,76.5309,77.3709,2081797
2017-01-24,77.7557,79.4776,77.5152,78.862,2117843
2017-01-25,79.2756,79.3911,78.0732,78.9101,1824573
2017-01-26,79.1987,79.3718,78.4291,78.8235,2153861
2017-01-27,78.7273,80.6031,78.131,78.9005,3991876
2017-01-30,78.7466,80.3242,77.5633,80.2376,3415231
2017-01-31,79.6027,79.6027,76.5821,77.775,4005257
2017-02-01,78.2848,78.6504,76.9188,77.9,2583143
2017-02-02,79.0255,80.3146,78.304,79.3718,3078955
2017-02-03,79.3526,80.8533,78.7658,80.3434,2696469
2017-02-06,80.2376,81.2861,79.3526,80.1799,2897005
2017-02-07,82.7099,84.0566,80.9783,81.9499,6001030
2017-02-08,81.0072,82.9022,80.6897,82.075,3934795
2017-02-09,82.8157,84.3356,82.7964,84.249,2367470
2017-02-10,84.5087,84.7492,83.6911,84.0085,1988219
2017-02-13,84.0566,84.5953,83.8642,84.0277,1542350
2017-02-14,83.9508,84.6626,83.0946,84.6626,1568475
2017-02-15,84.8069,85.2013,83.9316,84.6626,1416429
2017-02-16,84.9897,85.1532,83.6718,83.9123,1781396
2017-02-17,83.489,83.8065,82.8734,83.3448,1539336
2017-02-21,84.172,85.7785,83.4409,85.6919,2762979
2017-02-22,84.9897,85.7016,83.9893,84.653,2462538
2017-02-23,85.2206,85.7593,84.7588,85.4803,1781426
2017-02-24,84.8125,85.1513,83.6316,85.1319,1976560
2017-02-27,85.1803,85.9353,84.5705,85.4997,1776961
2017-02-28,84.948,86.3237,82.3732,82.4603,4159907
2017-03-01,82.9443,84.3962,82.7701,83.2347,1930393
2017-03-02,83.0217,83.1185,80.4857,80.5438,3188158
2017-03-03,81.1052,81.8892,80.5438,80.7374,2322035
2017-03-06,80.5922,81.6956,79.8565,81.6569,1973784
2017-03-07,81.4633,82.2958,80.447,80.7858,2672896
2017-03-08,80.7277,82.0731,80.4954,81.0761,2184489
2017-03-09,80.5631,80.5631,77.8141,79.1306,3111146
2017-03-10,79.4016,79.9436,78.7724,79.3241,1843806
2017-03-13,79.4887,80.8729,79.3774,80.7761,1702171
2017-03-14,80.0308,80.5631,79.4403,80.4276,1402177
2017-03-15,80.7761,82.9637,80.4663,82.741,2305231
2017-03-16,82.9733,83.0314,82.0344,82.4023,1684462
2017-03-17,82.5378,82.9346,82.0344,82.6055,1811869
2017-03-20,82.441,82.4894,80.7664,81.5311,1728186
2017-03-21,81.7731,81.8602,78.7337,79.3822,2097043
2017-03-22,78.8886,79.8952,78.482,79.3629,2314682
2017-03-23,79.3822,80.1082,78.8595,79.1693,1982390
2017-03-24,78.7627,78.9466,77.5141,77.7077,2182776
2017-03-27,77.2721,79.1014,77.1172,78.8305,1644156
2017-03-28,78.7918,79.5274,78.1916,79.0144,1688673
2017-03-29,78.8595,80.5341,78.5498,80.3695,1391368
2017-03-30,80.6793,80.8051,78.0174,78.0561,8970039
2017-03-31,78.4627,79.0628,78.0658,78.4627,3174525
2017-04-03,78.724,78.7821,76.9817,77.9206,2372966
2017-04-04,78.1723,78.3271,76.8026,77.3302,2187260
2017-04-05,77.8141,78.9273,76.246,76.3041,2227698
2017-04-06,76.6816,77.6012,76.2751,76.7784,2316458
2017-04-07,76.5751,78.3852,76.3816,77.6012,2442702
2017-04-10,77.8141,79.0338,77.456,78.3368,2416669
2017-04-11,78.0561,79.3048,77.4753,79.2274,2666944
2017-04-12,79.5081,79.8178,78.182,78.5788,1652756
2017-04-13,78.5207,79.2177,77.1656,77.214,1671656
2017-04-17,77.3398,77.5044,76.3138,76.8268,1521499
2017-04-18,76.2557,76.8365,74.3779,74.736,2369745
2017-04-19,74.6876,74.8812,72.7033,73.0711,3121970
2017-04-20,73.1679,74.6199,73.0394,73.9423,1680845
2017-04-21,74.2811,75.6846,73.71,75.3942,2106525
2017-04-24,76.3525,77.9012,75.8589,77.4753,2961882
2017-04-25,77.6302,78.1529,77.001,78.0755,1653274
2017-04-26,77.4947,78.5982,77.214,77.5044,1576805
2017-04-27,76.9333,77.3592,75.8395,77.2914,1673710
2017-04-28,77.5431,77.6496,76.5364,77.1559,1575333
2017-05-01,77.4076,77.4076,76.0331,76.3525,1321630
2017-05-02,76.5848,77.214,76.4106,77.001,935387
2017-05-03,76.6719,77.456,75.7427,77.0107,1692240
2017-05-04,76.247,77.0688,75.8395,76.3912,2076011
2017-05-05,76.7687,78.3271,76.4396,78.2691,1669189
2017-05-08,78.4627,79.45,77.9787,79.2274,1762185
2017-05-09,79.179,81.5311,79.179,80.7954,3019146
2017-05-10,81.0084,81.1439,79.0628,80.4179,2495341
2017-05-11,80.8342,80.8342,79.0918,79.208,1766411
2017-05-12,79.0822,79.3312,78.0542,78.2691,1594875
2017-05-15,78.8498,79.75,78.724,79.3338,1907364
2017-05-16,79.5952,79.5952,78.724,79.2564,2070311
2017-05-17,79.2271,80.3576,78.8958,79.7534,3121273
2017-05-18,79.5487,80.455,78.4086,79.4123,1754001
2017-05-19,79.9873,81.6147,79.2954,81.1859,1938345
2017-05-22,81.2249,81.4929,80.572,81.1372,1195503
2017-05-23,81.1761,81.488,80.1809,80.9033,1259643
2017-05-24,81.0495,82.0435,80.3088,80.9715,967555
2017-05-25,81.6537,83.4565,81.1567,82.0532,3790472
2017-05-26,81.8583,82.979,80.952,81.3321,2356500
2017-05-30,81.868,82.7402,80.9618,81.8583,2409306
2017-05-31,82.024,83.1057,79.919,81.1177,4544736
2017-06-01,81.069,81.7609,80.5037,81.1274,7872624
2017-06-02,80.8838,82.443,80.3975,82.3553,2557376
2017-06-05,82.1409,87.3837,82.0532,84.6259,3371266
2017-06-06,84.2361,87.3448,84.0022,86.4774,3062717
2017-06-07,86.1851,87.4422,85.0644,87.1499,3516964
2017-06-08,86.9842,88.2121,86.838,87.1791,4436409
2017-06-09,87.2765,89.6348,86.6918,89.4399,4270313
2017-06-12,89.3522,90.3072,88.3388,88.865,4180043
2017-06-13,89.4302,91.8177,89.0662,91.8177,2775427
2017-06-14,91.7008,91.9152,89.5082,89.781,3073993
2017-06-15,89.0989,89.742,88.7675,89.3912,2446105
2017-06-16,89.4789,90.1123,88.9819,90.0734,2591117
2017-06-19,90.2293,90.6435,89.8297,90.4047,3004469
2017-06-20,89.9467,89.9954,88.7188,89.6154,1588827
2017-06-21,89.6933,90.3072,88.0659,88.826,1858286
2017-06-22,89.2548,89.5764,88.4557,88.7383,1911365
2017-06-23,88.9527,90.1172,88.4459,89.9272,1636108
2017-06-26,90.1611,90.4047,89.4497,89.9662,1472712
2017-06-27,90.0149,92.071,89.8687,91.1453,1995858
2017-06-28,91.3402,92.685,91.0888,92.0419,2072143
2017-06-29,92.2952,92.6753,90.697,90.8627,1338550
2017-06-30,91.1648,91.9249,90.5606,91.2135,1226006
2017-07-03,91.73,93.0164,91.5254,92.6071,686898
2017-07-05,92.1685,92.5389,91.1746,91.73,1373306
2017-07-06,92.188,92.5584,90.9699,91.73,1594819
2017-07-07,91.7203,94.1273,91.3402,93.8057,2029374
2017-07-10,93.4646,94.0883,93.1138,93.6693,1875452
2017-07-11,93.6693,94.751,93.4062,93.9324,1526912
2017-07-12,94.9946,95.0141,93.338,94.0006,1375201
2017-07-13,93.9421,94.3709,92.8897,94.3222,1205612
2017-07-14,94.0688,95.2675,93.9227,95.0921,1173345
2017-07-17,94.673,95.1603,94.3904,94.5658,1549981
2017-07-18,95.0336,95.2382,94.1858,94.634,1608992
2017-07-19,94.7997,95.6963,94.673,95.2577,2050976
2017-07-20,95.5014,95.628,94.4099,95.0531,1717226
2017-07-21,95.2772,95.7352,93.9227,94.5171,1710628
2017-07-24,94.4197,94.7412,94.0883,94.2442,1055498
2017-07-25,94.8484,96.1738,94.8387,95.3065,1709830
2017-07-26,95.4429,95.7937,94.6925,95.2967,909783
2017-07-27,95.1213,95.8132,94.5268,95.209,1034497
2017-07-28,95.2187,95.7937,94.8679,95.3747,863725
2017-07-31,95.745,97.2165,95.5111,96.9923,1252054
2017-08-01,98.4249,98.9316,97.4601,98.7854,905256
2017-08-02,98.5028,98.8147,96.9339,97.197,1021634
2017-08-03,96.6805,96.9046,94.6146,95.2285,1644280
2017-08-04,95.3065,95.7742,95.0141,95.4331,1015326
2017-08-07,94.7705,95.2335,94.1419,94.6925,1043444
2017-08-08,94.0396,94.4586,90.278,93.3574,2731350
2017-08-09,93.718,95.5014,92.266,92.9676,2310733
2017-08-10,92.6558,93.2502,90.3267,91.4377,2112803
2017-08-11,91.1648,92.3147,90.8335,92.0126,1272554
2017-08-14,91.3987,93.5426,91.1746,92.7727,1300767
2017-08-15,92.0808,92.841,90.775,92.2368,1088649
2017-08-16,92.2855,92.5778,90.7068,90.9894,1229728
2017-08-17,90.5021,91.5205,89.5082,90.356,1385679
2017-08-18,90.1903,91.7105,90.0149,90.4632,1331188
2017-08-21,90.6386,90.6386,89.4789,90.3852,1151204
2017-08-22,90.6386,91.3597,89.9077,91.0479,922721
2017-08-23,90.7945,91.7105,90.6678,91.5546,1073492
2017-08-24,91.7203,93.4452,91.4474,92.6266,1657256
2017-08-25,92.9384,94.0883,92.6363,93.0456,1012913
2017-08-28,94.3027,96.5928,94.0445,96.0373,2550995
2017-08-29,95.7726,97.3361,94.8413,96.8707,2014765
2017-08-30,97.351,99.204,96.8118,98.6451,2076545
2017-08-31,99.0177,99.1941,97.2726,98.1844,1562988
2017-09-01,98.4981,100.2039,97.8804,100.2039,1806782
2017-09-05,99.851,99.851,96.1749,97.4589,1889474
2017-09-06,97.9981,98.3608,96.9099,97.5863,1638045
2017-09-07,97.351,98.8902,97.351,98.7726,1179338
2017-09-08,98.704,100.1647,98.5275,99.5765,1172518
2017-09-11,100.0765,100.5667,98.3804,100.1843,1036153
2017-09-12,100.6647,101.9588,100.4294,101.4,1206389
2017-09-13,101.7137,101.8314,100.2039,101.1451,1429376
2017-09-14,101.0765,101.1451,99.2432,99.5569,1155004
2017-09-15,99.6059,100.6157,99.0275,100.4098,2627348
2017-09-18,100.6059,101.5176,100.4392,101.1255,1220809
2017-09-19,101.2235,102.7039,100.6047,102.498,1161370
2017-09-20,102.7823,103.5568,101.4588,101.6647,1623834
2017-09-21,102.0961,102.4784,101.498,101.7725,1164965
2017-09-22,101.949,102.449,101.6255,101.9588,845764
2017-09-25,102.0176,103.4196,101.7774,103.2137,1510173
2017-09-26,103.0568,103.5274,101.6745,101.7235,1116501
2017-09-27,101.7235,101.8465,99.7922,100.4294,2062136
2017-09-28,99.8412,100.6353,99.0373,100.4686,1765555
2017-09-29,100.5275,102.5176,100.3804,101.1255,1385799
2017-10-02,100.9784,101.851,100.4098,101.7137,1295837
2017-10-03,102.2921,103.2627,101.8804,102.7039,1398804
2017-10-04,103.0078,103.1156,102.1157,103.0568,957994
2017-10-05,103.1549,104.2235,102.1451,103.2921,1457903
2017-10-06,102.4,104.2627,102.4,103.9097,1185862
2017-10-09,103.8019,105.596,103.5274,104.5666,1449544
2017-10-10,105.0274,105.0568,104.0176,104.2431,1125265
2017-10-11,104.0372,104.498,103.5666,104.3313,981809
2017-10-12,104.0568,104.2627,102.8509,103.6058,1010757
2017-10-13,104.0764,104.0764,102.9392,103.3019,819490
2017-10-16,102.5666,103.0568,101.2921,101.7823,1466804
2017-10-17,102.2627,103.3307,101.9294,102.4,1013211
2017-10-18,102.1549,102.5666,101.1647,102.2725,1005483
2017-10-19,101.6451,102.9783,101.449,102.8902,768591
2017-10-20,103.2725,104.4686,102.9392,104.4686,1054595
2017-10-23,104.7431,104.7431,103.6058,103.7725,942404
2017-10-24,104.1744,104.8019,103.7529,104.6548,1090071
2017-10-25,103.4294,104.7627,102.7921,102.8656,715509
2017-10-26,103.2235,103.2235,101.7235,102.6941,1053884
2017-10-27,102.7039,103.6646,102.1353,103.6646,1164120
2017-10-30,103.9588,104.3901,102.8117,102.8607,872173
2017-10-31,103.096,104.8313,102.8117,104.1548,1090370
2017-11-01,105.0176,107.1254,104.7627,107.0665,1171751
2017-11-02,107.1744,109.0861,106.3803,107.5763,1490181
2017-11-03,108.2234,108.4489,107.0371,108.0077,1149709
2017-11-06,108.5077,110.0077,107.8803,109.3802,1253707
2017-11-07,109.3802,109.5983,108.2822,109.0959,887266
2017-11-08,108.6449,109.1743,107.9587,108.9587,988807
2017-11-09,107.4685,107.7332,101.4098,104.8999,2952869
2017-11-10,105.3313,105.4783,104.3705,105.096,1468266
2017-11-13,105.096,105.7725,103.5764,104.0666,1253266
2017-11-14,103.8803,104.4489,102.8313,103.6156,1239369
2017-11-15,103.1156,103.1156,101.0961,101.7921,1596123
2017-11-16,101.9098,103.4294,101.2627,102.7333,1198554
2017-11-17,102.596,103.4882,102.4196,103.2725,585079
2017-11-20,103.4392,103.4784,102.2235,103.047,1183597
2017-11-21,102.8804,104.1842,102.8804,103.2725,901684
2017-11-22,103.5764,103.5764,100.998,101.9098,1407898
2017-11-24,101.9686,102.2333,101.498,101.9588,456926
2017-11-27,102.2431,102.2431,100.9784,101.5176,1152674
2017-11-28,102.2333,103.6352,101.8608,103.3901,1044739
2017-11-29,103.0649,103.8831,102.4043,103.6662,1209187
2017-11-30,103.9522,104.4844,102.9564,103.9817,1847115
2017-12-01,104.4845,104.7014,100.8466,102.9564,1539150
2017-12-04,103.2423,107.383,102.9958,105.4606,2057659
2017-12-05,105.707,108.9309,105.4901,106.062,2460783
2017-12-06,105.7859,107.6492,105.4901,106.2197,1578680
2017-12-07,105.9831,107.8858,105.776,107.383,1118637
2017-12-08,107.7774,109.9858,106.8408,109.4731,1714009
2017-12-11,109.6604,110.5477,109.1281,109.3943,1174735
2017-12-12,109.8971,110.1731,108.714,108.8422,1013254
2017-12-13,108.9802,109.7196,107.3042,107.3633,1866265
2017-12-14,107.5309,107.7971,105.7465,107.4225,2039112
2017-12-15,107.9351,109.9759,107.7873,109.9759,2495854
2017-12-18,110.2914,110.8928,109.4337,110.3703,2082843
2017-12-19,109.9464,110.6414,108.4281,108.8224,1542368
2017-12-20,109.3548,109.9266,107.176,109.3647,1576860
2017-12-21,109.7886,110.0252,108.852,109.4534,1285204
2017-12-22,109.7097,111.2379,109.5027,110.597,759803
2017-12-26,110.6661,112.8449,110.5083,112.6871,768278
2017-12-27,112.6576,114.1857,112.1449,113.3773,1415728
2017-12-28,113.5843,113.8801,111.8984,113.7322,1287832
2017-12-29,113.7223,114.4223,112.7266,112.7266,830944
2018-01-02,113.2984,114.235,112.3815,113.1505,1451819
2018-01-03,113.7716,115.3589,113.673,114.8166,1731676
2018-01-04,115.211,115.2603,113.673,114.373,1550891
2018-01-05,114.511,115.0631,113.535,114.6392,898339
2018-01-08,114.7279,115.2307,113.9984,114.3533,1401108
2018-01-09,114.4913,115.0286,114.1758,114.4026,1041702
2018-01-10,114.0871,115.4772,113.9096,114.8364,937194
2018-01-11,115.349,116.4865,114.8758,115.773,1092865
2018-01-12,116.0096,117.6462,115.9208,117.449,1050258
2018-01-16,117.587,118.2574,116.961,117.4687,1529220
2018-01-17,117.9518,119.9926,117.5278,119.4208,1798835
2018-01-18,118.8391,119.3517,116.1082,116.542,1205800
2018-01-19,116.6405,116.9955,115.5363,116.68,1483619
2018-01-22,116.8476,117.8729,115.349,117.5673,1115770
2018-01-23,117.5081,117.7041,116.4138,116.9462,927396
2018-01-24,117.5673,117.5673,114.0674,114.9251,1327931
2018-01-25,115.418,115.4378,113.1604,113.4956,1782814
2018-01-26,113.7223,113.816,112.1942,112.4998,1309826
2018-01-29,112.1942,112.4702,108.4084,109.1971,2137449
2018-01-30,108.2408,108.4182,106.7324,107.3337,1566873
2018-01-31,107.1661,107.1661,103.8536,106.6338,3519601
2018-02-01,106.5746,106.5746,103.4001,105.3028,2117279
2018-02-02,104.169,105.0761,101.4381,102.0691,2046331
2018-02-05,100.5607,102.1973,96.5087,97.8889,1833560
2018-02-06,96.1045,101.8818,95.8777,101.7339,2591472
2018-02-07,101.4184,103.7254,99.0917,99.2002,2181191
2018-02-08,99.1114,99.772,95.4932,95.5327,1959878
2018-02-09,96.558,97.3418,93.206,95.9369,1742297
2018-02-12,96.7552,98.3917,95.7101,96.2524,1293196
2018-02-13,95.8383,96.6073,95.3552,96.3904,1173527
2018-02-14,95.996,98.0841,95.6608,97.2185,1187470
2018-02-15,97.6129,98.5889,96.4988,97.672,1627851
2018-02-16,96.8439,97.5636,93.3243,94.7932,2727810
2018-02-20,94.1918,95.0299,92.2398,92.851,1756882
2018-02-21,92.7525,93.689,91.244,91.244,1400118
2018-02-22,91.7468,93.1862,91.0962,91.1455,1130623
2018-02-23,91.8159,93.344,91.4807,93.1961,1429887
2018-02-26,93.0877,93.5116,92.3088,93.206,1613686
2018-02-27,93.6127,94.4758,92.6603,92.8389,1599664
2018-02-28,92.8786,93.6227,88.8706,88.9103,1850706
2018-03-01,88.9301,91.6087,88.9301,90.3289,1950888
2018-03-02,89.7337,91.5691,89.3865,91.2714,1484291
2018-03-05,91.2813,94.456,90.5075,93.702,2294801
2018-03-06,94.2477,96.5394,93.826,95.6663,2477008
2018-03-07,94.6544,97.3727,94.5949,95.954,2073138
2018-03-08,96.3608,99.8331,96.0929,99.7041,4146225
2018-03-09,100.8847,102.1446,99.9621,101.351,2171738
2018-03-12,101.8371,101.8916,98.5037,99.1981,2279844
2018-03-13,99.2478,100.4184,97.4124,97.7894,2002478
2018-03-14,97.7894,99.7934,97.7299,98.6426,1449588
2018-03-15,98.593,99.3172,94.3766,96.4699,1978275
2018-03-16,96.4898,98.7418,96.2616,98.4144,2107828
2018-03-19,98.1069,98.4739,96.9858,97.8787,1399696
2018-03-20,98.7319,101.3212,98.7021,99.6545,1748039
2018-03-21,100.3192,102.849,99.6446,101.5891,1643028
2018-03-22,100.6168,101.2418,99.0097,100.1307,1368955
2018-03-23,100.6764,103.1069,99.9521,100.0613,2136142
2018-03-26,101.1029,103.3302,100.6813,102.9581,2016100
2018-03-27,102.9978,103.5137,100.2994,100.716,1546413
2018-03-28,101.093,101.093,97.6902,98.2458,1420159
2018-03-29,98.9601,100.22,98.7716,99.7636,1117252
2018-04-02,99.7041,100.6267,97.6207,99.7041,1528704
2018-04-03,100.2498,101.9661,99.4065,101.9065,1766948
2018-04-04,100.5077,103.5633,99.5156,103.2855,1482670
2018-04-05,103.3748,107.3315,102.1843,106.9066,2524675
2018-04-06,106.4999,109.3273,104.724,106.0534,3553515
2018-04-09,105.984,107.2241,105.6169,105.736,1908194
2018-04-10,107.4027,110.2797,106.2816,109.4166,2319702
2018-04-11,109.4166,112.75,108.9999,112.2143,1845868
2018-04-12,112.5317,112.5317,107.9086,109.2578,2063118
2018-04-13,109.7737,110.24,108.2757,109.6844,1309404
2018-04-16,110.4781,114.2034,110.0019,112.9385,2246921
2018-04-17,113.9802,115.4484,112.6508,114.5655,1554308
2018-04-18,115.0814,116.6985,113.8611,115.7758,2106196
2018-04-19,115.3889,116.3512,114.2282,115.5576,1772676
2018-04-20,115.7461,116.9068,114.506,116.877,1160823
2018-04-23,117.1747,118.762,116.3413,118.5933,1161558
2018-04-24,118.3651,120.9346,117.3135,117.9782,1586323
2018-04-25,117.383,119.4564,116.2322,119.139,1690681
2018-04-26,119.4068,125.1113,118.2759,124.1589,2527084
2018-04-27,123.7025,124.0597,120.4485,121.4108,1332416
2018-04-30,133.3257,142.939,131.1332,137.2246,14758477
2018-05-01,136.0837,136.8575,128.8911,132.4229,7934518
2018-05-02,131.7979,140.2604,131.7979,137.4825,4641895
2018-05-03,137.2147,140.6076,135.4984,140.4389,3201535
2018-05-04,139.5758,140.3199,137.9687,138.6532,2170361
2018-05-07,139.179,142.2445,138.4548,138.5242,1910644
2018-05-08,138.3953,138.5441,135.0321,136.4607,2356101
2018-05-09,137.4528,140.9918,137.3833,139.1691,1751915
2018-05-10,140.3397,141.1532,138.4449,139.556,2155391
2018-05-11,139.5957,140.2182,138.6532,139.05,2058297
2018-05-14,139.6651,141.3021,139.4369,140.9846,1807472
2018-05-15,140.6572,142.118,139.0451,140.1116,2754442
2018-05-16,139.7445,140.2901,138.1076,139.5957,1375290
2018-05-17,140.2008,146.1136,140.2008,145.6474,1852314
2018-05-18,144.2485,145.9351,143.2565,143.564,1940661
2018-05-21,144.6751,144.7843,142.4033,142.9291,1648496
2018-05-22,142.9688,145.5779,142.1255,142.562,989078
2018-05-23,141.56,143.2565,139.6949,142.8596,1269232
2018-05-24,142.0461,143.6731,140.8755,142.8497,2023066
2018-05-25,141.054,141.6394,138.2365,140.0719,1674181
2018-05-29,140.181,143.2217,139.9032,141.3814,1236472
2018-05-30,142.2381,146.1034,141.9692,145.2965,1765096
2018-05-31,144.4497,149.8691,143.8819,143.8819,2224334
2018-06-01,144.9877,149.2116,144.0712,149.112,1377925
2018-06-04,149.5104,151.3086,148.2951,149.0024,1424960
2018-06-05,149.1917,149.3212,145.2965,146.2429,1247428
2018-06-06,146.4222,146.4222,142.1286,143.9516,1211313
2018-06-07,143.7823,145.2865,143.1248,144.2505,1116462
2018-06-08,143.9516,144.7884,142.6566,144.1309,1470299
2018-06-11,144.3202,144.3202,141.0626,142.3278,1337321
2018-06-12,142.278,143.1447,138.2633,138.7813,1719530
2018-06-13,139.13,139.4289,137.277,138.0441,1389769
2018-06-14,139.0802,139.9369,138.3567,138.4924,1027384
2018-06-15,137.5859,138.8311,135.1551,135.4839,2712267
2018-06-18,136.3805,138.7614,135.3643,137.8548,922524
2018-06-19,136.4701,138.7295,136.3107,137.4663,1465203
2018-06-20,137.6855,138.2932,135.9222,136.5598,763134
2018-06-21,136.4502,136.4502,134.3582,134.5474,1406237
2018-06-22,136.0418,137.1376,134.1789,134.5375,3040749
2018-06-25,134.2685,134.398,128.9986,129.9848,1929729
2018-06-26,130.3833,132.1466,130.2937,131.1603,842521
2018-06-27,132.3757,132.9635,129.1381,129.407,1586121
2018-06-28,129.417,131.2699,129.1331,129.7856,1333033
2018-06-29,130.214,132.6148,130.214,130.6822,1245094
2018-07-02,129.6063,131.3496,129.2676,131.3098,1537878
2018-07-03,132.9535,136.5598,132.7045,132.8937,2888528
2018-07-05,133.9696,134.8363,129.3572,131.3795,2336790
2018-07-06,130.6224,133.8601,130.6224,132.4853,1146107
2018-07-09,132.8937,135.6632,132.8937,135.1153,1369360
2018-07-10,135.185,137.2772,135.0954,135.2548,796047
2018-07-11,134.2984,134.936,131.24,132.3359,672920
2018-07-12,132.9535,133.4516,131.1504,133.1727,656241
2018-07-13,133.2125,135.5138,133.0332,134.9758,841949
2018-07-16,133.8601,135.1651,133.2922,134.5574,449576
2018-07-17,134.0294,136.5897,133.6509,135.0854,891463
2018-07-18,134.3681,136.7889,133.4317,136.4004,1976699
2018-07-19,136.3805,137.9345,136.3805,136.9682,938875
2018-07-20,136.6494,137.5809,135.972,136.4203,1223036
2018-07-23,137.4962,137.7752,136.1912,137.3966,727596
2018-07-24,137.9644,139.7178,137.9644,138.4526,1002593
2018-07-25,138.5821,140.2372,137.9047,139.9768,774355
2018-07-26,140.7638,149.2365,140.7638,148.3947,1821121
2018-07-27,148.4644,151.0247,148.0062,149.7396,1313935
2018-07-30,150.5365,151.7519,150.1082,150.2277,1195719
2018-07-31,151.1243,152.3895,149.3909,149.4905,1539091
2018-08-01,148.9127,149.8591,148.1158,149.2514,797884
2018-08-02,148.1357,148.6935,147.0498,147.8866,580093
2018-08-03,147.4981,148.5292,145.6252,146.6215,1358416
2018-08-06,147.8667,148.0958,146.3226,147.8269,1352020
2018-08-07,148.7633,151.4431,147.8667,150.2676,1403797
2018-08-08,149.4806,151.4929,148.7334,150.935,929879
2018-08-09,151.0048,151.6224,149.0223,149.3511,846285
2018-08-10,148.8031,150.1381,148.7733,149.6599,682635
2018-08-13,149.7993,150.8952,148.1755,148.2453,1049415
2018-08-14,148.3548,149.1618,147.0797,148.2752,942132
2018-08-15,147.6774,147.9364,143.8919,144.5493,1364750
2018-08-16,145.2068,146.472,143.583,143.6826,1106743
2018-08-17,144.3999,144.7685,142.9753,144.2903,965760
2018-08-20,144.4497,147.6177,144.2883,146.9502,996508
2018-08-21,146.751,150.0683,146.751,147.3387,2004088
2018-08-22,147.4383,149.63,147.2789,149.1419,1320085
2018-08-23,149.0821,151.7121,148.7334,151.6622,839833
2018-08-24,151.8715,155.0195,151.7419,154.6708,1578449
2018-08-27,155.0992,156.3942,153.8838,154.7903,1453835
2018-08-28,154.4616,156.1252,154.2823,154.9597,1298115
2018-08-29,154.9497,156.1452,153.6048,154.8601,1013309
2018-08-30,154.81,155.3,152.32,153.79,1627870
2018-08-31,153.21,153.33,150.69,152.79,2571840
2018-09-04,153.21,157.1,153.21,155.92,1831626
2018-09-05,155.48,156.27,152.98,155.47,1256881
2018-09-06,154.95,157.65,153.78,153.8,908278
2018-09-07,153.12,153.83,151.73,153.29,599064
2018-09-10,153.49,154.33,152.8,153.22,973133
2018-09-11,152.55,155.5,152.43,154.94,1282966
2018-09-12,156.04,157.64,155.03,155.89,1062474
2018-09-13,155.98,156.42,153.84,155.91,1415907
