date,open,high,low,close,volume
2013-09-16,82.8975,82.999,82.0853,82.233,1730480
2013-09-17,82.2791,82.2976,80.7655,81.4669,1536419
2013-09-18,80.9224,81.1438,77.4983,77.886,5917468
2013-09-19,77.9413,78.4582,76.0862,76.1693,3622613
2013-09-20,76.4,77.2076,75.957,75.9847,2874968
2013-09-23,75.7355,76.9261,75.1818,76.7415,3011415
2013-09-24,76.8154,78.4582,76.7969,77.7937,2643423
2013-09-25,77.8398,77.886,76.7877,77.1845,2384690
2013-09-26,77.1938,78.2274,77.1292,77.6275,1597976
2013-09-27,77.2861,77.6368,76.9815,77.4799,1389045
2013-09-30,76.7508,77.7475,76.4831,77.1661,1914995
2013-10-01,77.3414,79.4734,77.083,79.4734,2147978
2013-10-02,79.0396,79.9625,78.4582,79.9256,1988643
2013-10-03,79.6857,80.3871,79.215,79.8149,1746796
2013-10-04,79.7872,81.0885,79.4365,80.4886,2202732
2013-10-07,79.7687,80.3779,79.5657,79.6303,1864264
2013-10-08,79.5749,79.9625,78.7627,78.7904,1208203
2013-10-09,78.7812,79.3719,78.6428,78.9658,1149918
2013-10-10,79.8057,81.6607,79.6395,81.6146,1670198
2013-10-11,81.3839,82.0945,81.2639,81.8084,1573416
2013-10-14,81.5315,81.9745,81.0433,81.8361,1053479
2013-10-15,81.1439,82.5468,80.8301,81.19,1201987
2013-10-16,81.5684,82.9459,81.2546,82.7498,1443028
2013-10-17,80.9778,81.9376,80.2025,81.7623,1961893
2013-10-18,81.9653,81.9653,79.0396,79.7226,3396931
2013-10-21,79.7872,81.0424,79.3719,80.8486,2542146
2013-10-22,80.9778,82.0391,80.8393,81.6146,2029739
2013-10-23,81.6423,82.233,78.2736,78.892,3897889
2013-10-24,79.0765,79.9625,76.7231,77.1568,3476443
2013-10-25,77.1753,77.8213,76.7692,77.6183,2709304
2013-10-28,77.8213,78.9289,77.5076,78.0336,2540157
2013-10-29,77.9598,78.1167,76.8061,78.0244,3090499
2013-10-30,78.3936,78.7904,77.8306,78.0244,1991919
2013-10-31,78.2644,78.8827,77.5814,78.2644,3230673
2013-11-01,78.5874,79.095,77.9506,78.7812,1872695
2013-11-04,79.1596,80.3133,79.1411,80.1194,1759845
2013-11-05,80.0087,80.9501,79.5565,80.6732,2391879
2013-11-06,80.7563,81.5591,80.0641,80.9408,2628980
2013-11-07,81.19,81.6792,79.7687,79.7964,2228618
2013-11-08,79.981,80.8947,79.4457,80.5532,2939085
2013-11-11,80.5163,81.5315,80.304,81.1624,1492097
2013-11-12,81.0608,81.2454,80.3363,80.7563,2014230
2013-11-13,80.5348,81.334,80.3502,81.2362,2699424
2013-11-14,81.4208,82.6298,80.8947,82.5929,2901010
2013-11-15,82.1222,83.2759,81.6146,83.1559,2688477
2013-11-18,83.1928,83.9496,83.0867,83.4328,1958221
2013-11-19,83.5804,85.7124,83.5251,84.9094,3972387
2013-11-20,84.9094,86.4969,84.8264,85.6109,2451100
2013-11-21,85.5555,86.2846,84.771,84.9833,2409014
2013-11-22,84.6972,85.9339,84.1157,85.8601,2735537
2013-11-25,85.8324,86.9583,85.8139,86.3954,1671324
2013-11-26,86.3954,87.0506,86.1185,86.4415,2642885
2013-11-27,86.8384,87.0599,86.2754,86.4046,1304948
2013-11-29,86.5984,86.7184,85.5832,85.7216,1405048
2013-12-02,85.7401,87.0876,85.7309,86.6815,2143461
2013-12-03,85.0571,86.1,84.4941,85.4263,3490357
2013-12-04,84.8818,85.6386,83.5335,84.531,2865983
2013-12-05,84.4986,85.0046,83.1085,83.2012,2032838
2013-12-06,83.9703,84.3225,82.8861,84.0445,2130248
2013-12-09,84.3966,85.1751,84.1742,84.3132,1597126
2013-12-10,84.3318,85.1288,84.2298,84.3874,1515316
2013-12-11,84.3318,84.5635,82.5247,82.7285,1364264
2013-12-12,82.6729,83.2382,81.8714,82.191,1915983
2013-12-13,82.3393,83.1493,81.0882,81.3199,2220563
2013-12-16,81.2829,81.8945,80.5507,81.2643,3496565
2013-12-17,81.357,81.4219,80.5137,80.5229,2390347
2013-12-18,81.0234,82.5247,80.6712,82.4969,2738349
2013-12-19,82.2466,82.3857,81.6072,82.2466,1287810
2013-12-20,82.1818,83.4051,82.0428,83.0251,2407304
2013-12-23,83.4607,84.5635,83.4189,84.4708,1516580
2013-12-24,84.3503,85.0824,84.3503,84.6932,808348
2013-12-26,85.0731,85.7126,84.7951,85.3975,941784
2013-12-27,85.3975,86.0277,85.3141,85.416,820677
2013-12-30,85.416,85.6755,84.5356,84.8137,973657
2013-12-31,84.9341,85.7589,84.8693,85.6199,916099
2014-01-02,85.2585,85.2678,83.9796,83.9889,1432038
2014-01-03,83.8313,84.3874,83.6923,83.9889,1070003
2014-01-06,84.3503,84.3781,82.71,82.7378,2204151
2014-01-07,83.0992,84.7859,82.8675,84.4059,1832006
2014-01-08,84.1835,85.4624,84.026,85.4624,1874995
2014-01-09,84.0445,86.2686,84.0445,86.1852,2073305
2014-01-10,85.9443,86.1389,84.202,85.2492,1580743
2014-01-13,85.0175,85.6107,84.0519,84.1835,1706179
2014-01-14,84.2669,85.138,83.7387,84.6561,2048425
2014-01-15,84.9897,85.1658,81.4126,81.6906,5087145
2014-01-16,81.6721,81.6721,79.1421,79.2904,4882684
2014-01-17,79.3089,80.0735,78.7714,79.2255,3116045
2014-01-21,79.5313,80.8658,79.2719,80.5507,2230014
2014-01-22,80.5415,81.0141,79.6982,79.8001,1687939
2014-01-23,80.0596,80.3654,79.0216,79.5035,2490805
2014-01-24,79.0773,79.1051,77.7428,78.0764,2321263
2014-01-27,77.7984,79.2348,77.7057,78.6695,3625767
2014-01-28,78.6788,79.2255,78.0857,78.1227,4924971
2014-01-29,76.1859,81.3181,75.843,79.1143,6443113
2014-01-30,80.6805,82.5154,79.8279,81.3292,3954673
2014-01-31,80.3839,81.0326,79.6333,79.6982,3310985
2014-02-03,79.6982,79.9558,79.0495,79.346,2612236
2014-02-04,79.4665,79.763,78.512,79.0958,2026280
2014-02-05,78.966,80.3376,78.3822,79.3738,2203481
2014-02-06,79.3923,80.3191,78.4471,80.2357,2062640
2014-02-07,79.6518,79.6518,78.0764,78.4749,3310912
2014-02-10,78.5861,79.1514,77.8354,78.4007,2913186
2014-02-11,77.9559,79.8372,77.8632,79.4016,2840340
2014-02-12,79.3831,79.9947,77.8632,78.0764,3183658
2014-02-13,77.8725,79.3923,77.8725,79.0587,2246174
2014-02-14,79.4016,81.5609,78.8363,81.3663,2436394
2014-02-18,81.4497,82.6637,81.0697,81.1068,3209592
2014-02-19,80.94,82.1169,80.6202,81.0882,3061856
2014-02-20,81.3385,81.7462,80.6156,81.2829,2402938
2014-02-21,81.0558,82.9324,81.0048,82.0613,2944479
2014-02-24,81.5701,85.2214,81.5701,84.2669,3622333
2014-02-25,84.9249,84.9434,82.9649,83.1085,2636991
2014-02-26,83.0436,83.8591,82.4691,82.6173,2506612
2014-02-27,82.6544,83.2846,82.3857,82.7378,1967745
2014-02-28,82.7193,85.1288,82.7193,83.9518,3752301
2014-03-03,83.2846,83.6089,82.5061,82.8861,2594013
2014-03-04,83.5163,84.7117,83.3958,84.1557,2475484
2014-03-05,82.7193,84.9527,82.7193,84.8507,2733491
2014-03-06,84.5039,85.6678,84.5039,85.2209,2448489
2014-03-07,85.6678,85.6678,85.1091,85.2302,3281413
2014-03-10,85.0719,85.9379,85.0719,85.8913,1792132
2014-03-11,85.9565,87.0459,85.8913,86.599,2712478
2014-03-12,86.18,87.6885,86.18,87.1763,2496465
2014-03-13,87.3346,87.5208,86.8038,86.8504,3576538
2014-03-14,86.6176,87.3346,86.45,86.9249,3482459
2014-03-17,87.1577,88.8776,87.1298,88.601,2861725
2014-03-18,88.5917,91.2083,88.5544,90.9848,4592553
2014-03-19,91.3014,93.6666,91.2548,92.2326,5300677
2014-03-20,92.065,93.4897,91.6273,92.8472,3667221
2014-03-21,93.0148,95.501,92.7913,92.903,7619076
2014-03-24,93.5642,95.3427,93.2662,94.0204,3165133
2014-03-25,94.0577,94.7747,92.8006,92.8285,2764689
2014-03-26,93.5455,93.8342,92.186,93.0334,4077161
2014-03-27,93.0334,93.1079,90.5658,90.9755,3514776
2014-03-28,91.32,93.2103,91.2362,92.5492,2138834
2014-03-31,93.1172,93.4803,92.2419,92.6982,4061906
2014-04-01,91.7204,94.0949,91.7204,92.2698,2560857
2014-04-02,90.0443,92.4263,90.0443,91.5528,2579359
2014-04-03,91.7949,92.5678,91.4969,92.4095,2893207
2014-04-04,92.7261,92.9961,90.8079,90.8731,3127592
2014-04-07,90.8451,91.2548,89.4949,89.9605,2792126
2014-04-08,90.2585,90.7613,89.1038,89.9978,4448247
2014-04-09,90.0164,91.3852,89.3832,90.1468,5236432
2014-04-10,90.333,91.0127,88.5731,89.1504,3984668
2014-04-11,88.7686,89.5229,88.0516,88.5079,3456322
2014-04-14,88.9455,89.2528,87.8095,88.8152,2462337
2014-04-15,89.0945,90.0816,88.154,89.8302,3216021
2014-04-16,90.3423,90.4634,88.5917,89.0666,2296749
2014-04-17,85.7609,86.4872,84.5039,85.6678,4584765
2014-04-21,85.4443,86.8476,85.4071,86.6269,2632920
2014-04-22,86.897,87.9585,86.8318,87.7071,2228248
2014-04-23,87.5488,88.3775,87.3067,88.1727,1427628
2014-04-24,88.9921,90.482,88.9921,89.8953,2031263
2014-04-25,89.6253,90.2678,89.1225,89.3925,1618279
2014-04-28,89.7184,89.8953,87.8747,88.4241,2266796
2014-04-29,88.871,89.2342,88.6289,88.8245,1809859
2014-04-30,92.4467,94.933,91.2269,93.7504,5321030
2014-05-01,93.7504,94.7561,93.0334,93.8342,2265953
2014-05-02,93.9273,94.4767,93.5455,93.9273,1565589
2014-05-05,93.6107,95.65,93.1079,95.3893,2653706
2014-05-06,95.203,95.92,94.9144,95.2868,1931098
2014-05-07,95.2775,97.773,94.9516,97.5309,2210782
2014-05-08,97.4658,97.7358,95.9759,96.1714,2444988
2014-05-09,96.0783,97.354,95.7617,97.3168,1491357
2014-05-12,97.652,99.7211,97.5868,99.6447,2421413
2014-05-13,99.5237,100.1848,99.0022,99.1232,1843250
2014-05-14,99.0767,99.0767,97.7544,98.3969,1719953
2014-05-15,98.1921,98.4714,97.01,97.7079,1478319
2014-05-16,97.8103,98.4528,97.0002,97.8848,1725116
2014-05-19,97.7637,99.3933,97.6892,99.1046,1758352
2014-05-20,98.8811,99.9799,98.1921,98.7042,2648898
2014-05-21,98.8811,99.8682,98.6021,99.7471,1192068
2014-05-22,99.8496,100.2779,99.235,99.952,1518546
2014-05-23,100.2313,101.8074,100.0451,101.3301,2294213
2014-05-27,101.3208,101.3674,100.8739,101.0135,1621893
2014-05-28,102.4289,102.4568,100.25,100.4548,1986864
2014-05-29,100.6317,101.1718,100.2034,101.0787,1591759
2014-05-30,100.9949,101.2836,100.3151,100.9018,2016750
2014-06-02,101.088,101.4512,100.3896,100.8925,1270180
2014-06-03,100.7994,100.9856,100.2872,100.5759,1825436
2014-06-04,100.6969,101.4139,100.3803,101.1532,1443985
2014-06-05,101.2463,101.3767,99.7844,99.8775,2376250
2014-06-06,99.9406,100.2772,98.8747,99.23,2301502
2014-06-09,99.2394,99.4451,98.3698,98.4353,1753087
2014-06-10,98.0613,98.828,97.9772,98.828,2647466
2014-06-11,98.6503,100.9037,98.482,100.6793,2450129
2014-06-12,100.6793,100.6793,99.8565,100.137,2097471
2014-06-13,99.978,100.1276,99.2487,99.9313,1272777
2014-06-16,99.9313,100.4268,99.1272,99.202,1237587
2014-06-17,99.0337,99.4357,98.1922,99.1646,1364528
2014-06-18,98.9121,99.4217,98.5755,99.3422,1046375
2014-06-19,99.5666,100.8382,99.4124,100.6886,1479370
2014-06-20,100.9878,101.5488,100.324,101.4927,1439290
2014-06-23,101.1,101.6329,100.6232,101.5862,906347
2014-06-24,101.4272,101.8667,100.8756,100.8943,1295573
2014-06-25,100.9224,101.9976,100.7709,101.6703,1248269
2014-06-26,101.7545,102.25,100.4268,101.0907,1760671
2014-06-27,100.4829,100.8569,99.4544,100.5577,1281602
2014-06-30,100.511,102.3763,100.3427,100.6138,1461447
2014-07-01,101.2309,102.0537,100.913,101.3338,1748239
2014-07-02,101.0159,103.1663,100.1557,103.1476,2169819
2014-07-03,103.4749,103.7928,102.0911,102.998,1433875
2014-07-07,102.8391,102.8484,101.5207,102.035,1279643
2014-07-08,101.6984,102.5399,101.2234,102.3435,1425848
2014-07-09,102.3529,103.8582,102.2781,103.6619,2080415
2014-07-10,103.1944,104.0359,102.5492,103.559,1501360
2014-07-11,103.3627,104.0733,102.8391,103.6899,1445122
2014-07-14,104.0172,106.0648,103.8535,105.7936,2722001
2014-07-15,105.7001,107.2242,105.2326,105.4383,2019366
2014-07-16,105.5973,105.8404,104.5688,104.8867,1199317
2014-07-17,106.3172,107.5234,105.9058,107.4579,1754200
2014-07-18,106.3172,107.5234,105.9058,107.4579,1754200
2014-07-21,104.9334,107.3083,104.9334,106.9904,1284020
2014-07-22,107.5234,108.7014,107.486,107.8226,2121012
2014-07-23,108.0095,108.3742,107.5234,107.9347,864686
2014-07-24,108.1965,108.6173,107.4299,107.7571,1167479
2014-07-25,106.1396,106.8034,103.8956,106.1302,1984010
2014-07-28,106.8782,108.1218,106.1583,108.0563,1708092
2014-07-29,107.2522,107.5047,104.8399,105.2326,2970636
2014-07-30,108.5986,108.9258,100.9878,105.1578,5450245
2014-07-31,102.437,104.6249,99.9313,102.6708,5201282
2014-08-01,102.5212,104.4379,102.3716,103.7834,1940331
2014-08-04,103.6245,104.6249,103.0635,104.3444,1523389
2014-08-05,103.9424,104.7184,102.811,103.2598,1841119
2014-08-06,103.2972,105.1859,103.2598,104.1013,1641891
2014-08-07,104.4099,104.5875,100.1089,100.3146,2246198
2014-08-08,100.5951,101.5581,99.5947,101.5207,1552619
2014-08-11,101.8293,101.9134,100.3053,100.4081,1550265
2014-08-12,100.6138,101.661,100.2211,101.5955,1620430
2014-08-13,101.9134,103.4749,101.9134,103.1757,1960765
2014-08-14,103.7834,105.5038,103.4562,105.1672,1916884
2014-08-15,105.242,105.4757,103.4375,104.5127,1682852
2014-08-18,105.1765,105.2046,103.933,105.0924,1064000
2014-08-19,105.242,106.3827,104.5875,106.2331,1066588
2014-08-20,106.1209,106.2144,105.2794,105.7188,1286527
2014-08-21,106.1022,106.5884,105.5225,105.7656,1005740
2014-08-22,105.7749,106.2331,105.1859,105.5318,1003882
2014-08-25,105.99,106.4037,105.1391,105.8591,777419
2014-08-26,106.1676,107.4486,105.8404,107.2148,1173975
2014-08-27,107.3551,108.6827,106.925,108.2526,1524651
2014-08-28,107.8132,109.1502,107.8076,108.6921,1689027
2014-08-29,108.8978,109.7299,108.5986,108.9352,1404106
2014-09-02,108.8884,109.0474,107.1774,108.1218,1485292
2014-09-03,107.9534,109.5242,107.8132,109.038,1382134
2014-09-04,109.3933,111.31,109.1689,110.3377,1996323
2014-09-05,110.0665,111.4483,109.7486,111.2352,1636349
2014-09-08,110.8763,111.3145,110.2381,110.8575,1289366
2014-09-09,110.9795,113.8605,110.9326,113.4476,2919482
2014-09-10,113.6071,113.6071,111.9742,112.4247,1284247
2014-09-11,111.871,112.7813,111.3173,112.5654,1764853
2014-09-12,112.6124,112.7672,110.9138,111.3173,1208700
2014-09-15,111.3455,111.7772,110.7449,111.1109,1322231
2014-09-16,111.2141,113.1473,110.8387,112.9127,1948046
2014-09-17,112.847,113.7479,111.6739,112.8188,1367100
2014-09-18,113.0628,114.6675,112.9314,114.6394,1308458
2014-09-19,115.2775,115.2963,114.1514,114.5268,2203226
2014-09-22,114.9866,116.8166,114.1045,114.3203,2521009
2014-09-23,113.9449,114.4892,111.9367,112.0118,1423679
2014-09-24,112.3871,116.9104,112.0493,116.5256,2781530
2014-09-25,116.094,116.2441,113.0815,113.2599,1935681
2014-09-26,113.7197,114.4611,112.3815,113.3631,1823666
2014-09-29,112.6968,114.4142,112.4059,113.8417,1683970
2014-09-30,113.9825,114.1702,111.993,112.2558,1705286
2014-10-01,111.9273,112.2182,110.0223,110.8763,2282853
2014-10-02,111.0733,111.871,109.6751,111.1578,1694082
2014-10-03,112.2745,114.9866,111.5144,114.5549,1941737
2014-10-06,114.63,115.7561,111.6552,111.7396,1455506
2014-10-07,111.4018,112.0399,110.2569,110.285,1262068
2014-10-08,110.2757,112.6217,109.9566,112.4716,1813463
2014-10-09,112.6405,113.4476,111.2422,111.6082,1491355
2014-10-10,111.9085,112.6217,109.7501,109.7501,1954585
2014-10-13,109.7032,110.4164,107.2445,107.3665,1980214
2014-10-14,107.7137,107.8404,104.2884,106.231,2657303
2014-10-15,104.5981,106.4468,102.2145,104.2227,3733303
2014-10-16,104.401,107.2914,103.7348,105.0298,3380060
2014-10-17,106.7096,108.8023,105.8087,107.9108,2103509
2014-10-20,108.2111,109.4217,107.9202,109.0745,1609146
2014-10-21,110.2475,113.2974,110.1818,113.0159,1936014
2014-10-22,113.0628,113.2101,111.5144,111.5519,1898248
2014-10-23,112.9127,113.213,111.9836,112.3965,2138420
2014-10-24,112.5467,112.8376,111.6833,112.8094,1099499
2014-10-27,112.7344,113.4288,112.5654,112.9314,1081612
2014-10-28,111.5332,113.1191,110.3601,112.6124,3119032
2014-10-29,120.27,120.27,118.3181,119.2096,1408146
2014-10-30,114.6769,116.1315,113.5696,115.6998,2304984
2014-10-31,116.8635,118.8905,116.657,118.8905,2444771
2014-11-03,118.8154,119.7351,118.0834,118.5339,1386568
2014-11-04,118.5339,120.2043,118.5339,119.0219,1796897
2014-11-05,120.27,120.27,118.3181,119.2096,1408146
2014-11-06,119.5756,120.1011,119.0406,119.9322,1126082
2014-11-07,118.9843,119.6694,115.8134,116.5069,2411565
2014-11-10,116.5163,118.3744,116.3755,117.7738,1483337
2014-11-11,118.2336,119.3597,117.8676,118.8248,1634912
2014-11-12,118.0834,119.5942,117.5204,118.8436,1063796
2014-11-13,118.7779,120.2948,118.1585,118.8342,1148603
2014-11-14,119.1814,119.6037,117.5298,117.6424,843294
2014-11-17,117.6424,119.8289,117.5016,119.4348,1166415
2014-11-18,119.5662,121.9592,119.5662,121.0958,1416691
2014-11-19,120.6735,120.7648,117.9802,118.0741,1518145
2014-11-20,117.7456,118.7873,117.4611,118.4776,1284005
2014-11-21,120.0448,120.0448,117.9896,118.1397,1368097
2014-11-24,118.6934,119.5662,116.8259,118.3744,1660343
2014-11-25,118.7779,119.9885,118.4964,119.3222,1529656
2014-11-26,120.026,120.4577,118.5527,119.0876,1071585
2014-11-28,119.3785,120.4483,119.3785,120.0354,728937
2014-12-01,120.3545,120.6641,119.3597,119.904,1384780
2014-12-02,119.8946,120.8894,119.1157,120.7861,1123621
2014-12-03,117.94,121.942,117.94,121.6218,871118
2014-12-04,120.8968,121.9326,119.1736,120.1905,1694585
2014-12-05,119.5691,122.3751,119.3902,120.4448,1110886
2014-12-08,120.7273,120.8779,118.731,118.9664,1088799
2014-12-09,117.601,119.3996,116.6312,119.2677,982548
2014-12-10,118.7781,119.2254,116.4052,116.4711,1303688
2014-12-11,116.7253,118.8252,116.5558,118.0813,1316917
2014-12-12,116.7818,118.6086,115.4541,115.4918,1286375
2014-12-15,116.65,117.0078,114.1829,115.0869,1350489
2014-12-16,115.1999,117.601,114.1452,114.2394,1369157
2014-12-17,114.8985,117.2291,114.6914,116.4899,1499224
2014-12-18,118.4203,120.3695,117.0361,120.2565,1670597
2014-12-19,120.4354,121.7913,120.0964,120.4824,1862009
2014-12-22,120.473,121.1604,119.635,120.9721,666555
2014-12-23,121.4712,121.6312,119.4655,119.5314,1269070
2014-12-24,119.6821,120.0587,119.2301,119.522,445325
2014-12-26,119.522,120.1576,118.7498,118.9852,455021
2014-12-29,118.6463,119.9646,118.6463,119.6538,692675
2014-12-30,118.9664,120.9627,118.9664,120.7273,624335
2014-12-31,120.7649,121.7725,118.2979,118.3355,868259
2015-01-02,119.2583,120.2753,117.1396,118.1378,1181918
2015-01-05,117.0455,118.1378,115.6895,116.0662,1549972
2015-01-06,117.7235,119.5314,117.0172,117.6481,2117001
2015-01-07,117.8364,120.4354,117.8364,118.2319,1578468
2015-01-08,118.6651,124.1078,118.6651,123.8723,1971082
2015-01-09,124.0513,124.0513,122.1586,122.2245,1387175
2015-01-12,122.8224,123.0343,120.7084,121.3111,1230048
2015-01-13,122.5258,123.8158,121.377,122.6765,1194803
2015-01-14,121.1698,125.0494,120.3883,124.1172,3216781
2015-01-15,124.2961,127.0551,124.2349,126.2641,1967922
2015-01-16,125.9439,128.3075,125.4072,128.072,2317508
2015-01-20,128.9478,129.7011,127.9025,129.1267,2269431
2015-01-21,128.8724,132.3282,128.6935,131.5279,2536819
2015-01-22,132.526,135.0119,131.3781,134.5223,2329598
2015-01-23,134.1833,135.2662,132.2435,132.5542,1795668
2015-01-26,132.3942,132.3942,129.9553,130.605,2513623
2015-01-27,130.0589,130.8593,129.089,129.7387,2393683
2015-01-28,130.1436,131.1512,125.266,125.7839,3476169
2015-01-29,126.7632,129.3527,125.9534,129.0984,1950356
2015-01-30,127.5071,129.3809,126.3112,127.0833,2246853
2015-02-02,127.0833,127.6766,125.1812,127.5918,1819776
2015-02-03,128.138,129.2303,127.5918,128.9666,1710527
2015-02-04,128.524,130.5768,127.4976,129.6163,1674628
2015-02-05,127.5918,130.2943,127.4976,129.2208,2314611
2015-02-06,128.9572,129.2208,127.2057,127.7707,2244555
2015-02-09,126.9232,127.7707,126.5372,127.008,1745541
2015-02-10,128.4204,130.9252,127.6954,130.6427,2100226
2015-02-11,130.5109,133.4488,130.4732,133.2322,2104377
2015-02-12,134.2398,134.2398,132.5637,133.7124,1515774
2015-02-13,133.1192,133.4629,132.4696,132.8179,1447132
2015-02-17,132.3565,133.6559,131.8292,133.4865,1091037
2015-02-18,133.4865,134.4375,132.8085,133.5618,1300021
2015-02-19,133.703,134.5599,133.4205,134.3245,1192455
2015-02-20,133.5995,136.2925,133.5241,136.1513,1622117
2015-02-23,137.0082,138.8726,136.8199,138.7502,2219033
2015-02-24,138.7502,140.0779,138.4206,138.6843,1998170
2015-02-25,138.8915,139.3623,138.0016,138.3924,1228614
2015-02-26,138.0722,138.7361,137.6956,138.157,1129524
2015-02-27,138.157,138.8255,137.705,137.9027,1523476
2015-03-02,137.9027,139.0892,137.7621,138.3547,1339118
2015-03-03,137.5355,138.4865,136.1795,137.4696,1478903
2015-03-04,136.3302,138.7062,135.784,137.9969,1847885
2015-03-05,137.9498,139.0798,137.7238,138.2794,1175695
2015-03-06,137.2344,138.8892,137.0264,137.2723,1494112
2015-03-09,137.2723,138.9461,137.1493,138.7759,970709
2015-03-10,137.433,137.9626,136.4401,136.4401,1495269
2015-03-11,137.4519,137.9342,136.4401,136.5346,1246363
2015-03-12,137.3857,139.5418,137.2344,139.4473,1836593
2015-03-13,138.8515,141.8776,138.4449,141.8587,2124513
2015-03-16,141.9249,146.4263,141.9249,144.9227,2959327
2015-03-17,144.3553,145.2158,144.1094,144.9699,2678664
2015-03-18,144.7146,149.3956,144.7146,148.8377,2275177
2015-03-19,149.2065,149.5091,147.9109,148.7715,2341882
2015-03-20,150.1238,151.9111,149.1782,149.7739,2497635
2015-03-23,149.6037,150.2467,148.5067,149.0079,1571079
2015-03-24,148.327,149.6888,148.327,149.0363,1611343
2015-03-25,150.8709,150.8709,146.0007,146.0291,1457756
2015-03-26,145.8021,146.0291,144.3458,144.516,1966784
2015-03-27,145.7548,149.0174,145.7548,147.7786,1548700
2015-03-30,148.762,149.8401,148.0339,148.327,1430967
2015-03-31,147.3435,148.2798,145.9251,146.0196,1466027
2015-04-01,145.7076,146.0007,144.2418,145.6224,1595425
2015-04-02,145.8021,146.6532,145.1969,145.5846,1628355
2015-04-06,144.5917,147.5894,144.5917,146.9842,1373023
2015-04-07,148.1852,148.9985,146.4263,146.7572,1199930
2015-04-08,146.5776,147.5043,145.6508,146.2371,880019
2015-04-09,145.9818,146.3128,144.4404,145.1496,1249254
2015-04-10,145.7454,145.8872,144.6579,145.5562,1371248
2015-04-13,146.1047,147.353,145.1591,145.1685,1220591
2015-04-14,146.1236,146.5681,145.1118,145.8683,1019780
2015-04-15,145.9156,146.5776,142.4261,143.0786,1701577
2015-04-16,146.9085,146.9842,145.5893,146.5114,1602908
2015-04-17,145.4522,145.9251,143.1448,144.1945,1103263
2015-04-20,144.9699,145.7265,144.4312,144.5633,693778
2015-04-21,144.7335,145.282,144.2607,144.5728,795710
2015-04-22,144.6862,145.1496,143.7784,144.5349,701037
2015-04-23,144.0243,146.1331,143.7879,145.821,889076
2015-04-24,145.6697,146.1804,145.2064,145.8967,758346
2015-04-27,146.0953,146.4735,142.4828,142.8138,1585635
2015-04-28,141.9911,146.1236,141.0833,145.8399,2249467
2015-04-29,147.4854,148.4689,140.2322,142.8611,3196897
2015-04-30,143.5798,145.8399,142.2843,142.7287,2032829
2015-05-01,143.6649,144.951,143.2583,144.9037,1362021
2015-05-04,145.1118,147.684,144.6957,147.3719,1865167
2015-05-05,146.2655,147.2395,145.5468,145.821,1553024
2015-05-06,146.5492,151.164,145.6603,151.164,6746597
2015-05-07,150.2751,150.7858,147.126,147.3341,3969144
2015-05-08,148.6675,149.9772,147.8637,149.7928,1969104
2015-05-11,149.6415,151.8071,149.4902,150.1805,1398884
2015-05-12,149.3389,151.0127,148.781,149.859,1714785
2015-05-13,150.7479,151.9016,149.6982,150.1616,2027845
2015-05-14,151.4288,152.1664,150.2467,151.3059,2106470
2015-05-15,151.6369,152.6109,151.2113,152.6014,1191426
2015-05-18,153.1972,154.5495,152.6582,154.3793,1495003
2015-05-19,154.4928,156.3454,154.3793,155.5046,1250392
2015-05-20,155.5141,155.5141,153.8402,154.6819,2315531
2015-05-21,154.1429,155.8971,153.67,155.6748,1123582
2015-05-22,155.2115,156.4786,154.5779,155.2682,1337263
2015-05-26,155.098,155.098,153.3674,153.5187,910739
2015-05-27,154.105,155.2493,153.5282,154.5022,1535065
2015-05-28,153.9916,155.3249,153.7362,155.2966,1251025
2015-05-29,155.7127,161.6892,153.681,158.7293,5196163
2015-06-01,159.7885,159.8168,157.7175,158.9374,1747129
2015-06-02,158.3605,159.0792,155.1027,155.2209,1910020
2015-06-03,155.5141,156.1382,153.4147,154.8616,2181874
2015-06-04,153.7079,154.5684,152.2232,152.6771,1174138
2015-06-05,152.6298,154.5022,150.9749,153.9726,1367340
2015-06-08,154.3002,155.5913,153.5123,153.6832,1097377
2015-06-09,154.1104,154.6799,153.3984,154.3477,1080879
2015-06-10,154.8603,156.2178,154.1958,156.0374,1146011
2015-06-11,156.1893,156.9488,155.4394,155.6577,1200762
2015-06-12,155.0312,155.4963,152.506,152.563,1567478
2015-06-15,153.2655,158.724,152.2307,156.1229,3500529
2015-06-16,155.9805,159.341,155.933,158.3917,1505708
2015-06-17,159.0088,159.4644,156.2558,156.7874,1170005
2015-06-18,157.1007,158.5911,156.588,156.8633,1275588
2015-06-19,156.7304,157.4519,156.1134,156.6925,1326890
2015-06-22,161.8567,164.79,160.1669,162.3693,5005971
2015-06-23,162.0845,162.0845,153.8066,161.382,3527588
2015-06-24,161.439,162.2459,158.9803,159.4549,1915636
2015-06-25,159.2271,161.9326,157.4899,161.7048,2724664
2015-06-26,161.8852,162.3313,156.3317,156.3317,4343151
2015-06-29,156.8728,156.9962,154.2053,154.7938,2083716
2015-06-30,155.4963,157.4424,155.3919,155.8191,1791623
2015-07-01,157.2241,157.5184,155.7052,156.8444,1140648
2015-07-02,157.3855,157.3855,154.3762,154.8698,1559205
2015-07-06,152.6674,154.1958,149.3923,153.4079,2772791
2015-07-07,154.2527,154.4141,150.0758,152.2022,2611148
2015-07-08,151.4143,152.4111,150.9397,151.3099,1312481
2015-07-09,153.1136,153.7686,150.541,150.541,1675326
2015-07-10,151.5757,152.843,151.2245,151.6327,1539064
2015-07-13,152.0788,152.6689,147.209,148.5189,2716201
2015-07-14,148.6329,152.6579,148.481,151.8605,1823305
2015-07-15,151.9839,153.5977,150.7688,151.5093,1292624
2015-07-16,151.3479,151.9459,149.0505,149.6106,1551337
2015-07-17,149.6771,150.5694,149.0885,150.5505,1469595
2015-07-20,150.5172,150.7878,146.6678,148.6518,2109669
2015-07-21,148.424,149.0411,146.5634,147.8829,1448557
2015-07-22,147.7215,148.8417,146.9241,147.2374,1102720
2015-07-23,148.6613,149.155,146.2026,147.3418,2284446
2015-07-24,144.5888,146.3355,141.2378,143.2123,4747591
2015-07-27,143.1554,144.323,142.2915,143.8199,2481103
2015-07-28,144.7027,147.1424,143.3452,146.383,3245671
2015-07-29,147.9494,149.0363,144.0382,147.3988,3495214
2015-07-30,148.1202,149.0885,144.8831,147.038,3408137
2015-07-31,147.9588,148.2057,145.8514,146.4494,2615967
2015-08-03,146.4589,147.3988,144.342,145.035,1868093
2015-08-04,146.0033,146.1931,144.0762,144.7692,1449088
2015-08-05,145.6615,147.1519,144.6553,147.095,2222908
2015-08-06,146.8766,148.0443,144.4654,144.7122,1423151
2015-08-07,144.5698,145.2438,144.1901,144.8926,1864580
2015-08-10,144.8641,145.9747,144.4844,144.6078,997835
2015-08-11,144.2945,145.016,143.7534,144.6932,1153541
2015-08-12,143.8958,144.2945,141.2567,141.8928,2005484
2015-08-13,142.3674,142.975,140.9245,142.1016,1548104
2015-08-14,142.1016,142.8231,140.915,141.7314,1687575
2015-08-17,141.8168,144.5319,141.7029,144.1996,1860194
2015-08-18,144.4654,146.6675,144.1711,145.5286,1996937
2015-08-19,144.7027,145.1204,143.1364,144.2471,1354901
2015-08-20,142.9085,143.9385,140.2315,140.3644,1939650
2015-08-21,138.2854,140.0226,137.431,139.1873,3783623
2015-08-24,131.8491,138.1525,129.1436,133.5484,4219211
2015-08-25,135.2856,136.5672,130.9473,131.1371,2623530
2015-08-26,133.1497,135.0958,131.308,134.9534,2606054
2015-08-27,135.7508,137.0513,132.3712,134.9534,2274006
2015-08-28,134.5831,135.0293,132.039,133.4345,2018494
2015-08-31,132.9883,136.4058,132.8554,133.8996,3228491
2015-09-01,131.4694,132.6655,130.0834,131.0612,3342880
2015-09-02,131.963,133.3775,130.6435,133.349,2357855
2015-09-03,133.6718,136.6431,133.4487,135.7033,2722172
2015-09-04,133.7003,135.7033,133.368,134.8489,2201049
2015-09-08,136.8179,139.7356,136.1028,139.6212,2216132
2015-09-09,140.4222,141.0801,138.4198,138.8298,2346216
2015-09-10,138.3626,139.4782,137.0754,137.247,2030540
2015-09-11,140.8798,140.8798,136.3602,140.2505,1582659
2015-09-14,140.5843,140.9275,138.6281,139.0873,1600885
2015-09-15,140.794,141.7046,138.8012,141.3471,1465779
2015-09-16,141.7094,144.8464,141.6903,144.1217,1762392
2015-09-17,144.9132,145.3518,141.4233,143.2827,2275367
2015-09-18,141.8715,142.5389,139.4305,140.0312,2662382
2015-09-21,141.7571,142.8155,140.1838,142.6152,2085484
2015-09-22,141.1278,142.8822,140.2219,141.7475,1832013
2015-09-23,141.3471,143.4162,140.9275,142.3387,1533168
2015-09-24,140.6605,143.0062,138.0594,140.2219,1875523
2015-09-25,141.1373,141.5282,134.3198,135.3114,2209842
2015-09-28,134.6439,135.4258,128.3604,129.9718,2941174
2015-09-29,130.153,133.3281,128.8562,131.3162,2699886
2015-09-30,132.4414,134.8537,131.9551,133.4902,1812560
2015-10-01,133.7858,134.1386,130.6297,132.4795,2142642
2015-10-02,131.5832,135.2733,130.3503,135.2542,1429211
2015-10-05,136.2458,137.2661,135.4163,136.2077,1499347
2015-10-06,136.2363,136.2744,131.7644,132.9753,1621667
2015-10-07,133.4425,133.4807,128.9611,132.9276,3364816
2015-10-08,132.7465,132.8989,129.8478,130.9444,1998384
2015-10-09,130.7727,134.7488,130.7727,133.9574,1951461
2015-10-12,134.4437,137.1898,134.0575,137.1707,1417997
2015-10-13,137.0277,142.9013,136.7989,139.7166,2288156
2015-10-14,139.4782,140.9943,135.6356,136.6844,1579299
2015-10-15,136.4747,138.7917,130.7346,138.477,3427045
2015-10-16,140.0312,140.8846,139.0968,140.2124,1494443
2015-10-19,139.5449,142.4245,139.5449,141.8906,1308135
2015-10-20,142.0527,142.5485,140.5843,141.3471,945466
2015-10-21,142.3673,142.4341,132.2983,136.1505,3642170
2015-10-22,135.6356,136.4842,128.9515,132.9276,5605629
2015-10-23,133.5665,136.6177,132.8037,134.396,3150515
2015-10-26,134.4056,135.7214,133.0516,135.1493,1991908
2015-10-27,134.7584,139.3066,134.7584,137.9621,2728248
2015-10-28,134.4437,138.2386,128.4748,135.2065,5090932
2015-10-29,134.3007,136.0742,133.8716,134.7679,2397849
2015-10-30,135.3209,135.3209,132.5653,132.6797,2132626
2015-11-02,132.5367,133.986,131.3162,133.3567,1802467
2015-11-03,132.6321,133.6514,129.2281,130.6774,1982059
2015-11-04,131.5832,131.6213,126.9015,129.0469,3192761
2015-11-05,129.209,130.0957,127.569,129.7143,1847295
2015-11-06,128.7036,129.5236,126.3008,127.7501,2074353
2015-11-09,127.2829,128.0648,125.8145,127.5499,2552443
2015-11-10,127.5499,129.5904,127.3306,128.9801,1320614
2015-11-11,129.6953,129.6953,127.7215,127.9504,1751172
2015-11-12,128.1125,129.3902,127.0636,127.2257,1751855
2015-11-13,127.1208,128.246,125.8622,126.3866,1784887
2015-11-16,126.5869,128.9801,126.5869,128.7799,1028003
2015-11-17,128.4176,131.7739,127.8169,129.9146,1533803
2015-11-18,129.9623,131.259,128.389,130.9158,1799997
2015-11-19,124.451,125.8479,120.3796,121.9147,5775078
2015-11-20,122.2103,125.8622,122.0768,125.1852,2765550
2015-11-23,125.5475,127.6929,124.9373,125.0327,1511346
2015-11-24,124.7275,125.7478,123.7264,125.5094,2028959
2015-11-25,125.3854,125.6906,124.2607,124.9087,1641184
2015-11-27,125.4808,126.1387,124.1173,125.1185,554860
2015-11-30,125.1185,125.4617,124.0505,124.3175,2315557
2015-12-01,125.0136,129.6667,124.2603,129.5046,2277703
2015-12-02,129.6818,131.3678,126.8752,127.3254,5880539
2015-12-03,127.1913,128.1779,123.6087,123.9823,2837560
2015-12-04,123.9631,127.5744,123.8386,127.1625,1551070
2015-12-07,127.9001,127.9001,125.6155,127.1913,1970697
2015-12-08,126.4441,127.8331,125.0551,126.0609,3459692
2015-12-09,125.2946,128.3215,124.9641,126.8847,2050663
2015-12-10,126.4728,129.5094,125.8024,129.1646,1687005
2015-12-11,128.3599,131.6934,127.5457,130.065,2629011
2015-12-14,130.4961,131.2336,128.5132,129.8255,1356846
2015-12-15,130.4961,131.521,128.3887,129.337,1528988
2015-12-16,130.5727,132.3065,129.8351,131.9808,1459656
2015-12-17,131.9042,134.5767,131.4779,133.159,1631774
2015-12-18,133.1495,133.9445,131.9521,131.9521,1934763
2015-12-21,132.2873,134.7013,131.9042,133.6572,1393849
2015-12-22,134.2032,134.9503,132.1916,134.2894,1780359
2015-12-23,134.5576,135.1419,133.7051,134.5959,901724
2015-12-24,134.7587,135.5347,134.5384,134.6438,357532
2015-12-28,134.3756,134.5959,133.159,134.1361,481051
2015-12-29,134.6055,136.2914,134.4043,135.8795,669424
2015-12-30,135.8987,136.4926,134.8354,135.027,470387
2015-12-31,134.2223,135.276,133.5518,133.5709,706709
2016-01-04,131.8659,133.5614,131.2432,133.3506,1769799
2016-01-05,133.9637,135.9705,133.1782,135.2952,1840998
2016-01-06,133.7434,134.5672,131.1378,131.9904,1635860
2016-01-07,130.3907,132.0191,128.9634,129.7297,1596783
2016-01-08,129.7872,130.7643,126.2429,126.5686,1544899
2016-01-11,126.559,127.3876,122.2101,122.9573,1729714
2016-01-12,125.0072,130.7738,124.5283,129.8926,2540084
2016-01-13,129.9117,131.3965,127.4786,128.494,2171298
2016-01-14,129.1167,133.3794,128.2229,132.2873,2271211
2016-01-15,128.9538,130.9511,127.7947,129.3082,2426439
2016-01-19,130.9175,132.0958,128.1779,131.09,2301438
2016-01-20,129.7872,133.2261,126.1701,131.703,3338301
2016-01-21,131.3773,134.5767,131.2432,132.9387,2023278
2016-01-22,134.1936,135.8316,133.0632,135.4484,1681593
2016-01-25,135.7837,135.7837,131.8754,132.8334,1944916
2016-01-26,132.6992,133.8296,130.8361,131.9617,1879472
2016-01-27,129.1646,130.3715,124.2888,125.7065,3647148
2016-01-28,125.5724,127.4786,121.099,121.099,3195499
2016-01-29,122.4017,125.036,121.7408,124.9976,2383581
2016-02-01,126.0801,126.8656,123.7859,124.2601,1704034
2016-02-02,123.7332,124.4229,120.4859,121.6641,2251836
2016-02-03,122.2484,122.3251,118.2827,121.4917,2661425
2016-02-04,120.6966,122.1239,117.6122,121.3097,2299056
2016-02-05,121.3001,121.7408,117.6026,118.1869,1366091
2016-02-08,116.9608,117.3439,110.7631,112.2862,3280092
2016-02-09,112.1233,116.6255,110.8685,114.7768,2791846
2016-02-10,115.4377,117.9762,114.7193,116.3573,1074278
2016-02-11,114.7576,116.0508,113.8188,114.93,1929270
2016-02-12,115.4473,116.4914,114.7289,116.4339,1102300
2016-02-16,117.2194,119.71,117.0258,119.5759,1439555
2016-02-17,119.7387,122.3347,119.5471,122.191,1441798
2016-02-18,122.2868,124.0349,122.1622,122.6316,1415805
2016-02-19,122.2101,123.6949,121.2139,121.8749,1358976
2016-02-22,122.6125,126.9039,122.6125,126.6069,1735190
2016-02-23,126.3483,128.245,125.3042,125.7448,1519927
2016-02-24,125.4287,125.5532,123.5225,125.2467,1121797
2016-02-25,125.1318,126.674,124.4516,126.6644,1316776
2016-02-26,126.9709,128.2162,126.3291,126.923,1325930
2016-02-29,126.31,127.9959,125.1797,125.1892,1476175
2016-03-01,126.3196,126.6069,124.854,126.2525,1576634
2016-03-02,126.5016,128.4749,125.6969,128.4461,1569253
2016-03-03,127.6415,127.8809,124.7678,127.3733,1524864
2016-03-04,126.8464,127.2871,125.582,126.7794,1286520
2016-03-07,125.5724,127.6319,125.1988,127.5936,1124671
2016-03-08,126.7754,128.9701,126.6887,127.5262,1241725
2016-03-09,128.1519,129.721,127.3529,129.5092,1240166
2016-03-10,130.3467,134.38,129.6151,132.6569,2099655
2016-03-11,133.2249,137.855,133.196,137.7491,2000173
2016-03-14,137.3352,139.2797,136.4496,138.7791,1699508
2016-03-15,137.5566,138.4999,136.4015,136.9886,1508354
2016-03-16,136.9886,138.6155,136.2186,138.1438,1358214
2016-03-17,138.2978,138.6155,133.6677,135.1019,1609341
2016-03-18,135.5736,138.7213,135.2752,137.3448,1761917
2016-03-21,136.7191,137.0272,133.3019,134.765,1217458
2016-03-22,134.2837,136.3533,133.7543,135.6025,1560227
2016-03-23,136.44,136.5555,133.8409,134.2837,1652082
2016-03-24,133.3885,134.765,132.7147,134.7361,1274620
2016-03-28,134.7073,135.5255,133.7832,134.3415,993670
2016-03-29,134.5436,135.3041,133.4174,135.0346,1490377
2016-03-30,135.7565,136.1223,134.5244,134.7361,984462
2016-03-31,134.3896,135.0538,132.5029,133.7928,1375809
2016-04-01,133.3596,136.6036,132.6762,136.5458,1633222
2016-04-04,136.4881,141.9172,136.0068,141.7536,3195181
2016-04-05,139.3952,140.4252,137.7876,137.9801,2115176
2016-04-06,137.9609,139.5684,137.5662,139.4529,2447597
2016-04-07,138.2978,139.1641,137.1741,138.0571,1524962
2016-04-08,138.9716,139.5684,137.2004,138.3652,1584661
2016-04-11,138.9235,139.5781,135.4581,135.6314,1175947
2016-04-12,135.795,138.0764,135.564,137.5277,1142375
2016-04-13,138.2112,139.5011,137.1715,138.1823,1179658
2016-04-14,137.8069,138.3459,136.2089,137.855,1402016
2016-04-15,137.701,137.8935,136.5458,137.5662,1420145
2016-04-18,137.4411,137.7491,136.7384,137.2582,1137538
2016-04-19,138.3844,139.1738,137.4027,139.0005,1726352
2016-04-20,139.1064,140.8295,138.0571,140.0786,1615003
2016-04-21,139.838,141.022,139.4096,140.454,1262989
2016-04-22,140.9257,142.4563,140.5407,142.0038,1229699
2016-04-25,141.3493,142.4659,139.7225,140.6273,1250798
2016-04-26,140.0786,141.6765,139.8572,141.5707,1627641
2016-04-27,140.6851,141.33,135.718,139.347,2523281
2016-04-28,139.6262,140.9256,138.24,138.6155,1361949
2016-04-29,137.3448,137.3448,134.1201,135.5062,1579136
2016-05-02,136.3822,136.6902,134.4955,135.2271,1612773
2016-05-03,134.6688,137.0079,134.6688,136.1319,1232477
2016-05-04,133.3307,134.0623,131.6366,133.5425,2641499
2016-05-05,133.5425,134.3126,131.3574,131.9446,1710565
2016-05-06,131.6751,133.3692,130.7702,132.1179,1286743
2016-05-09,131.8387,133.5425,131.5403,133.2634,1179914
2016-05-10,133.6003,135.1597,133.3211,134.919,1129692
2016-05-11,134.7939,136.4496,134.2067,134.3511,1805075
2016-05-12,134.611,134.9575,130.0964,130.9916,2177493
2016-05-13,131.0879,132.0697,129.7306,130.4429,1385489
2016-05-16,130.3467,132.3104,129.798,132.0986,986179
2016-05-17,132.6954,132.6954,129.8172,131.1167,1355757
2016-05-18,131.0879,132.1082,129.9135,130.9916,970615
2016-05-19,130.3178,131.8868,128.3926,128.7872,1353707
2016-05-20,129.5862,130.905,128.8161,130.6547,1085829
2016-05-23,129.6632,130.0579,127.9401,128.2,2198089
2016-05-24,128.0653,129.1915,123.5892,123.6758,5836320
2016-05-25,124.3689,126.4674,123.9453,126.0631,4254912
2016-05-26,126.5444,126.6214,124.4362,124.7635,1651753
2016-05-27,125.2352,126.116,124.6577,125.8128,1579538
2016-05-31,126.3422,127.5358,125.5625,127.2182,2311158
2016-06-01,126.9872,128.1808,126.1593,127.5551,1860179
2016-06-02,127.7765,128.4166,127.2567,128.3059,1462519
2016-06-03,127.4588,127.9353,126.1016,126.9101,1298584
2016-06-06,126.8909,127.5984,126.6647,127.4877,1134374
2016-06-07,127.3337,128.5466,127.0834,127.9433,1577196
2016-06-08,127.9336,129.8683,127.6919,129.82,1558836
2016-06-09,129.5588,130.3327,129.0074,129.3847,1467725
2016-06-10,128.7946,128.9687,126.8695,127.2274,1366365
2016-06-13,126.5019,128.0013,126.2214,126.4149,1133898
2016-06-14,126.3471,126.8405,125.6149,126.2601,1260878
2016-06-15,126.8405,127.6434,126.0666,126.3471,1316190
2016-06-16,127.7982,129.1138,125.8635,127.9626,2788392
2016-06-17,127.953,128.456,127.1887,128.0207,2039367
2016-06-20,129.2686,129.9264,127.7498,128.3883,2068799
2016-06-21,129.0171,129.0751,127.063,127.1597,2065687
2016-06-22,127.0146,127.0146,124.1802,124.5188,3640296
2016-06-23,125.5152,126.0376,123.5515,124.4705,3328515
2016-06-24,120.7461,123.3386,119.6723,122.2552,3111716
2016-06-27,121.2395,121.2395,118.8985,120.7751,2311359
2016-06-28,122.0907,123.8997,121.3072,122.9033,2646843
2016-06-29,123.5805,127.2178,123.1742,127.1887,2420347
2016-06-30,126.5987,127.8369,126.0424,127.0533,2307478
2016-07-01,126.9662,128.1174,126.0666,127.3725,1222738
2016-07-05,127.3532,127.6047,125.9215,126.5696,998030
2016-07-06,126.0182,128.456,125.6023,127.8079,1707065
2016-07-07,128.1174,128.1271,124.3544,125.2153,2008275
2016-07-08,126.0376,128.5334,124.5382,127.8369,1721657
2016-07-11,127.982,128.2238,126.0666,127.2661,1382223
2016-07-12,127.7498,128.1271,127.121,127.5757,1083796
2016-07-13,128.0981,129.4524,127.6724,129.375,1509518
2016-07-14,130.0812,130.2746,129.1428,129.5394,828864
2016-07-15,130.1392,131.5225,129.3363,129.9264,1207131
2016-07-18,130.3133,130.8792,129.7619,130.5939,1060589
2016-07-19,129.3943,130.2059,125.757,127.7498,2669987
2016-07-20,128.7365,132.0256,128.3883,131.0485,1831331
2016-07-21,130.1876,136.0304,129.7813,134.4633,3674782
2016-07-22,135.1695,138.5069,134.5987,138.2747,2631711
2016-07-25,137.9748,138.2747,135.2082,135.4113,2141657
2016-07-26,134.8696,135.5129,132.6156,133.0993,2712669
2016-07-27,129.1428,133.4814,127.6918,129.4911,3379835
2016-07-28,128.8042,129.8587,127.7401,128.5624,2531004
2016-07-29,127.6531,128.6301,126.9179,127.0533,1916186
2016-08-01,127.1694,127.3774,123.1742,123.4451,2633809
2016-08-02,123.803,124.7607,121.2104,121.462,3231686
2016-08-03,121.6264,124.6833,121.2975,123.6966,2597356
2016-08-04,123.5224,123.7062,122.0134,122.6808,1409745
2016-08-05,123.5708,124.3737,122.9614,123.6869,1187316
2016-08-08,123.4934,124.1609,122.9323,123.5708,1555785
2016-08-09,123.9094,124.2962,123.387,124.2576,1276975
2016-08-10,123.9868,125.3024,123.416,123.9674,1718644
2016-08-11,124.1802,124.4027,123.4354,124.0158,1412895
2016-08-12,123.832,126.9759,123.4257,125.9408,1968758
2016-08-15,125.4475,125.8731,124.6929,125.0702,1655390
2016-08-16,124.9638,125.5829,123.9771,125.1089,1214270
2016-08-17,125.0799,125.5442,124.572,125.3121,1246693
2016-08-18,124.8381,126.826,124.6349,125.2057,1866642
2016-08-19,124.8671,125.728,124.4705,125.2927,1795170
2016-08-22,125.4765,126.4342,125.1331,125.4862,677838
2016-08-23,125.9989,126.0569,124.7607,124.9058,955513
2016-08-24,125.1476,125.757,123.1935,123.4451,1139916
2016-08-25,123.0775,124.4366,122.8646,122.9614,1396803
2016-08-26,123.1548,123.6869,120.4656,120.8622,1637690
2016-08-29,120.7655,121.2298,120.1077,120.127,2475660
2016-08-30,120.0593,121.5103,119.9529,121.3265,1457507
2016-08-31,121.3652,121.7909,120.1754,120.9976,1236407
2016-09-01,120.8235,121.6167,119.1596,119.3338,1985043
2016-09-02,119.4789,120.2624,119.0049,120.185,1212576
2016-09-06,120.0496,120.8235,119.7207,119.6046,1390256
2016-09-07,120.3145,122.4248,119.7116,122.3859,1916753
2016-09-08,122.24,124.2433,122.24,124.1558,2126475
2016-09-09,123.4361,124.6517,123.0374,123.3973,2052326
2016-09-12,122.911,125.313,122.133,125.0407,1628567
2016-09-13,122.7457,123.5042,120.5382,121.1411,2282261
2016-09-14,120.9758,121.5544,119.1475,119.8963,1879936
2016-09-15,119.8185,121.4523,119.5754,120.9174,1404148
2016-09-16,120.9466,123.2028,120.4604,122.065,1742970
2016-09-19,121.9385,123.2222,121.6954,122.8429,1570073
2016-09-20,122.9888,123.4361,121.5398,122.2984,1773048
2016-09-21,123.0763,125.2061,122.6095,125.0505,1464664
2016-09-22,125.2741,126.0521,124.3177,124.8851,1096265
2016-09-23,124.2822,124.8851,122.9596,123.0763,1224915
2016-09-26,122.5317,122.9985,121.4231,121.6371,1005859
2016-09-27,121.6468,122.8624,120.9758,122.8235,1071363
2016-09-28,123.2125,124.3794,122.7651,123.864,1079114
2016-09-29,123.689,123.689,121.4377,121.4912,1027207
2016-09-30,121.9288,122.3664,120.5965,121.8607,1968246
2016-10-03,121.3064,121.8705,119.2059,119.5171,1777989
2016-10-04,119.8283,120.5382,118.3598,119.0697,1598026
2016-10-05,119.0697,119.1963,117.6402,118.7099,1967847
2016-10-06,118.7683,119.4004,118.2042,118.9822,1519981
2016-10-07,118.9141,119.3615,117.4554,118.5446,1699220
2016-10-10,118.9725,121.5009,118.9725,121.3648,1363028
2016-10-11,121.2481,121.3551,118.2042,118.5446,1281359
2016-10-12,118.6905,119.1281,116.8622,117.5235,1934091
2016-10-13,117.0081,117.9417,116.4927,117.6694,1606591
2016-10-14,117.8444,118.4571,117.4311,117.7569,1280818
2016-10-17,117.0664,117.6208,114.2657,115.0242,3201091
2016-10-18,116.7164,120.3631,116.3663,119.7602,2282934
2016-10-19,119.8477,120.7035,119.2545,120.4215,1170511
2016-10-20,120.3729,122.1136,119.9547,120.616,1238929
2016-10-21,119.663,120.3145,118.5641,120.1006,1228116
2016-10-24,120.8105,121.5009,120.4507,121.0633,851744
2016-10-25,120.9466,121.9969,120.402,121.073,941775
2016-10-26,121.0439,121.5982,120.3729,120.7521,1200446
2016-10-27,120.5868,121.1606,119.3615,120.0908,1352084
2016-10-28,119.7116,119.7407,118.107,118.2723,1948179
2016-10-31,118.9822,119.6143,118.0973,118.5057,1304258
2016-11-01,119.0697,119.0697,113.6628,114.1879,2847729
2016-11-02,114.5234,120.4604,111.6887,119.6046,3477535
2016-11-03,120.0811,121.1508,116.3954,116.7261,2069930
2016-11-04,117.3485,117.9028,115.8897,116.0064,1761661
2016-11-07,117.6986,120.5212,117.0373,120.0908,2221666
2016-11-08,119.7991,123.9127,119.06,123.3486,1806504
2016-11-09,117.0859,126.1591,115.1604,125.2061,4356413
2016-11-10,125.9938,130.2921,125.6728,130.1754,2999445
2016-11-11,129.8739,131.2937,127.7637,130.0004,2669271
2016-11-14,130.117,134.9308,128.9987,134.7849,2130205
2016-11-15,136.1658,138.6943,133.0539,134.6099,2502226
2016-11-16,134.5613,135.5337,134.0993,134.5807,1391497
2016-11-17,134.6391,134.9016,133.122,134.0847,1505348
2016-11-18,133.6082,133.8027,131.284,131.6244,2188565
2016-11-21,132.2565,134.0847,131.9453,133.5791,1204086
2016-11-22,134.4835,137.6683,133.8513,137.4203,2694903
2016-11-23,137.5856,139.7056,136.477,139.6667,1694760
2016-11-25,139.6667,141.213,138.8888,140.7559,1231477
2016-11-28,140.0946,141.1935,138.8013,139.2972,1934304
2016-11-29,139.7737,142.0688,138.6359,141.2811,1999567
2016-11-30,141.5047,141.5047,138.1302,138.6067,2535083
2016-12-01,139.0951,142.8466,138.5481,141.8208,2545361
2016-12-02,141.6645,144.0286,141.3323,141.7524,1418118
2016-12-05,141.7133,142.1725,139.4762,140.7657,1858940
2016-12-06,141.1076,141.5765,139.6129,140.2382,1019479
2016-12-07,140.2284,142.2409,139.4175,141.8501,1435730
2016-12-08,141.9087,144.097,140.2969,143.2276,960552
2016-12-09,143.6086,143.6086,141.0295,142.5144,1060397
2016-12-12,141.8696,142.6219,139.4078,142.4265,1342905
2016-12-13,143.0322,143.8528,141.7231,143.1983,1075417
2016-12-14,143.2276,143.2276,140.4531,141.3519,1201393
2016-12-15,142.0259,142.1139,139.8865,140.3554,1429416
2016-12-16,141.0197,142.5046,140.287,142.1041,1874814
2016-12-19,142.446,143.589,140.9855,141.5375,966450
2016-12-20,142.1432,144.8395,141.5961,144.2533,1449346
2016-12-21,143.5206,144.0775,140.8243,141.6352,960508
2016-12-22,141.8892,142.1041,140.541,141.2444,947735
2016-12-23,141.4886,142.6707,140.6778,142.6512,428757
2016-12-27,142.6512,143.7453,142.0552,142.319,361097
2016-12-28,142.3874,143.2178,140.6875,140.9318,950363
2016-12-29,141.4105,142.5784,141.0002,141.4202,571437
2016-12-30,141.5375,142.1432,139.8083,140.4531,1086082
2017-01-03,141.2053,141.4398,137.2585,139.9353,1525954
2017-01-04,139.3882,140.5312,137.6108,139.7497,1250510
2017-01-05,139.7302,142.5242,139.7008,141.2346,1645953
2017-01-06,141.049,141.4202,139.9744,141.0197,1105617
2017-01-09,139.9353,140.4238,139.1733,139.4957,907110
2017-01-10,139.1049,144.0873,138.763,142.9638,1637627
2017-01-11,142.8172,143.3546,140.668,142.4656,950438
2017-01-12,141.43,144.9665,141.0099,144.7711,2013817
2017-01-13,144.947,146.129,144.0091,145.1033,1405200
2017-01-17,143.7942,144.6343,141.9576,143.3643,957020
2017-01-18,144.0189,144.439,142.6023,143.8235,1760089
2017-01-19,143.5597,146.4905,141.1076,144.693,2091115
2017-01-20,145.582,148.4834,145.5624,147.1548,1961405
2017-01-23,146.5393,147.1255,143.3936,146.6957,2051403
2017-01-24,146.5393,149.0305,145.3719,146.764,1609518
2017-01-25,147.272,151.043,147.272,150.1638,1967162
2017-01-26,149.5483,150.2419,148.4151,148.884,1434797
2017-01-27,149.519,150.6815,148.5127,149.8121,1760272
2017-01-30,150.8867,150.916,148.6495,150.6229,2243732
2017-01-31,150.8085,151.3947,148.2685,150.5838,2684124
2017-02-01,151.424,157.0804,150.8085,157.0804,4345162
2017-02-02,156.3086,156.6115,153.0457,154.0226,2522642
2017-02-03,154.9214,158.0671,154.6668,155.4099,1988812
2017-02-06,155.0386,156.2989,152.567,153.1922,1575069
2017-02-07,153.7686,155.5466,151.7659,154.9312,2059162
2017-02-08,154.1203,155.4391,153.1922,154.9409,1767753
2017-02-09,155.0972,158.7412,154.1008,157.9499,2565124
2017-02-10,158.6337,158.7314,156.4943,158.5751,1341821
2017-02-13,159.2199,160.4313,157.2856,159.7474,1383946
2017-02-14,158.8487,162.053,156.9046,159.552,4396706
2017-02-15,159.2687,160.8709,158.028,158.9366,3009298
2017-02-16,158.2527,160.3531,156.5919,159.9917,2085747
2017-02-17,158.0476,159.4837,155.9569,156.5529,2302818
2017-02-21,157.0316,160.6853,156.5822,160.4313,2211958
2017-02-22,159.3078,160.5768,158.7803,159.5032,1129651
2017-02-23,160.1675,160.5192,159.4446,160.1382,845925
2017-02-24,159.9526,160.1187,157.4712,160.0503,956006
2017-02-27,159.6204,161.6427,159.0929,161.1054,1461475
2017-02-28,160.4508,161.3789,159.3664,161.0174,1642817
2017-03-01,162.3363,165.2964,162.2679,163.1178,2423578
2017-03-02,162.9615,163.7821,161.7794,162.1409,1232802
2017-03-03,162.0237,162.561,161.3007,162.1702,992400
2017-03-06,160.91,162.4926,160.2164,162.0139,2218751
2017-03-07,161.5254,163.1081,161.4326,162.18,1689004
2017-03-08,162.7978,163.2686,162.1456,162.4643,949562
2017-03-09,162.8076,163.9257,162.1211,162.9841,2008388
2017-03-10,163.4647,164.367,162.1897,163.2097,1098066
2017-03-13,162.994,164.2591,162.4643,164.0238,1520543
2017-03-14,162.7782,163.9845,160.0516,162.0034,1279434
2017-03-15,162.8076,167.5055,162.0034,165.9461,1953889
2017-03-16,165.9461,166.5345,163.4059,165.1811,1993145
2017-03-17,165.5243,165.897,163.8472,165.034,1605405
2017-03-20,165.083,165.2007,163.4451,164.367,1268864
2017-03-21,164.9947,165.2595,162.9841,163.7786,1529233
2017-03-22,163.8864,164.5632,162.2702,163.2391,1309624
2017-03-23,163.2391,163.7295,161.6807,162.1995,1899224
2017-03-24,162.6899,163.8668,158.4334,159.6201,2199208
2017-03-27,157.4232,159.218,155.6137,159.0709,2355785
2017-03-28,158.5805,161.8563,158.5707,161.4345,1324880
2017-03-29,161.209,162.582,160.8461,161.8072,1019853
2017-03-30,161.6797,164.6024,161.513,163.8668,1055845
2017-03-31,163.3863,163.7589,161.7582,162.1995,1287738
2017-04-03,162.9547,164.3964,162.1701,163.2882,1489162
2017-04-04,163.4255,164.2199,161.6797,162.5134,858796
2017-04-05,163.0626,163.6413,161.3953,161.5816,1046037
2017-04-06,161.464,163.0234,160.7186,162.7291,1002187
2017-04-07,162.229,163.7001,161.9053,163.0626,1094613
2017-04-10,163.1803,165.4753,163.146,164.2199,1055973
2017-04-11,163.7295,164.3572,162.5428,164.2101,1042860
2017-04-12,163.4451,164.1316,162.0622,163.2293,1075724
2017-04-13,162.7488,163.1999,161.4836,161.817,1264155
2017-04-17,162.327,164.0924,161.7386,163.7295,900827
2017-04-18,166.7307,166.9072,162.4643,163.1705,966361
2017-04-19,163.9943,164.3768,162.6312,163.5824,1069546
2017-04-20,163.7197,166.1814,163.1509,164.8378,1761548
2017-04-21,164.7691,165.5243,163.298,164.573,1225081
2017-04-24,166.0343,166.6228,164.9359,165.1713,1004279
2017-04-25,166.7307,169.9427,166.2697,169.1434,2201367
2017-04-26,170.7714,176.5482,170.6547,175.587,3561085
2017-04-27,176.8032,180.9022,174.4297,174.8711,2621904
2017-04-28,173.037,175.7047,172.4486,174.4689,1741145
2017-05-01,175.0672,176.1853,173.4489,175.7538,1203788
2017-05-02,176.2245,177.8624,174.8024,177.7839,1237690
2017-05-03,177.0974,178.4509,176.0284,176.4795,1297565
2017-05-04,177.2053,177.9605,175.6361,176.4305,980653
2017-05-05,177.3426,178.0095,175.7685,176.8326,1214981
2017-05-08,177.1661,177.9016,175.6459,176.3716,826441
2017-05-09,176.2736,177.1366,174.1453,174.312,2222456
2017-05-10,174.4984,176.8228,174.0963,176.6659,1233085
2017-05-11,176.6364,179.8436,175.4301,179.2061,1782203
2017-05-12,177.7839,180.2555,177.2455,177.9507,1000458
2017-05-15,177.2445,179.2747,176.1461,178.7941,1363081
2017-05-16,178.6764,179.0491,176.1166,177.3328,1321267
2017-05-17,175.8813,177.1955,172.6349,172.733,1938485
2017-05-18,172.7134,175.0672,171.8013,173.292,1354568
2017-05-19,173.5961,174.6161,172.4878,173.0174,1900050
2017-05-22,173.498,173.6353,171.5953,173.1057,1661553
2017-05-23,173.0959,174.4788,172.2818,174.2924,1709918
2017-05-24,174.8024,177.7447,173.802,176.6168,1427981
2017-05-25,176.8326,179.0099,176.6855,178.0095,1426430
2017-05-26,178.4312,179.6082,177.1268,179.5591,897951
2017-05-30,178.2057,181.4422,177.372,179.7945,1513116
2017-05-31,180.2849,180.5497,177.7643,178.8432,1807554
2017-06-01,179.2747,184.3845,179.1717,184.0805,1930836
2017-06-02,183.5312,184.6591,182.2857,183.9726,1230471
2017-06-05,183.747,184.2668,182.4328,183.0997,928616
2017-06-06,182.9036,185.5418,182.4818,184.0412,1303347
2017-06-07,184.2873,186.3049,183.6181,185.3502,1578702
2017-06-08,185.1239,186.0096,183.6771,184.6219,1613087
2017-06-09,185.3896,185.7045,183.2736,183.9625,1880564
2017-06-12,184.2578,184.3464,180.203,183.7854,1804290
2017-06-13,183.7755,184.7007,182.4764,184.1987,1107994
2017-06-14,184.5432,186.0874,184.1987,185.7833,777040
2017-06-15,184.3168,186.3935,184.1495,185.7636,792347
2017-06-16,186.3639,187.2497,185.488,186.9544,1864260
2017-06-19,187.3186,189.7987,186.9446,189.6904,1992493
2017-06-20,189.2082,190.0743,188.1453,188.9622,1806946
2017-06-21,189.2869,190.6057,187.9386,189.031,2080020
2017-06-22,189.0901,191.8556,189.0901,190.3006,2159897
2017-06-23,190.9699,190.9699,186.9052,187.1611,3143653
2017-06-26,187.1906,187.791,183.8346,185.1731,2230828
2017-06-27,185.7242,186.4033,183.687,184.4448,1418107
2017-06-28,185.6061,186.0982,184.4349,184.9467,1712343
2017-06-29,185.8718,185.985,183.5393,184.2086,1306020
2017-06-30,184.5235,185.862,184.0413,185.1534,2034167
2017-07-03,186.2163,188.1551,185.3699,186.6001,815314
2017-07-05,186.4919,188.8834,186.1966,188.224,1397565
2017-07-06,187.978,188.0173,186.2065,187.2694,1111229
2017-07-07,187.978,189.1984,187.0036,188.5783,780722
2017-07-10,187.9288,189.6314,187.5351,189.0803,1006583
2017-07-11,188.4504,189.6117,187.7221,189.0606,1206717
2017-07-12,189.3854,191.3045,188.598,190.4778,1283855
2017-07-13,190.3203,190.8223,188.1158,189.5035,1245284
2017-07-14,189.4346,190.094,188.4996,189.5133,1124539
2017-07-17,189.6216,189.7101,188.5685,189.0507,942275
2017-07-18,189.6216,190.1924,185.0353,186.4525,1842121
2017-07-19,186.8068,188.1748,186.5214,187.2792,1042758
2017-07-20,187.171,188.3618,186.7232,187.6729,1250670
2017-07-21,187.0922,188.1207,186.984,187.6335,1227876
2017-07-24,187.9485,188.5685,186.797,187.978,1139394
2017-07-25,188.9622,189.7495,187.2792,187.5646,1712412
2017-07-26,178.3232,184.6406,176.719,182.0631,2605064
2017-07-27,181.6103,182.0139,179.1597,180.6163,1824028
2017-07-28,180.764,185.3601,179.4452,184.8188,1301064
2017-07-31,184.8483,185.2223,183.185,183.2638,1366784
2017-08-01,189.4542,189.4542,186.8582,187.4662,967628
2017-08-02,183.5393,186.8855,183.0768,185.9604,1260473
2017-08-03,186.2852,188.7948,185.9703,188.411,1155301
2017-08-04,189.4542,189.4542,186.8582,187.4662,967628
2017-08-07,187.3186,188.5094,186.2655,187.5941,811279
2017-08-08,187.476,190.3006,186.5214,188.9425,1226864
2017-08-09,188.9031,190.1038,188.0469,189.7987,827753
2017-08-10,188.9129,190.0251,186.5312,186.7182,1224446
2017-08-11,187.4859,187.7319,185.9309,186.4328,1212413
2017-08-14,187.2103,189.1787,187.2103,188.2831,939735
2017-08-15,188.9622,190.4187,188.3224,189.9365,864469
2017-08-16,190.6353,191.5013,189.9906,190.2908,841566
2017-08-17,190.2121,190.8813,188.5488,188.9228,822190
2017-08-18,189.405,189.405,187.6827,187.9977,1061167
2017-08-21,188.2732,190.0951,188.0567,189.9168,1261657
2017-08-22,189.9168,193.3713,189.031,191.8655,1548506
2017-08-23,191.1667,192.2198,190.6254,192.1411,1114140
2017-08-24,189.7397,191.6982,189.72,190.7632,1116706
2017-08-25,190.527,191.4718,189.5428,189.6314,1421023
2017-08-28,189.9857,191.4718,189.6511,190.4187,1576667
2017-08-29,189.7397,191.6982,189.72,190.7632,1116707
2017-08-30,190.4581,190.7927,188.4504,188.4701,1892414
2017-08-31,189.6609,193.2138,189.3657,192.9382,2436990
2017-09-01,192.9382,194.444,192.5544,194.3062,916443
2017-09-05,193.3122,195.8317,192.5642,194.0602,1469555
2017-09-06,194.4736,194.9952,189.4641,190.5861,1825531
2017-09-07,190.5861,191.564,189.5292,190.2799,1160939
2017-09-08,190.349,192.6209,189.9836,191.4751,1254615
2017-09-11,192.7591,193.737,191.5146,193.5493,1375444
2017-09-12,193.4901,193.4901,185.6967,186.9215,2707897
2017-09-13,187.0895,189.6379,186.4573,187.3957,1340168
2017-09-14,187.2574,187.6722,184.304,184.4621,1988576
2017-09-15,184.0176,185.5881,182.4174,184.304,2608735
2017-09-18,184.8868,185.2226,182.7137,182.7335,1868039
2017-09-19,184.2151,184.2151,178.7134,179.2171,3737834
2017-09-20,179.1677,181.2815,177.2021,181.242,3070549
2017-09-21,180.8666,182.1804,179.9184,181.2519,1637071
2017-09-22,181.2519,183.5039,178.4961,180.6197,2244287
2017-09-25,180.7679,183.1385,178.9208,179.2764,2044861
2017-09-26,180.0172,182.7039,179.8616,182.0223,1819655
2017-09-27,182.5162,184.5806,181.242,184.1657,1608418
2017-09-28,183.6719,187.8105,183.257,187.4549,2457575
2017-09-29,187.0697,187.613,185.5066,187.5537,1259258
2017-10-02,188.8674,189.4304,187.6722,188.7686,1519955
2017-10-03,188.8477,191.0108,188.5069,190.8627,1030592
2017-10-04,191.1294,192.4826,190.8627,191.0503,973402
2017-10-05,191.0405,191.6726,189.4205,190.5565,1187759
2017-10-06,190.7046,191.7615,190.3095,190.8528,848050
2017-10-09,190.4577,191.1195,187.6031,188.4032,1367420
2017-10-10,188.0081,188.3538,185.0646,186.3289,1128238
2017-10-11,186.4672,188.0081,185.2523,187.5636,1058758
2017-10-12,188.2353,188.5118,186.2795,187.4154,1646330
2017-10-13,183.2274,184.709,180.0764,181.5778,3279980
2017-10-16,181.084,183.099,180.4715,181.5087,1366146
2017-10-17,181.9038,187.2277,181.4395,184.9658,2025711
2017-10-18,188.0476,196.7892,187.6821,189.4403,3293369
2017-10-19,188.9267,190.9516,185.4498,190.833,2270544
2017-10-20,191.396,194.5371,191.317,192.3048,1235030
2017-10-23,192.1665,195.0705,190.9565,193.2431,1028084
2017-10-24,193.4111,194.1222,191.643,192.8579,1963828
2017-10-25,197.5497,207.1704,197.3028,203.2392,3403583
2017-10-26,203.4762,207.3383,202.7259,204.3751,2114835
2017-10-27,204.464,209.4027,203.412,208.7508,2219506
2017-10-30,208.415,209.4718,206.0839,206.8938,1442871
2017-10-31,207.0914,207.4272,204.4442,206.6469,1266356
2017-11-01,207.4568,208.3952,206.1135,206.963,1857757
2017-11-02,207.6248,208.7705,205.8468,208.01,1087549
2017-11-03,208.0791,210.8349,206.6864,209.2052,1177204
2017-11-06,210.9831,217.3047,210.5584,213.65,2516193
2017-11-07,214.7563,218.0455,211.8523,214.8057,1681881
2017-11-08,213.6599,216.1984,212.5339,214.213,1149394
2017-11-09,213.1068,214.4501,210.6769,213.3339,916411
2017-11-10,213.4821,216.2972,212.3166,215.5959,1835381
2017-11-13,214.5192,217.117,214.134,215.7836,2432975
2017-11-14,215.3292,216.8009,213.2895,215.7737,1316113
2017-11-15,214.8946,216.4552,214.2624,215.5267,1190714
2017-11-16,215.0427,219.4876,215.0427,218.1838,1459629
2017-11-17,217.8677,219.5173,217.4529,218.1245,1204231
2017-11-20,218.2924,218.9147,215.3391,216.8108,1304107
2017-11-21,218.1739,218.9345,216.6034,217.3244,1559539
2017-11-22,217.1664,218.3221,216.5935,217.7195,1215697
2017-11-24,217.9665,218.7567,217.1565,217.6899,443214
2017-11-27,218.1048,218.5048,216.7022,217.3343,2132475
2017-11-28,218.0653,219.8531,216.554,219.5568,1712005
2017-11-29,220.0408,227.6365,219.942,224.5251,2198479
2017-11-30,224.6437,233.1482,223.9522,232.0814,4622425
2017-12-01,232.6148,233.4939,224.3078,229.4935,2742178
2017-12-04,231.4453,231.4453,222.7268,222.8655,1856553
2017-12-05,222.8655,223.0142,220.2599,221.4191,1870448
2017-12-06,222.2315,222.2315,220.1906,220.6463,1013028
2017-12-07,220.5769,222.6575,220.4432,221.5677,1222394
2017-12-08,223.5491,224.0544,222.0333,222.7665,981335
2017-12-11,223.5095,225.5702,222.9943,223.9256,1401901
2017-12-12,224.0643,226.9672,223.0439,226.6303,2179499
2017-12-13,227.6112,230.7914,226.2439,229.9097,2604697
2017-12-14,229.7066,230.3753,224.0247,225.0154,1937513
2017-12-15,225.0551,226.9573,223.668,224.1139,3398367
2017-12-18,226.6105,227.2941,222.4593,224.9164,1441532
2017-12-19,224.7479,226.9969,223.3609,225.8774,1134317
2017-12-20,226.8384,229.0378,225.6693,225.808,1109883
2017-12-21,225.9963,226.7393,222.8755,222.9943,934743
2017-12-22,223.9157,224.7182,221.5958,223.5095,1215518
2017-12-26,223.5789,224.8272,222.925,223.3411,441253
2017-12-27,224.1139,224.2427,222.0432,223.1529,1237411
2017-12-28,224.104,225.2829,222.9151,224.9362,703418
2017-12-29,225.699,226.3825,222.7169,222.925,857906
2018-01-02,222.9151,224.5003,221.6767,223.9058,1291425
2018-01-03,225.7585,227.418,222.9745,227.0266,1302278
2018-01-04,227.4725,229.2657,226.7393,228.0768,1062980
2018-01-05,228.057,232.3667,227.7499,232.1685,1427607
2018-01-08,231.3264,231.3264,228.587,229.6719,1630822
2018-01-09,229.6719,233.2881,228.8694,232.4856,1777122
2018-01-10,230.9103,232.5945,229.9196,231.7227,851162
2018-01-11,231.8317,234.8039,231.7326,232.8224,1520365
2018-01-12,236.9141,238.1724,235.3686,237.5978,1916549
2018-01-16,238.965,241.5458,238.3507,239.5099,1513841
2018-01-17,240.7582,247.7231,239.9161,246.8413,1712364
2018-01-18,247.9311,247.9311,244.7211,247.3367,1205673
2018-01-19,248.3274,248.3571,247.0345,247.7429,1523463
2018-01-22,247.832,248.585,245.702,248.1788,1267381
2018-01-23,248.1491,248.3571,246.4054,248.1788,1007294
2018-01-24,248.7633,251.5176,247.733,250.6457,1472839
2018-01-25,250.5665,252.0496,247.9014,249.0209,1075777
2018-01-26,249.0209,256.1344,247.7924,255.7975,1213291
2018-01-29,254.3114,256.6397,253.6972,254.6384,1975854
2018-01-30,241.5508,247.1583,237.2609,241.1842,4527895
2018-01-31,257.7988,265.4671,242.5514,245.5533,4063338
2018-02-01,245.1273,246.6134,239.6684,241.6697,2001670
2018-02-02,239.8071,241.5805,236.4089,236.9637,1380018
2018-02-05,235.9036,237.4442,225.699,228.3146,2016395
2018-02-06,223.7275,234.1599,222.5287,232.654,2347075
2018-02-07,231.7128,238.4498,230.5536,236.2305,2312331
2018-02-08,235.8144,238.0238,228.2849,228.4335,2362384
2018-02-09,230.1375,231.267,223.2519,229.5629,2597160
2018-02-12,230.5239,232.2775,228.3245,230.6131,1790861
2018-02-13,228.6911,232.654,227.2347,231.2868,1397867
2018-02-14,229.5629,233.5457,229.3152,232.8422,1500188
2018-02-15,234.903,234.903,227.2059,229.9097,1532815
2018-02-16,229.2161,234.1104,229.2161,232.8422,1086638
2018-02-20,231.1184,232.6738,229.4737,230.0682,998789
2018-02-21,230.8409,233.2583,229.8502,229.8799,967000
2018-02-22,231.1084,232.9908,229.8502,231.5146,1023480
2018-02-23,232.8026,233.3772,230.6725,233.0602,1052677
2018-02-26,233.2484,236.4485,232.1784,236.0126,974303
2018-02-27,236.6665,238.5389,234.8435,235.0119,1341496
2018-02-28,235.2695,237.469,233.1593,233.1989,1593652
2018-03-01,232.4757,234.4522,227.1752,229.8898,1498414
2018-03-02,228.7406,231.6038,227.1851,230.9202,989788
2018-03-05,229.6818,230.7518,226.3232,229.8898,1244494
2018-03-06,230.1573,231.2273,227.9183,230.5933,991771
2018-03-07,228.5028,230.0087,227.8588,229.7115,972972
2018-03-08,230.5863,230.7304,225.9843,227.4056,1998743
2018-03-09,229.0456,231.8784,226.8192,231.3914,1957225
2018-03-12,230.795,231.3218,227.8628,228.4691,1961969
2018-03-13,229.5525,230.4869,225.8948,228.827,1783273
2018-03-14,229.155,229.5824,226.7297,227.6442,1670607
2018-03-15,228.002,229.965,226.9981,228.6083,1378584
2018-03-16,229.3935,229.5227,226.6204,226.7297,1834702
2018-03-19,226.7993,227.7634,224.8213,226.6105,1088814
2018-03-20,227.0677,229.5128,226.4713,228.5884,1326075
2018-03-21,228.2604,228.2604,224.6126,224.6226,1316318
2018-03-22,223.4199,224.2449,216.989,217.5258,1571904
2018-03-23,217.8239,219.4043,214.2159,214.3252,1481728
2018-03-26,216.2634,220.0007,216.2634,219.7423,1594076
2018-03-27,220.3983,222.3663,216.8399,218.1122,1338758
2018-03-28,218.8775,221.7103,218.2166,220.1398,1509718
2018-03-29,221.3127,222.1277,218.0426,218.3706,1633991
2018-04-02,220.0206,223.2807,216.174,218.798,1935804
2018-04-03,220.4082,226.9583,218.9074,226.1334,1648448
2018-04-04,223.0422,227.6143,222.8136,227.0379,1572156
2018-04-05,227.9523,229.9104,226.2626,229.3339,1227390
2018-04-06,227.2068,228.7773,221.0791,223.4199,1786025
2018-04-09,224.2846,226.3818,221.2431,221.5214,2151672
2018-04-10,223.7379,224.8114,221.591,223.5889,1417621
2018-04-11,221.9588,223.2211,218.0128,218.9869,1355014
2018-04-12,220.5772,222.8335,218.9968,219.126,2027268
2018-04-13,220.2094,222.3166,220.1001,220.6766,987525
2018-04-16,222.4856,225.2686,220.9946,223.9069,1195665
2018-04-17,226.6602,230.5067,225.5966,228.1312,2355286
2018-04-18,228.5984,230.1489,227.1174,229.2544,1089769
2018-04-19,229.3935,229.7712,225.537,226.2924,1011060
2018-04-20,226.9782,228.3697,223.9666,224.7021,1129901
2018-04-23,225.3879,227.1174,224.1554,225.8252,1071269
2018-04-24,226.4713,227.8628,222.1918,223.6386,2278188
2018-04-25,228.6083,238.0011,221.8296,237.3948,3849489
2018-04-26,240.0884,244.3127,234.7807,235.5659,3899333
2018-04-27,235.4069,238.7366,234.1843,237.7029,2773210
2018-04-30,238.2595,239.8697,234.1247,234.5621,1472573
2018-05-01,234.403,236.5003,231.6597,234.1048,1261074
2018-05-02,232.8326,233.5142,227.4255,227.7933,1743183
2018-05-03,228.2306,229.9004,222.7738,229.3736,1685701
2018-05-04,228.6083,232.3903,226.3073,231.7691,1089160
2018-05-07,231.7392,232.2263,226.7099,227.8728,1427821
2018-05-08,226.7993,227.9026,222.0582,222.744,1415740
2018-05-09,223.3503,223.4099,218.629,220.4281,1529175
2018-05-10,221.5214,225.0897,220.438,224.3045,1289004
2018-05-11,224.1952,231.7492,223.3801,230.6459,1866376
2018-05-14,231.5504,233.2699,228.5188,230.9043,1769048
2018-05-15,230.5863,232.7034,228.6779,229.473,975817
2018-05-16,229.811,231.938,228.9761,230.9938,818874
2018-05-17,230.7254,231.5901,229.4631,230.3875,976048
2018-05-18,230.1688,231.0435,229.3836,230.467,899921
2018-05-21,231.2124,232.9717,231.2124,232.2362,644578
2018-05-22,232.0076,233.6476,230.6757,232.5145,919595
2018-05-23,231.938,232.8624,228.6083,230.6558,907214
2018-05-24,230.9441,230.9441,227.664,229.2245,678364
2018-05-25,229.6321,232.2958,228.7375,230.9838,795573
2018-05-29,228.6679,230.1887,226.4315,227.9026,924475
2018-05-30,228.8767,231.0435,227.6143,230.1787,896817
2018-05-31,230.0296,230.0296,219.9212,220.0802,2424492
2018-06-01,221.432,222.413,219.464,220.1597,1697730
2018-06-04,221.2133,224.0958,220.0852,223.8771,1237643
2018-06-05,223.897,227.1174,223.3404,226.4912,1253834
2018-06-06,226.2129,227.2168,224.1952,226.4812,1099727
2018-06-07,227.2191,229.8617,226.6307,228.9543,1448639
2018-06-08,228.9942,229.1437,226.182,227.6678,1016783
2018-06-11,227.4784,233.5714,226.1221,231.6867,1458931
2018-06-12,231.3277,232.0058,225.6036,231.0385,1464504
2018-06-13,231.8562,236.2939,231.3576,235.6457,1709283
2018-06-14,236.3039,241.9482,236.2299,241.0706,2480986
2018-06-15,240.3726,244.9748,239.146,244.4812,2479649
2018-06-18,244.0424,246.1366,242.357,243.3643,1614372
2018-06-19,241.649,244.7903,241.5393,243.813,1362079
2018-06-20,243.3244,244.89,242.013,243.2745,1268408
2018-06-21,243.2745,244.162,240.6717,242.4069,804319
2018-06-22,242.4069,245.618,240.8811,244.1421,1181186
2018-06-25,243.2147,244.7654,240.941,242.6662,1204654
2018-06-26,242.2274,243.7233,240.0435,240.6019,1125666
2018-06-27,240.6019,242.9005,238.3083,239.8739,1094639
2018-06-28,238.9764,239.2656,232.8335,238.6075,1602460
2018-06-29,238.8368,241.3698,237.1316,237.3709,1184721
2018-07-02,237.3111,237.7897,234.7282,237.6102,698015
2018-07-03,238.2185,239.4551,236.962,238.069,569130
2018-07-05,239.0562,241.0906,237.5105,239.3853,703346
2018-07-06,239.5847,242.1277,238.8867,241.4795,803046
2018-07-09,239.7144,248.3604,239.3255,248.0014,1607248
2018-07-10,249.3077,249.8812,248.0113,248.8291,1262934
2018-07-11,248.3305,251.3521,246.7648,248.8889,922327
2018-07-12,250.1654,251.7111,249.2778,249.8861,1451722
2018-07-13,249.4873,250.2298,249.0186,249.8163,1015952
2018-07-16,249.7366,249.7366,246.8147,247.5925,1027848
2018-07-17,242.8557,246.336,241.3299,245.3487,1388096
2018-07-18,245.4185,248.7194,245.1692,247.9415,1090753
2018-07-19,247.8817,248.5399,245.8673,247.9515,947609
2018-07-20,245.4784,248.5997,245.3288,247.8318,864192
2018-07-23,247.7022,250.3947,247.0041,248.141,1012352
2018-07-24,248.7393,249.3077,244.531,245.3986,1468445
2018-07-25,246.7149,248.0562,239.6246,247.2435,2442566
2018-07-26,248.8391,250.4845,245.9371,246.3958,999447
2018-07-27,247.2235,249.1781,246.0867,248.7892,1056433
2018-07-30,248.5399,253.182,248.5399,251.5116,1520602
2018-07-31,251.2623,252.9676,250.4795,252.2994,1336643
2018-08-01,254.2939,255.6701,249.3202,251.5715,1328436
2018-08-02,250.6939,256.3681,250.6042,255.8197,938842
2018-08-03,255.8296,257.874,253.7155,257.2357,767482
2018-08-06,256.428,258.4922,256.2186,257.4152,808692
2018-08-07,257.4152,258.8413,257.0463,257.2557,591417
2018-08-08,258.0634,260.1477,256.6573,259.8186,772325
2018-08-09,259.7388,262.5061,259.7388,260.4069,697132
2018-08-10,259.5194,261.4141,258.428,259.3199,700464
2018-08-13,260.1277,263.8175,259.3299,262.2119,913581
2018-08-14,262.4413,265.2634,262.2817,264.2363,931436
2018-08-15,263.1792,264.326,261.5597,263.4385,913749
2018-08-16,264.9144,267.2978,263.7516,265.792,1073732
2018-08-17,266.1809,266.5549,263.1294,263.2191,940075
2018-08-20,263.2191,263.2291,261.6834,262.4413,870136
2018-08-21,262.0623,263.0496,261.1748,261.8729,727735
2018-08-22,262.0823,262.7403,260.0878,262.2119,661241
2018-08-23,262.0623,264.8247,261.6236,263.5482,761859
2018-08-24,263.618,265.2634,263.1593,264.6452,883617
2018-08-27,265.6424,266.131,263.977,265.4928,815482
2018-08-28,266.52,266.9637,265.5626,265.9715,691508
2018-08-29,266.2208,267.3875,265.049,266.3903,650338
2018-08-30,266.2806,266.2806,263.5781,264.2762,769418
2018-08-31,263.5881,264.6511,262.4513,263.997,1149092
2018-09-04,263.4385,265.3731,261.9811,262.9698,1164233
2018-09-05,266.6496,267.5371,264.4856,267.1083,2044965
2018-09-06,267.0385,271.6058,266.3006,270.1399,1502644
2018-09-07,269.87,273.14,269.36,271.9,1824158
2018-09-10,267.73,269.04,261.76,262.59,1984544
2018-09-11,261.94,264.28,260.8,264.17,1294183
2018-09-12,263.75,267.81,263.69,266.34,873736
2018-09-13,267.47,270.88,265.95,270.34,1204380
