date,open,high,low,close,volume
2013-09-16,80.3062,80.3839,79.5057,79.5926,2794698
2013-09-17,80.3428,81.1844,80.0958,80.7362,3331210
2013-09-18,80.5532,81.5778,79.9997,81.3583,2608013
2013-09-19,81.4223,81.5229,80.5532,80.9374,1659421
2013-09-20,81.0015,81.0609,80.1415,80.3702,4750073
2013-09-23,80.05,80.3428,79.5926,79.9311,1810780
2013-09-24,80.05,80.3977,79.2019,79.5926,2051043
2013-09-25,79.8488,80.0958,79.2175,79.2541,2203498
2013-09-26,79.5194,79.588,78.7052,79.126,2030340
2013-09-27,78.8973,79.5011,78.7326,78.9065,1849866
2013-09-30,78.1563,78.3026,77.5342,77.891,2061314
2013-10-01,77.5433,79.4462,77.5433,79.1077,2491715
2013-10-02,78.6411,79.0986,77.7354,78.7418,2725281
2013-10-03,78.7509,79.0986,78.019,78.3392,1662152
2013-10-04,78.2752,79.8579,78.0922,79.5926,1983042
2013-10-07,78.7143,79.739,78.3392,79.4279,1910481
2013-10-08,79.6292,80.0043,78.6594,78.7692,2622125
2013-10-09,79.062,79.1169,77.7171,78.6045,2162275
2013-10-10,79.2449,80.2147,79.0803,80.1598,2005818
2013-10-11,79.4828,80.7911,79.4119,80.4617,1764444
2013-10-14,79.8122,81.7242,79.7115,81.0747,1608618
2013-10-15,80.9832,81.9621,80.6721,81.1753,2721665
2013-10-16,81.4223,83.0142,81.4223,82.5476,2965820
2013-10-17,82.3372,82.9227,82.0444,82.8586,2231506
2013-10-18,83.2254,84.0322,83.042,83.6746,2761441
2013-10-21,83.0695,83.5554,81.4292,82.1434,3557658
2013-10-22,82.3818,83.0695,81.795,82.2443,1799187
2013-10-23,81.8409,82.1434,80.7681,81.3641,1981249
2013-10-24,81.3549,82.7394,81.1165,82.3085,2026030
2013-10-25,82.6202,83.0053,82.3085,82.932,1705582
2013-10-28,83.0053,83.1749,82.5194,82.8494,1757644
2013-10-29,83.0237,83.6267,82.8953,83.2987,1563934
2013-10-30,83.1062,83.6013,80.8781,81.5383,2157668
2013-10-31,81.7033,82.4919,81.1716,81.4191,1951777
2013-11-01,81.5016,82.2443,81.0065,81.8225,2323162
2013-11-04,82.1434,82.8861,81.828,82.8403,1772834
2013-11-05,82.6019,82.6019,81.6208,81.7217,2527311
2013-11-06,82.0609,82.4185,80.438,81.0982,3192725
2013-11-07,81.9417,83.5279,80.8048,81.2266,4677771
2013-11-08,81.4008,82.4277,81.2266,82.336,3248050
2013-11-11,82.5194,82.6752,81.9876,82.3268,2142888
2013-11-12,82.3727,82.6202,81.63,82.2535,3456102
2013-11-13,81.7217,83.3354,81.4558,83.2987,2395533
2013-11-14,83.2162,84.7566,82.9045,84.4723,2914448
2013-11-15,84.5915,85.1233,83.9864,84.8116,2634056
2013-11-18,83.8213,85.4534,83.8213,84.344,2559899
2013-11-19,84.1973,85.4717,84.0047,85.2792,3316924
2013-11-20,85.6551,86.1754,85.0683,85.4351,2539600
2013-11-21,85.7193,86.9571,85.7193,86.1777,2546193
2013-11-22,86.1777,86.8929,85.6459,86.572,2104484
2013-11-25,86.0494,86.2511,84.4908,85.4901,2012484
2013-11-26,85.4901,86.6912,84.9674,85.9485,2588551
2013-11-27,85.6551,85.9393,83.9039,84.3898,2586438
2013-11-29,84.2981,84.6099,83.3171,83.8855,1178289
2013-12-02,83.638,84.2156,83.1612,83.6196,2066809
2013-12-03,83.693,83.748,82.4277,83.0328,2843886
2013-12-04,83.1153,83.6838,82.0976,82.4185,2148162
2013-12-05,82.0793,83.2712,81.7033,82.3727,2759163
2013-12-06,83.3812,83.4821,81.5566,81.6208,2363538
2013-12-09,81.685,82.5469,80.9057,81.5841,2662745
2013-12-10,81.1899,82.0701,80.3922,80.5756,2493115
2013-12-11,80.5756,80.869,78.9802,79.2369,2539248
2013-12-12,78.6318,79.2919,77.9991,78.8793,3522534
2013-12-13,78.6501,79.3103,78.21,78.9985,2618445
2013-12-16,78.971,79.6229,78.5309,78.9802,2636268
2013-12-17,78.5676,78.8243,78.155,78.1917,3413199
2013-12-18,78.2559,78.8518,77.1556,78.7326,2366532
2013-12-19,78.4301,79.5853,78.2467,79.3928,2216961
2013-12-20,79.2553,79.9063,79.2278,79.2278,2967663
2013-12-23,79.8054,80.35,78.7326,78.8152,2217833
2013-12-24,78.9435,79.2919,78.6776,79.0444,822141
2013-12-26,79.3103,79.5395,78.7602,79.1361,1232108
2013-12-27,79.2094,79.8054,78.7427,79.4753,1501396
2013-12-30,79.9154,80.5297,78.9527,78.9985,1635114
2013-12-31,78.9894,79.2369,78.3934,78.7968,2331117
2014-01-02,78.6868,78.8243,78.0817,78.3751,2565384
2014-01-03,78.6685,79.5212,78.2788,78.4301,2259386
2014-01-06,78.6318,79.2782,78.0477,79.1361,2316499
2014-01-07,79.2369,80.6031,78.971,80.5939,2812787
2014-01-08,80.2822,80.3005,79.1819,79.4478,2712796
2014-01-09,79.3011,79.7687,78.3292,78.9344,2141937
2014-01-10,78.806,79.2736,78.5218,79.0352,2389194
2014-01-13,78.806,79.2278,77.0731,77.284,2583829
2014-01-14,77.4765,78.6868,77.4765,78.5676,3453656
2014-01-15,78.7143,78.8885,77.2565,77.4215,2970207
2014-01-16,77.2473,78.806,76.7889,78.7602,3187674
2014-01-17,78.9439,78.9439,77.4551,77.4827,2859104
2014-01-21,77.9146,78.3282,77.4827,77.6481,2090779
2014-01-22,77.8962,78.319,76.6096,77.6849,2444880
2014-01-23,77.354,77.8779,76.4901,76.821,2154438
2014-01-24,76.6464,76.7842,75.4792,75.7457,3194197
2014-01-27,75.2954,75.3598,74.0915,74.6062,3540822
2014-01-28,74.4591,75.9387,74.4407,75.3506,2213418
2014-01-29,74.744,75.277,74.2569,74.4591,2009754
2014-01-30,75.0749,75.084,74.1375,74.6981,1453250
2014-01-31,73.7974,74.3948,73.3747,73.7607,2425471
2014-02-03,73.7607,74.0989,72.3178,72.3546,3198271
2014-02-04,72.8232,73.1036,72.1064,72.1432,3155348
2014-02-05,72.3178,72.4465,71.0495,71.702,3694477
2014-02-06,71.9869,73.6044,71.9502,73.4482,2431559
2014-02-07,73.9445,75.0105,73.7607,74.8083,3529144
2014-02-10,74.8635,74.983,73.779,74.211,2164323
2014-02-11,73.5952,75.1759,72.7681,74.79,2874429
2014-02-12,75.1576,75.3414,74.5326,74.6981,2318672
2014-02-13,73.0898,74.597,72.1707,74.404,5583288
2014-02-14,74.5786,77.0324,74.4867,76.6372,4410727
2014-02-18,76.6648,76.9772,75.8468,76.5729,3364630
2014-02-19,76.5177,78.3833,76.0996,77.2621,3748845
2014-02-20,77.354,77.7308,76.9588,77.5286,2835081
2014-02-21,78.0341,78.9899,77.6849,77.7124,3571131
2014-02-24,78.126,78.8796,77.4276,77.5011,3861329
2014-02-25,77.2529,77.2529,75.5803,76.3615,3982676
2014-02-26,76.288,76.3707,73.3195,73.3563,6759522
2014-02-27,73.1633,73.3839,72.6762,73.1449,4270873
2014-02-28,73.2552,73.6504,72.6486,72.8692,5037795
2014-03-03,72.6027,74.2385,72.5843,73.393,4064791
2014-03-04,73.7423,74.2294,73.0714,73.9628,3578765
2014-03-05,73.6779,73.8608,72.4465,72.6119,3976245
2014-03-06,72.6394,73.3839,72.3821,73.0806,3458071
2014-03-07,73.5033,73.7607,73.1541,73.5677,2125706
2014-03-10,73.3839,74.0823,73.11,73.9812,2781869
2014-03-11,73.972,74.6797,72.9335,73.1081,2187734
2014-03-12,72.5475,73.2184,72.327,72.7773,2444964
2014-03-13,72.8049,73.1357,72.2167,72.5935,2519463
2014-03-14,72.6303,72.9381,72.0513,72.8141,2448642
2014-03-17,73.0622,73.3011,72.6027,72.9427,1569433
2014-03-18,72.9243,73.9628,72.8141,73.5585,2447823
2014-03-19,73.6688,73.7423,72.6027,72.906,1945458
2014-03-20,72.906,73.7147,72.4556,73.5677,1805973
2014-03-21,74.1283,74.7991,73.7882,74.1742,4360483
2014-03-24,74.3396,74.7946,74.1007,74.2294,2203937
2014-03-25,74.7348,75.3506,74.6338,75.2954,3133435
2014-03-26,75.5803,75.8101,74.7991,74.8635,2575047
2014-03-27,74.9738,75.8009,74.597,75.4333,2516075
2014-03-28,75.663,76.6096,75.3965,76.2972,3210431
2014-03-31,77.0508,77.1059,75.7274,76.2328,2506665
2014-04-01,76.0858,77.0324,76.0031,76.9772,3550757
2014-04-02,76.7107,77.6389,76.5269,77.4092,2001219
2014-04-03,77.4827,78.4936,77.3816,78.4477,2834644
2014-04-04,78.898,79.3299,78.2639,78.5488,3032065
2014-04-07,78.1168,78.2914,77.0416,77.2805,3070283
2014-04-08,77.593,78.5763,77.1978,78.2822,2978118
2014-04-09,77.7768,77.8871,75.902,76.8761,4315224
2014-04-10,76.4993,77.2722,76.0214,76.0214,3384889
2014-04-11,75.7549,76.3799,75.2681,75.4425,2919718
2014-04-14,76.2053,76.2788,75.2403,75.8836,3017586
2014-04-15,75.9571,77.0232,75.5803,76.582,3773887
2014-04-16,77.2805,77.8319,76.4259,77.354,3401264
2014-04-17,77.4001,78.5246,77.1881,78.4509,4798124
2014-04-21,78.3495,79.1054,78.1191,79.0869,3190444
2014-04-22,78.6998,79.64,78.1467,79.4556,3000882
2014-04-23,79.4003,81.4098,79.3634,80.7277,5507257
2014-04-24,80.9212,81.4743,80.5433,81.0779,2631462
2014-04-25,80.617,80.995,79.6676,80.4511,3530445
2014-04-28,80.5341,80.7,79.3542,80.0179,2862042
2014-04-29,80.6539,81.7508,80.6263,80.9581,2486648
2014-04-30,80.4235,80.5986,79.6861,80.0087,3681285
2014-05-01,79.981,80.405,79.6031,80.2299,3636180
2014-05-02,80.193,80.9489,79.981,80.1562,1834046
2014-05-05,79.7598,80.4235,79.5755,80.1562,2573259
2014-05-06,80.2115,80.7369,79.6584,79.6584,3547621
2014-05-07,80.2391,81.2346,79.7967,80.8936,3872491
2014-05-08,81.6494,82.9307,80.0363,81.1424,3996718
2014-05-09,81.5757,82.5804,80.9673,81.9352,4973373
2014-05-12,82.2209,83.0505,81.9444,82.9952,3362008
2014-05-13,83.2441,83.5943,82.7832,82.9767,2213994
2014-05-14,83.0044,83.2533,82.7647,82.8385,2700985
2014-05-15,82.8293,82.8293,81.2807,81.9628,3450680
2014-05-16,81.8891,82.1748,81.1148,81.8338,4010074
2014-05-19,81.4263,82.8181,81.3065,82.3388,3648849
2014-05-20,82.0365,83.2348,81.9905,82.7094,2314188
2014-05-21,82.9952,83.3086,82.4399,83.2256,1740121
2014-05-22,83.198,83.6957,82.8293,83.2717,2098514
2014-05-23,83.2625,83.5206,83.0136,83.1242,3204141
2014-05-27,83.2901,83.6865,82.7463,83.2901,1929594
2014-05-28,83.5298,84.765,83.5298,84.5806,4467193
2014-05-29,84.7557,85.9448,84.5437,85.7789,4409630
2014-05-30,85.3457,86.0923,85.0046,85.9264,3762257
2014-06-02,85.8065,86.0278,85.1982,85.3918,1865498
2014-06-03,84.977,85.2811,84.3686,84.8018,3466375
2014-06-04,84.7373,85.5945,84.7373,85.2627,2189857
2014-06-05,85.4286,86.0554,85.0876,85.8803,1914240
2014-06-06,85.5853,87.3735,85.4931,86.9311,4109632
2014-06-09,86.9127,88.1248,86.5439,87.2445,4058679
2014-06-10,87.0694,87.7238,86.7928,87.6132,2533358
2014-06-11,87.2721,88.1202,87.1191,87.945,2331330
2014-06-12,88.2861,89.5489,88.2584,88.7746,3204672
2014-06-13,89.2908,90.0927,88.959,90.019,2778922
2014-06-16,90.2402,90.5813,89.8899,90.5167,2473086
2014-06-17,90.0927,90.572,89.7056,90.3324,3183278
2014-06-18,90.3693,91.9178,90.2402,91.8072,3067162
2014-06-19,91.374,92.5483,91.2357,92.1943,3091000
2014-06-20,92.351,92.9502,91.927,92.8119,4327926
2014-06-23,93.5401,94.3328,93.0977,93.6507,3985233
2014-06-24,93.6691,93.765,90.8025,91.1159,3273670
2014-06-25,91.3463,91.7611,90.5075,91.6044,3205620
2014-06-26,91.8164,91.8994,90.996,91.8902,1947730
2014-06-27,91.6874,92.0376,91.2173,91.9547,2011787
2014-06-30,92.0008,94.005,91.8866,92.7474,3729632
2014-07-01,93.0516,93.5032,92.3049,92.646,1955028
2014-07-02,92.1759,92.6368,91.6228,92.0376,2019999
2014-07-03,92.0376,92.3787,91.6182,92.2036,1086170
2014-07-07,92.5999,92.5999,91.102,91.3002,1945519
2014-07-08,90.8762,91.6505,90.5997,90.7564,2621490
2014-07-09,90.7933,91.9455,90.7656,91.8533,1952727
2014-07-10,90.7195,91.8275,90.2218,91.4569,2202967
2014-07-11,90.996,91.3371,89.7517,89.7793,2191886
2014-07-14,90.2679,91.1712,90.2586,90.8393,1950816
2014-07-15,90.3232,91.0698,89.7056,90.2771,2605452
2014-07-16,90.7933,92.0837,90.7564,92.0561,2525994
2014-07-17,92.1759,93.5585,91.079,91.1712,2912603
2014-07-18,91.5224,91.7072,90.7461,91.0973,2143493
2014-07-21,90.9494,91.1989,90.3867,91.0788,1441459
2014-07-22,95.8471,96.1059,94.461,95.2927,5868310
2014-07-23,95.1633,95.6531,93.7679,95.6254,3972849
2014-07-24,95.5145,95.5237,94.6089,94.8122,3707618
2014-07-25,94.4795,95.5884,93.4815,94.1191,1317339
2014-07-28,93.694,94.2023,93.0009,93.5831,1803254
2014-07-29,93.3244,94.2206,93.0656,93.6293,1934691
2014-07-30,94.4333,94.8584,93.1026,93.6016,2321340
2014-07-31,95.2557,96.6326,94.1644,94.8676,6191450
2014-08-01,92.2986,94.8122,92.1323,94.5257,3933454
2014-08-04,92.2986,94.8122,92.1323,94.5257,3956835
2014-08-05,93.9897,93.9897,90.9772,91.8366,4064709
2014-08-06,91.4022,93.9527,91.3736,92.3633,2386721
2014-08-07,92.8161,93.0194,90.4781,91.0881,2904147
2014-08-08,91.4762,93.0564,91.1481,92.7607,1895275
2014-08-11,92.7791,93.4353,92.1416,92.2894,1887509
2014-08-12,92.0214,92.2801,90.5613,90.9956,2691089
2014-08-13,91.2914,92.4095,90.8247,91.1158,2302263
2014-08-14,91.5316,91.7996,90.2656,90.5059,2861701
2014-08-15,90.9679,91.5871,90.4412,91.1897,3567823
2014-08-18,91.7719,92.2894,90.1917,91.0234,2695135
2014-08-19,91.3283,92.3079,91.3237,91.7349,2441574
2014-08-20,91.7996,92.8438,91.162,92.7237,2447045
2014-08-21,92.428,93.7217,92.0029,93.4537,1887894
2014-08-22,93.2874,93.2874,92.1415,92.2432,1656975
2014-08-25,92.5204,93.9435,92.4372,93.731,1757605
2014-08-26,93.7957,94.766,93.7125,93.8419,2040129
2014-08-27,93.9435,94.5257,93.3521,93.8234,1647059
2014-08-28,93.7494,94.1376,93.3706,93.6755,2163987
2014-08-29,93.158,94.2854,93.158,94.1006,3029757
2014-09-02,94.0914,94.1745,92.0029,92.5574,2349913
2014-09-03,93.6386,94.2577,92.6498,92.7422,2137478
2014-09-04,92.6036,93.2135,90.6537,91.2636,2218834
2014-09-05,90.8016,92.1323,90.8016,91.9752,2536754
2014-09-08,91.3006,91.356,89.9607,90.4966,2198829
2014-09-09,90.4689,91.1065,89.3045,89.7389,2749381
2014-09-10,89.397,89.9699,88.63,89.896,2609381
2014-09-11,88.8055,90.2564,88.5375,90.2194,2090149
2014-09-12,89.8682,90.0993,88.7871,88.9349,1623443
2014-09-15,88.6392,89.9283,87.9923,89.7481,1858901
2014-09-16,89.8867,91.2544,89.7574,90.395,2296255
2014-09-17,90.8108,91.0881,89.9459,90.0993,3594906
2014-09-18,90.4504,90.8108,89.2121,89.6465,1908701
2014-09-19,90.1455,90.5336,89.1844,89.1844,2565982
2014-09-22,88.7963,89.1012,87.0969,87.3455,2601895
2014-09-23,87.2993,88.6854,87.1422,87.8445,1647693
2014-09-24,87.2253,88.2788,85.8484,87.6504,2817588
2014-09-25,87.8168,87.9184,86.2273,86.2273,1892596
2014-09-26,86.2735,87.9461,85.8946,87.4379,1507674
2014-09-29,86.2458,87.7151,85.9224,87.4933,1824648
2014-09-30,87.2438,87.4841,85.793,86.7448,3647322
2014-10-01,86.4861,86.7448,83.8801,84.1389,4988022
2014-10-02,83.224,83.2887,81.0247,82.0042,5087359
2014-10-03,82.0319,82.2999,80.1837,80.3501,4516642
2014-10-06,80.7752,80.7752,79.2504,79.6478,6633680
2014-10-07,78.9732,79.9804,77.7626,77.818,3126003
2014-10-08,77.4114,78.9732,76.6722,78.9454,3927096
2014-10-09,78.3633,78.7237,75.5817,75.6649,3215194
2014-10-10,75.2953,75.9052,73.29,73.8444,4893203
2014-10-13,73.8352,74.593,70.0787,70.1665,5009350
2014-10-14,70.6101,71.4048,68.5124,68.7527,4407840
2014-10-15,67.0061,67.3573,64.0213,67.154,10104736
2014-10-16,65.4521,68.8712,65.2951,67.6699,6225403
2014-10-17,68.7527,69.5936,67.2002,67.3203,6391817
2014-10-20,67.7361,67.9864,66.5399,67.6248,4547756
2014-10-21,68.2553,70.146,68.1904,70.0357,4278783
2014-10-22,69.9893,70.7218,68.45,68.4964,3858283
2014-10-23,69.368,71.2782,69.2011,70.5456,4556840
2014-10-24,70.3231,70.5735,69.1641,70.2953,2237854
2014-10-27,69.0991,69.0991,67.1982,67.7361,4162813
2014-10-28,68.2182,70.184,67.5974,69.7667,4255677
2014-10-29,70.1562,70.6198,68.8673,70.0635,3964748
2014-10-30,69.8687,70.8424,69.164,70.2953,2754165
2014-10-31,70.3695,71.6584,69.164,71.5842,3613765
2014-11-03,72.3445,72.9287,70.6198,70.8424,5192289
2014-11-04,69.9337,70.4715,68.2275,68.8117,5463144
2014-11-05,70.1562,70.6198,68.8673,70.0635,3964748
2014-11-06,68.5984,69.9893,67.4486,69.9522,4763941
2014-11-07,70.286,71.1205,69.6926,70.9536,4094119
2014-11-10,71.5564,71.9273,69.1362,69.6369,3840452
2014-11-11,69.9058,70.2072,68.7189,69.9244,2557153
2014-11-12,69.5349,69.878,68.2924,68.3388,2730079
2014-11-13,67.9679,68.2182,65.7795,66.8273,4141493
2014-11-14,67.0499,68.2831,66.3452,68.0142,4153452
2014-11-17,67.6897,67.7082,66.3823,66.8459,4765586
2014-11-18,66.5677,67.393,66.0299,66.8273,3275068
2014-11-19,67.1333,67.1333,66.2154,66.8088,4645121
2014-11-20,66.985,68.9786,66.6883,68.8395,4667505
2014-11-21,70.286,70.7589,69.2938,70.1933,4970730
2014-11-24,69.9615,70.4066,69.0249,70.2953,5173502
2014-11-25,70.4715,70.6106,67.8751,68.0235,3868850
2014-11-26,67.7732,67.8937,66.7162,66.985,2976463
2014-11-28,63.3687,63.415,59.094,59.4278,5685121
2014-12-01,58.7973,59.2795,57.4899,59.1682,7308964
2014-12-02,58.0833,59.7246,58.0833,58.5191,7966723
2014-12-03,58.9642,60.8095,58.5284,59.6226,6209524
2014-12-04,58.7509,59.5206,58.2131,58.6489,5625970
2014-12-05,57.9442,58.2827,55.7466,57.1561,7447399
2014-12-08,56.4328,56.4699,53.1318,53.2523,7954587
2014-12-09,52.9463,55.0059,52.5383,54.5598,8809122
2014-12-10,53.243,54.3558,52.6681,53.5769,10394267
2014-12-11,53.3821,54.6525,52.7191,52.8907,5948951
2014-12-12,52.0191,53.753,51.7409,52.3343,8017106
2014-12-15,52.8629,53.2801,51.0733,51.1845,9221168
2014-12-16,50.3871,54.7916,50.3871,52.5847,6711995
2014-12-17,52.9834,56.6943,52.8351,55.8208,6591793
2014-12-18,57.7866,58.0462,55.2274,57.629,7964538
2014-12-19,58.3059,60.1975,57.7031,60.1047,6796657
2014-12-22,59.0569,59.6689,58.0833,59.1033,5468070
2014-12-23,59.7153,60.9393,59.4557,60.6704,3659738
2014-12-24,59.9193,59.9378,58.3244,59.3908,2010635
2014-12-26,59.9286,60.2345,58.8993,59.3073,1682924
2014-12-29,59.7709,60.2253,58.6489,59.0106,3408096
2014-12-30,58.7046,59.094,57.8422,58.3893,2521664
2014-12-31,57.7959,58.8437,56.8872,58.1111,3154580
2015-01-02,57.6568,59.5855,57.0355,59.1868,3364446
2015-01-05,57.6475,57.9628,55.2645,55.5519,4813227
2015-01-06,55.3943,56.7759,54.4577,54.9492,4555589
2015-01-07,55.9228,56.0248,53.6974,54.3372,4612123
2015-01-08,55.0697,56.9335,54.4392,56.4421,3657166
2015-01-09,56.8686,56.9243,55.4592,56.2752,3585116
2015-01-12,55.2645,55.2645,53.5676,54.2074,4840614
2015-01-13,54.365,55.0048,53.6881,54.2074,4045928
2015-01-14,53.2801,55.3386,53.2616,55.1996,4503185
2015-01-15,56.5812,56.7481,55.2274,55.6354,5434329
2015-01-16,56.1917,58.0462,55.9228,57.7217,4769442
2015-01-20,56.7907,56.9769,55.087,56.0087,4365489
2015-01-21,56.679,58.3082,56.1111,58.0196,2716151
2015-01-22,58.3641,59.3695,57.1724,59.3602,4532335
2015-01-23,59.0623,60.6543,58.4758,58.541,5480988
2015-01-26,59.0623,60.3843,58.1034,60.0212,3501154
2015-01-27,59.5837,60.8126,59.0344,60.133,3330122
2015-01-28,59.6209,59.6209,56.7255,56.9024,5693680
2015-01-29,57.461,57.7124,55.6083,57.0048,4088070
2015-01-30,56.139,58.7155,55.7294,58.2524,5588483
2015-02-02,59.6116,61.6598,59.2858,61.6598,4331925
2015-02-03,62.7398,63.708,62.4232,63.3635,5682031
2015-02-04,62.0787,63.5311,61.455,62.6653,6044705
2015-02-05,63.317,64.3038,62.926,63.6521,3797946
2015-02-06,63.8942,64.071,62.7118,63.6149,5016225
2015-02-09,63.9594,64.2573,62.5442,62.5815,4410153
2015-02-10,62.2836,62.2836,59.6116,61.6784,7653320
2015-02-11,60.2819,60.524,58.8389,60.2819,6323450
2015-02-12,61.427,62.9073,59.4161,60.1237,7348168
2015-02-13,61.3153,62.4605,60.6636,62.4232,5850551
2015-02-17,61.9112,62.2277,60.9802,62.1812,4554935
2015-02-18,61.2595,62.5908,60.915,61.2129,6854394
2015-02-19,59.1461,62.1812,58.8668,62.0322,5817997
2015-02-20,62.0787,62.6094,61.2688,61.6505,4508966
2015-02-23,60.766,61.856,60.3657,61.6505,4102868
2015-02-24,62.2929,62.7677,61.8181,62.2929,2786774
2015-02-25,62.4232,63.3077,61.8925,63.1494,2746249
2015-02-26,62.5536,62.5536,60.766,61.2036,3952902
2015-02-27,61.4457,61.7343,60.9057,61.2967,4080047
2015-03-02,60.9429,61.3153,60.0864,61.2502,3882651
2015-03-03,61.5388,62.656,61.3433,62.116,3388231
2015-03-04,61.9484,62.1718,60.9802,61.9391,2986651
2015-03-05,62.0601,62.0601,60.6543,60.915,3790454
2015-03-06,60.2447,60.9336,58.3594,58.7737,6164682
2015-03-09,58.6806,58.8445,57.1631,57.1724,3258731
2015-03-10,56.3438,57.0421,55.9993,55.9993,3293720
2015-03-11,56.0366,57.219,55.7015,56.9397,3452513
2015-03-12,57.2841,57.3027,55.9249,56.018,3322307
2015-03-13,55.357,55.4128,54.1839,55.2639,3565501
2015-03-16,54.696,62.3767,53.5974,55.7014,3817700
2015-03-17,55.4128,55.6363,54.6029,55.0125,2412500
2015-03-18,54.6029,57.6565,54.1653,57.2562,3217695
2015-03-19,55.9528,56.4462,55.2825,55.748,2816205
2015-03-20,56.0087,56.9769,55.4408,55.4408,6723807
2015-03-23,55.4594,56.2693,54.6215,54.6308,3309128
2015-03-24,54.8449,55.1615,54.1932,54.9566,3564592
2015-03-25,55.5245,56.0999,54.817,55.7014,3069110
2015-03-26,56.7721,57.1631,55.4687,55.6828,3517144
2015-03-27,55.208,55.9062,54.817,55.3104,3374792
2015-03-30,56.139,56.9536,55.8318,56.6324,3159930
2015-03-31,55.7294,56.6254,55.6269,56.1669,2740806
2015-04-01,56.7255,57.3586,56.3624,56.4462,2450197
2015-04-02,56.0738,57.3353,55.9854,57.2003,2275876
2015-04-06,57.582,60.5147,57.3493,60.3657,4577540
2015-04-07,60.2912,61.981,59.9095,60.9243,4024649
2015-04-08,61.427,61.995,60.3843,60.7474,4311157
2015-04-09,60.9522,62.3726,60.8917,61.8832,3849150
2015-04-10,62.1905,63.4659,62.0136,63.1587,3525963
2015-04-13,63.3356,63.5683,62.3953,62.8515,3271102
2015-04-14,63.3077,65.1231,63.289,64.9928,3333853
2015-04-15,65.2534,66.9106,65.1696,66.473,4533401
2015-04-16,65.9703,66.8175,65.4769,65.9238,3321260
2015-04-17,65.3745,65.9331,64.881,65.5234,2801012
2015-04-20,65.7757,66.8782,65.6449,66.0279,2366135
2015-04-21,66.0279,66.1447,63.7389,63.879,2402495
2015-04-22,64.3088,64.4675,62.6831,63.3465,3090856
2015-04-23,63.6548,64.6919,63.58,63.8603,2252772
2015-04-24,63.4306,63.5333,61.4965,61.9637,2972111
2015-04-27,62.5523,62.898,62.0851,62.3374,2544716
2015-04-28,62.3094,62.8793,61.861,62.4028,2273018
2015-04-29,62.3468,64.2808,62.2533,64.0565,5287967
2015-04-30,64.3836,64.6919,62.8326,63.9071,2921346
2015-05-01,63.9444,64.3555,62.7111,63.9818,2764764
2015-05-04,64.0005,64.6265,63.4119,64.0472,3206383
2015-05-05,64.7106,65.5328,63.0475,63.4773,6024944
2015-05-06,63.9071,64.5891,62.4682,62.9167,4411561
2015-05-07,61.8516,61.8702,59.9362,60.8051,4798598
2015-05-08,61.4218,61.5339,59.8615,61.2349,3391074
2015-05-11,61.1508,61.1508,58.9739,58.9832,4614752
2015-05-12,59.3196,59.8988,59.1047,59.4597,3657461
2015-05-13,59.9642,60.067,58.1704,58.5815,3599403
2015-05-14,58.7964,59.3756,58.3199,58.5161,2777674
2015-05-15,58.2451,59.712,58.0209,59.2542,3334430
2015-05-18,59.1234,59.7026,58.7683,59.5905,2398595
2015-05-19,58.9365,59.1607,57.9555,58.0863,2475130
2015-05-20,58.3479,58.3946,57.18,57.5631,2678133
2015-05-21,58.0022,58.502,57.5631,58.0863,2890543
2015-05-22,57.5631,58.8431,57.4603,58.4226,2537290
2015-05-26,57.5817,57.862,56.825,57.3762,2742315
2015-05-27,57.2641,57.7873,55.8533,56.7782,3257552
2015-05-28,56.554,56.7222,54.9698,55.8626,4111492
2015-05-29,56.2457,56.5727,55.7785,55.9093,4057829
2015-06-01,55.956,56.0868,54.8255,55.003,4232585
2015-06-02,55.5917,55.9701,54.8162,55.6851,3734352
2015-06-03,55.4515,56.0682,54.9563,55.0778,2292708
2015-06-04,54.7134,54.8909,54.1972,54.4238,3108698
2015-06-05,54.1154,55.7505,54.0314,55.4515,3539709
2015-06-08,55.1339,55.4982,53.9379,54.3864,2857707
2015-06-09,55.0778,55.4982,54.7134,54.7227,3578172
2015-06-10,55.601,55.6944,54.7414,55.0871,3907139
2015-06-11,55.0404,55.246,53.9286,54.3303,2996872
2015-06-12,54.0033,54.4425,53.7137,54.3584,3501978
2015-06-15,53.7791,55.1525,53.6389,54.1622,2773842
2015-06-16,53.9846,55.2086,53.9099,55.1712,2198276
2015-06-17,55.7505,56.1803,53.723,53.8819,3356357
2015-06-18,54.2182,54.5639,53.3773,53.4708,2297908
2015-06-19,53.3213,53.667,52.3776,52.8261,4779172
2015-06-22,53.0223,53.8445,52.5084,53.7511,3742842
2015-06-23,53.9192,55.0591,53.723,54.9844,3594252
2015-06-24,55.0311,55.4981,54.6574,54.8536,2996577
2015-06-25,54.919,55.1245,53.8258,54.0033,2641533
2015-06-26,54.0314,54.6854,53.4801,54.6387,3806852
2015-06-29,53.6576,54.1575,53.1624,53.4521,3474167
2015-06-30,53.994,54.1522,53.3914,53.8445,2885623
2015-07-01,53.8538,54.9844,52.1534,52.3963,3080466
2015-07-02,52.5084,53.2465,52.4243,53.0503,2303062
2015-07-06,52.0039,52.9662,51.5274,51.8544,2878590
2015-07-07,51.5367,52.3122,50.2194,52.0413,3716235
2015-07-08,51.5367,52.2655,49.6214,49.9484,2863873
2015-07-09,51.0135,51.3592,50.2848,50.2941,2464608
2015-07-10,50.6585,51.1443,49.3224,49.4626,3178740
2015-07-13,49.4252,49.9297,49.0515,49.7615,2953365
2015-07-14,49.5186,50.9479,49.3504,50.8173,3263059
2015-07-15,50.5651,50.7799,49.6307,49.9671,3972421
2015-07-16,50.3128,50.3595,49.0702,49.2103,2780900
2015-07-17,48.8179,48.8179,47.2482,47.3136,4859249
2015-07-20,47.2291,47.456,45.539,45.6517,5746714
2015-07-21,45.9146,46.4216,44.478,44.6283,5201842
2015-07-22,44.4311,44.7878,43.7738,44.4311,4780946
2015-07-23,44.4499,44.6001,43.4921,44.4592,4511130
2015-07-24,44.3184,44.3654,42.2809,42.3278,4703977
2015-07-27,41.5767,42.525,41.1635,41.7926,5824085
2015-07-28,42.0649,44.1916,41.5861,43.633,7655275
2015-07-29,43.5109,44.6846,43.2574,43.9334,6760594
2015-07-30,43.7363,44.2996,43.1541,43.6424,4823231
2015-07-31,43.633,43.7926,42.91,43.0602,5070111
2015-08-03,42.2997,43.586,41.5955,42.5062,6497869
2015-08-04,43.1165,43.4076,42.2621,42.5813,5332620
2015-08-05,43.2104,43.9428,41.633,41.7269,5789802
2015-08-06,41.68,44.0367,40.4124,43.755,6176508
2015-08-07,43.3231,44.4217,42.7691,43.295,6478305
2015-08-10,43.755,45.5766,43.5015,45.4921,10337008
2015-08-11,44.1212,45.0038,43.6142,44.7785,6142360
2015-08-12,44.7315,46.647,44.3372,46.2057,6729664
2015-08-13,45.924,46.6282,44.8818,44.9757,6749208
2015-08-14,45.0226,45.7174,44.0367,44.1306,5017853
2015-08-17,43.9522,45.0038,43.4921,44.9287,2992646
2015-08-18,44.7409,45.4733,44.4499,45.1353,2287791
2015-08-19,44.694,44.8639,42.6236,43.0133,4215163
2015-08-20,43.1259,43.6518,41.7926,41.8396,5395511
2015-08-21,41.6987,42.4499,40.5063,40.5908,5285655
2015-08-24,38.1871,39.849,36.666,38.0181,7347862
2015-08-25,39.7269,39.7269,36.5251,36.5251,6042731
2015-08-26,37.7552,37.7552,36.0556,37.1167,8056355
2015-08-27,38.1965,41.0039,37.9711,40.1776,7333224
2015-08-28,40.065,42.6283,39.896,42.1213,6493750
2015-08-31,41.3983,42.8818,39.3608,42.4781,6963290
2015-09-01,40.7598,41.9616,39.9523,40.4969,5591207
2015-09-02,40.9664,41.1823,38.6941,40.5814,5301249
2015-09-03,40.7222,42.356,40.1082,40.5814,4587827
2015-09-04,39.8208,40.187,39.2199,39.9053,5170700
2015-09-08,40.4781,41.126,39.5204,40.6002,4808292
2015-09-09,41.0509,41.8208,38.6753,38.7692,6141260
2015-09-10,38.9664,39.0226,37.6988,38.3467,7537032
2015-09-11,37.8209,37.849,36.8819,37.7458,6136656
2015-09-14,37.6519,38.0462,36.7411,37.7833,5373156
2015-09-15,37.8303,38.6284,37.7364,37.9617,5188327
2015-09-16,38.2997,40.5344,38.2622,40.4124,9020366
2015-09-17,40.4405,41.1072,39.3326,39.4265,7923717
2015-09-18,38.5908,38.8537,36.9664,37.2293,9085435
2015-09-21,37.5767,37.7739,36.8162,36.9383,4781050
2015-09-22,36.2153,37.2481,36.0275,36.2716,5787657
2015-09-23,36.3749,36.5345,34.835,34.9946,4393088
2015-09-24,34.7693,36.0603,34.3092,35.5674,5795249
2015-09-25,35.943,36.2575,35.3327,35.8679,4233342
2015-09-28,35.3327,35.4266,33.9524,33.99,5752906
2015-09-29,34.3843,34.8914,33.605,34.8538,5517482
2015-09-30,35.1824,36.8913,35.0604,36.7693,6992863
2015-10-01,37.4829,38.5157,36.9101,37.2951,7268995
2015-10-02,36.7974,40.1964,36.7139,40.0086,5926313
2015-10-05,40.4687,41.6893,40.2152,41.295,4899837
2015-10-06,41.3983,43.4827,41.2762,43.3043,6342241
2015-10-07,43.9053,45.0508,41.7363,43.1259,6109252
2015-10-08,43.0508,44.7222,42.8818,44.2715,5336984
2015-10-09,44.5625,44.694,43.1635,43.633,4187717
2015-10-12,43.7175,43.7175,41.633,42.2058,4507290
2015-10-13,41.7081,42.3842,40.957,41.8677,5280279
2015-10-14,41.7926,43.1541,41.4922,42.9006,3691127
2015-10-15,42.6846,43.9851,42.4687,43.8959,4257263
2015-10-16,44.1024,44.2245,43.1072,43.6799,3787600
2015-10-19,43.0227,43.079,42.2621,42.5626,4832490
2015-10-20,42.5531,43.6106,42.3171,43.3557,2900165
2015-10-21,43.1479,43.4973,42.4681,42.5626,4119400
2015-10-22,42.8741,43.7522,42.4021,43.4029,3550857
2015-10-23,42.9874,44.1771,42.5814,43.8938,3528854
2015-10-26,43.7616,43.8561,42.6664,42.8458,3546130
2015-10-27,41.93,41.93,40.2588,41.6751,6237885
2015-10-28,41.7506,44.0166,41.3163,43.4784,3983341
2015-10-29,43.1574,44.8017,43.0328,43.9788,3828479
2015-10-30,44.2337,45.1307,43.6389,44.4981,4505375
2015-11-02,44.1299,45.447,43.9505,45.2629,4280007
2015-11-03,45.6688,47.3966,45.5745,47.0851,5676861
2015-11-04,47.2739,47.831,45.9426,46.6319,6189787
2015-11-05,45.6311,48.0953,45.3856,46.5186,5202269
2015-11-06,46.1598,46.5705,44.2715,45.0079,5005164
2015-11-09,50.5124,51.9475,49.1339,50.9278,15139930
2015-11-10,50.7767,53.1654,48.9734,50.333,10634924
2015-11-11,47.2078,48.8979,46.1031,46.6413,7808973
2015-11-12,45.6122,47.2645,44.6586,46.1692,6250137
2015-11-13,46.0843,47.0662,45.2912,46.2353,4233321
2015-11-16,46.3581,47.6799,45.5839,47.6705,3795028
2015-11-17,47.4155,47.9726,46.5186,46.934,3413469
2015-11-18,47.6799,48.2558,45.9615,47.3022,3659440
2015-11-19,46.8774,47.2078,45.7821,46.7735,2994492
2015-11-20,46.8679,47.2078,46.0805,46.3581,2518542
2015-11-23,46.122,46.8018,45.6783,46.122,3041592
2015-11-24,46.4053,48.5674,46.3392,48.067,4687398
2015-11-25,47.6044,48.0953,47.1134,47.5383,2455821
2015-11-27,46.9246,47.3872,46.4619,46.6602,1317427
2015-11-30,46.9812,47.1984,46.122,46.4336,3373915
2015-12-01,46.5847,46.9529,45.9143,46.4053,2597300
2015-12-02,46.0465,46.528,44.3848,44.6775,3538329
2015-12-03,45.074,45.4139,43.0158,43.2046,5003149
2015-12-04,42.4493,43.469,41.2974,43.2329,4252925
2015-12-07,42.2321,42.572,41.1652,41.7506,7113992
2015-12-08,40.9953,42.7892,40.5232,42.3643,5535489
2015-12-09,42.5059,43.4217,42.0338,42.4398,4485181
2015-12-10,42.0999,43.941,41.9111,43.6106,4585757
2015-12-11,42.7231,42.9686,40.2966,40.5232,6171102
2015-12-14,40.1266,41.7128,39.2769,41.0614,5468196
2015-12-15,41.3163,42.8364,41.3163,42.742,5154494
2015-12-16,42.4021,42.9025,41.7789,42.2982,5097777
2015-12-17,42.2038,42.657,40.3155,40.5515,8073464
2015-12-18,40.4099,41.354,40.1833,40.306,5981098
2015-12-21,40.2871,40.6648,39.6357,40.155,4425592
2015-12-22,40.5137,41.1086,39.985,40.391,5760858
2015-12-23,41.4201,43.2518,41.0897,43.1574,4673032
2015-12-24,43.4878,43.9599,42.6381,43.2424,1608438
2015-12-28,42.2132,42.7703,41.9111,42.4115,3611305
2015-12-29,43.3462,43.7522,42.5248,42.9119,2969178
2015-12-30,42.0999,43.0913,42.0716,42.3076,3942562
2015-12-31,42.015,42.572,41.9111,41.9866,2975550
2016-01-04,41.7789,42.5909,41.3068,41.9489,4746775
2016-01-05,41.0708,41.5712,39.7867,41.0991,5435254
2016-01-06,39.749,39.7679,36.3028,36.3783,7076709
2016-01-07,35.2831,36.4704,34.2068,34.5089,7105869
2016-01-08,34.8016,35.4908,33.1116,34.6033,10452313
2016-01-11,34.6222,34.8016,32.4459,33.1021,8342725
2016-01-12,33.5648,33.6969,32.276,33.442,9004938
2016-01-13,33.933,35.1415,33.3854,33.612,8596950
2016-01-14,33.8763,35.538,33.291,34.9621,6544390
2016-01-15,33.2721,33.9047,31.6859,33.357,10127406
2016-01-19,33.5175,33.6969,31.9125,32.5545,8317471
2016-01-20,31.6415,33.6197,30.6191,32.9159,8741822
2016-01-21,32.6496,35.7501,32.4499,35.4172,7468009
2016-01-22,37.0815,38.0992,35.7976,37.4524,7053570
2016-01-25,36.4824,38.6508,35.5503,35.5979,5861424
2016-01-26,36.4729,36.9103,35.265,36.1685,7572498
2016-01-27,35.8261,38.2894,35.5694,36.7392,5722699
2016-01-28,38.7649,38.9741,37.072,38.6127,4289635
2016-01-29,38.9741,40.4578,38.9171,40.4578,5464406
2016-02-01,39.2499,39.7064,38.2703,38.822,5037363
2016-02-02,37.5666,38.1087,36.568,36.6631,6274964
2016-02-03,37.7853,39.2785,35.9117,39.2214,5386858
2016-02-04,40.0013,41.6561,38.5081,38.7459,7533610
2016-02-05,38.3274,38.3369,36.5775,37.1386,6399310
2016-02-08,36.3302,36.4824,35.0653,35.7405,6316256
2016-02-09,34.7419,35.3126,32.6116,33.8384,7548006
2016-02-10,33.6768,34.5517,33.2963,33.6007,5325086
2016-02-11,32.6686,33.3249,31.6035,32.6972,5881086
2016-02-12,33.2583,35.1319,32.9635,34.7419,5812264
2016-02-16,35.3696,36.0259,34.8466,35.6359,4274258
2016-02-17,36.3492,38.3655,36.0544,38.0992,5128676
2016-02-18,38.7744,38.8885,36.0639,36.9008,6684201
2016-02-19,36.0449,36.1115,34.497,35.5028,5614436
2016-02-22,36.4633,37.8043,36.4633,37.6712,4702658
2016-02-23,36.9864,37.8329,36.0068,36.0259,5480543
2016-02-24,35.1414,36.8247,34.4376,36.7106,7817959
2016-02-25,36.0734,37.0245,34.3235,35.9403,7965059
2016-02-26,37.1766,38.4986,36.5204,37.538,5546292
2016-02-29,37.5571,37.5666,35.8452,36.4063,5330298
2016-03-01,36.587,36.7867,34.4852,36.7296,5884671
2016-03-02,36.4538,39.9537,36.2922,39.9157,6606527
2016-03-03,39.7064,43.368,39.7064,42.883,10048501
2016-03-04,43.3965,46.5445,42.9495,45.6886,8779095
2016-03-07,45.679,48.6083,45.2891,48.5227,10459583
2016-03-08,47.857,47.9521,43.8625,43.9101,8107619
2016-03-09,44.9372,45.3557,42.8069,43.9672,6639874
2016-03-10,43.6533,44.3666,42.5596,43.9862,5159897
2016-03-11,45.0609,46.6396,45.0513,46.573,6188195
2016-03-14,45.3842,46.5065,45.1084,45.8312,4751943
2016-03-15,44.728,45.6695,44.5378,45.5839,5146839
2016-03-16,46.1356,47.5336,45.7551,46.8393,5663715
2016-03-17,47.5051,48.5227,47.0581,47.9996,4978478
2016-03-18,48.7605,49.274,46.1546,47.2007,7009647
2016-03-21,46.7347,48.2659,46.3543,47.4385,3401838
2016-03-22,46.6586,48.808,46.6206,47.8094,3916473
2016-03-23,46.8679,47.2958,45.3176,45.5174,5682471
2016-03-24,44.709,46.4684,44.3095,46.4589,4460602
2016-03-28,46.5825,46.6776,45.2701,46.0404,3258071
2016-03-29,45.156,46.2497,44.7469,46.1831,3133264
2016-03-30,46.8393,47.0866,45.7171,46.2592,3004361
2016-03-31,45.9834,46.768,45.6695,46.4209,3922697
2016-04-01,45.1369,46.2497,44.7851,45.175,5578554
2016-04-04,45.213,45.9264,44.3381,44.5283,2956553
2016-04-05,44.1288,45.8217,43.8911,45.0133,2575446
2016-04-06,45.4698,47.4575,44.9943,47.3244,3654950
2016-04-07,46.8013,47.5621,45.9835,46.7823,2617009
2016-04-08,48.2659,49.1123,47.7237,48.1803,4125526
2016-04-11,48.6749,49.1314,47.4765,47.5051,3240278
2016-04-12,48.1137,51.062,47.6858,50.6816,5144970
2016-04-13,50.5009,50.5104,48.9982,49.8922,3769262
2016-04-14,50.2536,50.8337,49.7876,50.3772,1954533
2016-04-15,49.7495,50.0634,49.0172,49.5023,2999030
2016-04-18,47.8094,51.2332,47.6192,50.8242,3293819
2016-04-19,51.3378,52.7834,50.6055,52.3269,4722728
2016-04-20,52.0498,52.967,51.19,52.2409,3667094
2016-04-21,52.4893,53.139,51.9081,52.3365,3578709
2016-04-22,52.8046,54.1326,52.6995,53.6931,2865087
2016-04-25,53.1772,53.4829,51.5817,51.983,3504770
2016-04-26,52.4416,53.5116,51.5244,53.3874,3453693
2016-04-27,53.9129,55.4702,53.7982,54.9734,4883833
2016-04-28,54.3428,55.0593,52.8142,52.9575,2948442
2016-04-29,53.397,53.76,50.9129,51.9734,4700129
2016-05-02,52.174,52.518,50.7983,51.8206,4649855
2016-05-03,50.6836,51.4145,49.1168,49.8047,5260035
2016-05-04,49.9193,50.3779,47.8461,48.4671,4480381
2016-05-05,49.5945,52.5467,49.2219,52.3747,6807847
2016-05-06,51.5435,53.0912,51.1995,51.4384,6562133
2016-05-09,51.0658,51.0658,49.3843,49.7951,4544538
2016-05-10,50.2633,50.9607,49.7378,50.7219,4842319
2016-05-11,50.7123,52.3747,49.4798,51.6008,5906703
2016-05-12,52.518,53.1199,51.8206,51.8779,5066051
2016-05-13,51.19,52.0594,50.1247,50.655,2973865
2016-05-16,51.9543,53.1199,51.9543,52.3556,4038091
2016-05-17,52.4129,53.3208,51.7059,52.6613,4075714
2016-05-18,55.1071,55.6135,52.7473,54.0848,12947414
2016-05-19,53.3301,54.6581,51.8492,54.4383,6359511
2016-05-20,54.6199,55.0402,53.7552,54.5625,3241427
2016-05-23,54.2281,55.26,53.9224,55.0307,3111404
2016-05-24,55.5466,56.4924,54.5243,55.6517,4385079
2016-05-25,56.1867,56.9319,55.2791,55.3268,3146407
2016-05-26,55.881,56.1969,54.8874,55.4415,2408462
2016-05-27,55.088,55.7663,54.4574,55.6899,2516649
2016-05-31,55.6612,56.6071,54.4861,54.5912,4071045
2016-06-01,53.9702,54.3237,52.7186,53.6645,3818449
2016-06-02,53.0339,53.5116,52.4129,53.3492,2683986
2016-06-03,53.4256,53.8269,51.7489,52.1454,2866324
2016-06-06,52.9957,53.3492,52.4224,53.139,2460123
2016-06-07,53.7122,55.8332,53.6262,55.6135,4089163
2016-06-08,56.3682,56.3873,54.1613,54.4574,3499038
2016-06-09,53.7122,54.4192,53.1677,53.3396,3068912
2016-06-10,52.6995,53.1103,50.6645,51.1327,3236928
2016-06-13,50.6645,52.1167,50.1868,51.4384,3042498
2016-06-14,51.2951,52.9001,51.0849,52.3174,3349303
2016-06-15,51.8874,52.9384,51.3715,52.0976,2548722
2016-06-16,51.2282,51.2282,49.5945,50.6359,3027880
2016-06-17,51.3715,52.0403,51.1518,51.4671,3163326
2016-06-20,52.5371,53.139,52.0212,52.8524,2245993
2016-06-21,52.3747,54.4574,51.8492,54.1039,2897007
2016-06-22,54.0944,54.3141,53.2632,53.9129,2806740
2016-06-23,54.5912,55.5848,54.018,55.5657,3879827
2016-06-24,53.0243,54.381,52.3556,52.4129,6229095
2016-06-27,51.4766,51.7441,49.0881,49.6805,4084473
2016-06-28,51.0371,51.7823,50.5881,51.7632,2438262
2016-06-29,52.3174,53.7218,52.1646,53.3205,2701734
2016-06-30,53.3301,53.5785,52.6326,53.1868,3052748
2016-07-01,53.2728,54.8205,52.9288,54.1422,2583594
2016-07-05,52.9384,53.6262,51.3237,52.2314,2374879
2016-07-06,51.9639,52.9957,51.7632,52.8333,2420512
2016-07-07,53.4734,54.1422,52.0212,52.4511,2323167
2016-07-08,53.2154,53.4925,52.2409,52.7091,2592281
2016-07-11,53.0626,53.7409,52.5849,52.6517,2023452
2016-07-12,53.8842,55.7377,53.6931,54.9734,2963377
2016-07-13,54.9734,55.2504,53.5403,54.018,2718042
2016-07-14,54.8014,55.1549,54.2664,54.3428,1950706
2016-07-15,54.8969,55.0689,54.1708,54.5721,2633024
2016-07-18,54.3715,54.5243,53.5785,53.8173,2406966
2016-07-19,53.6071,53.7696,52.4607,52.6517,2228560
2016-07-20,52.1623,52.8449,51.2601,52.4022,2134868
2016-07-21,52.5462,53.6786,51.1257,51.2505,2815555
2016-07-22,51.7304,52.0663,51.0298,51.4904,2215548
2016-07-25,50.905,51.1017,49.5671,49.8781,2741749
2016-07-26,49.6093,50.7418,49.5038,50.6267,1828611
2016-07-27,50.6938,51.7208,49.3022,49.6765,2393734
2016-07-28,49.6381,50.3771,49.4654,49.7533,1919516
2016-07-29,49.0911,50.6171,48.9471,50.3867,2493592
2016-08-01,49.7341,49.9068,47.6179,47.8626,3433324
2016-08-02,48.4672,48.7839,46.8549,47.9298,2556020
2016-08-03,48.1313,49.7821,47.4115,49.6477,4234178
2016-08-04,49.1199,50.7706,47.925,48.1601,5225768
2016-08-05,47.8914,48.0449,46.111,47.6418,5645717
2016-08-08,48.1313,49.6621,48.0545,48.6304,4476904
2016-08-09,48.6208,48.7935,47.8146,48.2081,3316497
2016-08-10,48.3713,48.7408,46.7493,46.8165,3211808
2016-08-11,47.3539,48.2513,46.97,47.5939,3053477
2016-08-12,47.6994,48.1313,46.9316,47.0372,2791208
2016-08-15,47.3827,48.0545,47.114,47.8722,2948672
2016-08-16,47.6706,49.2734,46.9038,48.9183,3756938
2016-08-17,48.7647,49.8493,48.4192,49.5517,3073020
2016-08-18,49.8972,51.5864,49.6861,51.4424,3314970
2016-08-19,51.2409,51.5384,50.8388,51.3369,2046781
2016-08-22,50.4635,51.1497,50.214,51.0106,1926494
2016-08-23,50.9338,51.3273,50.3963,51.2409,2715262
2016-08-24,50.8378,51.1833,50.4827,50.6171,1730182
2016-08-25,50.4635,50.905,49.8686,50.3963,1704647
2016-08-26,50.665,51.0393,49.9068,50.2428,1846007
2016-08-29,49.9548,51.0106,49.7629,50.7034,1350740
2016-08-30,50.9626,51.6632,50.0508,50.3195,1560592
2016-08-31,49.8013,49.926,47.6418,47.6994,4318643
2016-09-01,47.3635,47.853,46.5765,47.7858,3730974
2016-09-02,48.3137,49.4654,48.2945,49.2254,2479335
2016-09-06,49.3118,49.9068,48.688,49.5901,2223823
2016-09-07,54.6768,56.6155,52.5749,52.9109,14583568
2016-09-08,54.2833,56.9418,53.7458,56.6731,10856939
2016-09-09,56.1356,57.3737,55.9916,57.009,9468778
2016-09-12,56.7019,57.7672,55.9533,57.4889,6267853
2016-09-13,56.2412,57.2009,54.8975,55.1951,7544599
2016-09-14,54.8112,56.4427,54.2833,54.4656,5045256
2016-09-15,54.9071,56.3755,54.6096,56.3372,4960317
2016-09-16,55.4062,56.4907,55.2431,56.2028,5097992
2016-09-19,56.7115,56.865,55.435,55.5214,3261981
2016-09-20,55.2622,56.1068,55.0223,55.1759,3003063
2016-09-21,55.8669,58.487,55.7517,58.439,7520898
2016-09-22,59.0916,59.6867,58.3334,58.5446,7239837
2016-09-23,57.748,58.9669,56.7786,57.604,6190895
2016-09-26,58.6501,58.7461,57.4409,57.5272,3945899
2016-09-27,56.6443,57.4649,55.7709,57.1913,4282437
2016-09-28,57.652,61.4814,57.1338,61.1359,8110999
2016-09-29,60.7712,63.3433,60.3969,61.1743,7894833
2016-09-30,61.7405,62.4699,61.1839,61.299,5292485
2016-10-03,61.1647,62.038,60.3585,61.3758,2899987
2016-10-04,61.5774,63.161,60.4929,61.2223,6326980
2016-10-05,62.3452,63.065,61.7693,62.0476,3451217
2016-10-06,62.2396,62.5467,61.1452,61.5102,3369492
2016-10-07,61.6637,61.9997,60.2433,60.7808,3922773
2016-10-10,61.4046,62.3836,61.1455,61.5774,2357116
2016-10-11,61.3278,61.5966,59.9074,60.3393,2971356
2016-10-12,60.1857,60.6272,59.3412,60.1857,3325818
2016-10-13,59.5043,60.2049,58.0743,59.5715,4738727
2016-10-14,60.0994,60.2529,59.1396,59.2836,3580306
2016-10-17,59.1588,59.6963,58.1904,59.3604,3512024
2016-10-18,59.9266,61.1263,59.9074,60.3009,4125723
2016-10-19,61.1874,62.5461,60.7008,61.9775,3624739
2016-10-20,61.197,61.515,60.3211,61.1681,3449160
2016-10-21,60.6767,60.8309,59.6168,59.9251,3176498
2016-10-24,59.9829,60.2527,58.2678,59.3373,3019002
2016-10-25,59.3277,59.7324,58.1907,58.3641,2163457
2016-10-26,57.8341,59.7228,57.7257,59.4337,3093697
2016-10-27,59.7324,60.4454,59.0193,59.453,2405243
2016-10-28,59.3855,60.3395,58.0076,58.5086,3640812
2016-10-31,58.2196,58.5279,57.2271,57.3138,2590945
2016-11-01,58.1232,58.1618,56.2539,57.362,2778762
2016-11-02,57.0247,57.9883,56.408,57.2945,4963101
2016-11-03,56.331,56.331,52.7368,53.498,8755974
2016-11-04,53.1897,54.7218,52.6212,54.0954,6235546
2016-11-07,55.5023,55.6564,54.1436,55.3577,4614505
2016-11-08,54.8663,55.5408,54.4423,54.8567,2338623
2016-11-09,54.953,56.9284,54.7218,55.907,3270482
2016-11-10,55.9263,56.4654,55.1457,56.1961,3272272
2016-11-11,55.8395,56.832,54.8952,55.6179,3518077
2016-11-14,55.4348,56.832,55.1361,56.7838,2993417
2016-11-15,57.7763,61.1874,57.7763,61.0814,6053676
2016-11-16,60.4936,61.303,59.8769,60.1756,2995183
2016-11-17,61.1681,61.4187,58.9134,59.1639,2974241
2016-11-18,59.3566,60.455,59.1157,59.8191,2753635
2016-11-21,61.3801,62.0546,60.3202,60.9658,3446243
2016-11-22,61.2452,61.6403,58.8941,60.1949,3304613
2016-11-23,59.9155,61.4813,59.742,61.3319,2339919
2016-11-25,60.8405,61.3319,60.1275,60.5514,1831983
2016-11-28,61.1007,61.2934,59.0193,59.1157,4022125
2016-11-29,57.5836,59.2313,55.9359,58.5279,4391339
2016-11-30,62.5268,64.3961,61.3512,63.5482,6955994
2016-12-01,64.9357,65.167,62.363,62.7677,4643623
2016-12-02,62.7195,63.5,62.2859,62.7388,2072971
2016-12-05,63.5771,65.2923,63.3648,63.9914,3595636
2016-12-06,63.2302,64.3239,61.727,63.9336,2148338
2016-12-07,63.9529,64.2901,62.8929,63.9722,5181765
2016-12-08,64.319,64.9454,63.7024,64.0781,2862583
2016-12-09,64.6948,64.743,63.5193,64.136,2411886
2016-12-12,65.7644,66.4871,64.213,64.3576,4865233
2016-12-13,64.7045,65.2537,63.5482,64.8972,4030310
2016-12-14,64.5407,65.2923,63.2398,63.3458,3834158
2016-12-15,63.0664,64.5985,62.6328,64.3094,2757765
2016-12-16,64.6563,64.6563,63.5,63.9722,3759629
2016-12-19,64.2323,64.9165,63.7602,64.2709,1971319
2016-12-20,64.6659,64.9068,64.0203,64.319,1950729
2016-12-21,64.955,64.9646,64.1071,64.213,1573302
2016-12-22,64.1938,64.7527,63.8373,64.3094,1932958
2016-12-23,64.0396,64.5407,63.6204,63.9818,1288753
2016-12-27,64.1167,64.5021,63.6253,63.924,1021755
2016-12-28,63.9914,64.2323,61.9968,62.2377,2425048
2016-12-29,62.045,62.257,61.197,61.5439,1735026
2016-12-30,61.5439,61.8619,60.9658,61.1585,2238291
2017-01-03,62.3533,62.5557,59.8191,61.4572,4816806
2017-01-04,61.5439,61.8715,60.7827,61.2741,2620101
2017-01-05,61.4765,61.7752,60.5225,60.9465,2531935
2017-01-06,61.2067,61.425,60.2816,60.8212,2936702
2017-01-09,60.4454,60.6093,59.848,60.0889,2334827
2017-01-10,60.3491,60.7923,60.0311,60.5803,2382181
2017-01-11,60.8309,61.4957,59.9058,61.4476,2270522
2017-01-12,61.7945,61.7945,60.378,60.7249,2824560
2017-01-13,60.4358,60.9507,60.0889,60.4936,1316786
2017-01-17,60.8598,61.5921,59.9829,60.802,3538101
2017-01-18,60.2892,61.2954,60.1345,60.86,2559609
2017-01-19,60.7826,60.9471,59.854,60.1925,2218706
2017-01-20,60.9481,61.1212,59.5734,59.7959,2780207
2017-01-23,59.5443,59.9603,58.6833,58.7898,2599573
2017-01-24,59.2735,59.554,58.5286,58.9736,4072785
2017-01-25,59.0316,59.9071,58.8671,59.4282,3907602
2017-01-26,59.7959,60.7052,59.4766,60.5118,3714099
2017-01-27,60.1925,60.4537,59.2928,60.0571,3282846
2017-01-30,59.5056,59.7668,57.6095,57.9965,3332799
2017-01-31,58.1319,58.3351,57.1742,57.8707,4648863
2017-02-01,58.3641,58.6833,55.5005,55.8972,5847598
2017-02-02,56.1294,57.358,55.5779,57.1645,3098348
2017-02-03,56.6518,58.0158,56.6518,57.6966,2843115
2017-02-06,57.6966,57.9674,55.9262,55.9843,2671642
2017-02-07,55.7134,55.7134,53.9333,55.1716,4686799
2017-02-08,54.5235,56.0133,53.9915,55.0749,3084581
2017-02-09,55.6166,55.8391,54.9202,55.0652,2625008
2017-02-10,55.5683,55.8295,55.0652,55.5102,2710626
2017-02-13,55.4038,55.9939,54.9104,55.3167,1875306
2017-02-14,54.6202,54.8234,52.7531,53.6915,7436011
2017-02-15,53.2852,54.3977,52.9466,53.7785,4981665
2017-02-16,53.9527,54.1558,53.1691,53.4496,2798380
2017-02-17,53.2078,53.6818,52.8982,53.6334,2524390
2017-02-21,54.2332,54.6637,53.9333,54.0688,3240878
2017-02-22,53.527,54.2768,52.9514,53.1207,4380615
2017-02-23,52.579,53.4303,49.609,51.2536,11695938
2017-02-24,50.9053,52.4629,50.7989,51.6696,5686300
2017-02-27,51.6793,51.8294,50.7989,51.2052,5041261
2017-02-28,51.0601,51.1569,50.3926,50.8763,3662808
2017-03-01,51.3116,51.7083,51.0117,51.2246,4470492
2017-03-02,50.2668,50.5474,49.7444,50.2281,4266577
2017-03-03,50.3249,50.5667,50.1217,50.3926,2864719
2017-03-06,50.3733,50.7796,50.1846,50.4893,2125378
2017-03-07,50.6635,50.7505,49.5316,49.609,3375332
2017-03-08,49.3865,49.6782,47.6742,47.7999,5307203
2017-03-09,47.6451,49.0866,47.4517,48.9802,7189588
2017-03-10,49.251,49.3284,48.1675,48.5932,6192508
2017-03-13,48.5835,49.1253,48.3707,48.5255,4053645
2017-03-14,48.0128,48.8931,47.6742,48.69,4172419
2017-03-15,49.0963,49.609,48.5158,49.4058,3262577
2017-03-16,49.4639,49.9571,48.8931,49.4155,3603236
2017-03-17,49.5606,50.4603,49.5123,49.5509,5229431
2017-03-20,49.2414,49.4058,48.6029,49.2704,2666788
2017-03-21,49.5316,49.7154,48.5739,48.6609,2830226
2017-03-22,48.361,49.1727,48.361,48.8931,2958388
2017-03-23,48.6126,48.8447,48.4287,48.4578,3489006
2017-03-24,48.6513,48.956,48.2836,48.6029,2650633
2017-03-27,48.0805,48.4665,47.6645,48.0998,2901886
2017-03-28,48.2546,49.6574,48.1579,49.5509,3061402
2017-03-29,49.4832,51.6889,49.3865,51.4471,4572290
2017-03-30,52.221,52.2984,50.3733,50.3926,4638129
2017-03-31,50.3829,50.5377,48.9512,49.7154,5740157
2017-04-03,49.7444,50.0917,49.0092,49.3768,2879244
2017-04-04,49.4929,50.2378,49.0924,50.1991,2330520
2017-04-05,50.6731,51.1375,49.8799,50.0153,3856720
2017-04-06,50.3055,51.5438,50.1411,51.2342,3153120
2017-04-07,50.8183,51.3794,50.499,50.9247,4991985
2017-04-10,51.302,52.5596,51.0988,52.2307,3536582
2017-04-11,52.1339,52.2112,51.0021,52.1146,2880176
2017-04-12,52.0856,52.8595,51.7663,52.0566,4391082
2017-04-13,51.8727,52.5209,50.5087,50.6635,4445383
2017-04-17,50.6441,51.2439,50.3781,50.7892,3099473
2017-04-18,50.2959,50.857,48.7528,48.806,4847439
2017-04-19,48.9324,49.2387,47.6491,47.8241,4945776
2017-04-20,48.0185,48.4463,47.6491,47.6588,3381331
2017-04-21,47.6393,48.2032,47.4352,47.6588,3030214
2017-04-24,48.0477,48.1255,47.0171,47.3866,3850633
2017-04-25,47.3768,48.9032,47.0366,48.8546,3137352
2017-04-26,48.4852,49.5838,48.2907,48.6213,2794199
2017-04-27,48.0963,48.1643,46.9004,46.9782,5218783
2017-04-28,47.3866,47.5324,46.941,47.2893,2980421
2017-05-01,47.2116,47.7657,47.0171,47.4352,2915999
2017-05-02,47.5616,47.8532,46.7643,47.1241,3304005
2017-05-03,46.9685,47.9407,46.9102,47.4449,4593624
2017-05-04,47.2991,47.6198,44.8101,46.5699,7881047
2017-05-05,46.6671,48.0768,46.6088,47.9213,4237629
2017-05-08,47.7949,49.0005,47.6491,48.8546,3309055
2017-05-09,48.8157,49.1852,48.2324,49.0491,3467933
2017-05-10,49.3407,50.7602,49.3407,49.788,3560658
2017-05-11,49.9338,50.3421,49.4963,49.6519,1851203
2017-05-12,49.7005,50.1477,49.3407,50.0213,2650423
2017-05-15,51.0227,51.2074,49.1755,49.5546,2922995
2017-05-16,49.8463,50.0505,48.9227,49.5546,3403403
2017-05-17,49.3116,49.856,48.7039,48.7963,2711757
2017-05-18,48.6116,49.2046,47.9699,48.5338,3573145
2017-05-19,48.8546,49.7685,48.6407,49.7394,2898694
2017-05-22,49.9824,50.0189,48.6116,48.631,3519542
2017-05-23,48.6505,48.8449,48.1546,48.6116,3001600
2017-05-24,48.388,49.1463,48.2324,48.4852,2908129
2017-05-25,48.3977,49.156,46.3366,46.3852,3645474
2017-05-26,46.5504,46.9199,46.0157,46.8518,2896422
2017-05-30,46.5116,46.7984,45.9379,46.2393,3783435
2017-05-31,45.7143,46.0011,45.1796,45.4615,4216266
2017-06-01,45.549,46.2879,45.2574,45.9865,2816225
2017-06-02,45.4518,45.9039,44.8442,45.6852,4254665
2017-06-05,45.4324,45.8213,45.1504,45.4324,3795905
2017-06-06,45.2671,46.7254,45.1407,46.706,3000409
2017-06-07,46.3268,46.7448,44.674,45.481,7075123
2017-06-08,45.0435,46.181,45.0338,45.6949,4618142
2017-06-09,45.9282,47.2504,45.9088,46.9977,3818492
2017-06-12,47.4643,47.8921,46.8032,47.0754,3055204
2017-06-13,47.0657,47.9408,46.9685,47.8532,2243404
2017-06-14,47.4254,47.4352,45.9088,46.3949,3793631
2017-06-15,46.1518,46.8032,46.0254,46.4727,4673440
2017-06-16,46.7157,48.2956,46.5991,48.1643,6182705
2017-06-19,48.1643,48.7963,48.0282,48.4366,2977722
2017-06-20,47.6005,48.2907,46.074,46.3949,5356705
2017-06-21,46.0352,46.1129,44.0032,44.3921,5130304
2017-06-22,44.5963,44.9657,43.8963,44.3629,2693344
2017-06-23,44.4504,44.9074,44.256,44.8004,10019488
2017-06-26,45.0435,45.374,44.5185,44.9268,2491625
2017-06-27,45.0532,45.6463,44.8588,44.9268,2116897
2017-06-28,45.0435,46.1615,45.0046,45.831,2562266
2017-06-29,46.0838,47.1629,45.9574,46.1324,3550974
2017-06-30,46.2782,47.0667,45.7921,46.5991,2817378
2017-07-03,46.8421,48.1838,46.7765,47.9602,1277770
2017-07-05,47.6199,47.7463,46.2685,46.3268,2251311
2017-07-06,46.3268,46.5796,44.3727,44.499,3540149
2017-07-07,44.2657,44.431,43.3567,43.8574,4343362
2017-07-10,44.8101,46.0643,44.3824,45.8018,5679470
2017-07-11,45.8018,46.3171,45.2185,45.8893,3348409
2017-07-12,46.6574,46.9491,45.7046,46.2588,3218786
2017-07-13,46.1421,46.9393,45.9817,46.9004,2615849
2017-07-14,47.0754,47.3574,46.8616,47.2116,2305278
2017-07-17,47.0366,47.4157,46.9004,47.3282,3011111
2017-07-18,47.8143,47.8824,46.1518,46.4046,2322141
2017-07-19,46.3558,48.9946,46.2482,48.7307,6096940
2017-07-20,49.2194,49.3855,48.1736,48.2323,3460435
2017-07-21,48.1736,48.2802,47.1865,47.3136,3347555
2017-07-24,47.4406,47.6507,46.5121,46.8737,2620066
2017-07-25,47.7631,48.6232,47.4406,47.7534,3558852
2017-07-26,48.0954,48.6721,47.6556,47.7534,2063226
2017-07-27,47.7338,49.1901,47.2647,49.0826,3714567
2017-07-28,49.0141,50.0501,48.5939,48.8773,3982656
2017-07-31,48.8675,48.8773,47.988,48.3593,2085476
2017-08-01,43.2087,44.2838,42.6232,44.1958,7043054
2017-08-02,47.0888,47.2549,46.0039,46.8249,4465555
2017-08-03,46.131,46.131,42.2606,43.0621,11183990
2017-08-04,43.2087,44.2838,42.6232,44.1958,7043091
2017-08-07,43.6974,44.0785,43.1989,43.3846,3904897
2017-08-08,43.3553,44.2544,42.935,43.1207,3448703
2017-08-09,43.5508,43.9515,42.2704,42.5929,3321925
2017-08-10,42.5343,42.8862,41.3957,41.6449,3803868
2017-08-11,41.2833,41.9479,41.2149,41.4299,2505997
2017-08-14,41.4494,41.6156,40.5307,40.6285,3604654
2017-08-15,40.4526,40.7164,40.0714,40.5992,4038632
2017-08-16,40.736,40.9314,39.5925,39.7098,3313669
2017-08-17,39.7977,39.7977,38.967,38.9865,2728575
2017-08-18,38.9572,40.003,38.8791,39.397,3046453
2017-08-21,39.2406,39.3472,38.1558,38.6249,4071353
2017-08-22,38.7226,39.1429,38.6835,38.9865,3008076
2017-08-23,38.8595,39.7684,38.5663,39.3286,3809014
2017-08-24,39.1429,39.4557,38.9539,39.1234,1886505
2017-08-25,39.2797,39.4752,38.879,39.1527,2399444
2017-08-28,39.0843,39.3364,37.9408,38.4588,3888722
2017-08-29,37.9603,38.3415,37.4814,37.9896,3111475
2017-08-30,37.8333,38.3122,37.3934,37.501,4721319
2017-08-31,37.501,38.2926,37.2762,37.9603,4989529
2017-09-01,38.1167,38.8008,37.7453,38.5858,2955868
2017-09-05,38.8399,39.2309,38.1916,38.5272,2891271
2017-09-06,38.8106,39.612,38.7617,39.2211,2902040
2017-09-07,39.1234,39.9248,38.9865,39.8075,4129424
2017-09-08,39.397,39.5632,38.0971,38.4099,3726337
2017-09-11,38.5369,39.2406,38.4392,38.8595,2560552
2017-09-12,39.1136,39.8759,38.9181,39.6023,2391829
2017-09-13,39.8075,41.4104,39.7489,41.381,4401081
2017-09-14,41.0683,41.8502,40.8533,41.2638,4117586
2017-09-15,41.254,41.5765,41.1074,41.557,3101582
2017-09-18,41.3713,41.7622,41.0194,41.3419,2550319
2017-09-19,41.3419,41.4126,40.6676,40.8044,1865569
2017-09-20,40.8924,42.1043,40.8728,42.075,3033310
2017-09-21,42.0847,42.4415,41.6254,42.3779,2566780
2017-09-22,42.2313,42.6711,42.0554,42.5832,1920889
2017-09-25,42.8764,44.4695,42.8373,44.0394,4220256
2017-09-26,43.6974,45.1243,43.6485,44.919,4365457
2017-09-27,45.1047,45.3882,44.3424,45.2122,2356206
2017-09-28,45.3295,45.8768,44.362,44.7627,3362178
2017-09-29,44.4695,44.7724,44.1567,44.7627,2051421
2017-10-02,44.1274,44.8018,43.326,44.6845,2234891
2017-10-03,44.7138,44.8995,44.1469,44.4108,1637370
2017-10-04,44.4304,44.6464,43.7364,44.1176,4591261
2017-10-05,44.1665,44.919,44.0297,44.7822,2118536
2017-10-06,44.2251,44.6943,43.6583,44.1469,2548401
2017-10-09,44.3131,44.8702,43.8831,44.8115,3278533
2017-10-10,44.0199,44.2349,41.4494,41.4983,10110658
2017-10-11,41.5863,41.7915,40.7555,41.0096,4867125
2017-10-12,40.5698,40.7946,39.4459,40.4721,6136691
2017-10-13,41.0878,41.1259,40.1976,40.6578,3019672
2017-10-16,41.0487,41.8013,40.7555,41.7622,4190807
2017-10-17,41.6058,42.1825,41.2344,41.7915,3392743
2017-10-18,41.8306,42.6223,41.557,41.684,4142476
2017-10-19,41.1465,41.9772,41.0683,41.1953,3679922
2017-10-20,41.3428,41.4411,40.7726,40.8316,4431635
2017-10-23,40.861,41.1558,39.6026,39.6222,5102317
2017-10-24,39.7894,40.1325,39.1307,39.4649,5513472
2017-10-25,39.2093,39.3175,38.3146,38.8406,3602629
2017-10-26,38.8947,39.3273,38.2409,38.9242,3114453
2017-10-27,38.5211,40.2846,38.4523,40.0548,3625220
2017-10-30,40.1335,40.8021,39.8169,40.1237,2323946
2017-10-31,40.1138,40.8316,39.839,40.6742,2073615
2017-11-01,41.0675,41.972,40.8217,41.5198,3522731
2017-11-02,40.9397,42.7488,40.6841,40.979,3534397
2017-11-03,41.0675,42.4735,40.9889,42.031,3123909
2017-11-06,42.3948,44.9806,42.2867,44.9707,5452222
2017-11-07,45.1477,45.6885,44.3218,44.43,3761123
2017-11-08,44.3513,44.5283,43.3682,43.7614,4365496
2017-11-09,43.5746,44.8626,43.3977,44.4792,3443997
2017-11-10,44.4497,44.5924,43.2896,43.3878,2237662
2017-11-13,43.26,43.26,42.5226,42.7586,1969887
2017-11-14,42.326,42.4636,41.1462,41.1757,2451015
2017-11-15,40.6251,40.8856,40.0352,40.34,2855610
2017-11-16,40.4186,40.5464,39.5239,39.809,2451554
2017-11-17,40.163,40.6644,39.9762,40.4874,2113749
2017-11-20,40.281,40.8512,40.0165,40.3793,2707347
2017-11-21,40.6349,41.1953,40.5464,40.7431,2017697
2017-11-22,41.2248,41.6673,40.8316,40.8414,2094110
2017-11-24,41.0675,41.2248,40.4186,40.4481,1103677
2017-11-27,40.281,40.4874,39.0717,39.1896,2944077
2017-11-28,39.229,39.6616,38.8554,39.5927,2118255
2017-11-29,39.4453,40.4088,39.4158,40.0548,1787977
2017-11-30,40.3203,41.3821,40.3105,41.1265,3914022
2017-12-01,41.5689,44.016,41.5296,43.4763,5402301
2017-12-04,43.2502,43.9974,42.3948,42.4833,2758868
2017-12-05,42.3162,42.5128,41.3231,41.4411,1871119
2017-12-06,41.1167,41.1658,39.7894,39.8877,2658372
2017-12-07,39.868,40.5419,39.7501,39.9467,2200419
2017-12-08,40.4363,40.7037,39.9074,40.0155,3421798
2017-12-11,40.222,41.4411,39.4059,39.5141,5196407
2017-12-12,39.809,40.104,38.6587,39.052,4167424
2017-12-13,39.1601,39.7107,38.7865,39.1306,3784688
2017-12-14,39.2781,39.5534,38.6882,38.757,3129875
2017-12-15,38.9733,39.4158,38.6096,38.8062,5144876
2017-12-18,38.8947,39.4748,38.5407,39.2486,3480950
2017-12-19,39.2683,40.2308,39.2191,39.5731,2617700
2017-12-20,39.9074,40.6644,39.3764,40.5661,2913783
2017-12-21,40.3596,42.7389,40.222,42.5816,5213142
2017-12-22,42.6996,42.8274,41.8747,42.1883,2528332
2017-12-26,42.4046,42.9651,42.1294,42.6308,2103394
2017-12-27,42.5718,42.6209,41.9032,42.1687,2126957
2017-12-28,42.1097,42.3456,41.9524,42.149,2076279
2017-12-29,42.2965,42.4636,41.4215,41.5099,3258898
2018-01-02,41.9327,43.7123,41.8246,43.555,4005157
2018-01-03,43.7516,45.2657,43.6926,44.5676,3915466
2018-01-04,44.7643,46.0817,44.0269,46.0522,4064590
2018-01-05,45.7573,46.1997,45.1674,45.6098,4537784
2018-01-08,45.6098,46.2096,44.4693,45.1477,3928416
2018-01-09,44.8921,45.0789,43.5156,43.8008,5144087
2018-01-10,43.9581,44.1449,43.1617,43.2502,3553453
2018-01-11,43.6238,46.1801,43.4566,45.2264,6790967
2018-01-12,45.3935,46.5537,45.2362,46.3669,3728015
2018-01-16,46.5537,46.7896,45.187,45.4918,4483160
2018-01-17,45.5803,46.1506,44.7544,45.7475,2793595
2018-01-18,45.5902,46.1014,45.0396,45.9146,2822222
2018-01-19,45.9344,46.2902,45.1633,45.5192,3283059
2018-01-22,45.8454,47.1403,45.7268,47.1106,3192047
2018-01-23,47.4368,47.763,46.2803,47.2194,4447401
2018-01-24,47.3182,48.2375,46.9228,47.5653,5617061
2018-01-25,48.0892,48.4055,46.8734,46.9031,4112204
2018-01-26,47.0711,47.5357,46.6658,47.5258,3132470
2018-01-29,47.1403,47.3973,46.0431,46.1123,3180804
2018-01-30,45.2721,45.4698,43.7103,44.0563,5887464
2018-01-31,44.1255,44.9558,43.9673,44.3528,5031882
2018-02-01,44.5011,44.8322,43.8586,44.1749,3981392
2018-02-02,43.4928,43.6905,41.852,42.3264,5153633
2018-02-05,41.5357,42.4352,40.2408,40.4582,4051871
2018-02-06,39.5686,41.249,39.193,40.646,5749211
2018-02-07,40.7053,41.4884,38.8767,39.0941,5675382
2018-02-08,39.2226,39.6121,37.2852,37.2951,5190142
2018-02-09,37.7201,38.0562,35.2885,36.8009,5896142
2018-02-12,37.2654,38.0068,36.2572,37.6707,5521996
2018-02-13,37.2654,37.5126,36.8701,37.2654,4334097
2018-02-14,36.5735,37.9574,36.4549,37.7597,4485517
2018-02-15,37.9969,38.0068,36.6625,37.6608,4033576
2018-02-16,37.3248,38.2935,36.9887,37.6707,4157701
2018-02-20,37.8486,38.2935,37.6015,37.8585,3073146
2018-02-21,37.5818,37.7498,36.6229,36.7712,6918395
2018-02-22,37.8091,37.9968,34.1023,34.4483,13587409
2018-02-23,34.5966,35.8668,34.3989,35.7135,8077559
2018-02-26,35.9705,36.2869,35.2391,35.5653,5468084
2018-02-27,35.4763,36.0496,34.389,34.3989,5756560
2018-02-28,34.5966,34.8536,33.6476,33.7564,8278809
2018-03-01,33.8453,34.3494,33.5092,33.875,5861904
2018-03-02,33.529,34.4384,33.2127,34.3791,4532539
2018-03-05,34.043,35.1551,34.043,34.8041,3579761
2018-03-06,35.1699,35.2687,34.6163,34.9524,4726929
2018-03-07,34.3989,35.0414,34.0529,34.2506,5018704
2018-03-08,34.3494,34.6855,34.1419,34.5669,3900002
2018-03-09,34.8832,35.2786,34.73,34.9129,3409316
2018-03-12,35.0018,35.4664,34.814,35.0018,3036793
2018-03-13,35.1303,35.5356,34.735,35.0513,3541287
2018-03-14,35.1897,35.7135,35.0908,35.2391,4363348
2018-03-15,35.4664,36.0694,34.7053,34.9327,5385560
2018-03-16,35.0216,35.8865,34.8041,35.7234,7821451
2018-03-19,35.249,35.5752,34.8684,35.16,7509428
2018-03-20,35.4664,36.015,35.1205,35.8519,4881028
2018-03-21,36.0397,37.9178,35.9112,37.6608,4371379
2018-03-22,37.216,37.5719,36.6724,36.8503,5555671
2018-03-23,37.0776,37.5521,36.4549,36.5834,5934781
2018-03-26,37.2457,37.2457,35.7333,36.8503,3672211
2018-03-27,37.0183,37.1468,36.3066,37.048,6917435
2018-03-28,37.216,37.5916,36.6625,36.9195,7176196
2018-03-29,37.1172,38.1748,36.9294,38.0365,6575891
2018-04-02,37.7399,37.9178,36.791,37.4631,5973388
2018-04-03,37.73,37.7597,36.3758,37.562,6953027
2018-04-04,36.9887,37.7893,36.9195,37.7498,7160471
2018-04-05,37.908,38.8865,37.8289,38.3033,5091267
2018-04-06,38.0266,38.2663,37.3643,37.8981,4970736
2018-04-09,38.165,38.8519,37.8783,38.0068,4038439
2018-04-10,38.5801,39.2375,38.4862,38.8272,8260688
2018-04-11,38.5406,39.4895,38.3429,39.1831,3749506
2018-04-12,39.2622,39.3808,38.7185,38.9261,3630228
2018-04-13,39.2226,40.5768,39.2226,40.1518,4684326
2018-04-16,39.8058,40.5175,39.529,40.3198,3431501
2018-04-17,40.4286,41.0908,40.0925,40.8734,3834010
2018-04-18,41.3874,42.8701,41.2984,42.3462,4629583
2018-04-19,42.5142,42.8404,41.506,41.5455,4737109
2018-04-20,41.3467,41.466,40.7202,41.2174,5190851
2018-04-23,40.8793,41.2969,40.223,41.2969,4601210
2018-04-24,41.2572,41.8041,40.3622,40.4119,4248434
2018-04-25,40.2329,41.1577,39.9446,40.7699,4391893
2018-04-26,40.7003,41.0782,40.2329,40.6506,3567976
2018-04-27,40.3523,40.6009,39.8551,39.9545,4044357
2018-04-30,39.7855,40.9787,39.7258,40.7202,3946298
2018-05-01,40.402,40.5313,39.7855,40.223,2760409
2018-05-02,40.1534,41.3566,39.8451,40.8296,4439198
2018-05-03,41.0981,41.2969,37.8588,38.3237,7491473
2018-05-04,38.3834,39.5766,38.274,39.2684,3881160
2018-05-07,39.7855,41.0881,39.1292,39.2485,3830248
2018-05-08,39.1491,39.9048,38.3436,39.8948,4425767
2018-05-09,40.7202,42.0029,40.571,41.0185,4512778
2018-05-10,41.3566,41.6549,40.9091,41.4063,3201365
2018-05-11,41.4262,41.5256,40.934,41.1776,2217185
2018-05-14,41.4759,42.2814,41.4361,42.0726,2478424
2018-05-15,41.9632,42.3013,41.635,42.2814,2031511
2018-05-16,42.1521,42.4902,41.7146,42.4206,1806307
2018-05-17,42.7487,43.8525,42.5697,43.763,4359825
2018-05-18,43.763,43.8028,43.2559,43.6636,3321815
2018-05-21,43.9619,44.2503,43.6835,44.0315,2086110
2018-05-22,44.0514,44.5098,42.7388,42.888,2935816
2018-05-23,42.3808,42.7189,41.814,42.3311,2275717
2018-05-24,41.5654,41.824,40.9489,41.0284,3068593
2018-05-25,40.0738,40.1236,38.7811,39.0596,5017970
2018-05-29,38.6121,39.1689,38.3834,38.7811,2669435
2018-05-30,39.0894,40.5412,38.8905,40.4815,3104624
2018-05-31,40.044,40.6404,39.5965,39.7755,3844853
2018-06-01,39.7954,39.7954,38.632,38.7513,3798234
2018-06-04,39.1789,39.8551,38.8607,38.9601,5566247
2018-06-05,38.7612,39.2883,38.3834,39.0297,3352493
2018-06-06,39.3877,39.696,38.9999,39.3579,3463343
2018-06-07,39.7258,41.9135,39.5269,41.5157,5287532
2018-06-08,41.4361,42.4902,41.0483,42.0029,4500019
2018-06-11,42.709,45.0358,42.4604,44.3497,6943399
2018-06-12,44.3497,44.3636,42.4206,42.52,7035277
2018-06-13,42.3212,43.4945,42.0129,43.0769,5700594
2018-06-14,43.5741,43.5741,42.5499,42.6493,3793746
2018-06-15,42.3112,42.4703,41.0732,41.3765,8703638
2018-06-18,41.3765,43.3553,41.2969,42.5996,6392096
2018-06-19,41.8936,43.2857,41.8538,43.0172,3977672
2018-06-20,43.415,45.5032,43.3255,45.4236,8224112
2018-06-21,44.8568,45.2347,43.9122,44.1111,5339169
2018-06-22,45.712,46.0799,44.4094,44.5088,5147237
2018-06-25,44.4989,44.7892,42.7388,42.8979,4064273
2018-06-26,43.1664,44.1111,42.878,43.9221,3458222
2018-06-27,44.5585,46.0302,44.3696,45.6325,4602481
2018-06-28,45.8711,46.0402,44.9762,45.6822,2762797
2018-06-29,45.8711,47.2235,45.8711,46.4876,4915242
2018-07-02,45.8612,46.1694,44.121,44.4293,4250770
2018-07-03,45.3043,46.4777,45.0657,45.5231,2373553
2018-07-05,45.6822,46.2589,45.4833,46.07,4142995
2018-07-06,45.6921,46.8456,45.3839,46.6467,2693069
2018-07-09,47.0644,48.2477,46.7561,48.1284,4284063
2018-07-10,48.6256,49.3117,47.6014,48.3372,2983791
2018-07-11,47.7605,48.4665,46.9898,47.4124,2785627
2018-07-12,46.9351,47.134,45.7916,46.8058,2867172
2018-07-13,46.6567,47.9295,46.4876,47.1837,2749447
2018-07-16,46.2888,46.3882,45.0657,45.7418,3221620
2018-07-17,45.2546,45.5131,44.7375,45.006,2654944
2018-07-18,44.3596,44.5088,43.6437,44.2105,3590441
2018-07-19,44.0116,44.4491,43.8823,44.3,2541788
2018-07-20,44.45,44.55,43.69,44.38,2039754
2018-07-23,44.91,45.42,44.28,44.35,1857947
2018-07-24,44.39,45.54,44.38,45.05,2302134
2018-07-25,45.15,45.99,44.89,45.7,2066428
2018-07-26,45.8,46.1299,45.437,45.72,1960919
2018-07-27,45.29,46.03,44.66,45.01,2691562
2018-07-30,45.6,46.38,45.6,46.06,2027418
2018-07-31,46.15,46.41,45.12,46.0,1847477
2018-08-01,45.52,45.53,44.29,44.94,4473724
2018-08-02,44.27,45.61,42.63,44.41,5896480
2018-08-03,44.43,45.19,44.37,45.15,2829070
2018-08-06,45.21,46.122,44.86,45.64,1924942
2018-08-07,46.29,46.89,45.89,46.38,2509699
2018-08-08,45.99,46.39,45.42,46.13,2369875
2018-08-09,45.12,45.79,42.27,43.29,9334521
2018-08-10,42.89,44.22,42.53,44.17,3490264
2018-08-13,44.13,44.82,43.65,43.69,2788300
2018-08-14,44.22,44.8,43.85,43.9,1589245
2018-08-15,43.25,43.3499,41.76,41.98,3975098
2018-08-16,42.38,42.7039,41.74,42.17,2560581
2018-08-17,42.46,42.7,41.78,42.0,2247101
2018-08-20,41.81,42.41,41.675,42.03,1886996
2018-08-21,42.43,42.92,42.34,42.67,1938727
2018-08-22,43.12,43.52,42.96,43.28,1929864
2018-08-23,43.0,43.12,42.5,42.86,1735724
2018-08-24,43.33,43.89,43.2311,43.49,1589090
2018-08-27,43.54,43.87,43.41,43.77,1528298
2018-08-28,43.74,43.7699,42.73,42.76,2099355
2018-08-29,42.98,44.0,42.67,43.73,3175313
2018-08-30,43.74,44.535,43.61,44.38,3047251
2018-08-31,44.07,44.22,43.4093,43.83,2096277
2018-09-04,44.02,44.1,42.98,43.18,1651938
2018-09-05,42.87,44.13,42.5,43.92,2554499
2018-09-06,43.75,43.94,42.6,42.66,2355702
2018-09-07,42.23,42.92,41.8163,42.87,2112475
2018-09-10,43.17,43.83,42.9801,43.31,1847743
2018-09-11,43.13,44.275,43.065,44.09,2100865
2018-09-12,44.63,45.46,44.57,45.13,2797335
2018-09-13,44.94,45.0,43.61,44.54,2481685
