date,open,high,low,close,volume
2013-09-16,94.8856,96.0694,94.2893,95.398,1213692
2013-09-17,95.1683,95.3097,93.8697,94.1171,2141181
2013-09-18,94.2143,96.7319,93.7814,96.6171,1124634
2013-09-19,96.7054,98.4104,96.7054,97.1913,1105215
2013-09-20,97.1913,98.0217,95.9104,95.9104,1924236
2013-09-23,95.5305,96.201,94.5793,94.8945,923583
2013-09-24,94.7885,95.4598,94.5676,94.709,672529
2013-09-25,95.1418,95.4863,94.4439,94.8061,654173
2013-09-26,97.0235,101.3698,96.3079,96.9793,3485191
2013-09-27,95.7078,96.259,95.0943,95.1387,1338475
2013-09-30,94.3918,95.281,94.2496,94.7564,1025924
2013-10-01,94.0006,95.9567,93.5391,95.2365,1432585
2013-10-02,95.032,95.7078,94.0539,95.281,1257293
2013-10-03,95.281,95.4498,93.5027,93.7427,1678683
2013-10-04,93.7605,94.7475,93.4493,94.5252,1228688
2013-10-07,94.0628,94.4096,92.9603,93.0225,1141873
2013-10-08,93.1115,93.147,90.8975,91.2087,1657511
2013-10-09,91.431,92.8358,91.0664,92.4624,1313657
2013-10-10,93.4582,96.0279,93.3604,95.85,1847606
2013-10-11,96.2857,96.6947,95.441,96.668,1136899
2013-10-14,95.69,97.2104,95.6011,97.0682,682838
2013-10-15,96.668,97.1393,95.8767,96.1168,1039665
2013-10-16,96.9615,97.5305,96.4102,96.997,822598
2013-10-17,96.8192,97.8951,96.5347,97.6906,886561
2013-10-18,97.9929,98.2596,97.3438,97.9751,1540872
2013-10-21,97.7884,98.6864,97.7261,98.393,545303
2013-10-22,98.8998,99.54,98.7664,99.3444,744326
2013-10-23,99.2999,99.5311,97.8595,98.3841,719940
2013-10-24,98.3841,99.3444,98.2774,99.0332,715724
2013-10-25,98.8376,99.4689,98.3842,99.3444,869357
2013-10-28,99.1665,99.211,96.7303,97.3971,1611237
2013-10-29,96.2146,97.2727,95.1387,95.5566,2337464
2013-10-30,95.8767,97.5927,95.1298,95.3165,1746400
2013-10-31,95.4054,97.2593,94.6052,96.9259,1526732
2013-11-01,96.8725,97.5839,95.6633,96.0279,1140376
2013-11-04,96.1345,96.8281,95.8411,96.7125,773487
2013-11-05,96.4191,97.2638,95.7967,97.0237,643625
2013-11-06,97.326,97.8951,97.0504,97.735,713396
2013-11-07,97.6105,97.6994,96.0456,96.259,1503638
2013-11-08,96.2501,97.4772,96.1168,97.3171,890617
2013-11-11,97.3616,97.6994,96.7836,96.997,874499
2013-11-12,97.0059,97.0859,95.9478,96.0012,1025307
2013-11-13,95.7878,96.3924,95.521,96.0634,1213360
2013-11-14,96.3479,96.7214,95.8411,96.6236,1048818
2013-11-15,96.9348,98.4197,96.7481,98.3307,1049437
2013-11-18,98.2863,98.6331,97.4594,97.7528,839396
2013-11-19,97.7528,98.3752,97.3616,97.8862,898141
2013-11-20,97.7973,98.1173,97.1393,97.4505,861865
2013-11-21,97.7795,97.9484,97.0326,97.5483,1009670
2013-11-22,97.8061,99.0687,97.1393,98.8464,1106741
2013-11-25,98.8464,99.2377,97.3705,97.5572,670437
2013-11-26,97.1482,97.5394,96.668,96.7836,1079113
2013-11-27,96.9615,97.4683,96.6058,97.0237,722402
2013-11-29,97.0059,97.5839,96.5436,96.7658,282448
2013-12-02,96.8725,97.077,95.5833,95.7522,1109727
2013-12-03,95.5833,95.5833,94.5252,95.281,990998
2013-12-04,95.1387,95.85,94.6497,95.5388,725585
2013-12-05,95.1387,95.4499,94.4096,94.703,674145
2013-12-06,95.8589,97.406,95.5388,97.3705,762150
2013-12-09,97.2371,97.3705,96.6236,97.077,833093
2013-12-10,96.4635,97.6016,96.4191,97.0059,625483
2013-12-11,96.8637,96.8903,94.9075,94.9876,706700
2013-12-12,94.8897,95.8056,94.3651,95.5655,697831
2013-12-13,95.6633,96.2546,95.4855,95.7789,686063
2013-12-16,96.0367,96.6058,95.2009,95.4054,860360
2013-12-17,95.5833,96.3391,94.952,95.4944,1316918
2013-12-18,95.9212,96.019,94.0184,95.3877,1882808
2013-12-19,95.1832,98.7398,94.703,98.6242,2244086
2013-12-20,98.882,99.8156,98.7842,98.962,1453211
2013-12-23,99.3533,100.1268,98.8376,100.0468,694119
2013-12-24,100.1268,100.9537,99.8956,100.2869,451982
2013-12-26,100.4113,101.2116,100.2692,101.0604,483096
2013-12-27,101.2471,101.3538,100.4291,100.8559,476726
2013-12-30,100.6411,101.3927,100.6322,100.7396,422716
2013-12-31,100.6859,101.2048,99.6748,100.0148,1178849
2014-01-02,99.818,100.1669,99.4153,99.7106,839074
2014-01-03,100.158,100.2743,99.0753,99.5138,1057819
2014-01-06,99.8269,100.2117,99.1111,99.7553,773899
2014-01-07,100.3906,100.3906,98.4222,98.5206,1292088
2014-01-08,98.6727,98.798,97.6169,98.5027,1398336
2014-01-09,98.6369,99.2811,97.7601,98.118,1127924
2014-01-10,98.5027,98.9948,97.9032,98.0911,1158987
2014-01-13,97.9211,98.9053,96.9549,97.1516,1033080
2014-01-14,97.4469,98.6995,96.7848,98.5743,804316
2014-01-15,98.6011,100.3369,98.5206,99.5406,1313607
2014-01-16,99.3438,100.0864,99.299,99.9343,1119200
2014-01-17,100.0864,100.6877,99.5674,100.2206,1368351
2014-01-21,100.5517,101.0438,99.809,100.2564,798271
2014-01-22,100.8469,101.3033,99.9164,100.4801,1068997
2014-01-23,99.6569,100.1669,99.1559,99.3259,829431
2014-01-24,98.458,98.7353,95.4248,95.4785,1159216
2014-01-27,95.8006,96.0779,94.369,95.0579,1116067
2014-01-28,95.7021,96.5879,94.6195,96.4448,1469414
2014-01-29,95.2637,96.3016,94.3063,94.8432,1645764
2014-01-30,95.2995,95.3263,94.6821,94.7716,909561
2014-01-31,93.7963,94.9774,92.8837,94.0737,1744850
2014-02-03,94.369,94.9237,92.5168,92.83,1789044
2014-02-04,93.3311,94.2258,92.8658,93.0358,1213385
2014-02-05,92.7853,93.5816,91.9174,93.2863,857529
2014-02-06,93.0805,96.0421,92.8389,95.9527,1521042
2014-02-07,96.91,97.8316,96.3508,97.7332,1700034
2014-02-10,97.5274,98.9635,97.5274,98.2522,1604946
2014-02-11,98.6638,100.319,98.2701,100.158,1618494
2014-02-12,100.0685,100.4443,99.9074,100.0953,2049346
2014-02-13,99.129,104.7212,98.968,104.6228,3059121
2014-02-14,104.4886,105.1775,103.6922,105.0254,1365016
2014-02-18,105.1328,106.3783,105.1059,105.6159,1320930
2014-02-19,105.7591,106.1259,104.7301,104.757,1406529
2014-02-20,105.1417,105.6249,103.9249,105.3207,1358214
2014-02-21,105.9112,106.6807,105.5175,105.8217,1322284
2014-02-24,105.5622,106.5286,105.5622,106.2333,1555647
2014-02-25,105.9649,107.3696,105.8486,107.0744,1520056
2014-02-26,106.9491,107.6917,105.0254,105.1059,2946942
2014-02-27,106.2959,107.0386,105.8486,106.7791,1448073
2014-02-28,106.9223,109.3739,106.9044,108.5507,1625990
2014-03-03,107.8975,108.336,107.0565,107.8349,852134
2014-03-04,109.1591,110.1881,108.8549,109.6155,1155421
2014-03-05,109.6155,109.6155,108.667,108.7833,728090
2014-03-06,108.7833,110.5907,108.7207,109.5618,1092714
2014-03-07,110.1702,110.2865,108.5954,108.8639,940536
2014-03-10,108.8012,108.9802,107.3696,108.3539,1288255
2014-03-11,108.676,109.356,107.7902,107.8528,1539545
2014-03-12,107.316,107.5754,106.8686,107.146,1446883
2014-03-13,107.4502,108.2018,106.3588,106.7523,982912
2014-03-14,106.8328,107.486,106.627,107.1638,1037425
2014-03-17,107.5128,108.5507,107.2891,108.1302,942546
2014-03-18,108.6044,109.0249,107.8439,109.007,1183529
2014-03-19,108.8012,109.5618,107.8439,108.3002,1528035
2014-03-20,107.9423,109.3918,107.9423,109.347,1032759
2014-03-21,110.8413,111.3065,109.1412,109.2933,1988905
2014-03-24,109.3202,110.2588,107.3338,107.5396,1441550
2014-03-25,108.3449,108.6581,107.3696,108.2197,970375
2014-03-26,108.7654,108.8818,106.8238,106.8507,710172
2014-03-27,106.7165,106.797,105.5801,105.9738,968422
2014-03-28,106.6223,106.7213,105.6226,105.6406,1600587
2014-03-31,106.7123,107.3878,105.8027,107.2076,1845736
2014-04-01,107.1086,108.0812,107.1086,108.0722,782031
2014-04-02,108.4235,109.7023,107.793,109.6573,1061368
2014-04-03,110.0986,110.702,108.7387,109.1079,1006041
2014-04-04,109.6663,110.0716,107.2076,107.2617,1085371
2014-04-07,107.3788,107.3788,104.9832,105.1723,1056749
2014-04-08,105.1903,106.0098,104.9922,105.4785,1075547
2014-04-09,105.7847,107.0906,105.5667,106.6763,1383283
2014-04-10,106.7213,107.685,104.2987,104.3347,2118665
2014-04-11,104.0195,105.1002,103.6503,103.6953,1682183
2014-04-14,104.3527,104.6049,103.1369,103.7403,1026755
2014-04-15,103.9024,104.794,102.9208,104.749,886253
2014-04-16,105.5145,106.9104,105.2353,106.8834,1696952
2014-04-17,106.6673,107.1446,106.181,106.217,1215199
2014-04-21,105.9648,106.9104,105.6136,105.8657,1293612
2014-04-22,105.9828,107.9822,105.6136,107.3247,1454735
2014-04-23,107.748,108.1893,105.6586,106.6943,1152294
2014-04-24,107.1986,107.1986,106.208,106.6763,743017
2014-04-25,106.6223,106.6223,104.8571,105.4785,735855
2014-04-28,105.1723,105.9,104.1366,105.3884,1304232
2014-04-29,105.9378,106.289,105.2894,105.4875,811236
2014-04-30,105.1182,106.0188,104.9471,105.8387,657392
2014-05-01,105.8838,106.7033,105.1489,105.7487,893090
2014-05-02,105.7397,106.6898,105.2083,106.4691,838111
2014-05-05,106.0909,107.73,105.7036,107.4868,747318
2014-05-06,107.1626,108.4144,106.6313,106.9825,1107815
2014-05-07,107.4058,108.0632,106.1629,108.0002,717397
2014-05-08,107.8381,108.8377,106.9104,107.2076,556416
2014-05-09,107.2257,107.5048,106.4872,106.9194,529369
2014-05-12,107.5409,108.5946,107.1446,107.9641,980783
2014-05-13,108.0722,108.3379,107.3337,107.4418,523049
2014-05-14,107.3788,108.2974,106.9915,107.802,526467
2014-05-15,107.4868,107.4868,105.0642,105.3524,1006595
2014-05-16,105.4425,106.7573,105.0732,106.7213,1021460
2014-05-19,106.7123,107.5499,106.199,106.4782,546397
2014-05-20,106.1089,106.5052,104.731,105.1453,731109
2014-05-21,105.5235,106.9465,105.0193,106.7303,770675
2014-05-22,106.5772,107.1716,106.1629,106.4421,394642
2014-05-23,106.4331,107.0365,105.9468,106.9375,587928
2014-05-27,107.3788,107.82,106.8294,106.9825,458342
2014-05-28,106.9915,107.2977,106.4962,106.5502,371254
2014-05-29,107.3697,108.3604,106.217,108.2703,533270
2014-05-30,107.9371,108.1533,107.3247,108.0452,495993
2014-06-02,108.0722,109.9275,107.8381,109.7203,858649
2014-06-03,109.4501,109.7293,108.8377,109.4591,661487
2014-06-04,109.18,109.6303,108.4235,108.4775,829129
2014-06-05,109.1529,110.783,107.676,110.6479,1002512
2014-06-06,110.747,111.2964,110.4138,111.2694,563354
2014-06-09,111.1343,111.1388,110.3192,110.729,714110
2014-06-10,110.4498,111.0802,109.7023,111.0622,1233168
2014-06-11,110.4138,110.729,109.7293,109.8644,603377
2014-06-12,109.8014,109.8014,107.4598,107.6579,995017
2014-06-13,107.703,109.4051,107.5319,109.0899,700331
2014-06-16,109.0359,109.0359,107.721,108.5405,817952
2014-06-17,108.2343,109.5402,107.8921,109.5132,804140
2014-06-18,115.9075,118.4111,115.7904,117.7267,9193185
2014-06-19,117.3394,117.9338,116.5289,116.8081,2099342
2014-06-20,117.3034,117.8257,116.8243,117.7537,2460753
2014-06-23,117.6006,117.6366,116.763,117.1953,753804
2014-06-24,117.1233,117.2223,116.1236,116.3758,1376055
2014-06-25,116.3668,117.2584,115.3941,116.664,947530
2014-06-26,116.8261,117.0242,115.295,116.0245,920593
2014-06-27,114.9464,116.5591,114.7199,116.5229,1514779
2014-06-30,116.3417,117.1933,115.3722,116.5319,1405541
2014-07-01,116.242,117.3111,115.2997,117.1118,1561775
2014-07-02,117.4742,117.4742,116.3779,116.541,829885
2014-07-03,117.2386,117.3564,116.8762,117.2567,519375
2014-07-07,116.6588,117.0574,116.2782,116.7947,707365
2014-07-08,116.1151,117.0846,115.9158,116.4957,842202
2014-07-09,117.2114,117.3111,116.4141,117.1299,836843
2014-07-10,115.9702,116.9668,115.6803,116.5953,706760
2014-07-11,116.4232,117.2839,116.2692,117.2567,631578
2014-07-14,117.7641,117.7641,117.0483,117.4289,924488
2014-07-15,117.7641,118.4617,117.1208,117.4198,1434233
2014-07-16,117.7732,118.1265,117.1027,117.601,827462
2014-07-17,117.0574,117.9272,116.2964,117.7641,1163056
2014-07-18,117.0574,117.9272,116.2964,117.7641,1163056
2014-07-21,117.1752,117.9272,116.9215,117.8366,923954
2014-07-22,117.8185,118.2896,117.524,118.0812,988146
2014-07-23,117.9634,123.4992,117.8275,123.2999,4299773
2014-07-24,122.566,123.6079,122.0949,122.4573,1667588
2014-07-25,122.0677,123.2183,122.0224,123.1005,1220766
2014-07-28,122.9918,123.5173,122.1492,123.5082,1302851
2014-07-29,123.6713,123.9431,123.0915,123.0915,1457530
2014-07-30,123.3723,124.0383,122.0224,122.6204,981079
2014-07-31,121.5966,122.3304,119.5399,119.549,1471550
2014-08-01,121.5694,122.7925,120.5637,122.6022,864857
2014-08-04,121.5694,122.7925,120.5637,122.6022,864857
2014-08-05,122.4935,122.4935,119.6849,120.1922,2886370
2014-08-06,119.9295,120.6362,119.4674,119.8842,1470751
2014-08-07,120.4459,120.4459,118.3983,118.8332,1045253
2014-08-08,119.1231,120.2828,118.652,120.2013,937711
2014-08-11,120.7721,120.9885,119.5036,119.6214,889058
2014-08-12,119.7302,119.9023,118.7517,119.5852,583758
2014-08-13,120.2375,120.3145,119.6577,119.9929,1140919
2014-08-14,120.1469,120.5999,119.7664,120.0926,543019
2014-08-15,120.3553,121.2432,119.1956,120.3009,840826
2014-08-18,120.8536,121.6872,120.8536,121.5331,989493
2014-08-19,121.6056,122.1308,121.0167,121.7506,1341830
2014-08-20,121.6962,121.7687,120.7993,121.2341,750362
2014-08-21,121.3066,121.4244,120.4369,120.6181,1137080
2014-08-22,120.6452,120.7721,120.0382,120.2738,779592
2014-08-25,120.7993,121.2613,120.1922,120.6634,701998
2014-08-26,121.2432,121.2432,120.5184,120.8627,693871
2014-08-27,120.5275,121.216,119.9476,120.5003,1099255
2014-08-28,120.0473,121.3157,119.4946,120.8083,1839722
2014-08-29,121.1345,121.2885,120.165,120.6905,960225
2014-09-02,120.6543,120.9623,119.3315,119.857,1254171
2014-09-03,119.8479,120.8989,119.8479,120.3915,1020967
2014-09-04,120.4006,120.8627,119.7664,119.9838,777737
2014-09-05,119.7845,120.1197,119.1557,120.0835,846349
2014-09-08,119.8661,120.8536,119.2862,119.5852,931268
2014-09-09,119.6305,119.6305,117.3473,117.8819,1261905
2014-09-10,117.7188,119.3496,117.0212,119.2409,3813232
2014-09-11,118.208,118.2443,115.9974,116.3598,3140054
2014-09-12,116.3235,116.9215,115.4809,116.1695,2041601
2014-09-15,115.8162,116.9306,114.9011,116.8309,2428076
2014-09-16,116.6316,119.8479,116.2873,119.1231,3398972
2014-09-17,119.5852,120.5184,117.9815,118.6158,2301250
2014-09-18,119.3406,124.532,118.7426,120.5365,4749351
2014-09-19,121.1254,123.1821,120.8355,121.8593,6640362
2014-09-22,121.8593,122.0405,121.1888,121.5875,1918544
2014-09-23,121.5875,121.7868,120.8174,120.8717,2038624
2014-09-24,121.2251,123.2183,120.7811,122.9284,1776101
2014-09-25,122.1764,122.421,120.3104,120.5184,1805861
2014-09-26,120.5003,122.566,120.5003,122.1039,1290530
2014-09-29,121.1835,121.9809,121.0377,121.3111,1140296
2014-09-30,121.2929,121.466,118.623,118.623,1801525
2014-10-01,117.9487,118.1947,114.9963,115.2515,3023845
2014-10-02,115.1239,116.837,113.4381,116.108,2432292
2014-10-03,117.6115,118.0034,116.3449,117.1468,1359912
2014-10-06,117.5113,117.5204,116.5819,117.247,1338401
2014-10-07,116.4998,116.6092,114.5043,114.6774,2101243
2014-10-08,114.6318,115.6433,112.4814,115.4519,2303527
2014-10-09,115.2697,115.379,111.315,112.3629,2650398
2014-10-10,111.6613,112.9279,110.6589,112.044,2627968
2014-10-13,111.7706,112.3902,108.2442,108.4629,2332976
2014-10-14,108.9823,111.8071,107.7065,110.2671,2945688
2014-10-15,108.6542,115.5977,107.743,115.0601,3643015
2014-10-16,114.1124,117.7391,113.4982,116.3723,3022829
2014-10-17,117.3655,118.2129,116.5636,117.5569,2040208
2014-10-20,117.484,118.4316,116.9737,118.4316,1321847
2014-10-21,118.2767,120.0091,118.0216,119.1424,2203518
2014-10-22,119.7256,120.7006,117.9851,118.0945,1462948
2014-10-23,119.3337,119.4522,117.6115,118.0216,1572165
2014-10-24,118.0034,120.2723,117.4475,119.8258,1308634
2014-10-27,118.8508,118.8508,116.4816,117.1377,2026240
2014-10-28,117.6571,118.6956,117.2197,118.2038,1539005
2014-10-29,118.2129,118.2312,115.5704,117.4111,3736423
2014-10-30,119.3702,123.9992,119.3702,121.7212,3141908
2014-10-31,122.4592,123.3969,121.3293,122.7053,2853592
2014-11-03,122.6597,124.1359,121.4842,123.3705,1684616
2014-11-04,123.0151,123.17,121.2564,121.8032,1935189
2014-11-05,123.0151,123.0971,121.712,122.0765,1479761
2014-11-06,122.4046,123.1609,121.5945,123.0242,1181498
2014-11-07,123.3522,123.6894,122.4684,122.9604,971616
2014-11-10,123.0151,123.1427,122.3408,122.924,678870
2014-11-11,122.9513,123.334,122.5504,122.9422,802533
2014-11-12,123.0151,123.334,122.5549,122.8237,1410460
2014-11-13,122.9969,123.8079,122.6779,123.498,820988
2014-11-14,123.2247,124.1086,122.5139,122.7508,728609
2014-11-17,122.8784,123.8261,122.5595,123.7532,1410976
2014-11-18,123.9263,126.8787,123.735,126.5689,1238663
2014-11-19,127.4801,129.8401,127.4163,129.5212,1847888
2014-11-20,128.7102,130.1135,128.4642,130.0133,1123546
2014-11-21,131.1341,132.4827,130.8789,132.264,1694476
2014-11-24,132.264,132.6923,131.453,131.8995,1054388
2014-11-25,131.9997,133.4577,131.9997,132.4462,1748272
2014-11-26,132.018,132.3916,131.0976,132.3187,925074
2014-11-28,131.9724,132.1273,130.6785,131.0612,551147
2014-12-01,130.8789,131.7264,130.2775,131.2981,955695
2014-12-02,131.0885,131.6261,130.6147,131.043,992195
2014-12-03,130.8972,132.7652,130.6876,132.4736,942945
2014-12-04,132.1182,133.321,131.4257,132.8563,826012
2014-12-05,132.9748,134.4327,132.8745,133.7037,787815
2014-12-08,133.5853,133.6673,132.2276,132.6649,944242
2014-12-09,131.8084,132.1638,130.6466,131.9177,919446
2014-12-10,131.535,131.9633,128.9289,129.4028,1181943
2014-12-11,130.2411,131.699,129.5121,130.5509,1160429
2014-12-12,129.2843,129.9677,125.7214,125.8034,1797112
2014-12-15,126.5871,126.7693,123.3887,125.1291,2000627
2014-12-16,124.4001,127.4527,124.2726,124.6735,1237445
2014-12-17,125.3296,128.8014,124.9605,128.446,1568986
2014-12-18,129.9677,131.8448,129.7581,131.6261,2255844
2014-12-19,132.1182,135.5353,131.6261,133.9862,2286104
2014-12-22,133.9498,134.7334,133.5124,134.7061,992089
2014-12-23,135.1708,136.0255,134.9886,135.3895,666324
2014-12-24,135.3895,135.8451,134.9065,135.3895,272320
2014-12-26,135.5171,136.3281,134.8974,135.8816,323247
2014-12-29,135.5171,136.0456,134.6423,135.1708,532909
2014-12-30,134.5846,135.5001,133.8976,134.1358,649601
2014-12-31,133.4396,134.5113,132.0061,132.1115,1037281
2015-01-02,131.342,133.5862,130.8749,133.2106,1347373
2015-01-05,132.2305,132.2305,127.9804,128.9513,1764222
2015-01-06,129.6017,130.7558,127.9712,128.9055,1188269
2015-01-07,129.9131,130.6642,128.9055,130.2978,677102
2015-01-08,130.8932,133.6412,130.8932,133.3114,998517
2015-01-09,133.6228,133.6228,131.168,131.3146,743248
2015-01-12,131.2138,131.2962,129.6383,130.4077,530427
2015-01-13,131.2321,132.1618,128.3285,129.7208,691361
2015-01-14,127.7697,128.4384,126.0569,128.1728,1023910
2015-01-15,129.4643,130.1146,127.4125,127.7423,921237
2015-01-16,127.7789,128.6033,125.5531,127.9712,1464001
2015-01-20,129.1254,129.8124,127.3026,129.5009,968991
2015-01-21,129.4551,131.5894,128.8139,131.0764,747115
2015-01-22,131.7084,132.3221,129.7299,132.1939,883436
2015-01-23,131.9008,131.9741,130.2612,131.4062,848611
2015-01-26,131.0398,131.4886,129.7757,131.0581,1218343
2015-01-27,129.6658,131.1405,128.6857,129.9314,1240451
2015-01-28,130.2978,130.8932,126.7622,127.1652,1854137
2015-01-29,130.9848,135.6105,130.9848,134.6396,3451223
2015-01-30,133.4122,136.4807,132.8168,133.3755,2650289
2015-02-02,132.2397,135.7113,129.9589,135.2716,1360130
2015-02-03,136.0135,136.6181,134.2457,135.9403,1313913
2015-02-04,135.6197,136.9387,134.8594,135.9494,988181
2015-02-05,136.7372,138.8347,136.4349,138.7889,1207796
2015-02-06,138.56,139.0271,137.186,137.6898,748607
2015-02-09,137.5799,138.3997,136.7921,137.186,864493
2015-02-10,137.415,138.1844,136.1601,137.6623,915605
2015-02-11,137.2959,137.8913,136.2425,137.4058,756028
2015-02-12,138.2943,139.7507,137.502,139.4301,1440213
2015-02-13,139.2836,140.6759,139.0363,139.9706,727941
2015-02-17,139.7049,141.2346,139.4118,140.5659,827312
2015-02-18,140.5659,141.088,139.7782,140.9415,715628
2015-02-19,141.5186,143.9093,141.1064,142.9658,960536
2015-02-20,142.7185,144.4772,141.6193,144.413,898430
2015-02-23,143.6436,144.1383,142.746,142.9841,830199
2015-02-24,143.2956,144.3031,142.8467,143.7902,741085
2015-02-25,143.7902,144.3947,143.6345,143.8543,450771
2015-02-26,143.5704,144.065,142.7551,143.4696,514254
2015-02-27,143.607,143.6894,142.8467,143.0208,648685
2015-03-02,143.1215,144.9077,142.8925,144.8436,882978
2015-03-03,144.5779,144.9077,142.7643,142.9475,686408
2015-03-04,142.8009,143.5337,141.4544,141.7384,1122486
2015-03-05,141.7934,142.0315,141.2392,141.8483,611234
2015-03-06,140.8316,141.2529,139.508,139.7874,993856
2015-03-09,140.3919,141.2896,140.1171,140.9598,591439
2015-03-10,139.65,139.9156,138.5691,139.3202,966726
2015-03-11,139.824,139.9522,138.5783,138.5874,798900
2015-03-12,139.3385,140.5751,139.2286,140.4102,731497
2015-03-13,139.8606,140.2683,138.4226,139.2286,678401
2015-03-16,140.053,140.5476,139.1828,139.8057,653563
2015-03-17,139.5126,140.3644,138.6607,139.8148,790839
2015-03-18,139.0088,142.7002,137.7173,141.6834,1189206
2015-03-19,140.8499,141.088,138.8439,139.4484,779084
2015-03-20,139.1828,140.74,138.2668,139.879,1866472
2015-03-23,139.879,140.3278,139.1279,139.1279,814439
2015-03-24,139.2286,139.9614,138.8989,139.3935,632279
2015-03-25,139.5126,140.7125,137.9737,138.0012,831825
2015-03-26,137.3234,139.192,136.3982,138.4592,843147
2015-03-27,138.5783,140.3003,137.7264,139.9156,1061846
2015-03-30,141.8218,142.32,140.901,141.6284,1598928
2015-03-31,141.1035,141.9139,139.1974,139.3079,1620571
2015-04-01,138.9487,139.8051,137.5168,138.212,1410322
2015-04-02,137.9726,139.713,137.7654,139.0869,588988
2015-04-06,139.1145,140.4589,138.7001,140.0538,875125
2015-04-07,139.7038,141.2969,139.1605,139.2158,662760
2015-04-08,139.446,140.1827,138.3317,139.0224,641138
2015-04-09,139.0224,140.1551,138.608,140.0169,541482
2015-04-10,140.1919,140.4405,139.0408,139.8972,509927
2015-04-13,139.5657,140.4313,138.6264,138.6633,815647
2015-04-14,139.0684,140.3392,138.5988,139.8235,956141
2015-04-15,140.3024,141.7481,139.934,140.2932,809943
2015-04-16,139.9709,139.9709,138.8198,139.5933,621495
2015-04-17,138.8198,139.4092,136.8676,137.991,982790
2015-04-20,138.5896,139.5933,138.0002,139.3907,662033
2015-04-21,139.9709,140.33,139.1145,139.9064,676697
2015-04-22,139.7959,140.0814,138.4607,139.4828,539804
2015-04-23,139.2526,139.5012,138.1568,138.6817,618774
2015-04-24,138.7369,139.1237,137.549,138.1844,1072680
2015-04-27,138.0831,140.1366,136.9228,139.1053,2014973
2015-04-28,138.9119,141.4258,137.9542,140.8549,2479971
2015-04-29,139.8051,140.8825,139.3907,139.8512,1391047
2015-04-30,141.214,141.214,131.0109,132.0791,4796493
2015-05-01,132.3738,136.1953,132.1528,134.9982,1949072
2015-05-04,136.223,137.282,135.4679,135.9007,1122401
2015-05-05,136.4624,137.1991,133.488,133.9024,1018890
2015-05-06,134.8048,135.4863,133.2579,134.0313,731205
2015-05-07,133.7827,134.9706,132.9631,134.6207,790516
2015-05-08,136.1677,137.2267,135.9099,136.2598,920947
2015-05-11,135.7257,136.5452,134.4089,134.4549,909170
2015-05-12,133.4788,134.1971,132.7421,133.046,763394
2015-05-13,133.2118,134.4918,132.2587,133.4788,1912978
2015-05-14,134.4457,136.0388,133.3683,135.9375,996111
2015-05-15,136.2414,137.1715,135.5323,136.7295,909009
2015-05-18,136.665,136.8307,135.6935,136.223,527017
2015-05-19,136.269,137.549,135.5047,135.8362,760600
2015-05-20,136.0296,136.2966,135.1916,135.4771,640723
2015-05-21,135.0995,136.665,134.989,136.2782,609236
2015-05-22,135.8454,136.3519,134.7864,135.1548,749916
2015-05-26,134.4733,134.8325,133.802,134.4825,669623
2015-05-27,134.4457,136.3335,134.0313,135.8638,617810
2015-05-28,135.339,136.5729,135.2284,136.4716,521291
2015-05-29,136.1493,136.665,134.8233,135.1456,1066799
2015-06-01,135.9651,136.3795,134.7128,135.781,660436
2015-06-02,135.4955,136.9781,134.6943,136.4256,1002062
2015-06-03,136.4164,137.2912,136.2966,136.6005,1194665
2015-06-04,133.5893,135.56,133.2164,134.3813,1407328
2015-06-05,133.8472,134.4181,133.1473,134.059,847256
2015-06-08,133.9485,134.2339,133.0828,133.1013,567794
2015-06-09,133.6354,134.059,132.2909,133.0,925770
2015-06-10,133.9577,134.768,133.4696,134.3905,659165
2015-06-11,134.5838,135.8178,134.4273,134.6299,654955
2015-06-12,134.151,134.814,133.2486,133.4788,606477
2015-06-15,132.7513,133.6814,131.8121,132.7237,779067
2015-06-16,132.7882,134.547,132.7882,134.1787,646912
2015-06-17,134.6667,135.1548,133.7274,134.6023,755910
2015-06-18,135.2745,136.0204,135.0074,135.3113,896139
2015-06-19,134.9614,135.4679,133.5985,133.6814,841871
2015-06-22,134.4089,134.9982,133.6446,134.3076,897073
2015-06-23,134.2523,134.9798,133.1658,133.4051,1015753
2015-06-24,132.8803,132.9309,131.6279,132.3462,866933
2015-06-25,133.0184,133.3315,130.928,131.5266,857594
2015-06-26,131.8305,132.2449,130.2834,130.8359,2587659
2015-06-29,130.2247,130.6785,126.7887,127.0017,1752942
2015-06-30,127.6871,128.2057,126.5942,126.7239,1190757
2015-07-01,126.9184,128.4372,126.9184,128.2891,1166838
2015-07-02,128.9281,129.0948,126.1126,127.2332,1360917
2015-07-06,126.0663,127.048,125.4921,126.0571,861376
2015-07-07,126.1219,127.1221,124.9549,126.8072,1134492
2015-07-08,125.4643,125.983,123.1212,123.1675,1549909
2015-07-09,124.6493,125.3161,122.4544,122.4914,1638740
2015-07-10,124.1214,126.2238,122.4914,125.8903,1034209
2015-07-13,126.9276,127.3351,126.0385,126.409,720584
2015-07-14,126.2886,127.6593,126.1682,127.0573,773600
2015-07-15,126.8628,128.2057,126.4368,127.3444,1130613
2015-07-16,127.6407,127.9279,126.2701,126.9461,2510022
2015-07-17,126.9461,126.9554,125.4551,126.1497,670432
2015-07-20,126.0293,126.1034,125.0753,125.2513,728313
2015-07-21,125.4551,125.631,122.9082,123.5843,897008
2015-07-22,123.399,124.1676,122.8248,122.9915,1576386
2015-07-23,123.149,123.149,121.5259,122.9082,1951529
2015-07-24,122.6025,122.9082,119.8797,120.4539,1541621
2015-07-27,119.4814,120.0927,118.9072,119.3055,1615574
2015-07-28,119.9445,123.9084,119.0184,123.01,1862346
2015-07-29,122.7137,124.6586,121.8987,124.2326,1712796
2015-07-30,131.9751,133.3643,130.1228,131.8269,3569654
2015-07-31,132.6512,133.4662,130.9841,131.9844,2348905
2015-08-03,131.6787,136.4113,131.4287,135.1054,2816339
2015-08-04,135.4018,136.8466,134.9295,135.2999,1199626
2015-08-05,136.8373,137.5875,134.6239,136.5595,1331173
2015-08-06,136.578,137.393,135.6889,136.1612,2335817
2015-08-07,135.8556,136.7169,134.7813,135.3925,1728882
2015-08-10,136.7262,137.4023,136.2261,137.393,1004350
2015-08-11,135.9019,136.2631,134.6794,135.8649,1163687
2015-08-12,135.1703,135.3879,133.0216,134.6424,1716343
2015-08-13,134.2349,135.6148,133.8274,134.9758,773564
2015-08-14,135.2166,136.2168,134.8739,135.9019,506665
2015-08-17,135.8464,136.2816,135.0591,135.9204,421342
2015-08-18,135.5778,136.0501,134.948,135.2444,849568
2015-08-19,134.559,134.948,133.609,133.9663,1001524
2015-08-20,132.8457,133.5079,129.9144,130.0117,1348316
2015-08-21,129.243,129.493,126.8257,127.3351,1769934
2015-08-24,120.4076,126.5155,115.7676,122.547,2526679
2015-08-25,127.0388,127.9001,124.7234,124.8531,2643597
2015-08-26,127.7426,128.4673,124.5937,127.613,1598133
2015-08-27,128.9281,130.9286,127.4277,130.2617,1195438
2015-08-28,129.3912,130.9471,128.7521,130.2803,1024760
2015-08-31,129.2152,130.0487,128.0205,129.2244,661475
2015-09-01,126.585,127.3722,125.0476,125.8811,1218606
2015-09-02,126.622,128.6873,126.2515,128.6873,1340070
2015-09-03,129.456,130.3821,128.7892,129.2893,880000
2015-09-04,127.2888,127.8723,125.5106,125.8626,992967
2015-09-08,127.5944,129.0902,127.1221,128.9651,930874
2015-09-09,130.0024,130.4655,126.8998,127.0851,1187409
2015-09-10,125.3624,127.9371,125.3624,126.4275,2101916
2015-09-11,125.6681,126.6451,125.0753,126.3442,1408660
2015-09-14,126.4738,126.4738,125.2235,125.4736,791228
2015-09-15,126.0756,126.0756,124.7512,125.6032,936471
2015-09-16,125.5847,128.5484,125.4088,128.4372,1095848
2015-09-17,128.9744,131.0489,127.4092,128.7614,2203170
2015-09-18,126.7239,127.3907,124.4733,124.6586,1719285
2015-09-21,125.3347,126.0663,123.9732,124.9086,1059194
2015-09-22,123.8436,123.9177,121.7227,122.8248,1637984
2015-09-23,122.8526,123.1304,120.6206,120.8429,1074562
2015-09-24,119.6482,120.4169,117.8329,119.8982,1293329
2015-09-25,120.8984,121.0281,117.6153,118.2034,1715700
2015-09-28,117.2865,117.4393,115.3138,115.9992,1476375
2015-09-29,115.9805,117.5652,115.2721,117.2855,1493928
2015-09-30,118.6465,119.5228,117.444,118.9262,1717175
2015-10-01,118.9728,120.6693,118.0592,120.5015,2256031
2015-10-02,119.2711,121.6947,118.2177,121.6667,1736475
2015-10-05,122.9811,123.9692,122.4945,123.9039,1951637
2015-10-06,123.8294,124.8687,123.5218,123.7828,927703
2015-10-07,124.137,125.2836,122.9997,125.0692,1438609
2015-10-08,126.3369,128.8258,125.3208,128.5555,1548106
2015-10-09,128.9936,131.1003,128.3131,130.4571,1631627
2015-10-12,130.1868,130.6156,128.6487,129.3944,610367
2015-10-13,128.3131,129.8978,127.5021,128.9097,1498050
2015-10-14,128.8538,129.6275,128.3411,129.1334,613599
2015-10-15,130.0003,130.5037,128.9004,130.28,812981
2015-10-16,130.9698,131.1376,128.6207,129.441,732294
2015-10-19,128.7326,129.3571,128.0801,128.6673,453952
2015-10-20,128.6114,129.3571,127.9216,128.0335,843335
2015-10-21,128.5089,128.7419,123.7734,126.3462,2025136
2015-10-22,127.2877,128.5741,126.7191,128.4809,1504395
2015-10-23,130.0936,131.3427,128.686,130.4944,1603225
2015-10-26,130.4757,130.8859,130.0842,130.2893,876739
2015-10-27,129.3292,130.1961,129.1614,129.7859,1036519
2015-10-28,129.7859,132.4985,129.497,132.4892,1440430
2015-10-29,128.1919,132.6291,126.542,128.0428,2567909
2015-10-30,128.5741,130.7554,128.5741,129.5529,1795180
2015-11-02,129.4504,130.4944,128.8911,129.1614,1256515
2015-11-03,128.8724,130.2334,128.3644,129.3012,754621
2015-11-04,130.4105,130.5037,128.4716,128.8165,891620
2015-11-05,128.4343,129.2359,126.3183,127.9868,1272015
2015-11-06,126.9615,129.2546,126.775,129.2173,899631
2015-11-09,128.7326,129.0449,126.0386,127.0826,964007
2015-11-10,126.775,127.6606,125.759,127.4462,827993
2015-11-11,128.0148,128.0148,126.7098,127.5208,624435
2015-11-12,126.1971,126.775,125.6098,126.1225,1112743
2015-11-13,126.2623,129.2826,125.0785,128.0614,1565859
2015-11-16,128.0521,130.9045,127.9496,130.83,1387268
2015-11-17,130.6062,134.0739,129.6368,130.0097,2611508
2015-11-18,130.1122,130.5363,127.586,129.9724,1315801
2015-11-19,130.0003,130.8579,129.2033,130.4664,966484
2015-11-20,130.5876,131.2448,129.6275,129.8419,640546
2015-11-23,130.1402,131.7435,130.1402,130.6715,796216
2015-11-24,129.7859,130.5969,129.1521,130.0097,926103
2015-11-25,129.7486,130.8113,128.9377,128.9656,821753
2015-11-27,128.7699,129.5809,127.9775,128.5461,537927
2015-11-30,128.4995,129.0915,127.5767,127.6047,1064002
2015-12-01,127.4648,128.9563,126.1598,128.6394,1510897
2015-12-02,128.1826,129.6088,127.3716,129.1055,3747724
2015-12-03,129.5343,130.0097,126.1412,126.5606,2001735
2015-12-04,127.1013,129.2266,126.8776,129.0495,1084166
2015-12-07,128.3038,128.4063,126.8869,127.5301,1502148
2015-12-08,126.2717,127.4182,123.6895,123.9506,1697553
2015-12-09,124.4073,126.2064,123.4015,124.7709,1742706
2015-12-10,124.4446,124.9293,123.0743,123.5218,2032090
2015-12-11,121.5176,122.1328,120.3524,121.6295,2197833
2015-12-14,121.4617,121.8625,119.3177,120.2126,2210549
2015-12-15,121.2473,122.9531,121.0981,122.5803,1739177
2015-12-16,123.7082,123.7828,120.7346,123.2421,2197022
2015-12-17,123.5404,123.876,120.921,121.5176,2460484
2015-12-18,120.7159,121.2007,119.1312,119.1778,2260270
2015-12-21,120.5481,121.3032,119.4855,121.1354,1945896
2015-12-22,121.7133,123.1023,121.3218,122.6269,896003
2015-12-23,123.6336,124.3141,123.065,124.1463,573238
2015-12-24,123.8946,124.7895,123.699,124.1556,338920
2015-12-28,123.5311,123.9506,123.0743,123.6057,635068
2015-12-29,124.631,125.5912,123.4285,124.165,659329
2015-12-30,123.8836,124.859,123.6872,124.043,805635
2015-12-31,123.2833,123.9211,121.8953,122.0266,847715
2016-01-04,120.2446,121.2482,119.1708,121.1638,1320341
2016-01-05,120.4885,121.2388,118.0828,118.9973,1355748
2016-01-06,117.1028,117.3091,115.2176,116.0992,1490026
2016-01-07,113.7358,115.1051,111.7756,112.2071,3944829
2016-01-08,112.8261,113.3794,111.4474,111.6256,2577240
2016-01-11,113.6045,113.717,111.2692,112.0664,2274969
2016-01-12,113.1918,113.7358,112.0383,113.6795,2381556
2016-01-13,114.3548,114.7487,111.03,111.1848,1340900
2016-01-14,111.8319,112.1602,108.4556,111.0253,3200747
2016-01-15,108.4743,110.8003,107.724,110.5001,2324398
2016-01-19,111.4099,112.676,110.0406,112.1602,1794149
2016-01-20,110.2938,111.2411,107.5177,110.2563,1735095
2016-01-21,110.8378,111.5318,109.1496,109.8905,1209246
2016-01-22,111.7006,113.1942,110.6033,111.5787,1036208
2016-01-25,111.5224,111.7944,108.9339,109.084,1109015
2016-01-26,110.0031,112.1508,109.2153,111.0535,1212713
2016-01-27,110.7815,113.0038,110.2188,110.7346,1516883
2016-01-28,111.3536,112.9574,110.7346,111.6162,1828640
2016-01-29,114.6924,118.9035,113.7733,118.8378,3277071
2016-02-01,117.6467,123.4991,117.2481,123.1051,3288288
2016-02-02,122.9176,124.1181,121.0231,122.6831,3684997
2016-02-03,124.5401,125.5718,122.7019,125.0934,2952102
2016-02-04,125.009,128.4885,124.6995,127.7007,3232987
2016-02-05,127.7007,128.4041,126.5753,127.1755,2063716
2016-02-08,125.6843,125.8344,120.7886,122.6268,2566185
2016-02-09,121.2482,125.1685,120.8167,124.2306,1657425
2016-02-10,124.5964,126.1439,122.036,122.3455,1388191
2016-02-11,120.5729,121.9234,118.2713,119.3068,2109805
2016-02-12,120.8074,122.8238,119.363,122.2517,1109656
2016-02-16,123.7429,123.7851,121.6327,123.1896,920688
2016-02-17,124.4463,124.8871,123.1145,124.2775,1185663
2016-02-18,124.1649,124.6948,122.4674,123.0207,1078338
2016-02-19,122.5799,123.7054,120.873,123.3584,1166096
2016-02-22,124.6151,125.5905,124.0618,124.662,895731
2016-02-23,123.8461,124.3713,122.4581,123.0583,975552
2016-02-24,120.7886,123.5459,118.5283,123.3771,747933
2016-02-25,123.893,124.737,122.3455,124.7277,633241
2016-02-26,125.356,126.1157,124.7464,125.3373,825957
2016-02-29,125.1403,126.3877,124.1837,124.24,1835945
2016-03-01,125.4686,126.8285,123.7148,126.0407,1309975
2016-03-02,125.1216,126.594,124.4087,125.8813,932455
2016-03-03,126.1532,127.5038,125.6796,126.5002,1090927
2016-03-04,127.2412,127.7758,125.281,126.4158,1233622
2016-03-07,126.322,127.5507,125.4686,126.6128,897459
2016-03-08,125.5999,126.6925,123.7429,125.8813,13887984
2016-03-09,126.716,127.0817,125.3842,126.3127,9906817
2016-03-10,127.0536,127.6351,124.7558,126.2376,4220162
2016-03-11,127.5319,129.2201,126.6128,127.9915,1283507
2016-03-14,127.5319,128.179,126.8566,127.7851,2628843
2016-03-15,126.6784,127.063,125.3279,125.7218,1712846
2016-03-16,125.009,127.9727,124.8871,127.6069,1554543
2016-03-17,128.5823,132.6152,127.7382,132.2025,2250006
2016-03-18,132.3338,133.8719,131.5929,132.7934,2901338
2016-03-21,132.4839,133.0466,131.0489,131.9493,1903284
2016-03-22,131.3022,134.9505,131.0583,134.1814,2740732
2016-03-23,133.6093,134.988,132.7371,134.988,2508672
2016-03-24,135.0912,135.3913,132.5401,132.9528,1161195
2016-03-28,133.5155,134.716,133.1386,134.2377,1723509
2016-03-29,133.4124,136.9013,132.7371,136.0245,1984234
2016-03-30,136.8076,138.8455,136.2132,137.0435,1350311
2016-03-31,136.9302,137.4492,135.2225,135.9112,1233976
2016-04-01,135.3923,137.3171,133.8827,137.1001,1333227
2016-04-04,135.6093,135.9396,133.9771,134.6375,1530084
2016-04-05,133.9771,135.2885,133.5242,134.6375,940681
2016-04-06,134.3356,135.5999,133.6469,135.5716,722192
2016-04-07,135.0149,135.1093,133.5619,133.8355,730680
2016-04-08,135.298,135.8075,134.0526,134.4677,513968
2016-04-11,135.364,136.2037,135.0432,135.2602,936118
2016-04-12,135.6565,136.6566,134.7696,136.0811,612688
2016-04-13,136.7793,137.0057,135.5338,136.2415,872188
2016-04-14,136.7415,136.9774,136.0433,136.8831,1019992
2016-04-15,136.9302,137.0057,136.0952,136.8359,682114
2016-04-18,136.4868,138.2417,135.9867,138.1945,683734
2016-04-19,139.1097,140.7703,138.3549,140.7703,1089075
2016-04-20,140.8929,140.8929,139.8268,140.4212,917182
2016-04-21,140.3646,140.9873,139.5626,139.94,666307
2016-04-22,140.6288,141.0533,139.2229,139.7513,718794
2016-04-25,138.9776,139.6664,138.3832,139.6003,863191
2016-04-26,139.8268,140.3268,138.6851,139.1569,941637
2016-04-27,139.2512,140.3787,137.7699,139.9306,1373623
2016-04-28,139.4588,143.563,138.5719,140.1476,2074232
2016-04-29,139.2512,140.2514,137.2227,137.6473,1647343
2016-05-02,136.6377,138.7701,136.6377,137.6284,1360002
2016-05-03,136.0622,136.817,133.9676,135.0527,3726344
2016-05-04,134.3356,135.147,134.0054,134.779,1905750
2016-05-05,135.4301,136.2226,134.6564,135.1564,1290617
2016-05-06,135.5527,137.4114,134.9206,136.4019,1527882
2016-05-09,135.9207,136.7981,134.2696,134.5526,868106
2016-05-10,135.0715,136.2226,134.2884,136.166,915850
2016-05-11,136.1188,136.534,134.2979,134.3733,706241
2016-05-12,136.0528,136.2886,134.5903,135.2414,1015564
2016-05-13,134.9206,135.5338,133.2317,133.8167,675681
2016-05-16,133.9676,135.798,133.8639,135.4395,835810
2016-05-17,135.3923,136.1283,134.1846,134.8074,1629544
2016-05-18,133.9771,135.4772,133.1468,133.694,677688
2016-05-19,133.7318,134.5715,132.5525,133.694,664491
2016-05-20,134.4866,134.7885,133.1185,133.4487,622364
2016-05-23,133.7318,134.3922,133.5619,133.6657,831731
2016-05-24,133.9016,135.4678,133.5714,135.2036,603573
2016-05-25,135.7131,136.6,135.3829,135.5622,670915
2016-05-26,135.8641,136.0904,134.9347,134.9866,439941
2016-05-27,135.0244,135.4206,134.779,134.9772,439351
2016-05-31,135.5622,135.5622,134.2318,134.5809,684900
2016-06-01,134.128,136.0103,133.2694,135.8641,821721
2016-06-02,135.3357,135.3923,134.2413,135.3923,672138
2016-06-03,135.2885,135.3923,134.2318,135.1564,508138
2016-06-06,135.7414,137.6379,135.7414,137.3359,722862
2016-06-07,137.185,137.6945,136.8264,137.0435,890625
2016-06-08,137.5152,138.8833,136.817,138.5908,800153
2016-06-09,137.6284,138.5531,136.9019,138.3172,585547
2016-06-10,137.5624,138.3077,136.8642,138.119,714804
2016-06-13,137.685,138.0907,135.7697,135.8924,828434
2016-06-14,135.8263,136.2603,134.779,135.7697,884403
2016-06-15,136.5811,137.5246,135.4206,135.5338,775699
2016-06-16,135.0621,136.3547,133.3827,136.2037,692011
2016-06-17,136.3547,136.3547,134.6375,135.2131,1093698
2016-06-20,136.6189,137.8171,135.7414,135.9018,1245737
2016-06-21,136.1094,136.2981,134.4866,135.0621,1111744
2016-06-22,135.4961,135.6564,134.779,135.3923,960616
2016-06-23,136.8831,137.9586,136.817,137.7699,1236923
2016-06-24,133.0524,134.6658,131.4013,132.2033,1907341
2016-06-27,131.0994,131.2787,126.5706,127.2027,1492098
2016-06-28,128.401,129.0709,126.7499,128.9954,1475286
2016-06-29,129.8784,132.5369,129.2992,132.2236,1421608
2016-06-30,132.5274,134.9106,131.8153,134.8631,1512680
2016-07-01,134.4548,135.4803,133.4674,133.8187,1095442
2016-07-05,132.9452,133.5338,130.9133,131.4925,899287
2016-07-06,131.388,132.4419,130.3722,132.3185,845429
2016-07-07,132.7933,133.3439,131.9387,132.6129,667947
2016-07-08,133.8472,137.4077,133.306,137.0564,1462063
2016-07-11,138.1198,138.2052,136.2588,137.5406,1035764
2016-07-12,138.1768,140.408,137.9869,140.2371,2175952
2016-07-13,140.484,140.522,139.3066,140.446,790874
2016-07-14,140.9302,142.0886,140.5647,141.3765,1066154
2016-07-15,141.8512,142.1266,140.9397,141.8037,812268
2016-07-18,141.8132,142.1171,141.1391,141.6518,953840
2016-07-19,141.1011,141.8702,140.7688,141.8322,812521
2016-07-20,141.6898,142.4209,141.4714,141.8037,613256
2016-07-21,141.9462,141.9462,140.3511,140.8068,467141
2016-07-22,140.9872,141.3575,140.3416,141.1201,360998
2016-07-25,140.9397,141.2815,140.3131,141.0157,621767
2016-07-26,141.4714,142.9431,140.7119,142.2785,1264538
2016-07-27,142.3734,142.4969,141.1296,141.4809,1128178
2016-07-28,143.8356,144.975,140.9777,141.4619,1513414
2016-07-29,141.291,143.133,140.7783,141.8702,1499568
2016-08-01,140.2846,141.8132,139.6864,141.6139,964339
2016-08-02,141.4904,141.6139,140.0852,140.7403,622719
2016-08-03,141.2341,141.2341,140.3226,140.7213,858510
2016-08-04,140.6834,141.9747,140.1089,141.4714,822889
2016-08-05,141.9367,142.4209,141.2056,141.6708,934226
2016-08-08,142.1361,142.1361,140.8543,141.2436,628744
2016-08-09,141.3195,141.7373,140.9872,141.5664,700016
2016-08-10,141.7088,141.7088,141.0442,141.4999,528673
2016-08-11,142.0316,142.2975,141.1391,141.5189,616390
2016-08-12,142.4209,144.3958,141.8512,142.269,1301518
2016-08-15,142.5823,144.0635,142.4304,143.8641,735961
2016-08-16,144.9465,147.0828,144.8041,145.0509,1885716
2016-08-17,145.1269,146.2663,143.9496,145.9529,1073480
2016-08-18,145.934,147.1683,145.6396,147.1398,996676
2016-08-19,146.3612,148.0608,145.9245,147.8139,981993
2016-08-22,147.3012,148.0323,146.8835,147.624,574662
2016-08-23,148.1177,148.9248,147.5291,147.5765,805406
2016-08-24,147.3487,147.9184,146.9119,147.3677,878737
2016-08-25,147.2537,148.2697,147.2537,147.8614,801220
2016-08-26,147.9373,148.1177,145.8105,146.4562,1097017
2016-08-29,146.76,149.5514,146.76,148.0133,866017
2016-08-30,147.8709,149.295,147.4579,148.7349,1137387
2016-08-31,148.1842,148.8203,147.4911,147.7569,1035889
2016-09-01,148.2412,148.6399,147.6905,148.4026,1303986
2016-09-02,149.0672,149.409,148.4311,149.1527,1058143
2016-09-06,149.409,149.8648,148.469,149.447,1177441
2016-09-07,148.8014,149.6559,148.4406,149.447,702639
2016-09-08,149.485,149.7224,147.9468,148.0133,1191010
2016-09-09,147.2347,147.2347,143.8546,143.8736,2265919
2016-09-12,143.2944,144.9655,141.7088,142.9716,8369457
2016-09-13,142.2595,142.9811,138.8889,140.2466,3540865
2016-09-14,140.2561,141.0916,138.1578,139.4016,2865988
2016-09-15,139.1452,139.6389,138.6515,139.1737,2955201
2016-09-16,138.3762,139.1547,137.5596,138.4331,5399455
2016-09-19,139.2592,140.3416,139.0977,139.3826,1277179
2016-09-20,140.3131,140.8068,139.563,139.6389,1071823
2016-09-21,140.0092,141.4145,139.8051,141.2246,1065889
2016-09-22,142.5443,142.9479,140.3321,140.6644,1241692
2016-09-23,139.9333,140.6264,139.6959,140.0092,865081
2016-09-26,139.9618,141.3575,139.5725,140.8543,1182126
2016-09-27,140.9017,141.8987,140.5789,141.3195,1270273
2016-09-28,141.7848,142.6393,141.2768,142.212,1337003
2016-09-29,142.2025,143.9401,142.1361,142.9051,2038059
2016-09-30,143.7122,144.1964,142.3165,142.7437,2169307
2016-10-03,132.7743,133.8946,131.8343,133.4674,3017896
2016-10-04,133.5718,133.9421,130.0683,130.3816,2203234
2016-10-05,130.3816,131.1602,129.641,130.0588,1701510
2016-10-06,129.9345,131.0428,129.8485,130.9282,1182779
2016-10-07,131.1193,131.1193,127.7847,129.065,1886771
2016-10-10,129.8867,129.8867,129.0555,129.3708,1871815
2016-10-11,128.9982,129.0173,125.8642,126.7432,1932760
2016-10-12,126.3802,127.221,126.1126,126.8961,1188309
2016-10-13,125.4916,126.6573,124.1157,126.3706,1484309
2016-10-14,127.3356,127.3356,126.1222,126.7432,1193732
2016-10-17,126.7432,127.2974,126.2942,126.3897,797368
2016-10-18,127.9471,128.53,127.5172,127.8611,905225
2016-10-19,128.2529,128.3962,127.2879,127.9471,850674
2016-10-20,127.7274,128.7688,127.2783,128.4058,1184385
2016-10-21,127.4121,128.6437,126.8579,128.4535,999713
2016-10-24,129.065,130.011,128.4583,128.8071,884279
2016-10-25,129.3612,129.3612,127.5363,127.565,1510101
2016-10-26,126.8675,127.1254,125.8833,127.0586,2757583
2016-10-27,127.5554,129.0364,123.2558,127.4599,3603220
2016-10-28,127.4599,129.1224,126.7624,127.8516,2100565
2016-10-31,128.2816,128.5013,127.4407,127.479,1625456
2016-11-01,127.7847,128.5204,125.2814,126.3706,1695641
2016-11-02,126.4375,127.9089,125.9311,127.6032,2102455
2016-11-03,128.0331,128.7211,127.1254,127.1637,1375749
2016-11-04,127.0681,128.0905,126.1891,127.4312,1147165
2016-11-07,129.323,131.1432,128.8357,130.976,2233461
2016-11-08,130.7849,131.7404,130.3072,130.8327,1505562
2016-11-09,128.9695,131.7786,128.2051,131.1097,2378310
2016-11-10,131.9601,134.7214,131.7451,133.7469,2003305
2016-11-11,133.8424,134.8552,132.0079,132.371,1642328
2016-11-14,132.3805,132.9872,131.7404,131.8359,1304256
2016-11-15,131.6544,132.1894,130.7658,131.9888,856140
2016-11-16,131.9315,132.6098,131.3105,132.5621,1052870
2016-11-17,132.7436,133.1353,131.7451,131.855,1158364
2016-11-18,131.855,132.3614,131.4728,131.8168,1559209
2016-11-21,136.4413,136.4413,132.82,133.5175,1232414
2016-11-22,133.9953,134.6068,132.6003,133.4889,1372498
2016-11-23,133.164,134.5208,133.164,134.4826,672406
2016-11-25,134.7214,135.2374,134.4539,135.2374,283551
2016-11-28,135.1323,136.0495,134.4921,135.4667,1447687
2016-11-29,134.6928,137.7503,134.2724,137.0814,2055316
2016-11-30,137.2534,138.7917,136.5368,138.0274,2697948
2016-12-01,137.9891,138.8968,137.3872,137.6547,1355741
2016-12-02,137.5878,138.6006,137.0624,138.1134,1301682
2016-12-05,139.6994,141.2664,139.2695,140.7696,1783653
2016-12-06,140.6358,140.932,139.5179,140.0434,866225
2016-12-07,140.2727,141.9735,139.3937,141.9257,1159406
2016-12-08,141.9926,142.5085,141.4957,142.4225,836698
2016-12-09,142.2123,143.034,141.3811,142.8907,669851
2016-12-12,143.1869,143.6933,142.3365,142.9767,803149
2016-12-13,143.3493,143.7506,141.6677,142.4799,1025372
2016-12-14,142.3461,143.1581,140.5594,141.5817,1526212
2016-12-15,141.276,142.7474,140.8842,142.4512,1069812
2016-12-16,142.6232,142.862,140.7027,140.8651,2204710
2016-12-19,140.7887,141.4097,140.3492,141.1422,761595
2016-12-20,141.3142,143.1391,140.502,140.932,1794518
2016-12-21,141.7155,141.897,140.4592,140.7887,970440
2016-12-22,140.5594,141.3715,139.2026,139.5848,1091279
2016-12-23,139.5274,140.0673,139.1548,139.9574,587546
2016-12-27,140.0912,140.9869,140.0912,140.8173,1029608
2016-12-28,141.0944,141.0944,138.5624,138.658,629957
2016-12-29,138.8406,139.4173,138.5714,138.7637,479257
2016-12-30,138.9175,139.1962,137.668,138.235,726143
2017-01-03,137.9851,139.1097,137.2931,137.8314,1402312
2017-01-04,138.4465,139.2154,138.1101,139.0328,2012158
2017-01-05,138.7733,138.8117,137.2931,137.6583,1260356
2017-01-06,137.6776,139.177,137.3989,138.7541,1745864
2017-01-09,138.6964,141.8586,138.6868,140.6283,2370426
2017-01-10,140.8014,141.1858,139.5711,139.6191,1038828
2017-01-11,139.1674,140.4265,139.1674,140.34,1000811
2017-01-12,140.2919,140.2919,138.6003,140.1766,654088
2017-01-13,140.042,140.4073,139.4173,139.7056,996479
2017-01-17,139.4365,140.1766,139.052,139.696,1269093
2017-01-18,139.9075,140.6668,138.9463,140.6476,1147937
2017-01-19,140.6764,140.9455,139.5326,139.821,1239438
2017-01-20,140.042,141.0801,139.9363,140.9263,1149990
2017-01-23,140.7052,141.1762,139.1481,140.3977,1268383
2017-01-24,140.859,141.6808,140.5803,141.4165,2016408
2017-01-25,141.7721,142.9496,141.4357,142.7621,1597841
2017-01-26,142.4834,143.656,141.9451,143.0313,1856079
2017-01-27,134.5634,136.9375,131.7279,136.4953,5469500
2017-01-30,134.6595,136.3223,134.4769,135.5149,2724918
2017-01-31,135.5149,135.736,133.7368,134.3327,2483750
2017-02-01,133.9098,134.7918,132.641,133.2946,1652320
2017-02-02,133.2946,134.424,132.122,133.8713,1438480
2017-02-03,134.3423,134.8421,133.7464,134.7172,1300235
2017-02-06,134.5634,134.8229,133.2562,133.6503,808555
2017-02-07,133.6887,134.0732,132.5257,133.41,1466876
2017-02-08,132.8141,133.4148,132.3719,133.2081,1648993
2017-02-09,133.1985,134.0444,132.8525,133.1601,1298011
2017-02-10,133.5061,134.9863,133.1601,134.6883,2273358
2017-02-13,135.2843,135.7648,134.4192,135.044,1670534
2017-02-14,134.9478,136.7356,134.3231,136.6107,2001527
2017-02-15,136.1685,137.4373,135.7072,136.851,1429025
2017-02-16,137.0336,137.5622,135.5822,136.3608,860870
2017-02-17,136.4569,136.6203,135.6207,136.0051,717369
2017-02-21,135.5053,136.2935,135.3612,135.9763,1148242
2017-02-22,135.3035,135.8802,134.8325,134.8902,993314
2017-02-23,135.4957,135.7264,133.9098,134.9094,1434154
2017-02-24,134.6307,135.5342,134.1885,135.39,890325
2017-02-27,135.4573,135.7456,133.7176,133.9675,1079405
2017-02-28,133.5349,135.2362,133.41,135.0151,1677831
2017-03-01,136.6107,138.4657,136.4665,138.1101,1706981
2017-03-02,137.841,137.841,134.9575,135.1112,1267454
2017-03-03,134.8902,135.3996,133.7273,134.102,923872
2017-03-06,133.6214,134.6691,133.2754,133.9002,974053
2017-03-07,133.8137,134.4096,133.458,134.2174,870704
2017-03-08,134.3039,134.9671,133.7464,134.1405,1183360
2017-03-09,134.1789,135.0536,132.6699,133.1985,1570783
2017-03-10,133.9963,134.1789,132.8813,133.3811,1475505
2017-03-13,133.5061,133.881,131.6126,132.468,1443125
2017-03-14,132.1989,132.2374,130.6034,130.8917,1747497
2017-03-15,131.5742,133.0543,130.8821,132.6314,2460553
2017-03-16,132.8813,132.8813,131.7087,132.6122,1462705
2017-03-17,133.1793,134.1885,133.112,134.1116,2174015
2017-03-20,134.0732,134.275,132.9486,133.3043,1248696
2017-03-21,133.3043,133.5542,130.7187,131.1512,1548064
2017-03-22,131.0743,131.6799,129.7672,131.1128,841383
2017-03-23,130.8725,132.6507,130.0459,131.7279,1188701
2017-03-24,131.5165,132.0932,129.4404,129.6999,1313391
2017-03-27,128.6714,130.9206,128.4408,130.6418,2522688
2017-03-28,130.5649,132.2374,130.5649,131.9202,1013963
2017-03-29,131.4492,131.9682,130.9398,131.4684,740010
2017-03-30,131.4393,132.4556,131.2457,131.2457,2069454
2017-03-31,130.7908,131.9523,130.7812,130.9457,1845247
2017-04-03,131.3425,132.0539,129.7842,130.6166,1624194
2017-04-04,130.7424,131.0425,130.3505,131.0038,1109759
2017-04-05,131.478,132.6976,130.6844,130.8973,930793
2017-04-06,131.1296,131.4684,130.665,130.8489,860391
2017-04-07,130.4521,131.1974,130.0165,130.6747,2908220
2017-04-10,130.878,131.7394,130.7376,131.4006,859032
2017-04-11,131.4296,132.0875,131.0522,132.0394,1003978
2017-04-12,132.0781,132.0927,131.0038,131.1586,899936
2017-04-13,130.9844,131.2264,129.8617,129.9875,626943
2017-04-17,130.4521,131.5313,130.1036,131.4974,1092375
2017-04-18,130.7037,131.6523,130.394,130.9263,701020
2017-04-19,131.3716,131.6715,130.4521,130.6263,577819
2017-04-20,131.2651,132.9299,130.8586,132.504,985329
2017-04-21,132.475,133.2396,132.4266,132.8912,1121329
2017-04-24,133.4816,135.4077,133.4816,135.2722,1006799
2017-04-25,135.7174,137.3047,135.64,137.1789,1189378
2017-04-26,136.7918,137.8758,136.2313,137.0337,1511287
2017-04-27,136.7434,137.2951,133.2977,136.5691,1855137
2017-04-28,136.4724,136.6562,134.8753,135.9884,1910933
2017-05-01,137.0047,137.5757,135.5141,137.4693,1671428
2017-05-02,137.9242,138.9695,137.4499,138.9114,2492276
2017-05-03,138.8824,139.6857,138.6598,139.2018,1906723
2017-05-04,139.2889,140.9053,139.2792,140.1116,2303220
2017-05-05,140.3439,142.9137,140.3439,142.4926,2316929
2017-05-08,142.1055,142.6572,141.244,141.4957,1589901
2017-05-09,141.5054,141.7377,140.3245,140.6343,943767
2017-05-10,140.7795,140.9246,139.9955,140.5859,928282
2017-05-11,140.3342,140.3887,138.6888,139.2405,1065764
2017-05-12,139.2405,140.4504,139.105,139.4438,1288056
2017-05-15,139.8696,140.5568,139.4922,140.4213,710562
2017-05-16,138.1468,140.5762,138.0597,139.7148,2119304
2017-05-17,139.0856,139.7099,137.9629,137.9919,1349839
2017-05-18,138.0694,138.9211,136.8014,138.1274,1271857
2017-05-19,138.3984,139.3373,137.9823,138.5049,1340076
2017-05-22,139.2308,139.2695,138.2726,138.7082,820866
2017-05-23,138.9695,138.9695,138.0113,138.2436,639108
2017-05-24,138.6791,140.2665,138.292,139.5115,1081478
2017-05-25,139.5212,139.8696,138.7179,139.4922,781370
2017-05-26,139.2212,139.6373,138.9405,139.2889,694529
2017-05-30,139.0373,139.6664,138.7372,139.347,885206
2017-05-31,139.2115,139.6751,138.3888,139.4341,1493977
2017-06-01,139.8212,141.244,139.376,140.4213,1085079
2017-06-02,140.7988,142.7636,140.1261,142.0764,1192603
2017-06-05,141.9022,142.1151,140.2181,140.3052,1291917
2017-06-06,139.8406,140.1794,139.2308,139.4922,770800
2017-06-07,139.9374,140.0342,138.5775,138.7566,883047
2017-06-08,138.4759,139.5309,137.9532,138.8921,1065751
2017-06-09,139.0566,141.3989,139.0566,141.1666,1152544
2017-06-12,140.8279,141.4864,139.5986,139.7922,1199730
2017-06-13,139.7825,141.6215,139.4196,141.5731,831484
2017-06-14,141.5731,141.6506,140.16,140.8859,774621
2017-06-15,140.1406,141.8345,140.0584,140.5472,2038252
2017-06-16,140.9827,141.3118,140.0061,140.8375,1735745
2017-06-19,141.6699,142.6475,141.1376,141.457,1268565
2017-06-20,140.5762,141.1182,139.9761,140.0923,801449
2017-06-21,140.2568,140.973,138.7082,138.8727,749914
2017-06-22,138.7179,139.889,138.5969,139.618,1008193
2017-06-23,139.9567,140.3729,139.1921,140.2858,4010208
2017-06-26,140.3729,140.8666,139.9374,140.2568,1150890
2017-06-27,140.3923,140.8375,139.2115,139.2115,796579
2017-06-28,140.5084,140.5859,139.7641,140.189,870243
2017-06-29,140.4813,140.7444,137.159,138.1236,892426
2017-06-30,138.3184,140.1598,138.2405,139.3804,938130
2017-07-03,140.0332,141.0172,139.8091,140.5788,411641
2017-07-05,140.4424,140.7718,138.7861,138.942,719366
2017-07-06,138.6497,139.7506,138.3379,138.4743,533625
2017-07-07,138.7666,140.4229,138.4207,140.306,708653
2017-07-10,139.8481,140.8028,139.3999,139.8091,591096
2017-07-11,139.926,140.0234,138.5328,139.0979,645770
2017-07-12,139.5655,140.53,139.4973,140.0332,949426
2017-07-13,140.1988,140.9587,139.6045,140.6567,1005114
2017-07-14,140.9392,142.0304,140.6421,141.8258,1014030
2017-07-17,141.6894,142.3227,141.5043,141.8064,1195100
2017-07-18,140.871,141.7576,140.871,141.5043,757260
2017-07-19,141.4459,142.4494,141.0951,142.4494,1478528
2017-07-20,142.2643,142.576,141.3972,142.2545,1299852
2017-07-21,142.1376,142.1376,140.9295,141.894,1226559
2017-07-24,141.592,141.592,140.608,141.212,1308235
2017-07-25,142.235,142.7806,141.0074,141.3095,1284716
2017-07-26,141.2315,141.4264,140.1257,140.1988,1108143
2017-07-27,140.3742,140.5885,139.0394,139.9552,1243171
2017-07-28,140.2767,140.4813,138.9517,139.7993,928916
2017-07-31,140.4716,140.52,138.2307,138.4938,1828792
2017-08-01,143.6185,144.2372,143.2385,143.4334,804503
2017-08-02,144.5246,145.0702,143.1996,144.3005,3983730
2017-08-03,144.6512,144.7779,142.9268,143.1411,1860314
2017-08-04,143.6185,144.2372,143.2385,143.4334,804503
2017-08-07,144.1349,144.1349,143.1509,143.5113,866605
2017-08-08,143.4237,143.5016,141.8843,142.0986,866114
2017-08-09,142.0889,142.5955,141.821,142.4883,1163569
2017-08-10,141.7771,142.2448,141.1633,141.29,1054209
2017-08-11,140.1111,142.0402,140.1111,140.8808,1068556
2017-08-14,141.7382,143.638,141.631,142.8683,1337846
2017-08-15,142.7319,143.1314,142.0499,143.0339,1319153
2017-08-16,143.2191,144.3492,143.1314,144.2713,1232347
2017-08-17,144.0764,144.2908,141.7869,141.7966,1207597
2017-08-18,141.6894,142.5858,141.0756,142.011,1402444
2017-08-21,141.9915,142.0012,141.1926,141.4166,1584693
2017-08-22,142.0889,143.0242,141.6602,142.1961,1232427
2017-08-23,141.6212,142.011,141.2218,141.4264,2214394
2017-08-24,141.7284,142.0597,141.1828,141.4946,953793
2017-08-25,141.3192,142.7027,141.3192,142.2545,953222
2017-08-28,142.9073,142.9268,141.6104,142.0304,540607
2017-08-29,141.0659,141.7382,140.9198,141.631,458583
2017-08-30,141.6115,142.0889,141.3874,141.7674,879193
2017-08-31,142.2448,142.2448,141.5043,141.631,1192697
2017-09-01,141.9135,142.3519,141.3095,141.9038,992842
2017-09-05,141.4166,142.0597,140.1696,140.7541,1749017
2017-09-06,140.6567,141.1731,140.1598,140.7834,2832411
2017-09-07,140.7834,140.8613,140.0916,140.6567,2214310
2017-09-08,140.6177,141.631,140.3254,141.2413,1715350
2017-09-11,142.2545,145.5378,141.631,145.343,3024657
2017-09-12,145.9958,147.5254,145.2456,145.4404,2061340
2017-09-13,145.1774,145.7132,144.7,145.3625,1540714
2017-09-14,145.7619,146.5803,144.9435,146.2101,1558813
2017-09-15,146.1614,146.4926,145.6353,146.2686,1750625
2017-09-18,146.288,147.0675,145.8301,147.0675,2531024
2017-09-19,147.0285,147.4085,146.2198,146.629,2621870
2017-09-20,146.9505,147.2526,146.2004,147.0967,2491400
2017-09-21,146.8629,147.5741,146.3855,147.1649,1586981
2017-09-22,147.1162,147.3305,146.2978,146.3952,2424617
2017-09-25,146.4342,147.6812,146.0834,147.6325,1273518
2017-09-26,147.8664,148.071,147.0187,147.0967,698144
2017-09-27,147.4085,147.6813,146.2442,147.4279,942087
2017-09-28,147.5546,148.3438,147.2915,147.4474,1089183
2017-09-29,147.6033,147.7007,146.5901,147.3305,971221
2017-10-02,147.1551,148.8309,146.6777,148.2853,1080966
2017-10-03,148.6166,149.5421,147.8177,149.2498,791422
2017-10-04,149.1134,149.6152,148.8017,148.9673,774770
2017-10-05,149.2888,149.396,148.5094,149.3668,807020
2017-10-06,149.3668,150.3178,149.0335,150.2884,1315019
2017-10-09,150.3472,150.3472,149.5629,149.7394,690813
2017-10-10,149.808,150.2687,149.1757,150.1805,1068104
2017-10-11,150.1609,150.1609,148.9453,149.9256,696381
2017-10-12,149.5727,150.3864,149.4943,150.3276,588591
2017-10-13,150.4844,151.3765,150.3962,150.4452,1388360
2017-10-16,150.8668,151.2295,149.259,150.2099,926590
2017-10-17,150.6609,150.9256,149.7982,150.455,585651
2017-10-18,150.5727,150.7981,149.0629,150.1903,1114568
2017-10-19,149.8178,150.2197,149.0331,149.857,929230
2017-10-20,150.6315,151.6952,150.5825,151.1903,812186
2017-10-23,151.1217,151.3765,150.2344,150.5825,883970
2017-10-24,150.455,151.2393,150.455,150.8275,802047
2017-10-25,150.857,151.7834,150.1707,151.4256,1524194
2017-10-26,156.7097,158.7782,155.5038,158.2194,2326473
2017-10-27,158.1312,159.6605,157.5626,157.7194,1047554
2017-10-30,157.7979,157.9547,156.3077,156.8077,852050
2017-10-31,157.6214,157.6214,156.0626,156.2979,866114
2017-11-01,156.5528,157.4881,155.4156,156.7783,899604
2017-11-02,157.043,157.6165,155.0627,156.2783,881666
2017-11-03,156.543,156.543,155.2686,156.1215,461227
2017-11-06,156.3469,156.8175,155.4548,155.6803,435487
2017-11-07,156.2489,156.8322,155.847,156.6312,638589
2017-11-08,156.6411,157.9351,156.5724,157.7783,672629
2017-11-09,156.8763,159.1213,156.5332,157.3959,1162893
2017-11-10,157.0528,157.7734,156.671,157.1508,585251
2017-11-13,159.337,160.3468,158.19,159.5625,1935143
2017-11-14,158.592,159.0821,157.8469,158.9645,1232130
2017-11-15,158.092,158.4498,157.092,157.6998,770305
2017-11-16,157.9351,158.7978,157.7096,158.0135,1206075
2017-11-17,157.6704,159.1802,157.1999,158.4057,923328
2017-11-20,158.3763,159.2978,158.092,158.3959,696157
2017-11-21,158.9155,159.4841,158.5822,159.1017,473970
2017-11-22,159.3958,159.3958,158.3763,158.4449,455399
2017-11-24,158.7096,159.4057,157.9841,158.3861,295575
2017-11-27,158.6018,158.7487,157.6508,157.7783,819493
2017-11-28,157.7292,160.0625,157.6704,160.0331,826111
2017-11-29,159.8762,160.1115,158.8174,159.4253,618321
2017-11-30,160.1213,161.4154,159.386,159.837,1275493
2017-12-01,160.0821,160.3566,157.6802,158.4645,748999
2017-12-04,159.0037,161.1311,158.7684,159.2096,865314
2017-12-05,159.3174,159.6754,157.8273,158.7978,581650
2017-12-06,158.3273,158.6214,156.9548,157.2685,815387
2017-12-07,157.2391,157.9841,156.7587,157.8175,1090051
2017-12-08,158.1312,158.3077,157.0479,157.7587,1010198
2017-12-11,160.1605,160.4007,159.3272,159.9154,1233030
2017-12-12,160.1507,160.1507,159.239,159.69,711021
2017-12-13,159.8958,160.1899,158.7488,159.2978,860038
2017-12-14,159.0233,159.2782,157.3567,157.3763,702195
2017-12-15,157.3077,158.4498,156.8675,157.2685,1799803
2017-12-18,158.2979,159.2292,157.3371,158.9547,1057234
2017-12-19,158.8076,159.9645,158.6018,159.3272,957129
2017-12-20,159.5919,160.4889,159.386,159.6311,583745
2017-12-21,159.7684,160.2782,159.1606,159.9546,581158
2017-12-22,160.1997,160.3909,159.8272,160.2095,834474
2017-12-26,160.2586,160.2586,159.2292,159.7978,626420
2017-12-27,160.239,160.6703,159.7096,160.4546,936362
2017-12-28,160.9644,161.5428,160.288,161.386,711337
2017-12-29,161.7508,162.372,161.5339,161.7903,835025
2018-01-02,162.5791,163.2299,161.5142,163.2003,1051894
2018-01-03,163.2496,164.2948,162.6974,164.0878,798204
2018-01-04,164.9752,165.5077,164.3491,164.7188,932370
2018-01-05,165.6161,166.612,164.7583,166.0993,742202
2018-01-08,165.9119,166.4543,164.7878,166.2768,802117
2018-01-09,166.7106,168.1059,166.0303,166.7008,834852
2018-01-10,166.7205,166.8303,165.4288,166.0007,902678
2018-01-11,166.6811,168.1503,166.405,167.5981,695181
2018-01-12,167.6277,167.9333,166.5627,167.7756,648674
2018-01-16,169.0377,169.0969,163.4468,164.423,1115533
2018-01-17,165.9021,166.7994,164.8667,166.2078,806367
2018-01-18,165.4584,166.6293,163.93,164.5709,1032532
2018-01-19,164.6695,165.6358,164.4329,165.4584,1057417
2018-01-22,165.3006,166.3261,164.2258,166.2472,976833
2018-01-23,165.6457,167.3417,165.3104,167.2332,1058563
2018-01-24,167.3811,168.7222,167.3713,168.4264,877653
2018-01-25,169.2941,172.7255,169.2941,171.5718,2585876
2018-01-26,161.9382,168.8898,160.4197,167.4797,2700882
2018-01-29,164.6202,167.9333,163.644,164.3441,2032487
2018-01-30,164.3737,166.5726,163.575,165.9514,1790584
2018-01-31,166.6219,166.9769,164.8371,166.0204,1867806
2018-02-01,164.8766,165.9514,163.0425,164.4624,1476987
2018-02-02,164.0779,164.0779,160.3101,160.5676,1356909
2018-02-05,160.1436,161.2578,153.3793,154.1484,1707475
2018-02-06,152.1961,158.5462,151.3678,157.9841,2396601
2018-02-07,157.3629,159.5717,155.9036,156.0022,1650018
2018-02-08,155.9036,156.436,150.5789,150.6677,1218682
2018-02-09,152.9947,156.791,150.7466,155.8839,1787004
2018-02-12,156.8206,158.4574,156.1402,157.4517,1266296
2018-02-13,157.0474,157.825,155.4401,157.215,1189327
2018-02-14,155.6669,159.409,155.2922,159.0195,1115468
2018-02-15,159.7492,161.7508,157.7672,161.317,1092687
2018-02-16,160.893,162.1255,159.6604,161.3465,1195187
2018-02-20,160.5479,161.7212,160.045,160.6366,1248744
2018-02-21,160.7845,162.5742,158.4673,158.5166,711651
2018-02-22,159.3547,161.2381,158.4673,160.3013,771870
2018-02-23,161.4945,162.0171,160.5281,161.9776,632615
2018-02-26,162.1945,163.5257,161.2874,163.1313,891655
2018-02-27,163.4271,164.1469,161.3268,161.3268,757210
2018-02-28,161.4353,162.6678,158.5067,158.5462,816445
2018-03-01,158.4476,159.3153,156.9488,158.5856,1453108
2018-03-02,158.0236,158.349,155.7162,157.5404,1560262
2018-03-05,156.9093,161.3367,156.6382,161.0014,990493
2018-03-06,161.2677,163.22,159.7294,161.9086,771666
2018-03-07,160.2718,162.7024,160.1239,162.234,893738
2018-03-08,163.7426,166.0894,162.727,164.7484,1990659
2018-03-09,166.0598,169.018,165.2957,168.7123,1369881
2018-03-12,168.7419,169.5406,167.8249,168.4954,1210500
2018-03-13,169.5997,169.9843,168.2784,168.5447,1533548
2018-03-14,168.801,169.0278,166.3553,166.6219,1374648
2018-03-15,167.2234,167.5981,166.5036,166.7205,1091363
2018-03-16,166.9966,167.6277,165.7542,167.1938,1808011
2018-03-19,166.3951,166.5726,163.3384,164.354,1935551
2018-03-20,164.847,165.5865,162.9144,163.3482,806772
2018-03-21,163.2299,165.4485,162.4411,163.9201,879764
2018-03-22,162.3819,162.9735,158.6152,158.9406,1100958
2018-03-23,159.6308,160.2619,155.5093,155.8346,762425
2018-03-26,157.9447,159.0293,156.298,158.6941,793604
2018-03-27,159.0786,159.5815,155.8444,156.4163,872419
2018-03-28,157.5306,158.3983,155.4106,155.9726,1083358
2018-03-29,156.5981,158.8919,156.0421,157.9088,1040529
2018-04-02,157.8294,158.5245,154.1058,155.4463,1197449
2018-04-03,155.8931,158.3295,154.9201,158.1571,896590
2018-04-04,155.9825,161.1459,154.7413,160.987,1244194
2018-04-05,161.6225,163.6878,161.1558,162.953,874661
2018-04-06,161.3246,162.1736,157.3826,158.8323,797875
2018-04-09,160.0933,160.9771,158.9812,159.1004,880140
2018-04-10,160.8877,163.1913,160.3416,162.0395,743931
2018-04-11,160.699,161.0267,159.289,160.4707,826364
2018-04-12,161.0763,162.6949,160.987,161.8906,545151
2018-04-13,163.0622,163.5091,161.2352,161.8211,570299
2018-04-16,163.3899,164.4325,162.7048,164.2637,707427
2018-04-17,165.3262,167.6894,164.502,166.9546,782820
2018-04-18,167.6894,167.9575,166.8057,167.183,683095
2018-04-19,166.766,167.1631,164.1446,165.6241,711776
2018-04-20,165.4354,165.7929,163.6485,165.0978,549443
2018-04-23,164.8595,165.5392,163.9956,164.9389,585389
2018-04-24,165.3858,166.051,160.6692,162.8438,948801
2018-04-25,163.1913,164.5318,161.7714,164.4027,1149385
2018-04-26,163.4197,165.9617,160.56,165.1177,1744816
2018-04-27,164.9786,165.8227,162.3275,163.8566,1031686
2018-04-30,164.7701,164.9489,161.1161,161.1459,998233
2018-05-01,160.3018,161.3742,158.3656,161.3444,1225665
2018-05-02,161.4636,162.0792,160.0834,160.5501,1057666
2018-05-03,160.2522,160.6395,157.9486,159.299,1142175
2018-05-04,158.7231,162.2864,158.0876,161.6125,1038451
2018-05-07,161.8211,163.4594,161.7019,162.2977,1068340
2018-05-08,162.4963,162.9431,161.3842,162.3573,812689
2018-05-09,163.1615,163.9559,162.0594,163.7275,760675
2018-05-10,163.9658,164.8893,163.6084,164.4226,1024092
2018-05-11,164.9588,166.3191,164.5219,165.1177,1035361
2018-05-14,165.0978,166.766,164.512,165.5843,964407
2018-05-15,164.9588,165.3858,163.5091,164.9091,1181354
2018-05-16,165.2765,166.622,164.7701,165.3659,935345
2018-05-17,164.6212,166.2496,164.5616,165.5943,781497
2018-05-18,165.5943,167.6497,165.5049,167.0539,1017528
2018-05-21,167.7589,169.0895,167.2227,168.2454,886612
2018-05-22,168.5334,169.0299,166.339,166.5276,864008
2018-05-23,165.4751,166.1353,163.9658,165.8127,840861
2018-05-24,165.8227,166.0312,163.8665,164.9191,591691
2018-05-25,164.4325,164.641,163.0821,163.8367,607325
2018-05-29,162.5856,163.0523,159.7855,160.6593,735370
2018-05-30,161.9303,162.4168,161.0565,161.8806,602328
2018-05-31,161.5331,162.0246,159.9146,160.2721,1293322
2018-06-01,161.5828,162.6551,161.553,162.387,578925
2018-06-04,163.1516,163.658,161.9154,162.3771,637228
2018-06-05,162.4367,163.8765,162.3771,163.7077,734552
2018-06-06,163.9956,166.6369,163.4793,166.5475,1169389
2018-06-07,166.3291,166.8156,165.2219,166.5376,1102611
2018-06-08,166.5475,167.4709,165.4056,167.322,764127
2018-06-11,167.461,168.2752,166.8355,167.2525,852282
2018-06-12,167.2724,168.2554,166.4283,166.8156,1150153
2018-06-13,167.2029,167.3021,163.5885,164.9191,1074776
2018-06-14,165.3162,165.7829,163.936,164.5517,706785
2018-06-15,164.0254,164.0254,161.4934,163.0225,1810367
2018-06-18,161.7714,162.2182,160.7884,162.1885,887282
2018-06-19,159.8848,160.0437,158.1546,158.4252,1279723
2018-06-20,158.7032,158.7032,155.9229,156.4691,1352899
2018-06-21,156.4889,156.4989,154.3144,155.3669,1542128
2018-06-22,156.6081,157.6209,155.9031,156.9655,1326454
2018-06-25,156.4889,156.6081,153.5796,154.6619,1175120
2018-06-26,154.7314,156.052,154.5626,154.7612,829366
2018-06-27,155.3768,156.6677,154.0363,154.0661,889339
2018-06-28,154.4732,155.5853,153.798,154.93,1180074
2018-06-29,155.4,158.29,155.26,155.73,998819
2018-07-02,155.07,155.87,154.29,155.49,1110053
2018-07-03,156.55,157.29,154.78,155.0,346816
2018-07-05,156.19,156.82,155.24,155.79,1140567
2018-07-06,155.46,157.54,154.76,156.64,731310
2018-07-09,157.66,158.47,157.55,157.89,744146
2018-07-10,157.86,159.67,157.65,159.66,718505
2018-07-11,158.41,158.61,156.51,157.41,696277
2018-07-12,157.94,158.35,156.94,157.92,732047
2018-07-13,157.56,158.24,157.13,157.33,573433
2018-07-16,156.95,157.62,155.48,155.55,675015
2018-07-17,155.39,156.51,154.73,156.2,812825
2018-07-18,156.0,156.8,155.74,155.94,732092
2018-07-19,155.1,155.67,154.24,154.4,1429845
2018-07-20,153.52,155.46,153.015,154.35,2490515
2018-07-23,154.38,154.66,153.53,153.87,1166835
2018-07-24,155.45,156.5,154.83,155.29,1932574
2018-07-25,155.29,157.47,154.53,157.3,1343092
2018-07-26,158.81,162.951,158.81,161.55,1715227
2018-07-27,161.57,162.67,160.58,161.24,1252876
2018-07-30,161.78,163.65,160.96,161.23,1055518
2018-07-31,161.5,165.09,161.3,164.17,1655231
2018-08-01,163.93,164.11,161.19,162.04,1266740
2018-08-02,160.9,161.0,159.31,159.99,907325
2018-08-03,160.98,161.78,159.64,159.96,903664
2018-08-06,158.92,161.56,157.0082,160.96,1031063
2018-08-07,161.32,162.15,160.78,160.92,740446
2018-08-08,161.27,161.8242,160.1,160.65,574386
2018-08-09,160.64,161.75,160.25,160.48,588084
2018-08-10,159.91,159.94,157.35,157.87,923834
2018-08-13,162.2,165.24,161.31,162.44,1865239
2018-08-14,162.9,165.78,162.78,164.33,1617746
2018-08-15,163.12,164.52,161.785,164.21,1381437
2018-08-16,164.93,165.42,164.08,164.72,1169230
2018-08-17,164.29,166.64,164.06,166.61,1290430
2018-08-20,166.3,167.86,166.3,166.99,1343101
2018-08-21,167.6,167.715,165.99,166.1,892441
2018-08-22,166.12,166.12,164.285,164.36,842844
2018-08-23,164.35,164.65,163.6,164.42,672761
2018-08-24,164.79,166.49,164.18,165.97,512803
2018-08-27,166.53,167.7821,166.09,167.29,650016
2018-08-28,167.42,168.11,166.38,167.01,706667
2018-08-29,168.36,169.0,166.03,168.29,801276
2018-08-30,167.56,168.28,165.8701,166.73,583187
2018-08-31,166.75,167.44,165.83,166.29,762133
2018-09-04,166.11,166.36,163.42,164.34,925762
2018-09-05,164.56,166.27,164.2,165.39,840111
2018-09-06,165.3,166.4,164.58,166.06,598741
2018-09-07,165.65,165.85,163.95,164.85,641130
2018-09-10,165.85,166.76,165.11,166.06,568299
2018-09-11,165.6,167.65,165.335,166.64,620535
2018-09-12,166.36,167.05,165.72,166.24,459895
2018-09-13,167.04,168.01,166.54,167.63,515496
