date,open,high,low,close,volume
2017-12-05,88.2787,89.0434,85.5675,88.1595,3522147
2017-12-06,87.8318,89.0235,84.5942,84.773,2692557
2017-12-07,84.2168,84.8326,83.2932,83.7997,2962311
2017-12-08,84.3757,85.339,83.6507,84.6339,2677552
2017-12-11,85.7065,86.3421,84.4552,85.2993,3697224
2017-12-12,86.0144,86.0243,84.7928,85.0808,2630578
2017-12-13,85.3986,85.4781,82.8662,82.9853,2130947
2017-12-14,83.5514,84.048,82.3994,82.4788,2042428
2017-12-15,83.3429,83.899,82.8463,83.8196,2947483
2017-12-18,84.6538,84.8822,83.5514,83.6607,1676089
2017-12-19,84.3211,86.3123,84.0678,85.0312,2233932
2017-12-20,85.2298,85.7959,84.7134,85.2795,1646447
2017-12-21,86.1832,86.1931,84.2963,84.3956,1661784
2017-12-22,84.1175,84.6041,83.5812,84.2069,907072
2017-12-26,84.0579,84.5346,83.8792,84.2963,335650
2017-12-27,84.4452,84.8822,84.0281,84.1473,691896
2017-12-28,84.4452,85.0014,84.1374,84.9716,965728
2017-12-29,85.061,85.3788,84.2466,84.2466,884818
2018-01-02,84.3062,85.8594,83.9189,85.5178,1469923
2018-01-03,85.4979,87.2558,85.1404,86.938,1542261
2018-01-04,87.3352,88.805,87.3352,88.2986,1708544
2018-01-05,89.1824,91.0793,88.9019,90.9403,2271147
2018-01-08,91.8639,92.3306,90.4934,91.2978,1791062
2018-01-09,91.6553,93.0457,91.5957,92.1121,2765617
2018-01-10,91.556,91.8043,89.5598,89.8379,2333864
2018-01-11,89.9372,91.6354,89.5201,91.4269,2031599
2018-01-12,91.695,92.6515,91.4269,92.271,1401989
2018-01-16,93.3138,93.3734,91.556,91.9234,2331889
2018-01-17,91.7447,93.5323,91.2978,92.9166,2119459
2018-01-18,93.2741,93.3535,91.8142,92.4597,1450126
2018-01-19,92.8272,93.3933,92.1022,92.8768,2515335
2018-01-22,93.4429,93.7309,91.5461,92.9066,1893389
2018-01-23,92.5888,92.9066,91.6851,92.1916,1489794
2018-01-24,93.0655,94.0388,92.2313,92.8967,1944175
2018-01-25,93.3535,93.6912,91.4368,91.8539,1851534
2018-01-26,92.5293,94.0885,92.1121,93.8302,2662855
2018-01-29,94.5751,94.8134,93.5124,94.2374,3313098
2018-01-30,93.7607,94.6148,93.3436,93.9792,1490160
2018-01-31,94.6049,95.31,93.4926,94.2275,3162947
2018-02-01,90.2053,96.2435,90.1756,95.3597,2753387
2018-02-02,95.3596,95.5438,93.6774,93.7769,2546866
2018-02-05,93.4485,95.1854,90.5917,90.7211,2658375
2018-02-06,89.3972,92.9607,88.5013,92.1743,3273314
2018-02-07,92.1047,94.9067,91.8155,93.2593,1868427
2018-02-08,93.0005,93.3688,88.8298,88.8597,2706723
2018-02-09,89.8849,90.2731,85.7839,88.1529,3252030
2018-02-12,88.8397,91.8757,88.2325,91.0197,1973202
2018-02-13,90.3428,91.5671,89.865,90.3528,1036393
2018-02-14,89.7456,92.5028,89.4967,92.2639,1675917
2018-02-15,93.0901,93.2195,91.2188,92.901,1327931
2018-02-16,92.2241,93.4684,91.9454,91.9753,1154629
2018-02-20,91.3183,92.9707,91.3183,91.9155,1456082
2018-02-21,91.8857,93.7172,91.3383,92.1246,1073823
2018-02-22,92.8014,93.4286,91.8658,92.5128,970073
2018-02-23,92.7815,93.3489,91.7861,92.6322,862063
2018-02-26,93.3887,94.3543,92.6223,94.2846,859820
2018-02-27,94.2946,94.4737,92.1743,92.1943,1021610
2018-02-28,92.5626,92.7318,90.8704,90.9102,1245356
2018-03-01,90.7011,91.0545,86.1123,87.3665,2284442
2018-03-02,86.6598,88.78,86.5105,88.2027,1752778
2018-03-05,87.6254,88.8696,86.9684,88.4117,2155421
2018-03-06,89.0189,90.2632,88.2027,89.5365,1384863
2018-03-07,88.6108,89.2479,87.9638,89.009,1678217
2018-03-08,89.2777,89.6162,88.4814,89.2877,916725
2018-03-09,90.3528,92.025,90.1039,91.8459,1147232
2018-03-12,91.9155,92.6422,90.7634,91.0296,750269
2018-03-13,91.0396,91.9354,90.2532,90.4822,830982
2018-03-14,90.96,91.2785,88.8696,88.8895,987049
2018-03-15,89.1284,89.4469,87.9937,88.5511,1367656
2018-03-16,88.7203,89.3175,88.342,88.9094,1354783
2018-03-19,88.8099,89.2678,86.8091,87.486,1252152
2018-03-20,87.9937,88.3082,87.0978,87.4462,1456332
2018-03-21,87.5756,88.6705,87.1973,87.7348,1169648
2018-03-22,87.1376,87.6154,83.0863,83.4048,1948649
2018-03-23,83.4248,84.9676,80.767,80.8367,2070633
2018-03-26,82.3298,84.7287,82.2104,84.6491,1703931
2018-03-27,84.7387,86.3911,83.2854,83.9424,2325003
2018-03-28,83.6039,84.2708,81.9316,82.4393,1992481
2018-03-29,82.8673,85.0174,82.718,84.5794,1604861
2018-04-02,84.2012,84.2012,80.2494,81.205,1933427
2018-04-03,82.1805,83.4745,81.195,82.2004,1437422
2018-04-04,81.1254,83.9722,80.6675,83.8329,1369497
2018-04-05,84.8084,85.7341,84.4301,85.5051,1405804
2018-04-06,84.4799,84.9776,82.718,83.4347,1578401
2018-04-09,83.9822,84.5296,83.2456,83.2854,1136614
2018-04-10,84.4301,85.8834,84.3803,85.6345,1679720
2018-04-11,85.2165,85.9829,84.6391,85.0074,1694928
2018-04-12,85.744,86.0764,85.2165,85.4653,970608
2018-04-13,85.8933,86.4607,84.9029,85.1169,1100796
2018-04-16,86.1024,87.0281,85.6744,86.5205,969752
2018-04-17,88.1231,88.4217,87.3466,87.7249,1367565
2018-04-18,88.0932,88.5212,87.1326,87.2969,844585
2018-04-19,87.3068,87.3068,84.3704,85.6246,926669
2018-04-20,85.8635,86.1123,85.097,85.9133,1055841
2018-04-23,86.1024,86.5603,85.5549,86.1422,1040988
2018-04-24,86.9087,87.7199,84.3107,85.4554,1410146
2018-04-25,85.107,85.2563,83.9025,84.8183,709700
2018-04-26,84.9179,87.2172,84.1448,87.0182,1494919
2018-04-27,86.6698,87.0978,85.535,85.6146,1135535
2018-04-30,86.0526,86.182,84.1514,84.1912,1358408
2018-05-01,84.3206,84.7088,83.3053,84.1414,1980774
2018-05-02,84.9079,91.0097,84.9079,89.6162,3383031
2018-05-03,90.5618,91.4676,88.79,90.7011,2449488
2018-05-04,89.9347,92.3535,89.651,92.1644,1323428
2018-05-07,92.473,93.7869,91.9354,92.8512,1636952
2018-05-08,92.5119,93.5396,91.9432,93.4299,1762278
2018-05-09,93.7891,94.2281,93.4498,94.1782,1871241
2018-05-10,94.1183,95.8744,93.6793,95.8444,1883140
2018-05-11,95.8444,96.6227,95.5052,96.0041,1340852
2018-05-14,95.8444,96.5129,95.3555,95.5052,986809
2018-05-15,94.8168,95.8145,94.4176,95.7846,1379057
2018-05-16,95.8544,97.9796,95.4354,97.6404,1280331
2018-05-17,97.2812,98.4486,97.1814,98.0096,1683211
2018-05-18,97.7801,98.0195,96.6626,97.1216,947759
2018-05-21,97.8799,98.4286,97.6803,97.9597,1134699
2018-05-22,97.9796,98.5683,97.7202,97.9198,828559
2018-05-23,97.4907,98.1393,96.9919,97.6703,928878
2018-05-24,97.2313,97.6604,96.5229,97.4608,1211140
2018-05-25,97.2313,97.5306,96.952,97.4309,884576
2018-05-29,97.1016,97.2313,95.1111,95.9941,1467120
2018-05-30,96.4132,96.483,95.5551,96.2535,1272513
2018-05-31,96.5329,97.7252,96.3234,97.2812,2227802
2018-06-01,98.0894,99.0522,97.7502,98.8577,1356835
2018-06-04,98.9175,99.2767,98.3987,99.2268,695316
2018-06-05,99.576,100.1448,99.2568,99.9053,921166
2018-06-06,100.1847,100.7833,99.0572,100.7634,828612
2018-06-07,100.7734,100.9929,99.7457,100.4341,1550047
2018-06-08,100.4341,100.8133,99.9253,100.5838,1234942
2018-06-11,100.8432,101.9008,100.7035,101.5915,1308204
2018-06-12,101.7711,102.2301,101.1924,101.7412,1321011
2018-06-13,101.7312,101.8509,101.2524,101.392,1474852
2018-06-14,101.7462,102.7489,101.2323,102.3797,1075159
2018-06-15,102.3997,102.6491,101.3065,102.4995,1818468
2018-06-18,101.4917,102.9984,101.3821,102.699,997736
2018-06-19,101.4219,101.7112,99.5661,100.3343,2002620
2018-06-20,101.1026,101.9108,99.0921,99.3565,1294594
2018-06-21,98.8676,98.8676,96.1238,97.0617,1189005
2018-06-22,97.81,97.9597,95.1859,96.024,2065115
2018-06-25,95.575,95.6648,93.4299,94.9066,1191039
2018-06-26,94.9864,95.4054,94.2181,94.6671,1476973
2018-06-27,95.0363,95.595,93.0707,93.0707,1299496
2018-06-28,92.6516,92.7614,89.9277,91.7237,1720354
2018-06-29,92.6017,92.6017,91.4144,91.4244,1439948
2018-07-02,90.8058,91.9831,89.2992,91.9432,1684355
2018-07-03,91.8634,92.462,90.5663,90.706,867888
2018-07-05,91.7836,93.9287,91.7836,92.8612,1824585
2018-07-06,92.7913,94.1981,92.2226,94.0485,1390867
2018-07-09,94.4875,95.3755,94.0585,95.3156,1316956
2018-07-10,94.8866,96.2236,94.7075,96.1238,1284440
2018-07-11,95.0462,95.0462,92.7614,92.8312,1010694
2018-07-12,93.2403,93.2802,92.0929,92.9011,1313402
2018-07-13,93.2802,93.7791,92.9011,93.4199,695203
2018-07-16,93.39,93.829,92.9909,93.3401,761932
2018-07-17,92.8113,96.2435,92.8013,96.1238,2027928
2018-07-18,95.9841,97.0018,95.5651,96.5628,1171765
2018-07-19,95.9741,96.473,94.5873,94.7569,1068211
2018-07-20,93.809,94.0036,91.9233,92.7314,1840426
2018-07-23,92.2825,92.7614,91.7437,92.5219,805748
2018-07-24,93.3301,93.9736,92.6516,93.0108,1651946
2018-07-25,92.3024,95.3356,90.5264,94.9864,2684832
2018-07-26,94.8866,95.7048,92.9609,93.0407,1796683
2018-07-27,93.2902,94.6272,92.6494,93.3999,1368796
2018-07-30,94.1582,94.717,92.1927,92.2924,1677290
2018-07-31,92.8212,98.1792,92.7813,97.8499,3635837
2018-08-01,97.7901,98.1293,95.2458,95.6748,2265837
2018-08-02,94.9465,96.6726,93.7891,96.5528,1416486
2018-08-03,96.942,98.3887,96.8622,98.2291,1432952
2018-08-06,98.3189,98.5484,97.6604,97.8,1296766
2018-08-07,98.27,98.61,97.262,98.45,1159220
2018-08-08,97.85,98.51,97.08,98.09,1159432
2018-08-09,98.3,98.5,96.7,96.72,1088971
2018-08-10,95.9,96.02,93.35,94.53,1548733
2018-08-13,94.61,94.64,92.38,92.77,1669033
2018-08-14,93.33,94.51,92.95,94.03,1332142
2018-08-15,93.56,93.755,90.18,90.98,2253519
2018-08-16,91.75,92.37,91.3,91.78,1525440
2018-08-17,91.64,93.02,91.21,92.76,1043658
2018-08-20,93.26,94.62,93.26,94.48,826280
2018-08-21,94.55,95.0,93.64,93.76,882208
2018-08-22,92.0,92.3,90.62,90.82,1720582
2018-08-23,91.0,91.03,88.9238,89.09,2016664
2018-08-24,89.2,89.305,87.83,88.47,2902686
2018-08-27,88.95,92.19,88.8,92.05,2034671
2018-08-28,92.78,92.88,90.13,92.06,1473899
2018-08-29,92.38,92.38,90.6,90.78,1475381
2018-08-30,90.7,90.85,88.64,88.95,1221367
2018-08-31,88.28,88.75,87.35,88.01,1447341
2018-09-04,87.81,88.0,86.29,87.04,2244996
2018-09-05,86.42,86.9198,85.22,85.26,4038385
2018-09-06,85.25,85.35,83.71,84.78,4487034
2018-09-07,84.7,85.02,83.44,84.33,2119435
2018-09-10,84.92,85.62,84.8915,85.52,1491165
2018-09-11,85.15,85.36,84.34,84.96,1237364
2018-09-12,84.65,85.87,84.19,84.86,1926026
2018-09-13,85.43,86.6,85.43,86.07,2343582
