date,open,high,low,close,volume
2013-09-16,40.0508,40.1133,39.4433,39.5415,973688
2013-09-17,39.5415,39.7023,39.3003,39.4701,865704
2013-09-18,39.5058,39.7827,39.4254,39.7023,983502
2013-09-19,39.8363,39.9704,39.5415,39.5505,692588
2013-09-20,39.6755,39.9078,39.3718,39.4343,1003315
2013-09-23,39.3003,39.5127,38.8299,39.0323,616538
2013-09-24,39.068,39.4879,38.9251,39.0948,561352
2013-09-25,39.0859,39.1931,38.6839,38.8357,833621
2013-09-26,38.8804,39.2288,38.7285,39.211,550299
2013-09-27,38.943,39.068,38.7553,38.9251,511011
2013-09-30,38.5856,38.9162,38.4159,38.8804,664745
2013-10-01,38.8536,38.943,38.5767,38.666,921556
2013-10-02,38.5409,38.6303,38.0853,38.3354,771411
2013-10-03,38.2104,38.4382,38.0138,38.255,719053
2013-10-04,38.2461,38.6035,38.0496,38.4605,525515
2013-10-07,38.0585,38.4427,37.9692,38.1478,697875
2013-10-08,37.996,38.1925,37.5314,37.7726,1120514
2013-10-09,37.7994,38.0585,37.5493,37.7726,608836
2013-10-10,38.1746,38.8089,38.1746,38.7464,528727
2013-10-11,38.5945,38.7017,38.3801,38.4784,950810
2013-10-14,38.1389,38.5767,38.13,38.5499,697088
2013-10-15,38.4427,38.6839,38.121,38.264,516130
2013-10-16,38.4605,38.6749,38.3265,38.6749,474127
2013-10-17,38.532,39.4343,38.3622,39.4075,611054
2013-10-18,39.6666,39.8989,39.4075,39.881,700491
2013-10-21,39.8453,39.9882,39.0948,39.3092,701832
2013-10-22,39.4075,39.7559,39.211,39.3896,671617
2013-10-23,39.2556,39.2824,38.9162,39.1127,575053
2013-10-24,39.1306,39.5415,38.9251,39.3539,712820
2013-10-25,41.9716,44.6428,41.5338,42.6505,2530799
2013-10-28,42.7309,43.0436,42.1592,42.7399,1297495
2013-10-29,42.9096,42.9722,42.1234,42.2485,858942
2013-10-30,42.3736,42.5076,41.8822,42.2038,790897
2013-10-31,42.0252,42.4093,41.9001,42.0966,628152
2013-11-01,42.2574,42.454,42.0341,42.32,761154
2013-11-04,42.4719,42.6059,42.2664,42.4808,527770
2013-11-05,42.2217,42.2485,41.6678,41.9447,833179
2013-11-06,42.0609,42.4361,41.8822,41.9805,541725
2013-11-07,42.0609,42.1413,41.1228,41.2479,863433
2013-11-08,41.239,42.5969,41.1407,42.4987,908071
2013-11-11,42.4451,42.7845,42.1056,42.2574,567060
2013-11-12,42.1145,42.5612,41.9984,42.3557,551319
2013-11-13,42.1324,42.7488,41.8911,42.7488,488985
2013-11-14,42.6505,43.0007,42.6148,42.856,584550
2013-11-15,42.7488,43.2848,42.5791,43.133,561807
2013-11-18,43.401,43.6958,43.0481,43.133,675840
2013-11-19,43.1508,43.3474,42.8649,42.9185,341879
2013-11-20,43.0347,43.3742,42.8649,42.9722,393251
2013-11-21,43.133,43.9459,43.133,43.8834,624668
2013-11-22,43.8834,44.2408,43.4546,44.1068,610656
2013-11-25,44.1425,44.1961,43.7137,43.7405,391372
2013-11-26,43.7673,44.1336,43.4725,43.535,817215
2013-11-27,43.7047,44.2318,43.5618,43.8477,490634
2013-11-29,43.8209,44.2318,43.5707,43.6869,252989
2013-12-02,43.6779,44.4957,43.5161,44.3609,942034
2013-12-03,44.262,44.262,43.7857,44.0643,739924
2013-12-04,43.9654,44.4777,43.552,44.1182,1291099
2013-12-05,43.8666,44.1677,43.2824,43.6329,1298363
2013-12-06,44.0373,44.6575,43.9924,44.6305,839972
2013-12-09,44.7024,44.8372,44.289,44.3339,782897
2013-12-10,44.2351,44.6485,44.0463,44.0463,709082
2013-12-11,44.1632,44.3609,43.1656,43.2555,855909
2013-12-12,43.2285,43.4262,43.0847,43.1925,865268
2013-12-13,43.2734,43.8801,43.2375,43.7318,676963
2013-12-16,43.8216,44.289,43.4082,44.0913,871398
2013-12-17,44.1452,44.2171,43.6509,44.1362,892426
2013-12-18,44.1362,44.7024,43.7319,44.6035,912169
2013-12-19,44.5227,44.5227,44.2171,44.3339,441893
2013-12-20,44.4148,44.6754,44.271,44.5586,970589
2013-12-23,44.8282,44.8911,44.4058,44.6305,656855
2013-12-24,44.7024,44.8498,44.591,44.8372,193074
2013-12-26,44.9361,45.5292,44.8102,45.5202,670984
2013-12-27,45.6101,45.7269,45.3225,45.3675,680282
2013-12-30,45.3675,45.3675,44.999,45.1248,488619
2013-12-31,45.3495,45.4214,45.0259,45.1068,467073
2014-01-02,45.0169,45.1068,44.4373,44.5856,645964
2014-01-03,44.6934,44.8013,44.4148,44.5316,770037
2014-01-06,44.7473,44.9361,44.3339,44.4238,976423
2014-01-07,44.4957,44.7383,44.3429,44.5946,1210236
2014-01-08,44.7114,44.8192,44.271,44.4508,1169923
2014-01-09,44.8013,45.5112,44.8013,44.8282,1555126
2014-01-10,45.3495,45.9588,45.3225,45.7269,1614618
2014-01-13,45.4573,45.9426,45.1068,45.2596,841182
2014-01-14,45.2866,46.0774,45.2776,46.0774,809229
2014-01-15,46.0864,46.1673,45.8078,46.0685,674033
2014-01-16,46.1224,46.1224,45.4214,46.0415,1041594
2014-01-17,46.1134,46.1359,45.7359,45.9696,591947
2014-01-21,46.3111,46.3968,45.691,46.1134,644816
2014-01-22,46.2841,46.8863,46.1943,46.8593,1018885
2014-01-23,46.4639,46.5178,45.5652,46.0505,988296
2014-01-24,45.6371,45.8258,44.1362,44.1542,1039830
2014-01-27,44.1901,44.2261,43.4712,43.9565,1196860
2014-01-28,43.9565,44.3519,43.8666,44.28,656688
2014-01-29,43.8576,44.7204,43.7228,43.9744,912376
2014-01-30,44.4957,44.8013,43.7857,44.6844,879465
2014-01-31,43.4622,44.4957,43.0519,44.28,1352731
2014-02-03,44.4328,44.8462,42.905,42.9679,1273573
2014-02-04,43.2375,43.4082,42.6084,42.7612,1080880
2014-02-05,42.4107,42.5634,41.5659,42.2309,1383813
2014-02-06,42.177,42.8061,42.0961,42.7612,785794
2014-02-07,43.0038,43.1925,42.5275,43.0398,983462
2014-02-10,43.1206,44.1722,42.9769,44.0913,1266134
2014-02-11,44.262,44.4867,42.9858,44.253,926702
2014-02-12,44.298,44.6754,44.1362,44.271,1147978
2014-02-13,44.0014,44.4867,43.8127,44.4418,748682
2014-02-14,44.4058,44.6754,44.2081,44.3968,608523
2014-02-18,44.4777,44.6035,44.2126,44.5047,445898
2014-02-19,44.4777,44.981,44.1722,44.253,643921
2014-02-20,44.3429,44.4867,43.9565,44.307,628148
2014-02-21,44.3968,44.3968,43.9115,43.9385,593209
2014-02-24,44.0104,44.1901,43.7138,43.8486,818989
2014-02-25,43.8576,44.1003,43.5251,43.8935,672910
2014-02-26,44.1182,44.7204,44.1182,44.4957,707189
2014-02-27,44.3789,44.5586,43.9565,44.1362,803153
2014-02-28,44.1542,44.99,43.9924,44.7743,975875
2014-03-03,44.3404,44.9009,44.2861,44.6568,746719
2014-03-04,46.2568,47.0975,45.9043,46.8173,1517590
2014-03-05,46.4647,46.6094,45.7416,46.1574,1408624
2014-03-06,46.3111,46.4602,46.0037,46.1845,715396
2014-03-07,46.4467,46.8354,46.3291,46.6094,837061
2014-03-10,46.5551,46.5823,45.7868,46.293,859504
2014-03-11,46.4647,46.5371,45.6964,45.7235,855429
2014-03-12,45.5065,45.9856,45.4432,45.8048,1058758
2014-03-13,46.076,46.2478,45.4161,45.4523,791994
2014-03-14,45.3528,46.058,45.3528,45.6331,781143
2014-03-17,45.7868,46.0851,45.5336,45.6331,846916
2014-03-18,45.7235,46.2044,45.7235,46.0489,444676
2014-03-19,45.9766,46.3563,45.4613,45.6964,903100
2014-03-20,45.7776,46.0128,45.38,45.9856,423559
2014-03-21,46.1303,46.6003,46.076,46.2388,790630
2014-03-24,46.3382,46.6636,45.4432,45.7144,725847
2014-03-25,46.1032,46.1574,45.3393,45.624,576307
2014-03-26,45.8862,46.0128,44.7833,44.7833,571034
2014-03-27,44.7743,44.8828,44.2409,44.7924,865563
2014-03-28,44.8466,45.5788,44.8195,45.1811,574068
2014-03-31,45.5336,45.8952,45.3483,45.8048,727345
2014-04-01,46.0399,46.2388,45.7054,46.2026,532987
2014-04-02,46.2568,46.7631,46.1936,46.6907,535177
2014-04-03,46.6727,46.8263,46.4738,46.7631,651674
2014-04-04,46.9619,47.2241,45.9439,46.2207,520548
2014-04-07,46.1032,46.2568,45.4161,45.6421,778157
2014-04-08,45.7235,46.1122,45.4704,45.7958,805213
2014-04-09,46.0128,46.3472,45.5608,46.2839,742822
2014-04-10,46.2297,46.3291,44.4308,44.4489,1537761
2014-04-11,44.1957,44.5754,43.8343,43.9607,783555
2014-04-14,44.3765,44.7291,44.0963,44.4398,552045
2014-04-15,44.5121,44.8557,43.789,44.7924,671678
2014-04-16,45.154,45.7325,45.0184,45.4161,700583
2014-04-17,45.2715,46.0082,45.1992,45.8139,521688
2014-04-21,45.8862,46.2026,45.7144,46.0851,665483
2014-04-22,46.1484,46.9348,46.0851,46.7902,910460
2014-04-23,44.2409,45.0636,43.6714,44.711,2270648
2014-04-24,44.7743,45.0455,43.7691,44.3042,1197873
2014-04-25,44.2409,44.3042,43.7528,43.9517,635422
2014-04-28,44.3042,44.7924,43.4726,43.9155,889599
2014-04-29,44.033,44.2138,43.5901,43.8342,752026
2014-04-30,43.8342,44.024,43.4816,43.9878,811228
2014-05-01,43.9788,44.1234,43.563,43.8251,700686
2014-05-02,43.807,44.2681,43.6443,43.7438,518738
2014-05-05,43.6805,44.1286,43.5992,43.798,636801
2014-05-06,43.7076,43.8522,43.2827,43.3008,779611
2014-05-07,43.4454,44.1957,43.4093,44.1686,925749
2014-05-08,44.1686,44.4941,43.7799,44.033,842300
2014-05-09,43.9698,44.0873,43.6443,43.9517,519140
2014-05-12,44.1415,44.485,44.1144,44.259,731566
2014-05-13,44.3042,44.3856,42.7855,43.7709,946886
2014-05-14,43.807,43.8432,43.3822,43.4997,519281
2014-05-15,43.4454,43.4545,42.6499,42.8759,672525
2014-05-16,42.9211,42.9211,42.3335,42.6319,1476330
2014-05-19,42.6047,42.9844,42.5189,42.7675,1254162
2014-05-20,42.7765,42.894,42.1708,42.1799,1039343
2014-05-21,42.3064,42.9663,42.207,42.4963,1367597
2014-05-22,42.4963,43.9336,42.3788,43.6082,1931638
2014-05-23,43.7257,43.8748,43.4002,43.572,886729
2014-05-27,43.7438,44.2013,43.6262,43.9426,724544
2014-05-28,43.9878,44.1867,43.6624,44.1325,856848
2014-05-29,44.2048,44.4917,44.0421,44.485,689916
2014-05-30,45.2534,46.0128,45.172,45.832,2182704
2014-06-02,45.9776,45.9776,45.1948,45.4587,919627
2014-06-03,45.4496,45.4496,44.9035,44.9945,1142152
2014-06-04,44.9308,45.1948,44.7943,45.0582,624916
2014-06-05,45.1401,45.3449,44.6577,45.1674,657354
2014-06-06,45.2858,45.5407,45.1629,45.2949,457589
2014-06-09,45.213,45.8319,45.1766,45.5862,729421
2014-06-10,45.5589,45.75,45.3768,45.6772,685712
2014-06-11,45.4405,45.4587,45.0036,45.2312,625407
2014-06-12,45.1128,45.3677,44.9399,45.04,592413
2014-06-13,45.0673,45.4223,44.9399,45.2767,617404
2014-06-16,45.2767,46.0322,45.2767,45.7045,840672
2014-06-17,45.6772,46.2598,45.4951,46.0686,633677
2014-06-18,46.0231,46.3326,45.7318,46.3053,459542
2014-06-19,46.3508,46.6421,46.1141,46.4145,631827
2014-06-20,46.5419,46.7968,46.4418,46.7786,651119
2014-06-23,46.7149,46.9152,46.0568,46.3508,685834
2014-06-24,46.3144,46.8787,46.1232,46.3963,724953
2014-06-25,46.2871,46.4236,45.8228,46.2689,756658
2014-06-26,46.3326,46.8059,45.9958,46.7968,850616
2014-06-27,46.6967,46.9743,46.4691,46.8605,650476
2014-06-30,46.897,46.9334,46.3508,46.6512,622956
2014-07-01,46.8059,47.0426,46.4509,46.7695,467286
2014-07-02,46.6148,46.7695,46.2689,46.4236,430927
2014-07-03,46.7149,47.17,46.5602,46.8696,456212
2014-07-07,46.7695,46.8696,46.2325,46.3053,441835
2014-07-08,46.105,46.5146,45.991,46.4964,635428
2014-07-09,46.7149,46.8496,46.1414,46.3235,614987
2014-07-10,45.9685,46.3781,45.6963,46.2871,762239
2014-07-11,46.1778,46.3508,45.8593,45.9594,569563
2014-07-14,46.2416,46.5055,46.1778,46.4054,417013
2014-07-15,46.4054,46.9789,46.2285,46.3235,434350
2014-07-16,46.5511,46.6694,46.1555,46.46,445888
2014-07-17,46.196,46.5419,46.0322,46.1323,864916
2014-07-18,46.3235,46.5055,46.1323,46.4054,438403
2014-07-21,46.0777,46.1323,45.8684,46.0868,360521
2014-07-22,46.369,46.5875,45.9594,45.9867,556272
2014-07-23,45.9958,46.369,45.9594,46.0595,694941
2014-07-24,46.0868,46.5875,46.0868,46.3326,1214989
2014-07-25,46.4418,46.5692,44.5849,44.8215,1609769
2014-07-28,44.6213,44.7942,44.0114,44.5576,1181462
2014-07-29,44.2663,44.3573,43.6655,43.7201,1094455
2014-07-30,43.7838,43.8566,43.1467,43.5563,795658
2014-07-31,43.3014,43.3014,42.8736,42.9737,1088324
2014-08-01,43.2104,43.5199,42.9555,43.447,745364
2014-08-04,43.2104,43.5199,42.9555,43.447,745364
2014-08-05,43.1922,43.4106,42.7825,43.1102,502351
2014-08-06,42.9282,43.356,42.9267,42.9737,511237
2014-08-07,43.1467,43.2286,42.5732,42.91,709219
2014-08-08,42.8645,43.3378,42.6733,43.3014,648771
2014-08-11,43.5654,43.6655,43.3287,43.4744,307425
2014-08-12,43.3651,43.6018,43.2204,43.5381,391748
2014-08-13,43.7656,43.8521,43.5426,43.6746,421414
2014-08-14,43.6655,43.9568,43.6655,43.7383,551705
2014-08-15,43.9386,44.0205,43.3105,43.5836,712153
2014-08-18,43.8203,44.066,43.7292,44.0387,673981
2014-08-19,43.9659,44.7487,43.9568,44.6941,1028081
2014-08-20,44.4756,44.6213,44.1844,44.4119,470390
2014-08-21,44.2845,44.3664,43.9477,44.1753,430885
2014-08-22,44.0842,44.0842,43.6928,43.6928,477782
2014-08-25,43.9386,44.1297,43.7829,43.8476,602142
2014-08-26,43.8658,43.9568,43.6746,43.711,416560
2014-08-27,43.8663,44.2239,43.6462,44.1322,835130
2014-08-28,43.4744,43.8385,43.4015,43.7929,341967
2014-08-29,43.8663,44.2239,43.6462,44.1322,835130
2014-09-02,44.0772,44.4073,44.013,44.1506,878995
2014-09-03,44.2606,44.5723,44.1139,44.4165,827523
2014-09-04,44.4348,44.7924,44.4348,44.6274,687249
2014-09-05,44.5632,44.8383,44.4256,44.8199,614899
2014-09-08,44.7099,45.0767,44.5999,44.7099,373281
2014-09-09,44.609,44.7557,44.3706,44.4623,447811
2014-09-10,44.3706,44.4348,44.1322,44.2973,473370
2014-09-11,44.2606,44.7649,44.0313,44.664,520425
2014-09-12,44.6915,44.8016,44.0955,44.2514,555842
2014-09-15,44.1597,44.4898,43.9488,44.4073,543060
2014-09-16,44.499,44.5907,44.1872,44.1964,776792
2014-09-17,44.0313,44.4531,43.4537,43.7379,926082
2014-09-18,43.7838,43.9855,43.6554,43.9305,886491
2014-09-19,43.9213,44.2331,43.3895,43.8205,1160099
2014-09-22,43.7746,43.9947,43.4262,43.7563,1101659
2014-09-23,43.3253,43.4628,42.6835,42.9035,2007758
2014-09-24,42.8393,43.1144,42.5734,43.0594,1133699
2014-09-25,42.8668,43.0411,42.2892,42.3442,1097651
2014-09-26,42.4817,42.6376,42.2341,42.5551,910870
2014-09-29,41.1338,41.9407,40.9413,41.6748,1851193
2014-09-30,41.5648,41.8215,40.7556,40.9413,1843484
2014-10-01,40.8129,41.2622,40.0931,40.3086,2348943
2014-10-02,40.1619,40.437,39.6667,40.1252,929098
2014-10-03,40.3361,40.6387,40.1985,40.2719,954427
2014-10-06,40.4645,40.7487,40.0885,40.4094,933836
2014-10-07,40.3911,40.3911,39.3779,39.3825,833412
2014-10-08,39.5108,39.9785,39.0891,39.951,1032663
2014-10-09,39.8501,39.8685,39.0982,39.0982,1298598
2014-10-10,39.0615,39.355,38.4747,38.4747,950707
2014-10-13,38.4839,38.869,37.8328,37.8512,1013712
2014-10-14,38.1721,38.7865,37.9154,38.3647,1247693
2014-10-15,37.9154,38.5664,37.2093,38.3097,1782461
2014-10-16,37.8512,39.0799,37.8145,39.0249,1097038
2014-10-17,39.2633,39.8043,39.1807,39.5475,1136441
2014-10-20,39.2541,39.8501,39.1257,39.8226,1139320
2014-10-21,39.9326,40.9596,39.9235,40.9413,891913
2014-10-22,41.0238,41.2255,40.3819,40.4003,1217333
2014-10-23,40.7579,40.8037,40.3269,40.5103,1314842
2014-10-24,42.2525,43.0224,41.7023,42.5184,2365169
2014-10-27,41.9591,42.0508,41.253,41.4914,1289476
2014-10-28,41.574,42.1791,41.3631,42.17,728194
2014-10-29,42.2617,42.2617,41.3447,41.629,1279176
2014-10-30,43.8663,44.2147,43.8113,44.1047,363208
2014-10-31,42.5734,42.9769,42.3258,42.9585,853695
2014-11-03,43.0319,43.1969,42.5367,42.6926,881011
2014-11-04,42.6009,43.0145,42.4726,42.7385,523566
2014-11-05,42.9035,43.0869,42.5734,43.0319,720587
2014-11-06,43.0502,43.582,42.9585,43.4353,639830
2014-11-07,43.4904,43.9213,43.2703,43.7746,593942
2014-11-10,43.7379,44.1506,43.7196,44.0497,444988
2014-11-11,44.013,44.3431,43.7746,43.9763,476809
2014-11-12,43.8663,44.2147,43.8113,44.1047,363208
2014-11-13,44.2239,44.4898,43.9488,44.0955,603838
2014-11-14,44.013,44.1322,43.4812,43.5912,764493
2014-11-17,43.6279,43.9397,43.4904,43.8113,535469
2014-11-18,43.958,44.3614,43.7654,43.9855,562357
2014-11-19,43.9121,44.068,43.6554,43.958,559425
2014-11-20,43.6096,43.958,43.472,43.8938,512497
2014-11-21,44.4256,44.6732,44.0772,44.2606,710754
2014-11-24,44.3064,45.2921,44.3064,45.0675,1047292
2014-11-25,45.04,45.2371,44.7099,44.9758,1088971
2014-11-26,44.9941,45.1225,44.609,45.1042,448934
2014-11-28,45.095,45.4984,44.9666,45.3976,493304
2014-12-01,45.1667,45.3976,44.8527,45.3699,855603
2014-12-02,45.3422,46.1733,45.3422,46.0994,1157455
2014-12-03,46.0809,47.0229,45.767,46.4873,1705127
2014-12-04,46.2287,46.5981,45.4714,45.8224,1115173
2014-12-05,45.8131,46.1825,45.6838,46.0255,1077230
2014-12-08,45.9239,46.2536,45.4992,45.6192,627666
2014-12-09,45.2498,45.9978,45.1575,45.9332,977779
2014-12-10,45.8593,46.3303,45.8316,46.0071,1085831
2014-12-11,46.0994,46.9582,46.0994,46.3764,1007703
2014-12-12,46.6165,46.9582,46.2749,46.2933,1164972
2014-12-15,46.5057,46.8197,46.2702,46.6535,961208
2014-12-16,46.5704,47.1522,46.2656,46.2933,1243197
2014-12-17,46.2841,46.5796,45.887,46.3672,1273141
2014-12-18,46.8567,47.1799,46.4503,47.1706,1409016
2014-12-19,47.4015,48.0572,47.263,47.9925,1217552
2014-12-22,48.0387,48.4542,47.5954,47.8725,573567
2014-12-23,48.0387,48.4081,47.9186,48.2326,511297
2014-12-24,48.2049,48.4358,48.011,48.1587,237305
2014-12-26,48.2234,48.7867,48.2141,48.5928,265535
2014-12-29,48.4912,48.8513,48.288,48.6389,397140
2014-12-30,48.4265,48.7036,48.4265,48.6112,496809
2014-12-31,48.6389,48.8698,47.8817,47.9094,391625
2015-01-02,48.1403,48.3388,47.4015,47.8263,378744
2015-01-05,47.4754,47.6047,46.9121,47.2353,801779
2015-01-06,47.8078,48.1864,47.3461,47.7062,1517830
2015-01-07,48.1218,48.2326,47.8817,48.1772,813056
2015-01-08,48.6297,49.8764,48.5835,49.6086,1252678
2015-01-09,49.7379,49.7933,48.8144,48.9621,1151299
2015-01-12,48.9899,49.3408,48.5835,49.3038,648253
2015-01-13,49.6732,50.158,48.9344,49.2761,907237
2015-01-14,49.2115,49.4978,48.6759,49.4331,826028
2015-01-15,49.7102,49.784,48.3342,48.3804,1143013
2015-01-16,48.3619,48.7498,48.1864,48.6851,773816
2015-01-20,49.3962,49.821,49.1468,49.4978,1526571
2015-01-21,49.3131,49.3869,48.6482,49.036,1109217
2015-01-22,49.3408,49.8117,48.9714,49.7656,1086939
2015-01-23,49.6547,49.7562,48.5097,48.5558,1164324
2015-01-26,48.4819,48.9437,48.0756,48.9252,1045347
2015-01-27,48.3896,48.7313,48.0572,48.3711,591464
2015-01-28,48.5651,48.7775,47.8078,47.9279,874626
2015-01-29,47.9833,48.7682,47.854,48.7221,915596
2015-01-30,48.3434,48.759,48.0756,48.2696,947405
2015-02-02,48.1587,48.9714,46.7551,47.2814,1785856
2015-02-03,47.069,48.011,47.0413,47.8632,917797
2015-02-04,47.4569,48.0664,47.383,47.5585,1089760
2015-02-05,47.9002,48.5558,47.7062,48.3342,910158
2015-02-06,48.5281,48.7313,48.1957,48.3896,720639
2015-02-09,48.2234,48.5189,47.9094,48.0017,640907
2015-02-10,48.2049,49.3223,48.131,49.2392,1029143
2015-02-11,49.2761,49.3408,48.6482,49.1191,603990
2015-02-12,49.5716,49.7009,49.4239,49.5439,548691
2015-02-13,49.4608,49.7055,49.2484,49.6732,314442
2015-02-17,49.5901,50.0057,49.4054,49.8579,530597
2015-02-18,49.7748,50.0057,49.3685,49.941,489338
2015-02-19,49.784,50.0795,49.5255,49.6825,406502
2015-02-20,49.6917,50.0334,49.2207,49.941,406661
2015-02-23,49.9503,50.4397,49.5809,50.3196,489767
2015-02-24,50.3104,50.4859,50.0057,50.4582,545155
2015-02-25,50.4028,50.5505,50.1627,50.2642,480556
2015-02-26,50.2273,50.412,49.8025,50.1442,518060
2015-02-27,50.0703,50.1811,49.3869,49.4516,718361
2015-03-02,49.6747,50.2231,49.4702,50.1302,616776
2015-03-03,49.9535,50.0651,49.3892,49.5074,805986
2015-03-04,49.2657,49.5445,49.0613,49.4795,548129
2015-03-05,49.4795,49.6375,49.0612,49.2657,624630
2015-03-06,49.0333,49.0798,48.3361,48.5685,518551
2015-03-09,48.615,48.9682,48.4942,48.7173,515282
2015-03-10,48.1781,48.3083,47.9271,48.0108,517010
2015-03-11,48.1781,48.2525,47.9829,48.048,436213
2015-03-12,48.0945,48.7173,48.0945,48.6429,413575
2015-03-13,48.6057,48.7823,47.955,48.3454,801321
2015-03-16,48.4942,49.0891,48.2125,48.9775,474330
2015-03-17,48.6987,49.0705,48.299,48.5499,470883
2015-03-18,48.4477,49.2285,48.0945,49.1077,706546
2015-03-19,48.9496,49.3215,48.7916,49.2657,897773
2015-03-20,49.4144,49.7676,48.9496,49.7212,1352432
2015-03-23,49.7212,50.0,49.4981,49.5445,479062
2015-03-24,49.4237,49.7397,49.2378,49.2378,385942
2015-03-25,49.2936,49.591,48.7173,48.7173,818115
2015-03-26,48.5128,48.6615,48.299,48.4756,514828
2015-03-27,48.4663,48.7637,48.4012,48.6708,389927
2015-03-30,48.9961,49.9535,48.8195,49.8792,397918
2015-03-31,49.6003,49.6747,49.0426,49.182,542813
2015-04-01,49.0519,49.2471,48.5871,49.2471,612725
2015-04-02,49.2099,49.4516,48.8939,49.2657,362380
2015-04-06,49.024,49.7305,48.9218,49.6375,470536
2015-04-07,49.5538,49.8048,49.3586,49.5538,619464
2015-04-08,49.6468,50.1023,49.4609,50.0651,443253
2015-04-09,50.0651,50.2231,49.7305,49.935,827694
2015-04-10,49.9442,50.3161,49.7583,50.2324,444569
2015-04-13,50.1766,50.5299,50.0,50.1302,505053
2015-04-14,49.8606,50.158,49.0984,49.3308,607710
2015-04-15,49.34,49.5074,48.7823,48.7823,633350
2015-04-16,48.6894,48.866,48.1781,48.2339,529109
2015-04-17,47.9736,47.9829,47.3508,47.4717,902900
2015-04-20,47.7412,47.9457,47.5925,47.8063,787415
2015-04-21,47.955,48.0749,47.5089,47.8714,964334
2015-04-22,47.9178,48.1502,47.7133,48.1316,756334
2015-04-23,48.1038,48.2525,47.8807,47.8807,580141
2015-04-24,48.0108,48.2711,47.9643,48.2525,583026
2015-04-27,48.3826,48.6243,48.2153,48.299,754793
2015-04-28,48.2711,48.4384,47.8156,48.1874,667502
2015-04-29,51.1248,52.0357,50.6693,50.7622,2608332
2015-04-30,50.6693,52.8351,50.6693,51.6732,1710341
2015-05-01,51.6081,52.2495,51.5524,52.203,1103966
2015-05-04,52.3332,52.9011,52.1101,52.6492,637908
2015-05-05,53.3928,53.4858,52.4447,52.863,1260439
2015-05-06,53.0582,53.7182,52.9095,53.6531,1258559
2015-05-07,53.588,53.9134,53.3743,53.6345,759247
2015-05-08,54.0156,54.3689,53.8576,54.0993,682159
2015-05-11,54.0993,54.8243,54.0714,54.2015,1153910
2015-05-12,54.1272,54.3317,53.9064,54.1551,925452
2015-05-13,54.7035,55.6795,54.3782,55.6144,2301167
2015-05-14,55.7353,56.3488,55.568,56.2465,1290792
2015-05-15,56.135,56.307,55.6423,56.2558,1128354
2015-05-18,56.1443,56.2242,55.8189,55.9677,1070935
2015-05-19,56.0513,56.7206,55.8004,56.702,768957
2015-05-20,56.702,56.8972,56.4046,56.7299,728843
2015-05-21,56.6927,57.7477,56.5161,57.5944,1456597
2015-05-22,57.5107,58.3566,57.1947,58.1707,1230595
2015-05-26,58.0034,58.022,57.3992,57.7059,853975
2015-05-27,57.6687,58.9515,57.6687,58.7284,1084256
2015-05-28,58.747,58.8864,58.2776,58.3845,883276
2015-05-29,58.2172,58.4124,57.4085,57.5479,927025
2015-06-01,57.95,58.0902,57.1458,57.8658,1077868
2015-06-02,57.6133,57.6601,56.7063,56.8278,1008713
2015-06-03,56.8091,57.1738,56.7063,57.1738,955554
2015-06-04,56.6688,56.8465,55.8085,56.6314,493697
2015-06-05,56.6314,57.1458,56.2667,56.8559,728717
2015-06-08,56.8746,57.0102,56.6782,56.753,660306
2015-06-09,56.8652,57.3912,56.6688,57.258,692703
2015-06-10,57.3795,58.2492,57.3608,58.0248,1042724
2015-06-11,57.9313,58.6981,57.8845,58.137,1141914
2015-06-12,57.9687,58.6607,57.9406,58.0622,739084
2015-06-15,57.7255,57.7442,57.0242,57.1084,949743
2015-06-16,57.2206,57.8004,57.0242,57.791,542490
2015-06-17,57.7817,58.5765,57.6881,58.3988,567836
2015-06-18,58.5298,59.0487,58.1651,58.5578,1107667
2015-06-19,58.5111,58.642,58.1651,58.1931,1258186
2015-06-22,58.3988,58.4456,57.8565,58.3147,1132068
2015-06-23,58.4549,58.7635,57.9126,58.1183,1098416
2015-06-24,58.1464,58.2211,57.5666,57.6507,454849
2015-06-25,57.8658,57.8658,57.3608,57.417,470287
2015-06-26,57.604,58.1931,57.3982,58.1651,1852959
2015-06-29,57.6975,57.8705,57.0148,57.0616,558275
2015-06-30,57.5479,57.604,56.9494,56.9868,711963
2015-07-01,57.3982,58.4082,57.1832,58.1744,941180
2015-07-02,58.3427,58.5391,57.8191,58.137,482002
2015-07-06,57.5105,58.2118,57.3375,57.5853,821966
2015-07-07,57.5759,57.9406,57.0429,57.9313,851244
2015-07-08,57.4637,57.7068,56.7343,56.753,570946
2015-07-09,57.417,57.4263,56.6782,56.6969,559933
2015-07-10,57.3234,57.7162,57.2393,57.604,389414
2015-07-13,58.0902,58.4783,58.0108,58.3334,528082
2015-07-14,58.2773,59.175,58.2773,58.9786,734605
2015-07-15,59.0908,59.8109,58.9506,59.3994,971008
2015-07-16,59.6052,59.881,58.7729,58.8758,872737
2015-07-17,58.8758,58.8758,57.3795,57.8097,1053129
2015-07-20,57.8284,58.3053,57.791,58.0061,620994
2015-07-21,58.0715,58.1744,57.3795,57.5666,495085
2015-07-22,57.5011,57.9967,57.371,57.8845,655999
2015-07-23,57.9593,58.1276,57.1364,57.2486,559241
2015-07-24,57.1177,57.445,56.0423,56.2106,506209
2015-07-27,55.8646,56.1171,55.5242,55.9114,447371
2015-07-28,56.1078,57.286,55.9301,57.1645,1089828
2015-07-29,57.5198,59.7875,55.9956,56.912,1497009
2015-07-30,56.5753,57.8191,56.4257,57.604,649279
2015-07-31,57.9406,58.1838,56.6081,56.9026,725043
2015-08-03,57.0429,57.0429,55.9769,56.6127,1008597
2015-08-04,56.6595,57.0242,56.3135,56.3977,818013
2015-08-05,57.0242,57.9303,56.7904,57.3889,816204
2015-08-06,57.4824,58.2679,57.286,57.8565,777070
2015-08-07,57.9313,58.9786,57.5011,58.9506,830737
2015-08-10,59.1843,60.6057,59.1843,60.4561,1387223
2015-08-11,59.9979,60.1943,59.68,60.1195,668411
2015-08-12,59.4368,59.8576,58.7261,59.549,573908
2015-08-13,59.4462,59.867,58.9786,59.5584,537602
2015-08-14,59.521,60.1195,59.362,59.8202,573494
2015-08-17,59.4836,60.559,59.2966,60.3065,383565
2015-08-18,60.0634,60.2504,59.549,59.6426,495936
2015-08-19,59.1189,59.694,58.8664,59.4088,644531
2015-08-20,58.9973,59.0908,57.978,57.978,722993
2015-08-21,57.6227,57.9593,56.3416,56.3416,681629
2015-08-24,51.535,55.6589,50.0855,53.5175,1374499
2015-08-25,54.9389,55.0698,52.2176,52.2831,977029
2015-08-26,53.4333,54.3684,52.3579,54.2562,1039430
2015-08-27,54.9202,55.6683,54.2749,55.2755,682141
2015-08-28,55.1259,55.7992,54.7799,55.7057,929843
2015-08-31,55.6398,56.1103,54.4918,54.6518,681421
2015-09-01,53.6355,53.9743,52.6099,52.9768,975064
2015-09-02,53.7108,54.0872,53.0051,54.0872,657465
2015-09-03,54.266,55.1599,54.1342,54.5765,845068
2015-09-04,53.7484,54.6706,53.692,54.0495,758586
2015-09-08,55.047,55.7151,54.8682,55.621,623470
2015-09-09,56.035,56.1103,54.9999,55.0752,838605
2015-09-10,54.9152,56.0256,54.9152,55.4139,710791
2015-09-11,55.094,55.3575,54.5765,55.2446,380290
2015-09-14,55.2446,55.5306,54.6988,55.2163,530321
2015-09-15,55.0564,55.9502,54.7929,55.7339,684853
2015-09-16,55.3763,56.7878,55.3763,56.656,783037
2015-09-17,56.6843,57.4559,56.449,56.7313,701561
2015-09-18,56.0162,56.4867,55.5269,55.668,844698
2015-09-21,55.9597,56.2985,55.0282,55.2634,581300
2015-09-22,54.4447,54.8588,53.7484,53.9084,926825
2015-09-23,54.1154,54.3695,53.4097,53.8802,776397
2015-09-24,53.3814,53.6261,52.6381,53.4661,869189
2015-09-25,54.2566,54.2791,52.6004,53.3814,680885
2015-09-28,53.1086,53.3344,52.2335,52.384,797431
2015-09-29,52.4875,52.6927,52.0264,52.3087,540503
2015-09-30,52.9674,53.2779,52.2899,53.2309,997355
2015-10-01,53.1556,54.7741,53.1039,54.7176,1317873
2015-10-02,54.0401,55.9974,53.5791,55.9691,1035187
2015-10-05,56.2985,56.8066,55.5551,55.8374,1133509
2015-10-06,55.8092,55.8543,54.8588,55.1505,665310
2015-10-07,55.4704,56.0726,54.9999,55.3199,704983
2015-10-08,55.2069,55.7998,54.84,55.6586,669838
2015-10-09,55.8562,56.6654,55.6304,56.0915,523179
2015-10-12,56.1479,56.4961,55.668,55.9785,545237
2015-10-13,55.7527,56.162,55.5551,55.7527,745338
2015-10-14,55.7998,56.0915,55.047,55.1693,668059
2015-10-15,55.3199,55.9033,54.6047,55.8374,991888
2015-10-16,56.0538,56.449,55.8656,56.3361,586398
2015-10-19,56.2044,56.6702,55.9691,56.6278,371310
2015-10-20,56.5055,57.2112,56.2326,57.183,479762
2015-10-21,57.3806,57.3806,56.769,56.8442,501892
2015-10-22,57.3524,59.2719,57.3072,59.1402,503163
2015-10-23,59.7142,60.3917,59.5166,60.1376,567327
2015-10-26,60.0718,60.2694,59.5448,59.8271,653887
2015-10-27,59.479,59.7236,58.6509,59.4225,730869
2015-10-28,59.5354,60.514,59.3002,60.467,527336
2015-10-29,60.0624,62.189,60.0624,61.3327,900131
2015-10-30,61.5962,61.8032,60.9469,61.1351,1077325
2015-11-02,61.1915,62.0994,60.7022,61.8126,1209380
2015-11-03,61.7843,62.0855,61.2386,61.2668,1154666
2015-11-04,61.5585,61.6338,60.3447,60.6552,1063544
2015-11-05,60.7869,61.2198,60.482,61.0033,901380
2015-11-06,60.6834,61.248,60.5611,61.248,840634
2015-11-09,61.0974,61.6902,60.7399,61.4926,728884
2015-11-10,61.4174,61.615,59.3378,60.2317,1042946
2015-11-11,60.4011,61.6808,59.7895,61.3891,807083
2015-11-12,60.9469,61.2188,59.0743,59.1684,683179
2015-11-13,59.2249,59.3096,58.3686,58.6885,971428
2015-11-16,58.7356,59.7989,58.585,59.6013,685458
2015-11-17,59.7801,60.3766,59.4507,59.8271,609871
2015-11-18,59.8742,61.6056,59.8553,61.5209,888067
2015-11-19,61.5773,62.2925,61.2762,62.1043,701647
2015-11-20,62.3677,62.7159,61.8502,62.0572,567815
2015-11-23,61.9631,62.4948,61.5585,61.8314,584571
2015-11-24,61.4362,62.2831,61.1068,62.2078,702878
2015-11-25,62.1984,62.4807,61.7091,62.2642,387815
2015-11-27,62.1607,62.5183,61.7091,62.2642,325723
2015-11-30,62.3116,62.7752,61.9236,62.4157,890101
2015-12-01,62.5103,63.0591,62.2832,62.6238,689629
2015-12-02,62.4914,62.974,61.7344,61.8006,652420
2015-12-03,61.9236,62.056,60.0689,60.561,1183778
2015-12-04,60.7976,62.217,60.6272,62.0372,870784
2015-12-07,61.6681,62.3967,61.2328,61.5924,853664
2015-12-08,60.9206,61.4505,60.4853,60.7786,702667
2015-12-09,60.7219,61.4694,59.7945,60.2014,739717
2015-12-10,60.3717,60.9649,60.2109,60.2771,644312
2015-12-11,59.6147,60.3244,59.416,59.5579,584740
2015-12-14,59.6904,60.3907,59.1227,59.4444,698425
2015-12-15,60.0311,60.2298,59.416,59.8986,1017238
2015-12-16,60.296,61.2328,60.1257,61.0909,763569
2015-12-17,61.0436,61.1666,59.6715,59.681,670238
2015-12-18,59.5201,59.9175,58.659,58.7252,1335339
2015-12-21,59.3025,59.9459,59.0754,59.5201,481418
2015-12-22,59.6242,59.8797,58.9713,59.681,493178
2015-12-23,60.0311,60.5231,59.577,60.5042,622295
2015-12-24,60.5421,60.8733,60.1162,60.6178,193485
2015-12-28,60.2771,60.7457,59.8986,60.5515,289813
2015-12-29,61.0057,61.0057,59.8324,60.173,673775
2015-12-30,59.8229,60.4569,59.5958,59.9365,891100
2015-12-31,59.804,60.244,59.2646,59.293,563321
2016-01-04,58.3656,58.4319,56.9179,57.9114,1241787
2016-01-05,57.8547,58.4508,57.6749,58.3562,784304
2016-01-06,57.5897,58.2237,57.2869,57.6749,623288
2016-01-07,56.6151,57.1734,55.9054,55.9432,796991
2016-01-08,56.3974,57.1923,56.0851,56.4826,1364390
2016-01-11,56.6245,56.9841,55.6309,56.5015,1060863
2016-01-12,56.8232,57.2396,56.1041,56.6813,893171
2016-01-13,56.7191,57.268,55.3187,55.5174,918974
2016-01-14,55.6783,57.268,55.5647,56.7097,1038609
2016-01-15,55.101,56.0094,54.7604,55.7729,965431
2016-01-19,56.4447,56.4447,55.224,55.8013,787483
2016-01-20,55.0443,56.3217,53.9939,55.8486,785434
2016-01-21,56.1987,56.388,55.4606,55.7256,1053775
2016-01-22,56.7759,57.5235,56.4069,57.4762,894415
2016-01-25,56.9084,57.145,54.8408,55.0348,1273450
2016-01-26,54.9496,56.7191,54.5238,56.4069,743020
2016-01-27,56.1325,57.003,56.0189,56.492,1243910
2016-01-28,56.8516,56.9463,55.9905,56.1609,676100
2016-01-29,56.4447,57.6938,56.0851,57.6181,907881
2016-02-01,57.4099,57.8925,56.9652,57.7506,1704196
2016-02-02,57.0693,57.3058,56.1892,56.6434,1287737
2016-02-03,60.3717,62.8036,59.2835,60.315,2587756
2016-02-04,60.0216,61.318,60.0216,60.9111,1805899
2016-02-05,60.6745,61.1761,59.5485,59.804,1048545
2016-02-08,59.3592,59.3592,57.3815,58.0345,1067035
2016-02-09,57.4667,60.0595,57.126,59.5106,1635916
2016-02-10,59.927,61.0341,59.5674,59.6526,1017934
2016-02-11,58.6306,59.293,58.2805,58.9334,792816
2016-02-12,59.5674,60.6556,59.2078,60.5421,784505
2016-02-16,61.2328,61.4789,60.2676,61.3464,946313
2016-02-17,61.687,62.0939,60.6272,60.7502,832409
2016-02-18,60.6556,60.9679,60.3055,60.7313,758486
2016-02-19,60.8449,61.3653,60.4853,61.1193,997454
2016-02-22,61.7438,62.1602,60.9868,61.5356,711728
2016-02-23,61.2423,61.6397,60.4096,60.5515,565261
2016-02-24,60.0689,61.4032,59.6053,61.2991,730811
2016-02-25,61.6587,62.7185,61.5735,62.6806,648315
2016-02-26,63.0307,63.2957,62.6522,62.8793,618005
2016-02-29,62.8413,63.3075,61.9658,61.9658,1146928
2016-03-01,62.6129,64.2781,62.5653,63.5549,1339155
2016-03-02,63.3646,64.6017,63.1458,64.183,1145735
2016-03-03,64.1639,65.0203,63.8927,64.9347,1011228
2016-03-04,64.7063,64.9062,64.2305,64.5731,1114583
2016-03-07,64.1925,64.6492,64.0117,64.6492,1110306
2016-03-08,64.4113,65.401,63.831,64.8776,978274
2016-03-09,65.2582,66.3335,64.7587,65.7531,1164767
2016-03-10,65.9529,66.7427,65.6008,66.2574,999044
2016-03-11,66.952,66.952,65.6769,66.4667,864230
2016-03-14,66.2574,66.4191,65.4866,65.8768,1067513
2016-03-15,65.3248,66.048,65.0489,65.6674,1063957
2016-03-16,65.5627,66.1337,65.0203,65.8482,923616
2016-03-17,66.1337,66.6095,65.7531,66.4191,1327199
2016-03-18,66.5999,67.3136,66.2859,67.0472,4154402
2016-03-21,67.0472,67.6181,67.0472,67.5325,783462
2016-03-22,67.4849,68.4745,67.3802,67.9797,829671
2016-03-23,67.6657,68.3699,67.5039,67.8941,810115
2016-03-24,67.5991,68.0178,67.3041,67.5515,566911
2016-03-28,67.8465,68.0844,67.6657,67.8179,435520
2016-03-29,67.875,68.9693,67.6657,68.9218,584611
2016-03-30,69.1026,69.1216,68.2652,68.8932,393007
2016-03-31,68.9027,69.0169,68.3075,68.6173,783618
2016-04-01,68.2652,69.4261,68.0844,69.3309,1002341
2016-04-04,69.4642,69.6735,68.8076,69.2929,1020929
2016-04-05,69.1787,69.2738,68.1795,68.5697,971703
2016-04-06,68.6363,69.6069,68.446,69.4832,826720
2016-04-07,68.9598,69.1501,67.875,68.1034,1166583
2016-04-08,68.6553,68.9693,68.0368,68.2461,665571
2016-04-11,68.3508,68.779,67.8084,67.9036,757150
2016-04-12,67.9036,68.3318,67.7989,68.1415,773290
2016-04-13,68.465,68.8837,67.9987,68.8076,586440
2016-04-14,68.7219,69.074,68.4269,68.5221,459342
2016-04-15,68.5221,69.1311,68.5221,69.074,549181
2016-04-18,68.779,69.8353,68.5411,69.8353,547449
2016-04-19,70.1112,70.7297,69.7877,69.8353,583880
2016-04-20,69.8543,70.1397,69.4261,69.4832,537985
2016-04-21,69.6164,70.1683,69.1406,69.2834,525925
2016-04-22,69.4737,70.0065,68.9884,69.959,670261
2016-04-25,69.7116,69.7116,69.0645,69.2643,387741
2016-04-26,69.3024,69.4546,68.9408,69.2167,1045013
2016-04-27,70.0161,71.5005,70.0065,70.8629,1219525
2016-04-28,70.2254,70.4062,69.4927,69.8828,1350869
2016-04-29,69.8162,69.8162,68.7743,69.093,1116137
2016-05-02,69.1311,70.8725,68.76,70.7488,898930
2016-05-03,70.4252,71.5481,69.6735,71.529,1768649
2016-05-04,70.9771,71.4624,69.8353,70.3967,840418
2016-05-05,70.4157,70.8506,70.2349,70.4728,646658
2016-05-06,70.4157,71.2531,69.9685,71.2436,592686
2016-05-09,71.2055,71.7479,71.1008,71.5481,598344
2016-05-10,71.6527,72.747,71.491,72.747,570665
2016-05-11,72.7566,72.7566,71.6242,72.1285,596083
2016-05-12,72.5853,73.023,72.081,72.6709,735347
2016-05-13,72.5282,73.0896,71.5766,71.9192,796441
2016-05-16,72.0714,73.2323,71.9763,73.023,494014
2016-05-17,72.6614,72.7851,71.196,71.6718,696991
2016-05-18,71.529,71.6813,70.5394,70.8344,730538
2016-05-19,70.7297,71.1104,70.1302,71.0057,601183
2016-05-20,70.3872,70.6822,69.7306,69.7591,1744686
2016-05-23,69.7877,70.5775,69.7782,69.8924,773024
2016-05-24,70.3015,71.0152,70.1588,70.8915,459711
2016-05-25,71.3578,71.786,71.1215,71.2816,494645
2016-05-26,71.3197,71.7384,70.7297,70.77,366014
2016-05-27,70.8083,71.4494,70.1672,71.4494,469612
2016-05-31,71.5259,71.5546,70.6743,71.1719,788543
2016-06-01,70.636,71.1164,70.416,70.9614,539650
2016-06-02,70.9518,72.0331,70.6073,72.0331,711355
2016-06-03,72.1192,72.5689,71.6407,72.4828,827510
2016-06-06,72.5881,73.0665,72.3297,72.722,712781
2016-06-07,72.722,73.2004,72.5498,72.7411,579192
2016-06-08,72.8464,73.2961,72.3584,73.1622,341834
2016-06-09,73.0282,73.4398,72.7603,73.2674,383447
2016-06-10,72.7986,73.9181,72.722,73.7841,679467
2016-06-13,73.3727,73.6884,72.4254,72.4445,540998
2016-06-14,72.0905,72.7986,71.6073,72.6072,787400
2016-06-15,72.6933,73.2196,71.4207,72.3967,682026
2016-06-16,72.2053,72.6837,71.7556,72.6168,779740
2016-06-17,72.5211,72.5211,71.1336,71.8034,644463
2016-06-20,72.722,73.3918,72.6263,72.9325,523386
2016-06-21,73.1813,73.4588,72.9613,73.0378,518682
2016-06-22,73.0761,73.4684,72.8464,73.0665,620225
2016-06-23,73.8607,74.0425,73.4301,73.7937,295015
2016-06-24,71.4302,72.6263,70.1147,70.4447,825831
2016-06-27,69.8131,70.0236,67.8516,68.0429,964982
2016-06-28,68.5501,68.9041,68.0621,68.8945,1426003
2016-06-29,69.7749,69.8992,69.3347,69.6792,612287
2016-06-30,69.9567,71.5259,69.6887,71.5259,659671
2016-07-01,69.4017,70.2916,69.0763,69.4878,1582435
2016-07-05,69.0572,69.172,67.7559,68.0621,1309796
2016-07-06,68.0525,69.0285,67.7559,68.7223,1097216
2016-07-07,68.8658,69.6696,68.5788,69.0572,790909
2016-07-08,69.7653,70.1959,69.3443,70.1385,520798
2016-07-11,70.3298,70.4447,69.5548,69.8418,747850
2016-07-12,70.0045,70.2772,69.5835,69.8131,1027292
2016-07-13,70.1576,70.5882,69.8323,70.0236,846330
2016-07-14,70.5499,70.8274,70.1863,70.1959,584177
2016-07-15,70.5021,70.9805,70.3011,70.3585,582798
2016-07-18,70.1863,71.0762,70.0428,70.6265,671351
2016-07-19,70.2916,70.3681,69.3443,69.7653,473010
2016-07-20,69.8801,70.5882,69.7892,70.2629,407937
2016-07-21,70.3107,70.3298,69.0763,69.239,542500
2016-07-22,69.1816,69.7844,68.9232,69.4687,621617
2016-07-25,69.4878,69.6552,68.751,69.1433,646910
2016-07-26,71.2867,73.1526,70.4638,73.0761,1579994
2016-07-27,73.3631,75.4204,73.2674,75.162,1531459
2016-07-28,75.1525,75.4204,74.0234,74.7793,748096
2016-07-29,74.4827,74.741,73.6884,74.5305,706819
2016-08-01,74.5783,74.9037,74.2722,74.7793,706493
2016-08-02,74.8367,75.2673,74.4061,74.4922,997685
2016-08-03,74.3774,74.4635,73.4301,73.9085,722256
2016-08-04,74.0903,74.5209,73.9277,74.0521,430896
2016-08-05,74.4827,75.5448,74.3487,75.0759,572273
2016-08-08,74.9515,75.5735,74.6836,75.3247,698267
2016-08-09,75.4395,75.6787,75.095,75.3343,503650
2016-08-10,75.3343,75.851,74.6645,75.296,673227
2016-08-11,75.3917,75.6118,74.5114,74.9228,585196
2016-08-12,74.6932,74.9754,74.6166,74.8176,428586
2016-08-15,75.0185,75.2673,74.7936,74.7984,458360
2016-08-16,74.5783,74.7219,73.9659,73.9659,391594
2016-08-17,74.0425,74.0903,73.7076,73.9564,514254
2016-08-18,73.832,74.0518,73.4492,73.631,645018
2016-08-19,73.1239,74.2721,72.9995,74.1095,418202
2016-08-22,73.8415,73.8607,73.1717,73.832,546589
2016-08-23,74.2721,74.918,74.1956,74.7888,491312
2016-08-24,74.8176,74.8176,73.8703,74.0329,347252
2016-08-25,74.0329,74.8558,73.5259,74.5401,650725
2016-08-26,74.7123,74.8654,73.4205,73.6119,577405
2016-08-29,73.8128,74.4444,73.5363,74.0329,500442
2016-08-30,74.119,74.5114,73.8798,74.1573,333677
2016-08-31,74.119,74.32,73.7267,74.0999,560046
2016-09-01,74.2147,74.5592,73.4971,74.0042,484325
2016-09-02,74.4467,75.3894,74.4467,75.1682,530634
2016-09-06,75.5241,75.5626,74.4563,75.1393,466017
2016-09-07,75.0624,75.4952,74.8315,75.3509,395574
2016-09-08,74.9854,75.3413,74.6583,74.668,533811
2016-09-09,74.0908,74.1293,72.465,72.465,1004067
2016-09-12,72.1091,73.5954,71.8399,73.3885,518586
2016-09-13,72.9268,73.2539,72.3592,72.7344,506265
2016-09-14,72.6286,73.1096,72.4458,72.6478,382840
2016-09-15,72.6959,74.0234,72.542,73.9176,438565
2016-09-16,73.985,74.312,73.4944,73.504,799839
2016-09-19,74.0234,74.7593,73.9657,74.5044,606629
2016-09-20,75.0431,75.0455,74.6295,74.668,533775
2016-09-21,74.7064,75.2067,74.3409,75.1778,423164
2016-09-22,75.7742,75.9569,75.2259,75.8416,702498
2016-09-23,75.3702,75.8897,75.1586,75.274,331803
2016-09-26,74.8219,75.3125,74.4563,74.514,421653
2016-09-27,74.3505,74.9181,74.1774,74.8219,409020
2016-09-28,74.9662,75.4664,74.8123,75.3317,331274
2016-09-29,75.0912,75.3029,74.0138,74.1196,404220
2016-09-30,74.6199,75.08,74.0234,74.8315,582163
2016-10-03,74.4178,75.1105,74.1485,75.072,912078
2016-10-04,75.1297,75.3509,72.6767,72.8691,969302
2016-10-05,72.8979,73.6675,72.6671,73.1577,678152
2016-10-06,73.0037,74.4178,72.8979,74.2639,560926
2016-10-07,74.4275,74.4275,73.0134,73.4944,531154
2016-10-10,74.0042,74.4178,73.2539,73.3116,429075
2016-10-11,72.9557,73.0615,72.4266,72.6863,352747
2016-10-12,72.9172,73.3404,72.8402,73.1865,472015
2016-10-13,72.5228,73.35,71.9263,72.8402,499730
2016-10-14,73.2827,74.1677,73.2731,73.5425,393087
2016-10-17,73.7445,74.5333,73.4944,73.6002,387828
2016-10-18,74.1004,74.5333,73.5136,73.5328,461890
2016-10-19,73.706,74.1293,73.0518,73.7348,368591
2016-10-20,73.4078,73.4078,72.4852,73.0422,589483
2016-10-21,72.5324,72.8402,72.061,72.6286,408932
2016-10-24,73.2154,73.5954,72.7055,73.0134,499116
2016-10-25,72.8691,73.1865,72.4939,72.8883,915903
2016-10-26,71.378,72.5131,66.0102,68.2612,2878813
2016-10-27,68.5595,68.5595,67.4051,67.6841,1854914
2016-10-28,67.434,68.0111,65.9429,66.0006,1377182
2016-10-31,66.0583,67.3089,66.0487,67.1357,979816
2016-11-01,67.1935,67.2993,66.068,66.5586,848020
2016-11-02,66.472,66.7029,66.068,66.3662,806341
2016-11-03,66.9049,67.8765,66.751,67.7706,1386649
2016-11-04,67.6456,68.9539,67.636,67.9919,1107984
2016-11-07,68.9442,69.0597,68.2709,68.8865,587441
2016-11-08,68.6845,68.9827,68.319,68.5498,627674
2016-11-09,67.6552,68.5979,66.3565,68.3382,658019
2016-11-10,68.5595,68.7134,67.1838,67.6071,963399
2016-11-11,67.4147,67.8187,66.3085,66.9049,964519
2016-11-14,66.9337,68.0977,66.5201,68.0592,1063073
2016-11-15,68.1073,68.646,67.8957,68.4633,693560
2016-11-16,68.2131,68.8192,67.838,68.6653,886553
2016-11-17,68.5595,69.685,68.521,69.204,1045094
2016-11-18,68.9539,69.0501,67.8091,67.8957,552053
2016-11-21,67.8957,68.0689,67.4436,67.5783,525867
2016-11-22,67.8284,69.0116,67.6841,68.9539,676241
2016-11-23,68.7807,69.2809,68.3959,68.5114,679669
2016-11-25,68.7711,68.9923,68.3767,68.9827,253664
2016-11-28,68.8769,69.9543,68.8384,69.81,843057
2016-11-29,69.6946,70.5219,69.3579,70.1756,952341
2016-11-30,70.214,70.2237,69.0597,69.3194,1383702
2016-12-01,69.3194,69.3675,68.0304,68.4729,1003062
2016-12-02,68.4729,69.2906,68.3815,68.9923,822231
2016-12-05,69.4761,70.3856,69.4761,70.3469,1023659
2016-12-06,70.2308,70.9419,69.8244,70.8306,1116711
2016-12-07,71.1112,71.624,70.105,70.9274,756786
2016-12-08,70.9274,71.7497,70.5791,71.2853,755111
2016-12-09,71.0435,71.2563,70.0276,70.2598,742516
2016-12-12,70.2404,70.5791,69.5438,70.3469,641697
2016-12-13,70.492,71.1112,70.0566,70.1921,850843
2016-12-14,70.2985,70.6274,69.3116,69.4471,536170
2016-12-15,69.2342,69.6019,69.0794,69.3987,592450
2016-12-16,69.718,70.3469,69.4181,69.6019,1443073
2016-12-19,69.3987,70.0082,68.7408,68.9633,503941
2016-12-20,68.8279,69.3987,68.0152,69.1955,738394
2016-12-21,69.0698,69.8051,68.4602,69.2439,321219
2016-12-22,69.331,69.4858,68.6054,69.0504,353556
2016-12-23,69.0794,69.2149,68.7892,69.1085,289713
2016-12-27,69.331,69.9115,69.0649,69.36,224382
2016-12-28,69.5825,69.8331,68.4312,68.4893,287979
2016-12-29,68.557,69.2439,68.0636,68.3248,365166
2016-12-30,68.6344,68.915,67.7443,67.9378,585427
2017-01-03,68.4602,68.5667,67.2702,67.8604,865618
2017-01-04,68.1603,69.7954,67.6959,69.7954,887655
2017-01-05,69.6599,70.0856,68.5957,69.1085,647157
2017-01-06,69.9357,70.163,69.5729,70.0469,719628
2017-01-09,70.1243,71.0048,69.9018,70.2017,761000
2017-01-10,70.2017,70.9177,69.9308,70.3662,640800
2017-01-11,70.1243,70.463,69.9986,70.3372,399722
2017-01-12,70.105,70.2114,69.0649,69.7857,510838
2017-01-13,70.076,70.5791,69.4761,69.8051,574521
2017-01-17,69.8147,70.4339,69.6116,70.0953,544631
2017-01-18,70.0856,70.7919,69.66,70.7919,760513
2017-01-19,70.7726,71.0435,70.105,70.134,635788
2017-01-20,70.5017,70.7145,69.7083,70.0566,524872
2017-01-23,69.9502,70.6097,69.6696,70.521,400864
2017-01-24,70.4726,71.5853,70.4533,71.4305,645626
2017-01-25,71.7594,72.3883,70.8403,72.069,769948
2017-01-26,71.7497,71.9239,70.492,70.9564,939029
2017-01-27,71.1209,71.3821,70.6178,71.3724,755582
2017-01-30,70.85,71.2563,69.747,70.5404,1337861
2017-01-31,70.2985,71.2176,69.3794,70.6468,1673695
2017-02-01,76.4034,78.2126,74.0234,77.0613,3018729
2017-02-02,77.0807,78.1449,76.9646,77.4096,1709506
2017-02-03,77.8063,77.8663,76.1712,76.4808,977658
2017-02-06,76.2389,77.2476,75.6294,76.9259,848073
2017-02-07,76.8194,77.2645,76.2099,76.5679,912371
2017-02-08,76.4034,77.0516,76.1035,76.8291,856157
2017-02-09,76.9259,77.1581,76.297,76.3357,741051
2017-02-10,76.2873,77.1871,75.9971,76.6937,519543
2017-02-13,76.7904,77.2935,76.5969,76.8678,452110
2017-02-14,76.8775,77.3225,76.2583,76.713,624567
2017-02-15,76.4905,77.3322,76.4905,76.9549,481461
2017-02-16,77.2355,77.845,77.0565,77.5547,972372
2017-02-17,77.3709,77.3806,76.4421,76.8291,584903
2017-02-21,76.8194,77.816,76.684,77.7386,486610
2017-02-22,77.487,77.6128,76.7324,77.2161,476743
2017-02-23,77.5354,78.29,76.9065,78.0288,705947
2017-02-24,77.8256,78.2417,77.2742,77.6418,586728
2017-02-27,77.953,79.0324,77.8169,78.4781,621029
2017-02-28,78.2836,78.9255,78.0113,78.4879,652146
2017-03-01,79.2561,79.8493,78.9741,79.5965,813967
2017-03-02,79.3631,79.7229,78.8185,79.5187,855615
2017-03-03,79.47,79.7229,78.907,79.5089,590361
2017-03-06,78.9546,79.5478,78.517,78.906,721486
2017-03-07,78.799,79.1394,77.846,78.1864,812596
2017-03-08,78.1767,78.4781,77.6418,77.7682,770482
2017-03-09,77.8655,77.8946,77.2625,77.6904,648157
2017-03-10,78.1086,78.6224,77.9335,78.2836,545167
2017-03-13,78.2934,78.7115,77.6807,78.0891,308863
2017-03-14,77.9044,78.2934,77.5543,77.6807,397557
2017-03-15,77.778,78.4392,77.7682,78.3517,612497
2017-03-16,78.4587,78.4587,77.3209,77.5835,427477
2017-03-17,77.7682,78.2545,77.3501,78.1767,943407
2017-03-20,78.0211,78.0989,77.2236,77.5835,451247
2017-03-21,77.8071,77.9724,76.3679,76.6304,631328
2017-03-22,76.6402,77.2285,76.3105,76.7374,540940
2017-03-23,76.8055,77.7293,76.7277,77.4765,620956
2017-03-24,77.3306,78.0211,77.0292,77.4181,552858
2017-03-27,76.6499,77.5543,76.4457,77.4181,506123
2017-03-28,77.4376,78.5754,77.389,78.1864,508315
2017-03-29,78.0113,78.3809,77.8363,78.128,1112730
2017-03-30,78.1086,78.2739,77.6194,78.2642,372635
2017-03-31,78.1378,78.517,77.8363,78.3809,644243
2017-04-03,78.6337,78.8866,78.2836,78.7407,566631
2017-04-04,78.731,78.9934,78.1183,78.4392,612539
2017-04-05,78.5462,78.7796,77.7196,77.8752,782323
2017-04-06,77.9335,77.9335,77.3112,77.6515,523823
2017-04-07,77.6418,77.9919,77.0778,77.3501,540296
2017-04-10,77.4084,78.0308,77.2625,77.6321,754640
2017-04-11,77.3403,77.6953,76.9514,77.4765,454818
2017-04-12,77.1264,77.5932,77.0486,77.4473,568795
2017-04-13,77.4862,77.7488,77.175,77.2917,1085414
2017-04-17,77.5737,78.0794,77.4327,78.0794,339306
2017-04-18,77.9141,78.6434,77.9141,78.517,618730
2017-04-19,78.6337,79.2756,78.6045,79.2367,602021
2017-04-20,79.4214,80.0924,79.0908,79.9368,1407538
2017-04-21,79.9077,80.1216,79.3533,79.4409,1136374
2017-04-24,80.3258,80.5009,79.5284,80.1702,706829
2017-04-25,80.4328,80.5787,79.8007,80.141,725578
2017-04-26,79.9077,81.3566,78.6823,80.9093,1264974
2017-04-27,81.1816,81.6192,79.8493,81.2399,928820
2017-04-28,81.1719,81.5511,80.7245,80.919,854833
2017-05-01,80.9093,81.522,80.7245,81.2983,535578
2017-05-02,81.2983,81.7651,80.9774,81.1524,765290
2017-05-03,81.0746,81.1816,80.7051,81.0454,467139
2017-05-04,81.2302,81.6775,81.1232,81.3955,545840
2017-05-05,81.522,81.9547,81.4539,81.8526,334426
2017-05-08,81.8234,82.1929,81.3664,81.4539,327202
2017-05-09,81.4247,81.6678,80.4036,80.7245,815692
2017-05-10,80.6273,81.2399,80.5592,81.2399,674952
2017-05-11,80.8801,81.2886,80.5495,81.2886,469890
2017-05-12,81.026,81.4442,80.7245,81.0552,445314
2017-05-15,81.0941,81.9012,80.8218,81.8526,584553
2017-05-16,81.8818,82.2367,81.3955,81.9887,542684
2017-05-17,81.2983,81.4636,80.2286,80.3647,565193
2017-05-18,80.1994,80.53,79.5867,80.2286,732021
2017-05-19,80.4717,80.8315,80.0924,80.4814,721058
2017-05-22,80.4717,81.0163,80.2286,80.8996,288912
2017-05-23,81.0065,81.3372,80.4717,80.5203,316673
2017-05-24,80.637,80.9579,80.4522,80.5398,531915
2017-05-25,80.8509,81.7456,80.6954,81.522,520608
2017-05-26,81.4247,81.9887,81.201,81.9693,302671
2017-05-30,82.0179,82.2999,81.6386,82.0957,321446
2017-05-31,82.4069,82.4165,81.6289,81.9401,757988
2017-06-01,81.9693,83.535,81.7096,83.3891,757259
2017-06-02,83.4669,83.4669,82.3583,82.4166,363078
2017-06-05,82.5144,82.8957,82.0158,82.2504,730500
2017-06-06,82.0647,82.1233,81.3412,81.8398,735590
2017-06-07,82.182,82.2309,81.3999,81.7225,518442
2017-06-08,81.5856,81.8299,81.2435,81.4194,604327
2017-06-09,81.6052,82.4655,81.351,82.2113,482025
2017-06-12,82.1331,82.7099,81.6541,82.5633,456134
2017-06-13,82.5437,83.668,82.4851,83.5703,562507
2017-06-14,83.4725,84.0884,83.3989,83.5409,444309
2017-06-15,83.4041,84.3231,83.2574,83.6387,492174
2017-06-16,83.6192,83.8049,82.8664,83.7365,669581
2017-06-19,83.9613,84.8608,83.7756,84.7337,1024901
2017-06-20,85.7993,87.0801,85.5452,85.9558,772010
2017-06-21,85.6722,86.1611,85.1443,85.77,475061
2017-06-22,85.8873,85.9362,85.4376,85.594,474908
2017-06-23,85.7798,86.1806,85.506,86.0829,715263
2017-06-26,86.0829,86.3566,85.7016,86.2002,319603
2017-06-27,86.3664,86.7672,85.8384,86.1024,388125
2017-06-28,86.5424,87.5102,86.5424,86.7966,431241
2017-06-29,86.865,86.865,85.4767,86.1709,376024
2017-06-30,86.6108,86.8943,86.3762,86.3957,427177
2017-07-03,86.9725,87.2854,86.6401,86.8845,262770
2017-07-05,87.0312,87.2952,86.6597,86.8357,546190
2017-07-06,86.6499,87.4027,86.4837,87.1876,941462
2017-07-07,87.7156,89.1332,87.5396,88.7519,685074
2017-07-10,88.5759,89.6318,88.5759,89.3873,598348
2017-07-11,89.5438,90.2672,89.2847,89.7002,648226
2017-07-12,90.189,91.5675,89.8664,91.1374,691289
2017-07-13,91.3622,91.7027,90.5312,91.0005,718723
2017-07-14,91.2253,92.1981,90.8929,91.9195,678852
2017-07-17,91.9195,92.1443,91.636,91.8804,593734
2017-07-18,91.6555,92.0661,90.9907,91.3133,629777
2017-07-19,91.7826,92.027,91.46,91.9684,1269002
2017-07-20,91.9781,92.3594,91.6164,91.9586,662801
2017-07-21,92.0173,92.1346,91.5675,91.7924,659775
2017-07-24,91.6751,92.379,91.6751,91.8608,927070
2017-07-25,93.7282,94.5396,88.3901,89.2309,1663710
2017-07-26,89.4069,91.2742,88.967,90.277,1220235
2017-07-27,90.2184,90.3063,89.1625,89.7686,776258
2017-07-28,89.7784,90.101,89.3189,89.9739,586634
2017-07-31,90.4237,90.9223,90.1499,90.8538,559277
2017-08-01,91.2547,91.9977,90.2379,91.9781,784901
2017-08-02,91.2547,91.9977,90.2379,91.9781,784922
2017-08-03,91.9781,92.203,90.9516,91.1862,486741
2017-08-04,91.4307,91.4307,90.5605,90.9712,365020
2017-08-07,91.196,91.5675,90.7952,91.4502,812187
2017-08-08,91.1276,91.5969,90.7561,91.3133,617730
2017-08-09,91.2547,91.5871,90.6094,90.8147,508349
2017-08-10,90.6876,90.9223,89.7002,89.8762,476524
2017-08-11,89.8664,91.8413,89.7198,90.9418,502965
2017-08-14,91.4307,91.8902,91.0787,91.5871,360294
2017-08-15,91.9293,92.0857,91.3036,91.4307,598290
2017-08-16,91.6946,92.5354,91.6653,92.5354,473024
2017-08-17,92.3301,92.4376,91.0494,91.0787,401284
2017-08-18,90.9907,91.1667,90.4921,90.9614,416462
2017-08-21,90.9614,91.3036,90.277,90.7365,449585
2017-08-22,90.7952,91.1765,89.9739,91.108,627220
2017-08-23,90.8832,91.8706,90.7659,90.9614,739884
2017-08-24,91.3524,91.3622,90.3455,90.8832,365344
2017-08-25,91.3036,91.7631,90.9223,91.5773,241443
2017-08-28,91.8999,91.8999,91.1569,91.2156,420139
2017-08-29,91.02,91.5969,90.9712,91.3622,442099
2017-08-30,91.3916,92.0173,91.3231,91.9293,412799
2017-08-31,92.0466,92.6332,91.8608,92.1541,653322
2017-09-01,92.6158,93.3329,92.5962,93.3329,571342
2017-09-05,93.1856,93.7445,92.606,93.1266,827238
2017-09-06,93.2151,93.4606,90.5922,91.4468,1444112
2017-09-07,91.3977,91.5765,90.3564,91.0342,882216
2017-09-08,91.1718,91.9577,90.9458,91.5451,315606
2017-09-11,92.0166,92.5765,91.3977,92.5176,572240
2017-09-12,92.8418,93.8339,92.4587,93.5491,524045
2017-09-13,93.441,93.9125,92.3604,93.3329,590302
2017-09-14,93.3133,94.4135,92.9991,94.0697,587049
2017-09-15,94.276,95.3959,94.2662,95.1208,903393
2017-09-18,95.3075,97.5079,95.3075,97.1641,948158
2017-09-19,97.3606,97.4392,96.3291,96.7613,576253
2017-09-20,96.7319,97.5079,96.614,97.1346,760630
2017-09-21,97.1641,97.5472,96.8006,97.0757,494237
2017-09-22,96.948,97.1338,96.7417,97.0167,421511
2017-09-25,97.0364,97.1739,96.2898,97.1445,557770
2017-09-26,97.1346,97.1346,96.4961,96.8694,580916
2017-09-27,97.3213,97.8075,96.6533,97.6454,745198
2017-09-28,97.4588,98.3331,97.3802,98.1661,688425
2017-09-29,97.8124,97.9009,96.5059,96.6042,810078
2017-10-02,96.6042,97.8321,96.6042,97.6651,786548
2017-10-03,97.6847,97.8419,96.8399,97.5079,361610
2017-10-04,97.5669,98.0875,97.2918,97.95,281236
2017-10-05,98.1366,98.2152,97.6847,98.1268,338292
2017-10-06,98.0482,99.1092,97.9205,98.5689,374518
2017-10-09,98.7653,99.6986,98.618,98.9323,311414
2017-10-10,99.3154,99.453,98.6671,99.0109,314841
2017-10-11,99.227,99.6298,98.6573,99.4235,370353
2017-10-12,98.9716,99.7771,98.8537,99.0207,482941
2017-10-13,99.5021,100.2682,99.4137,100.1406,442456
2017-10-16,100.1996,100.4255,99.3449,100.3764,301672
2017-10-17,100.6318,100.7399,99.1484,99.787,551463
2017-10-18,99.7968,99.9441,98.6573,98.7359,924188
2017-10-19,98.5492,98.7162,96.8055,97.0462,1163552
2017-10-20,97.3999,97.9696,96.4175,97.95,1024747
2017-10-23,98.3036,98.6769,97.1887,97.2623,522243
2017-10-24,97.5079,97.8812,96.6336,97.1641,981688
2017-10-25,101.958,102.6554,98.9127,102.2134,866622
2017-10-26,101.6731,103.8441,101.5748,103.0091,815215
2017-10-27,103.1957,104.3647,102.0965,104.237,692252
2017-10-30,104.2763,104.3156,102.9059,103.461,645661
2017-10-31,103.3136,104.6791,103.2448,104.296,747552
2017-11-01,104.8264,105.5141,103.7065,105.1408,736409
2017-11-02,105.2979,106.6634,104.738,106.5259,720435
2017-11-03,106.4866,107.0662,106.1035,106.1821,598231
2017-11-06,105.9659,106.3392,104.6201,105.1801,506225
2017-11-07,105.0917,105.8874,104.9639,105.1506,367116
2017-11-08,105.2881,106.3589,105.2095,105.8481,615369
2017-11-09,105.2685,105.6123,103.3038,103.8932,807380
2017-11-10,103.736,103.9128,102.9993,103.3333,585207
2017-11-13,103.0385,106.0936,102.6653,106.0347,735805
2017-11-14,105.6221,106.7518,105.2095,106.2606,480295
2017-11-15,106.2606,106.6045,105.185,105.7989,500361
2017-11-16,105.9856,106.6634,105.6614,106.3392,667076
2017-11-17,105.9659,106.7224,105.4158,106.3785,600693
2017-11-20,108.0583,109.3452,107.6359,108.746,946145
2017-11-21,109.2372,109.856,108.0583,108.4709,805280
2017-11-22,108.6085,109.1389,107.744,109.1389,628258
2017-11-24,109.1684,109.7775,108.9425,109.7283,282025
2017-11-27,109.6989,110.2981,109.3452,109.9445,558104
2017-11-28,110.0918,110.1941,109.4828,110.023,510390
2017-11-29,109.9543,110.2686,109.4729,109.9052,604379
2017-11-30,110.3276,112.7687,109.8757,112.1056,1313460
2017-12-01,111.9877,112.3119,109.2965,110.6419,748778
2017-12-04,111.418,111.5653,109.9052,110.0427,782057
2017-12-05,110.6246,112.3112,110.6246,111.6602,902626
2017-12-06,111.4038,111.5221,109.865,109.9835,858431
2017-12-07,110.0328,110.9797,110.0328,110.812,638605
2017-12-08,110.8219,112.2816,110.4175,112.1731,874416
2017-12-11,112.2915,113.7315,111.9561,113.406,810220
2017-12-12,113.4257,113.9781,112.0942,112.8931,535852
2017-12-13,112.7748,113.0697,112.3704,112.8043,522023
2017-12-14,112.8635,113.4553,112.5282,112.7156,640904
2017-12-15,114.1161,114.5403,113.5737,114.3233,1076620
2017-12-18,114.9348,115.2504,113.9879,114.5304,694210
2017-12-19,115.1518,116.0197,114.7277,115.497,863825
2017-12-20,115.3983,116.3057,114.9348,115.0827,767562
2017-12-21,114.9052,115.3983,112.2915,112.4591,531280
2017-12-22,112.5972,112.9128,111.7786,112.6071,568938
2017-12-26,112.5676,113.2679,112.3309,113.2482,271782
2017-12-27,113.2975,113.9085,113.0411,113.5638,374456
2017-12-28,114.0964,114.0964,113.3715,113.9879,276252
2017-12-29,113.9978,114.2376,113.2876,113.2876,351984
2018-01-02,113.5737,114.0964,113.1791,114.0964,401841
2018-01-03,114.2444,114.5797,113.8005,114.4219,640632
2018-01-04,114.8263,115.5167,114.6241,115.1814,534027
2018-01-05,115.4772,116.8975,115.2208,116.5425,437081
2018-01-08,116.5227,117.583,116.4192,116.9764,664478
2018-01-09,117.0948,117.657,116.8679,117.2822,481834
2018-01-10,117.1638,117.4203,116.1381,116.9666,347672
2018-01-11,117.2625,118.0022,116.8827,117.9332,324298
2018-01-12,118.2784,118.6729,117.44,117.7162,498611
2018-01-16,117.8937,118.3573,115.3194,115.7731,620640
2018-01-17,116.434,118.0416,116.0394,117.2526,483091
2018-01-18,118.308,119.5951,117.4301,118.9786,583064
2018-01-19,119.7677,121.5135,119.1463,119.6789,685650
2018-01-22,119.6789,120.0735,118.6137,119.0773,532710
2018-01-23,118.7617,118.7617,117.9627,118.1008,543307
2018-01-24,118.4954,118.6553,117.8345,118.4165,501924
2018-01-25,118.7913,119.8959,118.5841,119.3041,521340
2018-01-26,119.7381,120.0044,118.8899,119.3633,426583
2018-01-29,119.097,119.5113,116.9271,117.0455,661591
2018-01-30,116.6904,117.1836,115.714,115.7238,1039012
2018-01-31,119.6198,121.977,118.3573,121.0006,1671359
2018-02-01,117.9627,119.7776,116.434,118.7123,1290812
2018-02-02,118.2685,118.88,115.9112,116.0197,923292
2018-02-05,115.1912,116.6707,112.2027,112.252,1137320
2018-02-06,110.1216,113.0706,109.9539,112.6761,1320459
2018-02-07,112.6564,115.2405,112.6564,113.2087,852676
2018-02-08,113.0608,113.3074,109.2339,109.2536,789020
2018-02-09,110.2498,110.7232,107.3402,109.9342,982169
2018-02-12,111.1473,114.7868,111.1135,114.0668,989084
2018-02-13,113.6624,115.5956,113.2778,115.28,618167
2018-02-14,114.7178,116.6707,114.3018,116.503,633857
2018-02-15,117.0455,117.9233,116.0,117.8937,596468
2018-02-16,117.6767,118.0762,117.0356,117.1737,642638
2018-02-20,116.4931,117.0356,115.1764,115.4772,549370
2018-02-21,115.4772,117.5386,115.2308,115.3194,455473
2018-02-22,115.9901,117.0652,115.3886,116.6214,494117
2018-02-23,116.7595,117.5751,116.069,117.4992,456732
2018-02-26,117.9825,118.7617,116.6707,118.4658,411999
2018-02-27,118.6828,118.7419,117.2723,117.2822,406402
2018-02-28,117.4795,117.9233,116.4537,116.5326,587165
2018-03-01,116.5918,116.8581,113.2087,114.3529,648801
2018-03-02,113.6723,114.2937,112.4592,113.5835,665705
2018-03-05,112.8043,113.623,111.9167,113.2186,770800
2018-03-06,113.6047,113.9018,111.3867,113.3968,1305908
2018-03-07,112.7433,115.0702,111.8224,114.6543,700388
2018-03-08,114.7732,115.7931,113.6444,114.3672,518707
2018-03-09,114.8623,116.4664,113.7632,116.1792,614675
2018-03-12,116.1297,116.407,115.2188,115.3772,507409
2018-03-13,115.6247,116.3278,114.5652,114.7732,553795
2018-03-14,115.199,115.3475,113.2087,113.7038,558290
2018-03-15,113.9315,113.9315,112.4066,113.0304,585658
2018-03-16,111.7828,111.7828,109.4657,110.5352,1581526
2018-03-19,110.2282,110.8025,109.3271,109.7331,1043362
2018-03-20,108.8419,110.1886,108.6439,109.6737,1169216
2018-03-21,108.6637,110.3668,108.6637,109.0598,782715
2018-03-22,107.8517,108.3963,104.7524,104.8812,1096710
2018-03-23,104.8316,105.3168,101.9997,102.0492,987520
2018-03-26,103.0394,105.4357,103.0394,104.7227,812426
2018-03-27,105.2871,105.505,102.8909,103.4256,900570
2018-03-28,103.5543,104.495,101.5442,103.0295,867952
2018-03-29,103.5939,105.9803,103.5939,105.2079,583231
2018-04-02,105.0693,105.4159,101.7769,102.8513,592811
2018-04-03,103.079,104.1979,102.6136,103.5345,868368
2018-04-04,102.1482,105.3762,101.6531,105.1683,1092793
2018-04-05,105.6535,105.8713,104.3266,105.0297,928173
2018-04-06,104.3861,104.9505,101.4353,102.1878,963544
2018-04-09,102.9503,104.1484,102.4948,102.881,552530
2018-04-10,104.3465,106.1337,104.1187,105.3069,612156
2018-04-11,104.4059,105.1881,103.891,104.2573,457816
2018-04-12,104.5643,105.0297,104.1385,104.4554,531796
2018-04-13,104.9307,105.0049,103.2473,103.7721,490792
2018-04-16,104.495,105.3762,104.089,104.9406,571888
2018-04-17,105.9209,106.7427,105.3267,106.6239,890619
2018-04-18,106.9408,107.8616,106.4259,107.1388,1053578
2018-04-19,107.218,107.6438,106.208,106.6338,719899
2018-04-20,106.9705,107.0497,105.2673,106.0694,634149
2018-04-23,106.1981,106.7526,105.7031,105.9605,504993
2018-04-24,106.1684,106.1684,102.7522,104.3663,759088
2018-04-25,103.178,107.4953,100.6728,105.6238,1250469
2018-04-26,107.7527,107.7527,105.0099,105.1683,656743
2018-04-27,105.2178,105.6931,103.6335,103.8216,1063453
2018-04-30,104.0593,105.802,103.7523,103.782,644419
2018-05-01,103.5741,104.5643,102.9701,104.4356,981133
2018-05-02,104.3266,104.6138,102.9206,103.1285,735071
2018-05-03,102.4948,103.9108,101.3957,103.1978,612685
2018-05-04,102.8909,106.01,102.8909,104.693,774363
2018-05-07,104.901,105.7327,104.2078,104.6138,444272
2018-05-08,104.7326,105.2079,104.0494,104.4653,720185
2018-05-09,104.8316,105.4456,103.6434,105.1683,661594
2018-05-10,105.4555,106.8417,105.3366,106.6635,664975
2018-05-11,106.8714,107.926,106.3664,106.614,757819
2018-05-14,106.8615,107.6141,106.2575,107.1289,771616
2018-05-15,106.9408,107.2378,104.8118,105.297,671369
2018-05-16,105.4753,107.3566,105.297,106.8318,595155
2018-05-17,106.6833,107.4557,106.2872,107.1289,581435
2018-05-18,107.2774,108.5845,107.2378,108.03,895291
2018-05-21,108.4359,109.6638,108.426,109.5747,622269
2018-05-22,109.545,110.4262,109.0994,109.1291,713230
2018-05-23,108.5152,108.9063,105.9902,107.2873,720630
2018-05-24,107.3962,108.1785,107.3368,107.9111,501379
2018-05-25,107.5151,108.0498,107.0002,107.416,398763
2018-05-29,106.4853,106.6734,104.4257,105.1386,468823
2018-05-30,105.6733,106.208,105.099,105.8416,536589
2018-05-31,105.9506,105.9803,103.8514,103.9999,1055841
2018-06-01,104.8514,105.4159,104.3564,105.297,402711
2018-06-04,105.505,106.2031,104.8316,105.3366,525998
2018-06-05,105.6053,107.078,105.2272,106.6302,466770
2018-06-06,106.5008,106.5008,104.5207,105.9834,665725
2018-06-07,106.1426,106.5008,105.3167,105.7745,817249
2018-06-08,105.6749,107.6452,105.466,107.4959,583917
2018-06-11,107.7347,108.1128,107.1775,107.1775,423769
2018-06-12,107.4362,107.476,106.1227,106.879,395154
2018-06-13,106.9685,107.4362,105.9934,106.0332,464046
2018-06-14,106.5207,106.5506,105.3466,105.7446,626801
2018-06-15,105.3764,105.5655,104.4212,105.4162,933056
2018-06-18,105.0879,105.3167,104.4809,104.6102,540964
2018-06-19,103.854,103.854,101.3664,101.5654,952672
2018-06-20,101.6947,101.6947,100.5007,101.0479,699225
2018-06-21,100.9783,101.038,99.5156,99.7245,679852
2018-06-22,100.1723,100.4907,99.4459,99.7544,668166
2018-06-25,99.5255,101.6151,99.5255,101.4161,897800
2018-06-26,101.3465,102.65,101.0081,101.0977,757659
2018-06-27,101.1275,102.0728,99.8141,99.824,883277
2018-06-28,99.8638,100.5803,99.1673,100.1424,543619
2018-06-29,100.4211,102.5604,100.4211,101.5952,599540
2018-07-02,101.0181,101.1574,99.2668,100.0529,609550
2018-07-03,100.5206,101.0479,99.5454,99.7146,372714
2018-07-05,100.1723,100.3912,99.5156,100.0031,739317
2018-07-06,100.1424,100.9285,99.4956,100.5703,456117
2018-07-09,100.9982,102.252,100.9982,101.8141,363469
2018-07-10,101.6649,102.2818,101.4161,102.2022,388889
2018-07-11,101.5355,101.8141,100.8091,101.227,397499
2018-07-12,101.8141,102.3117,101.3664,101.7345,316750
2018-07-13,101.9733,103.1973,101.7743,103.1475,694483
2018-07-16,103.1376,103.2868,102.3714,102.4908,626670
2018-07-17,102.043,104.2023,102.0032,103.9635,676185
2018-07-18,103.9436,104.7694,103.9436,104.0232,562707
2018-07-19,103.8838,104.252,103.1475,103.4659,671686
2018-07-20,102.7694,103.7246,102.1325,103.4361,909292
2018-07-23,103.3863,103.3863,102.2122,102.451,772867
2018-07-24,108.8691,114.2424,105.5655,113.8046,1812390
2018-07-25,114.8792,115.7748,111.0781,111.7647,1154556
2018-07-26,111.7448,112.8891,110.7895,112.5707,852547
2018-07-27,112.7697,113.6752,111.1189,111.904,696286
2018-07-30,112.1229,113.0782,111.496,112.0334,565815
2018-07-31,112.6403,114.9787,112.3428,114.113,820272
2018-08-01,113.8742,114.0633,111.8343,112.8493,965992
2018-08-02,111.9737,112.2423,110.5806,111.8144,546327
2018-08-03,112.1428,113.1926,111.6453,112.5906,395663
2018-08-06,112.2025,113.6951,111.7149,113.0284,440164
2018-08-07,112.919,113.3269,111.6055,111.7348,471927
2018-08-08,112.0931,112.0931,110.7796,110.8194,476456
2018-08-09,111.2075,111.4562,110.7298,110.889,352749
2018-08-10,110.4711,111.0035,109.088,109.6154,538826
2018-08-13,109.9338,110.0432,107.8541,107.9636,590499
2018-08-14,107.9934,108.6203,107.0481,107.2869,509505
2018-08-15,106.7596,107.0232,104.8391,106.471,622205
2018-08-16,107.2571,107.8243,106.6003,106.7795,320556
2018-08-17,106.3317,107.2272,105.5953,106.4212,581381
2018-08-20,106.5406,107.685,106.471,107.4362,348607
2018-08-21,107.3466,107.6651,106.4809,106.6999,419293
2018-08-22,106.8591,106.9188,105.6948,105.864,451067
2018-08-23,105.6053,105.7645,104.0729,104.8491,655049
2018-08-24,105.0182,105.6252,104.2222,105.267,384965
2018-08-27,105.4262,106.8292,105.4262,106.0332,484736
2018-08-28,106.3118,107.2073,105.655,105.8939,289060
2018-08-29,105.5058,106.4312,105.1575,105.9735,291816
2018-08-30,105.864,105.9138,104.3515,104.6898,430738
2018-08-31,104.4411,105.2869,104.4212,104.66,505453
2018-09-04,104.56,104.77,102.9,103.98,626527
2018-09-05,104.21,105.66,103.97,105.28,471681
2018-09-06,105.19,106.31,104.635,105.13,576218
2018-09-07,104.65,105.54,104.39,105.38,423639
2018-09-10,105.91,106.54,105.59,105.87,444385
2018-09-11,105.43,106.19,104.07,105.6,405705
2018-09-12,105.7,106.07,104.84,105.8,430321
2018-09-13,107.82,108.76,106.9,108.49,543011
