date,open,high,low,close,volume
2013-09-16,36.2693,36.2892,35.7911,35.826,2540995
2013-09-17,35.7861,35.9057,35.6068,35.6566,2001578
2013-09-18,35.6217,35.8409,35.3926,35.7164,2563587
2013-09-19,35.7861,36.0494,35.4175,35.9655,2208066
2013-09-20,35.9655,36.1747,35.6217,35.6566,3358203
2013-09-23,35.6865,35.8658,35.557,35.7861,1930762
2013-09-24,35.7662,35.8658,35.4275,35.4972,2576845
2013-09-25,34.6105,34.7649,33.0314,33.2257,13247577
2013-09-26,33.2805,33.405,32.9218,33.0514,5598393
2013-09-27,33.0414,33.2007,32.882,33.0663,3515481
2013-09-30,32.9816,33.024,32.6329,32.7226,3709532
2013-10-01,32.7226,32.8771,32.5657,32.6678,3051414
2013-10-02,32.3241,32.349,31.283,31.8259,8401701
2013-10-03,31.8708,32.4486,31.8508,32.1099,6066740
2013-10-04,32.2244,32.3938,32.1198,32.3838,3873691
2013-10-07,32.4984,32.4984,32.0899,32.2992,2791909
2013-10-08,32.2195,32.4137,32.0401,32.085,3699974
2013-10-09,32.2294,32.5383,32.1597,32.3789,3601583
2013-10-10,32.603,32.8571,32.5831,32.8571,3029997
2013-10-11,32.6578,32.882,32.4386,32.877,3057652
2013-10-14,32.7674,33.146,32.6977,33.1161,2570572
2013-10-15,33.1659,33.2282,33.0015,33.0165,3598069
2013-10-16,33.0563,33.6541,32.9368,33.6541,3848148
2013-10-17,33.1111,33.5644,32.7624,33.4947,3807079
2013-10-18,32.9517,33.2506,32.5582,32.877,5801827
2013-10-21,32.887,32.9169,32.3988,32.5034,4566657
2013-10-22,32.6628,32.8073,32.4835,32.5283,4804716
2013-10-23,32.4187,32.6628,32.349,32.5084,4452651
2013-10-24,32.7575,32.8222,32.3739,32.598,3880527
2013-10-25,32.6877,32.7425,32.4237,32.623,2970314
2013-10-28,33.679,33.7487,33.0514,33.2506,5076999
2013-10-29,33.2954,33.3152,33.0314,33.1858,2428897
2013-10-30,33.1858,33.2232,32.7624,32.872,2712958
2013-10-31,32.877,33.1012,32.7272,32.8122,3080243
2013-11-01,32.887,33.0065,32.623,32.7525,3661510
2013-11-04,32.8521,32.9268,32.6379,32.8969,2307789
2013-11-05,32.8919,32.9119,32.4386,32.4436,2396357
2013-11-06,32.5084,32.7325,32.4401,32.5682,3134020
2013-11-07,32.7873,32.9378,32.4885,32.4885,2991868
2013-11-08,32.4137,32.4984,32.2693,32.4436,4897766
2013-11-11,32.4785,32.5383,32.3639,32.4885,2766014
2013-11-12,32.4885,32.877,32.3838,32.8272,3751050
2013-11-13,32.7624,33.1186,32.7525,33.0613,3825006
2013-11-14,33.2207,33.6939,33.136,33.674,4437431
2013-11-15,33.8185,34.2917,33.674,34.202,6180243
2013-11-18,34.5059,34.5059,34.1597,34.2818,4361911
2013-11-19,34.1771,34.481,34.1024,34.4312,4776574
2013-11-20,34.3913,34.5258,34.3465,34.3913,2860283
2013-11-21,34.4262,34.4959,33.9729,34.0775,3330907
2013-11-22,34.1522,34.2125,33.7039,33.7637,3593676
2013-11-25,33.7587,33.9181,33.674,33.7189,3581471
2013-11-26,33.7936,33.9829,33.4748,33.7936,3564328
2013-11-27,33.5047,34.1174,33.5047,33.9829,2374836
2013-11-29,34.0675,34.1174,33.9181,34.0974,1443459
2013-12-02,34.3764,34.5507,33.953,33.958,3369755
2013-12-03,33.953,33.9629,33.3951,33.5495,3815471
2013-12-04,33.4792,33.6749,33.1932,33.5043,5981812
2013-12-05,33.3989,33.6749,33.2685,33.4692,4657951
2013-12-06,33.7301,33.976,33.69,33.8154,3460118
2013-12-09,33.8255,34.1867,33.8204,34.0161,3622371
2013-12-10,33.966,34.0312,33.7251,33.7502,2623131
2013-12-11,33.8756,33.8756,33.5344,33.6047,3315011
2013-12-12,33.5394,33.6097,33.2434,33.3939,3250322
2013-12-13,33.4491,33.5545,33.1733,33.2534,2296336
2013-12-16,33.3839,33.5194,33.128,33.1882,2869290
2013-12-17,33.1631,33.1932,32.8821,32.8921,3302953
2013-12-18,33.0577,33.8004,33.0277,33.7402,4770895
2013-12-19,33.7301,33.8305,33.3588,33.6498,3432129
2013-12-20,34.0814,34.4928,33.8957,34.3172,6457714
2013-12-23,34.3975,34.6584,34.1215,34.5731,3560788
2013-12-24,34.5029,34.7738,34.4311,34.6534,1162810
2013-12-26,34.7337,34.8742,34.4477,34.7839,1670692
2013-12-27,34.7839,34.8692,34.6434,34.8591,1295260
2013-12-30,34.834,34.8692,34.6348,34.7487,2276552
2013-12-31,34.7939,35.0297,34.7538,34.8993,1661464
2014-01-02,34.8943,34.9645,34.6434,34.7186,2069974
2014-01-03,34.819,34.9595,34.6534,34.7738,1785301
2014-01-06,35.0398,35.095,34.6434,34.834,3160860
2014-01-07,34.7287,35.1151,34.5817,35.0197,3543542
2014-01-08,35.0147,35.1477,34.8892,35.1351,3214371
2014-01-09,35.2154,35.2706,34.8541,35.2305,3924848
2014-01-10,35.2254,35.2305,34.9871,35.1301,3106861
2014-01-13,35.0247,35.4512,35.0247,35.1753,4025978
2014-01-14,35.1953,35.2907,34.814,34.9545,4011908
2014-01-15,35.0147,35.0789,34.6032,35.0398,2801505
2014-01-16,34.809,35.361,34.809,35.1552,2596049
2014-01-17,35.105,35.1853,34.8842,35.09,3003648
2014-01-21,35.1401,35.1953,34.7362,34.9043,3220448
2014-01-22,34.9344,35.1728,34.8621,34.9946,3375533
2014-01-23,35.3509,35.4964,34.6133,34.6233,4464615
2014-01-24,34.3875,34.4893,33.7753,33.9409,4125494
2014-01-27,34.0011,34.2971,33.976,34.0613,3808860
2014-01-28,34.1265,34.4878,34.0713,34.3724,2971572
2014-01-29,34.2871,34.6785,34.1273,34.3222,3629245
2014-01-30,34.5029,34.8391,34.3423,34.7588,3777254
2014-01-31,34.4326,34.5129,34.247,34.272,4409532
2014-02-03,34.2971,34.3669,33.3387,33.3939,4812926
2014-02-04,33.4441,33.6549,33.3387,33.5946,2715400
2014-02-05,33.5093,33.9208,33.4592,33.7703,2628745
2014-02-06,33.8907,33.9559,33.6398,33.6649,3559938
2014-02-07,33.7652,34.2293,33.69,34.0713,3081448
2014-02-10,34.0061,34.3172,33.9459,34.272,2087568
2014-02-11,34.272,34.9695,34.2018,34.8491,2385118
2014-02-12,34.9545,35.0348,34.6534,34.6835,2515729
2014-02-13,34.6032,34.7989,34.4326,34.7538,2267102
2014-02-14,34.5681,34.7789,34.538,34.6634,2478083
2014-02-18,34.8491,34.9294,34.6333,34.7688,2353632
2014-02-19,34.6283,35.1401,34.6283,34.6835,2500445
2014-02-20,34.6735,34.962,34.6685,34.7989,2571835
2014-02-21,34.819,35.1,34.6885,34.7688,3905377
2014-02-24,34.8642,35.2004,34.8491,34.8642,2624037
2014-02-25,34.8591,34.8591,34.4125,34.4527,2563036
2014-02-26,34.4376,34.9846,34.3849,34.7287,4075795
2014-02-27,34.6986,34.8692,34.1516,34.5681,3614016
2014-02-28,34.6233,34.9896,34.5079,34.8742,3864439
2014-03-03,34.5781,34.681,34.257,34.5681,2839305
2014-03-04,34.8039,34.8508,34.6233,34.6384,3692182
2014-03-05,34.6383,34.6636,34.2037,34.3351,4272326
2014-03-06,34.3654,34.4119,34.1128,34.1481,3226579
2014-03-07,34.2593,34.3149,34.0572,34.1128,4298125
2014-03-10,34.1128,34.2896,33.8651,34.2088,3519181
2014-03-11,34.1987,34.5019,34.0167,34.2391,3069603
2014-03-12,34.1229,34.3148,34.0673,34.1734,2177362
2014-03-13,34.2492,34.2795,33.8095,33.8449,1748365
2014-03-14,33.764,33.9864,33.5771,33.6023,2707589
2014-03-17,33.5316,33.9308,33.5265,33.6074,2723865
2014-03-18,33.6781,34.133,33.6428,34.0167,3544868
2014-03-19,34.0673,34.3402,33.9662,34.0723,2660289
2014-03-20,34.0066,34.2947,33.8803,34.2846,3069801
2014-03-21,34.5272,34.6889,34.0723,34.2189,4549273
2014-03-24,34.2391,34.2947,33.6124,33.7893,3542729
2014-03-25,33.8702,34.5777,33.8398,34.5625,4171181
2014-03-26,34.6939,35.7552,34.5625,35.4166,8160756
2014-03-27,38.2467,38.2467,36.7356,36.7912,19991727
2014-03-28,37.0085,37.2713,36.6017,36.8165,6644603
2014-03-31,36.8569,37.291,36.6851,37.1854,3610010
2014-04-01,37.332,37.3724,36.8569,37.2309,3554639
2014-04-02,37.2157,37.2157,36.8923,36.9883,3271353
2014-04-03,37.1197,37.145,36.7912,37.0894,3351079
2014-04-04,37.2006,37.4583,36.8064,36.8569,3332452
2014-04-07,36.8114,37.2309,36.6169,36.6346,3173601
2014-04-08,36.7255,36.8519,36.483,36.5385,2319343
2014-04-09,36.6699,37.1399,36.4931,37.1197,3589200
2014-04-10,37.1399,37.145,36.3086,36.5183,3038704
2014-04-11,36.4021,36.8418,36.3667,36.3768,2637128
2014-04-14,36.584,36.8923,36.4526,36.771,2201844
2014-04-15,36.7811,37.1349,36.4526,37.0742,2983749
2014-04-16,37.3825,37.4533,36.958,37.1197,3980364
2014-04-17,37.1551,37.3977,36.5941,36.7963,4258274
2014-04-21,36.6497,37.0389,36.6245,36.9681,2331972
2014-04-22,36.9428,37.0844,36.5588,36.579,3209716
2014-04-23,36.6497,36.7407,36.4678,36.5082,2404757
2014-04-24,36.6801,36.8216,36.5234,36.5385,2682081
2014-04-25,36.5133,36.675,36.3364,36.5487,1932510
2014-04-28,36.6902,37.1399,36.5082,37.0389,3048716
2014-04-29,37.1096,37.1374,36.8519,36.862,1839317
2014-04-30,36.8923,36.958,36.5234,36.7862,2741169
2014-05-01,36.8165,37.7161,36.8165,37.5948,5121502
2014-05-02,38.0547,38.0698,37.5746,37.7565,8238210
2014-05-05,37.6504,37.7312,37.2764,37.6554,4348608
2014-05-06,37.6302,37.8828,37.3775,37.3825,2769071
2014-05-07,37.4482,37.8374,37.284,37.7717,2904139
2014-05-08,37.7211,38.1153,37.6504,37.8171,2255478
2014-05-09,37.6706,37.9586,37.4811,37.9334,1456637
2014-05-12,38.0142,38.1709,37.9132,38.09,1755496
2014-05-13,38.1557,38.3478,38.0041,38.1103,2134579
2014-05-14,38.085,38.2417,37.9991,38.1305,2150646
2014-05-15,37.9485,38.1355,37.5493,37.6908,3103995
2014-05-16,37.6655,37.9283,37.6352,37.7211,2983032
2014-05-19,38.2955,38.4761,38.0838,38.2593,1865354
2014-05-20,37.8323,37.8778,37.3825,37.4886,2202886
2014-05-21,37.5746,37.7767,37.1551,37.5796,1630496
2014-05-22,37.5089,37.7767,37.4331,37.6706,1540331
2014-05-23,37.6655,37.7666,37.524,37.6857,1405222
2014-05-27,37.7868,37.7868,37.3724,37.4785,1766794
2014-05-28,37.6403,37.7666,37.2865,37.5493,1899953
2014-05-29,37.6302,37.7009,37.5341,37.5998,1311467
2014-05-30,37.5089,37.6756,37.4937,37.6049,2457682
2014-06-02,37.6049,37.7262,37.4305,37.5139,2499140
2014-06-03,37.4684,37.706,37.2713,37.3977,3493879
2014-06-04,37.072,37.2552,36.9447,37.1534,4136124
2014-06-05,37.2908,37.6725,37.1381,37.6165,4259844
2014-06-06,37.6623,37.7692,37.4903,37.5605,2301440
2014-06-09,37.5453,37.6165,37.3112,37.4791,1909243
2014-06-10,37.4791,37.5402,37.245,37.53,2056623
2014-06-11,37.4537,37.5046,37.1941,37.2857,1737498
2014-06-12,37.2857,37.3061,37.0567,37.1534,2399474
2014-06-13,37.2145,37.3213,37.1585,37.2145,1775064
2014-06-16,37.3315,37.7438,37.245,37.2908,2043125
2014-06-17,37.189,37.3722,37.0923,37.2399,1676824
2014-06-18,37.245,37.5911,37.1992,37.5605,1596307
2014-06-19,37.5504,37.6776,37.4893,37.6063,1950263
2014-06-20,37.6216,37.6623,37.474,37.5555,3041529
2014-06-23,37.586,37.698,37.4893,37.5402,1986872
2014-06-24,37.4333,37.5605,37.3213,37.3722,2307431
2014-06-25,37.4231,37.6623,37.3722,37.6216,2486343
2014-06-26,37.5656,37.586,37.0312,37.2704,2593682
2014-06-27,37.1687,37.2399,36.9498,37.0669,2082985
2014-06-30,37.1432,37.1534,36.6546,36.7971,2983266
2014-07-01,36.9651,37.6572,36.9651,37.5402,2907695
2014-07-02,37.6165,38.1713,37.3366,38.1662,3012594
2014-07-03,38.212,38.2934,37.927,38.1102,1388954
2014-07-07,38.0848,38.2782,37.9321,38.1102,1608512
2014-07-08,38.044,38.4563,37.9321,38.3647,2701356
2014-07-09,38.2425,38.7057,38.2425,38.5886,2519666
2014-07-10,38.3901,39.0772,38.2476,39.0619,3308227
2014-07-11,38.9652,39.0874,38.726,38.9805,1918748
2014-07-14,39.0467,39.2604,38.8889,39.0823,2048156
2014-07-15,39.1434,39.1892,38.9703,39.067,2427960
2014-07-16,39.1892,39.2349,38.8686,38.9856,2040924
2014-07-17,38.7769,39.3113,38.6497,38.8075,2564419
2014-07-18,38.95,38.9652,38.4461,38.9449,2924084
2014-07-21,38.7973,38.8421,38.5123,38.7362,2116282
2014-07-22,38.8635,39.2655,38.782,39.123,1912682
2014-07-23,39.3266,39.347,38.9703,39.1078,2178503
2014-07-24,39.1128,39.3368,39.0009,39.1892,2326817
2014-07-25,39.2248,39.2757,38.7897,39.0111,1629792
2014-07-28,38.9347,39.0582,38.782,38.9194,1792079
2014-07-29,38.9754,39.1587,38.8482,38.8533,1854477
2014-07-30,39.1027,39.291,38.4512,38.726,2921104
2014-07-31,38.385,38.5123,37.927,38.0135,3411392
2014-08-01,37.9982,38.4153,37.8557,38.156,2299978
2014-08-04,37.983,38.1713,37.6623,38.1306,2827630
2014-08-05,38.212,38.324,37.8583,37.8965,1851421
2014-08-06,37.6929,38.0339,37.6878,37.9066,1891982
2014-08-07,37.9423,38.039,37.4247,37.5453,1542883
2014-08-08,37.5453,37.8252,37.2857,37.6114,2173971
2014-08-11,37.7489,38.156,37.6929,37.7641,1617415
2014-08-12,37.7743,37.9932,37.6063,37.7998,1463215
2014-08-13,38.0135,38.1713,37.8812,38.1509,1491468
2014-08-14,38.2833,38.2833,37.9473,38.044,1599413
2014-08-15,38.1662,38.2985,37.6623,37.871,3680647
2014-08-18,38.0542,38.3596,37.9779,38.2782,1070421
2014-08-19,38.3545,38.4077,38.1051,38.2374,1383818
2014-08-20,38.2374,38.38,38.0186,38.2985,1394492
2014-08-21,38.838,38.8533,38.5123,38.5784,2101616
2014-08-22,38.4614,38.5479,38.1408,38.1916,2258668
2014-08-25,38.3291,38.4843,38.2833,38.3749,1141263
2014-08-26,38.4563,38.5072,38.3545,38.441,1119493
2014-08-27,38.441,38.5021,38.1789,38.3443,1626876
2014-08-28,38.2273,38.268,37.983,38.1255,1604870
2014-08-29,38.1102,38.2476,37.9372,38.1611,1740001
2014-09-02,38.1458,38.2209,37.7489,37.8099,1903365
2014-09-03,37.9945,38.1277,37.8663,37.9125,2186679
2014-09-04,38.0047,38.3071,37.7331,37.7792,2393967
2014-09-05,37.8509,38.1841,37.6772,38.0303,1711232
2014-09-08,37.9278,38.261,37.9278,38.0406,1626172
2014-09-09,38.138,38.1892,37.8151,38.0662,1931949
2014-09-10,38.138,38.6198,38.0098,38.5839,2881081
2014-09-11,38.3994,38.6198,38.261,38.4865,1841486
2014-09-12,38.466,38.6249,38.1687,38.2866,2116924
2014-09-15,38.3071,38.3071,37.9688,38.2097,1614278
2014-09-16,38.179,38.5114,38.0713,38.4352,1548920
2014-09-17,38.1841,38.1841,37.1898,37.2359,5801815
2014-09-18,37.364,37.5383,37.0873,37.4665,3169148
2014-09-19,37.6511,37.6562,37.077,37.1795,2837845
2014-09-22,37.1078,37.1436,36.7797,36.9386,2200361
2014-09-23,36.7336,36.8874,36.6465,36.7592,2087666
2014-09-24,36.6619,37.0309,36.6619,36.9848,1887456
2014-09-25,36.8413,36.8464,36.4876,36.5337,1762827
2014-09-26,36.7131,37.1744,36.6824,37.0463,3581790
2014-09-29,36.7182,37.0309,36.6516,36.8413,1634116
2014-09-30,36.8361,36.9137,36.6465,36.7849,2497994
2014-10-01,36.5235,36.749,36.4107,36.6516,2728033
2014-10-02,36.7029,36.738,36.2928,36.6721,2239602
2014-10-03,36.9335,37.4153,36.9335,37.3692,3056894
2014-10-06,37.6101,37.6972,37.1641,37.282,1964424
2014-10-07,37.1641,37.2,36.6875,36.6875,1899488
2014-10-08,36.831,37.5024,36.6875,37.5024,2394819
2014-10-09,37.3794,37.5434,36.7541,36.8054,2689237
2014-10-10,36.8207,37.0719,36.5184,36.5184,2396556
2014-10-13,36.4415,36.508,35.688,35.7034,2594530
2014-10-14,35.8367,36.0673,35.2216,35.2934,3999643
2014-10-15,35.0166,35.0884,34.1709,35.0269,4599369
2014-10-16,34.3401,35.4574,34.3401,34.9449,5789270
2014-10-17,35.032,35.237,34.0172,34.4631,6499421
2014-10-20,34.4836,34.827,34.2401,34.8218,3202850
2014-10-21,34.8782,35.2678,34.7911,35.1858,3478909
2014-10-22,35.3344,35.3498,35.0089,35.0422,3233032
2014-10-23,35.3549,35.606,35.3396,35.4164,2146565
2014-10-24,35.5445,35.8367,35.4369,35.7905,1650878
2014-10-27,35.8367,35.9699,35.6675,35.8008,1547208
2014-10-28,35.8316,36.0417,35.7137,36.0417,1892690
2014-10-29,35.9802,36.216,35.8879,36.0878,2954417
2014-10-30,36.0058,36.0058,35.6214,35.9084,3586201
2014-10-31,36.2928,36.3133,35.8008,35.9494,3228989
2014-11-03,35.9443,35.9443,35.5804,35.7137,3223095
2014-11-04,35.4215,35.5702,34.9397,35.0832,8168616
2014-11-05,35.1447,36.4568,35.0525,36.339,8169378
2014-11-06,36.3902,36.7849,36.216,36.6977,4749780
2014-11-07,36.5235,36.585,36.1237,36.1903,4166386
2014-11-10,36.2057,36.2723,36.0007,36.2006,2678164
2014-11-11,36.2877,36.3902,36.0929,36.2672,1703497
2014-11-12,36.298,36.6004,36.1452,36.5594,2203205
2014-11-13,36.6106,37.0309,36.5594,36.9438,2915502
2014-11-14,36.7592,36.9233,36.6157,36.7746,2144320
2014-11-17,36.6721,36.9386,36.6209,36.9028,1674889
2014-11-18,37.0104,37.2205,36.8464,37.2,2092291
2014-11-19,37.159,37.282,37.0053,37.1385,2187397
2014-11-20,37.0206,37.077,36.6977,36.8976,3330716
2014-11-21,37.3128,37.3282,37.0642,37.1283,2148227
2014-11-24,37.2564,37.2564,37.0616,37.1283,2178385
2014-11-25,37.1283,37.2205,37.0309,37.1283,2850473
2014-11-26,37.2154,37.2154,37.0514,37.1078,1380519
2014-11-28,37.323,37.5178,37.2359,37.4153,1160271
2014-12-01,37.4819,37.5844,37.1898,37.3487,1932389
2014-12-02,37.5332,37.7946,37.3743,37.7689,2605564
2014-12-03,37.738,38.12,37.6451,38.058,3077591
2014-12-04,37.8825,38.0012,37.6915,37.9754,2202213
2014-12-05,37.9032,38.4142,37.7999,38.311,2726850
2014-12-08,38.2955,38.4761,38.0838,38.2593,1869870
2014-12-09,37.9445,38.1148,37.7225,38.089,2181187
2014-12-10,37.929,38.1354,37.5315,37.5573,2677223
2014-12-11,38.0064,38.0064,37.6038,37.738,2440490
2014-12-12,37.4412,37.4799,37.0463,37.0463,3302600
2014-12-15,37.1908,37.3457,36.6695,36.7005,3124477
2014-12-16,36.6747,37.2218,36.5095,36.5095,3018465
2014-12-17,36.5663,37.4489,36.4682,37.3044,2587504
2014-12-18,37.7793,38.2387,37.6296,38.2335,2688045
2014-12-19,38.2335,38.5948,37.8722,38.4452,3717555
2014-12-22,38.1871,38.8116,38.1871,38.5587,2284018
2014-12-23,38.8168,38.8633,38.3781,38.4503,2284573
2014-12-24,38.3161,38.6,38.2438,38.4297,855799
2014-12-26,38.3987,38.5794,38.3368,38.4865,897497
2014-12-29,38.311,38.569,38.2903,38.4039,1242649
2014-12-30,38.3987,38.5071,38.1716,38.2077,1401485
2014-12-31,38.1354,38.4761,37.8154,37.8309,1463171
2015-01-02,37.9961,38.2129,37.6244,37.8412,2160840
2015-01-05,37.4231,37.5212,36.7263,36.9018,3669194
2015-01-06,37.0205,37.1857,36.6024,36.7056,3764259
2015-01-07,37.0153,37.0876,36.5998,36.8811,3294739
2015-01-08,37.3096,37.9161,37.2889,37.8361,3079353
2015-01-09,37.7999,37.9187,37.3096,37.3612,2292912
2015-01-12,37.516,37.6348,37.2321,37.5367,2538956
2015-01-13,37.7535,38.1509,36.9586,37.1495,2890089
2015-01-14,36.8966,37.036,36.6488,37.0257,2708001
2015-01-15,37.227,37.325,36.7624,36.8966,2030815
2015-01-16,36.8811,37.2012,36.5663,37.1702,2253837
2015-01-20,37.4851,37.4954,36.8708,37.067,2741672
2015-01-21,37.0773,37.2063,36.8192,36.8347,3028887
2015-01-22,37.1031,37.3147,36.6695,37.2992,2728202
2015-01-23,37.2218,37.2683,36.845,36.8708,1763824
2015-01-26,36.8656,36.9379,36.4992,36.5869,4553022
2015-01-27,36.4475,36.685,36.1533,36.4733,2955910
2015-01-28,36.6798,36.7263,36.2153,36.2153,4457954
2015-01-29,36.7934,37.1134,36.272,36.845,4908682
2015-01-30,36.6695,37.0979,36.2359,36.2927,5480220
2015-02-02,36.3237,36.4217,35.7146,36.4114,2956040
2015-02-03,36.4682,36.6024,35.9417,36.3649,3176660
2015-02-04,36.1636,36.5146,36.081,36.1688,2556221
2015-02-05,36.6488,37.0721,36.494,36.8347,3327512
2015-02-06,36.7572,36.9586,36.5559,36.6334,2832084
2015-02-09,36.4527,36.5972,35.7868,35.9881,3295138
2015-02-10,36.2101,36.3133,35.9623,36.2514,1988429
2015-02-11,36.2153,36.4269,35.6268,35.9727,2865843
2015-02-12,36.0398,36.1998,35.9107,36.174,2097099
2015-02-13,36.0036,36.3753,35.8643,36.334,2172335
2015-02-17,36.0965,36.174,35.8488,36.0243,3215523
2015-02-18,35.6165,35.6165,35.0332,35.3068,5725136
2015-02-19,35.1984,35.2242,34.7596,34.8009,5890853
2015-02-20,34.739,35.0797,34.0396,35.0487,10749554
2015-02-23,35.121,35.6681,35.0719,35.4307,4017236
2015-02-24,35.4307,35.6836,35.3636,35.6475,4882240
2015-02-25,35.6165,35.7146,35.4203,35.5442,3021217
2015-02-26,35.4616,35.6939,35.3739,35.4461,2370863
2015-02-27,35.4978,35.8436,35.4255,35.6939,3292272
2015-03-02,35.6784,36.1482,35.6475,36.112,3600060
2015-03-03,36.0036,36.0294,35.6784,35.8333,2420296
2015-03-04,35.8333,35.9262,35.5551,35.7455,2178117
2015-03-05,35.8746,35.9365,35.5958,35.7249,2034085
2015-03-06,35.5649,35.5752,34.8835,34.9609,3946660
2015-03-09,35.169,35.3355,34.9609,35.2158,2919261
2015-03-10,35.0442,35.4239,34.9714,35.2158,3785231
2015-03-11,35.3667,35.3667,34.7945,34.8569,3628168
2015-03-12,34.9297,35.0702,34.8153,34.8517,3322848
2015-03-13,34.8465,35.0962,34.7269,35.039,3879137
2015-03-16,35.247,35.6216,35.2418,35.5956,2966222
2015-03-17,35.4291,35.8192,35.3459,35.6164,3403680
2015-03-18,35.5227,35.8296,35.1274,35.658,4415376
2015-03-19,35.6216,35.7048,35.2418,35.3615,4725828
2015-03-20,35.5644,35.7464,35.2783,35.4655,6849325
2015-03-23,35.4655,35.9883,35.4031,35.8088,4047509
2015-03-24,35.7152,35.8452,35.58,35.632,3998376
2015-03-25,35.6112,35.8817,35.3979,35.4447,3372054
2015-03-26,35.3719,35.7048,35.2679,35.3823,3320458
2015-03-27,35.5696,35.6944,35.3705,35.658,2114666
2015-03-30,35.7932,35.814,35.5227,35.7672,2629728
2015-03-31,35.6216,35.7984,35.5279,35.632,2977810
2015-04-01,35.4759,35.5331,34.9766,35.1326,3917010
2015-04-02,35.1118,35.5019,34.9089,35.3719,2593482
2015-04-06,35.4499,35.8036,35.247,35.6996,2239156
2015-04-07,35.6892,36.2302,35.6651,36.0689,3171254
2015-04-08,36.0689,36.2562,35.9623,36.1522,2904202
2015-04-09,36.147,36.5163,36.0273,36.4903,3581703
2015-04-10,36.4174,36.7191,36.3238,36.7087,2478190
2015-04-13,36.7347,36.7347,36.3186,36.3446,3101955
2015-04-14,36.1678,36.4643,36.0694,36.4018,3553726
2015-04-15,36.5423,36.6775,36.4174,36.5163,2743835
2015-04-16,36.4434,36.5735,36.3394,36.4903,2866775
2015-04-17,36.2822,36.5111,36.2042,36.3654,2402558
2015-04-20,36.4487,36.766,36.4434,36.5995,2389746
2015-04-21,36.6515,36.7217,36.3394,36.4382,3923424
2015-04-22,36.5683,36.6463,36.2822,36.6099,2669870
2015-04-23,36.6827,37.4864,36.4226,37.1977,4619308
2015-04-24,37.1353,37.1405,36.7399,37.0052,3004902
2015-04-27,36.9948,37.1613,36.5709,36.6047,2901564
2015-04-28,36.4174,36.5995,36.1886,36.5319,2181582
2015-04-29,36.4487,36.5215,36.1313,36.2822,1997645
2015-04-30,36.1313,36.1313,35.6268,35.7568,2428928
2015-05-01,35.8452,36.1678,35.7828,36.1157,2029278
2015-05-04,36.1574,36.4747,36.1157,36.381,1999813
2015-05-05,36.3186,36.4122,36.1001,36.2302,2460852
2015-05-06,36.3914,36.405,35.7256,35.8452,2495879
2015-05-07,36.0117,36.2822,35.6736,36.0637,2637735
2015-05-08,36.3758,36.4487,36.0143,36.199,1974688
2015-05-11,36.1001,36.147,35.9129,36.0325,2841040
2015-05-12,35.9753,36.0949,35.6684,35.7048,3278088
2015-05-13,35.684,35.8244,35.3407,35.4239,2826921
2015-05-14,35.632,35.9493,35.4967,35.9129,2493030
2015-05-15,35.9961,36.2146,35.9129,36.0793,3396377
2015-05-18,36.1157,36.147,35.0962,35.5019,7262250
2015-05-19,35.5696,35.9181,35.4343,35.6216,5157710
2015-05-20,35.6372,35.7152,35.2783,35.3459,4364570
2015-05-21,35.3095,35.3823,34.9453,35.1326,5425847
2015-05-22,35.1118,35.4109,35.0104,35.0442,3419898
2015-05-26,35.0598,35.1638,34.9089,34.9662,3611868
2015-05-27,35.0546,35.0858,34.7061,34.8725,5737379
2015-05-28,35.0403,35.2552,35.0141,35.2028,4819273
2015-05-29,35.229,35.3129,34.6891,34.9197,6394086
2015-06-01,35.0141,35.0822,34.613,34.7834,4754497
2015-06-02,34.6786,34.9014,34.6104,34.7939,4794106
2015-06-03,34.904,34.9302,34.4898,34.5475,6733233
2015-06-04,34.3955,34.5108,34.1491,34.4007,5711625
2015-06-05,34.3378,34.3902,34.0547,34.0862,4331697
2015-06-08,34.1281,34.1543,33.8293,33.8345,3765118
2015-06-09,33.8136,33.8345,33.5567,33.5934,5313062
2015-06-10,33.7087,34.6786,33.6301,34.6104,9671514
2015-06-11,34.6157,35.8581,34.558,35.7847,12780297
2015-06-12,35.7113,35.9367,35.5436,35.7847,9893591
2015-06-15,35.6222,35.7533,35.3234,35.617,6154278
2015-06-16,35.617,35.9315,35.3077,35.5698,9330046
2015-06-17,35.6904,35.8843,35.3234,35.727,6303019
2015-06-18,35.748,36.4374,35.7323,36.3037,7440028
2015-06-19,36.3404,36.6628,36.1779,36.3876,7706788
2015-06-22,36.3824,36.9354,36.2565,36.7126,6945112
2015-06-23,36.6864,37.132,36.4557,37.0481,6566721
2015-06-24,37.1949,37.7139,37.153,37.5567,10443829
2015-06-25,37.3784,38.0285,37.2998,37.9236,9423492
2015-06-26,37.8974,38.1857,37.5829,37.7034,13048232
2015-06-29,37.2998,37.672,37.0114,37.0377,6696005
2015-06-30,37.2893,37.2998,36.592,36.6602,9944716
2015-07-01,36.2356,37.5769,36.1198,37.4997,24435196
2015-07-02,37.4129,37.49,36.8628,36.9593,20257093
2015-07-06,36.8146,37.0655,36.4286,36.7084,17521460
2015-07-07,36.5637,36.6698,35.203,35.811,17082709
2015-07-08,35.6855,35.8496,35.1258,35.2223,7799330
2015-07-09,35.782,35.7917,35.4479,35.7241,10327207
2015-07-10,36.0329,36.3948,35.6373,36.2935,10109590
2015-07-13,36.4093,36.4093,35.9847,36.2838,8969145
2015-07-14,36.168,36.4672,36.0233,36.4093,11630986
2015-07-15,36.4382,36.4865,36.2163,36.3803,12867404
2015-07-16,36.4382,36.5009,36.2259,36.4479,8280712
2015-07-17,36.4189,36.5058,35.9654,36.0522,8858542
2015-07-20,36.1198,36.4286,35.9557,36.3417,12162874
2015-07-21,36.3321,36.5637,36.279,36.5251,7290911
2015-07-22,36.4093,36.5347,36.3272,36.39,8715361
2015-07-23,36.4768,36.8725,36.4382,36.6409,10271983
2015-07-24,36.4768,36.6409,36.2742,36.3224,6613015
2015-07-27,36.2838,36.5733,36.1873,36.3803,8897969
2015-07-28,36.6312,36.8146,36.361,36.7567,8299880
2015-07-29,36.8435,37.4032,36.7181,37.1523,8413912
2015-07-30,36.4961,38.6674,36.39,38.6095,14504032
2015-07-31,38.3586,38.7446,38.3296,38.677,11660315
2015-08-03,38.5226,38.6674,38.0112,38.127,6949630
2015-08-04,38.9955,39.642,38.3586,38.899,76058804
2015-08-05,39.1402,41.9194,38.9858,40.6552,40376553
2015-08-06,40.4237,41.0702,40.3175,40.4623,23178468
2015-08-07,40.4719,41.2101,40.0087,40.414,11530494
2015-08-10,40.5587,40.9592,40.4623,40.5684,9214278
2015-08-11,40.2307,40.5105,40.0377,40.2982,6935530
2015-08-12,40.1052,40.1824,38.9955,39.3911,7758531
2015-08-13,39.3815,39.6034,39.092,39.3911,4966905
2015-08-14,39.6613,39.6613,39.2367,39.4683,4402499
2015-08-17,39.3236,39.3815,39.0485,39.3332,6676289
2015-08-18,39.2657,39.5455,39.1016,39.1692,4177115
2015-08-19,39.063,39.1595,38.6577,38.7349,6773847
2015-08-20,38.5998,38.7349,38.127,38.2235,7850947
2015-08-21,37.8761,38.0305,36.6795,36.94,15192691
2015-08-24,35.0969,36.361,33.2923,35.8689,15628794
2015-08-25,36.6602,36.6602,35.589,35.6759,10118072
2015-08-26,36.3031,36.4865,35.4201,36.3514,8622274
2015-08-27,36.6409,37.4129,36.4189,37.2392,9217800
2015-08-28,37.1523,37.6831,36.9979,37.3936,6382399
2015-08-31,37.2971,37.548,37.0269,37.1041,4810125
2015-09-01,36.3514,36.6602,35.6566,35.9268,6330721
2015-09-02,36.4253,36.4543,35.8155,36.2027,3414136
2015-09-03,36.3382,36.5802,35.738,35.8639,5842303
2015-09-04,35.3895,35.5347,34.7604,34.983,8565048
2015-09-08,35.6509,35.6703,35.1717,35.3411,8096774
2015-09-09,35.8542,36.0671,35.0895,35.1475,4296857
2015-09-10,35.0895,35.1572,34.6055,34.9152,5880799
2015-09-11,34.7507,35.0411,34.7313,34.8668,3885216
2015-09-14,34.8088,34.983,34.5764,34.8184,3269878
2015-09-15,34.77,35.225,34.741,35.0895,3137807
2015-09-16,35.1185,35.2056,34.8281,35.0508,3037820
2015-09-17,35.0895,35.6993,34.9673,35.1863,3351158
2015-09-18,34.741,35.1185,34.7216,35.0895,6928061
2015-09-21,35.2734,35.5251,34.7604,34.7991,4208014
2015-09-22,34.4506,34.4796,33.7246,34.3441,6022884
2015-09-23,34.4409,34.8281,34.1941,34.6152,4406516
2015-09-24,34.4119,34.4409,33.6569,34.1602,6047330
2015-09-25,34.3925,34.4022,33.1535,33.3471,3936237
2015-09-28,33.1535,33.2406,31.4789,31.5466,7741673
2015-09-29,31.4982,32.1855,31.1836,31.6434,9033843
2015-09-30,32.05,32.1855,31.5273,31.7983,6117568
2015-10-01,31.6434,31.808,31.2708,31.6822,5616118
2015-10-02,31.3821,32.4953,31.3346,32.4759,7624297
2015-10-05,32.7469,32.776,32.05,32.2339,7007136
2015-10-06,32.263,32.4275,31.3346,31.2369,9273736
2015-10-07,31.3337,31.8951,31.2175,31.8564,7621982
2015-10-08,31.8758,32.263,31.5757,32.1855,6958864
2015-10-09,32.1274,32.4033,32.0887,32.1468,4960243
2015-10-12,32.1081,32.4565,32.0403,32.3985,3747593
2015-10-13,32.2726,32.4565,32.0064,32.0403,6068289
2015-10-14,32.0694,32.2049,31.8661,31.9919,3246753
2015-10-15,32.0984,32.6985,31.9048,32.6211,4024757
2015-10-16,32.776,33.0761,32.5533,32.8341,4708304
2015-10-19,32.776,32.9938,32.6937,32.9309,4482490
2015-10-20,32.8825,33.3955,32.7924,33.1632,5599655
2015-10-21,33.3858,34.5377,33.3084,34.4603,12740844
2015-10-22,34.5087,34.5184,33.3277,33.802,7132700
2015-10-23,34.0053,34.4893,33.9182,34.2667,4959188
2015-10-26,34.3344,35.012,34.2667,34.7604,6671332
2015-10-27,34.8959,35.7961,34.8959,35.467,5736080
2015-10-28,35.3992,36.3575,34.9056,36.0575,10065232
2015-10-29,35.9994,36.5511,35.8977,36.3866,6967214
2015-10-30,36.3962,36.435,36.1107,36.193,6100638
2015-11-02,36.3091,36.6479,36.2027,36.5608,3848641
2015-11-03,36.5705,37.161,36.3962,36.9964,4684640
2015-11-04,36.9286,37.5482,36.2607,36.3672,5725132
2015-11-05,36.5221,36.6576,36.0284,36.3479,3446005
2015-11-06,36.2511,36.7544,36.0575,36.7544,2965480
2015-11-09,36.5995,36.7447,36.2511,36.4543,3454324
2015-11-10,36.3769,36.8512,36.2511,36.7641,3779056
2015-11-11,36.7834,36.8899,36.5898,36.6673,3579896
2015-11-12,36.2898,36.5898,36.1543,36.2607,2826132
2015-11-13,36.3188,36.6382,36.2027,36.3672,3127540
2015-11-16,36.1833,36.7447,36.1252,36.7157,3842294
2015-11-17,36.6963,36.7931,36.3479,36.5608,3157398
2015-11-18,36.6963,36.9383,36.5608,36.8512,3950373
2015-11-19,36.735,36.9006,36.5124,36.6963,2782987
2015-11-20,36.8899,37.3255,36.7834,37.0835,6892352
2015-11-23,37.0158,37.0545,36.6866,36.8512,5250333
2015-11-24,36.5027,37.2239,36.5027,36.8222,6299495
2015-11-25,36.8609,36.8609,36.5124,36.6673,2677888
2015-11-27,36.6286,36.6673,36.4447,36.4737,1737246
2015-11-30,36.5221,36.6431,36.2704,36.4447,5449229
2015-12-01,36.6673,36.8222,36.4156,36.7254,3694489
2015-12-02,36.8079,36.8953,36.2253,36.2739,2976497
2015-12-03,36.3807,36.604,35.7496,35.7981,6117109
2015-12-04,35.837,36.6331,35.837,36.4486,4767865
2015-12-07,36.4098,36.6817,36.2545,36.6331,3592548
2015-12-08,36.4098,36.4292,35.9535,36.1185,2260193
2015-12-09,35.837,36.4098,35.5849,35.701,2123711
2015-12-10,35.769,36.5166,35.6039,36.1962,3727368
2015-12-11,35.8175,37.2836,35.4777,35.769,3339640
2015-12-14,35.7787,35.9049,35.0287,35.468,4524721
2015-12-15,35.7204,36.3127,35.701,36.1768,3423370
2015-12-16,36.3127,36.7885,36.0748,36.7302,4320256
2015-12-17,36.6914,36.7399,36.2836,36.4486,2667148
2015-12-18,36.2545,36.2933,35.5845,35.5845,5620721
2015-12-21,35.6719,35.8612,35.2981,35.6136,2578396
2015-12-22,35.7399,36.6234,35.5758,36.5263,4051100
2015-12-23,36.6137,37.2254,36.4681,37.0312,4177391
2015-12-24,36.9535,37.2642,36.9511,37.0409,2762245
2015-12-28,36.9147,37.1963,36.7593,37.0312,2699258
2015-12-29,37.2739,37.5652,37.1866,37.439,3282265
2015-12-30,37.3613,37.5264,36.8856,36.9438,2910177
2015-12-31,36.7593,37.4293,36.6234,37.0409,3521709
2016-01-04,36.5652,36.5943,35.7787,36.0894,6261019
2016-01-05,36.0797,36.3418,35.7981,36.235,4345749
2016-01-06,35.7204,36.4389,35.6816,36.3224,10814729
2016-01-07,35.8175,35.9632,35.1039,35.7204,7258204
2016-01-08,35.7981,35.8855,35.0602,35.1476,5440513
2016-01-11,35.2544,35.4389,34.2155,34.5553,5010750
2016-01-12,34.7495,35.167,33.9339,34.4485,5281836
2016-01-13,34.701,35.1476,33.7495,33.8174,5592493
2016-01-14,33.9534,34.5165,33.7398,34.2835,11573460
2016-01-15,33.565,34.4291,33.5359,34.0796,6550632
2016-01-19,34.4194,34.468,33.9048,34.332,6271016
2016-01-20,33.8077,34.0407,33.0698,33.7495,5797507
2016-01-21,33.7883,34.4102,33.565,34.2252,3436510
2016-01-22,34.7107,35.0796,34.6718,35.0214,3005673
2016-01-25,34.9825,35.4389,34.8855,35.002,3869996
2016-01-26,35.0893,35.4971,34.934,35.4777,2262784
2016-01-27,35.3709,36.1671,35.2776,35.4389,6976810
2016-01-28,35.8855,36.1477,34.3903,34.6621,6941507
2016-01-29,34.6039,35.5651,34.5942,35.536,8212222
2016-02-01,35.3127,36.4001,35.2253,36.1962,9933096
2016-02-02,36.4098,37.1768,35.3127,36.8467,9251768
2016-02-03,37.1186,37.3322,36.3321,37.1477,8133554
2016-02-04,37.2157,37.4001,36.6817,37.1768,6869802
2016-02-05,36.9924,37.1866,36.1768,36.4001,5029537
2016-02-08,36.002,36.07,34.5068,34.9534,6256049
2016-02-09,34.8369,35.5166,34.7398,35.1379,4552784
2016-02-10,35.4195,36.3661,35.3321,35.837,3780126
2016-02-11,35.235,35.4971,34.701,34.8369,5006506
2016-02-12,35.0602,35.5651,34.7495,35.5457,3560892
2016-02-16,35.8078,36.371,35.6039,36.3224,4289097
2016-02-17,36.5749,37.4487,36.5749,37.0992,4610445
2016-02-18,37.0312,37.2254,36.803,36.9632,3963661
2016-02-19,36.8759,36.9244,36.2739,36.5554,12723936
2016-02-22,37.0603,37.3516,36.7885,37.2934,4694986
2016-02-23,37.0409,37.2934,36.5943,37.2254,3495120
2016-02-24,36.8273,37.8856,36.6817,37.8371,3975679
2016-02-25,37.9342,38.7012,37.7691,38.6818,4347320
2016-02-26,38.6721,39.3808,38.2449,38.2837,6168368
2016-02-29,38.3322,38.8857,38.2352,38.3614,6517000
2016-03-01,38.4973,38.8371,38.1089,38.8177,4163695
2016-03-02,38.4818,38.8907,38.4818,38.6668,3541439
2016-03-03,38.4428,38.4915,37.9657,38.2967,4829596
2016-03-04,38.1994,38.7155,37.9657,38.4233,4912982
2016-03-07,38.2578,38.9443,38.1799,38.7739,3799776
2016-03-08,38.6278,38.8031,38.3746,38.5402,3128558
2016-03-09,38.7155,38.842,38.029,38.5499,2609186
2016-03-10,38.7057,39.1195,38.3844,38.7544,3806315
2016-03-11,38.9199,39.436,38.8323,39.4165,2612852
2016-03-14,39.1342,39.6015,38.9978,39.3776,2475677
2016-03-15,39.0076,39.1828,38.842,39.066,2225128
2016-03-16,39.027,39.2413,38.6473,38.9784,2298126
2016-03-17,38.9491,38.9491,38.2481,38.6765,2478548
2016-03-18,38.7349,39.3484,38.5207,39.0757,6178293
2016-03-21,39.0757,39.2023,38.8226,38.9978,3641022
2016-03-22,38.9102,39.7671,38.8648,39.5334,4553809
2016-03-23,39.6502,39.991,39.2607,39.621,8920790
2016-03-24,39.2997,39.4457,38.8518,39.0563,4569222
2016-03-28,39.0952,39.5821,38.9297,39.4165,2630967
2016-03-29,39.4165,40.2832,39.2121,40.1955,3976385
2016-03-30,40.2053,40.3612,39.8645,40.176,5153579
2016-03-31,40.2442,40.4097,39.9716,40.0008,5681080
2016-04-01,39.6502,40.6337,39.4555,40.5947,3811652
2016-04-04,40.6532,41.1984,40.5168,40.9745,4351504
2016-04-05,40.7019,40.8869,40.0592,40.2247,5425343
2016-04-06,40.1176,41.1206,40.1176,41.1108,4387884
2016-04-07,40.9356,41.1887,40.2637,40.6337,3392849
2016-04-08,40.8187,40.8967,40.4682,40.7408,2115677
2016-04-11,40.8577,41.1157,40.7019,40.8382,3529950
2016-04-12,40.8187,41.0378,40.624,40.9258,2815591
2016-04-13,41.0913,41.3056,41.0037,41.2277,2205084
2016-04-14,41.6853,41.8509,41.2374,41.5295,3522790
2016-04-15,41.5198,41.5685,41.3153,41.5685,3798729
2016-04-18,41.4127,42.1089,41.4127,41.9677,6144337
2016-04-19,41.9482,42.3572,41.8411,42.2306,5773221
2016-04-20,42.2306,42.3767,41.958,42.1235,5090481
2016-04-21,42.1527,42.3182,41.7437,41.8801,4023498
2016-04-22,41.9677,42.4448,41.8703,42.1819,33386654
2016-04-25,42.1722,42.5422,42.1138,42.4838,16409392
2016-04-26,42.8441,43.5744,42.3864,42.8149,14621373
2016-04-27,43.1751,43.6036,42.9122,43.0193,11937938
2016-04-28,42.8927,43.4965,42.7954,43.0972,16267759
2016-04-29,42.9609,43.438,42.6834,43.0583,8992163
2016-05-02,43.2238,43.5451,43.0778,43.5354,6968985
2016-05-03,43.1946,43.7691,43.1459,43.2238,16850842
2016-05-04,43.107,44.0612,42.9853,43.9346,15993092
2016-05-05,43.8957,44.2657,43.7253,44.1099,21337348
2016-05-06,44.0125,44.2657,43.438,43.886,21284082
2016-05-09,43.8567,44.3193,43.8567,43.9639,20858385
2016-05-10,43.8665,44.4702,43.6425,44.3047,21345807
2016-05-11,44.1099,45.2881,44.0515,45.1713,34540720
2016-05-12,45.3368,45.7166,44.032,44.4312,21637769
2016-05-13,44.3631,44.7039,44.0369,44.3241,24874078
2016-05-16,44.1975,44.6698,44.1099,44.2754,25229832
2016-05-17,44.1586,44.5773,43.0583,43.4283,33325949
2016-05-18,43.4186,43.8957,42.883,43.8957,35556003
2016-05-19,43.2043,43.477,41.919,42.0261,18350137
2016-05-20,42.2111,42.3669,41.7632,41.7924,11681644
2016-05-23,41.8216,41.9482,41.4516,41.5782,4981136
2016-05-24,41.6951,42.7662,41.661,42.513,18388304
2016-05-25,42.7759,42.7759,42.0261,42.3572,10747349
2016-05-26,42.4838,42.5885,42.1138,42.289,14075704
2016-05-27,42.328,42.4059,42.0164,42.1722,7582534
2016-05-31,42.1722,42.2988,41.7924,42.0265,7448889
2016-06-01,41.9972,42.3879,41.8361,42.3195,4804724
2016-06-02,42.3,42.5832,42.1046,42.4172,4482887
2016-06-03,42.1437,42.5637,42.0656,42.466,3582733
2016-06-06,42.4855,42.9446,42.4074,42.9446,7498741
2016-06-07,42.9153,43.1595,42.7492,42.9055,3446910
2016-06-08,42.8372,43.5794,42.7883,43.5599,4372477
2016-06-09,43.4915,43.7455,43.1888,43.7064,3770068
2016-06-10,43.3743,43.5452,43.0325,43.4525,3331031
2016-06-13,43.0911,43.7357,43.0911,43.3743,3145216
2016-06-14,43.2767,43.5599,43.0325,43.4036,3924766
2016-06-15,43.5599,43.5892,43.1497,43.179,2429448
2016-06-16,43.1106,43.5794,42.9837,43.5306,3558812
2016-06-17,43.5892,43.628,42.9739,43.4036,5158086
2016-06-20,43.7845,43.9994,43.5013,43.9115,7286896
2016-06-21,43.9994,44.058,43.5501,43.9603,2810468
2016-06-22,44.0385,44.1068,43.7357,43.892,5369179
2016-06-23,44.1264,44.8882,44.1068,44.8882,3274706
2016-06-24,43.7943,43.7943,42.7004,42.8274,11204951
2016-06-27,42.5344,42.5344,41.2354,41.3624,7807872
2016-06-28,41.7042,42.3976,41.3233,42.3683,6167427
2016-06-29,42.759,43.7943,42.759,43.7748,4085120
2016-06-30,43.9408,44.1801,43.7162,44.1654,5242502
2016-07-01,44.1264,44.4389,43.9799,44.3901,2377157
2016-07-05,44.1947,44.517,44.0971,44.2533,3980847
2016-07-06,44.1752,45.0347,43.9408,44.9175,4877019
2016-07-07,44.8491,45.2788,44.7905,45.0444,2485362
2016-07-08,45.23,45.5816,45.0933,45.5621,3256773
2016-07-11,45.777,45.8063,45.2886,45.4058,4482477
2016-07-12,45.4156,46.0358,45.3081,45.7574,3544654
2016-07-13,46.0309,46.1188,45.65,45.7281,2485229
2016-07-14,45.9918,46.1041,45.65,45.8551,2907113
2016-07-15,45.9821,46.0993,45.4742,45.6793,2961651
2016-07-18,45.7184,45.7672,45.2593,45.4644,2811905
2016-07-19,45.357,45.4409,44.8296,45.1226,3484946
2016-07-20,45.3961,45.7672,45.3765,45.6109,1663151
2016-07-21,45.5523,45.6305,44.8003,45.0249,2369152
2016-07-22,45.103,45.2398,44.6049,45.2398,2980721
2016-07-25,45.3081,45.357,44.8003,45.0249,2601083
2016-07-26,45.4644,46.9636,45.3863,46.8904,6844595
2016-07-27,46.8904,47.3689,46.3654,47.1931,5926373
2016-07-28,47.1834,47.3592,46.8415,47.0955,3776903
2016-07-29,47.0564,47.2127,46.7048,46.9001,5489155
2016-08-01,46.9392,47.6229,46.8708,47.3689,4063868
2016-08-02,47.3396,47.5545,47.0955,47.3494,4180479
2016-08-03,47.2615,47.3006,46.8415,46.9978,2531131
2016-08-04,46.9685,47.2224,46.6364,46.9587,4607929
2016-08-05,47.1736,47.2713,46.9001,46.9392,2323794
2016-08-08,46.9587,47.1834,46.8122,46.8611,2609589
2016-08-09,46.9392,47.1443,46.8415,47.0271,1897740
2016-08-10,47.0759,47.5594,46.9099,47.4666,4132241
2016-08-11,47.4764,48.331,47.4666,47.8866,3499862
2016-08-12,47.9745,47.9745,47.3201,47.4568,2273647
2016-08-15,47.5643,47.8377,47.2615,47.281,2312297
2016-08-16,47.1248,47.2273,46.9294,47.115,3383129
2016-08-17,47.1736,47.2224,46.4411,46.8611,3769052
2016-08-18,46.7829,47.1101,46.7341,46.8904,3314025
2016-08-19,46.7536,46.9392,46.4802,46.8318,3084566
2016-08-22,46.5583,46.9685,46.5583,46.8611,2887270
2016-08-23,46.949,47.2224,46.822,46.8611,2280837
2016-08-24,46.9099,47.2127,45.8697,45.9625,3513464
2016-08-25,45.8942,46.4899,45.816,46.0016,5112683
2016-08-26,46.1383,46.4313,45.8258,46.0797,3197948
2016-08-29,46.1872,46.4313,46.0504,46.3044,3494534
2016-08-30,46.6169,46.6169,45.6842,45.7968,3304393
2016-08-31,45.8752,45.9633,45.5618,45.7675,3553712
2016-09-01,45.787,45.8164,44.9643,45.2288,4249317
2016-09-02,45.4247,45.4834,45.1308,45.3267,3081365
2016-09-06,45.2875,45.4443,44.5432,45.0035,5956553
2016-09-07,44.9056,45.1798,44.8272,44.9545,3992677
2016-09-08,44.886,45.4247,44.8096,45.121,5145204
2016-09-09,44.7881,45.0329,44.1514,44.1612,4613297
2016-09-12,43.9458,44.9056,43.7695,44.7881,4486106
2016-09-13,44.4648,45.0035,44.2347,44.4453,5529724
2016-09-14,44.4159,44.9154,44.2983,44.4942,3772242
2016-09-15,44.602,46.3061,44.4844,46.1005,6337608
2016-09-16,46.12,46.4237,45.787,46.3061,14556977
2016-09-19,46.3845,46.7958,46.1494,46.2767,3026224
2016-09-20,46.453,46.7664,46.3943,46.4139,4296189
2016-09-21,46.4139,47.0015,46.3453,46.9329,2752603
2016-09-22,47.0896,47.2693,47.0113,47.2072,5581034
2016-09-23,46.9917,47.0015,46.3747,46.5118,3310652
2016-09-26,46.3649,46.4432,46.0417,46.2278,2418383
2016-09-27,46.3257,46.4922,46.0417,46.3551,3376963
2016-09-28,46.4139,46.9525,46.1886,46.9329,3489139
2016-09-29,46.8448,46.8448,45.7577,45.9535,3310875
2016-09-30,46.169,46.786,46.0417,46.6195,3176089
2016-10-03,46.3257,46.6979,46.0711,46.6587,2601535
2016-10-04,46.5999,46.7762,45.9927,46.3159,2548235
2016-10-05,46.4041,46.9525,46.3845,46.9329,3071165
2016-10-06,46.8056,47.2268,46.6783,47.2268,2955755
2016-10-07,47.3737,47.55,47.0456,47.452,3583251
2016-10-10,47.6577,47.834,47.1876,47.3051,2886026
2016-10-11,47.1484,47.1778,45.7381,46.0417,2886483
2016-10-12,46.1788,46.3551,45.8752,46.0123,2782823
2016-10-13,45.9829,46.9036,45.6793,46.7371,6311774
2016-10-14,47.0113,47.2561,46.3992,46.4726,4489773
2016-10-17,46.4628,46.5706,46.3454,46.3943,2470816
2016-10-18,46.7958,47.119,46.3845,47.0701,2720284
2016-10-19,47.1288,47.2561,46.5216,46.8448,2822241
2016-10-20,46.8056,47.3394,46.7371,47.1974,2066667
2016-10-21,46.8252,47.2464,46.6097,47.1876,3667025
2016-10-24,47.55,47.8977,47.3051,47.4422,5544883
2016-10-25,48.9113,49.1268,47.9025,48.1474,9771390
2016-10-26,48.118,48.1768,46.3257,46.4628,6697618
2016-10-27,46.6881,46.6881,45.5912,45.8556,5657172
2016-10-28,45.9437,46.7632,45.787,46.2278,4525080
2016-10-31,46.2278,46.7224,45.8066,46.6097,4176464
2016-11-01,46.6685,46.6783,45.6205,45.9242,7288040
2016-11-02,45.885,46.3649,45.7087,45.7772,5649907
2016-11-03,45.9633,46.311,45.8703,45.9144,3193520
2016-11-04,46.0809,46.4383,45.9193,46.0221,3187388
2016-11-07,46.6293,48.2747,46.4432,46.6391,2376455
2016-11-08,46.5314,47.3541,46.3747,47.0896,4412688
2016-11-09,46.8742,47.0113,44.8566,45.6401,7559689
2016-11-10,46.0613,46.9917,45.9046,46.8546,4331075
2016-11-11,46.8056,47.0309,45.8262,45.8556,3402757
2016-11-14,45.9437,46.0319,44.0339,44.0927,5467225
2016-11-15,44.2592,45.2386,44.1025,45.121,4520285
2016-11-16,45.1308,45.7087,45.0329,45.0917,4743799
2016-11-17,45.1406,46.1788,45.0917,46.1298,4135600
2016-11-18,46.1298,46.218,45.836,46.0123,2399253
2016-11-21,46.2474,46.453,45.9535,46.0907,1998681
2016-11-22,45.9242,45.9242,44.6607,45.2288,5318725
2016-11-23,45.0721,45.8311,45.0525,45.601,2321098
2016-11-25,45.8164,46.0711,45.6597,45.7577,1117020
2016-11-28,45.6205,45.9731,45.5716,45.6499,2468027
2016-11-29,45.7185,45.8164,43.7597,43.838,10201452
2016-11-30,43.8871,43.9854,42.4727,43.5826,9351070
2016-12-01,43.6317,43.9854,42.5513,42.8558,8849683
2016-12-02,43.0031,43.4156,42.9147,43.229,5933939
2016-12-05,43.3567,43.5335,42.7281,43.1111,7128076
2016-12-06,43.2978,43.6612,42.6986,43.2094,5269885
2016-12-07,42.8558,43.4844,42.3646,43.3371,5871303
2016-12-08,43.1504,43.4158,42.9736,43.2978,2771435
2016-12-09,43.4255,44.0738,43.3076,44.0443,2493568
2016-12-12,43.8969,44.5059,43.8969,44.1916,2516926
2016-12-13,44.3095,44.614,43.9755,44.2211,2564733
2016-12-14,44.3095,44.5845,44.113,44.2407,3210436
2016-12-15,44.1622,44.5059,43.9586,44.2899,3640858
2016-12-16,44.3684,44.4077,43.7791,43.9264,6990852
2016-12-19,44.0541,44.2997,43.8085,43.8478,2179584
2016-12-20,43.9068,43.9657,43.2192,43.3174,3283643
2016-12-21,43.288,43.5335,43.0326,43.3076,2103453
2016-12-22,43.3665,43.5925,43.2388,43.3764,1728821
2016-12-23,43.4156,43.6121,43.2444,43.4353,1998665
2016-12-27,43.4648,43.7201,43.4353,43.5925,1610569
2016-12-28,43.6317,43.6514,43.1701,43.4058,1765044
2016-12-29,43.3567,43.7496,43.3076,43.4746,1568888
2016-12-30,43.6514,43.9559,43.4353,43.5532,2207084
2017-01-03,43.5925,43.9461,43.2781,43.6514,2937875
2017-01-04,43.7496,44.0738,43.671,43.9559,2161471
2017-01-05,43.9559,44.4372,43.7742,44.2506,2345008
2017-01-06,44.2604,44.8006,44.0836,44.7122,2930892
2017-01-09,44.9185,45.3998,44.6828,45.3507,4265789
2017-01-10,45.3998,45.9204,45.2426,45.6847,2990658
2017-01-11,45.7927,46.1758,45.6847,46.1561,3649783
2017-01-12,45.9793,46.107,45.1935,45.6847,2511227
2017-01-13,45.7632,45.999,45.5177,45.6257,1240147
2017-01-17,45.3703,45.7632,44.9774,45.6945,2570771
2017-01-18,45.7731,46.1365,45.5668,45.94,2377241
2017-01-19,45.8516,46.0383,45.4547,45.7436,1928488
2017-01-20,45.8713,46.5589,45.3802,45.4096,3541177
2017-01-23,45.2426,45.5668,44.8399,45.2033,2700340
2017-01-24,45.1542,45.1837,44.6631,45.0364,1911475
2017-01-25,45.0462,45.5373,45.0069,45.3212,2662603
2017-01-26,45.1444,45.4931,44.722,45.2328,2315376
2017-01-27,45.3114,46.3231,45.2328,46.2445,2349688
2017-01-30,46.1561,46.1758,45.6748,46.0677,2451124
2017-01-31,46.0284,47.2268,45.8516,47.0598,6331700
2017-02-01,47.8161,48.4153,46.0186,47.2464,6030488
2017-02-02,47.0696,48.101,47.0696,47.2759,3928783
2017-02-03,47.5116,48.0126,47.4822,47.767,2527326
2017-02-06,47.6393,47.7572,47.2661,47.492,1893373
2017-02-07,47.6197,47.8161,47.4822,47.7277,1854379
2017-02-08,47.6393,47.7965,47.2956,47.492,1883461
2017-02-09,47.5902,48.1599,47.5411,48.0617,2299506
2017-02-10,48.0617,48.2631,47.9045,48.1305,1398235
2017-02-13,48.1698,48.5627,48.0077,48.3564,1686008
2017-02-14,48.1206,48.435,47.9045,48.0912,2737877
2017-02-15,47.7277,48.7002,47.7179,48.5627,2594462
2017-02-16,48.5234,48.6707,48.1403,48.543,1640032
2017-02-17,48.4448,48.8573,48.4251,48.8475,2835843
2017-02-21,48.8672,49.3092,48.71,49.0734,3427339
2017-02-22,48.9261,49.3288,48.9163,49.1717,1685007
2017-02-23,49.3583,49.8592,49.1717,49.4958,1828592
2017-02-24,49.3878,49.6824,49.3386,49.594,2470009
2017-02-27,49.6038,49.8691,49.4909,49.5449,2445341
2017-02-28,49.5154,50.4879,49.4762,50.0164,6405743
2017-03-01,50.4891,50.4891,49.8293,50.43,3649445
2017-03-02,50.3906,50.3906,49.8293,49.9967,2145611
2017-03-03,50.0361,50.1543,49.7505,50.1346,2582540
2017-03-06,49.8391,50.2133,49.7407,49.9081,5087230
2017-03-07,49.7702,50.4398,49.5831,50.2626,3717539
2017-03-08,50.302,50.6466,49.9869,50.5777,4059518
2017-03-09,50.5777,51.4049,50.5285,51.336,5026283
2017-03-10,51.4837,51.5329,50.9667,51.2178,2320992
2017-03-13,51.208,51.5329,50.9815,51.5034,2410359
2017-03-14,51.2966,51.3852,51.0701,51.1095,1758001
2017-03-15,51.1095,51.464,51.0504,51.3655,2914926
2017-03-16,51.2474,51.3557,50.43,50.6466,2665512
2017-03-17,50.6762,51.0406,50.6466,50.8436,3494607
2017-03-20,50.8534,50.9224,50.3906,50.4103,2334990
2017-03-21,50.6565,51.0996,50.2527,50.6171,3180857
2017-03-22,50.5088,51.1883,50.3719,51.0012,3170595
2017-03-23,50.7845,51.1784,50.6073,50.9027,1348208
2017-03-24,50.9322,51.3951,50.7944,51.2277,2655479
2017-03-27,51.0012,51.1883,50.6073,51.0406,1568526
2017-03-28,50.9618,51.1981,50.7845,51.0996,2372702
2017-03-29,50.9322,51.3951,50.7747,51.1883,2500795
2017-03-30,51.0701,51.5132,50.8928,51.4542,2530953
2017-03-31,51.2572,51.3754,50.9618,51.0701,2198880
2017-04-03,51.1193,51.5034,50.7845,51.4935,2655105
2017-04-04,51.9268,51.9268,51.0908,51.5822,2817434
2017-04-05,51.7496,52.37,51.5822,51.7496,2839784
2017-04-06,51.6216,51.7299,51.303,51.7299,2552893
2017-04-07,51.661,52.0844,51.5723,51.9859,3417469
2017-04-10,51.9958,52.1632,51.8678,52.0352,4972033
2017-04-11,52.1336,52.2223,51.8481,52.1632,2774515
2017-04-12,52.0943,52.7245,52.0549,52.7147,3741292
2017-04-13,52.5472,52.6753,52.2715,52.4389,3923786
2017-04-17,51.9072,52.3897,51.4739,52.0155,3764633
2017-04-18,51.9072,52.4192,51.7986,51.9268,2933651
2017-04-19,52.0844,52.3552,51.8875,51.9072,4242968
2017-04-20,51.8481,52.1287,51.5822,52.0844,2998283
2017-04-21,52.045,52.173,51.789,52.0746,3217472
2017-04-24,52.6162,52.8919,52.5079,52.6359,2664036
2017-04-25,52.4783,52.8033,52.2321,52.3995,4410491
2017-04-26,53.1775,54.763,52.9313,54.7433,7921690
2017-04-27,54.8024,55.6394,54.438,54.5759,6411321
2017-04-28,54.7039,55.0289,54.4675,54.8319,3456634
2017-05-01,54.8812,55.0978,54.4971,54.7433,2548916
2017-05-02,54.9599,55.0584,54.694,54.8319,2408872
2017-05-03,54.8812,55.1569,54.5069,55.0584,2838739
2017-05-04,55.0781,55.1963,54.7433,55.1076,1776176
2017-05-05,55.147,55.3046,54.8516,55.0978,1760840
2017-05-08,55.0584,55.1175,54.7728,54.8516,2220075
2017-05-09,54.9402,55.3932,54.7137,55.2849,5019638
2017-05-10,55.2455,55.4129,54.8812,55.3341,1889752
2017-05-11,55.2554,55.5114,55.0486,55.4917,2130724
2017-05-12,55.4917,55.6394,55.1273,55.3341,1508223
2017-05-15,55.1963,55.9053,55.088,55.8364,1396466
2017-05-16,56.1318,56.9098,55.9447,56.703,4913556
2017-05-17,56.3189,56.6833,55.9841,55.9939,3144948
2017-05-18,55.9644,56.2697,55.6788,56.2007,3274276
2017-05-19,56.3288,56.4568,56.122,56.3386,2054732
2017-05-22,56.506,56.959,56.2992,56.7719,1440061
2017-05-23,56.7621,57.0772,56.703,57.0378,1646288
2017-05-24,57.1363,57.5696,56.9689,57.4514,2402214
2017-05-25,57.5597,58.5051,57.4317,58.2392,3216071
2017-05-26,58.1703,58.2097,57.5597,57.7468,2014609
2017-05-30,57.8059,58.5839,57.6385,58.446,2559900
2017-05-31,58.6929,59.0286,58.4164,58.5645,4111642
2017-06-01,58.762,59.5717,58.446,59.2458,2820231
2017-06-02,59.2755,59.4038,58.8706,58.9694,3219772
2017-06-05,59.6211,59.6902,58.7916,58.841,2714509
2017-06-06,58.7719,59.0681,58.5349,58.6435,3043926
2017-06-07,58.7916,58.9496,58.5398,58.8509,2087984
2017-06-08,58.8805,59.2014,58.7126,59.0089,4531127
2017-06-09,59.1175,59.3051,57.8338,58.1695,3070255
2017-06-12,57.9523,58.0415,56.1106,56.4317,5791010
2017-06-13,56.6588,57.4191,56.5205,57.1525,3731763
2017-06-14,57.3796,58.051,56.956,57.2512,2427655
2017-06-15,56.8266,57.3697,56.5995,57.2019,3264853
2017-06-16,57.35,57.6166,57.0142,57.2019,6522815
2017-06-19,57.4882,58.9693,57.4882,58.8015,4703699
2017-06-20,58.9299,59.3643,58.9299,59.1273,3074915
2017-06-21,59.2755,59.7099,59.1767,59.2952,2410977
2017-06-22,59.2458,60.2234,59.157,59.9173,3070521
2017-06-23,59.9173,60.7369,59.6902,60.6085,3900607
2017-06-26,60.6085,60.7467,60.1938,60.2135,1911293
2017-06-27,60.1543,60.3024,59.8284,59.9272,2547013
2017-06-28,60.174,60.4752,60.0062,60.1049,2152472
2017-06-29,60.0457,60.0457,58.9792,59.4038,2062070
2017-06-30,59.6507,59.9963,59.5075,59.7791,2428594
2017-07-03,60.016,60.1148,59.4038,59.4828,1354628
2017-07-05,59.6507,60.095,59.4631,59.9469,1782850
2017-07-06,59.6803,59.9074,59.2508,59.4038,3123112
2017-07-07,59.6211,60.0654,59.4739,59.9568,2561763
2017-07-10,59.858,59.9568,59.5026,59.7889,1542585
2017-07-11,60.569,60.6184,59.5914,59.8679,2593155
2017-07-12,60.0259,60.6677,59.9667,60.5098,1505472
2017-07-13,60.5887,60.648,60.0259,60.5295,1736190
2017-07-14,60.5098,61.4676,60.4406,61.3293,1951282
2017-07-17,61.3194,61.5959,61.1269,61.4182,2729993
2017-07-18,61.5959,61.7045,61.1812,61.3589,2239547
2017-07-19,61.5564,61.7243,61.3293,61.665,3049260
2017-07-20,61.7243,62.2871,61.4774,62.2476,2394372
2017-07-21,62.0995,62.3464,61.8082,61.8823,2798820
2017-07-24,62.0304,62.0896,61.6848,61.9415,1669175
2017-07-25,62.1884,62.218,60.9047,61.3096,3074388
2017-07-26,60.2826,60.9442,59.3742,60.4505,4118951
2017-07-27,60.8652,60.8652,59.1273,59.6211,3414619
2017-07-28,59.6408,60.0753,59.394,59.9667,2054427
2017-07-31,60.016,60.2728,59.6013,59.7198,2042553
2017-08-01,59.0089,59.3841,58.7028,59.1273,1594201
2017-08-02,59.9272,59.9272,58.5251,58.7521,3537302
2017-08-03,58.3572,59.0385,58.0708,58.841,2017949
2017-08-04,59.0089,59.3841,58.7028,59.1273,1594211
2017-08-07,59.0878,59.157,58.7373,58.9792,1858594
2017-08-08,58.9101,59.2409,58.6139,58.9694,1969647
2017-08-09,58.9694,59.3446,58.7521,59.2656,2196822
2017-08-10,58.9101,59.2261,58.6781,58.9595,2939189
2017-08-11,58.8706,59.6129,58.8706,59.0878,2213852
2017-08-14,59.315,59.8185,59.3051,59.4729,1976379
2017-08-15,59.4335,60.1839,59.3742,60.0358,2161235
2017-08-16,60.2333,60.7566,60.0457,60.5887,2965533
2017-08-17,60.2629,60.7072,60.0062,60.0555,2608655
2017-08-18,59.9568,60.4999,59.858,60.1049,2308236
2017-08-21,60.0259,60.3814,59.7692,60.3419,1677830
2017-08-22,60.253,61.4281,60.253,61.3688,1789698
2017-08-23,61.2207,61.2898,60.5443,60.6776,2734197
2017-08-24,60.9146,61.0528,60.6876,60.7369,2286060
2017-08-25,61.0133,61.0133,60.6776,60.7369,2389377
2017-08-28,60.8652,61.0331,60.7665,60.8652,2386411
2017-08-29,60.648,60.8455,60.4308,60.6381,1562198
2017-08-30,60.6876,61.0935,60.6777,60.8658,1918743
2017-08-31,61.1628,61.5093,60.9945,61.4202,3532667
2017-09-01,61.4895,61.8756,61.3113,61.6083,2214954
2017-09-05,61.3707,61.8162,61.2123,61.5588,1772902
2017-09-06,61.6776,62.0538,61.5588,61.9053,1498231
2017-09-07,62.0142,62.3706,61.7271,62.2122,1724599
2017-09-08,62.3013,63.7566,62.1033,62.6478,2582962
2017-09-11,62.9943,63.6774,62.9349,63.6378,2711586
2017-09-12,63.7566,63.915,63.1923,63.5091,1840816
2017-09-13,63.5091,64.1031,63.4002,63.9645,2482463
2017-09-14,63.717,64.0932,63.5388,63.6774,1864464
2017-09-15,63.4695,63.6873,63.2418,63.321,4525594
2017-09-18,63.4299,63.6675,63.2913,63.6675,1547262
2017-09-19,63.6378,63.7071,63.2814,63.3804,1825497
2017-09-20,63.5091,63.8606,63.42,63.6378,1680051
2017-09-21,63.5685,63.6757,62.7171,62.7468,1595016
2017-09-22,62.8458,63.1131,62.7072,62.8755,2352331
2017-09-25,62.8755,62.9138,61.9449,62.133,1678990
2017-09-26,62.232,62.2518,61.8014,61.8954,1302183
2017-09-27,61.9944,62.232,61.3212,61.836,2310889
2017-09-28,61.6578,61.9053,61.242,61.7172,1529146
2017-09-29,61.6677,62.138,61.5291,62.1231,1579139
2017-10-02,62.2914,62.7666,62.2716,62.529,1811629
2017-10-03,62.3409,62.4884,61.8261,61.9944,1649398
2017-10-04,62.1132,62.3805,61.9845,62.2716,1902900
2017-10-05,62.1132,62.2617,61.9251,62.0835,1792311
2017-10-06,61.9944,62.4597,61.7964,62.2815,2513096
2017-10-09,62.4201,62.4201,60.4995,60.8361,2610212
2017-10-10,60.7569,61.143,60.1728,61.0935,2264863
2017-10-11,61.1133,61.539,61.0044,61.3905,2280863
2017-10-12,61.3905,61.9548,61.2519,61.9053,1459995
2017-10-13,61.9647,62.2419,61.6677,62.1924,2837203
2017-10-16,62.2716,63.0735,62.2716,63.0141,2715212
2017-10-17,62.9547,63.5388,62.6973,63.2814,2484361
2017-10-18,63.2616,63.4679,62.9052,63.2022,1340081
2017-10-19,63.3012,63.42,62.1825,62.8359,3306696
2017-10-20,63.0735,63.2715,62.7666,62.9547,2738550
2017-10-23,63.1131,64.0239,63.0735,63.4794,1798895
2017-10-24,63.4992,63.7467,62.8656,63.7071,4001527
2017-10-25,62.6082,64.3506,61.8963,63.7368,2476435
2017-10-26,63.8853,64.7714,63.5685,64.2813,2265084
2017-10-27,64.2912,65.0436,64.1049,65.0238,2460524
2017-10-30,64.7169,64.7664,63.5982,63.9249,2891495
2017-10-31,64.1724,64.3011,63.5586,63.8259,2679341
2017-11-01,63.9546,64.212,63.5487,63.5586,1848713
2017-11-02,63.4002,63.7665,63.123,63.4299,1775002
2017-11-03,63.2418,64.4496,63.1428,64.2516,1629260
2017-11-06,64.4496,64.5189,63.6774,63.717,2179597
2017-11-07,63.7962,64.311,63.5586,63.6774,2234157
2017-11-08,63.6081,64.4991,63.4497,64.3605,1887408
2017-11-09,64.2912,64.7516,64.0536,64.7367,1626692
2017-11-10,63.3705,63.5685,63.123,63.2418,2527670
2017-11-13,63.0537,63.9695,62.7072,63.7665,1658095
2017-11-14,63.42,63.9348,62.9745,63.816,2304808
2017-11-15,63.7665,64.1625,63.4992,63.7764,2508135
2017-11-16,63.9249,64.6377,63.6873,64.3407,2557634
2017-11-17,64.014,64.2219,62.3904,63.2418,4883430
2017-11-20,63.3705,63.5685,63.123,63.2418,2582436
2017-11-21,63.5685,63.9249,63.3606,63.6081,2952948
2017-11-22,63.6675,63.9645,63.1824,63.4002,1553441
2017-11-24,63.4398,63.6774,63.222,63.4794,692491
2017-11-27,63.5982,64.1328,63.3705,64.0932,2563101
2017-11-28,64.212,65.5188,63.6576,65.3901,5399742
2017-11-29,65.3406,65.3406,64.014,64.5288,4770114
2017-11-30,64.6976,65.3526,64.1418,65.035,4236413
2017-12-01,64.9457,65.422,64.0326,64.9953,2598411
2017-12-04,65.1045,65.2236,63.7547,63.7647,2945918
2017-12-05,63.6555,64.3105,63.4123,63.5364,2562419
2017-12-06,63.5165,63.5165,62.9136,63.2387,2387066
2017-12-07,63.0898,63.2387,62.7325,63.0402,2794419
2017-12-08,63.2387,63.5959,63.1692,63.5662,1723883
2017-12-11,63.4173,63.8639,63.2387,63.6555,1805376
2017-12-12,63.8044,64.0922,63.5662,63.8242,2576990
2017-12-13,63.8838,64.4693,63.6158,64.2311,3067413
2017-12-14,64.4296,65.1193,64.251,64.2907,3405287
2017-12-15,64.3304,65.0449,64.251,64.8365,4988937
2017-12-18,64.8961,65.1342,64.6231,64.9556,3157208
2017-12-19,65.2533,65.4915,64.9556,65.2831,2642945
2017-12-20,65.4717,65.5014,64.7571,64.7968,1665693
2017-12-21,64.8861,65.0598,63.9334,64.0425,3603490
2017-12-22,64.1021,64.4891,63.9235,64.2311,1293939
2017-12-26,64.3502,64.7869,64.3502,64.5288,1563188
2017-12-27,64.509,64.6102,64.0227,64.2907,1853047
2017-12-28,64.4693,64.5983,64.1716,64.4098,1626714
2017-12-29,64.6082,64.8018,64.1517,64.1517,1539580
2018-01-02,65.5908,67.4863,65.3228,66.6626,5571637
2018-01-03,67.1092,68.1513,66.7321,67.7344,4260312
2018-01-04,68.1215,68.3398,67.4963,67.8932,3697990
2018-01-05,68.0818,68.8261,67.7841,68.6574,2189980
2018-01-08,68.6574,68.7864,68.181,68.7567,2634941
2018-01-09,68.8063,69.1239,68.5681,68.8559,3141704
2018-01-10,68.5483,68.712,67.7344,67.9131,2074482
2018-01-11,67.9329,68.1513,67.4863,67.9429,2104612
2018-01-12,68.1017,68.1017,67.7444,67.8238,2372002
2018-01-16,67.9826,67.9826,67.0298,67.1588,4246954
2018-01-17,67.5062,67.7841,67.2978,67.6848,3151939
2018-01-18,67.8039,68.9452,67.8039,68.6773,4383076
2018-01-19,68.8361,69.4911,68.8361,69.4811,3530470
2018-01-22,69.501,69.7193,69.2628,69.6697,3381221
2018-01-23,69.5705,69.6102,68.8758,69.0742,2344134
2018-01-24,69.372,69.9178,69.1735,69.6102,2491353
2018-01-25,69.9674,70.5232,69.8087,70.5133,2357294
2018-01-26,70.9599,71.7142,70.1957,71.7142,2885909
2018-01-29,71.3271,71.9424,71.3271,71.5057,2581912
2018-01-30,70.9897,71.5355,70.4637,71.208,2710126
2018-01-31,71.5554,72.0317,71.0095,71.4859,4320729
2018-02-01,69.0544,70.2255,68.6376,69.4216,5971578
2018-02-02,69.1338,69.4117,67.9627,68.0322,4099999
2018-02-05,67.8238,68.1413,64.9655,65.0251,4634302
2018-02-06,63.8044,66.6626,63.3776,66.1664,5225267
2018-02-07,65.9778,66.4443,64.9854,65.0548,3943853
2018-02-08,65.0548,65.2037,62.0477,62.0874,4900677
2018-02-09,62.7921,64.4395,62.3653,63.8242,5677972
2018-02-12,64.241,64.9308,63.8639,64.509,4232741
2018-02-13,63.983,64.3701,63.3578,64.1418,2871262
2018-02-14,63.854,65.6106,63.7167,65.5312,3556357
2018-02-15,66.0473,66.2532,65.2831,65.9381,2064677
2018-02-16,65.8091,66.6031,65.7694,65.8289,3732229
2018-02-20,66.2557,67.0993,65.432,66.5336,3784188
2018-02-21,66.5832,67.8238,66.3923,66.5435,2517128
2018-02-22,66.9306,67.7841,66.6031,66.9206,4542103
2018-02-23,66.9206,67.9032,66.7023,67.8436,2079893
2018-02-26,68.062,68.717,67.665,68.6177,2493523
2018-02-27,68.6276,68.8361,68.1711,68.1711,1767668
2018-02-28,68.3101,68.8063,67.2184,67.2779,3590124
2018-03-01,67.2481,67.3434,65.3878,65.9648,3217644
2018-03-02,65.2983,66.0145,65.2087,65.9349,2824366
2018-03-05,65.5868,66.8203,65.4375,66.502,4767583
2018-03-06,66.6711,66.7706,66.1438,66.6611,2046179
2018-03-07,66.1538,66.8551,65.9051,66.6711,2840340
2018-03-08,66.8501,67.6858,66.7507,67.4669,3553875
2018-03-09,67.9842,68.621,67.4669,68.5313,2438017
2018-03-12,68.601,68.79,68.0837,68.1434,1976641
2018-03-13,68.3423,68.6209,67.646,67.7355,2441695
2018-03-14,68.0339,68.0737,66.7407,66.9297,2484501
2018-03-15,67.1187,67.5167,66.9397,67.2381,2120919
2018-03-16,67.447,67.7654,67.3177,67.5366,4669857
2018-03-19,67.447,67.6261,65.9051,66.4124,3247347
2018-03-20,66.5617,66.9695,66.2831,66.5617,1837362
2018-03-21,66.5815,66.7507,65.8553,66.114,4014608
2018-03-22,65.5768,66.4622,65.1689,65.2087,3790207
2018-03-23,65.2087,65.6862,63.8459,63.9553,2419944
2018-03-26,64.6715,65.2585,63.9354,65.149,2790670
2018-03-27,65.4077,65.7957,64.194,64.5323,3761035
2018-03-28,64.6815,64.9103,63.5076,63.5176,3629238
2018-03-29,63.8658,65.5484,63.6071,64.7014,3967908
2018-04-02,64.582,65.0396,62.4234,63.0998,2859210
2018-04-03,63.3684,63.8658,62.8013,63.6867,2461046
2018-04-04,62.9307,64.2537,62.3447,64.0747,2759563
2018-04-05,64.4825,65.4674,64.3433,65.1789,3909429
2018-04-06,64.6417,64.9202,62.8312,63.5574,3003813
2018-04-09,64.1543,65.3082,63.8359,64.4527,2733435
2018-04-10,64.97,66.4025,64.97,65.8553,3369104
2018-04-11,65.159,65.3878,64.4328,64.6019,3989519
2018-04-12,64.9998,65.6813,64.9202,65.4276,2229841
2018-04-13,65.7459,65.8653,65.0197,65.3778,2280560
2018-04-16,66.0145,66.4622,65.7559,65.9449,1894865
2018-04-17,66.3328,66.5915,65.6663,66.5119,2944088
2018-04-18,66.502,67.3276,65.0695,66.87,3947426
2018-04-19,66.7507,67.1287,66.3577,66.6313,2430045
2018-04-20,66.7109,67.0491,66.4075,66.7009,2890692
2018-04-23,66.9596,67.1486,66.4622,66.8302,2824289
2018-04-24,66.8999,67.5067,65.4674,65.8056,3787836
2018-04-25,65.5569,66.2334,64.8606,66.1737,2914860
2018-04-26,68.0638,69.7848,68.0638,69.6256,5460103
2018-04-27,69.6754,70.2125,69.0088,69.8445,3351261
2018-04-30,69.8146,70.4314,69.1282,69.1382,4030506
2018-05-01,69.1183,70.0633,68.9094,69.7848,3193323
2018-05-02,69.5361,70.511,69.2575,70.0633,3371266
2018-05-03,69.5261,69.6953,68.6109,69.3968,2710432
2018-05-04,69.0188,70.3071,68.8099,70.0136,1656716
2018-05-07,70.1529,70.5607,69.8196,69.9638,1580225
2018-05-08,69.7848,69.8843,68.6607,69.0884,3476554
2018-05-09,69.1979,69.367,68.2031,68.9591,2286704
2018-05-10,69.6057,70.2722,69.3968,70.2324,2291615
2018-05-11,70.0832,70.4413,69.8345,70.1529,2215024
2018-05-14,70.0235,71.3267,69.8544,70.8293,2981901
2018-05-15,70.2722,70.6801,69.6555,70.0832,2304275
2018-05-16,70.0633,71.0084,69.8097,70.3717,2206323
2018-05-17,70.501,70.6801,69.8544,70.2822,2709463
2018-05-18,70.3717,70.5707,70.0036,70.2324,3478358
2018-05-21,70.7995,71.9236,70.7995,71.7246,3227722
2018-05-22,71.7744,72.0131,71.1825,71.3466,2515724
2018-05-23,71.1477,72.0032,71.088,71.9733,2816687
2018-05-24,71.9733,72.4807,71.4461,72.033,5207437
2018-05-25,72.0529,72.6597,71.8341,72.1524,2537093
2018-05-29,71.5555,71.8142,70.6602,71.3566,2074342
2018-05-30,71.7047,71.9932,70.9586,71.4958,3023624
2018-05-31,71.4859,72.0544,70.5982,70.658,4969799
2018-06-01,71.2265,72.5581,71.0819,72.5132,3546484
2018-06-04,72.593,74.2887,72.4733,74.0094,5339139
2018-06-05,73.9495,74.149,73.3012,74.0692,4334731
2018-06-06,74.1091,75.1664,73.9495,75.0866,3993153
2018-06-07,75.0866,75.2661,73.7401,74.159,2965519
2018-06-08,74.139,74.6477,73.9296,74.5879,3039567
2018-06-11,74.6677,75.1764,74.3086,74.9968,2987175
2018-06-12,74.8372,75.4257,74.5779,75.1564,3591483
2018-06-13,75.2262,75.4058,74.2687,74.3884,2770000
2018-06-14,74.8273,75.306,74.538,75.2163,2573527
2018-06-15,75.1265,75.3858,74.4682,75.0268,3172979
2018-06-18,74.3884,74.6078,73.76,74.1091,2410101
2018-06-19,73.4807,73.9994,73.3212,73.9795,2726855
2018-06-20,73.9296,74.159,73.0917,73.1416,2371881
2018-06-21,73.371,74.3385,73.1815,73.5506,2830351
2018-06-22,73.8199,74.6677,73.5506,74.1291,3373185
2018-06-25,73.8697,73.9396,72.8274,73.4009,3632142
2018-06-26,73.4209,73.7201,72.9322,72.9521,2148305
2018-06-27,73.2613,73.7002,72.3636,72.3636,2539734
2018-06-28,72.3536,73.9396,72.1452,73.6104,2834968
2018-06-29,73.6304,74.4981,73.5905,73.6503,2603607
2018-07-02,73.2015,73.6104,72.7526,73.5605,1391872
2018-07-03,73.5107,73.6004,72.7327,72.8823,1531868
2018-07-05,73.4009,73.77,73.0319,73.6104,1595656
2018-07-06,73.6902,74.3784,73.5905,74.1789,1508822
2018-07-09,74.4084,74.6976,74.139,74.4782,1564477
2018-07-10,74.7674,74.927,74.2288,74.4383,2229718
2018-07-11,74.1291,74.7076,73.9096,74.1291,1296380
2018-07-12,74.5679,74.8472,74.0393,74.5879,1769714
2018-07-13,74.6078,74.7475,74.3186,74.5879,2089673
2018-07-16,74.0593,74.0942,73.4009,73.8199,2132833
2018-07-17,73.6304,74.6178,73.5406,74.558,2700962
2018-07-18,74.6078,74.6577,74.1291,74.5081,1746754
2018-07-19,74.4084,74.7874,74.0892,74.548,1951132
2018-07-20,74.528,75.4058,74.3984,74.8073,4221020
2018-07-23,74.8073,75.1365,74.4582,74.7475,2405598
2018-07-24,74.917,75.5255,74.8273,75.3459,3279685
2018-07-25,75.1564,76.3134,75.1564,76.3134,2552713
2018-07-26,70.8276,74.8073,70.8276,73.5206,6801923
2018-07-27,73.0917,73.5206,71.0969,71.5258,6447008
2018-07-30,71.456,71.9547,70.7677,71.1767,4136928
2018-07-31,71.5956,72.5182,71.436,72.2639,4379760
2018-08-01,72.2738,72.9421,72.1841,72.5631,4001246
2018-08-02,72.2539,72.3935,71.3363,72.0544,2263062
2018-08-03,72.0843,72.204,71.446,72.1641,1749115
2018-08-06,72.0644,72.5332,71.9547,72.3337,1814178
2018-08-07,72.3736,72.5731,71.9148,72.3536,2810463
2018-08-08,72.2439,72.9022,72.219,72.4833,3330761
2018-08-09,72.7327,72.8125,71.7951,71.8849,3638638
2018-08-10,71.7652,71.7652,71.0071,71.3163,2341598
2018-08-13,71.2166,71.7053,70.4884,70.5283,1936301
2018-08-14,70.4984,71.0969,70.4685,70.5283,2133606
2018-08-15,70.259,71.1567,70.0147,71.067,2811408
2018-08-16,71.5856,71.7602,71.0271,71.3961,2162290
2018-08-17,71.1667,71.9547,70.8675,71.8549,1898127
2018-08-20,71.9048,72.2489,71.7751,72.0145,1697345
2018-08-21,72.2838,72.5731,71.3662,71.456,5024681
2018-08-22,71.2664,72.0843,71.047,71.9547,1783860
2018-08-23,72.0145,72.1442,71.6654,71.7951,2553841
2018-08-24,72.0444,72.3237,71.6754,72.1641,2232064
2018-08-27,72.4135,73.002,72.3237,72.7925,2133704
2018-08-28,72.9621,73.0618,72.5481,72.8723,2728029
2018-08-29,73.1117,73.8997,72.8524,73.77,2336258
2018-08-30,73.76,74.195,73.42,73.9,2982617
2018-08-31,73.68,74.45,73.65,74.37,2980301
2018-09-04,74.8,75.13,74.38,74.79,5077268
2018-09-05,74.59,74.75,73.665,74.07,4173819
2018-09-06,73.95,74.73,73.68,74.52,2367114
2018-09-07,74.37,74.84,74.01,74.59,2950650
2018-09-10,74.84,75.14,74.64,74.89,2403970
2018-09-11,74.82,76.13,74.74,75.87,2712962
2018-09-12,75.87,76.22,75.5199,76.08,2351937
2018-09-13,76.22,77.215,76.19,77.13,2903529
