date,open,high,low,close,volume
2013-09-16,93.1219,93.2601,92.1448,92.8545,771714
2013-09-17,92.8545,93.3016,92.7034,92.9191,484451
2013-09-18,93.7026,94.8447,93.7026,94.3202,1050391
2013-09-19,94.5968,94.9379,94.3825,94.8272,625078
2013-09-20,94.8825,94.9194,93.9146,94.0806,1053849
2013-09-23,94.0621,94.3248,93.6289,93.9146,577718
2013-09-24,93.8132,94.0253,93.0481,93.1864,754739
2013-09-25,93.1956,93.2786,92.4121,92.4121,532228
2013-09-26,92.578,93.1956,92.4582,93.0297,413663
2013-09-27,92.6241,92.8822,91.7484,92.0802,781666
2013-09-30,91.6378,92.6149,91.1215,92.2001,795621
2013-10-01,92.283,93.1495,92.1171,93.0297,528319
2013-10-02,92.6978,92.8453,91.4442,92.7808,679912
2013-10-03,92.4397,92.6702,91.3428,91.7207,702061
2013-10-04,91.7207,92.79,91.5548,92.5688,526655
2013-10-07,91.9327,92.2462,91.6562,91.6562,380139
2013-10-08,91.7023,91.9051,90.6145,90.6422,635438
2013-10-09,90.762,91.6562,90.7425,91.352,641339
2013-10-10,92.1355,93.2509,91.859,93.2509,499168
2013-10-11,93.3892,94.8088,93.2141,94.7719,693611
2013-10-14,94.182,94.9379,93.6473,94.7258,491225
2013-10-15,94.3018,94.6982,93.1495,93.1587,801443
2013-10-16,93.6104,94.8364,93.3708,94.8364,667604
2013-10-17,94.5783,96.0717,94.3387,95.9519,465390
2013-10-18,96.1731,96.8091,95.6937,96.6156,736700
2013-10-21,96.1915,97.0304,95.6845,96.8091,571401
2013-10-22,96.7907,97.9522,96.7815,97.1963,765748
2013-10-23,97.4821,98.5053,97.0212,98.238,671820
2013-10-24,98.4223,98.5422,97.3346,97.7217,691005
2013-10-25,97.7033,97.8784,96.9382,97.2977,614786
2013-10-28,97.0119,98.2403,96.9198,98.0352,562952
2013-10-29,98.238,98.6251,97.6664,98.1734,399458
2013-10-30,98.1734,98.3947,97.1502,97.3899,419889
2013-10-31,97.4083,97.7015,96.9105,96.9105,548397
2013-11-01,97.3069,97.7678,96.422,96.9474,727933
2013-11-04,97.3807,98.4223,96.9935,98.2287,732628
2013-11-05,99.1413,99.4455,97.2332,98.6436,1094633
2013-11-06,98.4223,99.2888,98.1273,98.6896,904747
2013-11-07,98.7818,99.1874,97.8784,97.9891,919894
2013-11-08,97.6756,99.3073,97.6397,99.2888,812406
2013-11-11,99.1045,99.7866,98.791,99.5562,811131
2013-11-12,99.7221,100.5056,99.2796,100.4042,819791
2013-11-13,99.6207,99.8788,98.791,99.5838,1279047
2013-11-14,99.971,100.902,99.6944,100.1646,973220
2013-11-15,100.1738,100.7785,100.1738,100.5886,789058
2013-11-18,100.9112,101.0117,99.4548,99.6668,691419
2013-11-19,99.6115,100.1185,99.0307,99.9618,715994
2013-11-20,99.8143,100.6992,99.6668,100.183,542451
2013-11-21,100.3766,101.2246,100.2936,100.6255,499877
2013-11-22,100.607,100.8909,100.2383,100.5794,533680
2013-11-25,101.0403,101.5196,100.6347,100.6992,522765
2013-11-26,100.6531,100.9204,100.3489,100.3766,699836
2013-11-27,100.4872,100.9665,100.3213,100.4227,648047
2013-11-29,100.6531,100.8836,99.9618,100.1,411828
2013-12-02,100.2567,100.3674,99.3349,99.6668,1167605
2013-12-03,97.7217,100.0244,97.7217,99.9341,1167018
2013-12-04,98.9938,99.676,98.3209,99.0123,1072061
2013-12-05,99.0123,99.4363,98.5606,98.6343,833095
2013-12-06,99.2968,100.4271,99.1467,100.3901,720040
2013-12-09,100.4271,100.9367,99.9731,100.631,662478
2013-12-10,100.5198,100.7792,99.3616,99.4357,744595
2013-12-11,99.6488,99.7647,97.805,97.8792,763756
2013-12-12,97.6568,97.9348,97.2306,97.2862,620301
2013-12-13,97.3418,98.0645,97.3418,97.7031,651405
2013-12-16,98.1386,98.7316,97.9811,98.1015,736931
2013-12-17,98.4073,98.9076,97.5178,97.9811,846534
2013-12-18,98.2683,100.7329,97.7772,100.5754,1158258
2013-12-19,100.3993,100.5893,99.3338,100.0843,1205662
2013-12-20,99.9546,100.9645,99.7415,100.8811,1389940
2013-12-23,101.224,101.5427,100.9738,101.3907,471520
2013-12-24,101.2332,101.8725,101.085,101.6224,358854
2013-12-26,101.8818,102.0393,101.3351,102.0115,313454
2013-12-27,101.9837,102.5674,101.9837,102.2431,295884
2013-12-30,102.2431,102.484,101.4556,102.4748,606572
2013-12-31,102.6138,102.7898,102.0115,102.3729,473033
2014-01-02,102.2987,102.2987,100.7978,101.122,665048
2014-01-03,101.2981,102.0486,101.2241,101.3351,419876
2014-01-06,101.8725,102.3358,101.0664,101.4093,510658
2014-01-07,102.1783,103.2623,102.1783,102.8732,1214211
2014-01-08,102.4007,103.2809,101.9003,102.9195,1162103
2014-01-09,103.2623,104.1425,102.9473,103.9109,650074
2014-01-10,103.9109,104.4298,103.1975,104.2723,932513
2014-01-13,103.7997,104.2723,102.6416,102.901,650583
2014-01-14,103.4384,103.5032,102.4933,103.494,817660
2014-01-15,103.67,103.7256,103.0956,103.6052,726866
2014-01-16,103.4847,104.1333,103.3458,103.7627,665102
2014-01-17,103.2345,103.8183,102.9658,103.1326,960549
2014-01-21,103.948,104.2537,102.9288,103.2623,813230
2014-01-22,103.6607,103.8692,102.9195,103.3643,611516
2014-01-23,103.2067,103.2067,101.8633,102.2895,771738
2014-01-24,100.8533,101.9374,99.8249,99.8342,1072187
2014-01-27,100.2974,100.3808,98.8168,99.0466,989830
2014-01-28,99.1578,100.3901,99.0559,100.2604,709215
2014-01-29,99.5933,100.5013,99.3524,99.8249,869504
2014-01-30,100.4086,100.6773,99.7322,100.0473,1070557
2014-01-31,99.0373,100.5291,98.5185,100.177,1474984
2014-02-03,100.3623,100.4957,97.4808,97.6568,1911718
2014-02-04,99.4079,100.3901,97.8143,98.222,1426444
2014-02-05,98.4444,99.6674,98.1108,99.3709,1416850
2014-02-06,99.445,99.8342,99.0095,99.2968,1081016
2014-02-07,99.6859,102.0671,99.6025,102.03,1327390
2014-02-10,101.7428,102.9288,101.5297,102.7898,1393895
2014-02-11,102.3914,104.6985,102.3636,104.6892,1398568
2014-02-12,104.5502,105.0366,104.2167,104.9857,1251682
2014-02-13,104.5224,105.9771,104.1703,105.94,964324
2014-02-14,105.625,106.079,105.3285,105.9956,725159
2014-02-18,106.0883,107.0333,105.7454,106.8944,1074374
2014-02-19,106.6071,107.3947,105.5231,105.6157,944553
2014-02-20,105.8937,107.3206,105.625,107.0333,1074422
2014-02-21,107.1816,107.3391,106.4403,106.533,628485
2014-02-24,106.5886,107.4317,106.5423,106.5515,825247
2014-02-25,106.533,107.1352,105.6157,106.1161,881395
2014-02-26,106.0512,107.126,105.8103,106.4496,932082
2014-02-27,106.5515,106.8573,106.0883,106.6442,763841
2014-02-28,106.6164,107.8124,106.0512,106.7554,1023064
2014-03-03,106.255,107.7931,105.764,106.4959,971373
2014-03-04,107.7097,108.2656,107.4503,108.1266,1160734
2014-03-05,108.1266,108.1266,106.8851,107.7375,740213
2014-03-06,108.189,108.3193,107.1464,107.2022,791933
2014-03-07,107.8259,107.8259,107.0067,107.5839,894424
2014-03-10,107.3977,107.9842,107.2209,107.6211,672198
2014-03-11,107.6304,107.6304,107.1091,107.3698,909447
2014-03-12,106.9602,107.5374,106.6065,107.4908,678277
2014-03-13,107.7422,107.9656,106.9416,107.2302,1021297
2014-03-14,107.0533,108.1052,106.9043,107.3791,1011127
2014-03-17,107.5653,108.2169,107.4908,107.6304,605038
2014-03-18,107.6304,108.7848,107.4815,108.7382,595022
2014-03-19,108.6544,108.943,107.0998,107.6677,657228
2014-03-20,107.6211,107.8073,107.0533,107.6677,600842
2014-03-21,108.4496,108.9803,106.5972,106.653,1295012
2014-03-24,107.2022,107.7515,105.3497,105.7128,906322
2014-03-25,106.1224,106.6437,105.3218,106.411,552762
2014-03-26,106.9788,107.9283,106.6065,106.6158,630067
2014-03-27,106.8485,107.4163,106.1485,107.1836,713152
2014-03-28,107.6956,108.6451,107.2581,107.556,809594
2014-03-31,108.0866,109.1571,107.6584,108.9896,723792
2014-04-01,109.846,109.846,108.3826,109.1571,697078
2014-04-02,108.9709,109.1757,108.5613,109.064,631541
2014-04-03,109.4178,109.5388,107.9749,109.2968,861397
2014-04-04,109.725,110.5628,108.2635,108.3007,824600
2014-04-07,108.2821,108.7848,107.1706,107.4629,726956
2014-04-08,107.1836,107.528,105.629,105.8897,1157949
2014-04-09,106.4575,107.528,105.6942,107.5001,736210
2014-04-10,107.3698,107.4629,104.4933,104.8564,872753
2014-04-11,104.2792,105.0239,103.488,103.4973,840916
2014-04-14,103.9069,105.5545,103.8138,104.9402,1120659
2014-04-15,105.1822,106.0572,103.7951,105.899,762046
2014-04-16,106.2806,106.7925,104.8284,105.1263,747400
2014-04-17,104.8657,105.778,104.6609,105.3404,763780
2014-04-21,105.3404,106.262,105.3218,106.2434,433500
2014-04-22,106.6902,106.923,106.2806,106.2993,734079
2014-04-23,106.4017,106.4017,105.3777,105.8431,789170
2014-04-24,106.1038,106.4017,105.6383,106.1596,699655
2014-04-25,105.8617,106.02,104.5771,104.7819,661900
2014-04-28,105.4149,105.643,103.7393,105.0146,673403
2014-04-29,105.238,105.7314,104.3258,104.4282,812527
2014-04-30,104.5026,105.238,104.1954,105.2194,1344811
2014-05-01,105.1263,105.2473,103.3949,103.8789,1077113
2014-05-02,104.0465,105.7919,103.8231,104.8191,1084104
2014-05-05,104.5771,105.7687,104.2029,105.6476,658477
2014-05-06,105.2567,106.8997,105.0147,106.4389,1082526
2014-05-07,106.5599,107.4536,105.4801,107.3698,926359
2014-05-08,107.3698,109.3712,107.2488,108.4496,1265176
2014-05-09,108.6079,109.3526,107.6211,109.2595,917287
2014-05-12,109.6598,110.3394,109.4271,109.846,739008
2014-05-13,109.8367,110.0415,109.4085,109.4736,815759
2014-05-14,109.4736,109.5202,108.9616,109.1106,582198
2014-05-15,108.7196,109.092,107.4424,107.7794,892716
2014-05-16,107.6025,108.4031,107.044,108.31,940116
2014-05-19,108.0121,108.2169,107.5932,108.0866,709427
2014-05-20,108.2635,108.2635,107.2022,107.4163,722892
2014-05-21,107.677,108.2821,107.677,107.9842,520551
2014-05-22,108.0866,108.0866,107.2395,107.556,420038
2014-05-23,107.6398,108.068,107.3326,107.7049,408272
2014-05-27,107.9842,108.6172,107.556,108.5055,795498
2014-05-28,108.8034,109.2316,108.2448,108.8592,807048
2014-05-29,108.8965,109.2502,108.7941,108.9151,723711
2014-05-30,108.8592,109.7622,108.701,109.5667,634422
2014-06-02,109.5481,110.1625,109.2688,109.8925,514958
2014-06-03,109.3805,110.4045,109.3247,110.0973,744480
2014-06-04,109.725,111.1213,109.6226,110.9817,806901
2014-06-05,110.9396,111.2482,110.1073,111.0705,604705
2014-06-06,111.0705,111.5942,110.9209,111.5287,827346
2014-06-09,111.5287,112.838,111.3136,112.5294,1124441
2014-06-10,112.0805,112.2956,111.0518,111.7064,740582
2014-06-11,111.4539,111.7625,111.1079,111.3417,585993
2014-06-12,111.3791,111.5474,110.1353,110.5374,700822
2014-06-13,110.9115,110.9115,109.7612,110.0137,471217
2014-06-16,110.2662,112.0244,110.2662,110.5561,1442673
2014-06-17,110.1727,110.7151,109.6771,110.0979,661686
2014-06-18,110.126,110.8367,109.3965,110.7993,629996
2014-06-19,110.8367,111.1172,110.0793,110.631,672362
2014-06-20,111.2575,111.2949,110.7432,110.7806,878550
2014-06-23,111.005,111.2809,110.4533,110.8086,505029
2014-06-24,110.5374,111.4258,110.1821,110.2569,570353
2014-06-25,110.3972,111.6222,110.3972,111.51,692506
2014-06-26,111.5474,112.0244,110.6871,111.9121,792071
2014-06-27,111.51,112.2582,111.4913,111.8467,495338
2014-06-30,111.6783,112.1179,110.4159,110.631,750366
2014-07-01,111.0985,112.202,110.9115,112.015,542559
2014-07-02,112.015,112.174,111.3697,112.0992,437902
2014-07-03,112.0898,112.4545,111.6877,112.333,316368
2014-07-07,111.9028,112.5013,111.6924,112.4171,364226
2014-07-08,112.4358,112.4358,111.3651,112.015,718375
2014-07-09,112.6042,112.6042,111.3043,111.7251,638978
2014-07-10,110.5,111.3978,110.3785,111.164,764269
2014-07-11,111.2575,111.7064,111.0331,111.6222,481849
2014-07-14,112.2207,112.361,111.2108,111.7345,380218
2014-07-15,111.3043,112.0805,110.8255,111.3136,479149
2014-07-16,111.8934,111.8934,110.846,111.3136,546264
2014-07-17,110.9115,111.1921,109.8735,109.9763,565072
2014-07-18,110.1821,111.4258,109.6303,110.9209,854515
2014-07-21,110.3223,110.6777,109.5368,110.2008,587447
2014-07-22,110.5094,111.2341,110.5094,110.5748,492122
2014-07-23,110.5935,111.0331,110.4626,110.9209,506871
2014-07-24,110.4533,111.3136,110.4533,110.8086,609136
2014-07-25,110.8086,110.9583,110.313,110.6964,465044
2014-07-28,111.3791,111.7625,110.5919,111.6409,968384
2014-07-29,111.0892,111.5942,110.659,111.1546,560796
2014-07-30,111.3791,111.7625,110.5919,111.6409,968384
2014-07-31,110.6964,111.7532,108.4239,108.7045,937767
2014-08-01,108.3304,109.1814,107.5355,108.5549,762285
2014-08-04,108.452,109.49,107.5262,109.303,684069
2014-08-05,109.1814,109.7612,108.0966,108.3211,845241
2014-08-06,107.947,108.957,107.6665,108.3117,649037
2014-08-07,108.9383,108.9383,106.9464,107.3391,633350
2014-08-08,107.6665,108.8541,106.9838,108.8074,699839
2014-08-11,108.9944,109.4152,108.611,109.0599,759969
2014-08-12,108.8915,109.9109,108.8261,109.2001,763537
2014-08-13,109.8267,110.1073,109.3778,110.1073,559407
2014-08-14,110.2382,110.7899,110.0979,110.4065,257555
2014-08-15,110.6029,111.1079,108.8448,109.6677,633738
2014-08-18,110.1821,110.5374,110.0231,110.2569,447654
2014-08-19,110.2662,110.631,109.7706,110.5561,392350
2014-08-20,110.2195,110.5187,109.2282,110.0137,752980
2014-08-21,110.3223,110.4346,109.6584,109.9109,637345
2014-08-22,110.0044,110.0044,109.144,109.3872,407570
2014-08-25,109.7986,109.8361,109.3217,109.4807,692420
2014-08-26,109.8174,110.2101,109.621,110.0979,419635
2014-08-27,109.995,110.1353,109.0879,109.2656,660004
2014-08-28,109.1534,109.2899,108.6764,108.9289,493797
2014-08-29,109.2562,109.6303,108.6858,109.5742,659690
2014-09-02,109.6958,109.9202,109.0599,109.2749,774989
2014-09-03,109.7986,109.8361,109.3217,109.4807,692420
2014-09-04,109.8828,110.1914,108.7138,108.8728,515848
2014-09-05,108.9714,109.2063,107.9003,109.1969,801490
2014-09-08,109.3661,109.5539,108.0695,108.1822,843960
2014-09-09,108.2574,108.7553,107.6091,108.5674,1378439
2014-09-10,108.8775,108.9714,107.9567,108.0789,706588
2014-09-11,107.6936,108.2762,106.989,108.2292,769629
2014-09-12,108.248,108.3983,106.3219,106.8386,1027200
2014-09-15,106.895,107.3648,106.1903,107.1675,663752
2014-09-16,106.942,107.5151,106.5567,107.3836,977301
2014-09-17,107.4869,107.9473,107.0641,107.5997,691097
2014-09-18,107.8064,108.248,107.7218,108.0601,828254
2014-09-19,108.7366,108.7459,106.7353,106.8292,1404099
2014-09-22,106.6413,106.6789,105.3729,105.9366,974138
2014-09-23,105.5702,106.0776,105.3917,105.8239,714762
2014-09-24,105.9742,106.9889,105.6829,106.848,838673
2014-09-25,106.7447,107.2144,106.491,106.895,1774719
2014-09-26,106.9232,107.5903,106.9138,107.2238,1016506
2014-09-29,106.5286,107.5715,106.5286,107.4399,774914
2014-09-30,107.4399,107.4493,106.8668,106.9326,1676041
2014-10-01,107.1393,107.1769,106.1527,106.7353,1478908
2014-10-02,106.801,107.5057,106.2185,107.2238,786024
2014-10-03,107.9567,109.1218,107.6842,108.8399,1021544
2014-10-06,116.986,117.9725,114.6746,117.4276,12966348
2014-10-07,117.2397,121.2892,116.5632,120.2651,5753633
2014-10-08,119.5416,122.0691,119.5134,122.0503,2845783
2014-10-09,121.6369,122.3415,119.88,120.2087,2846633
2014-10-10,119.4289,121.0731,119.4289,120.1429,2268924
2014-10-13,120.0114,120.2839,118.2262,118.2262,1763906
2014-10-14,118.696,119.8799,117.4652,117.5121,1853953
2014-10-15,115.99,117.5403,113.7914,117.0048,2987840
2014-10-16,115.3793,116.1639,113.021,113.4814,2742571
2014-10-17,114.0733,115.0787,113.4626,114.374,1938303
2014-10-20,114.6277,115.586,114.2988,115.2478,1908264
2014-10-21,116.0182,116.6759,115.1538,115.8585,2124673
2014-10-22,116.2719,117.3148,115.8115,116.2437,1931334
2014-10-23,117.484,117.9443,117.1457,117.4464,1130793
2014-10-24,117.5121,118.2638,117.4276,118.1323,902495
2014-10-27,117.9537,118.602,117.8504,118.198,854037
2014-10-28,118.8933,119.053,118.1698,118.8745,939086
2014-10-29,118.8088,119.4477,118.3953,119.1094,776878
2014-10-30,118.6114,119.8517,117.9772,119.8141,1150213
2014-10-31,121.5241,121.5241,120.1429,120.9228,1320892
2014-11-03,120.7725,120.904,119.2034,119.7201,1090071
2014-11-04,121.6744,123.2247,118.3296,118.7054,1563527
2014-11-05,119.147,120.6033,119.147,119.5322,1360106
2014-11-06,119.8047,120.2463,118.8463,120.1993,942145
2014-11-07,120.3027,120.453,117.7752,117.9537,1293594
2014-11-10,118.198,120.5751,117.9913,120.547,986285
2014-11-11,120.547,121.1389,120.0208,120.9792,740725
2014-11-12,120.4718,121.6087,120.4718,121.5335,1000951
2014-11-13,121.9093,121.9375,121.1906,121.4959,763886
2014-11-14,121.2798,121.853,120.9322,121.3926,795565
2014-11-17,121.3926,122.257,121.1032,121.712,813515
2014-11-18,121.712,123.22,121.4395,123.0274,1072330
2014-11-19,123.0932,123.1496,121.5711,122.2476,1094347
2014-11-20,122.257,122.5388,121.2422,122.5201,970573
2014-11-21,123.6194,123.8261,122.1348,122.5013,1280236
2014-11-24,122.9241,123.2153,122.1066,123.1872,697536
2014-11-25,123.112,127.0958,123.112,126.5884,2154710
2014-11-26,128.5803,133.1184,128.5239,132.7238,2971055
2014-11-28,132.9681,133.729,131.5118,131.85,868773
2014-12-01,131.5681,133.0057,130.4218,132.6204,1317250
2014-12-02,132.5923,133.0808,131.7466,132.4983,1307423
2014-12-03,132.2634,132.2916,131.446,131.8876,868450
2014-12-04,132.0473,133.9452,131.4272,132.1788,1194729
2014-12-05,132.1131,132.2352,130.3232,130.7413,852846
2014-12-08,131.0338,132.8739,130.7508,131.902,1248262
2014-12-09,130.6092,131.6755,129.7033,131.5906,1190485
2014-12-10,131.2886,131.4679,128.8257,128.9484,986642
2014-12-11,129.2787,131.4113,129.2787,130.2412,1134267
2014-12-12,129.2975,130.7791,128.9484,129.2692,1534487
2014-12-15,129.977,130.128,127.4197,128.0991,1329044
2014-12-16,127.6934,128.4388,126.4478,126.4855,1273398
2014-12-17,127.4386,129.373,126.9007,129.0899,1617299
2014-12-18,130.4488,132.5248,129.8071,132.5154,1612076
2014-12-19,133.2231,133.4684,131.6283,131.9303,1545345
2014-12-22,131.4679,132.4682,131.1565,132.1096,818690
2014-12-23,133.0155,133.3363,130.0619,130.6564,1176026
2014-12-24,131.1093,133.1287,130.7413,132.0152,351745
2014-12-26,132.27,133.0344,131.3547,131.4868,555382
2014-12-29,131.0999,131.902,130.8461,131.7416,680163
2014-12-30,131.6755,133.2042,131.6755,132.0435,703159
2014-12-31,132.3266,133.7043,131.1376,131.3169,903006
2015-01-02,132.3644,132.94,131.5198,131.9775,1412272
2015-01-05,132.1096,134.4121,131.7605,132.789,1390486
2015-01-06,133.5251,133.8365,131.4019,132.5342,2315162
2015-01-07,132.9777,135.8558,132.9777,135.6388,1376918
2015-01-08,136.8089,138.4697,136.5353,138.1111,1341982
2015-01-09,136.9316,137.6299,136.2144,136.4786,903867
2015-01-12,136.6391,136.8467,134.9169,135.469,886084
2015-01-13,136.8561,137.4412,132.7985,133.7327,1691249
2015-01-14,132.4587,133.6572,131.1471,132.8739,1691580
2015-01-15,133.5722,134.0912,132.5531,132.7418,1194335
2015-01-16,132.4776,132.9589,131.2509,132.4682,1338442
2015-01-20,133.3458,134.0346,131.2509,132.3738,1221900
2015-01-21,133.6289,135.0538,132.3738,134.799,1272406
2015-01-22,134.799,137.3374,134.3555,136.9882,1027160
2015-01-23,136.1106,136.3465,135.0726,135.318,821334
2015-01-26,134.714,135.4784,133.6855,135.4029,727180
2015-01-27,134.2705,134.9405,133.091,134.2045,780196
2015-01-28,134.8273,135.4973,132.6192,132.8834,1111894
2015-01-29,132.6758,132.723,130.93,132.4021,1205013
2015-01-30,131.2131,132.1002,130.2318,130.2978,1601203
2015-02-02,129.7599,131.9209,128.3539,131.6566,1464550
2015-02-03,132.7701,133.8459,132.0435,133.2703,973353
2015-02-04,132.7135,133.1665,131.2603,132.0341,1509077
2015-02-05,135.6577,137.9885,135.0066,137.1015,1785511
2015-02-06,137.2053,138.2621,134.5725,135.2425,1666522
2015-02-09,135.1481,135.1481,132.421,133.0061,1136695
2015-02-10,133.4213,134.4026,133.1193,133.8176,973251
2015-02-11,134.0724,134.6065,132.6475,133.8365,973434
2015-02-12,136.1389,136.5541,134.1667,134.9311,1344512
2015-02-13,134.5914,135.7379,134.0771,135.6105,809592
2015-02-17,135.5916,136.1389,135.1953,135.7143,950434
2015-02-18,135.7143,135.8842,134.884,135.7804,705969
2015-02-19,135.3557,135.5067,134.6386,135.3085,1240975
2015-02-20,135.1198,137.3185,134.95,137.3091,1572492
2015-02-23,137.2619,139.1869,137.0637,138.6018,1111467
2015-02-24,138.8283,140.7345,138.6207,140.3193,1328029
2015-02-25,140.3193,140.4514,139.3284,139.7625,1052948
2015-02-26,139.7531,140.3664,139.1586,140.1683,994643
2015-02-27,140.508,140.508,138.2149,138.4509,1193546
2015-03-02,138.649,140.0456,138.4603,139.6965,834111
2015-03-03,139.1208,139.1208,137.4223,138.0168,743302
2015-03-04,138.0168,140.3193,137.4412,139.9984,1565613
2015-03-05,140.3664,141.5271,140.1211,141.0742,991025
2015-03-06,139.7477,140.212,136.9149,137.2654,1409929
2015-03-09,137.5402,138.1655,136.6875,137.5781,1174018
2015-03-10,136.4601,136.6875,134.9063,134.9063,1442016
2015-03-11,134.8589,135.4937,133.4377,133.5799,1685939
2015-03-12,134.082,135.8062,133.8736,135.5221,1089719
2015-03-13,135.5221,135.7684,133.4283,134.3947,921520
2015-03-16,135.02,136.9054,134.8115,134.8115,2343547
2015-03-17,134.5273,134.8968,133.3619,134.1104,1849943
2015-03-18,133.4567,137.4644,132.803,136.9149,1963869
2015-03-19,137.2275,137.5781,136.3701,137.3128,1542010
2015-03-20,138.1465,138.7813,137.0759,137.1138,2087305
2015-03-23,137.2844,138.2981,136.7822,137.8528,916145
2015-03-24,138.4876,140.1646,136.5643,136.6211,1301701
2015-03-25,136.9149,137.6444,135.1052,135.1147,3360034
2015-03-26,134.7736,136.6306,134.5368,135.6832,1027906
2015-03-27,136.0432,137.5591,135.9864,136.9906,997875
2015-03-30,137.5402,138.336,137.2915,137.9855,650582
2015-03-31,137.7202,138.3929,136.0053,136.0432,1059655
2015-04-01,136.0811,136.0811,133.4662,134.4894,1198158
2015-04-02,134.7263,135.3989,133.6178,133.8072,1081821
2015-04-06,132.7556,134.9915,132.4524,134.0252,1595122
2015-04-07,134.7926,135.4842,133.2577,133.3146,886782
2015-04-08,134.1388,134.6031,133.2672,133.9304,690079
2015-04-09,133.7314,135.1242,133.3335,135.02,672764
2015-04-10,134.9821,136.4885,134.7168,135.6832,760758
2015-04-13,135.6832,136.8883,134.8021,134.9631,868779
2015-04-14,134.7736,135.2095,133.036,133.883,1046249
2015-04-15,134.3189,134.8494,133.1914,133.4093,1066697
2015-04-16,133.3998,135.6548,133.3998,134.9063,1251766
2015-04-17,133.7314,134.4989,132.8787,134.0915,1110920
2015-04-20,134.9821,136.7064,134.9252,136.6401,1313619
2015-04-21,137.0191,138.4118,136.6969,137.9191,1606432
2015-04-22,137.7391,138.0423,136.318,136.7443,1099406
2015-04-23,135.9011,137.3459,135.6974,136.7633,807905
2015-04-24,136.6117,137.5402,135.8348,136.7443,561829
2015-04-27,136.9338,136.9906,134.2241,134.5747,831651
2015-04-28,134.5652,135.7874,132.6608,135.74,932367
2015-04-29,134.8684,135.6263,133.5609,134.7073,1175231
2015-04-30,134.7073,134.7073,132.6893,133.4662,1313043
2015-05-01,133.6367,134.8589,133.6367,134.7168,778649
2015-05-04,135.3516,136.9622,135.2,136.3748,1023145
2015-05-05,136.4317,136.4317,134.1104,134.5368,1074194
2015-05-06,134.7073,135.0389,133.1346,133.6651,1321220
2015-05-07,134.0631,137.1422,134.0631,135.2947,1169197
2015-05-08,135.6358,135.9674,133.8546,134.5462,1538995
2015-05-11,133.9967,135.6737,133.6935,134.1388,1444505
2015-05-12,132.983,133.8357,131.7323,131.846,1721624
2015-05-13,132.6514,132.6514,130.856,131.5618,1385664
2015-05-14,132.4145,133.703,131.8081,133.6272,810286
2015-05-15,133.5799,134.0441,133.163,134.0441,807050
2015-05-18,133.9209,134.641,133.4756,134.1673,733405
2015-05-19,133.9209,134.6599,133.6746,133.9873,842692
2015-05-20,133.8357,134.5936,133.6408,133.9494,641985
2015-05-21,133.8072,135.1858,133.542,134.9252,872881
2015-05-22,134.8021,135.4842,134.1673,134.4799,808468
2015-05-26,134.0725,134.4705,132.5756,132.9072,1040541
2015-05-27,132.964,134.4515,132.5471,134.1104,589330
2015-05-28,133.8357,134.8589,133.0019,133.9967,944281
2015-05-29,133.9209,134.5936,132.8124,133.1251,1203615
2015-06-01,133.9683,134.461,132.4429,133.4188,943375
2015-06-02,132.6514,133.7978,131.7987,133.1251,1080423
2015-06-03,133.1725,133.6272,132.4619,133.1914,930410
2015-06-04,132.4903,133.3904,132.1682,132.8219,819152
2015-06-05,132.6887,133.3738,132.2605,133.2406,996355
2015-06-08,133.526,134.1065,132.7077,132.8029,1048557
2015-06-09,132.546,132.9551,131.1377,131.2424,1305946
2015-06-10,131.4137,133.4785,131.1853,133.2596,1498045
2015-06-11,133.802,134.4395,133.3453,134.0303,986369
2015-06-12,133.4785,133.7392,132.7743,132.8314,991632
2015-06-15,132.1654,132.9646,131.0274,131.8609,1332155
2015-06-16,131.7086,132.7172,131.1283,132.4889,901198
2015-06-17,132.9742,133.3529,132.3366,132.9837,650779
2015-06-18,133.2691,134.4195,133.2691,133.9828,942303
2015-06-19,133.8686,135.4862,133.8686,134.9533,1950244
2015-06-22,136.019,136.5709,135.5242,136.038,1210185
2015-06-23,136.1427,136.8659,135.838,136.2283,936501
2015-06-24,135.8858,136.0571,134.8296,134.8296,1024366
2015-06-25,134.9152,135.4576,134.253,135.0294,908867
2015-06-26,135.4005,135.6002,134.43,135.1531,831288
2015-06-29,135.5908,136.7802,134.8486,134.9057,1168175
2015-06-30,136.0666,136.0666,134.4776,134.782,1029697
2015-07-01,136.1237,136.6917,135.2673,136.2759,995446
2015-07-02,136.8849,136.9991,135.2585,136.2379,1116947
2015-07-06,134.9343,136.5804,134.7345,135.7335,1410697
2015-07-07,136.0951,136.5328,134.5346,136.2949,976921
2015-07-08,135.6289,136.0571,133.9447,134.2968,1153245
2015-07-09,135.8192,136.3711,134.9152,134.9533,699094
2015-07-10,136.2569,137.8887,135.7811,137.275,1129165
2015-07-13,137.5985,138.9877,137.275,138.8735,950834
2015-07-14,139.2066,140.2057,138.7213,140.0915,827167
2015-07-15,140.1866,140.8146,139.4825,139.6348,766504
2015-07-16,140.2437,141.1382,139.7775,140.8242,624834
2015-07-17,140.8242,141.043,140.1391,140.8717,576273
2015-07-20,141.2523,141.2523,140.2342,140.9764,456692
2015-07-21,140.8146,141.7091,139.6871,140.3579,862866
2015-07-22,140.4435,141.1191,140.3199,140.8337,626427
2015-07-23,140.9954,141.7091,140.3769,140.9859,714802
2015-07-24,140.8432,141.4426,139.9868,140.1581,720438
2015-07-27,139.9392,140.0154,138.9211,139.2351,902877
2015-07-28,140.0439,142.6891,139.4825,142.613,1170389
2015-07-29,142.7177,144.7063,142.3561,144.6207,1455373
2015-07-30,144.4114,145.0965,144.0783,144.6302,1043087
2015-07-31,145.2106,145.4675,144.516,144.7729,1016612
2015-08-03,144.4304,145.3534,143.7263,145.0394,1386433
2015-08-04,145.125,145.6198,144.1164,144.9632,993678
2015-08-05,146.362,147.4657,144.6968,146.4,1305982
2015-08-06,145.8386,145.9243,141.4712,142.908,1930290
2015-08-07,142.6796,142.6796,139.5967,141.6995,1482752
2015-08-10,143.1078,143.5265,142.3466,143.0126,1215169
2015-08-11,141.9184,142.6225,140.12,141.3951,1155191
2015-08-12,141.1001,141.1096,138.6452,140.7575,1660372
2015-08-13,140.6148,141.1001,139.6348,140.4435,734433
2015-08-14,140.2628,141.2904,139.7822,141.0811,663671
2015-08-17,140.4911,141.4426,139.8726,141.3951,616886
2015-08-18,140.9193,141.2714,139.5967,139.9488,946144
2015-08-19,139.473,140.2437,138.1219,139.4064,1018487
2015-08-20,138.5976,138.7213,136.5614,136.6185,1572749
2015-08-21,135.8572,136.942,135.0009,135.0389,1798955
2015-08-24,131.7562,134.0684,127.0272,131.4993,2918579
2015-08-25,134.2302,135.0009,130.9474,130.9474,2213156
2015-08-26,132.9837,133.526,130.1196,133.1549,1531038
2015-08-27,134.3158,136.1046,133.6783,136.019,1193259
2015-08-28,135.5242,136.1712,134.6679,135.9048,842218
2015-08-31,135.8002,136.666,133.5831,134.1826,1009095
2015-09-01,131.7848,132.4794,127.7789,128.3498,1791734
2015-09-02,129.6534,130.3575,128.1976,130.0911,1170967
2015-09-03,130.3575,131.5279,129.425,129.9103,1026048
2015-09-04,129.4229,129.9533,127.2821,128.3716,1176597
2015-09-08,129.7383,131.9173,129.27,131.9078,1382759
2015-09-09,133.0546,133.781,129.6236,129.8817,838790
2015-09-10,130.0632,130.4885,128.8304,129.2127,1116812
2015-09-11,128.9928,130.7227,128.3716,129.9581,968793
2015-09-14,130.1493,130.35,129.2509,130.2257,1148260
2015-09-15,130.3595,131.7166,129.9581,131.105,564406
2015-09-16,131.4108,132.9973,131.0667,132.7201,943816
2015-09-17,132.6628,135.0712,132.5099,133.6089,1080537
2015-09-18,132.4525,133.2171,132.0033,132.204,2085408
2015-09-21,132.9113,134.0677,132.3665,132.9495,1045308
2015-09-22,131.5446,132.3665,130.9807,132.1371,778257
2015-09-23,131.946,133.2744,131.3773,133.112,1035743
2015-09-24,132.1085,132.9495,131.5925,132.6915,1237054
2015-09-25,133.0642,134.2397,129.4134,130.1206,1111535
2015-09-28,129.2891,129.442,123.163,124.6252,2084256
2015-09-29,124.1474,125.9632,123.2394,125.0935,1451291
2015-09-30,126.422,127.7504,125.5809,126.7851,1004396
2015-10-01,126.6227,126.9452,124.4532,126.336,1314800
2015-10-02,125.1509,129.4516,124.4341,129.3751,1464831
2015-10-05,130.2831,131.2197,129.8386,130.9234,1359674
2015-10-06,130.7322,130.8374,127.0432,128.6297,1442520
2015-10-07,129.4994,131.191,128.2283,131.1623,1060493
2015-10-08,130.8278,131.2388,129.1362,131.0476,683044
2015-10-09,131.0285,132.1276,130.7896,131.6593,693639
2015-10-12,131.4204,132.7966,131.191,132.3283,428696
2015-10-13,131.4873,132.357,130.5726,130.8469,523045
2015-10-14,130.7227,131.7071,129.5758,129.7479,568242
2015-10-15,130.5315,131.019,129.4898,130.9998,971821
2015-10-16,131.7453,133.4656,131.1145,133.3796,718060
2015-10-19,133.2267,133.8861,132.6819,133.7523,465227
2015-10-20,133.1311,134.3162,133.1311,133.5707,611288
2015-10-21,134.2971,134.5264,131.9938,133.5707,737952
2015-10-22,134.1059,134.9087,131.5446,132.3187,923498
2015-10-23,132.787,134.9852,131.7931,134.0103,1252365
2015-10-26,133.9339,134.2493,133.112,133.7045,748002
2015-10-27,133.6472,134.8227,133.6281,134.5169,506965
2015-10-28,134.8131,135.6924,133.155,135.6828,749929
2015-10-29,135.7115,137.3936,135.7115,136.887,805846
2015-10-30,136.7915,137.6134,136.2085,136.2085,1097786
2015-11-02,137.1164,138.6264,136.7246,138.3971,1064171
2015-11-03,138.1104,140.2034,137.4605,140.1365,1272223
2015-11-04,144.313,145.1635,142.4111,144.3225,1481673
2015-11-05,144.7908,145.823,144.4085,145.498,1156337
2015-11-06,144.9437,146.081,144.8195,145.7465,950529
2015-11-09,145.7656,145.9998,144.6283,145.6605,811137
2015-11-10,145.5172,145.9855,145.0297,145.3738,715026
2015-11-11,145.5458,146.4633,145.154,145.2304,674398
2015-11-12,144.1314,145.2018,141.7899,141.8568,924817
2015-11-13,141.9428,143.1279,141.4458,142.0957,696705
2015-11-16,142.2008,144.1791,142.0001,144.1123,849539
2015-11-17,144.1218,145.0775,143.061,144.2747,735303
2015-11-18,144.5232,144.9724,143.8064,144.829,1131909
2015-11-19,144.4372,144.7048,142.8985,143.319,932652
2015-11-20,144.0453,145.7083,143.319,144.5232,1302260
2015-11-23,144.6092,145.3165,143.7778,144.2365,585980
2015-11-24,141.2929,144.0453,141.2929,143.8829,659857
2015-11-25,143.8638,144.2652,143.0036,143.4719,747085
2015-11-27,144.16,145.4598,143.4528,144.5901,645674
2015-11-30,144.8673,145.2591,143.5771,143.5962,1028389
2015-12-01,144.4085,146.0524,144.4085,145.909,1093689
2015-12-02,146.1193,146.2244,144.8577,145.0584,798082
2015-12-03,145.326,145.6796,142.7408,143.2903,1127396
2015-12-04,143.5293,148.0211,143.4624,147.9542,1066374
2015-12-07,147.4859,147.9542,146.0332,146.8169,1223988
2015-12-08,147.8151,148.5446,146.3082,148.487,1555068
2015-12-09,147.9111,149.2837,145.5211,146.7305,1367745
2015-12-10,146.5961,148.5734,145.9434,148.1511,935915
2015-12-11,146.4425,147.7191,144.8876,145.5883,874780
2015-12-14,146.3562,147.508,144.8876,147.0376,1290218
2015-12-15,147.9015,149.2549,146.8265,147.1336,1536078
2015-12-16,148.391,149.8404,146.9801,149.6292,1156384
2015-12-17,149.8404,151.1745,149.1109,149.6484,1229556
2015-12-18,148.8229,149.3413,146.9609,146.9705,1776131
2015-12-21,147.6231,148.391,146.5289,147.4216,800330
2015-12-22,148.391,149.1301,146.193,148.1702,1105818
2015-12-23,149.0437,149.7732,148.3814,149.61,654571
2015-12-24,149.5812,150.2723,149.2357,149.6484,269596
2015-12-28,149.3413,149.5188,148.6022,149.1301,598616
2015-12-29,150.3683,150.4739,149.5524,150.2435,967397
2015-12-30,150.3971,150.589,148.7845,149.1877,1134707
2015-12-31,148.5158,149.2069,147.8919,147.9015,1087662
2016-01-04,144.5709,145.3675,140.1556,142.0081,2813897
2016-01-05,142.68,143.683,141.8641,142.4592,1080429
2016-01-06,139.9828,141.7969,139.1094,141.0387,1774040
2016-01-07,138.7158,139.6661,137.6692,138.7254,1586592
2016-01-08,139.3589,140.146,136.3258,136.6426,1272703
2016-01-11,137.3433,137.6888,133.6431,135.4812,1282608
2016-01-12,136.681,137.7656,134.7421,136.729,972452
2016-01-13,137.6984,138.6103,135.2604,135.7019,1318542
2016-01-14,135.9803,139.9214,135.7115,139.5701,1738947
2016-01-15,136.633,138.7062,136.0155,136.7098,1804832
2016-01-19,138.0536,138.5527,135.7019,136.777,1258430
2016-01-20,135.1932,136.2587,132.1601,135.2028,1323759
2016-01-21,135.2412,136.3978,133.5423,135.9611,1118661
2016-01-22,137.612,139.167,137.3241,138.9462,867155
2016-01-25,139.2917,140.8083,138.879,139.0806,974621
2016-01-26,138.9558,140.002,137.9,139.6661,775817
2016-01-27,139.7813,142.2288,139.0998,140.1748,982039
2016-01-28,140.7219,141.0482,136.0667,136.5658,1447719
2016-01-29,137.5544,139.5317,137.2569,139.5317,1679342
2016-02-01,138.3223,140.5779,134.8861,140.1556,1571582
2016-02-02,139.0998,140.0404,138.1303,139.2246,1505061
2016-02-03,141.0962,141.0962,133.9646,135.414,2324348
2016-02-04,134.8285,135.3276,131.8914,132.3713,1812656
2016-02-05,131.9778,132.4097,129.2998,129.8181,1227482
2016-02-08,128.8487,129.5398,124.5775,127.5433,1854401
2016-02-09,124.3759,129.9429,124.2991,128.9447,1701011
2016-02-10,130.7492,133.6287,130.4324,130.6724,1124714
2016-02-11,130.1829,130.8836,128.8199,129.8949,1589178
2016-02-12,131.3731,134.3294,130.9124,134.195,1625444
2016-02-16,135.5196,136.7671,134.8477,136.4122,1394283
2016-02-17,137.5544,138.4183,136.3546,138.3223,764619
2016-02-18,138.6966,138.9846,136.9978,137.4297,753212
2016-02-19,137.6024,139.1766,136.6618,139.0806,913330
2016-02-22,139.7813,140.4244,139.1574,139.8293,652130
2016-02-23,140.1172,141.1634,139.6565,140.5779,1026668
2016-02-24,139.1766,141.9601,138.9174,141.5474,938864
2016-02-25,141.8065,142.9967,140.9926,142.6992,826456
2016-02-26,143.0159,144.1389,142.9343,143.6302,1228704
2016-02-29,143.2943,144.0909,141.317,141.5282,1490372
2016-03-01,142.632,144.0909,141.317,144.0909,1418620
2016-03-02,143.803,145.1228,143.2511,144.6668,1151824
2016-03-03,144.5997,144.5997,142.0849,143.4958,951927
2016-03-04,143.8318,143.8318,142.3536,143.1599,1081986
2016-03-07,142.9007,143.3807,141.9602,142.7088,967152
2016-03-08,142.2845,142.8148,141.2915,141.9085,869925
2016-03-09,142.3906,142.6027,140.5491,141.8314,1203654
2016-03-10,142.3906,143.615,141.9567,143.1812,1219323
2016-03-11,143.7789,144.743,142.9112,144.4056,1320266
2016-03-14,143.75,145.8036,143.75,145.3504,735883
2016-03-15,144.3285,145.1383,143.6536,143.9332,977647
2016-03-16,144.0007,144.6948,142.8823,144.4056,905379
2016-03-17,144.1549,144.3285,140.8769,142.4099,1137841
2016-03-18,143.2101,145.0516,141.3108,144.8491,2110488
2016-03-21,144.7913,145.0612,143.6825,143.8175,884058
2016-03-22,143.5765,144.743,143.0173,144.1839,1002162
2016-03-23,144.2803,144.7623,143.7114,143.885,541619
2016-03-24,143.1619,143.9235,142.4388,143.7789,642882
2016-03-28,144.1935,144.1935,142.9401,143.6825,702763
2016-03-29,143.8561,146.276,143.2583,146.0832,708233
2016-03-30,146.9991,147.3364,145.9482,147.0666,713707
2016-03-31,146.7388,147.2739,145.9386,146.3724,895028
2016-04-01,145.8132,148.2332,145.3022,147.9825,882424
2016-04-04,148.4645,150.3831,148.0403,149.3612,888318
2016-04-05,148.5031,150.3639,147.0859,147.3751,1087604
2016-04-06,147.3751,149.8914,147.0666,149.8432,818330
2016-04-07,149.284,149.9879,148.1898,149.4672,936586
2016-04-08,150.4024,150.7495,148.5176,149.0912,838047
2016-04-11,149.0816,150.0168,148.0403,148.3874,1080324
2016-04-12,148.8598,152.2632,148.7345,152.0125,1120413
2016-04-13,152.9284,153.5068,151.8582,153.2755,768703
2016-04-14,153.2176,153.6515,152.1186,152.5138,723768
2016-04-15,152.5331,153.5358,151.462,153.4394,716753
2016-04-18,152.967,153.7671,152.4946,153.7576,791204
2016-04-19,153.7768,153.7768,151.9643,152.321,718485
2016-04-20,152.6681,154.1239,152.3692,153.0248,886650
2016-04-21,153.0055,154.2203,152.215,153.0345,871933
2016-04-22,153.343,154.2444,152.5138,154.1432,444700
2016-04-25,153.8347,154.5096,153.3912,154.5096,540561
2016-04-26,154.741,155.1155,153.7093,153.825,757144
2016-04-27,153.9889,156.0425,153.7093,155.6569,660915
2016-04-28,154.8374,157.132,154.1818,156.1196,1275951
2016-04-29,155.2327,155.5315,154.0757,155.4737,1344251
2016-05-02,154.9049,156.4185,151.945,155.1266,1277475
2016-05-03,155.0977,155.5797,153.7286,154.6735,1320522
2016-05-04,154.201,156.4282,153.5416,155.8015,1603085
2016-05-05,157.2187,160.005,155.1555,159.2819,1823358
2016-05-06,157.1512,159.0795,156.6403,158.9252,1545913
2016-05-09,159.2434,161.0076,158.8047,160.0243,1438456
2016-05-10,159.899,162.2804,159.147,161.6248,1228904
2016-05-11,161.7597,163.0131,161.0366,161.0559,812267
2016-05-12,161.6248,161.8851,160.2171,161.1523,808801
2016-05-13,161.1041,161.5669,159.8701,160.3232,790182
2016-05-16,160.3232,162.801,160.2171,162.5214,1000764
2016-05-17,161.7212,162.5021,158.8144,159.4941,1181205
2016-05-18,159.4362,160.3328,157.9611,159.5133,973618
2016-05-19,158.6746,159.4362,156.4282,158.0575,1127633
2016-05-20,159.0024,159.6676,158.0093,159.0795,1110456
2016-05-23,159.118,159.6001,158.2311,158.26,902522
2016-05-24,159.0795,160.4582,158.2552,160.1111,873721
2016-05-25,160.5257,161.297,160.0629,161.0077,779074
2016-05-26,160.8631,161.4705,160.7378,161.1909,635703
2016-05-27,161.0752,161.3741,160.4293,160.9981,648605
2016-05-31,161.0077,161.0077,159.3687,160.4775,1166616
2016-06-01,160.005,161.4898,159.8122,161.0463,658180
2016-06-02,160.9113,162.7334,160.6992,162.6949,876599
2016-06-03,162.7142,163.5819,161.673,163.1577,845550
2016-06-06,162.8685,164.2663,162.5792,163.8808,726576
2016-06-07,164.0454,164.326,163.0291,163.2033,709647
2016-06-08,163.1065,164.7713,162.7968,164.6745,583869
2016-06-09,164.7809,166.1263,164.2486,164.7616,760403
2016-06-10,163.9292,164.4615,162.671,163.8518,803579
2016-06-13,163.8808,164.9929,162.8549,162.942,716943
2016-06-14,162.2451,163.8228,161.8483,163.5808,680072
2016-06-15,163.8615,163.9583,161.1611,161.4031,1093220
2016-06-16,160.9966,162.2741,159.8061,161.9257,652081
2016-06-17,161.9935,161.9935,159.3415,160.4642,909715
2016-06-20,162.1386,163.6872,161.9257,162.6323,793462
2016-06-21,163.1356,165.1971,163.1356,164.5583,1368310
2016-06-22,164.6842,165.2842,164.1809,164.5099,704167
2016-06-23,165.5069,166.6683,164.7809,166.6586,769451
2016-06-24,163.4743,164.2777,160.9094,161.3547,1464129
2016-06-27,161.2579,161.2579,157.1734,157.7735,1387195
2016-06-28,158.7124,159.3899,157.6477,158.8092,1400435
2016-06-29,160.1255,162.9275,159.4383,162.7678,775637
2016-06-30,163.0194,164.1712,162.6613,164.1422,836345
2016-07-01,164.1422,164.81,163.7744,164.1905,779066
2016-07-05,163.8518,166.0585,163.8131,165.7101,808546
2016-07-06,164.7422,166.8425,164.268,166.5425,1146264
2016-07-07,166.3683,167.6749,166.0973,167.6071,859443
2016-07-08,168.4879,170.5785,167.3458,169.9978,891802
2016-07-11,170.3172,171.3238,170.1817,170.685,717600
2016-07-12,170.7915,171.227,169.9688,170.0559,843642
2016-07-13,170.9366,171.2464,169.2913,170.2882,657450
2016-07-14,171.4109,171.7061,170.1333,170.8592,668450
2016-07-15,171.6916,171.7981,169.1558,169.4558,944280
2016-07-18,169.8623,170.3559,167.9362,168.7976,876567
2016-07-19,168.7396,169.9204,168.2556,168.9138,601281
2016-07-20,169.5623,170.6656,168.9331,170.1333,508577
2016-07-21,169.7752,170.1623,168.4782,169.2429,443697
2016-07-22,169.0396,169.117,166.4941,168.0911,638856
2016-07-25,168.0911,168.4105,166.3489,167.2297,697155
2016-07-26,166.9974,169.4945,166.8619,169.4074,782447
2016-07-27,169.0493,169.3977,166.9877,168.9235,760911
2016-07-28,169.2816,170.5108,168.3911,170.3075,518195
2016-07-29,170.0075,171.2948,169.7365,170.3462,775782
2016-08-01,169.3687,172.0642,168.696,171.1012,783409
2016-08-02,170.714,170.927,169.2622,170.7624,728257
2016-08-03,170.9657,171.072,169.4655,170.1333,1273184
2016-08-04,163.3291,166.1166,161.0062,166.0198,2999768
2016-08-05,166.0876,168.1976,166.0876,168.1492,1189518
2016-08-08,168.1492,168.2653,167.2103,167.9459,751750
2016-08-09,167.9943,169.4655,167.2781,168.5557,587540
2016-08-10,168.4976,169.3687,167.7223,169.3493,695565
2016-08-11,169.3784,171.5754,168.4976,171.0334,936744
2016-08-12,170.5592,170.8205,168.0814,168.3911,598850
2016-08-15,168.7202,169.659,168.3234,168.6137,526567
2016-08-16,167.8104,168.5557,167.1813,167.2297,844735
2016-08-17,166.9974,167.7729,166.5038,167.5491,525170
2016-08-18,167.1135,168.3234,166.5038,168.1201,688959
2016-08-19,167.6362,168.4105,166.8328,168.2653,713720
2016-08-22,168.3911,169.1654,168.1588,168.8557,708810
2016-08-23,169.1364,170.3462,169.0977,169.2913,688449
2016-08-24,169.2235,169.63,167.3555,167.6846,501837
2016-08-25,167.4813,169.7849,167.4813,168.546,805503
2016-08-26,168.6041,170.7818,168.5363,169.8333,977497
2016-08-29,169.7558,172.1368,169.6203,171.5561,970214
2016-08-30,171.0818,172.4272,170.8399,172.0207,747316
2016-08-31,172.0884,173.0466,170.9076,171.5174,864625
2016-09-01,172.0013,172.0691,170.0656,171.3335,609017
2016-09-02,171.7981,172.2336,171.1593,171.6238,476848
2016-09-06,171.7206,172.2433,170.9947,171.527,588803
2016-09-07,171.7213,172.6928,170.9878,172.6928,728570
2016-09-08,171.9739,172.7705,171.119,171.6145,743513
2016-09-09,170.7401,170.8761,166.1158,166.1255,966982
2016-09-12,165.5718,168.5057,165.4066,168.3502,894691
2016-09-13,167.4565,167.8548,165.7563,166.2227,800954
2016-09-14,166.8056,168.0005,166.553,167.8742,767217
2016-09-15,167.8256,171.5756,167.4856,171.0024,822875
2016-09-16,171.0413,171.3327,169.1274,170.2058,998066
2016-09-19,170.7984,171.9156,170.2349,170.6527,529109
2016-09-20,171.9545,172.0322,170.769,170.8761,498376
2016-09-21,171.4687,174.4998,171.4687,174.2666,767907
2016-09-22,174.869,176.5739,174.0335,176.3748,682201
2016-09-23,174.0918,175.2576,172.4208,174.3832,1175868
2016-09-26,173.13,173.5089,171.2356,171.9642,690751
2016-09-27,172.2751,173.8877,171.6145,173.8683,675452
2016-09-28,175.4227,175.4227,173.1591,174.0626,592686
2016-09-29,173.9752,174.2375,170.7498,171.4104,599919
2016-09-30,171.9739,175.4276,171.9739,174.6067,1156117
2016-10-03,173.5769,174.2181,172.4499,173.3243,720467
2016-10-04,172.926,173.9072,170.0503,171.0607,747801
2016-10-05,171.0607,172.14,170.7887,171.6145,701290
2016-10-06,171.5076,172.2411,170.5069,172.0613,600343
2016-10-07,172.3334,172.7414,171.1773,172.3431,617071
2016-10-10,173.266,174.8981,173.1871,174.082,431974
2016-10-11,173.606,173.606,168.3308,169.0108,985936
2016-10-12,170.1572,170.1572,168.3405,168.5251,973214
2016-10-13,167.8062,168.3402,166.1838,167.9325,1385884
2016-10-14,168.9428,169.0885,166.9999,167.029,866534
2016-10-17,167.2622,167.4856,166.1449,166.6501,803993
2016-10-18,167.8062,168.3211,166.9224,167.8645,649111
2016-10-19,168.1656,168.6417,167.1942,167.3107,676869
2016-10-20,167.3496,168.8068,166.7861,168.0976,700885
2016-10-21,167.2913,167.6896,166.2518,167.4079,628177
2016-10-24,168.4377,168.8943,167.1944,167.2524,1016192
2016-10-25,167.573,167.7673,165.8243,166.1061,1026153
2016-10-26,164.8917,165.018,162.0647,162.7739,1448045
2016-10-27,163.5122,163.9979,162.3202,162.4824,1210081
2016-10-28,162.6378,164.8334,161.9968,163.007,1021736
2016-10-31,162.4921,163.4248,161.8315,163.1236,1764177
2016-11-01,162.8613,163.4248,160.7735,161.6275,1468048
2016-11-02,161.9189,164.3865,161.0057,162.1132,2047252
2016-11-03,164.1631,170.0018,163.6579,168.2434,2108574
2016-11-04,168.2919,171.391,167.8936,170.0018,1303641
2016-11-07,171.8768,173.4409,171.4493,172.8191,1402785
2016-11-08,172.3431,174.7038,171.2939,173.6157,876644
2016-11-09,172.8968,173.8829,167.1359,169.8269,1690527
2016-11-10,171.119,173.1786,169.7006,170.6041,1654885
2016-11-11,170.1086,170.8178,165.1054,165.5038,1400498
2016-11-14,165.7272,165.7272,157.8095,158.1593,2611707
2016-11-15,158.1981,162.3464,157.8775,162.0258,1921108
2016-11-16,161.8121,164.5615,161.2059,164.4351,1258857
2016-11-17,164.814,168.5154,164.0805,168.4765,1652093
2016-11-18,168.5542,169.1274,166.3295,166.961,1182371
2016-11-21,166.7958,168.0102,166.4558,167.165,896767
2016-11-22,165.63,166.2809,159.976,162.8904,2290416
2016-11-23,160.8503,164.7071,160.8503,163.6773,1102220
2016-11-25,164.814,166.5238,163.7453,165.8243,489615
2016-11-28,165.4357,166.6258,165.2074,165.4552,643310
2016-11-29,165.8923,168.5931,165.8923,167.8062,1328488
2016-11-30,167.2719,167.8256,163.5122,164.2797,1352527
2016-12-01,163.9008,164.9497,159.6845,159.9274,1059386
2016-12-02,160.7726,162.5504,160.0537,160.8114,909819
2016-12-05,161.7246,162.3173,159.257,159.7234,1599617
2016-12-06,160.86,160.86,157.4501,160.0537,1516231
2016-12-07,159.5463,160.083,157.3897,160.0244,1118546
2016-12-08,159.7317,161.4491,158.6583,159.6829,1394348
2016-12-09,159.7121,162.7567,159.7121,162.4835,778110
2016-12-12,162.4835,165.5475,162.4835,165.3036,966728
2016-12-13,164.8547,167.7773,163.1177,164.0545,1464357
2016-12-14,164.5522,165.206,163.1861,163.6935,862726
2016-12-15,163.7911,165.3133,162.9714,165.0987,1084363
2016-12-16,165.2255,165.8598,163.069,163.6935,1470395
2016-12-19,163.7715,164.4236,162.2688,162.7079,974910
2016-12-20,163.1958,163.7618,161.576,162.1322,664158
2016-12-21,161.9565,162.7908,160.9026,161.9565,668300
2016-12-22,162.0834,162.3371,160.5513,161.898,675841
2016-12-23,162.1907,163.0982,161.6052,162.4542,416439
2016-12-27,163.4788,164.3961,162.8835,163.0202,412884
2016-12-28,163.1763,163.2251,161.2539,161.8589,463184
2016-12-29,161.8589,162.8445,161.5857,162.1322,712499
2016-12-30,162.9226,162.9226,161.0393,161.5467,900374
2017-01-03,158.0337,161.293,157.5946,161.1564,1696651
2017-01-04,161.4589,161.8833,160.4538,160.9514,1182777
2017-01-05,159.8488,161.3174,159.4096,160.8148,1128673
2017-01-06,161.293,164.5034,160.9514,163.8301,1051745
2017-01-09,164.1619,165.567,163.9667,164.7864,1165422
2017-01-10,164.4839,168.7189,164.2985,166.8063,1271745
2017-01-11,166.3867,169.5386,164.7766,169.5094,1641096
2017-01-12,168.6897,169.4898,166.4453,169.2947,1040606
2017-01-13,169.2068,169.9485,168.0944,169.1581,646651
2017-01-17,168.3579,169.6655,167.1674,169.2264,609898
2017-01-18,169.7143,169.8802,168.514,169.7728,909925
2017-01-19,169.1093,169.9973,168.5043,169.3239,1796962
2017-01-20,169.5777,170.1241,167.87,168.1237,1466632
2017-01-23,168.2408,169.4801,166.6697,166.7478,801629
2017-01-24,167.2357,167.6397,165.0987,166.2404,784096
2017-01-25,166.7575,167.948,166.3282,167.4211,949795
2017-01-26,167.4504,168.2701,166.4014,166.9527,751196
2017-01-27,168.1432,171.6464,167.7041,171.0414,898053
2017-01-30,171.1585,171.1585,169.3337,170.5925,984338
2017-01-31,170.1924,173.2467,169.9192,173.0028,1545738
2017-02-01,171.6269,174.808,170.1339,174.6422,1716115
2017-02-02,176.6231,177.0524,172.4661,173.6663,1285417
2017-02-03,174.4275,175.1105,173.2858,175.0325,1170296
2017-02-06,174.3104,174.608,173.3541,174.0469,723980
2017-02-07,174.6714,175.6424,174.164,174.486,857215
2017-02-08,173.7346,174.6909,173.1443,173.7542,536752
2017-02-09,173.7542,174.7105,172.3783,173.5102,1439343
2017-02-10,173.5102,174.3543,173.2468,173.7249,598005
2017-02-13,174.203,174.5836,173.4224,174.2323,441790
2017-02-14,174.125,174.6714,173.4224,174.447,655829
2017-02-15,173.6175,176.1253,173.6175,175.7351,855048
2017-02-16,175.8814,176.5255,174.5934,176.2523,920987
2017-02-17,175.8424,176.5255,174.9837,176.5255,810321
2017-02-21,177.111,178.2332,175.5594,177.6184,943721
2017-02-22,176.9451,178.1649,176.7475,177.5501,649887
2017-02-23,177.8233,178.4283,177.1598,177.8916,612708
2017-02-24,177.5794,178.9845,176.7597,178.9845,657562
2017-02-27,178.7308,179.4303,177.9209,178.3991,698358
2017-02-28,178.5259,179.4334,178.038,178.6235,642469
2017-03-01,179.2187,181.6095,178.3698,180.8581,759100
2017-03-02,180.5263,180.8386,179.4041,180.2629,507442
2017-03-03,179.7262,180.4678,179.3749,180.2238,606571
2017-03-06,179.2773,180.4483,178.7894,180.0287,812859
2017-03-07,179.3163,180.0579,178.3747,179.492,622243
2017-03-08,178.5907,180.8734,178.5711,180.3248,822446
2017-03-09,180.1582,181.7747,179.7174,181.3143,870684
2017-03-10,181.4612,181.9315,180.5795,181.5494,737911
2017-03-13,181.3339,181.6768,180.1876,181.1477,832077
2017-03-14,180.6187,180.9028,178.3703,179.2667,1035605
2017-03-15,179.8741,181.0106,179.1491,180.795,1227802
2017-03-16,179.7272,180.217,176.4451,177.6894,1609762
2017-03-17,178.0029,180.4815,177.5522,180.0603,1842549
2017-03-20,180.3836,180.4619,178.3948,178.9238,788798
2017-03-21,179.5606,180.2562,176.7391,177.6404,1180851
2017-03-22,178.2086,180.1435,176.8468,178.9336,1331002
2017-03-23,178.4535,181.2457,178.0715,179.9819,1088911
2017-03-24,179.9427,181.3339,179.6978,180.1386,658057
2017-03-27,179.3843,180.6579,178.3948,180.0309,818512
2017-03-28,179.7468,180.5795,178.6103,180.1876,660815
2017-03-29,179.492,180.7265,178.8748,180.1386,454533
2017-03-30,179.8643,180.6471,178.963,179.9819,548452
2017-03-31,179.4528,180.1582,178.8944,179.7174,716559
2017-04-03,180.266,181.4514,178.9238,180.5403,617086
2017-04-04,180.6579,180.6579,178.6103,179.3549,754741
2017-04-05,180.0407,181.1771,179.2414,179.59,703319
2017-04-06,179.3647,180.0701,178.6397,179.6782,713464
2017-04-07,179.7761,180.8538,179.7076,180.3738,635743
2017-04-10,181.3143,181.3143,179.6292,180.3052,1041686
2017-04-11,179.7076,180.6873,179.0022,180.0505,514763
2017-04-12,179.1981,180.2072,178.7572,179.5018,715887
2017-04-13,179.0904,180.0407,178.8846,178.8846,582790
2017-04-17,179.5116,180.364,179.061,180.2268,423884
2017-04-18,179.59,180.1484,178.4878,179.6586,543967
2017-04-19,180.5305,181.1379,180.0701,180.4228,545381
2017-04-20,180.4032,182.6173,179.6096,182.2744,627168
2017-04-21,182.2156,182.3626,180.5109,181.5298,577681
2017-04-24,175.3675,176.6019,172.0952,173.4766,9752090
2017-04-25,174.8972,177.1211,173.702,175.436,4023521
2017-04-26,176.0533,176.4745,174.6621,176.161,2552552
2017-04-27,176.3178,179.1393,175.7887,178.8454,2207018
2017-04-28,178.3948,183.4011,177.9833,183.1757,3770920
2017-05-01,182.5977,183.8223,181.089,182.5977,2404223
2017-05-02,181.7551,182.5977,179.2961,181.52,3292009
2017-05-03,181.089,181.569,178.7964,180.0309,2572333
2017-05-04,179.9231,181.1085,179.0708,181.1085,1969607
2017-05-05,181.0302,182.3136,180.3694,181.6376,1426032
2017-05-08,180.5501,181.0498,178.6495,178.914,2460047
2017-05-09,178.3752,178.7377,175.8671,176.9938,3214490
2017-05-10,177.4738,177.8657,174.0351,176.112,5007596
2017-05-11,178.0127,181.1967,177.8755,181.1085,11111550
2017-05-12,180.5011,183.8811,180.3836,180.8734,3134728
2017-05-15,180.3836,181.4612,179.8153,181.3731,2852198
2017-05-16,181.8531,182.0393,178.9336,179.0414,1866353
2017-05-17,177.66,178.7866,176.7782,177.7971,2269090
2017-05-18,177.7971,179.7272,177.2289,178.9042,1576485
2017-05-19,179.2863,181.3437,179.2422,180.3934,2427291
2017-05-22,180.3444,182.0099,179.4528,181.0204,1819651
2017-05-23,181.3731,183.3913,181.2751,182.8328,1788741
2017-05-24,182.774,183.45,181.9413,183.2051,1465509
2017-05-25,183.3423,183.6166,181.569,182.9798,1205879
2017-05-26,183.2345,183.6068,181.8825,182.6957,1248845
2017-05-30,181.9903,184.6551,181.569,184.2534,1581465
2017-05-31,185.4486,186.8398,184.2828,185.3899,2351669
2017-06-01,184.5473,189.4263,184.4787,188.9168,2024231
2017-06-02,189.0442,190.1708,188.4563,189.1421,1397713
2017-06-05,189.2793,190.0141,188.5151,189.1519,1312523
2017-06-06,189.4556,189.9553,187.4472,188.0057,1375675
2017-06-07,188.3892,189.9529,188.1433,189.4022,1214035
2017-06-08,189.3333,190.4938,187.5828,188.6547,1569728
2017-06-09,188.8219,189.7562,187.8188,188.8219,1677123
2017-06-12,189.0186,189.3923,184.1702,187.8385,1806978
2017-06-13,187.868,189.6972,186.914,189.176,1162094
2017-06-14,189.8054,190.5036,188.5957,189.3333,907600
2017-06-15,188.5957,189.7267,187.7795,188.6744,1158997
2017-06-16,188.7728,189.2055,187.4451,188.1237,1538311
2017-06-19,188.6941,190.8282,188.4286,190.2774,1188060
2017-06-20,190.0119,192.6377,189.8153,191.2412,1793260
2017-06-21,191.5362,192.2837,189.9037,190.2873,1581210
2017-06-22,190.1201,192.1558,189.7464,191.8313,1285900
2017-06-23,191.8509,192.2148,190.6315,191.9198,1694042
2017-06-26,191.7231,192.0476,190.9363,191.4969,1255801
2017-06-27,191.2805,192.7656,190.7101,191.7624,1941135
2017-06-28,192.6475,192.736,191.4084,191.6838,1192109
2017-06-29,191.2805,192.323,188.8416,190.0316,937156
2017-06-30,191.8411,193.3359,191.7821,191.8804,1259308
2017-07-03,192.5492,192.9721,191.4084,191.4084,681642
2017-07-05,191.31,194.0047,191.0052,193.7195,1064385
2017-07-06,193.1294,193.4048,191.6543,192.1066,1314178
2017-07-07,192.7557,194.5751,192.1558,194.5161,1052121
2017-07-10,194.5653,194.8701,193.4146,194.2309,1317876
2017-07-11,194.1817,194.8652,192.9524,193.1294,1184835
2017-07-12,194.2112,195.9421,193.5326,194.8701,1075717
2017-07-13,194.88,195.2045,193.7588,194.6144,578063
2017-07-14,194.9586,197.2992,194.3292,197.2992,835726
2017-07-17,197.3484,197.968,196.1486,196.6797,865410
2017-07-18,196.837,198.1057,195.8339,197.6828,1040525
2017-07-19,198.1647,199.217,197.4173,198.6761,1257052
2017-07-20,198.5876,200.6331,198.4302,199.9644,988229
2017-07-21,199.4727,202.3247,199.4727,201.9018,1722831
2017-07-24,201.7936,202.5312,201.0167,202.2263,1627597
2017-07-25,202.8262,203.2098,199.9005,200.8888,956256
2017-07-26,200.3086,201.0167,199.0596,199.3645,1033015
2017-07-27,199.6398,200.0332,197.1812,198.3319,1348973
2017-07-28,198.4892,199.8266,197.1714,198.6367,1502867
2017-07-31,198.9908,199.5317,197.5156,198.0663,1051473
2017-08-01,196.4633,196.9501,192.1853,193.7883,2176468
2017-08-02,197.6336,198.4204,195.7651,197.6041,1326943
2017-08-03,189.7562,196.2175,189.1563,195.6077,2570424
2017-08-04,196.4633,196.9501,192.1853,193.7883,2176468
2017-08-07,193.9064,194.5653,192.7656,194.5653,957775
2017-08-08,195.5782,195.7159,193.1884,193.3753,1150010
2017-08-09,192.9819,194.6144,192.9819,194.5653,1093335
2017-08-10,194.4177,195.7195,194.0342,194.939,1254359
2017-08-11,195.1258,197.791,194.2801,197.0435,1251199
2017-08-14,198.1548,198.9513,197.2697,198.4302,1558912
2017-08-15,198.5974,199.5366,198.0762,198.145,992142
2017-08-16,198.6269,199.3153,197.4959,198.0565,1090283
2017-08-17,197.8008,198.9219,196.0109,196.0109,985933
2017-08-18,196.2568,196.2568,193.4343,194.4177,989225
2017-08-21,194.8111,195.9519,193.4736,195.8732,659764
2017-08-22,195.8536,197.5648,195.5487,197.0435,855489
2017-08-23,196.2863,196.8272,194.0342,194.3096,1158730
2017-08-24,195.3914,195.3914,193.5818,194.5849,814613
2017-08-25,194.8111,195.4946,194.4177,195.2832,789306
2017-08-28,195.8732,196.5125,195.3323,195.7552,457529
2017-08-29,194.8308,196.0798,194.8013,195.6077,805037
2017-08-30,195.2143,195.5782,194.1129,194.6243,813853
2017-08-31,194.998,196.3846,194.2801,196.1388,1150999
2017-09-01,196.1388,196.5617,194.2899,195.8536,757084
2017-09-05,195.1062,197.0927,195.0275,196.7583,896570
2017-09-06,197.2501,197.673,195.8536,195.9323,772529
2017-09-07,195.8829,198.1827,195.8829,196.9884,968319
2017-09-08,197.3635,201.6473,196.8798,201.065,1202165
2017-09-11,202.1409,202.21,200.2161,201.2328,1614296
2017-09-12,200.8182,201.1538,198.8046,199.5844,1129041
2017-09-13,199.0316,199.7818,193.277,194.0766,1952236
2017-09-14,193.7508,195.3449,192.9908,195.0439,1408527
2017-09-15,194.955,195.6756,192.5565,192.8131,1579400
2017-09-18,193.3856,194.3825,192.9316,193.0796,1060466
2017-09-19,193.2277,194.0568,190.1974,190.5034,1412455
2017-09-20,190.612,191.8853,190.1579,191.4904,1109261
2017-09-21,191.2832,191.3819,189.0524,189.082,1061757
2017-09-22,190.0098,190.7205,189.1215,190.5626,1056748
2017-09-25,190.4145,191.1154,189.5509,190.7008,1198324
2017-09-26,191.5497,192.0333,190.4836,191.8063,991200
2017-09-27,192.0136,192.1567,190.0987,191.5398,864704
2017-09-28,191.8359,192.8625,190.1678,191.0956,948663
2017-09-29,190.4935,193.4547,190.4935,193.4152,1102653
2017-10-02,194.3628,195.2808,192.7736,193.7508,1066087
2017-10-03,193.662,194.2444,190.5527,191.2239,1051670
2017-10-04,191.2239,192.6058,191.1647,192.4775,889275
2017-10-05,192.4775,194.6984,191.678,194.6984,1244423
2017-10-06,194.6984,195.6065,194.0272,195.5177,1132897
2017-10-09,194.9748,195.1327,193.8693,194.5898,1068865
2017-10-10,194.422,194.96,193.1882,193.7508,1061161
2017-10-11,193.7311,195.0932,193.6472,194.955,774516
2017-10-12,194.2246,196.3172,194.2246,196.258,754867
2017-10-13,196.1099,198.8638,194.8859,198.8243,1340057
2017-10-16,198.3407,198.8145,197.5905,198.2222,1078292
2017-10-17,198.2518,200.6504,197.4918,200.4431,956454
2017-10-18,200.453,205.0428,200.1076,205.033,2149551
2017-10-19,204.6776,206.7899,204.0262,206.6517,1066612
2017-10-20,207.2835,209.7906,207.0066,209.0898,1249552
2017-10-23,209.3168,211.9424,207.7474,208.3001,1004910
2017-10-24,208.843,208.843,207.0959,208.2409,953737
2017-10-25,208.1817,208.922,207.2637,207.3328,970657
2017-10-26,208.7542,208.8134,206.7603,207.1255,1936360
2017-10-27,207.3822,208.4581,206.5234,207.3822,1571834
2017-10-30,207.017,207.4414,205.1021,205.9509,1112519
2017-10-31,205.8029,206.8393,205.3093,205.9707,1323983
2017-11-01,204.8454,207.3822,201.3512,205.3686,2077033
2017-11-02,212.1596,221.8229,207.2835,221.1221,2706465
2017-11-03,215.5945,221.9809,214.6865,221.5071,1405516
2017-11-06,221.7538,222.3165,219.1776,219.3257,992754
2017-11-07,219.8685,220.2239,216.8777,218.4077,2236386
2017-11-08,218.5656,219.449,217.4206,218.5656,1224973
2017-11-09,218.1116,221.6749,217.6723,221.5762,988351
2017-11-10,220.7865,221.3985,214.7457,216.3941,1773109
2017-11-13,215.8413,217.8549,214.6865,217.1541,867167
2017-11-14,216.2065,218.2892,215.8709,217.6082,868931
2017-11-15,217.2331,217.5884,215.9992,216.2658,811592
2017-11-16,216.9764,218.7235,216.3052,218.6544,897724
2017-11-17,217.9142,218.5557,217.0751,217.4601,719688
2017-11-20,218.2892,219.4342,217.6279,218.6347,807948
2017-11-21,220.3917,224.5571,219.6464,223.8958,1476576
2017-11-22,223.3035,223.3035,220.0758,221.3294,1161293
2017-11-24,222.0894,223.4713,221.3294,223.3529,374011
2017-11-27,223.3726,224.8927,221.9414,222.4843,1044347
2017-11-28,223.4417,224.3893,221.9809,224.2116,1133687
2017-11-29,224.1721,224.8532,222.2177,223.9451,931595
2017-11-30,224.0636,225.8403,221.8427,225.2579,2090852
2017-12-01,225.3171,226.7138,221.6156,223.4022,1566682
2017-12-04,224.9914,225.5836,216.0387,216.0881,1695385
2017-12-05,216.098,217.8944,215.6835,216.2361,963727
2017-12-06,215.5748,217.5736,215.1806,216.0881,1306940
2017-12-07,216.3159,217.2667,214.8104,215.7315,1351579
2017-12-08,216.4744,218.3364,215.3651,217.5837,1159994
2017-12-11,217.4351,218.5543,215.4245,216.2268,1149193
2017-12-12,217.1578,218.7821,216.5833,216.9003,1296617
2017-12-13,216.6725,218.5048,216.306,216.8508,994178
2017-12-14,217.8412,218.4454,216.3654,216.6824,1368691
2017-12-15,218.5147,219.9806,216.5932,219.3467,2197020
2017-12-18,219.6438,220.565,218.5543,219.6141,1124294
2017-12-19,219.9856,220.7631,218.3266,219.2179,983763
2017-12-20,219.5052,220.0796,216.7715,216.9003,888554
2017-12-21,218.0492,218.5147,215.4542,215.7018,656559
2017-12-22,215.5235,216.5734,214.8005,215.1571,1339894
2017-12-26,215.6127,215.7117,214.3449,214.9491,469912
2017-12-27,215.058,215.7018,214.434,215.2462,641283
2017-12-28,215.2462,216.7913,212.1362,212.2748,2213980
2017-12-29,214.3053,216.1673,211.9084,212.0173,1649421
2018-01-02,213.0375,217.9403,213.0375,215.7613,2689274
2018-01-03,217.3361,219.1684,216.6923,217.8907,1749103
2018-01-04,217.2469,219.6537,217.1182,218.8812,1332304
2018-01-05,220.248,221.4168,219.1486,219.9608,1424748
2018-01-08,219.9113,220.5551,218.1582,219.2873,1736643
2018-01-09,220.2183,224.6853,219.4854,224.2594,1387268
2018-01-10,223.8434,223.9325,220.7135,222.4171,1275268
2018-01-11,222.4171,223.784,219.7429,223.6651,1554993
2018-01-12,224.606,225.6064,221.803,225.5371,1870458
2018-01-16,225.8045,227.9241,224.4575,226.3591,1746180
2018-01-17,228.0825,229.172,224.5813,229.1621,1666027
2018-01-18,228.9046,230.1328,226.9138,229.905,1104769
2018-01-19,232.2623,232.4604,230.3309,232.2722,1468532
2018-01-22,231.8364,234.4809,231.0341,234.4512,1324309
2018-01-23,233.7777,234.5998,232.1038,232.4703,1205194
2018-01-24,233.8767,237.1155,232.8367,236.3628,1029260
2018-01-25,237.3631,242.0084,236.9768,240.0374,1498604
2018-01-26,241.9688,243.9695,238.0168,243.9299,1601293
2018-01-29,243.9497,246.0185,241.9589,242.5927,1286997
2018-01-30,240.7802,242.3451,238.8191,241.1764,1243380
2018-01-31,241.4438,242.4937,239.344,240.6217,1524867
2018-02-01,238.7795,241.1863,237.9079,239.2153,1117976
2018-02-02,238.2644,239.1261,234.4314,234.8474,1346496
2018-02-05,235.4813,235.4912,222.6746,222.6746,1840676
2018-02-06,214.9293,232.2028,212.9484,225.3489,3057432
2018-02-07,225.755,225.755,218.8218,219.8023,2612475
2018-02-08,219.7726,220.4659,209.2242,209.4223,3003676
2018-02-09,210.5613,216.7319,207.9069,215.0679,2030319
2018-02-12,217.0786,218.1483,215.583,216.8012,2318086
2018-02-13,214.9194,214.9194,211.3339,213.3445,1830064
2018-02-14,212.3739,218.3562,211.9876,217.8511,1322920
2018-02-15,219.5349,221.0206,216.7616,220.3867,982991
2018-02-16,219.5448,222.7044,219.1684,220.7433,981599
2018-02-20,221.1394,221.1394,216.6329,217.7224,1120081
2018-02-21,218.0195,221.2187,216.5833,216.613,1033473
2018-02-22,217.7323,219.3071,215.6424,216.2367,793230
2018-02-23,217.3262,218.2869,215.4047,218.2374,729187
2018-02-26,219.4755,223.1204,219.01,222.8826,1205803
2018-02-27,223.4571,226.166,222.9024,222.9024,1319277
2018-02-28,223.16,225.7253,219.7825,219.9014,1304853
2018-03-01,219.4854,219.6934,213.4089,216.0386,1542365
2018-03-02,214.5529,216.6428,214.127,215.5731,1014101
2018-03-05,214.9293,216.3258,213.2059,215.1967,1777742
2018-03-06,215.8405,217.3262,213.2059,214.8896,1461847
2018-03-07,213.5822,217.4054,213.5426,217.0092,1012316
2018-03-08,217.5757,222.6245,217.5658,222.068,1131152
2018-03-09,223.0817,225.8496,221.1239,224.7315,1461864
2018-03-12,226.103,226.4012,223.8569,224.1153,1063089
2018-03-13,225.5862,225.6856,222.227,222.4754,955712
2018-03-14,223.1811,223.5488,220.8057,222.1475,1314467
2018-03-15,222.5947,224.6321,221.5909,222.7736,895359
2018-03-16,223.0121,223.6184,221.8294,221.899,1451411
2018-03-19,221.8394,222.1773,216.7309,218.182,1161893
2018-03-20,218.8975,219.7274,217.6055,218.5497,716451
2018-03-21,219.0466,219.305,216.5719,217.1583,754032
2018-03-22,216.1147,217.9633,211.8411,211.9405,1019208
2018-03-23,212.8251,213.8885,209.0981,209.3068,1762589
2018-03-26,211.6622,214.2761,209.7838,213.9282,1149321
2018-03-27,214.4848,215.6675,210.4199,211.7119,1361799
2018-03-28,212.4971,213.5506,210.4994,211.1256,961944
2018-03-29,211.7219,217.7844,210.7181,215.3693,1443004
2018-04-02,214.6637,215.2401,208.9192,211.9902,1498022
2018-04-03,212.5667,215.6774,210.5392,215.4886,1462957
2018-04-04,213.2027,217.7546,212.0498,217.4366,1583640
2018-04-05,218.4702,219.2355,216.721,218.7783,1043375
2018-04-06,217.2179,218.4205,210.9019,214.1767,1320605
2018-04-09,214.8923,218.9274,214.3655,216.065,1178147
2018-04-10,220.1001,225.2533,219.8318,222.2767,1701052
2018-04-11,220.7958,221.9288,219.6926,220.7461,867328
2018-04-12,222.4556,223.2606,221.2132,222.0779,929850
2018-04-13,223.1612,225.0595,222.2667,223.9861,962181
2018-04-16,225.4669,229.8797,224.8408,228.1603,1176843
2018-04-17,229.512,232.5631,227.9814,231.9966,1109860
2018-04-18,232.4836,233.557,231.2214,232.9507,754383
2018-04-19,232.9606,234.6751,232.3743,233.7955,1043562
2018-04-20,234.3719,234.4216,230.6276,231.45,1002420
2018-04-23,232.424,232.5631,230.3965,231.5891,748398
2018-04-24,232.3246,233.4278,227.3155,229.4623,1044085
2018-04-25,228.5976,229.4722,226.3217,228.0808,1122352
2018-04-26,228.7964,231.7581,227.9317,231.4599,888132
2018-04-27,231.4202,233.1495,230.1878,232.8215,937598
2018-04-30,233.8054,234.5011,230.3965,230.4462,1354546
2018-05-01,229.3529,232.3643,229.2585,232.2749,1010002
2018-05-02,231.3904,232.6625,228.7765,228.7765,1408214
2018-05-03,228.9753,228.9753,220.9946,225.7353,1685889
2018-05-04,224.652,225.4968,221.5015,223.2805,1442574
2018-05-07,223.6879,225.4073,223.2109,223.7973,998931
2018-05-08,223.0717,223.6184,218.4503,219.9908,1466975
2018-05-09,221.094,223.0618,217.3869,222.0183,1039197
2018-05-10,222.6345,224.8607,221.7201,224.1054,962061
2018-05-11,224.4731,225.298,222.1972,223.8569,931194
2018-05-14,224.1252,226.421,223.9662,225.785,1081968
2018-05-15,224.5924,225.9937,222.1972,223.3699,1289712
2018-05-16,223.0817,224.5824,222.2965,223.4892,1200752
2018-05-17,223.6681,224.1749,221.9586,222.8432,1221463
2018-05-18,222.5251,223.9861,221.8095,223.6283,1011008
2018-05-21,224.4333,227.7528,223.9364,227.3553,1308601
2018-05-22,229.0846,229.0846,223.4494,224.1551,1179089
2018-05-23,222.863,225.6856,222.863,224.8607,1415089
2018-05-24,225.139,225.9639,223.7178,224.2147,1014228
2018-05-25,223.7277,224.4135,221.7698,222.3562,1027711
2018-05-29,220.607,220.607,217.2577,218.5596,1380740
2018-05-30,220.0902,222.4655,218.8081,222.1475,1205451
2018-05-31,222.0878,223.4295,219.7224,220.2293,3019237
2018-06-01,221.9487,223.8668,221.6654,223.5587,966659
2018-06-04,224.6321,227.4199,223.6581,226.9279,896904
2018-06-05,227.1267,227.4944,225.6359,226.3217,1000254
2018-06-06,226.6298,230.7245,225.8347,230.1878,1031010
2018-06-07,230.8857,231.075,227.1466,229.1209,908156
2018-06-08,229.4299,231.2546,228.1786,231.1649,713813
2018-06-11,231.135,233.5275,229.7989,231.8928,1204227
2018-06-12,232.0523,233.7872,231.823,232.9596,1006818
2018-06-13,233.3186,234.5051,231.3144,231.5837,694718
2018-06-14,232.6505,232.9696,230.786,232.142,785104
2018-06-15,231.7332,232.2916,230.6963,231.4839,1543152
2018-06-18,229.5895,230.9555,226.3988,230.4171,1039815
2018-06-19,228.9713,229.5646,227.9343,229.3502,1151685
2018-06-20,229.1009,230.8159,229.0112,229.4499,736959
2018-06-21,232.3115,234.874,230.2376,232.5608,1188915
2018-06-22,233.4382,238.4636,232.9696,236.9081,3608616
2018-06-25,237.0178,237.0178,232.2716,234.0664,1028796
2018-06-26,234.0664,240.4976,234.0664,238.8026,1930337
2018-06-27,239.0917,241.6343,236.0107,236.0107,1644864
2018-06-28,235.6717,239.5404,234.3356,239.002,1242423
2018-06-29,238.7228,241.9334,238.6231,238.8624,1271404
2018-07-02,236.7585,238.5284,234.6447,238.2043,807722
2018-07-03,238.9123,240.5375,237.636,239.7797,679790
2018-07-05,240.4278,241.8935,239.6102,241.4748,955369
2018-07-06,241.9733,244.2267,241.1657,242.1528,817327
2018-07-09,243.439,244.825,243.0103,243.9476,925149
2018-07-10,244.2866,245.0244,242.9505,243.8379,1020693
2018-07-11,242.5716,244.82,241.5645,243.9176,971657
2018-07-12,244.7652,246.4203,244.0373,246.0215,636192
2018-07-13,246.9887,247.1482,245.7423,246.3804,517286
2018-07-16,245.842,246.2708,243.9575,244.4162,601505
2018-07-17,244.6355,247.6667,243.9874,247.0286,726478
2018-07-18,247.0286,247.8462,244.9147,245.4332,602534
2018-07-19,245.3335,247.8212,244.0473,246.2608,1009049
2018-07-20,245.2936,247.6268,245.2936,246.3106,714820
2018-07-23,245.7423,247.9039,245.3834,247.4872,465014
2018-07-24,247.8362,249.2022,246.4901,247.7564,830356
2018-07-25,245.9417,250.8075,245.2836,250.4286,793295
2018-07-26,250.8673,252.004,248.3191,250.638,961945
2018-07-27,250.3489,251.3659,248.0855,249.4714,1108461
2018-07-30,249.1025,249.9002,245.4232,246.54,1100381
2018-07-31,247.5072,250.2392,246.4502,249.6409,1215246
2018-08-01,249.3219,251.7547,248.5042,249.272,1309511
2018-08-02,245.2039,246.3406,239.1017,244.3863,1962175
2018-08-03,245.9118,247.7365,244.0273,246.4004,1055299
2018-08-06,246.5001,248.1852,245.842,247.5969,947409
2018-08-07,247.5072,248.0556,246.4502,247.2579,757845
2018-08-08,248.255,251.4357,247.6368,250.6679,1192939
2018-08-09,251.9243,253.031,250.4486,250.7676,720335
2018-08-10,249.8005,251.0468,247.9459,248.604,1345504
2018-08-13,248.7934,250.3189,246.879,247.5072,739436
2018-08-14,247.567,250.5941,247.0086,249.6708,624283
2018-08-15,249.0925,250.997,247.6966,250.299,832565
2018-08-16,251.1465,252.682,250.0398,251.8943,466644
2018-08-17,252.5225,253.1557,250.7277,252.3829,528086
2018-08-20,253.2604,253.6093,251.7049,252.0738,531062
2018-08-21,253.2504,254.2475,250.5882,250.6181,845115
2018-08-22,249.8802,252.6621,248.3148,252.1237,491588
2018-08-23,252.9313,253.9184,252.004,253.1008,482181
2018-08-24,253.2604,255.055,253.1118,254.6563,447745
2018-08-27,255.6633,256.1718,253.9184,255.5537,474148
2018-08-28,256.122,257.2387,255.6185,256.8997,648532
2018-08-29,256.7502,259.2329,256.7502,258.5948,905434
2018-08-30,258.1461,260.3546,258.1461,259.5619,780649
2018-08-31,259.0036,261.9051,259.0036,261.1074,887560
2018-09-04,261.3766,262.6031,260.6687,261.1673,1139637
2018-09-05,260.2101,260.7684,255.8927,256.8299,935841
2018-09-06,257.89,258.04,254.65,255.66,1375362
2018-09-07,254.5,255.99,253.77,254.37,1063035
2018-09-10,255.72,256.61,254.52,254.57,805475
2018-09-11,253.76,256.06,253.21,255.18,1079881
2018-09-12,255.68,258.97,255.25,258.35,1302566
2018-09-13,259.57,261.7,259.25,261.0,893254
