date,open,high,low,close,volume
2013-09-16,39.0538,39.8792,38.9573,39.6333,10213799
2013-09-17,39.5894,39.9231,39.5806,39.8616,5845679
2013-09-18,39.9319,40.9503,39.8704,40.845,10418340
2013-09-19,40.8362,41.7757,40.7221,41.7318,10868531
2013-09-20,41.7581,41.7845,40.9767,41.0733,9958643
2013-09-23,40.924,40.9328,40.3709,40.8713,5768800
2013-09-24,40.7045,41.3718,40.6167,41.1084,7171780
2013-09-25,41.0469,41.1698,40.7484,40.924,6791612
2013-09-26,40.924,41.3454,40.845,41.205,4145250
2013-09-27,40.9064,41.0206,40.3015,40.564,8511697
2013-09-30,40.1338,40.8625,40.125,40.6343,11381225
2013-10-01,40.7835,41.4947,40.7572,41.4771,7911822
2013-10-02,41.4418,41.7867,41.0437,41.5125,6041560
2013-10-03,41.3798,41.5125,40.8137,41.1852,5362111
2013-10-04,41.2914,42.061,40.9818,42.0344,6265246
2013-10-07,41.7602,41.9902,41.5833,41.5921,4908624
2013-10-08,41.5125,41.6098,41.1941,41.2206,6400298
2013-10-09,41.3002,41.3975,40.8314,41.0526,5338799
2013-10-10,41.4418,42.3706,41.3887,42.3175,6864811
2013-10-11,42.3529,42.3529,41.8929,42.176,5153754
2013-10-14,41.9017,42.4015,41.731,42.1671,6001730
2013-10-15,42.0344,42.4059,41.8885,41.9194,4995044
2013-10-16,42.3263,43.233,42.1936,43.1667,7066026
2013-10-17,42.9721,44.0335,42.9101,43.9362,7330084
2013-10-18,44.1485,44.1485,43.494,43.9805,6559114
2013-10-21,43.9362,43.9362,43.1224,43.5824,4534448
2013-10-22,43.5647,44.1574,43.5293,43.9893,7794910
2013-10-23,44.0689,44.0866,43.0605,43.3082,5408554
2013-10-24,43.6797,43.9628,43.4895,43.6709,5637149
2013-10-25,43.547,43.6532,42.9278,43.1401,5949791
2013-10-28,44.5466,46.3113,44.5024,46.015,27904687
2013-10-29,46.0061,47.4833,45.9088,47.1649,13573186
2013-10-30,47.4037,47.4037,46.5545,46.9968,6748304
2013-10-31,46.9614,47.0057,46.4395,46.4572,6515891
2013-11-01,46.5545,47.0587,46.3113,46.4219,7328589
2013-11-04,46.6253,47.0057,46.5921,46.9172,9217168
2013-11-05,46.9614,46.9703,46.1078,46.4572,7995887
2013-11-06,46.7668,46.7845,45.9177,46.0326,5466029
2013-11-07,46.0946,46.2096,45.1215,45.3781,6433957
2013-11-08,45.3958,46.3688,45.3427,46.3069,7655082
2013-11-11,46.3334,47.0941,46.3069,46.5103,5688168
2013-11-12,46.3511,46.7491,46.015,46.4749,5878813
2013-11-13,46.0769,46.2626,45.6434,45.8734,12097455
2013-11-14,46.1742,47.0057,46.1034,46.6518,10478499
2013-11-15,46.6695,46.8818,46.1211,46.3688,9196772
2013-11-18,46.5457,46.5988,45.785,45.8734,5572052
2013-11-19,45.9088,46.0857,45.4665,45.9796,5163158
2013-11-20,45.8115,46.0769,45.3869,45.8115,6255483
2013-11-21,45.9973,46.3157,45.7938,46.3069,5911298
2013-11-22,46.4042,47.3595,46.1653,47.2445,8475598
2013-11-25,47.2268,47.4214,46.6342,46.7491,5835089
2013-11-26,46.6784,46.7668,45.4223,45.8911,10806621
2013-11-27,46.1476,46.3069,45.5284,45.7054,5428654
2013-11-29,45.953,46.068,45.4135,45.4488,3020658
2013-12-02,45.3692,45.9973,45.3073,45.5373,5884759
2013-12-03,45.44,45.639,44.9446,45.0773,4933910
2013-12-04,44.8031,45.5859,44.6881,45.1835,8181552
2013-12-05,45.0773,45.6434,44.7943,44.9358,5443433
2013-12-06,45.2896,45.3869,44.4227,44.8296,8421284
2013-12-09,44.75,45.9973,44.6793,45.2985,7682074
2013-12-10,45.1039,45.4046,44.9269,45.3162,6119807
2013-12-11,45.21,45.21,44.5731,44.8031,6774277
2013-12-12,44.7058,44.9269,44.3254,44.7146,6328219
2013-12-13,44.8562,44.9977,44.3254,44.8739,5361707
2013-12-16,44.9269,45.2542,44.4979,45.0066,5557656
2013-12-17,45.1127,45.3958,44.5731,45.2012,6398884
2013-12-18,45.3692,46.6165,44.8739,46.5192,8875347
2013-12-19,47.2976,48.1998,46.8111,47.6249,11879055
2013-12-20,47.7664,48.1025,47.0035,47.2091,11075263
2013-12-23,47.2533,47.3993,46.8995,47.1737,5004133
2013-12-24,46.9614,47.1384,46.5457,47.0587,2533888
2013-12-26,47.041,47.4303,46.8641,47.4126,2644610
2013-12-27,47.4656,47.5895,46.9526,47.0145,3658583
2013-12-30,46.9084,47.3064,46.4926,47.2533,4418217
2013-12-31,47.2444,47.5428,46.8348,47.3335,3994897
2014-01-02,46.7724,47.3424,46.434,46.5498,5654293
2014-01-03,46.6745,47.3602,46.6389,47.0663,4485149
2014-01-06,47.2622,47.289,46.6923,46.8793,7741888
2014-01-07,46.8437,47.6096,46.7546,46.8081,8966522
2014-01-08,46.7368,47.5918,46.577,47.5739,6442449
2014-01-09,47.8144,49.0612,47.7699,49.0078,10360412
2014-01-10,49.7113,50.121,49.3506,50.0319,14494885
2014-01-13,49.836,50.6108,49.2527,49.3551,12153604
2014-01-14,49.4174,49.8538,48.8296,49.5866,10012169
2014-01-15,49.6044,49.6222,48.3532,48.5358,10144475
2014-01-16,48.3131,49.0434,48.2152,48.8029,9356029
2014-01-17,48.9098,49.0434,48.322,48.4111,8919343
2014-01-21,48.4734,49.1413,48.2864,48.6159,7880020
2014-01-22,48.7495,49.1414,48.6159,48.8118,6549233
2014-01-23,48.3665,48.3665,46.9416,48.0459,14128034
2014-01-24,48.6248,49.3996,44.8043,45.3653,29327432
2014-01-27,45.49,45.4989,44.0384,44.2789,19695610
2014-01-28,44.457,45.8641,44.4481,45.4811,13142634
2014-01-29,45.1694,45.6236,44.3946,44.7241,11328848
2014-01-30,45.0715,45.4678,44.6796,44.9646,7533737
2014-01-31,44.5638,44.9468,44.3145,44.5015,7726354
2014-02-03,44.644,44.7865,43.2235,43.317,10149923
2014-02-04,43.4417,43.9783,43.2013,43.5842,7643511
2014-02-05,43.2636,43.6377,42.3196,43.228,12446914
2014-02-06,43.4684,43.7935,43.2814,43.6198,8136709
2014-02-07,43.6198,44.8577,43.602,44.8221,8585289
2014-02-10,45.3297,46.4607,45.0804,46.4162,11142205
2014-02-11,46.0066,47.1821,45.7572,46.8615,10613858
2014-02-12,46.8615,47.4938,46.7903,47.0663,8110369
2014-02-13,46.8437,47.6452,46.7635,47.6363,6074717
2014-02-14,47.565,48.5046,47.5561,48.42,8241355
2014-02-18,48.3042,48.9454,48.2775,48.6515,7657774
2014-02-19,48.2953,48.6426,47.5739,47.6096,8402458
2014-02-20,47.7699,48.0014,47.5918,47.9569,12437806
2014-02-21,47.565,48.5981,47.5383,48.2152,7107321
2014-02-24,48.3042,48.7762,48.2953,48.3665,6620924
2014-02-25,48.3844,48.5625,47.761,47.8055,7250352
2014-02-26,47.7699,48.1261,47.6033,47.7075,5898011
2014-02-27,47.6986,48.1795,47.6452,48.0459,6487365
2014-02-28,48.0103,48.9098,47.5561,47.8856,7803059
2014-03-03,47.3513,47.801,47.1198,47.6363,5198518
2014-03-04,48.0727,50.5306,48.0727,50.2456,11926668
2014-03-05,50.0675,50.8156,49.4441,50.4148,8941337
2014-03-06,50.2545,51.1985,49.4619,49.4798,8018589
2014-03-07,49.6311,49.7915,48.8653,49.7202,5138372
2014-03-10,49.7647,50.0096,49.1681,49.9963,4327398
2014-03-11,49.8627,50.1477,49.6311,49.7202,4736074
2014-03-12,49.2393,49.2927,48.8653,49.1948,7812574
2014-03-13,49.266,49.4441,48.2018,48.2508,8184573
2014-03-14,48.233,48.4823,47.9836,48.0905,8054511
2014-03-17,48.5179,48.892,48.2508,48.7317,7305584
2014-03-18,48.6961,48.9187,48.3398,48.7406,5307022
2014-03-19,48.892,49.3996,48.5981,48.7495,6697992
2014-03-20,48.607,48.607,47.6452,47.8945,10382325
2014-03-21,48.3665,48.9543,46.3628,46.3628,17016749
2014-03-24,46.4964,46.5231,44.6707,45.4544,19823853
2014-03-25,45.8106,45.9264,45.0447,45.4544,8380682
2014-03-26,45.6592,47.1376,45.6325,46.8971,16144660
2014-03-27,46.8081,46.817,45.873,46.6032,8062269
2014-03-28,46.9416,47.2177,45.8373,46.149,6318789
2014-03-31,46.4429,46.5765,46.0404,46.2648,6768949
2014-04-01,46.5142,46.6567,45.6236,46.1936,7331608
2014-04-02,46.2474,46.5523,46.1039,46.2653,7908078
2014-04-03,46.2294,46.4536,45.4627,45.6196,7858350
2014-04-04,45.9873,46.3729,44.7408,44.7408,8436223
2014-04-07,44.6331,45.6375,44.6331,45.0905,7987701
2014-04-08,45.5299,45.5299,43.9516,43.9964,11008381
2014-04-09,44.2116,45.3954,43.9919,45.3506,9247005
2014-04-10,44.9739,45.3416,43.9516,44.2027,9566962
2014-04-11,44.0144,44.373,43.7184,43.7902,8079440
2014-04-14,44.2027,44.2027,42.5257,43.01,10249403
2014-04-15,43.3014,43.4763,42.5817,43.1983,13265208
2014-04-16,43.4225,44.1303,43.4135,44.0413,7649940
2014-04-17,43.9785,44.5524,43.8978,44.3551,6670783
2014-04-21,44.5345,45.3775,44.4628,45.2968,5414774
2014-04-22,45.2609,46.1756,45.1264,45.7272,7609576
2014-04-23,45.8797,45.8797,45.4582,45.6914,6524171
2014-04-24,45.7631,45.7631,45.1174,45.4761,5499974
2014-04-25,45.3551,45.6286,45.1174,45.2878,5581579
2014-04-28,45.6375,45.9335,44.3013,45.1622,7700934
2014-04-29,43.548,44.7049,43.279,44.2296,12550715
2014-04-30,44.3372,45.2161,44.2296,44.9201,10277022
2014-05-01,44.7946,44.7946,43.8171,44.4089,8886440
2014-05-02,44.391,44.7049,44.1937,44.66,8288267
2014-05-05,44.4358,44.9022,44.0907,44.8663,5823046
2014-05-06,44.8215,45.9514,44.5883,45.6734,10593247
2014-05-07,45.5568,45.7452,44.8753,45.5299,9114319
2014-05-08,45.3506,45.79,45.0636,45.503,7817150
2014-05-09,45.6465,46.0859,45.1084,45.8976,6987174
2014-05-12,46.2025,46.911,46.0501,46.6419,8001229
2014-05-13,46.6419,47.0724,46.5074,46.8034,4637006
2014-05-14,46.8482,46.9827,46.4087,46.7406,6297392
2014-05-15,44.4,44.7408,43.1355,43.8798,28558998
2014-05-16,43.9964,44.104,43.566,43.7453,11151358
2014-05-19,43.6018,44.3462,43.5301,44.2475,7059619
2014-05-20,44.0592,44.2386,43.4673,43.7274,7341730
2014-05-21,43.8709,44.0771,43.6556,43.6825,5162362
2014-05-22,43.566,44.1578,43.4314,43.7633,8124177
2014-05-23,43.7812,44.0233,43.557,43.7543,4340353
2014-05-27,43.844,44.0682,43.6467,43.844,5884619
2014-05-28,43.844,43.9426,43.4763,43.6108,4867837
2014-05-29,44.1668,44.5524,43.7274,44.4089,6092998
2014-05-30,44.4448,44.8327,44.2542,44.6062,8678886
2014-06-02,44.7497,44.8394,43.3776,44.0233,11302604
2014-06-03,43.9067,44.1534,43.6736,43.9247,5809010
2014-06-04,43.6646,43.7453,42.2028,42.6154,23032266
2014-06-05,42.6243,42.7678,41.5213,42.3374,16331115
2014-06-06,42.5078,42.5885,42.0504,42.3732,7643375
2014-06-09,42.427,42.4629,41.7096,41.7814,11932197
2014-06-10,41.7365,42.2656,41.7006,42.0683,8838920
2014-06-11,41.9786,42.6109,41.8531,42.1132,9221869
2014-06-12,41.9697,42.5526,41.889,42.0414,7207600
2014-06-13,42.0414,42.4808,41.9338,42.2297,6284994
2014-06-16,42.3015,42.6468,42.0011,42.3912,8530382
2014-06-17,42.3553,42.723,42.2477,42.5616,7927757
2014-06-18,42.6333,43.1669,42.5078,43.0996,9095160
2014-06-19,43.1893,43.4359,42.723,42.9023,7364272
2014-06-20,42.7499,43.0548,42.5885,42.8575,15352444
2014-06-23,43.0279,43.0996,42.6333,43.0458,6592275
2014-06-24,42.8127,43.4404,42.723,43.3149,10705969
2014-06-25,44.1847,44.8304,44.0413,44.5973,16412163
2014-06-26,44.6511,44.7587,44.1399,44.4358,7884536
2014-06-27,44.4358,44.66,43.861,43.9875,13492257
2014-06-30,44.0951,44.2116,43.3687,43.5032,9553337
2014-07-01,43.8284,43.8375,43.3225,43.4761,8836415
2014-07-02,43.0695,43.7019,43.0424,43.5845,7527715
2014-07-03,43.7291,43.9278,43.4761,43.7652,3204129
2014-07-07,43.8013,43.8917,43.2231,43.3767,4919554
2014-07-08,43.1599,43.2683,42.7714,43.2412,6872546
2014-07-09,43.2412,43.3044,42.9611,43.2954,5019084
2014-07-10,43.0424,44.0995,42.9611,43.8284,7811809
2014-07-11,43.7291,44.0001,43.6116,43.9278,3759372
2014-07-14,44.0543,44.4699,43.7833,44.3434,6139333
2014-07-15,44.3254,44.5783,43.8555,44.0091,8278914
2014-07-16,44.1447,44.3525,43.7381,44.0905,6084017
2014-07-17,43.8194,44.4383,43.6161,44.3796,7450127
2014-07-18,43.8194,44.4383,43.6161,44.3796,7450147
2014-07-21,44.1447,44.4699,44.0814,44.1989,7534727
2014-07-22,44.3705,44.7861,44.3344,44.3796,5015923
2014-07-23,44.4157,44.7139,44.2711,44.5603,6281228
2014-07-24,44.235,45.0753,43.8736,44.6868,8752157
2014-07-25,44.5783,44.7048,44.2892,44.6235,5872244
2014-07-28,44.6235,45.0933,44.3434,44.9939,6378347
2014-07-29,45.1024,46.3853,45.021,46.0872,12662179
2014-07-30,46.2679,46.3492,45.789,46.1866,9151941
2014-07-31,45.7348,46.2046,45.6174,45.7348,8217512
2014-08-01,45.8884,46.051,44.9126,45.003,7957399
2014-08-04,45.012,45.3644,44.881,45.1566,6006606
2014-08-05,44.9307,45.1114,44.3932,44.5964,5605696
2014-08-06,44.4699,45.0798,44.3254,44.7048,5035387
2014-08-07,44.7771,44.8946,43.8284,43.9549,6767710
2014-08-08,44.0633,44.4699,43.8375,44.4428,4408689
2014-08-11,44.741,44.9307,44.2711,44.3525,3613069
2014-08-12,44.2802,44.6235,44.121,44.2531,4565850
2014-08-13,44.5874,44.8629,44.3434,44.4247,5994759
2014-08-14,44.5422,45.1114,44.5061,45.012,5862243
2014-08-15,45.1566,45.3373,44.488,44.8855,5324866
2014-08-18,45.1204,45.2921,44.9668,45.1656,4616955
2014-08-19,45.3192,45.4457,45.021,45.4457,4382866
2014-08-20,45.2379,45.4367,45.0662,45.2108,3569959
2014-08-21,45.1295,45.3915,44.9881,45.1656,3709140
2014-08-22,45.1204,45.4005,45.1024,45.3373,4724778
2014-08-25,45.4005,45.9878,45.256,45.8342,4197322
2014-08-26,45.8523,46.0239,45.6896,45.8703,2970919
2014-08-27,46.033,46.033,45.265,45.4005,4864958
2014-08-28,45.3192,45.7619,45.3192,45.6625,3436344
2014-08-29,45.78,45.789,45.4457,45.7619,4020592
2014-09-02,45.7348,45.8884,45.2831,45.6987,4381788
2014-09-03,45.789,45.8613,45.4367,45.6535,4769836
2014-09-04,45.78,45.789,45.4457,45.6716,4933176
2014-09-05,45.7167,46.2046,45.4818,46.1866,5728931
2014-09-08,46.0872,46.2995,46.0149,46.2498,3469018
2014-09-09,46.304,46.304,45.518,45.6083,4995693
2014-09-10,45.6987,46.3492,45.5451,46.1504,6256934
2014-09-11,46.0781,46.3221,45.5541,45.789,4110516
2014-09-12,45.7529,45.9788,45.2921,45.4096,4021389
2014-09-15,45.3463,45.5089,44.9488,45.1295,3911685
2014-09-16,45.1566,46.2317,44.9036,46.2137,7004495
2014-09-17,46.1594,46.2046,45.6987,45.9697,5208416
2014-09-18,46.1233,46.4666,46.0059,46.1866,4917885
2014-09-19,46.4757,46.7738,46.4215,46.5389,7082766
2014-09-22,46.5299,46.8009,46.4847,46.6835,4684921
2014-09-23,46.3311,46.6564,45.9245,46.3401,4113327
2014-09-24,46.3944,47.081,46.3763,46.9455,7454062
2014-09-25,46.9093,46.9726,46.5028,46.6383,6014078
2014-09-26,46.7829,46.8461,45.7529,46.1685,5708805
2014-09-29,45.8974,47.1352,45.8071,46.7196,6322404
2014-09-30,46.7106,46.9455,46.2046,46.2408,6066989
2014-10-01,46.4136,46.4136,45.7221,45.9769,6095829
2014-10-02,45.9769,46.3136,45.5037,45.6857,5891415
2014-10-03,45.9587,46.3954,45.8586,46.2681,5499341
2014-10-06,46.4682,46.6047,45.986,46.5046,5309756
2014-10-07,46.0952,46.2135,45.2672,45.2854,6974789
2014-10-08,45.4401,45.7221,44.6939,45.6857,6968059
2014-10-09,45.6675,46.0861,45.0124,45.0397,6586641
2014-10-10,45.2854,46.4136,45.2854,45.7494,8427868
2014-10-13,45.713,45.8768,44.5575,44.6666,5052495
2014-10-14,44.9032,45.2035,44.2299,44.512,4967554
2014-10-15,44.0024,44.703,43.2609,44.5484,7472355
2014-10-16,44.4665,45.1762,44.1844,44.7849,7188277
2014-10-17,45.1034,46.2044,44.9578,45.8768,9481484
2014-10-20,45.8404,46.0679,45.5492,46.0042,5871016
2014-10-21,46.4136,47.4145,46.1862,47.2689,6774295
2014-10-22,47.3235,47.5965,47.0142,47.1689,6227175
2014-10-23,47.3144,48.1242,47.3144,47.7694,7491417
2014-10-24,47.824,49.4618,47.7512,48.7976,9029190
2014-10-27,48.834,49.1342,48.3062,48.7066,7450668
2014-10-28,48.934,49.7711,48.9158,49.3162,10166844
2014-10-29,49.2707,49.3107,48.7885,49.2798,6607019
2014-10-30,50.6992,53.711,50.5992,53.6655,28343499
2014-10-31,53.2469,53.5745,52.1551,52.9467,18999067
2014-11-03,53.0559,53.4744,52.1824,52.5918,11951406
2014-11-04,52.519,53.1287,52.4007,52.6282,6774404
2014-11-05,52.7465,53.0832,52.2097,52.61,4629058
2014-11-06,52.4553,53.5108,52.337,53.1923,9610792
2014-11-07,53.0104,53.1378,52.7829,53.065,4590155
2014-11-10,52.9194,53.529,52.519,53.5108,4957221
2014-11-11,53.3925,53.834,53.2378,53.4289,4120506
2014-11-12,53.3925,53.4926,53.0286,53.3288,3837849
2014-11-13,52.974,53.0652,52.2552,52.5918,7531157
2014-11-14,52.3552,52.792,52.1824,52.7283,5014921
2014-11-17,52.5281,53.2924,52.519,53.165,4704120
2014-11-18,53.0468,53.6655,52.9194,53.4107,6699588
2014-11-19,53.3015,53.529,52.974,53.5108,6554502
2014-11-20,53.156,53.4744,53.0377,53.3288,5233733
2014-11-21,54.1113,54.1386,53.3743,53.5017,5924454
2014-11-24,53.6109,53.6837,53.2287,53.5654,3260697
2014-11-25,53.5199,53.5563,52.8557,53.2469,5774757
2014-11-26,53.4016,53.5927,53.1014,53.5563,3746655
2014-11-28,53.8748,54.9848,53.5472,53.7292,7128227
2014-12-01,53.8748,54.9848,53.5472,53.7292,7134592
2014-12-02,53.8475,54.1468,53.57,53.9021,4503345
2014-12-03,53.9203,54.3716,53.6063,53.711,4643955
2014-12-04,53.7383,54.0749,53.3197,53.5836,4427204
2014-12-05,53.6473,55.3806,53.4953,55.185,11459894
2014-12-08,55.3215,55.6855,55.094,55.2032,6698189
2014-12-09,54.4935,54.6027,53.7929,54.5663,4781575
2014-12-10,54.7574,54.8302,53.8566,53.9385,4220641
2014-12-11,54.0113,55.0622,54.0113,54.3024,5559068
2014-12-12,54.1386,54.548,53.4471,53.4562,6515774
2014-12-15,53.5472,53.7474,52.4189,53.2742,6944503
2014-12-16,53.0468,53.6382,52.4735,52.4917,7603903
2014-12-17,52.6555,54.0294,52.4107,53.8566,7136963
2014-12-18,54.5572,55.3124,54.2023,55.3124,6976010
2014-12-19,55.3579,56.0858,55.1395,55.7764,10975053
2014-12-22,55.4307,55.8674,55.0485,55.5581,5572555
2014-12-23,56.2041,56.2041,53.4107,53.8293,8482982
2014-12-24,53.8384,54.1386,53.7929,53.8202,2312092
2014-12-26,54.0203,54.5936,53.984,54.2114,2862680
2014-12-29,54.0113,54.5008,54.0113,54.4207,3589337
2014-12-30,54.3932,54.677,54.1918,54.3749,3458904
2014-12-31,54.2925,55.0616,53.9812,54.0453,4352255
2015-01-02,54.4115,54.8684,54.2879,54.4848,4892115
2015-01-05,54.3474,54.3795,53.1389,53.6333,5936540
2015-01-06,53.8988,54.4756,53.203,53.5418,6040892
2015-01-07,54.1552,54.5122,53.853,54.2376,6278438
2015-01-08,54.7778,55.913,54.7778,55.5926,8405132
2015-01-09,55.7299,55.7757,55.0158,55.2264,3904860
2015-01-12,58.8062,58.9985,56.7462,56.9293,14173796
2015-01-13,57.2772,58.1745,57.0483,57.7899,12833629
2015-01-14,56.8011,57.8174,56.5265,57.6343,5500341
2015-01-15,57.6801,57.9547,56.2884,56.4258,9095572
2015-01-16,56.206,57.1307,56.0778,57.0483,6846810
2015-01-20,57.2681,57.7716,56.7728,57.1765,7138924
2015-01-21,56.9385,57.2406,56.5539,56.7187,4943054
2015-01-22,56.9385,57.2131,56.1877,56.8469,9247516
2015-01-23,56.9018,57.2086,56.5448,56.8286,3741340
2015-01-26,56.6089,57.3596,56.4624,57.1857,4908414
2015-01-27,56.6363,57.6709,55.849,56.7554,7767830
2015-01-28,57.149,57.5427,56.0046,56.1511,6294896
2015-01-29,56.0321,56.1328,55.1806,55.9771,6394609
2015-01-30,55.6384,56.1602,55.089,55.1806,8227058
2015-02-02,55.5834,55.6109,54.2394,55.144,6929521
2015-02-03,55.4827,55.6384,54.1918,54.8052,7309731
2015-02-04,54.4848,54.7045,53.7981,54.2376,7261852
2015-02-05,54.3932,55.2355,54.2742,55.144,3895686
2015-02-06,54.9151,55.1898,54.4207,54.6313,4356576
2015-02-09,54.3108,54.7045,53.6974,53.8805,3965666
2015-02-10,54.1735,54.851,54.1369,54.7778,5403283
2015-02-11,54.5855,54.8968,53.8805,54.3017,4104286
2015-02-12,54.613,54.7137,54.2284,54.4573,4557720
2015-02-13,54.6679,54.9792,54.439,54.97,5163191
2015-02-17,55.0066,55.3454,54.732,55.025,4479440
2015-02-18,54.9883,54.9883,53.8714,54.9426,6787698
2015-02-19,54.613,54.9242,53.9904,54.5214,4252364
2015-02-20,54.3108,55.4415,54.2742,55.4095,6660457
2015-02-23,55.3729,56.2976,55.2447,56.1145,5763639
2015-02-24,55.9863,56.3067,55.5194,56.261,4622759
2015-02-25,56.1877,56.2884,55.5743,56.0504,4937395
2015-02-26,56.0229,56.4029,55.6201,56.2701,3982628
2015-02-27,56.0687,56.3525,55.7299,55.7757,3990307
2015-03-02,55.9588,57.1857,55.8856,57.0392,6553255
2015-03-03,56.9934,56.9934,56.1602,56.6913,4236232
2015-03-04,56.5356,60.3489,56.0138,60.1246,17454450
2015-03-05,60.4176,61.5071,60.1429,60.4725,12553679
2015-03-06,60.619,60.619,59.3922,59.6211,6529096
2015-03-09,59.7401,60.9303,59.5754,60.7563,7412239
2015-03-10,60.2253,60.8845,59.4654,59.9964,6377990
2015-03-11,60.5275,60.7014,59.9049,60.0605,4815980
2015-03-12,60.2345,61.6902,60.1795,61.0219,7556566
2015-03-13,60.8204,61.7635,60.7655,61.2233,5223637
2015-03-16,61.443,62.441,61.4155,62.2853,6416196
2015-03-17,61.9008,62.1114,61.5803,61.9099,5293728
2015-03-18,61.5895,62.8896,61.1409,62.6882,6641962
2015-03-19,62.5966,62.8804,62.3403,62.5508,4078408
2015-03-20,63.1734,63.3565,62.0198,62.0381,10018133
2015-03-23,62.0015,62.3677,61.6078,61.8733,4523257
2015-03-24,61.1775,61.5803,60.0056,60.1429,10532632
2015-03-25,60.1521,60.7884,59.1907,59.2365,7000981
2015-03-26,59.1083,59.9873,58.733,59.5112,5799704
2015-03-27,59.6851,60.5275,59.5112,59.7492,4964387
2015-03-30,60.0331,60.5366,59.7767,60.207,4159215
2015-03-31,59.9507,60.1887,59.0534,59.0534,7823563
2015-04-01,59.1178,59.1178,57.9044,58.5285,8836559
2015-04-02,58.6758,58.8784,58.0635,58.2246,5025748
2015-04-06,57.7734,58.5285,57.6997,58.0128,5185950
2015-04-07,58.3812,58.8416,57.9944,58.0128,4318049
2015-04-08,58.0865,58.7955,57.9115,58.4917,4179522
2015-04-09,58.5009,59.0258,57.976,58.4364,4107586
2015-04-10,58.3351,59.7532,58.1878,59.523,4958101
2015-04-13,59.1455,60.3149,58.8784,58.8876,6215023
2015-04-14,59.0994,59.3112,58.5285,58.9613,4484224
2015-04-15,59.2928,59.698,58.4088,58.4088,7056296
2015-04-16,58.2891,58.7863,57.9484,58.639,4107360
2015-04-17,60.849,61.0148,59.6888,60.1768,14385979
2015-04-20,60.5267,61.0056,60.0755,60.6464,9362365
2015-04-21,61.7929,62.1842,60.8582,61.5212,6746531
2015-04-22,61.5212,61.6686,61.0976,61.3278,5351689
2015-04-23,61.0424,61.1391,60.4899,60.7753,4442740
2015-04-24,60.6096,60.8858,60.0387,60.5912,5393455
2015-04-27,60.8214,60.9226,59.6059,60.0018,7510071
2015-04-28,59.5875,59.7256,58.3812,59.4309,8777428
2015-04-29,59.2928,59.8361,58.5469,59.2007,4987083
2015-04-30,59.1731,59.5414,58.3996,58.685,6815183
2015-05-01,59.1915,59.6151,59.0712,59.5414,4422552
2015-05-04,59.6243,60.3425,59.5967,60.1492,4645217
2015-05-05,59.5783,60.1676,59.5783,59.8821,6069754
2015-05-06,59.9926,59.9926,59.3296,59.5506,6448570
2015-05-07,59.4585,60.0847,59.4033,59.9006,4339720
2015-05-08,60.407,61.6594,60.407,61.6317,5464298
2015-05-11,61.687,63.013,61.6501,62.7183,7213529
2015-05-12,62.2026,62.3224,61.7699,62.1566,5027580
2015-05-13,62.1934,62.6262,61.7238,62.0645,4583767
2015-05-14,61.6041,62.5065,61.1154,62.1106,6516604
2015-05-15,62.2579,62.7321,61.7606,62.2855,6700612
2015-05-18,62.2855,62.7367,62.2395,62.617,4287950
2015-05-19,62.6539,63.0682,62.5341,62.8657,3938399
2015-05-20,62.9946,64.3298,62.8841,63.6115,7379827
2015-05-21,63.4826,63.5471,63.0406,63.4366,3987378
2015-05-22,63.2892,63.2892,62.8012,62.8933,4419017
2015-05-26,62.6354,62.838,61.8988,62.1566,5696302
2015-05-27,62.2947,63.2202,62.1014,62.9854,6611574
2015-05-28,62.8749,63.7497,62.792,63.676,4633676
2015-05-29,63.6852,63.943,58.1602,59.4862,28412637
2015-06-01,61.3555,61.9816,60.7846,61.2174,17656671
2015-06-02,61.2818,61.2818,60.1031,60.5912,9920069
2015-06-03,60.4531,60.9871,60.2449,60.4991,5683429
2015-06-04,60.1768,61.4844,60.0203,60.5636,10707779
2015-06-05,60.3702,61.0148,59.8821,60.9595,7697565
2015-06-08,60.6372,60.8122,59.9926,60.1492,6939711
2015-06-09,60.0939,60.2413,59.7578,59.9282,7134295
2015-06-10,60.1492,60.6741,59.9006,60.3426,8057155
2015-06-11,60.5728,60.7753,60.3495,60.6372,6107054
2015-06-12,60.4899,60.729,59.7532,60.1123,6326712
2015-06-15,59.7624,60.9411,59.1731,60.2413,6076422
2015-06-16,60.2873,60.7661,59.965,60.7477,3349983
2015-06-17,60.5175,61.2358,60.3333,61.0516,6432760
2015-06-18,61.07,61.8988,61.07,61.3463,5485662
2015-06-19,61.2266,62.1014,61.2266,61.512,8432636
2015-06-22,61.9816,62.3684,61.6317,61.7514,4326961
2015-06-23,61.9172,62.7459,61.8435,62.0001,5639638
2015-06-24,61.9632,62.0461,61.4291,61.5212,4104626
2015-06-25,61.6962,62.2395,61.4568,61.5489,5097532
2015-06-26,61.733,62.3224,61.6409,62.1934,17278027
2015-06-29,61.9172,62.1474,60.6833,60.7477,4710487
2015-06-30,61.3555,61.4291,60.7201,61.2726,6236090
2015-07-01,61.5319,62.6986,61.4486,62.6616,7486104
2015-07-02,62.8468,63.0413,62.356,62.4857,5204332
2015-07-06,62.1986,63.1431,62.0505,62.5042,5896861
2015-07-07,62.8653,63.3283,62.1245,63.1802,4781962
2015-07-08,62.8561,63.2262,62.4672,62.7264,6179228
2015-07-09,63.3839,63.5737,62.8653,62.8653,4953783
2015-07-10,63.5783,64.3469,63.3376,64.1432,6123604
2015-07-13,64.4951,64.6803,64.1339,64.5043,4572954
2015-07-14,64.5043,65.0784,64.3099,64.8747,3546226
2015-07-15,64.7729,65.2081,63.9765,64.1525,5218048
2015-07-16,64.5228,64.7729,64.2265,64.245,4139717
2015-07-17,64.1339,64.2173,63.7913,64.1617,3522835
2015-07-20,65.2266,65.3192,64.5599,64.7914,4758162
2015-07-21,64.921,65.0044,63.7635,63.7728,6107105
2015-07-22,63.6987,64.4025,63.4024,64.2358,7786070
2015-07-23,64.5043,64.5043,62.7264,63.1894,8947014
2015-07-24,63.032,63.032,61.0967,61.0967,6866757
2015-07-27,60.8374,60.8374,59.5318,59.541,9237536
2015-07-28,59.6799,59.9299,59.3651,59.8744,9173089
2015-07-29,60.18,60.3003,59.5503,60.0874,4920464
2015-07-30,59.7725,60.0318,59.0966,59.6892,4168208
2015-07-31,60.004,61.8375,59.8559,60.7819,7955156
2015-08-03,61.0689,61.2356,59.9022,60.5041,4611621
2015-08-04,60.6244,60.6985,59.8651,60.0411,3890142
2015-08-05,60.2911,60.6337,60.2355,60.2448,3902904
2015-08-06,60.3096,60.4392,58.6521,58.8373,4732639
2015-08-07,58.8002,58.8836,57.5594,58.7169,7424040
2015-08-10,59.2355,59.5873,59.1151,59.1614,5681532
2015-08-11,58.7169,59.0595,57.7492,58.0224,5409089
2015-08-12,57.6983,57.9669,56.7353,57.7724,6787744
2015-08-13,57.7817,58.0502,57.2261,57.8002,3686926
2015-08-14,57.828,58.5965,57.7909,58.4113,6060667
2015-08-17,58.0687,58.9021,57.9392,58.7725,3993806
2015-08-18,58.8002,59.8373,58.7632,59.5225,7992213
2015-08-19,58.5873,60.1614,58.541,59.3744,5245771
2015-08-20,58.791,59.0688,58.0687,58.0687,5333966
2015-08-21,57.652,58.1798,56.4945,56.5501,7516392
2015-08-24,53.698,56.4297,47.9847,54.3092,15215037
2015-08-25,55.7352,56.0593,53.5962,53.5962,8146154
2015-08-26,54.9203,55.6704,53.4758,55.5871,10246517
2015-08-27,56.0315,56.3741,55.0778,56.3186,7446914
2015-08-28,55.763,56.5316,55.3463,56.1241,5326332
2015-08-31,56.1519,56.476,54.8926,55.0685,5680015
2015-09-01,54.2166,54.9018,53.6517,53.8925,8879135
2015-09-02,54.55,55.3,54.2166,55.1981,7219265
2015-09-03,55.9482,56.4575,54.2675,54.4018,8231051
2015-09-04,53.7814,54.1518,52.6887,53.0591,9289194
2015-09-08,54.0592,54.7074,52.1516,54.624,11438193
2015-09-09,55.0592,55.1148,53.5777,53.7351,7931492
2015-09-10,53.911,54.7722,53.7443,54.4018,7520504
2015-09-11,54.1703,54.8926,54.161,54.837,9623979
2015-09-14,55.0037,55.3926,54.4666,54.7907,4960634
2015-09-15,54.8926,55.7445,54.4851,55.6426,7190002
2015-09-16,55.7815,57.1983,55.6519,57.0501,9551045
2015-09-17,56.8649,58.4484,56.7445,57.5872,7396427
2015-09-18,57.5779,59.8929,57.4483,59.5781,18650256
2015-09-21,59.6521,59.8929,57.5965,58.078,10273273
2015-09-22,57.3742,58.2446,56.8094,57.4946,7557939
2015-09-23,57.7354,58.0687,56.9205,57.1705,4766706
2015-09-24,56.7353,57.4298,55.976,57.2261,6380638
2015-09-25,57.7168,57.8557,55.2167,55.7815,9427788
2015-09-28,55.3741,55.4945,52.8091,53.2073,11017436
2015-09-29,53.6425,55.4852,53.1702,54.587,10515114
2015-09-30,55.3884,55.5468,54.615,55.1648,11274740
2015-10-01,55.2207,56.3948,54.9504,55.9568,11280898
2015-10-02,55.0529,58.8735,54.9411,57.9882,13527829
2015-10-05,58.3889,58.9107,57.1496,57.7459,8039898
2015-10-06,57.5596,57.895,54.41,55.7984,10075507
2015-10-07,55.8823,57.1962,55.0343,56.4227,8243817
2015-10-08,56.0966,56.7209,55.5375,56.3855,6268591
2015-10-09,55.7984,57.3359,55.7425,57.2521,9492139
2015-10-12,56.8234,58.6126,56.5159,58.4355,5888341
2015-10-13,58.2957,59.013,57.895,58.0907,7260635
2015-10-14,58.1466,58.9387,57.69,57.8484,4457274
2015-10-15,57.8205,59.3767,57.4571,59.2835,4641728
2015-10-16,59.6749,60.2992,59.4139,60.0942,5919360
2015-10-19,60.0942,61.026,59.8724,60.644,6023507
2015-10-20,60.5042,60.5601,58.7803,59.5351,5965102
2015-10-21,59.8612,59.8892,57.308,58.2491,8095841
2015-10-22,58.5846,59.0785,57.485,58.8735,7908026
2015-10-23,59.2462,61.0773,59.153,60.7185,8081611
2015-10-26,60.3271,61.2869,59.9637,60.1501,6679469
2015-10-27,61.0353,62.4145,60.5228,62.2467,9075700
2015-10-28,62.256,63.5233,61.6131,62.9829,6446679
2015-10-29,62.899,63.8122,62.4145,62.722,4570360
2015-10-30,62.7499,62.9922,61.4547,61.4547,6458018
2015-11-02,62.0231,62.3399,61.1006,61.2683,7508161
2015-11-03,61.2869,61.7528,60.6626,61.5758,5509932
2015-11-04,61.4453,61.6317,60.5787,61.1472,5241709
2015-11-05,61.3056,61.5013,60.7558,61.0819,3918371
2015-11-06,61.0167,61.1099,59.768,60.9887,5504028
2015-11-09,60.644,60.9794,60.1408,60.5601,3987396
2015-11-10,60.5974,61.1192,60.2899,60.616,4023959
2015-11-11,60.9328,60.9328,59.8193,59.8612,3989967
2015-11-12,59.7214,60.2759,59.3487,59.3767,4037335
2015-11-13,59.3953,60.1315,59.2369,59.7774,6239054
2015-11-16,59.7774,60.6947,59.3673,60.5881,4660337
2015-11-17,60.5042,62.0697,60.2619,61.2497,4959586
2015-11-18,61.5013,63.0947,61.464,63.0015,6169900
2015-11-19,62.8245,63.2531,62.1862,62.3772,4010165
2015-11-20,62.7779,64.2968,62.5822,63.1972,6052230
2015-11-23,63.1972,63.7936,62.818,63.3556,5605472
2015-11-24,63.0201,63.3183,62.6567,63.1972,6022358
2015-11-25,63.1972,63.7799,62.9829,63.4395,3706900
2015-11-27,63.4395,63.7749,63.1879,63.2252,1385063
2015-11-30,63.2252,63.3556,62.2933,62.4424,6167705
2015-12-01,62.9363,63.7097,62.3679,63.6072,5529935
2015-12-02,63.9427,64.9584,63.0434,63.1599,5924541
2015-12-03,62.9829,63.4022,61.6317,61.9206,6804388
2015-12-04,62.3213,64.5856,62.2933,64.3993,6775150
2015-12-07,64.2968,64.7161,63.8122,64.1477,4865506
2015-12-08,63.719,65.0842,63.6911,64.6695,5215206
2015-12-09,64.3899,64.6602,63.6165,63.8868,4814941
2015-12-10,63.8868,64.6881,63.5233,64.2409,3784057
2015-12-11,63.4488,63.7936,62.8711,63.0108,4184808
2015-12-14,63.2624,64.0079,62.7499,63.9613,5966866
2015-12-15,64.5763,65.6759,64.5763,65.4336,8250218
2015-12-16,65.5547,66.0113,64.362,65.8902,6232264
2015-12-17,65.9648,66.0393,64.4925,64.5577,7068720
2015-12-18,64.1197,64.4645,63.0201,63.0295,9868458
2015-12-21,63.5792,63.9706,62.722,63.4022,4123994
2015-12-22,63.6445,63.7749,62.7732,63.6538,3320739
2015-12-23,63.8774,64.3899,63.5923,64.2874,4048886
2015-12-24,64.0918,64.5297,63.7749,64.2688,1668247
2015-12-28,64.0731,64.4645,63.952,64.4552,3003950
2015-12-29,64.7534,65.3591,64.6229,64.9863,4038270
2015-12-30,65.1175,65.6141,64.977,65.1362,3446043
2015-12-31,64.7615,65.333,64.4523,64.4523,4006957
2016-01-04,63.1968,63.6278,62.1942,62.8033,7113665
2016-01-05,63.2436,64.5553,63.1687,64.04,7836677
2016-01-06,63.2155,63.9651,62.6346,62.9157,6691449
2016-01-07,61.6977,62.4847,60.8544,61.173,8436592
2016-01-08,61.4634,61.6414,59.4959,59.6177,9076390
2016-01-11,59.6926,59.955,58.0717,59.0086,10337826
2016-01-12,59.2616,59.7676,58.2029,59.4396,7796178
2016-01-13,59.5895,60.4141,57.3315,57.4158,9706373
2016-01-14,57.4533,59.8753,57.0504,59.5052,9343607
2016-01-15,57.8,58.9524,57.2191,58.8213,11230577
2016-01-19,59.5989,60.3672,58.6151,59.2241,8463211
2016-01-20,58.3153,60.5077,57.9031,59.5427,8702941
2016-01-21,59.9081,59.9362,58.5589,59.1492,5665356
2016-01-22,60.3953,60.7139,59.6364,60.3391,6644011
2016-01-25,60.1798,60.3578,58.6901,58.9524,7957093
2016-01-26,59.0555,59.0742,58.0155,58.7369,5531497
2016-01-27,58.9712,58.9805,57.3034,57.8187,7537371
2016-01-28,60.1236,60.1986,56.2166,57.3034,17001388
2016-01-29,57.7625,58.6901,57.3034,58.2403,10139282
2016-02-01,57.9686,58.4277,56.2587,56.9848,10195792
2016-02-02,56.2447,56.4976,54.7737,55.1578,9915432
2016-02-03,55.467,56.3852,54.2865,56.329,11153896
2016-02-04,55.8605,56.9193,55.4576,55.9355,7987211
2016-02-05,55.9823,56.2728,55.2702,55.8699,7129501
2016-02-08,55.3171,57.3128,55.0641,56.8912,10656014
2016-02-09,56.4695,58.0717,56.2447,57.1722,6391917
2016-02-10,57.3877,58.484,57.0785,57.2285,5933605
2016-02-11,56.1041,56.4508,55.2234,55.7668,6632313
2016-02-12,56.4039,56.6007,55.4295,56.4039,5979602
2016-02-16,58.765,58.765,57.4814,58.2591,7807975
2016-02-17,58.9243,59.9831,58.053,59.8894,6971397
2016-02-18,59.9175,59.9831,58.9431,59.3272,6338699
2016-02-19,58.9524,60.4703,58.9431,59.7769,5873207
2016-02-22,59.8706,60.3578,59.3366,59.6832,5821705
2016-02-23,59.2897,59.3553,58.1092,58.156,6293877
2016-02-24,57.9405,58.4277,56.9968,58.3059,4825877
2016-02-25,58.6807,59.0836,58.3715,59.0555,4500491
2016-02-26,59.3553,59.5708,58.3153,58.3247,5345088
2016-02-29,58.334,58.7744,58.0155,58.0249,7416313
2016-03-01,58.3809,60.1892,58.0155,60.1705,5203804
2016-03-02,60.133,60.9856,59.6926,60.8076,6150511
2016-03-03,60.4234,61.1261,59.627,60.9013,8198215
2016-03-04,60.9013,61.173,60.1236,60.6296,7111954
2016-03-07,60.4328,62.4285,60.3859,62.2973,6979770
2016-03-08,61.9413,62.1755,61.5852,62.0818,6494637
2016-03-09,62.4566,62.4786,60.8544,61.4072,5431428
2016-03-10,61.9975,62.0818,60.4141,60.8451,5992080
2016-03-11,61.0699,61.4541,60.4703,60.8638,7107621
2016-03-14,60.6014,60.6202,59.9737,60.0768,5721830
2016-03-15,59.9362,60.2267,59.3314,59.6645,5400319
2016-03-16,59.3834,60.2641,58.2872,58.6901,8666370
2016-03-17,58.5776,58.662,57.1348,57.5939,9639231
2016-03-18,57.6594,58.8681,57.1535,58.8681,17343776
2016-03-21,58.587,58.9103,58.2122,58.7463,4002082
2016-03-22,58.6339,59.2616,58.4465,58.84,5756338
2016-03-23,59.1023,59.1023,58.3294,58.409,3651484
2016-03-24,58.2591,58.6151,57.8375,58.5776,5342149
2016-03-28,58.6339,59.1632,58.2966,58.8119,4699331
2016-03-29,58.5121,60.3859,58.3996,60.1445,6146263
2016-03-30,60.2858,60.4744,59.5695,59.7957,4489223
2016-03-31,59.9465,60.3613,59.6638,60.2104,5811599
2016-04-01,60.0031,61.4452,59.8523,61.1813,5804376
2016-04-04,61.2755,62.515,61.0493,62.1804,5726478
2016-04-05,62.0484,62.9627,61.8316,61.9824,4340119
2016-04-06,61.9824,63.2832,61.9824,62.7176,5743946
2016-04-07,62.2558,62.8025,61.8282,62.4726,6309162
2016-04-08,62.991,63.0852,61.8693,62.2746,4404524
2016-04-11,62.3972,62.6705,61.9919,62.1898,3545773
2016-04-12,62.171,63.4246,62.0767,63.0004,4394111
2016-04-13,63.1512,63.7733,62.6016,63.6885,5643555
2016-04-14,63.7733,64.386,63.6413,63.9712,3456860
2016-04-15,64.0372,64.3765,63.6885,64.1409,3247446
2016-04-18,64.1692,64.9893,63.7073,64.9044,3346257
2016-04-19,64.8949,65.7338,64.2729,64.9515,4019892
2016-04-20,65.206,65.5547,64.4802,65.2531,6918825
2016-04-21,65.0552,66.2051,64.9232,66.1297,5420497
2016-04-22,66.2145,66.9874,66.2145,66.6198,5803996
2016-04-25,66.5538,66.7612,66.0166,66.5727,4231412
2016-04-26,66.5821,66.9874,66.0967,66.7895,4608437
2016-04-27,66.7895,66.9214,64.6734,66.1957,7572214
2016-04-28,67.6566,68.8631,65.5076,68.1091,13740722
2016-04-29,67.9205,68.5144,67.2702,68.0337,9503415
2016-05-02,68.0431,68.1845,67.3833,67.8263,7739057
2016-05-03,67.8169,67.8923,66.6858,67.044,5758736
2016-05-04,66.3748,66.8743,66.1061,66.7141,6835183
2016-05-05,66.5067,67.1005,66.0166,67.0628,6368257
2016-05-06,66.9214,67.3927,65.8658,67.1288,4770096
2016-05-09,67.2419,67.8451,67.1948,67.2419,5283532
2016-05-10,67.6284,67.6284,66.7801,67.421,5758820
2016-05-11,67.2231,67.4116,66.5397,66.7424,5356462
2016-05-12,66.9591,67.289,66.535,67.1854,4922625
2016-05-13,67.1759,67.7697,66.9214,67.0911,3935187
2016-05-16,67.3173,68.816,66.9356,68.6463,5030729
2016-05-17,68.0808,68.7783,66.8272,67.1194,10779565
2016-05-18,66.8366,67.6755,66.5821,67.0063,5070958
2016-05-19,66.5727,66.9214,65.5642,66.2899,5425000
2016-05-20,66.4973,67.0722,66.2772,66.7047,5164177
2016-05-23,66.8555,66.9214,65.6113,66.3559,5905283
2016-05-24,66.8649,67.3362,66.7612,67.1382,3878782
2016-05-25,67.2042,67.4587,66.4831,66.6292,5815797
2016-05-26,66.4879,66.9048,66.2522,66.6669,3994957
2016-05-27,66.8649,67.4304,66.6481,67.2136,3630886
2016-05-31,67.2608,67.7509,66.8649,67.5812,7162549
2016-06-01,67.5907,67.9677,67.2985,67.7415,3726024
2016-06-02,67.7886,68.8065,67.6661,68.8065,4610844
2016-06-03,68.5803,69.1553,68.1703,68.7029,5039457
2016-06-06,69.2024,70.8048,69.193,70.0224,9599927
2016-06-07,69.9753,70.3618,69.4569,69.6643,5037478
2016-06-08,69.7114,69.7397,69.0705,69.193,5702712
2016-06-09,69.1553,69.4758,68.4672,68.5521,5693650
2016-06-10,68.3353,68.7876,68.0337,68.4767,5007081
2016-06-13,68.4955,68.9668,67.864,68.0714,4726820
2016-06-14,68.0714,68.9479,68.0148,68.9008,4691859
2016-06-15,69.0422,69.5229,68.3258,68.4013,5390075
2016-06-16,68.1939,68.3541,66.7047,67.6095,10778234
2016-06-17,67.864,67.864,66.1014,66.6104,15007684
2016-06-20,67.2325,67.6284,66.8837,66.8837,5165827
2016-06-21,67.0722,67.3927,66.3182,67.1571,6450861
2016-06-22,67.1571,69.2213,67.1289,68.1562,8093816
2016-06-23,68.6746,68.7217,68.0054,68.4672,5624535
2016-06-24,66.6858,67.7226,66.4784,66.5538,7414129
2016-06-27,66.3465,67.044,66.0637,66.2805,7477388
2016-06-28,66.8743,67.9394,66.6104,67.8753,7066389
2016-06-29,68.3396,69.3346,68.188,69.1735,6539785
2016-06-30,69.2683,69.8842,68.8987,69.6947,5763885
2016-07-01,69.7989,70.2727,69.491,69.9126,3123075
2016-07-05,69.8842,70.3011,69.4483,69.9126,4255906
2016-07-06,70.1306,70.178,69.0503,69.9884,6517612
2016-07-07,69.979,70.2632,69.7705,70.1969,4056693
2016-07-08,70.3959,71.7509,70.1211,71.334,5428134
2016-07-11,71.353,71.8646,71.0971,71.4382,5277992
2016-07-12,71.5235,72.5374,71.5235,72.2058,5935551
2016-07-13,72.6701,72.8596,72.111,72.5659,4651040
2016-07-14,72.7649,72.888,72.2911,72.7459,4352625
2016-07-15,73.0681,73.0776,71.1445,72.0163,7523623
2016-07-18,72.2721,72.3574,71.6562,71.9784,3794127
2016-07-19,71.9215,72.1987,71.4761,71.514,3693247
2016-07-20,71.7415,72.0542,71.5804,71.7509,3949784
2016-07-21,71.6467,72.0921,71.2108,71.5425,3420459
2016-07-22,71.5425,71.9973,71.0687,71.713,5276211
2016-07-25,71.732,71.7794,71.135,71.5993,3988974
2016-07-26,71.8078,71.8931,70.9597,71.1255,3826419
2016-07-27,71.2582,72.7743,71.0782,72.4616,5542648
2016-07-28,71.4572,72.4711,70.5949,70.7465,7412612
2016-07-29,70.6612,71.2203,70.3296,70.8886,4861139
2016-08-01,71.1919,72.3005,70.9644,72.1963,5081858
2016-08-02,72.0352,72.0826,70.7939,71.1161,4479810
2016-08-03,71.0023,71.1255,70.362,70.8792,4349626
2016-08-04,71.0308,71.6562,70.6612,71.3719,3474924
2016-08-05,58.7501,61.3749,58.3332,59.963,86212615
2016-08-08,60.1715,60.3149,56.8549,57.1392,60132826
2016-08-09,57.4709,58.9855,57.3951,58.3805,25005611
2016-08-10,58.5322,58.589,57.3287,57.4045,14455087
2016-08-11,57.5183,57.9257,57.0918,57.7741,14576344
2016-08-12,58.0205,58.0868,57.433,57.4519,9376495
2016-08-15,57.5562,57.6651,56.8644,56.8834,12142914
2016-08-16,56.8739,57.2244,56.1916,56.2959,13273714
2016-08-17,56.3812,56.4001,55.0261,55.2441,21007446
2016-08-18,55.2156,56.3575,55.2062,55.6041,14693323
2016-08-19,55.661,56.239,55.462,56.1822,12134850
2016-08-22,56.5233,56.5517,55.9168,56.1537,11133617
2016-08-23,56.3906,56.8928,56.1916,56.7223,10582999
2016-08-24,56.6654,56.8549,55.3388,55.5189,13198695
2016-08-25,55.5189,56.2959,55.3009,55.6799,9116511
2016-08-26,55.6799,56.2864,55.4715,55.6894,7845194
2016-08-29,55.8031,56.04,55.3957,55.6799,6573273
2016-08-30,55.8789,55.8789,54.1638,54.2396,16800450
2016-08-31,54.3628,54.4955,53.9364,54.3818,12533948
2016-09-01,54.5807,54.5997,53.5289,53.7848,12873853
2016-09-02,53.9459,53.9459,52.2213,53.3963,34001001
2016-09-06,53.7184,54.1335,53.1783,53.9743,11710635
2016-09-07,54.0311,54.4386,53.4626,53.6047,11719312
2016-09-08,53.6616,54.2444,53.3299,53.8322,11571495
2016-09-09,53.6332,54.0217,52.7424,52.7424,12349552
2016-09-12,52.4013,53.4815,52.136,53.3678,9958857
2016-09-13,53.1404,53.1878,52.2023,52.6856,9473392
2016-09-14,52.9225,53.1471,52.2213,52.335,9007207
2016-09-15,52.4487,53.3868,52.3729,53.0362,9844567
2016-09-16,53.2731,53.4531,52.6193,52.6856,12082897
2016-09-19,53.0172,53.0362,52.136,52.1928,10517424
2016-09-20,52.4487,53.3299,52.2686,52.6477,9940177
2016-09-21,52.932,53.1783,52.3634,52.9983,11651434
2016-09-22,53.093,53.6805,52.9414,53.4626,10611009
2016-09-23,53.3489,53.9648,53.311,53.5195,8569054
2016-09-26,53.311,53.3584,52.4961,52.5719,8599822
2016-09-27,52.7614,52.9604,52.5908,52.8182,8619892
2016-09-28,52.8846,52.8846,52.0507,52.2023,13768416
2016-09-29,52.3634,52.3729,50.942,51.0463,17228510
2016-09-30,51.1031,51.5201,51.0747,51.0936,13326712
2016-10-03,51.1126,51.8328,50.7525,51.7949,9697216
2016-10-04,52.0223,52.894,51.9275,52.316,14042673
2016-10-05,52.3828,52.6691,51.9916,52.2779,10964066
2016-10-06,52.068,52.8217,51.9821,52.5259,10955332
2016-10-07,52.6882,53.337,52.5355,52.8885,12714378
2016-10-10,48.4613,48.9479,47.2686,47.5262,65259694
2016-10-11,47.3926,47.9269,47.2304,47.2781,24532533
2016-10-12,47.5357,48.633,47.4594,47.717,18137465
2016-10-13,47.3545,48.175,46.8678,47.9365,15095991
2016-10-14,48.0414,48.3277,47.4737,47.488,13848384
2016-10-17,47.4117,47.5071,46.8488,47.0778,11577968
2016-10-18,47.2113,48.0414,47.0778,47.7552,8773340
2016-10-19,47.6598,47.8792,47.5167,47.5834,7636179
2016-10-20,47.5262,48.1655,47.4785,48.051,9310189
2016-10-21,47.8124,48.1369,47.593,47.7266,8558673
2016-10-24,47.8124,47.8673,46.7915,46.9728,12107557
2016-10-25,46.9633,47.8315,46.782,47.2781,10212818
2016-10-26,47.3067,47.4785,46.8201,47.03,8331095
2016-10-27,50.0165,50.7295,48.3372,49.5776,31896653
2016-10-28,49.7207,49.8257,48.3372,48.6616,13798712
2016-10-31,48.7093,49.2532,48.3277,48.5758,11326176
2016-11-01,48.5948,49.0051,48.0653,48.4708,8740777
2016-11-02,48.5948,48.6426,48.2132,48.2514,8197345
2016-11-03,48.1941,48.5511,47.8029,47.9079,14924787
2016-11-04,48.1846,49.091,48.1464,48.6712,12817975
2016-11-07,49.3295,50.6654,49.2246,50.2074,12825281
2016-11-08,49.8925,50.8944,49.6349,50.7226,10093969
2016-11-09,52.7168,54.6728,52.3828,53.7186,28681017
2016-11-10,54.3865,54.9113,53.6423,54.0621,17744691
2016-11-11,53.7282,54.1289,53.3179,53.7854,12438294
2016-11-14,54.0621,54.2434,53.4515,53.9667,7234945
2016-11-15,54.1289,54.1814,53.2034,54.0908,9312808
2016-11-16,54.1003,54.1194,53.3608,53.6232,8935479
2016-11-17,54.148,54.4782,53.4896,54.0812,6820451
2016-11-18,53.9858,54.2339,53.6709,54.1575,7387424
2016-11-21,54.1098,54.2386,53.814,54.1289,11312292
2016-11-22,54.0621,54.2911,53.6805,53.9572,10349954
2016-11-23,53.4801,54.1766,53.2225,54.148,10159776
2016-11-25,54.2434,54.5201,54.1098,54.3675,6228571
2016-11-28,54.3102,54.3484,53.6709,53.919,8724213
2016-11-29,54.024,54.2816,53.5612,53.7759,9818891
2016-11-30,53.7091,54.0908,53.4324,53.8522,16418924
2016-12-01,53.3751,53.69,52.8981,53.2416,12719553
2016-12-02,53.1366,53.5373,52.7645,53.3942,9281504
2016-12-05,53.2988,53.3942,52.6977,53.003,9904426
2016-12-06,53.1557,53.4706,53.0126,53.461,5924415
2016-12-07,53.003,53.1271,51.8676,52.7072,12210792
2016-12-08,52.4114,52.879,52.2688,52.6977,8191230
2016-12-09,52.6309,54.5583,52.5737,54.4247,11782750
2016-12-12,54.2243,54.3579,53.814,53.9572,8828960
2016-12-13,54.3865,54.7131,54.1003,54.5487,6902818
2016-12-14,54.6728,55.8368,54.6442,55.8178,12603939
2016-12-15,55.8273,57.0582,55.6079,55.9609,13210797
2016-12-16,56.2185,56.3425,55.5315,55.9323,12218246
2016-12-19,56.333,57.1059,56.3139,56.6956,8399106
2016-12-20,56.5811,56.8005,56.2376,56.4093,3918827
2016-12-21,56.5143,56.8482,55.9895,55.9991,4471195
2016-12-22,56.0468,56.2758,55.8321,56.0658,4812301
2016-12-23,56.1517,57.1774,56.0754,56.8769,5412829
2016-12-27,56.8769,57.0105,56.5715,56.6097,4251889
2016-12-28,56.5715,56.7147,55.8512,55.9227,4249121
2016-12-29,56.1135,56.4761,55.9418,56.1994,3642660
2016-12-30,56.1613,56.2567,55.5411,55.7605,7008874
2017-01-03,56.0849,56.9437,55.8941,56.7242,10061749
2017-01-04,57.1084,57.3869,56.6954,56.801,6703370
2017-01-05,57.0411,58.0304,56.9643,57.7519,8422274
2017-01-06,57.6654,57.944,56.5225,57.579,10104635
2017-01-09,57.3869,57.5502,57.2909,57.3677,5263011
2017-01-10,57.4157,58.0592,57.3581,57.6078,6103701
2017-01-11,55.8214,56.5417,54.2943,54.5536,20497892
2017-01-12,54.2654,54.5344,53.7996,54.3135,9977917
2017-01-13,54.3231,54.4864,53.8332,53.9965,7660198
2017-01-17,53.6796,54.3423,53.0265,54.0541,10416327
2017-01-18,54.2751,54.3135,53.6796,53.8525,6640000
2017-01-19,53.8813,54.083,53.1474,53.2954,7122292
2017-01-20,48.0321,48.6852,46.9852,47.283,77021216
2017-01-23,47.5711,48.3166,47.2061,48.0225,23886066
2017-01-24,48.0705,48.157,46.9948,47.0237,17172827
2017-01-25,47.3886,47.6095,46.87,47.5903,15978452
2017-01-26,46.6683,47.5519,44.1903,44.9683,44800782
2017-01-27,45.3909,46.6971,45.2564,45.8519,22916834
2017-01-30,46.3129,47.1581,46.0632,46.7643,15738223
2017-01-31,46.4858,47.4655,46.2985,47.2157,15094048
2017-02-01,47.1869,47.3694,46.409,47.3406,16021890
2017-02-02,47.3982,48.8773,47.3222,48.5027,18610222
2017-02-03,48.5988,48.8986,48.3683,48.7717,10933979
2017-02-06,48.6468,49.0694,48.5604,49.0214,8263438
2017-02-07,49.4536,50.2508,49.2327,49.6169,15747761
2017-02-08,49.2615,50.0587,49.0982,49.9434,12236543
2017-02-09,49.9434,50.1835,49.4248,49.4728,5813111
2017-02-10,49.5688,49.9146,49.4824,49.6073,5845618
2017-02-13,49.7801,50.0299,49.5736,49.9722,6769739
2017-02-14,50.2412,52.1236,50.0275,51.5858,19785205
2017-02-15,51.5762,53.1465,51.4801,52.8536,11860785
2017-02-16,52.9016,52.9746,51.7875,52.1332,9917069
2017-02-17,52.1525,52.5558,51.9412,52.431,9706078
2017-02-21,52.2581,54.9474,51.2977,52.6135,26919342
2017-02-22,53.2954,54.2174,53.1062,53.1609,21293710
2017-02-23,53.4299,53.8717,52.844,53.5643,14410368
2017-02-24,53.7084,54.2366,53.6652,54.2078,11382544
2017-02-27,54.2654,54.7409,54.0201,54.3231,11285328
2017-02-28,54.3039,54.6784,53.9869,54.4671,9046039
2017-03-01,54.7457,54.9762,54.2847,54.9186,13349282
2017-03-02,54.64,55.2163,54.3519,54.6112,12103706
2017-03-03,54.496,55.0722,54.3862,54.9954,9657427
2017-03-06,54.7649,54.9618,54.0061,54.7169,7917208
2017-03-07,54.0445,54.3903,53.5765,54.1022,16970337
2017-03-08,54.1022,55.2259,53.9965,54.8609,13556428
2017-03-09,55.101,55.7541,54.9378,55.6965,7535226
2017-03-10,55.7349,56.2248,55.5236,56.0135,8547335
2017-03-13,55.9943,55.9943,54.6112,54.6784,11689400
2017-03-14,54.6976,55.3217,54.3423,54.4479,11746430
2017-03-15,54.4287,55.6389,54.4287,55.37,10337688
2017-03-16,55.0626,55.3047,54.8609,55.0434,9903868
2017-03-17,54.9666,54.9858,53.8909,54.0638,15881880
2017-03-20,54.1022,54.4671,54.0157,54.179,8481366
2017-03-21,54.2654,54.4191,53.1897,53.5067,9394520
2017-03-22,53.4971,54.1886,52.988,54.131,9808349
2017-03-23,53.8621,54.2943,53.4779,53.5643,7624712
2017-03-24,53.6604,54.0253,53.4731,53.6796,6170612
2017-03-27,53.401,54.1214,53.3338,53.8236,11139741
2017-03-28,53.8236,54.1396,53.718,53.9773,8525945
2017-03-29,53.9485,54.3135,53.7132,53.7372,6136155
2017-03-30,53.7468,53.7852,53.0649,53.1705,8147515
2017-03-31,53.1129,53.4683,52.018,52.2293,12390392
2017-04-03,52.3734,52.9784,51.7395,52.066,16315772
2017-04-04,52.066,52.2005,51.8163,51.9988,8996731
2017-04-05,52.231,52.3616,51.2732,51.3506,10095811
2017-04-06,51.3216,51.786,50.7992,51.5538,7404812
2017-04-07,51.5344,51.9117,51.1572,51.6796,7969317
2017-04-10,51.6118,51.9601,51.4667,51.6118,7409110
2017-04-11,51.5538,51.6989,51.2152,51.2539,6996461
2017-04-12,51.0991,51.4087,51.0314,51.2636,7192973
2017-04-13,51.3216,51.4522,51.0604,51.1088,7169365
2017-04-17,51.0314,51.4861,50.8186,51.2249,6471385
2017-04-18,50.9637,51.4184,50.8766,51.2055,8036674
2017-04-19,51.2732,51.9117,51.1572,51.4667,8140605
2017-04-20,51.6699,51.815,51.4571,51.6989,6092535
2017-04-21,51.6602,51.9601,51.4184,51.7376,5224373
2017-04-24,52.0955,52.2407,51.7666,51.8053,9783267
2017-04-25,51.9021,52.5502,51.9021,52.1826,9321100
2017-04-26,52.289,52.8695,51.9601,52.0182,9453860
2017-04-27,53.5564,54.3013,52.8405,53.8563,15317773
2017-04-28,53.8853,54.4948,53.566,54.2239,8248689
2017-05-01,54.5044,54.9785,54.0884,54.4754,7420255
2017-05-02,54.5044,54.9398,53.7402,54.1271,17278054
2017-05-03,53.6821,53.7692,52.9372,53.2661,10651062
2017-05-04,53.2758,53.7402,53.1607,53.3919,6205069
2017-05-05,53.4499,53.5273,53.1693,53.3532,5938317
2017-05-08,53.1984,53.3822,52.7631,53.15,4730500
2017-05-09,53.092,53.6724,52.9662,53.5177,7134581
2017-05-10,53.3822,53.508,53.092,53.3435,6361374
2017-05-11,53.3435,53.8466,53.1018,53.3435,6810192
2017-05-12,53.4016,53.5757,53.0146,53.2371,5176967
2017-05-15,53.2371,53.4306,53.0436,53.3048,4935028
2017-05-16,53.2081,53.479,52.4341,52.618,9259459
2017-05-17,52.2697,52.8405,51.9504,52.6373,7724335
2017-05-18,52.4341,52.7147,51.5828,52.0278,12419941
2017-05-19,52.0665,52.5115,52.0665,52.26,8640912
2017-05-22,52.26,52.5647,52.1246,52.3374,4462813
2017-05-23,52.3954,52.6567,52.3761,52.4438,7187085
2017-05-24,52.676,52.676,51.7279,52.0665,6461299
2017-05-25,52.1342,52.8018,51.9408,52.618,8493124
2017-05-26,52.5986,53.0339,52.1439,52.2116,4968194
2017-05-30,52.1729,52.4728,52.0085,52.1729,7138167
2017-05-31,52.3761,52.5793,52.1052,52.1923,8140698
2017-06-01,52.2407,52.7534,52.1246,52.7534,6561557
2017-06-02,52.9275,53.3725,52.7302,53.1791,7470872
2017-06-05,52.0085,52.5914,50.509,50.6541,18743053
2017-06-06,50.596,50.6928,49.9479,49.9769,11724718
2017-06-07,50.1704,50.8669,49.8802,50.8573,10562722
2017-06-08,50.8863,51.6215,50.8379,51.1281,8687199
2017-06-09,51.0507,52.4148,50.9346,51.9988,7553349
2017-06-12,51.9988,52.7727,51.7473,52.5889,8766726
2017-06-13,52.4245,52.5502,52.1439,52.4245,4777358
2017-06-14,52.4728,53.0274,52.3664,52.7437,5622423
2017-06-15,52.7147,52.9482,52.2614,52.5115,5679722
2017-06-16,52.7437,52.8211,51.8634,52.6857,12535386
2017-06-19,52.6857,53.566,52.5502,53.4209,6210603
2017-06-20,53.4693,54.5721,53.3048,53.8466,7461055
2017-06-21,53.9336,54.7366,53.7885,54.2432,8783585
2017-06-22,54.4367,56.0136,54.3206,55.4622,8289648
2017-06-23,55.4041,55.4912,54.4077,54.7946,20794767
2017-06-26,54.872,55.4041,54.5141,55.0655,5596327
2017-06-27,54.9494,55.0075,54.0328,54.0788,5477476
2017-06-28,54.3206,54.5431,53.953,54.0497,5126889
2017-06-29,54.0884,54.3013,53.6821,54.0014,5037800
2017-06-30,54.1658,54.2432,53.8659,53.9046,4679652
2017-07-03,54.4367,55.0268,54.3496,54.4367,6257560
2017-07-05,54.8166,54.9335,54.1152,54.8946,5887394
2017-07-06,54.651,54.7582,53.7743,53.8522,5546105
2017-07-07,54.0763,54.5487,53.6525,54.4659,5487495
2017-07-10,54.651,54.8653,54.3783,54.4854,4050817
2017-07-11,54.3685,54.651,53.672,53.9009,4630317
2017-07-12,54.2029,54.7874,53.4333,53.6184,9080986
2017-07-13,53.6379,53.7548,52.8196,53.258,8130932
2017-07-14,53.3943,54.0168,53.0924,53.7256,6042860
2017-07-17,53.8522,54.0958,53.1703,53.3749,3719657
2017-07-18,53.3554,53.4041,53.0169,53.3262,3702019
2017-07-19,53.3554,53.7694,53.1995,53.6476,3321722
2017-07-20,53.8522,54.2808,53.7548,54.0081,3862419
2017-07-21,53.9789,54.3296,53.9496,54.2127,5009128
2017-07-24,54.2127,54.4952,53.7256,54.1639,6700926
2017-07-25,54.4172,54.729,54.3296,54.5049,7312939
2017-07-26,54.5049,54.6949,54.0665,54.5341,8049264
2017-07-27,51.9526,53.0339,50.7154,52.8391,21645111
2017-07-28,52.8391,54.1542,52.5468,53.8425,9099647
2017-07-31,54.1542,55.7226,54.0665,55.4304,10824270
2017-08-01,55.6739,55.6934,54.2273,54.6608,11075279
2017-08-02,54.8361,54.992,53.6769,53.8035,6294198
2017-08-03,53.6769,54.4367,53.6574,54.0665,5484412
2017-08-04,54.125,54.7679,54.0864,54.5049,4161468
2017-08-07,54.5536,54.8946,54.1347,54.8459,5126033
2017-08-08,54.8946,56.0831,54.8483,55.4401,7887217
2017-08-09,55.3232,56.0733,55.0504,55.9175,7675555
2017-08-10,55.7713,55.7713,55.0894,55.1284,5134568
2017-08-11,55.1479,55.5375,54.953,55.2648,4060530
2017-08-14,55.4888,56.2682,55.2355,56.1318,5654336
2017-08-15,56.1707,56.497,56.0149,56.3753,5843318
2017-08-16,55.8493,56.2,55.4693,56.0149,7881340
2017-08-17,55.9954,56.0441,55.2648,55.3037,4393721
2017-08-18,55.216,55.4693,54.953,54.9628,4809885
2017-08-21,54.9628,55.4498,54.7972,55.1771,4879394
2017-08-22,55.3232,56.3071,55.1868,56.1805,4441031
2017-08-23,56.1415,56.6676,55.9467,56.3753,4017429
2017-08-24,56.4825,56.8332,56.3071,56.6676,4470989
2017-08-25,56.7845,57.1546,56.6773,56.8624,4070765
2017-08-28,57.1254,57.3689,56.9403,57.067,3292255
2017-08-29,56.8429,57.4956,56.6773,57.3397,3984514
2017-08-30,57.3495,58.158,57.3008,57.8463,5327786
2017-08-31,58.0899,59.1809,58.0704,58.9179,9716921
2017-09-01,58.801,59.0835,58.1775,58.3529,6284460
2017-09-05,58.0022,58.6646,57.8561,58.2652,4383655
2017-09-06,58.4503,58.7328,58.2262,58.3237,5389284
2017-09-07,58.9374,61.8307,58.9276,61.2169,17301923
2017-09-08,61.1195,61.5482,60.6227,61.0026,6579322
2017-09-11,61.0026,61.5043,60.535,61.1,6086467
2017-09-12,60.8273,61.4605,60.8078,61.3923,4780698
2017-09-13,61.2559,61.4507,60.6227,60.8662,4356991
2017-09-14,60.7688,61.48,60.7104,61.0708,5347129
2017-09-15,61.2754,61.743,60.7006,60.8662,10407558
2017-09-18,60.876,61.5774,60.6617,61.0806,6976468
2017-09-19,61.0806,61.4959,60.9734,61.3046,4844305
2017-09-20,61.2949,62.0742,61.1,61.8502,5561290
2017-09-21,61.7138,62.0937,61.402,61.6943,5250092
2017-09-22,61.6943,61.9086,61.4118,61.7235,3667703
2017-09-25,61.6943,62.045,61.4313,61.5579,5959010
2017-09-26,61.4897,61.9573,61.1829,61.3046,3497913
2017-09-27,61.1585,61.5141,60.9539,61.3241,4674205
2017-09-28,61.1682,61.82,60.9734,61.3826,5842502
2017-09-29,61.5287,62.1034,61.4313,62.0937,5404324
2017-10-02,62.1522,63.1068,61.9963,62.8925,5991743
2017-10-03,62.7464,63.1166,62.5126,62.6295,5056183
2017-10-04,62.8048,63.1166,62.7172,63.0679,4583823
2017-10-05,62.9405,63.0581,62.4602,62.5288,6091778
2017-10-06,62.617,63.7343,62.5582,63.5187,6161423
2017-10-09,63.4697,63.5677,62.8081,62.8719,3267679
2017-10-10,62.9601,63.9597,62.8817,63.8323,5008533
2017-10-11,63.8323,64.195,63.6363,63.8127,3875585
2017-10-12,63.8519,64.4204,63.6069,64.0479,5339734
2017-10-13,64.2048,64.783,63.8421,63.9891,6209580
2017-10-16,63.2541,63.7441,62.0486,62.3818,6692649
2017-10-17,62.3622,63.0875,62.1466,62.9013,5030781
2017-10-18,62.9699,63.4109,62.2838,62.4308,5595032
2017-10-19,62.5484,63.4011,62.4063,63.3815,4919544
2017-10-20,63.4991,63.6951,62.9307,63.1365,5227420
2017-10-23,63.3325,63.4011,62.421,62.4798,5990197
2017-10-24,62.4798,62.7738,62.0976,62.3818,6197622
2017-10-25,62.1956,63.2737,62.1466,62.7836,5371064
2017-10-26,61.2645,61.9898,59.1966,59.7356,13116258
2017-10-27,59.765,60.4609,58.5987,58.7457,9539873
2017-10-30,59.8728,60.3041,59.079,59.6278,8443729
2017-10-31,59.7258,60.6667,59.471,60.4315,8234174
2017-11-01,60.6275,61.1077,60.2649,60.9215,4713267
2017-11-02,60.9117,61.6174,60.5001,60.9901,4058167
2017-11-03,60.8431,61.0097,60.5638,60.9803,3327317
2017-11-06,60.9999,61.0293,60.059,60.4511,4222569
2017-11-07,60.3531,61.1861,60.2256,60.6765,4047238
2017-11-08,60.4021,61.5684,60.3972,61.3331,4535865
2017-11-09,60.9705,61.1077,60.5295,60.7549,3670232
2017-11-10,60.5197,60.5197,59.1378,59.6474,5592728
2017-11-13,59.4906,59.9904,59.2946,59.7748,4222587
2017-11-14,59.7454,60.4217,59.4612,60.0296,3986891
2017-11-15,60.0394,60.059,59.324,59.8532,3349184
2017-11-16,60.0296,60.7353,59.7944,60.6373,4286221
2017-11-17,60.3335,60.6618,59.7748,60.0982,4147934
2017-11-20,59.9512,60.0001,58.9515,59.5886,4902710
2017-11-21,59.9806,60.5099,59.765,60.0198,3967968
2017-11-22,60.059,60.5393,59.7846,59.9218,3192233
2017-11-24,59.9316,60.3825,59.814,60.206,1985668
2017-11-27,60.3041,60.6079,60.1178,60.3825,3032616
2017-11-28,60.4903,61.7056,60.3825,61.2743,8515746
2017-11-29,61.1861,62.127,60.6667,61.6468,5064185
2017-11-30,61.833,62.5288,61.2841,61.931,8050700
2017-12-01,61.9016,62.3524,61.1959,61.98,4186236
2017-12-04,61.9114,62.5974,61.1959,61.2253,4893852
2017-12-05,61.4115,61.7448,60.4021,60.7843,4828815
2017-12-06,60.8529,61.0489,59.618,59.7552,4758697
2017-12-07,59.7454,60.6569,59.7454,60.6079,5140490
2017-12-08,60.5883,61.4703,60.4511,61.1763,5309959
2017-12-11,60.9803,62.1466,60.8529,61.7644,4502938
2017-12-12,61.931,62.3818,61.931,62.0192,4832382
2017-12-13,61.882,62.6954,61.7448,62.2054,4352438
2017-12-14,62.0192,62.2544,60.4903,60.8921,5507924
2017-12-15,61.3135,61.588,60.7353,61.1665,8856775
2017-12-18,61.3527,61.4997,60.9411,61.1567,5608892
2017-12-19,61.3037,61.5095,60.2943,60.3335,5546036
2017-12-20,60.4707,60.5197,59.3828,59.9806,6980326
2017-12-21,60.0688,60.5687,59.814,60.2747,6195597
2017-12-22,60.2747,60.4805,59.3926,59.7454,5477246
2017-12-26,59.765,60.3237,59.7454,60.0394,3674245
2017-12-27,60.1276,60.7843,60.0786,60.4511,3722252
2017-12-28,60.3727,60.6177,60.1472,60.5393,2500533
2017-12-29,60.7353,61.0146,60.0394,60.059,3953493
2018-01-02,60.1766,60.2845,59.6278,60.0884,6472651
2018-01-03,59.9904,60.2796,59.4906,60.1374,7433967
2018-01-04,60.1769,60.9858,59.9599,60.9168,6403211
2018-01-05,61.0352,61.3361,60.6504,61.0549,6113360
2018-01-08,60.9464,61.3607,60.3841,61.0746,4663711
2018-01-09,61.0352,61.2621,60.7195,61.0154,5156771
2018-01-10,60.6899,61.2325,60.3545,61.1733,5096335
2018-01-11,61.1535,61.6764,60.9661,61.6271,6591063
2018-01-12,61.9033,62.367,61.6764,61.9625,5489236
2018-01-16,60.9168,61.0253,58.6182,59.1115,14471659
2018-01-17,59.5159,61.1634,59.4666,61.0154,10608482
2018-01-18,60.976,61.0648,60.2706,60.9957,7904177
2018-01-19,61.2621,61.5777,60.7293,61.4396,7490267
2018-01-22,61.4495,62.5692,61.1831,62.4261,6748074
2018-01-23,62.1401,62.8207,61.9526,62.5741,6459887
2018-01-24,62.8503,63.1364,62.288,62.8997,6430049
2018-01-25,63.1364,63.3929,62.3472,62.6629,6183219
2018-01-26,63.0674,63.8576,62.7714,63.3831,6727310
2018-01-29,63.2548,64.0834,63.2153,63.5606,6763254
2018-01-30,63.0674,63.7382,62.4557,63.097,5847968
2018-01-31,63.097,63.166,61.0993,61.7553,8886885
2018-02-01,61.341,62.1302,61.1092,61.9526,7132976
2018-02-02,62.0414,63.4225,62.0019,62.6234,11719210
2018-02-05,64.5471,65.0009,60.1079,60.1374,23181859
2018-02-06,59.0227,60.3791,57.6514,60.0783,18286290
2018-02-07,59.8218,61.923,59.4864,61.7849,12176593
2018-02-08,61.706,63.8913,61.6863,61.8441,14961705
2018-02-09,62.4459,62.4656,59.7527,61.854,11158002
2018-02-12,62.1006,62.73,61.4594,62.3078,7502933
2018-02-13,61.9526,63.2449,61.8441,63.0082,7519098
2018-02-14,62.732,65.0502,62.4163,64.4682,10290569
2018-02-15,66.4018,68.503,66.2751,68.0492,15684900
2018-02-16,67.9308,69.1048,67.5954,68.0295,10547419
2018-02-20,67.5658,67.9013,66.1354,66.4412,8703677
2018-02-21,66.4314,66.8358,65.6126,65.6323,7046249
2018-02-22,66.0959,66.0959,64.9713,65.0502,6528408
2018-02-23,65.2771,67.112,65.2771,67.0331,5240848
2018-02-26,67.0726,67.9358,66.9641,67.704,4229351
2018-02-27,67.6152,67.9502,66.9049,66.9246,4398540
2018-02-28,66.9345,67.0233,65.2771,65.3067,8363900
2018-03-01,65.2081,65.6224,63.9552,64.8036,7801327
2018-03-02,64.5669,65.6027,64.2512,65.2771,5391365
2018-03-05,64.9417,66.2341,64.7148,65.9184,6339604
2018-03-06,66.313,66.4905,64.3054,64.5866,6543428
2018-03-07,64.0243,65.3659,63.827,65.2081,5927647
2018-03-08,65.3067,66.0565,65.1884,65.8493,3728442
2018-03-09,66.0466,67.1318,65.7704,67.0035,6260866
2018-03-12,66.9838,67.26,66.2735,66.5399,5031691
2018-03-13,66.895,67.2995,65.3758,65.7803,5905826
2018-03-14,66.1749,66.3524,65.3758,65.7309,4859343
2018-03-15,65.8592,66.0269,65.3166,65.3561,3422215
2018-03-16,65.287,66.53,65.287,65.7013,9506059
2018-03-19,65.7211,66.0762,64.3005,65.1785,5553650
2018-03-20,65.4843,66.2538,64.8332,65.5336,6307368
2018-03-21,65.6422,66.0861,65.1982,65.2081,4331812
2018-03-22,64.6951,65.0009,63.0476,63.0871,6778659
2018-03-23,63.1858,63.1858,61.1042,61.2226,8481501
2018-03-26,61.9329,62.7122,60.8971,62.5445,6676542
2018-03-27,62.7813,62.8109,60.9662,61.5679,6221379
2018-03-28,61.7356,62.5051,61.5777,61.7257,5521237
2018-03-29,62.0217,62.8898,61.5383,62.3965,5732270
2018-04-02,62.0809,62.3768,59.9105,61.1634,6319734
2018-04-03,61.4791,62.0118,60.6998,61.923,6070446
2018-04-04,61.0352,62.3768,60.7195,62.1302,5259791
2018-04-05,62.5372,62.7358,61.7132,61.8621,3856731
2018-04-06,61.6238,61.6834,59.5489,60.4424,6462049
2018-04-09,60.4722,60.605,57.9207,60.0453,10349080
2018-04-10,60.9189,61.0381,60.0948,60.77,6847955
2018-04-11,60.1644,60.3332,59.509,59.7474,7817775
2018-04-12,58.8738,58.8837,57.4342,58.4171,14987225
2018-04-13,58.7248,58.8539,57.4937,58.2284,11551327
2018-04-16,57.9901,58.2483,52.3212,53.6913,34837341
2018-04-17,53.8104,53.8402,51.8248,52.0035,27808170
2018-04-18,51.9737,52.4701,51.6659,51.9241,14688401
2018-04-19,51.9737,52.1623,51.1397,51.239,17146122
2018-04-20,51.249,51.4773,50.6533,50.8022,11669063
2018-04-23,50.8816,51.1596,50.2959,50.5341,10409578
2018-04-24,50.6533,51.6014,50.3554,51.2092,12137776
2018-04-25,51.11,51.4972,50.1966,51.3879,13422600
2018-04-26,51.1596,52.3808,50.1966,51.6659,14220726
2018-04-27,51.9539,52.49,51.6362,51.8943,7201825
2018-04-30,52.2914,52.2964,51.4574,51.7553,11437475
2018-05-01,51.6064,52.3559,51.249,52.3113,9821887
2018-05-02,51.9836,52.0233,50.9064,51.1298,8251968
2018-05-03,51.2291,51.4773,50.3951,51.0802,8177468
2018-05-04,50.7923,51.1298,50.3058,50.961,6149498
2018-05-07,50.9511,51.3085,50.6731,50.9511,6800648
2018-05-08,50.832,50.832,49.6009,50.1668,12207233
2018-05-09,50.1469,50.8419,49.9881,50.7228,11587311
2018-05-10,50.961,51.3333,50.6284,50.7823,9126071
2018-05-11,51.0107,51.7354,50.6831,51.4872,8987721
2018-05-14,51.5667,52.2219,51.3284,51.6461,8716944
2018-05-15,51.5766,51.9638,51.3383,51.9241,8133051
2018-05-16,52.073,52.2418,51.7454,51.8347,5417361
2018-05-17,51.6759,53.0162,51.5865,52.3609,8097423
2018-05-18,52.4999,52.768,52.0531,52.3311,6440125
2018-05-21,51.6957,52.3808,51.5468,51.8645,5440782
2018-05-22,51.9042,52.4403,51.8248,51.9638,3782827
2018-05-23,51.9638,52.2467,51.7354,52.1226,5962154
2018-05-24,52.1623,52.3708,51.7404,52.3113,4930385
2018-05-25,52.4304,52.619,52.1623,52.3907,3735456
2018-05-29,51.9936,52.2418,51.3979,51.8943,7711437
2018-05-30,52.1028,53.0658,52.1028,52.6389,6455698
2018-05-31,52.758,52.7977,52.0829,52.2418,8862308
2018-06-01,52.5297,53.0162,52.3212,52.7481,6115842
2018-06-04,51.9539,52.0233,49.6108,51.0802,15081860
2018-06-05,51.0305,51.8049,50.9015,51.5468,8081590
2018-06-06,51.6362,52.5843,51.3085,52.5396,7211824
2018-06-07,52.5694,52.7084,52.0233,52.2418,5723784
2018-06-08,52.2418,52.8375,52.212,52.7779,4687515
2018-06-11,52.9169,53.1154,52.48,52.7382,4927203
2018-06-12,52.758,52.9764,52.5992,52.7481,8287311
2018-06-13,52.9665,53.9097,52.8573,53.0757,7313274
2018-06-14,53.0956,53.4729,52.7283,53.2445,4789142
2018-06-15,53.7508,54.416,53.4729,54.4061,14496733
2018-06-18,53.8898,54.0983,53.1254,53.2644,8520766
2018-06-19,53.0162,53.3438,52.6587,53.2544,5470717
2018-06-20,53.2147,53.9147,53.175,53.8601,6142042
2018-06-21,53.7906,53.999,53.1105,53.5523,5844160
2018-06-22,54.2572,54.9373,53.8501,54.7437,10990313
2018-06-25,54.6047,54.9323,53.8601,54.277,7436731
2018-06-26,54.2075,54.8429,54.1827,54.5153,8749724
2018-06-27,54.2572,54.4111,53.9097,54.0785,9406524
2018-06-28,54.0983,55.2351,54.0884,54.9025,10414926
2018-06-29,54.8926,55.4485,54.7536,54.9422,7804347
2018-07-02,54.7734,54.8429,54.0884,54.7933,5499341
2018-07-03,54.8529,55.6173,54.689,55.25,3933215
2018-07-05,55.43,56.91,54.87,55.95,5349935
2018-07-06,56.22,56.6833,56.11,56.56,5157559
2018-07-09,56.64,56.75,56.295,56.45,4119302
2018-07-10,56.77,56.77,56.0,56.18,3717676
2018-07-11,56.0,56.1081,55.53,55.75,3898030
2018-07-12,56.55,56.85,56.19,56.81,4081484
2018-07-13,56.62,57.07,56.525,56.86,3685662
2018-07-16,56.88,56.93,56.21,56.43,3777391
2018-07-17,56.63,56.81,56.41,56.63,3900617
2018-07-18,56.58,56.91,56.29,56.88,3730368
2018-07-19,56.84,56.93,56.08,56.54,3796937
2018-07-20,56.6,56.8801,56.42,56.71,4779148
2018-07-23,56.01,56.17,55.4501,55.88,7593852
2018-07-24,56.08,58.27,56.0401,58.26,9670429
2018-07-25,58.08,59.21,57.95,59.04,8873772
2018-07-26,60.11,60.99,56.08,57.92,14646163
2018-07-27,58.56,58.76,56.83,56.92,6386999
2018-07-30,56.92,59.02,56.82,58.93,8096923
2018-07-31,59.14,59.42,58.41,58.75,6560957
2018-08-01,58.86,60.19,58.77,59.62,7722991
2018-08-02,59.5,59.725,58.635,59.27,5852171
2018-08-03,59.15,59.345,58.89,59.16,4666599
2018-08-06,59.03,59.63,58.72,59.39,5524834
2018-08-07,59.38,59.485,58.83,58.98,5123227
2018-08-08,59.34,60.44,58.86,60.17,7005811
2018-08-09,59.77,60.14,59.35,59.53,3998528
2018-08-10,59.62,59.83,58.98,59.31,3535516
2018-08-13,59.2,59.8,59.12,59.42,4797811
2018-08-14,59.3,60.14,59.3,59.96,5212832
2018-08-15,59.87,60.42,59.39,60.26,5214561
2018-08-16,60.28,61.3525,59.93,61.11,7285527
2018-08-17,61.3,61.59,60.8,60.89,8868260
2018-08-20,61.11,61.11,60.32,60.32,6186864
2018-08-21,60.41,60.66,60.06,60.08,5098612
2018-08-22,60.12,60.74,59.87,60.57,5556200
2018-08-23,60.54,60.725,59.92,60.09,3416546
2018-08-24,60.1,60.25,59.635,59.97,4575653
2018-08-27,60.23,60.63,59.955,60.01,4334352
2018-08-28,59.93,60.28,59.68,60.17,3061890
2018-08-29,60.1,61.25,60.06,61.12,4619648
2018-08-30,61.05,61.23,60.48,60.69,3930193
2018-08-31,60.47,60.7,60.21,60.55,3352401
2018-09-04,60.5,60.69,59.88,60.48,4746795
2018-09-05,60.6,61.31,60.41,61.2,6296635
2018-09-06,61.03,61.38,60.87,60.94,4979535
2018-09-07,60.72,61.4142,60.64,61.31,3519916
2018-09-10,61.5,61.77,60.8,60.86,3963892
2018-09-11,60.85,61.01,60.44,60.49,3585842
2018-09-12,60.53,60.64,59.88,60.33,7025583
2018-09-13,60.7,60.96,59.52,60.79,6119318
