date,open,high,low,close,volume
2013-09-16,52.9328,53.046,52.4802,52.7442,3466293
2013-09-17,52.7537,53.4042,52.5462,53.1685,3501921
2013-09-18,53.1874,53.7908,52.5368,53.5645,3637083
2013-09-19,53.8191,54.1868,53.1874,53.3382,3456489
2013-09-20,53.3665,53.7625,52.8668,52.8762,4481613
2013-09-23,52.8102,53.31,52.6594,52.7254,3078088
2013-09-24,52.914,53.7814,52.8197,52.8668,4825292
2013-09-25,52.98,53.0177,52.1785,52.3482,3831378
2013-09-26,52.3577,52.848,52.1314,52.3859,4600259
2013-09-27,51.8579,52.8574,51.4808,52.3294,5761205
2013-09-30,51.8297,52.4142,51.7071,52.0088,5732144
2013-10-01,52.1314,52.8008,51.9805,52.5745,3563316
2013-10-02,52.1502,52.6311,52.1031,52.3011,3383944
2013-10-03,52.0748,52.4237,51.6694,51.8391,2952966
2013-10-04,51.9522,53.3005,51.8957,53.1591,3880989
2013-10-07,52.3954,53.0554,52.1408,52.1597,2459558
2013-10-08,52.1879,52.5085,50.8868,50.9056,3986555
2013-10-09,50.9716,51.0754,49.9816,50.5568,5391316
2013-10-10,51.2168,52.5934,50.9905,52.5745,4318392
2013-10-11,52.4331,53.3524,52.1879,53.0365,4053572
2013-10-14,52.6971,53.8663,52.5274,53.7908,3379754
2013-10-15,53.5457,53.9888,53.2534,53.442,3166155
2013-10-16,53.8945,54.432,53.7531,54.3,4297513
2013-10-17,54.1114,55.224,54.036,55.1014,4529935
2013-10-18,55.3088,56.0443,55.1297,55.818,5318374
2013-10-21,55.9311,56.016,55.5163,55.7897,2685407
2013-10-22,55.9689,56.5534,55.9406,56.3931,4910882
2013-10-23,56.082,56.2234,55.6577,55.8651,3796646
2013-10-24,56.0537,56.478,55.8463,56.1951,2843286
2013-10-25,56.214,56.5723,55.7709,56.3837,4628975
2013-10-28,56.4686,56.4874,55.422,55.8651,4301492
2013-10-29,56.3837,56.7514,55.7143,56.0254,4005327
2013-10-30,56.2517,56.2612,54.5546,55.2711,5795415
2013-10-31,55.29,56.2258,55.0731,55.7614,3870154
2013-11-01,55.8934,56.8269,55.8934,56.5157,4469048
2013-11-04,56.6383,56.808,55.8746,56.1103,2775324
2013-11-05,55.9217,56.6666,55.5635,56.478,3257962
2013-11-06,56.9494,57.4303,55.6294,56.214,6763736
2013-11-07,55.3843,55.9311,53.6117,53.6588,11669073
2013-11-08,53.7343,55.4314,53.3948,55.3843,8526562
2013-11-11,55.3371,55.9406,55.0071,55.4974,2869359
2013-11-12,55.3183,55.7049,55.0071,55.3749,3216556
2013-11-13,55.0166,56.742,54.8846,56.7326,6750860
2013-11-14,56.5723,57.5906,56.4969,57.3643,5630640
2013-11-15,57.5529,57.5623,56.7939,57.0909,3613996
2013-11-18,57.1757,57.2795,56.0537,56.1951,2801091
2013-11-19,56.0349,56.1857,55.158,55.5163,3773396
2013-11-20,55.6577,55.7331,54.7101,54.8751,6151154
2013-11-21,55.2428,55.488,54.8374,55.0731,4967356
2013-11-22,55.2523,55.4408,54.9836,55.2806,3594406
2013-11-25,55.3937,55.5069,54.9812,55.1297,3014857
2013-11-26,55.0543,55.356,54.8091,55.1863,6083547
2013-11-27,55.2523,55.4965,54.8657,55.4409,2812926
2013-11-29,55.5446,55.6483,55.2051,55.2146,1777886
2013-12-02,55.2523,55.818,54.894,55.356,3673039
2013-12-03,55.0354,55.3654,54.8233,55.1203,3169230
2013-12-04,54.7714,55.8934,54.234,54.7714,4582673
2013-12-05,54.6866,55.092,54.4414,54.9317,3520646
2013-12-06,55.7726,55.9899,55.3758,55.6498,3391731
2013-12-09,55.8202,56.393,55.4131,55.8107,3007065
2013-12-10,55.6403,56.2083,55.5551,56.0853,3953247
2013-12-11,56.4356,56.4356,55.148,55.3279,3519108
2013-12-12,55.148,55.4793,54.7598,55.0722,3485400
2013-12-13,55.2048,55.6024,54.9681,55.3089,2523797
2013-12-16,55.7066,56.2367,55.4131,55.9811,3385114
2013-12-17,55.8864,55.9385,55.1101,55.593,3296628
2013-12-18,55.593,56.6816,55.006,56.606,6198578
2013-12-19,56.4356,57.6095,56.3882,57.4864,4903557
2013-12-20,57.4296,57.9693,57.1646,57.4675,5625983
2013-12-23,57.8178,58.5563,57.5811,58.5184,4688648
2013-12-24,58.4048,58.6131,58.1681,58.3764,2351099
2013-12-26,58.7551,59.7776,58.4521,59.645,3886393
2013-12-27,59.6829,59.9575,58.916,59.6829,3968435
2013-12-30,59.6356,60.6486,59.6356,60.2699,6983724
2013-12-31,60.2699,60.6486,59.9859,60.3456,3884007
2014-01-02,59.8817,60.3362,59.0864,59.8817,6722968
2014-01-03,59.8249,60.0427,59.4462,59.7776,2226057
2014-01-06,60.3172,60.4308,59.5409,59.6545,3662980
2014-01-07,59.9196,60.4403,59.7397,60.0048,2258749
2014-01-08,59.8533,59.9575,59.1338,59.3989,2653368
2014-01-09,59.645,59.7302,58.1113,59.1622,3565468
2014-01-10,59.1717,59.9054,58.7646,59.6356,3754806
2014-01-13,59.1622,59.3548,57.4154,57.6947,5463214
2014-01-14,58.2722,58.2722,57.0888,57.4202,5845454
2014-01-15,57.5906,58.1018,57.2498,57.7515,7616569
2014-01-16,57.7705,58.0449,57.3586,57.5622,3943877
2014-01-17,57.5527,57.9125,56.8332,57.2687,5014341
2014-01-21,57.9693,57.9693,56.1326,56.5208,5797019
2014-01-22,56.8143,57.6995,56.5302,57.5338,3580526
2014-01-23,56.8995,57.2805,56.0095,56.5208,4422318
2014-01-24,56.3882,56.5113,54.9397,55.2805,7374067
2014-01-27,55.2711,55.716,54.4474,55.0817,5826855
2014-01-28,55.2805,55.8959,55.1385,55.574,4131448
2014-01-29,55.148,55.3184,54.3148,54.6462,5709171
2014-01-30,55.858,56.9657,55.5361,56.019,7782567
2014-01-31,55.0912,55.9291,54.8166,55.593,6940312
2014-02-03,55.4699,55.593,52.7432,53.3113,11594866
2014-02-04,53.7089,55.0628,53.4628,54.7882,8234466
2014-02-05,54.3622,55.8983,53.7279,55.8012,8278901
2014-02-06,56.0285,57.7894,55.6592,57.0793,6706856
2014-02-07,57.3255,57.6095,56.8048,57.2782,4726061
2014-02-10,57.3255,57.4675,56.9847,57.3634,4311500
2014-02-11,57.3539,57.8935,57.1551,57.6569,6747892
2014-02-12,58.3196,58.7362,57.8746,58.5563,6765628
2014-02-13,60.5066,61.4438,60.0521,61.1693,12806269
2014-02-14,60.7243,62.419,60.4498,61.5007,7916748
2014-02-18,61.7563,62.9113,61.6995,62.7598,6013083
2014-02-19,62.2865,63.0344,62.0024,62.3149,7185405
2014-02-20,62.4379,62.561,61.2166,62.4001,6616982
2014-02-21,62.5515,63.0533,62.2391,62.5421,5038340
2014-02-24,62.845,63.7066,62.7551,62.9208,4822847
2014-02-25,62.5705,62.7977,62.1066,62.258,4438883
2014-02-26,62.3906,62.9113,61.9172,62.0498,4726875
2014-02-27,61.8983,62.9965,61.6995,62.864,4732527
2014-02-28,62.8734,63.8723,62.8734,63.5078,5577132
2014-03-03,62.3149,62.8166,61.1977,62.4379,4303326
2014-03-04,63.3468,64.019,63.3468,63.8296,6201721
2014-03-05,63.9338,64.2557,63.5456,63.7918,4320986
2014-03-06,63.9811,64.1137,63.6308,63.9527,3757479
2014-03-07,64.3036,64.4648,63.6682,63.9242,3450408
2014-03-10,63.6682,63.9527,63.2319,63.3172,3200732
2014-03-11,64.5787,64.5881,62.3878,62.6818,4480787
2014-03-12,62.2266,62.6676,61.8946,62.5016,4096937
2014-03-13,62.881,63.156,61.354,61.6101,5670962
2014-03-14,61.4488,62.6154,61.4488,61.9989,5456288
2014-03-17,62.5964,63.0043,62.2455,62.4447,4099175
2014-03-18,62.4257,63.2698,62.3119,62.881,3027174
2014-03-19,62.9189,63.3742,62.3309,62.5395,4308216
2014-03-20,62.3783,63.0707,62.1177,62.7577,3249350
2014-03-21,63.3647,63.7535,62.1696,62.3024,6118439
2014-03-24,62.4257,62.7577,60.6901,60.9462,5897395
2014-03-25,61.8187,61.8187,59.7701,59.8839,9995182
2014-03-26,60.3866,60.415,58.6991,58.7648,10427716
2014-03-27,58.8027,58.8027,57.6267,58.3,10087474
2014-03-28,58.6035,59.6848,58.4328,58.8312,5791246
2014-03-31,59.1631,59.4571,58.485,58.613,6177313
2014-04-01,59.0398,60.3487,59.0209,59.9313,6713398
2014-04-02,60.14,60.6616,59.9598,60.0831,5537191
2014-04-03,60.2538,60.4245,58.9877,59.3907,6164852
2014-04-04,59.7606,60.0357,58.3238,58.3854,7989921
2014-04-07,58.2337,58.2526,55.9053,57.3326,12214405
2014-04-08,57.2947,57.6551,56.1756,57.3611,8042798
2014-04-09,57.5603,59.2959,57.5603,59.1442,8256722
2014-04-10,59.0683,59.1726,56.792,56.8869,9617966
2014-04-11,56.4601,57.124,55.5686,55.6539,10666019
2014-04-14,56.1945,56.4885,55.322,55.7583,6779950
2014-04-15,56.0333,56.5075,54.7624,56.1187,7319669
2014-04-16,56.5739,57.5887,55.9053,57.1904,9143508
2014-04-17,56.8964,57.603,55.9479,57.5129,7946914
2014-04-21,57.5129,57.5223,55.8626,56.6308,6262588
2014-04-22,56.9059,57.0955,56.1092,56.6877,7537840
2014-04-23,56.8015,56.8964,55.1607,55.3789,10211759
2014-04-24,55.6919,55.9807,55.1133,55.2651,8029793
2014-04-25,55.1607,55.3504,54.715,55.0564,8560785
2014-04-28,55.597,55.6824,53.5863,54.0795,8078256
2014-04-29,53.7286,54.5917,53.7286,54.4874,5669639
2014-04-30,54.2502,55.2651,53.8235,54.7814,9322145
2014-05-01,54.8667,55.1465,54.3735,54.5158,4688818
2014-05-02,54.4589,54.843,54.2218,54.2787,5292075
2014-05-05,54.1364,55.1987,53.795,55.1892,4280850
2014-05-06,54.8667,55.3409,53.7808,53.8614,5327584
2014-05-07,54.0606,54.3925,53.3872,53.7286,7416779
2014-05-08,53.7286,55.3978,53.4915,55.0185,9025246
2014-05-09,53.6338,54.2408,52.1732,53.814,15272088
2014-05-12,54.0416,54.9521,54.0416,54.4399,8218690
2014-05-13,54.4494,54.8003,53.5958,54.0606,7510926
2014-05-14,53.8614,54.4494,52.7043,53.0552,10258267
2014-05-15,53.2544,53.5105,52.6474,53.482,10271155
2014-05-16,53.5579,54.1459,52.9888,54.089,5846090
2014-05-19,53.9278,54.715,53.6717,54.402,9107403
2014-05-20,54.2692,54.5727,53.8045,54.1459,12850778
2014-05-21,54.3451,56.1945,54.2882,55.9764,8706899
2014-05-22,55.929,56.2514,55.3832,56.2325,7469469
2014-05-23,56.3463,57.8353,56.1187,57.6172,8458446
2014-05-27,57.7879,58.1009,57.3042,57.3421,5051647
2014-05-28,57.3516,57.636,56.9343,57.3611,4067751
2014-05-29,57.6741,57.7594,56.6498,57.0481,4875821
2014-05-30,56.9722,57.0386,56.3178,56.536,5249908
2014-06-02,56.5455,57.3137,56.5455,57.2094,4206991
2014-06-03,57.0671,57.1999,56.5075,56.5455,5669590
2014-06-04,56.4506,56.9722,56.1945,56.7541,2723323
2014-06-05,56.9343,57.4085,56.4222,57.2473,3085472
2014-06-06,57.5134,57.96,57.1428,57.4849,3180160
2014-06-09,57.5324,58.1406,57.4849,57.7224,3419628
2014-06-10,57.5419,58.1121,57.1808,58.0931,3959420
2014-06-11,58.9198,59.9462,58.6252,58.7298,21619615
2014-06-12,58.5302,58.5872,57.6987,57.8555,12542038
2014-06-13,57.8745,57.9458,57.0572,57.4469,8535865
2014-06-16,57.1618,57.8935,56.9527,57.6844,13120261
2014-06-17,57.5229,57.7034,57.1047,57.1237,6471000
2014-06-18,57.1903,58.3116,56.9156,58.1881,8784597
2014-06-19,58.0836,58.4827,56.9337,57.3708,6956142
2014-06-20,57.3043,57.3043,54.8905,56.1069,20042493
2014-06-23,55.9929,56.3445,55.5937,56.0689,7436573
2014-06-24,55.9739,56.8291,55.6983,55.9168,7006763
2014-06-25,55.5747,60.5829,55.4132,59.376,32708840
2014-06-26,59.6326,59.6326,58.4542,58.9103,11581864
2014-06-27,58.5682,58.9198,58.1073,58.1881,10856459
2014-06-30,58.2546,59.3,58.2261,59.0529,11781746
2014-07-01,59.243,60.1838,59.1289,59.7941,22980808
2014-07-02,59.9177,61.3242,59.7941,61.1056,40694780
2014-07-03,61.1056,61.3337,60.9345,61.1056,14828864
2014-07-07,60.6969,61.9989,60.2978,60.4499,48454492
2014-07-08,60.2693,60.5544,59.4805,60.2408,51074462
2014-07-09,60.2598,60.9535,59.4045,60.754,78584812
2014-07-10,58.8153,59.2525,58.2641,58.7298,90000585
2014-07-11,58.8913,59.1099,58.1738,58.3021,8576665
2014-07-14,58.7203,58.7773,57.5846,57.6654,15333048
2014-07-15,57.7985,57.827,56.3825,56.544,16902796
2014-07-16,57.9125,58.0551,56.9622,57.827,16025723
2014-07-17,57.3898,60.0032,57.3613,58.5682,31086827
2014-07-18,58.5397,58.6157,57.5894,58.4447,23209549
2014-07-21,58.3306,58.3782,57.4041,57.4278,10389503
2014-07-22,57.5799,57.7415,56.3025,56.449,13347038
2014-07-23,56.7246,56.7246,55.9548,56.0404,15471490
2014-07-24,56.0594,56.2114,55.5652,55.6032,14122360
2014-07-25,55.2991,55.5652,54.5769,54.862,13274354
2014-07-28,54.881,55.0901,54.5199,54.843,6626542
2014-07-29,54.843,55.1661,54.5864,54.6244,8277360
2014-07-30,55.0045,55.3371,54.6529,54.843,7126052
2014-07-31,54.4533,54.843,53.9877,54.0067,6108282
2014-08-01,53.6646,54.5769,53.6456,54.1968,6156713
2014-08-04,54.3583,55.1233,54.2158,54.8145,6508845
2014-08-05,54.4533,54.7765,53.9117,54.1587,5131610
2014-08-06,54.7384,55.1186,54.1302,54.786,7642137
2014-08-07,55.1756,55.2991,53.9212,54.0732,6722014
2014-08-08,55.1186,56.544,55.0045,56.2875,11749855
2014-08-11,56.7721,57.3993,56.3825,57.1903,7528631
2014-08-12,56.9052,57.2948,55.8978,55.9834,6640332
2014-08-13,56.2304,56.468,55.8408,56.392,4970658
2014-08-14,56.3445,56.6676,56.2026,56.506,4332417
2014-08-15,56.7721,57.2568,56.3825,57.0097,5842653
2014-08-18,57.5419,57.7129,57.1237,57.2378,5928201
2014-08-19,57.4754,57.9125,57.1618,57.7224,3628436
2014-08-20,57.4659,57.7034,57.1998,57.4278,3844521
2014-08-21,57.5419,57.5894,57.1713,57.3613,4268890
2014-08-22,57.2473,57.808,57.2473,57.4944,3230339
2014-08-25,57.751,58.3211,57.3685,57.6179,4519816
2014-08-26,57.5514,57.6844,56.9527,57.0382,4705105
2014-08-27,57.2188,57.5704,57.1142,57.4183,3252903
2014-08-28,57.0572,57.3708,56.5916,56.5916,5041056
2014-08-29,56.7151,56.7721,56.1924,56.3445,4831406
2014-09-02,56.354,56.6866,55.7458,55.9073,6484837
2014-09-03,56.1639,56.2494,55.2991,55.6222,5907667
2014-09-04,56.0879,56.7341,55.9739,56.4775,7603930
2014-09-05,56.525,56.6106,55.6507,56.449,7013720
2014-09-08,56.3537,56.4395,55.9822,56.268,4050094
2014-09-09,56.0489,56.1537,55.058,55.1247,7183501
2014-09-10,55.2581,55.4105,54.4006,54.9151,5972778
2014-09-11,54.6865,55.8964,54.6102,55.3819,4797707
2014-09-12,54.696,54.7055,53.648,54.5531,11473448
2014-09-15,54.5626,54.5674,54.0196,54.0577,6361063
2014-09-16,54.0291,54.6293,53.6575,54.2101,8350297
2014-09-17,54.353,54.5054,53.8862,54.1529,5540338
2014-09-18,54.4006,54.4292,53.4098,53.829,9888064
2014-09-19,54.191,54.191,52.9906,53.2669,10796105
2014-09-22,53.0478,53.1897,51.8569,52.0379,11982313
2014-09-23,52.3142,52.8191,51.7521,52.4285,10495998
2014-09-24,52.4094,52.4952,51.6187,52.257,9998651
2014-09-25,52.1903,52.3332,51.2376,51.2948,7944275
2014-09-26,51.2852,52.2189,51.2376,51.9807,6369821
2014-09-29,51.371,52.2475,51.3233,51.7521,8208429
2014-09-30,51.8473,51.895,50.9613,50.9708,10308764
2014-10-01,50.9708,51.047,50.2801,50.3134,12324486
2014-10-02,49.9419,50.0562,48.1317,49.8657,17811732
2014-10-03,50.1991,51.047,49.8085,50.5707,10696632
2014-10-06,50.7041,50.9708,50.1324,50.2753,3514618
2014-10-07,49.8371,50.1991,49.6084,49.6942,5835449
2014-10-08,49.6846,50.2372,49.0368,50.1038,6185377
2014-10-09,49.8276,49.8657,48.3032,48.3223,10588838
2014-10-10,48.1889,48.7414,47.4553,47.5505,9468900
2014-10-13,47.4267,47.7506,46.5216,46.5978,10407848
2014-10-14,47.2457,48.3508,46.998,47.5696,10301945
2014-10-15,47.3124,48.6176,46.6073,48.3508,13183704
2014-10-16,47.4457,49.8752,47.2743,48.7605,8451158
2014-10-17,49.3417,50.4754,49.1511,49.8752,9047629
2014-10-20,50.4659,51.209,50.3801,50.9422,8759135
2014-10-21,51.1709,52.0284,51.1042,51.6758,6745357
2014-10-22,51.9331,51.9617,50.2468,50.4087,7748387
2014-10-23,50.9613,51.5425,50.5897,51.209,5384293
2014-10-24,50.8374,51.2662,50.4945,50.9899,3821743
2014-10-27,50.8946,51.3472,50.685,50.9899,3191924
2014-10-28,51.1995,51.5425,51.0518,51.5139,4010725
2014-10-29,51.3805,51.571,50.9327,51.5044,3600784
2014-10-30,51.2662,51.5758,50.9413,51.3424,3618541
2014-10-31,52.257,52.2665,50.9422,51.6568,6397140
2014-11-03,52.0665,52.0665,51.571,51.8569,5738412
2014-11-04,50.8756,50.8756,48.8939,49.5322,14822588
2014-11-05,50.5135,50.6374,49.2559,50.0181,11518939
2014-11-06,51.1709,51.1709,48.1317,49.6656,15307571
2014-11-07,49.3226,49.3417,48.5033,48.8844,13100529
2014-11-10,49.2178,49.9324,48.932,49.6656,8673415
2014-11-11,49.5894,49.8276,49.1321,49.3893,5418804
2014-11-12,49.1511,49.2559,48.6938,49.1321,7317194
2014-11-13,49.3131,50.142,49.1892,49.4179,5012699
2014-11-14,49.5989,50.9137,49.5036,50.8851,8434114
2014-11-17,50.7612,50.9565,50.323,50.3801,6850918
2014-11-18,49.9228,50.2086,49.5446,50.0562,7083649
2014-11-19,49.8752,50.8374,49.7037,50.8184,6380226
2014-11-20,50.5421,51.5034,50.4278,51.1328,7456917
2014-11-21,51.5044,51.552,50.7231,51.0185,9347783
2014-11-24,51.2376,51.3805,50.8089,50.9994,6153612
2014-11-25,51.1328,52.4333,50.9518,52.0665,7780168
2014-11-26,52.1427,52.257,51.5139,51.6377,4249587
2014-11-28,51.8569,52.3142,51.5139,52.2856,2562552
2014-12-01,51.9807,52.257,51.4853,51.895,4607805
2014-12-02,52.0569,52.2856,51.7044,51.7425,3630951
2014-12-03,51.7616,52.862,51.4281,52.619,6462065
2014-12-04,52.3237,52.4159,51.8759,52.257,4472306
2014-12-05,52.238,53.4479,52.0474,52.4857,9210804
2014-12-08,52.2094,52.3999,51.028,51.0756,6148589
2014-12-09,50.1871,50.6075,49.1075,50.1393,9621643
2014-12-10,49.9292,50.1871,49.2317,49.289,6309945
2014-12-11,49.4419,50.4068,49.098,50.1489,5918475
2014-12-12,49.7381,51.7062,49.5661,51.0947,8569347
2014-12-15,51.3909,51.7349,50.5406,50.5406,5247481
2014-12-16,50.168,50.6799,49.7094,49.7858,7126961
2014-12-17,49.9292,51.0183,49.8432,50.9228,5236058
2014-12-18,51.6489,52.1648,51.3861,52.1648,6882353
2014-12-19,52.4992,52.993,52.1552,52.7189,11220234
2014-12-22,52.91,53.0055,52.0692,52.203,5800472
2014-12-23,52.4514,53.8558,52.4514,53.3399,5991696
2014-12-24,53.3304,53.5692,52.8527,53.2157,2606997
2014-12-26,53.5215,53.6361,53.0629,53.4832,4508774
2014-12-29,53.2826,54.1425,53.2539,53.9323,4252123
2014-12-30,53.8749,53.9227,53.2635,53.3399,3066969
2014-12-31,53.5023,53.8176,52.7858,52.8718,3367912
2015-01-02,53.2635,53.2788,52.031,52.3463,4328926
2015-01-05,52.0788,52.2412,51.5915,51.8399,4767752
2015-01-06,51.8304,51.8973,50.5788,50.8177,5231004
2015-01-07,51.2094,51.4387,50.6266,50.7412,5394661
2015-01-08,51.3336,51.6584,51.0565,51.3431,5910373
2015-01-09,51.5915,52.6664,51.4196,52.1266,8410547
2015-01-12,52.5852,52.8336,51.945,52.4036,5486278
2015-01-13,52.9482,53.7794,52.6234,53.1202,7812028
2015-01-14,52.4036,52.4896,51.133,52.0406,7630983
2015-01-15,52.2412,52.4801,51.1043,51.1616,4580485
2015-01-16,51.41,53.1966,51.1425,53.082,10710272
2015-01-20,53.0055,53.1202,52.3081,52.996,8010257
2015-01-21,52.6807,53.7125,52.5605,53.6839,6127403
2015-01-22,53.8367,54.324,53.2539,54.1998,7611386
2015-01-23,54.2667,54.2667,53.1966,53.3877,4805073
2015-01-26,53.2157,54.5533,52.7667,54.5151,5830813
2015-01-27,53.703,54.7635,53.4861,54.5342,5595188
2015-01-28,54.7348,54.8877,53.6361,53.7794,5747402
2015-01-29,53.7794,54.4386,52.7094,53.2348,8253765
2015-01-30,52.738,53.1871,52.2126,52.3654,5435760
2015-02-02,52.4036,52.9769,51.9641,52.9004,4968928
2015-02-03,53.359,54.4004,53.3113,54.3813,4108856
2015-02-04,54.4577,54.9163,53.531,54.2093,5416820
2015-02-05,54.5151,54.7253,52.9769,53.5023,7003110
2015-02-06,53.7699,54.9354,53.5979,54.2093,8184629
2015-02-09,54.1807,54.9163,54.0326,54.2284,5431121
2015-02-10,54.496,54.7539,53.8845,54.4577,6300157
2015-02-11,54.6488,54.7348,54.0469,54.2189,5504642
2015-02-12,54.3718,55.2221,53.9323,55.1934,6909193
2015-02-13,57.4195,58.0787,56.4068,57.1615,16696377
2015-02-17,56.7029,57.515,56.4832,57.515,6887312
2015-02-18,57.2953,57.5628,56.9752,57.1424,4773809
2015-02-19,57.1233,57.3239,56.7507,56.8845,5432968
2015-02-20,56.7889,57.0469,56.4545,56.8462,5350848
2015-02-23,56.9227,57.0851,56.4497,57.0087,4284185
2015-02-24,57.066,57.3048,56.6934,56.7507,3600068
2015-02-25,56.8176,57.2475,56.722,57.1138,5842908
2015-02-26,56.9513,57.3239,56.2061,56.5023,4135529
2015-02-27,56.6169,56.8271,56.2443,56.4641,6354786
2015-03-02,56.6074,59.101,56.4832,58.9959,10733794
2015-03-03,58.757,60.4481,58.5946,59.9991,10015981
2015-03-04,59.722,59.9799,58.8526,59.6742,5399288
2015-03-05,59.6838,59.7029,58.5564,58.8048,6736592
2015-03-06,58.6424,59.187,57.8781,57.8876,5583762
2015-03-09,58.0217,58.4441,57.0161,57.9547,6373431
2015-03-10,57.6769,57.6769,56.7192,56.9203,4620044
2015-03-11,57.1023,57.4183,56.8341,57.0735,3968042
2015-03-12,57.313,59.286,57.3037,59.0465,6178324
2015-03-13,58.8646,58.9699,58.0122,58.357,4290391
2015-03-16,58.6155,59.5733,58.2995,59.4584,3985021
2015-03-17,58.9125,59.4009,58.5677,59.1615,4219053
2015-03-18,59.0178,60.7418,58.7784,60.4449,5385858
2015-03-19,60.1767,60.5886,59.7074,59.9852,4105389
2015-03-20,60.5502,61.0196,60.2725,60.6748,9595806
2015-03-23,60.646,60.9622,59.9277,60.0331,4033804
2015-03-24,59.9085,60.5742,59.7361,59.7457,3789141
2015-03-25,59.6787,59.8223,58.5198,58.9125,4488665
2015-03-26,58.6634,59.0274,58.1941,58.424,4606115
2015-03-27,58.9029,59.4105,58.5294,58.6251,7933312
2015-03-30,58.8358,59.4488,58.8167,59.2573,3950204
2015-03-31,59.0178,59.1998,57.926,58.0696,6534797
2015-04-01,57.8781,58.1654,56.5947,57.1023,7795775
2015-04-02,57.0065,58.8933,56.6138,58.5772,9528382
2015-04-06,58.0696,59.1088,57.8685,58.3186,4440086
2015-04-07,58.1367,58.922,58.1367,58.3091,2703780
2015-04-08,58.4527,59.0609,58.2324,58.6826,3740037
2015-04-09,58.6826,59.0082,58.0505,58.6155,2954161
2015-04-10,58.8741,59.1711,58.5581,58.9987,2789477
2015-04-13,59.0849,59.3051,58.6922,58.7305,2607204
2015-04-14,58.7113,59.013,58.424,58.9029,2345530
2015-04-15,58.9316,59.3818,58.8646,59.0561,2747060
2015-04-16,58.9603,59.468,58.7688,59.1711,3493081
2015-04-17,58.7401,58.7496,57.6482,58.1175,3899451
2015-04-20,58.5294,58.7879,58.3665,58.6155,1915848
2015-04-21,58.7879,59.2046,58.5868,58.8837,2025457
2015-04-22,58.9029,59.1136,58.3665,58.9699,1594249
2015-04-23,58.9891,59.4584,58.7305,59.0274,2639960
2015-04-24,59.3913,60.1288,59.1136,60.0714,3816781
2015-04-27,60.1288,60.6364,59.0465,59.0944,3589911
2015-04-28,58.9125,59.2285,58.2995,58.9987,2932689
2015-04-29,58.9508,60.3491,58.8646,60.1192,4079551
2015-04-30,59.8606,60.3778,59.1806,59.5063,3382337
2015-05-01,59.7745,60.33,59.3818,59.9852,2614373
2015-05-04,60.2916,60.5311,59.8606,59.9756,2656392
2015-05-05,60.0235,60.1576,59.037,59.1615,3475207
2015-05-06,59.1711,59.2573,58.2133,58.5389,3345321
2015-05-07,58.6251,58.9987,58.3186,58.6347,5040799
2015-05-08,61.1249,61.2494,57.1597,58.2516,9050669
2015-05-11,58.3282,58.5677,56.9299,57.1502,5981186
2015-05-12,56.9299,57.6578,56.2786,57.198,4535993
2015-05-13,57.2459,57.6003,56.8341,57.198,3520388
2015-05-14,57.5716,57.7152,57.0065,57.1214,2448057
2015-05-15,57.1023,57.4662,56.882,57.4183,2853705
2015-05-18,57.4471,58.3761,57.3896,58.2133,2635907
2015-05-19,58.2708,58.5101,57.9451,58.1367,2531008
2015-05-20,58.3186,58.8358,57.9643,58.5006,2193007
2015-05-21,58.3378,59.4297,58.2995,59.1998,2272380
2015-05-22,59.286,59.3435,58.8358,58.9891,1631605
2015-05-26,58.922,59.3051,57.9451,58.1175,3268950
2015-05-27,58.1941,60.2629,57.8685,60.0043,5527032
2015-05-28,59.7266,60.3108,59.1615,59.4105,3659731
2015-05-29,59.2668,59.4584,58.9987,59.1136,3386135
2015-06-01,59.3435,59.7553,58.8454,58.9029,3417661
2015-06-02,58.9029,59.4775,58.5868,59.0465,2872698
2015-06-03,59.4105,59.8702,59.0178,59.5925,4916442
2015-06-04,59.2668,59.8223,58.9508,59.1327,3387068
2015-06-05,58.9029,59.3147,58.5581,58.7401,2918225
2015-06-08,58.4712,58.5384,57.8568,57.876,2916122
2015-06-09,57.8184,57.9317,56.7718,57.4631,2964825
2015-06-10,57.6167,58.2023,56.9735,57.1175,5299114
2015-06-11,57.1271,57.4823,55.9557,56.4262,5637014
2015-06-12,56.311,56.5318,55.9365,56.1574,3563749
2015-06-15,55.8309,56.1189,55.6005,55.8213,3556580
2015-06-16,55.8117,55.9077,55.2932,55.3893,3490428
2015-06-17,55.4085,56.0709,55.1684,55.6869,4116984
2015-06-18,55.7637,56.4022,55.7637,56.1766,3088047
2015-06-19,56.0037,56.359,55.6869,55.7445,4050838
2015-06-22,55.9461,56.2102,55.8117,56.0133,2237435
2015-06-23,56.2534,56.2726,55.5621,55.7733,2756709
2015-06-24,55.6581,55.7061,54.4963,54.5059,4560914
2015-06-25,54.6116,55.2548,54.4387,54.8516,5513678
2015-06-26,55.1204,55.3701,54.5444,54.7268,4212115
2015-06-29,54.3331,54.5732,53.0082,53.1234,4763443
2015-06-30,55.4373,55.4373,53.0754,53.2866,4208489
2015-07-01,53.661,53.8819,53.229,53.6994,3570173
2015-07-02,53.8531,54.1411,53.1234,53.3058,2634603
2015-07-06,52.7105,52.9602,52.4321,52.7009,4243898
2015-07-07,52.6817,53.4114,52.0192,53.3634,5679427
2015-07-08,52.8257,53.0466,51.9232,52.1153,5715570
2015-07-09,52.5569,52.7489,51.8656,52.0864,6978058
2015-07-10,52.6817,52.989,52.2881,52.6625,4128025
2015-07-13,53.2386,53.5266,53.0946,53.325,4667481
2015-07-14,53.229,53.661,52.9794,53.1906,3203462
2015-07-15,53.181,53.5746,52.8642,53.1618,3127113
2015-07-16,53.6034,53.6802,53.1426,53.2386,2801852
2015-07-17,53.085,53.2193,51.9328,52.5185,5474751
2015-07-20,52.1921,52.2113,51.3136,51.9328,7256608
2015-07-21,51.8368,52.2401,51.472,51.9424,4162759
2015-07-22,51.808,52.1969,51.3904,51.9712,2897317
2015-07-23,52.0576,52.1393,51.4144,51.6064,2644820
2015-07-24,51.7888,51.856,50.8095,50.9247,3856563
2015-07-27,50.6175,51.1455,50.1566,50.5695,3172779
2015-07-28,50.8575,51.1167,50.5119,50.6463,3908456
2015-07-29,50.6847,50.8671,50.2718,50.5119,4585632
2015-07-30,50.3678,51.2415,50.243,51.0783,3375820
2015-07-31,51.3856,51.8656,51.1263,51.3376,3994838
2015-08-03,51.424,51.472,50.6847,50.9151,3180127
2015-08-04,51.0495,51.4336,50.471,50.7519,3991203
2015-08-05,49.9358,50.7807,48.0251,48.4092,12661577
2015-08-06,48.0059,50.2814,45.9225,50.1566,20153102
2015-08-07,50.195,50.3966,47.4491,48.3324,9149386
2015-08-10,48.4956,49.5517,48.4572,49.1389,4451830
2015-08-11,48.7548,49.2445,48.0059,48.2844,3741244
2015-08-12,48.0732,48.3228,47.6651,48.1692,3205606
2015-08-13,48.0732,48.486,47.6795,48.0539,4970908
2015-08-14,47.9483,48.0059,47.0746,47.2571,4333348
2015-08-17,47.2378,48.0443,46.9882,48.0347,2918867
2015-08-18,47.5547,47.7563,47.017,47.3819,3929391
2015-08-19,46.9882,47.1322,46.441,46.585,3476146
2015-08-20,46.0665,46.0665,44.1655,44.1943,9559091
2015-08-21,43.7334,44.2711,43.2918,43.2918,7891964
2015-08-24,40.661,43.7814,39.1248,42.1972,8225282
2015-08-25,43.455,43.551,41.5443,41.5443,10690200
2015-08-26,42.6197,42.6773,41.6788,42.5813,8199531
2015-08-27,43.0421,43.8678,42.6485,43.455,5580230
2015-08-28,43.3974,44.0983,43.3686,43.9638,5010656
2015-08-31,43.6086,43.6758,42.9893,43.4358,5119034
2015-09-01,42.4949,43.0805,41.7652,42.0436,5504995
2015-09-02,42.6101,42.7973,41.7268,42.5237,5180285
2015-09-03,42.7061,42.8405,41.878,42.0628,4237175
2015-09-04,41.5924,41.842,40.8243,41.2083,5029003
2015-09-08,42.0369,42.3163,41.4974,42.0754,5121526
2015-09-09,42.7306,42.7788,41.7045,41.9213,6196606
2015-09-10,42.6535,42.6632,41.1409,42.3356,8040054
2015-09-11,42.5476,42.904,41.8442,42.326,5837387
2015-09-14,42.3163,42.3934,41.4203,41.6997,4260080
2015-09-15,41.9117,42.2392,41.5648,42.1622,5084511
2015-09-16,42.0465,42.4994,41.8442,41.9887,4813283
2015-09-17,42.2585,42.4897,41.6997,41.8346,4437849
2015-09-18,41.112,41.8538,41.0734,41.1505,9288490
2015-09-21,41.3625,41.6033,40.9193,41.3143,3576768
2015-09-22,40.8133,41.4781,40.6784,41.0252,4843566
2015-09-23,41.0831,41.1698,40.0087,40.1485,3909238
2015-09-24,39.8594,39.8594,38.6936,39.397,6926242
2015-09-25,39.6764,39.792,38.9634,39.2813,6323628
2015-09-28,39.0597,39.3006,37.1713,37.258,8789942
2015-09-29,37.2484,38.1637,37.1039,37.5471,8279710
2015-09-30,37.9228,38.5876,37.7687,38.4431,8439004
2015-10-01,38.4624,38.7129,37.9035,38.0288,7932723
2015-10-02,37.4892,38.9923,37.3447,38.8285,12399378
2015-10-05,39.0212,40.3123,39.0212,40.1196,7506688
2015-10-06,40.0329,40.4761,39.7775,39.8305,5090195
2015-10-07,40.2834,40.9,39.8594,40.8615,8408873
2015-10-08,40.8904,42.4994,40.7555,42.2585,8537515
2015-10-09,42.1333,42.5186,41.3914,41.5552,6337928
2015-10-12,41.507,41.69,40.8518,41.0638,3177158
2015-10-13,40.8904,41.3818,40.4375,40.794,3407305
2015-10-14,40.8904,41.2854,40.6399,40.8807,3074129
2015-10-15,41.0252,41.5937,40.6495,41.5841,3545538
2015-10-16,41.6611,41.7382,41.1698,41.6033,3753839
2015-10-19,41.3721,41.5166,41.136,41.3528,4077778
2015-10-20,41.295,42.7716,41.2372,42.3452,6700444
2015-10-21,42.5572,42.7595,41.6033,41.6033,5820265
2015-10-22,41.7479,42.3452,41.1987,41.6322,16162090
2015-10-23,41.8827,42.9426,41.8442,42.8655,9426210
2015-10-26,42.7403,42.9185,42.4608,42.7403,4125270
2015-10-27,43.0197,43.5688,42.5427,42.8751,5990281
2015-10-28,42.8462,43.8868,42.6921,43.829,6912369
2015-10-29,43.6941,45.4765,43.4537,44.9177,10102534
2015-10-30,45.0141,45.1297,43.8772,44.8214,6026104
2015-11-02,44.937,46.4111,44.8888,46.1221,8798561
2015-11-03,46.1606,47.2879,45.8909,46.4786,7681225
2015-11-04,48.0587,49.1378,45.6982,46.1992,22368593
2015-11-05,46.3341,46.7002,44.8888,46.0257,8536436
2015-11-06,45.8716,46.97,45.2549,46.864,6796088
2015-11-09,46.5268,47.0422,46.1317,46.7676,4588670
2015-11-10,46.4882,48.0009,46.4882,47.9334,7263095
2015-11-11,47.9816,48.6898,47.7022,48.473,7738168
2015-11-12,48.1454,48.7717,47.8564,48.5212,5798770
2015-11-13,48.2803,48.7524,47.9238,48.0587,4225104
2015-11-16,47.8853,49.1667,47.7908,49.08,4750615
2015-11-17,49.1667,49.6292,48.5886,48.9258,3628083
2015-11-18,48.9836,49.5521,48.9258,49.4365,4684461
2015-11-19,49.5521,49.9086,49.1619,49.8604,4641944
2015-11-20,50.082,50.2699,49.4365,49.8026,4299612
2015-11-23,49.7641,49.9471,49.08,49.1185,4717802
2015-11-24,48.8102,49.0029,48.473,48.6946,5066907
2015-11-25,48.685,49.2245,48.5597,49.1185,3954462
2015-11-27,48.8584,49.0607,48.3285,48.8969,3471236
2015-11-30,49.0607,49.1378,48.5115,48.6368,4352487
2015-12-01,48.9066,49.3883,48.7139,49.2341,5216984
2015-12-02,49.1282,49.2245,47.7407,48.2225,6009769
2015-12-03,48.2418,48.6175,47.047,47.5288,6250107
2015-12-04,47.7311,48.4007,47.2397,48.1839,4005292
2015-12-07,47.9527,48.7235,47.5673,48.6079,4531064
2015-12-08,48.1936,48.4923,47.6926,48.0202,4179526
2015-12-09,47.8366,47.8559,46.2903,46.7349,5157042
2015-12-10,46.8218,47.4017,46.6092,46.8992,3484892
2015-12-11,46.2807,46.4353,45.1693,45.2659,6294158
2015-12-14,45.3143,45.6622,44.1739,44.7827,5453760
2015-12-15,45.179,45.6815,45.0292,45.2563,3449730
2015-12-16,45.7008,46.184,44.8214,45.9038,4698615
2015-12-17,45.9714,46.1164,44.8794,44.9567,3019783
2015-12-18,44.7151,44.9277,44.058,44.1256,6537530
2015-12-21,44.3575,44.6281,43.8405,44.2512,2829749
2015-12-22,44.3575,45.3529,44.2706,45.0437,4706701
2015-12-23,45.1983,45.7878,45.034,45.6428,4171575
2015-12-24,45.5365,46.4063,45.5269,45.8458,2025740
2015-12-28,45.6138,45.9231,45.0436,45.2563,2995638
2015-12-29,45.5365,45.8168,45.1693,45.7008,2523381
2015-12-30,45.5752,45.8651,45.15,45.1886,1990223
2015-12-31,44.9277,45.9231,44.7827,45.5462,3163592
2016-01-04,44.7731,45.3143,44.5798,45.0823,5456259
2016-01-05,45.034,45.1886,44.401,44.5701,4098330
2016-01-06,44.0193,45.2949,43.971,44.5798,4444282
2016-01-07,43.8164,44.8311,43.2462,43.8164,6308459
2016-01-08,43.9903,45.5462,43.9903,44.8987,6530888
2016-01-11,45.121,45.4882,44.1353,45.208,6583682
2016-01-12,45.4592,45.9618,44.8601,45.4399,3884908
2016-01-13,45.4786,45.6428,43.4008,43.4298,5601490
2016-01-14,43.5264,45.7395,43.3525,45.1596,6171006
2016-01-15,44.029,44.7924,43.5651,44.3382,4856615
2016-01-19,44.7441,45.1693,43.4105,43.8647,4918564
2016-01-20,43.1399,43.1979,40.7625,42.5407,7172355
2016-01-21,42.5407,44.8988,42.3861,44.2319,7068933
2016-01-22,44.9374,45.7105,44.5122,45.3626,4554393
2016-01-25,45.0823,45.3578,44.2996,44.7344,4575662
2016-01-26,45.1307,46.1067,44.8697,45.9134,3746035
2016-01-27,45.7588,46.7832,45.4206,45.7491,3955245
2016-01-28,46.155,46.329,44.2319,44.7344,4273890
2016-01-29,45.0533,46.1937,44.918,45.9038,3705919
2016-02-01,45.5752,46.6092,45.208,46.3,2779080
2016-02-02,45.7685,46.0487,44.9664,45.063,2999404
2016-02-03,45.4592,46.8315,45.092,46.6382,5453982
2016-02-04,48.1265,48.6289,46.242,46.7832,8107669
2016-02-05,46.5996,46.9088,44.5025,44.6958,6104796
2016-02-08,44.1159,44.2416,41.8932,42.8693,7405947
2016-02-09,41.8449,42.705,41.1588,41.2168,7335762
2016-02-10,40.0764,42.1542,39.9701,41.439,7267222
2016-02-11,40.7046,42.4489,40.492,42.1058,7652879
2016-02-12,42.1445,42.56,41.0911,41.7289,6762693
2016-02-16,42.3088,44.0869,42.0768,43.4105,6001984
2016-02-17,43.7584,45.1886,43.7294,44.9954,5567458
2016-02-18,44.9277,45.0727,43.884,44.2512,4419335
2016-02-19,43.9517,44.3285,43.3911,43.5748,5359652
2016-02-22,43.942,45.4012,43.884,45.2949,5144626
2016-02-23,45.1983,45.9521,44.8117,45.3819,4322288
2016-02-24,44.7054,46.097,44.2416,45.8844,4243821
2016-02-25,46.3386,46.6189,45.5655,46.0391,3584279
2016-02-26,46.416,47.1697,46.1454,46.6769,3898028
2016-02-29,46.6769,47.1794,46.272,46.7542,7813529
2016-03-01,47.0344,48.5903,46.9185,48.5614,6543690
2016-03-02,48.2231,48.716,47.7592,48.4647,3757463
2016-03-03,48.5614,49.9143,48.5034,49.75,5959045
2016-03-04,49.7017,49.9916,49.2958,49.6727,4298466
2016-03-07,49.2861,50.2719,49.1798,50.2525,4103566
2016-03-08,49.8273,50.2719,49.2523,49.4601,4530287
2016-03-09,51.1078,51.4664,50.0029,50.4972,7024906
2016-03-10,50.6426,50.691,49.4213,50.187,3730435
2016-03-11,50.5069,51.5246,50.4778,51.4858,4393947
2016-03-14,51.069,52.203,51.0545,51.6603,5128570
2016-03-15,51.1078,51.5537,50.2355,50.9721,6543771
2016-03-16,51.2823,53.2886,51.2823,52.7652,8553340
2016-03-17,52.7167,53.0657,52.3484,52.581,4781493
2016-03-18,52.8137,53.0947,52.3824,53.0269,5924460
2016-03-21,52.9397,53.0851,51.7814,52.3581,4512849
2016-03-22,52.1061,52.6198,51.6603,52.203,2903506
2016-03-23,52.1934,52.2806,51.6409,51.8541,2674054
2016-03-24,51.3695,52.5084,51.1237,52.3969,3003688
2016-03-28,52.581,53.308,52.3387,52.93,2986672
2016-03-29,52.552,53.3371,52.3581,53.2111,3216096
2016-03-30,53.434,53.4604,52.3969,52.93,4020838
2016-03-31,53.0075,53.6763,53.0075,53.3952,4502450
2016-04-01,52.9203,53.6957,52.6199,53.4727,4106843
2016-04-04,53.5987,53.938,53.0317,53.1335,2968580
2016-04-05,52.5714,52.8912,52.0674,52.5907,3719601
2016-04-06,52.6198,53.2692,52.5035,53.1626,2577383
2016-04-07,52.7264,53.1626,51.7378,51.9317,4045416
2016-04-08,52.5617,53.0657,52.1255,52.455,3606235
2016-04-11,52.6004,52.9009,51.7766,51.8735,2640219
2016-04-12,51.8638,52.2418,51.6409,51.9317,2762821
2016-04-13,52.3678,52.8718,52.1255,52.6198,4719894
2016-04-14,52.5423,52.8137,51.9995,52.0092,2896485
2016-04-15,51.951,52.4938,51.6894,52.2321,2517124
2016-04-18,52.2515,52.7749,52.0964,52.4647,2744968
2016-04-19,52.581,54.0543,52.4405,53.2692,4234587
2016-04-20,53.3274,53.5309,52.581,53.3564,3390237
2016-04-21,53.4921,54.8006,53.2207,54.1027,3153648
2016-04-22,54.1221,55.3143,54.1221,54.7521,4541175
2016-04-25,54.4517,54.8006,54.0349,54.5583,2175646
2016-04-26,54.7424,55.3821,54.3644,54.7037,2890264
2016-04-27,54.7618,55.0041,53.8604,54.6552,2905496
2016-04-28,54.2288,54.9654,53.8411,54.3451,3118918
2016-04-29,54.2966,54.2966,53.5891,54.19,3591013
2016-05-02,54.2966,54.9024,53.8895,54.7328,2633459
2016-05-03,54.2578,54.5534,53.6472,53.9477,5736619
2016-05-04,55.2561,55.8183,54.0349,54.7909,12178742
2016-05-05,55.0817,56.1091,54.8781,55.702,7706700
2016-05-06,55.45,55.9491,55.2561,55.9055,4812824
2016-05-09,55.954,56.08,54.1706,54.2772,5230703
2016-05-10,54.442,55.2658,54.1706,55.2077,4210384
2016-05-11,54.4808,54.6843,53.686,54.0834,4891840
2016-05-12,54.5195,54.5971,52.3397,52.6101,6142223
2016-05-13,52.552,52.9203,51.825,51.8541,3857410
2016-05-16,51.9026,52.3872,51.481,51.9995,3093686
2016-05-17,51.9801,52.7555,51.6021,51.8154,4637937
2016-05-18,51.5924,51.67,50.3227,50.6717,5420487
2016-05-19,50.536,50.6329,49.7412,50.4972,4529467
2016-05-20,50.7395,51.699,50.7298,51.1175,3329378
2016-05-23,50.943,51.6603,50.7928,50.8267,2194882
2016-05-24,51.195,51.9898,50.9818,51.7281,3520666
2016-05-25,51.825,52.804,51.8057,52.2709,3670897
2016-05-26,52.2127,53.0851,51.8638,52.678,3213670
2016-05-27,52.6489,53.4146,52.4357,53.182,2711009
2016-05-31,53.308,53.5842,53.0366,53.5018,3682053
2016-06-01,53.0754,53.5018,52.8815,53.4727,3676375
2016-06-02,53.3177,53.8411,53.1626,53.6957,2866965
2016-06-03,53.2789,53.308,52.0674,52.7167,4480944
2016-06-06,52.8524,53.0074,52.1158,52.3678,4848164
2016-06-07,52.426,52.5229,51.8154,51.8638,5635193
2016-06-08,51.9318,52.3741,51.6937,52.029,3613090
2016-06-09,51.7763,51.8541,51.0862,51.5139,4158842
2016-06-10,51.0376,51.3487,50.5322,51.2515,3342565
2016-06-13,51.1446,51.65,50.6294,50.6489,3561129
2016-06-14,50.6877,51.4653,50.61,51.3389,2866404
2016-06-15,51.3681,52.1651,51.3487,51.7083,2578611
2016-06-16,51.4167,53.1371,50.8918,52.9524,4980122
2016-06-17,52.7677,52.9621,52.0485,52.2234,5029779
2016-06-20,52.9135,53.3995,52.4764,52.5053,4228985
2016-06-21,52.515,52.5733,51.3389,51.9416,3064349
2016-06-22,52.1651,52.6317,51.8055,52.1457,2772214
2016-06-23,52.6025,52.6803,51.7083,52.1846,2794215
2016-06-24,50.0948,51.164,49.881,50.2018,6412028
2016-06-27,49.5603,49.9976,49.1132,49.4631,4134937
2016-06-28,49.9199,50.7388,49.8032,50.61,4298916
2016-06-29,51.0279,51.5625,50.8044,51.2806,2404110
2016-06-30,51.786,52.9135,51.4799,52.9135,4332050
2016-07-01,52.9135,54.1382,52.826,53.3217,3519468
2016-07-05,53.0496,53.2537,52.6122,53.1371,2483322
2016-07-06,52.933,53.6133,52.6219,53.5453,3220192
2016-07-07,53.7202,54.5367,53.5939,54.5367,3400849
2016-07-08,54.9644,55.5087,54.6728,55.4795,3434505
2016-07-11,55.6447,56.1696,55.4212,55.9169,3101779
2016-07-12,56.1016,56.5195,56.0481,56.3154,2454293
2016-07-13,56.3834,56.5389,55.6787,55.8974,2778004
2016-07-14,56.4223,56.5875,56.0335,56.3154,2665411
2016-07-15,55.3143,55.5475,54.1285,54.284,6783003
2016-07-18,54.3326,54.3909,53.1371,53.1565,6549627
2016-07-19,53.069,53.6716,52.5831,53.4384,4140361
2016-07-20,53.6619,53.6619,52.7483,53.001,2979985
2016-07-21,53.0982,53.4675,52.272,52.4373,4805913
2016-07-22,52.6803,53.6328,52.4956,53.6036,4887655
2016-07-25,53.3703,53.7494,52.8649,52.8941,3308997
2016-07-26,52.8844,53.2731,52.447,52.9135,3375256
2016-07-27,53.0788,53.3898,52.5442,52.5831,3674261
2016-07-28,52.3887,53.2634,52.1262,52.69,6528872
2016-07-29,51.6014,51.8055,50.4982,50.7558,8271148
2016-08-01,50.7849,51.2417,50.5419,50.6391,4117498
2016-08-02,50.5322,50.8821,50.2261,50.4545,4397312
2016-08-03,50.4545,51.1883,50.3184,50.6294,3633682
2016-08-04,50.5419,51.1057,50.192,50.3767,3226921
2016-08-05,50.5517,50.7703,50.2795,50.7072,2536651
2016-08-08,50.8432,50.8627,50.3378,50.5517,3679654
2016-08-09,50.4447,50.7072,50.2115,50.3961,2904273
2016-08-10,50.5322,50.9404,50.3184,50.5905,2269848
2016-08-11,50.7363,51.5479,50.7363,51.4361,2993686
2016-08-12,51.1737,51.3973,50.678,50.8821,2508982
2016-08-15,50.9793,51.1251,50.8141,50.8141,2177316
2016-08-16,50.7266,50.8627,50.1434,50.1434,4211201
2016-08-17,50.1726,50.4253,49.9976,50.2989,4225322
2016-08-18,50.2892,50.61,50.0365,50.0851,2395636
2016-08-19,49.9393,50.4253,49.689,50.3961,3343971
2016-08-22,50.3184,51.3438,50.1046,51.2029,4234206
2016-08-23,51.3973,51.5139,51.0668,51.3195,4050645
2016-08-24,51.2029,51.475,50.7315,50.9113,2631681
2016-08-25,50.7849,50.8918,50.2115,50.2406,3134598
2016-08-26,50.2795,50.6294,49.7255,49.9976,3205642
2016-08-29,50.0171,50.2892,49.8227,50.0171,2300895
2016-08-30,49.9782,50.0725,49.638,49.8324,2658997
2016-08-31,49.5991,50.0317,49.5262,49.5991,2298642
2016-09-01,49.7158,50.61,49.6186,50.5808,4210837
2016-09-02,50.8238,51.3001,50.6586,50.7558,1844300
2016-09-06,50.7655,50.853,49.7449,50.124,4087831
2016-09-07,50.2118,51.6943,50.0557,51.3237,5012572
2016-09-08,51.1871,52.0942,51.0798,52.0454,4518536
2016-09-09,51.5968,51.6163,50.6312,50.6312,5288543
2016-09-12,50.3581,51.8211,50.3288,51.4602,4733356
2016-09-13,51.1676,51.1676,50.2995,50.5629,4605836
2016-09-14,50.5531,51.2408,50.4556,50.8555,2171761
2016-09-15,50.7872,51.2261,50.4946,50.953,2826613
2016-09-16,50.6994,51.0603,49.8704,50.5141,6386667
2016-09-19,50.4654,50.6702,49.7046,49.8216,3319275
2016-09-20,50.6214,50.6214,47.9489,48.739,8364371
2016-09-21,48.6317,49.0608,47.6758,48.8462,7149860
2016-09-22,48.7195,49.1291,48.6317,48.8365,3814194
2016-09-23,48.5049,49.8216,48.5049,49.6558,4052153
2016-09-26,50.3288,50.3386,49.5094,49.8704,4567788
2016-09-27,49.8119,50.8067,49.5875,50.7677,4383770
2016-09-28,50.8067,53.0793,50.2703,52.816,11189671
2016-09-29,52.6892,54.5424,52.2454,53.2256,12488814
2016-09-30,53.4695,53.606,52.777,53.3914,8244036
2016-10-03,53.0501,53.6743,53.0111,53.5768,3130031
2016-10-04,54.1327,55.0105,53.9279,54.1815,5893290
2016-10-05,54.6789,55.4495,54.24,55.0203,5608823
2016-10-06,54.8545,55.2154,54.2985,54.8252,3971549
2016-10-07,55.1764,55.3909,53.5573,53.8596,4099205
2016-10-10,54.0449,54.7277,54.0254,54.3571,2727957
2016-10-11,54.279,54.4448,53.606,54.084,4396730
2016-10-12,54.1327,54.1912,53.5475,53.7913,3792940
2016-10-13,53.3622,54.0547,53.0306,53.8791,2529594
2016-10-14,54.2595,54.6204,53.6743,53.7523,2916572
2016-10-17,53.6938,54.24,53.5768,54.0254,3585994
2016-10-18,54.7472,54.9033,53.7036,53.7426,3747587
2016-10-19,53.9669,56.0152,53.6841,54.162,4288471
2016-10-20,54.0352,55.5958,53.9084,55.0983,6348723
2016-10-21,54.9715,56.9125,54.9715,56.2395,10802123
2016-10-24,56.5711,56.7565,54.9325,54.9618,5624072
2016-10-25,54.991,55.3617,54.5326,54.6106,4292284
2016-10-26,54.5131,55.6202,54.279,55.3812,4272643
2016-10-27,55.7226,55.8786,54.5814,55.0203,5563261
2016-10-28,54.9618,55.8152,54.9618,55.1471,3067704
2016-10-31,55.2837,55.7128,55.0886,55.2251,2900981
2016-11-01,55.0983,55.2251,53.9376,54.4546,4337646
2016-11-02,54.5424,54.6789,53.6743,53.7913,4722077
2016-11-03,54.0254,54.9813,53.8889,54.1327,5024804
2016-11-04,56.0249,56.181,55.0398,55.6055,7193446
2016-11-07,56.2883,58.2488,55.9274,56.2005,5485962
2016-11-08,56.0835,56.9904,56.0054,56.3078,4962504
2016-11-09,55.0105,56.3175,54.8594,56.0054,5032407
2016-11-10,56.0152,56.5224,55.6543,55.7421,4305612
2016-11-11,55.547,56.6053,55.547,56.3175,7196552
2016-11-14,56.4638,57.6245,56.2395,57.4099,5251125
2016-11-15,57.4002,58.0049,57.0978,57.7513,5003756
2016-11-16,57.5465,58.1122,57.4002,57.9171,3754173
2016-11-17,57.8684,58.6584,57.7416,58.5901,3630903
2016-11-18,58.4731,59.029,58.4438,58.5219,5428265
2016-11-21,58.5999,59.2046,58.4926,58.8047,5571526
2016-11-22,58.834,59.8289,58.6584,59.429,5325118
2016-11-23,58.8047,58.9315,58.278,58.5316,3703633
2016-11-25,58.4243,59.429,58.3756,59.4192,1191387
2016-11-28,59.2144,59.6045,58.951,58.9998,2527011
2016-11-29,58.99,59.7459,58.8437,59.4972,3811447
2016-11-30,59.468,59.8191,58.951,59.2241,3763910
2016-12-01,59.2436,59.6923,58.7852,59.0778,3900707
2016-12-02,59.0778,59.3802,58.3902,58.6974,4843048
2016-12-05,58.9218,59.7996,58.6096,59.4875,3621905
2016-12-06,59.4972,59.8386,59.4582,59.6435,4390201
2016-12-07,59.6044,62.2653,59.3403,62.0598,4828453
2016-12-08,62.2653,62.5098,61.825,62.1968,4220844
2016-12-09,62.1479,62.6468,60.7979,61.199,5665904
2016-12-12,60.6903,62.8326,58.0295,60.8272,18385307
2016-12-13,61.0914,62.0598,60.8664,61.6881,4681899
2016-12-14,61.7761,63.1457,61.7761,62.2555,5244383
2016-12-15,62.3337,63.1946,62.0207,62.637,3899861
2016-12-16,62.8522,63.6739,62.6859,63.1359,7637598
2016-12-19,63.4391,63.4636,62.6468,62.9402,3443467
2016-12-20,63.1555,63.5565,62.9794,63.2141,4011754
2016-12-21,63.1457,63.537,62.9989,63.2239,1672656
2016-12-22,63.0772,63.5859,62.9305,63.0968,2437510
2016-12-23,63.1457,63.3902,63.0674,63.2631,1550209
2016-12-27,63.3022,63.5468,63.1652,63.4391,1457772
2016-12-28,63.4,63.5468,63.0478,63.0968,2027011
2016-12-29,63.1848,63.5663,63.0772,63.0968,1583729
2016-12-30,63.1457,63.3022,61.8642,62.2359,3811897
2017-01-03,63.987,64.2707,62.4218,62.9892,3553848
2017-01-04,63.2533,65.425,63.0926,64.3098,5365542
2017-01-05,64.2413,64.4076,63.5957,64.0554,4186494
2017-01-06,64.075,64.075,62.7544,62.8913,5275519
2017-01-09,62.7348,62.9011,61.962,62.0989,3595729
2017-01-10,62.1087,62.2701,60.974,61.3261,6017299
2017-01-11,61.4533,61.7077,60.8077,61.6098,4293904
2017-01-12,61.2772,61.4435,60.6022,61.0033,4385832
2017-01-13,60.8566,61.4533,60.7881,60.9642,2641249
2017-01-17,60.8761,61.1598,60.6414,60.9055,3905045
2017-01-18,61.1403,62.143,60.8467,62.1087,3816346
2017-01-19,61.9913,62.0794,61.0865,61.2674,2727649
2017-01-20,61.9816,62.1968,61.2087,62.1087,3989279
2017-01-23,61.9326,62.1283,61.5443,61.8837,3401268
2017-01-24,61.9816,61.9816,61.4827,61.6098,3951454
2017-01-25,62.0207,62.5,61.3261,61.6294,4805317
2017-01-26,61.6685,62.9696,61.3066,62.7642,4382204
2017-01-27,62.8718,63.5321,62.4707,63.3315,1982382
2017-01-30,63.3022,63.3218,62.4022,62.9989,2217423
2017-01-31,62.6174,63.4,62.5489,63.087,3523867
2017-02-01,63.4098,63.7815,62.9207,63.1946,2123243
2017-02-02,63.087,63.9283,62.6468,62.7446,2919868
2017-02-03,62.8913,63.2924,62.4511,62.7544,2236489
2017-02-06,62.9305,63.7131,62.7544,63.2631,3849874
2017-02-07,63.4098,63.5174,62.7739,63.0674,2256517
2017-02-08,63.0674,63.0674,61.8593,62.1283,3600535
2017-02-09,62.2653,63.1555,62.1723,62.9794,2414866
2017-02-10,63.1555,63.4098,62.8033,62.9989,3838124
2017-02-13,63.2337,63.9967,63.0968,63.8794,3109141
2017-02-14,63.5565,64.121,63.0674,63.9087,3044420
2017-02-15,63.9576,64.3098,63.7424,63.8207,3541338
2017-02-16,63.7717,64.163,62.6859,63.9967,5978438
2017-02-17,63.7228,64.7011,63.5663,64.2609,6926670
2017-02-21,64.1826,66.3347,64.163,65.9924,5234944
2017-02-22,66.1489,66.6576,65.6304,65.6598,2751826
2017-02-23,66.0413,66.1293,64.7304,64.8674,3855985
2017-02-24,64.4663,65.513,64.388,65.513,2099930
2017-02-27,65.4445,65.7282,64.7402,64.7891,3058278
2017-02-28,64.613,64.7598,64.3098,64.4859,4249920
2017-03-01,65.0532,66.501,64.9407,65.7967,4397598
2017-03-02,65.9043,66.2643,65.3076,65.6891,2828867
2017-03-03,65.5228,67.0,65.4152,66.7554,6604539
2017-03-06,66.501,67.0978,65.8994,66.5108,5327256
2017-03-07,66.2956,66.7554,66.0021,66.4619,2440013
2017-03-08,66.5698,67.0504,66.2951,66.7071,2018764
2017-03-09,66.2657,66.7856,65.893,66.403,2476801
2017-03-10,66.7561,66.9132,65.8342,66.1186,2732885
2017-03-13,66.2461,66.7561,66.0401,66.609,1936129
2017-03-14,66.3834,67.0504,66.354,66.7071,2194159
2017-03-15,66.8444,67.1779,66.1676,66.8738,2271699
2017-03-16,66.8542,67.1877,65.8636,66.0107,2790765
2017-03-17,66.1284,66.2755,65.5399,65.6674,4081849
2017-03-20,65.7361,65.9617,65.2751,65.6282,2737553
2017-03-21,65.8832,66.1088,64.5983,64.7062,2693564
2017-03-22,64.8337,65.2555,64.4022,64.8533,2351481
2017-03-23,65.0495,66.0401,64.9024,65.4516,2534432
2017-03-24,65.5399,65.9519,65.3339,65.6184,2088072
2017-03-27,65.2456,66.4423,64.8239,66.1971,2807020
2017-03-28,66.0303,66.6826,65.5105,66.4717,2424979
2017-03-29,66.2951,66.9817,65.9126,66.9425,2075535
2017-03-30,66.7856,68.2666,66.7169,68.0116,2753574
2017-03-31,67.8351,68.1293,67.3741,68.0312,2828658
2017-04-03,68.041,68.4726,67.2956,67.5408,2267991
2017-04-04,67.3643,67.9332,67.1583,67.8743,1953540
2017-04-05,67.9528,68.7522,67.737,68.1784,2876672
2017-04-06,68.1097,68.1097,67.2662,67.5604,2407483
2017-04-07,67.5506,67.7566,66.9719,67.3545,2046832
2017-04-10,67.3054,67.6589,66.8542,66.9131,1648002
2017-04-11,66.8444,67.0112,66.3148,66.7267,1835308
2017-04-12,66.5011,66.5992,65.7753,65.8734,2290567
2017-04-13,65.942,66.0696,65.177,65.1868,2419685
2017-04-17,65.4712,65.8979,65.3143,65.893,1728412
2017-04-18,65.7066,67.276,65.4369,67.0798,3540879
2017-04-19,67.3152,67.9822,67.07,67.2564,2728181
2017-04-20,67.4231,67.6095,66.7758,67.3545,2045838
2017-04-21,67.3054,67.4624,65.0985,65.5595,5891673
2017-04-24,65.9126,66.2363,64.1667,64.6866,4313577
2017-04-25,64.461,65.4712,64.4217,65.1378,3065969
2017-04-26,65.1279,65.9126,65.0887,65.6282,2114610
2017-04-27,65.9322,66.0597,64.8141,65.0691,2236225
2017-04-28,65.2751,65.4614,64.7356,65.2849,2376092
2017-05-01,65.6086,65.687,64.7062,65.3732,2158095
2017-05-02,65.4026,65.7164,64.1667,64.4021,3277039
2017-05-03,64.1569,64.6179,61.0575,62.2443,6579548
2017-05-04,61.8814,63.0093,59.9099,62.6268,9512256
2017-05-05,64.049,64.7356,63.078,63.9509,4726303
2017-05-08,64.0686,64.4414,61.8814,62.156,4997699
2017-05-09,62.1854,62.6268,60.9103,62.3424,3169587
2017-05-10,61.8814,61.8814,60.7534,61.3321,4436852
2017-05-11,61.2732,61.8127,60.8121,61.5479,2636890
2017-05-12,61.4302,61.7244,60.822,61.0084,1877226
2017-05-15,61.0182,61.4792,60.6357,60.8907,2132463
2017-05-16,61.1163,61.2242,59.645,60.0276,3622354
2017-05-17,59.4489,60.0472,59.135,59.2233,3608007
2017-05-18,59.3704,59.9687,59.0958,59.2233,4385317
2017-05-19,59.3704,60.6847,58.9486,60.4788,4054410
2017-05-22,60.5082,60.9348,60.2345,60.8613,2633351
2017-05-23,60.7828,60.8515,60.1733,60.2924,1581399
2017-05-24,60.4591,60.7632,60.1256,60.4297,1647168
2017-05-25,60.6651,61.3027,60.312,60.4199,2479918
2017-05-26,60.4199,60.4984,60.0276,60.3905,2002119
2017-05-30,60.4199,60.5866,60.1649,60.3414,1672621
2017-05-31,60.4199,60.6455,59.7333,59.9393,3762298
2017-06-01,59.9883,60.8613,59.6499,60.5474,3283873
2017-06-02,60.567,60.9545,60.0276,60.1256,3125231
2017-06-05,59.8804,59.9197,58.5759,59.184,4019163
2017-06-06,58.929,60.3414,58.6348,59.7039,3670422
2017-06-07,59.9301,60.4417,59.7334,60.1761,2031629
2017-06-08,60.0679,60.1662,59.0349,59.3694,2128168
2017-06-09,59.3104,59.8416,58.7496,59.7236,2543127
2017-06-12,59.8318,62.3403,59.8318,61.632,4753203
2017-06-13,61.4451,61.7107,60.8057,60.845,2515881
2017-06-14,60.786,60.9532,59.5268,59.7531,2695098
2017-06-15,59.7334,60.6089,59.4973,60.5106,2378752
2017-06-16,60.5991,61.2385,59.9498,61.2189,3595385
2017-06-19,61.1598,61.5828,60.9336,61.2287,2030397
2017-06-20,61.0221,61.2779,59.5268,59.6744,2577314
2017-06-21,59.6744,62.1239,59.3202,61.514,5826935
2017-06-22,61.2582,62.3797,61.0713,61.5337,3926031
2017-06-23,61.3763,62.7929,61.1008,62.5764,4267950
2017-06-26,62.7338,63.6684,62.6945,63.3142,3226210
2017-06-27,63.2355,63.934,62.9601,62.9798,2348713
2017-06-28,63.3634,64.1701,63.1667,64.0914,2497220
2017-06-29,63.9734,64.1603,62.2026,62.5174,2615178
2017-06-30,62.8519,63.1372,62.3108,62.7437,2391240
2017-07-03,63.1273,63.816,62.8814,63.1175,988461
2017-07-05,63.0388,63.2749,62.2223,62.242,1589172
2017-07-06,62.1731,62.1829,61.0123,61.0615,1805173
2017-07-07,61.2287,62.1141,60.9481,61.7894,1836307
2017-07-10,61.7599,62.783,61.7599,62.665,1658782
2017-07-11,62.5764,63.029,62.1239,62.7338,1903518
2017-07-12,62.9503,63.3438,62.1928,62.3403,1361110
2017-07-13,62.419,62.842,61.7796,62.0649,1672729
2017-07-14,62.1534,63.2838,61.9567,62.9109,1426708
2017-07-17,62.9011,63.57,62.5174,63.5503,1371855
2017-07-18,63.57,63.57,62.6158,63.1568,1445205
2017-07-19,64.1111,65.449,63.2749,63.9242,2876612
2017-07-20,63.9438,65.2621,63.7176,64.7899,2851932
2017-07-21,64.6522,64.8489,64.0422,64.7604,1808054
2017-07-24,64.8194,65.4195,64.5046,65.1834,1628402
2017-07-25,65.2818,65.3014,64.4947,65.0063,1671699
2017-07-26,65.2522,66.1966,65.1735,65.5375,2016230
2017-07-27,65.9507,67.6329,65.9507,66.4623,3487307
2017-07-28,66.2852,66.5311,65.9114,66.3344,1523810
2017-07-31,66.3737,66.5213,64.6817,64.7604,2924807
2017-08-01,63.3339,63.5799,62.36,62.5863,2440945
2017-08-02,64.5144,64.6718,62.7142,63.7569,3634207
2017-08-03,63.8061,64.2783,63.2454,63.7766,1948150
2017-08-04,63.3339,63.5799,62.36,62.5863,2440945
2017-08-07,62.4584,63.5799,62.0255,63.4716,4139889
2017-08-08,64.6915,65.5769,63.511,64.6325,4540681
2017-08-09,64.0619,64.5046,61.6812,64.2882,5345807
2017-08-10,64.1406,65.4195,64.1406,65.1145,3893834
2017-08-11,65.0948,66.0786,64.9965,65.6261,2770862
2017-08-14,66.0786,66.4721,65.2031,65.2031,2256311
2017-08-15,65.3408,65.8228,64.7899,65.6162,2092887
2017-08-16,65.7638,65.8523,65.085,65.4391,1808631
2017-08-17,65.3703,66.0196,64.5193,64.6226,2756424
2017-08-18,64.7013,64.7702,63.7274,63.7471,1922117
2017-08-21,63.8651,64.1799,63.6389,63.9537,1357428
2017-08-22,64.0521,64.8686,63.816,64.5833,1237303
2017-08-23,64.2095,64.4357,63.3044,63.6684,1972608
2017-08-24,63.8455,64.0422,62.9404,62.9404,2233271
2017-08-25,63.0585,63.629,62.7142,62.8519,1792224
2017-08-28,63.088,63.5799,62.5076,62.7142,1301353
2017-08-29,62.3207,62.7142,62.0157,62.242,2210772
2017-08-30,62.2321,63.5012,62.0157,63.4618,2319840
2017-08-31,63.5208,63.934,62.9699,63.0191,1508741
2017-09-01,63.1864,63.6389,62.9798,63.2946,977372
2017-09-05,63.0585,63.4618,62.2813,62.6059,1735465
2017-09-06,62.783,62.783,60.8352,60.9729,3733172
2017-09-07,61.1406,61.1604,58.457,59.6903,6183504
2017-09-08,59.4338,59.5818,57.8947,58.6248,5201381
2017-09-11,58.9898,59.1181,57.1448,57.2238,5047231
2017-09-12,57.283,58.6544,56.8587,58.0328,3634048
2017-09-13,58.2104,59.789,58.2104,59.7002,3588771
2017-09-14,59.2759,59.3549,56.8193,57.3718,5421773
2017-09-15,57.1152,58.0466,57.1152,57.4507,4952980
2017-09-18,57.5592,58.018,56.6811,56.9475,2822953
2017-09-19,57.056,58.2005,56.6713,58.0624,4056804
2017-09-20,58.1216,58.5952,57.8848,58.2597,1793680
2017-09-21,58.2104,58.3584,57.7664,58.0032,1581857
2017-09-22,57.944,58.4669,57.5,58.4373,1988782
2017-09-25,58.605,59.9271,58.4669,59.2957,4654948
2017-09-26,59.197,59.4042,57.2139,57.2238,3754810
2017-09-27,57.2731,57.8749,56.7009,57.431,4550389
2017-09-28,57.1942,57.4211,56.1582,56.1582,3647141
2017-09-29,56.2963,57.3224,56.1484,57.2238,5982394
2017-10-02,57.5888,57.9243,56.8291,57.7664,3511908
2017-10-03,57.6579,58.2498,57.3718,58.1019,3558283
2017-10-04,58.0229,59.3351,57.8749,59.1674,4217996
2017-10-05,59.1082,59.4733,57.7269,58.1117,3967343
2017-10-06,57.9933,58.092,57.1547,57.5198,2352066
2017-10-09,57.5691,57.7072,57.0659,57.1448,1262520
2017-10-10,57.5395,57.7269,56.3555,56.6219,2848545
2017-10-11,56.5627,56.6219,55.6057,56.3358,4973413
2017-10-12,55.8425,56.5035,55.6156,55.7537,3857279
2017-10-13,55.6846,56.5529,55.4676,56.2371,2699990
2017-10-16,56.2273,56.8291,55.8228,56.1385,2987608
2017-10-17,55.9806,56.178,55.5958,55.9017,2288582
2017-10-18,55.951,57.0659,55.7537,56.1977,3243482
2017-10-19,56.0892,57.1152,55.9412,57.056,1966845
2017-10-20,57.5691,58.4768,57.431,58.1315,7968950
2017-10-23,58.0328,58.0328,57.0659,57.1744,3633097
2017-10-24,56.8785,57.3323,56.1385,56.178,4457105
2017-10-25,56.1878,56.6861,55.7932,56.5035,2290973
2017-10-26,56.3259,57.2336,56.0004,56.2766,6161269
2017-10-27,56.3062,56.4147,54.7671,55.9905,4936987
2017-10-30,55.7537,56.4739,55.3689,55.3689,4882154
2017-10-31,55.438,55.6945,55.0532,55.3689,5025223
2017-11-01,55.4577,55.951,54.994,55.438,7009898
2017-11-02,55.3196,55.3196,53.2773,53.7311,12759699
2017-11-03,53.2378,55.4479,52.044,54.6586,15150100
2017-11-06,54.4612,56.4838,53.89,56.1977,10498182
2017-11-07,56.4049,58.457,56.3654,56.839,15637219
2017-11-08,56.6022,57.0659,55.8425,56.4838,12565659
2017-11-09,56.0398,57.9144,55.9116,57.3027,12348663
2017-11-10,57.7269,58.1117,55.7241,55.9806,17567296
2017-11-13,55.8228,55.9806,54.5796,55.1716,21413836
2017-11-14,55.1716,55.9905,53.9679,55.655,23062473
2017-11-15,55.5761,55.9905,54.8855,55.29,29475697
2017-11-16,54.9249,56.8291,54.9052,55.6452,29783811
2017-11-17,55.5465,56.4838,54.4218,55.9806,29535496
2017-11-20,55.882,56.5233,55.1124,55.1815,10854900
2017-11-21,55.142,56.1089,55.0335,55.9806,14975149
2017-11-22,55.882,56.4542,55.1124,55.4873,6799756
2017-11-24,55.7438,56.1977,55.4577,55.7833,3207803
2017-11-27,55.9708,55.9905,54.7474,55.2111,6221659
2017-11-28,55.1223,55.1223,53.6818,54.0271,7858616
2017-11-29,54.0567,55.9905,53.8298,55.7833,7724115
2017-11-30,55.7734,56.0793,54.8658,55.3097,6163492
2017-12-01,55.142,56.5233,54.7671,56.3457,5410523
2017-12-04,56.7995,59.3351,56.7403,59.2957,6750877
2017-12-05,59.3549,59.4831,57.3027,57.3224,4501128
2017-12-06,57.5691,57.8355,56.543,56.6614,2798507
2017-12-07,56.5233,57.3224,56.2766,56.4345,2964510
2017-12-08,56.5631,57.1075,55.999,56.8799,2519846
2017-12-11,57.2758,57.3054,56.3256,57.0877,4317138
2017-12-12,57.2461,57.543,56.5928,57.3747,3253434
2017-12-13,57.2955,57.5529,56.5384,56.5829,3145222
2017-12-14,57.4044,57.9686,56.9194,57.5331,4458602
2017-12-15,57.9389,58.5129,57.6024,58.2952,4759997
2017-12-18,58.4535,58.9533,57.9785,58.3941,3653015
2017-12-19,58.4733,59.3938,58.3941,58.8494,3018790
2017-12-20,59.0177,59.8491,58.2358,59.4631,5498510
2017-12-21,59.2354,60.146,59.1562,59.9084,5008539
2017-12-22,59.7204,60.0371,59.3443,59.5521,2404502
2017-12-26,59.2552,59.7996,59.2552,59.5719,1647914
2017-12-27,59.7303,59.76,58.3645,58.6812,3696268
2017-12-28,58.701,58.9781,58.3384,58.6515,2136811
2017-12-29,58.6812,58.8296,58.2655,58.3941,2334987
2018-01-02,57.5925,58.9385,57.5925,58.5624,3177671
2018-01-03,58.5921,58.7999,58.1566,58.5921,2966279
2018-01-04,58.8197,58.889,56.8304,57.4044,6646527
2018-01-05,57.6617,57.6914,56.8007,56.9887,3170137
2018-01-08,56.9887,57.0481,55.8505,56.1771,3633141
2018-01-09,56.0584,56.2761,55.2913,55.4151,5276572
2018-01-10,55.6625,56.6621,55.1082,56.0782,3773426
2018-01-11,56.2662,57.2955,56.2464,57.1867,3483080
2018-01-12,57.1867,58.8395,56.672,58.2259,6280314
2018-01-16,58.5822,59.5818,57.8498,58.8197,5830865
2018-01-17,58.9187,60.3736,57.4341,58.2952,5879816
2018-01-18,58.6713,60.9576,58.4139,59.3839,7368913
2018-01-19,59.374,59.5719,57.0778,57.157,6221146
2018-01-22,56.5928,57.6617,55.9792,57.6519,6673917
2018-01-23,57.4539,57.929,56.573,56.9293,4838921
2018-01-24,57.1669,58.6713,57.0184,58.6218,3909427
2018-01-25,58.6812,59.4829,57.8696,58.6614,4618556
2018-01-26,58.9781,59.4532,58.7999,59.3839,2829344
2018-01-29,58.701,58.9187,57.9884,58.1269,4499715
2018-01-30,57.9389,58.6812,57.7607,57.8003,2663067
2018-01-31,57.8993,58.5179,56.5631,57.0184,4435144
2018-02-01,57.0679,58.9781,57.0679,58.3249,3933301
2018-02-02,58.4733,58.4832,54.7222,54.8311,7625902
2018-02-05,54.6827,55.6031,53.4356,53.5247,4686617
2018-02-06,52.5547,54.2571,52.3357,53.2574,4368497
2018-02-07,53.3564,54.3362,52.7527,52.8912,4062203
2018-02-08,53.0001,53.4158,51.2087,51.2681,4790143
2018-02-09,51.5452,52.6933,50.1101,52.2182,4509499
2018-02-12,52.6438,53.0397,52.1786,52.6141,4591383
2018-02-13,52.4855,54.1383,52.436,54.1086,4699402
2018-02-14,53.7127,55.519,53.5049,55.2765,4108214
2018-02-15,55.4942,56.484,54.8708,56.1574,5333672
2018-02-16,56.4147,56.8898,54.455,54.8212,5503864
2018-02-20,54.6431,56.1771,54.5342,55.6724,3267535
2018-02-21,55.2765,55.6625,54.7519,54.8113,2638074
2018-02-22,55.1676,55.4794,53.6335,53.7622,2833222
2018-02-23,54.1284,54.6332,53.683,54.554,2855572
2018-02-26,54.6827,55.2468,54.163,55.1082,1982051
2018-02-27,55.0291,55.5041,53.5742,53.594,2437258
2018-02-28,53.6335,53.881,52.4063,52.4261,3082288
2018-03-01,52.5052,52.6141,51.1196,51.5749,2594559
2018-03-02,51.3671,52.8912,51.2384,52.7725,3410997
2018-03-05,52.5547,53.2475,52.4558,52.8616,2390342
2018-03-06,52.911,53.1981,51.5304,52.6834,3460589
2018-03-07,52.3469,52.525,51.2681,51.5749,3806027
2018-03-08,51.6444,52.3843,51.6444,52.2999,2106083
2018-03-09,52.5283,52.8362,50.1944,51.8232,8606576
2018-03-12,51.9225,52.4787,51.7437,51.9324,8704397
2018-03-13,52.0913,52.3396,51.3763,51.5451,5230548
2018-03-14,51.4259,51.7636,50.7307,50.9194,3215862
2018-03-15,51.0982,51.4259,50.2838,50.691,2536943
2018-03-16,50.7903,51.3465,50.5817,50.6016,5182608
2018-03-19,50.6115,50.9095,49.7971,50.4625,4029911
2018-03-20,50.5619,50.6512,49.7375,49.9163,2609335
2018-03-21,49.9064,50.8697,49.7673,50.5221,2815177
2018-03-22,50.1447,50.5917,49.8865,49.9163,2488229
2018-03-23,50.0454,50.6016,48.9033,48.9331,2825832
2018-03-26,49.519,51.4061,49.2708,51.3365,4735146
2018-03-27,51.6643,52.4389,51.2769,51.992,4267378
2018-03-28,52.0715,53.0646,51.2968,51.5252,3730243
2018-03-29,51.5451,51.7239,50.3036,51.0386,4046088
2018-04-02,51.0485,51.1578,49.9809,50.3632,3175222
2018-04-03,51.3365,52.6475,50.7406,52.4985,5425411
2018-04-04,51.565,53.5215,51.2372,53.4222,6509032
2018-04-05,53.3328,53.5016,52.1708,52.5184,6397705
2018-04-06,52.28,52.9455,51.7934,52.4787,3243094
2018-04-09,52.6177,52.9057,52.2403,52.4886,2654273
2018-04-10,52.727,52.8461,51.7239,51.7636,3985517
2018-04-11,51.3862,51.9821,49.8269,50.6612,6767605
2018-04-12,50.8002,50.8946,49.3105,49.7177,6522450
2018-04-13,49.8369,50.9989,49.4247,49.7276,2951414
2018-04-16,49.9858,50.8102,49.5389,50.5519,3180953
2018-04-17,50.7208,51.2422,50.1944,50.7903,2222071
2018-04-18,50.9591,51.4954,50.8002,50.8201,1281275
2018-04-19,50.9095,51.6345,50.5817,50.6016,2446930
2018-04-20,50.6512,50.6711,48.7047,48.9927,4512591
2018-04-23,49.0225,49.6879,48.8834,49.3701,2307733
2018-04-24,49.6084,50.2441,49.241,49.6084,2477684
2018-04-25,49.5985,50.4725,49.3502,50.0752,2375919
2018-04-26,50.0256,50.2459,49.529,49.6879,1746613
2018-04-27,49.8468,49.9362,49.1317,49.6283,4060685
2018-04-30,49.8369,49.8369,48.8139,48.8636,2281527
2018-05-01,48.804,49.3005,48.1981,49.2708,2262106
2018-05-02,49.1814,49.7177,48.5259,48.655,2429580
2018-05-03,48.5954,48.7841,47.2149,48.4067,3956043
2018-05-04,49.6581,52.9157,49.0423,52.8064,8772506
2018-05-07,52.6078,52.6574,51.1876,52.0615,4781997
2018-05-08,52.0615,52.3694,50.5321,50.9194,2854324
2018-05-09,50.9393,51.565,50.6413,51.0882,1655779
2018-05-10,51.3266,52.0317,50.9989,51.9622,1764877
2018-05-11,51.9821,52.2304,51.5848,52.1609,2489509
2018-05-14,52.7369,55.0907,52.2105,53.2831,9292673
2018-05-15,53.9982,55.1205,53.6009,54.0479,6122269
2018-05-16,54.1472,54.2564,53.0448,53.4619,4001139
2018-05-17,52.7369,53.5314,49.6084,51.2571,11988745
2018-05-18,51.267,52.29,50.9989,51.3961,5354984
2018-05-21,52.0019,52.2204,51.4756,51.6444,3563978
2018-05-22,51.6742,51.9225,51.1379,51.1677,1980390
2018-05-23,50.8399,51.0733,50.0256,50.1646,3718279
2018-05-24,50.3732,50.542,49.9064,50.254,2515421
2018-05-25,50.2838,51.0908,50.2738,50.6215,1987344
2018-05-29,50.3334,50.6215,49.7177,49.9262,3026569
2018-05-30,50.3136,51.1578,49.956,50.8797,3598549
2018-05-31,50.6512,50.7506,49.519,50.0256,5211473
2018-06-01,50.1547,50.2143,49.529,49.6382,2108119
2018-06-04,49.7574,49.8369,49.6084,49.7673,2444430
2018-06-05,49.956,50.0851,49.5389,49.8865,2243554
2018-06-06,50.0454,50.4526,49.4495,50.2937,4369180
2018-06-07,50.5828,51.4317,50.3796,50.8419,4457901
2018-06-08,50.832,51.2605,50.7717,50.9615,1985058
2018-06-11,50.9017,52.1775,50.8818,51.8187,4556608
2018-06-12,52.0479,52.2822,51.7788,52.2074,1987269
2018-06-13,53.9217,54.8337,53.3736,54.0812,6966018
2018-06-14,54.4101,55.1577,54.4002,54.9384,2948789
2018-06-15,54.9782,56.1643,54.9782,55.9251,4680676
2018-06-18,55.8155,56.7623,55.7549,56.1245,4023702
2018-06-19,55.5264,56.553,55.367,56.274,3480437
2018-06-20,56.8122,58.3072,56.8122,58.0082,4075166
2018-06-21,57.6793,57.9783,56.0547,56.2142,3639108
2018-06-22,56.5929,56.8022,56.1843,56.5132,5919278
2018-06-25,56.4434,56.7823,55.4317,56.0547,3253695
2018-06-26,55.9251,56.0826,55.2075,55.6759,2412938
2018-06-27,55.955,56.4025,55.4567,55.5264,2490410
2018-06-28,55.8155,56.0746,54.9284,55.9451,2238956
2018-06-29,55.9351,56.558,55.6161,56.0348,2435378
2018-07-02,55.7856,56.1045,55.3121,55.7955,1766741
2018-07-03,55.8952,56.1643,55.3271,55.4567,888084
2018-07-05,55.7955,56.7723,55.6759,56.7125,2019977
2018-07-06,56.872,58.0581,56.8122,57.9584,2642039
2018-07-09,58.0082,58.2175,57.1511,58.1777,2437069
2018-07-10,58.387,58.7458,57.7092,58.5465,2454697
2018-07-11,58.1976,59.3937,57.7989,59.1046,4434191
2018-07-12,59.2541,59.3189,58.8156,58.9252,1718537
2018-07-13,58.7059,58.8654,58.3969,58.8156,1143855
2018-07-16,58.8156,58.8754,58.2275,58.6362,2507240
2018-07-17,58.2076,58.6162,57.4401,57.8288,1851296
2018-07-18,57.8288,58.364,57.6893,58.0282,2102980
2018-07-19,58.0182,58.1777,57.2308,57.2507,1645714
2018-07-20,57.1511,57.181,56.274,57.0414,2313790
2018-07-23,57.0614,57.161,56.6128,56.6826,1256920
2018-07-24,57.161,57.2496,56.1045,56.4733,2123297
2018-07-25,56.6128,57.1411,56.3238,57.1212,2314931
2018-07-26,57.3604,58.3272,57.3404,57.3404,1492680
2018-07-27,57.6095,57.6793,53.0347,53.832,15414301
2018-07-30,53.1144,53.2739,50.7423,51.111,15733867
2018-07-31,51.2306,52.7955,50.8419,52.4965,10900185
2018-08-01,52.5064,52.8254,51.8386,52.3768,4070612
2018-08-02,52.2772,52.7855,51.4499,52.5463,5450525
2018-08-03,52.028,53.0147,51.0413,52.9848,8243103
2018-08-06,52.7357,52.8154,52.1277,52.6759,3676004
2018-08-07,52.7755,53.6227,52.5264,53.0446,3220715
2018-08-08,52.9749,53.3237,52.8303,52.9848,1970968
2018-08-09,53.1244,54.6095,52.9549,53.3935,4561540
2018-08-10,53.0347,53.1443,52.2423,52.3469,2406403
2018-08-13,52.4067,52.7157,51.9084,52.038,1734864
2018-08-14,52.317,52.6061,52.1077,52.3968,1104064
2018-08-15,52.0679,52.7157,51.6991,52.626,2286067
2018-08-16,52.8254,53.2639,52.6161,52.8054,1432128
2018-08-17,52.7955,53.3835,52.7257,53.0446,1525883
2018-08-20,53.2739,53.533,53.0247,53.3835,1074768
2018-08-21,53.5231,54.1111,53.3486,53.7922,2038535
2018-08-22,53.8221,53.8221,53.1244,53.2041,1389253
2018-08-23,53.1044,53.2639,52.5164,52.7058,1729069
2018-08-24,52.7656,53.2639,52.7207,52.925,1149526
2018-08-27,53.1543,53.5829,53.0845,53.4832,2138975
2018-08-28,53.4633,53.6925,53.0845,53.2141,1247840
2018-08-29,53.3636,53.9417,52.945,53.7124,1665410
2018-08-30,53.5231,53.6028,52.5363,52.8353,1839803
2018-08-31,52.6759,53.0745,52.5862,52.8453,1708079
2018-09-04,52.6659,52.7157,52.0699,52.4167,1984347
2018-09-05,53.1144,53.533,52.4067,52.7755,3906091
2018-09-06,51.3303,55.4766,51.3303,54.44,9002833
2018-09-07,54.85,57.145,54.51,56.06,6751947
2018-09-10,56.23,56.25,53.87,55.2,11239182
2018-09-11,54.68,55.84,54.68,55.4,4247511
2018-09-12,55.26,55.67,54.8,55.14,4065178
2018-09-13,55.4,56.72,55.35,56.21,3297320
