date,open,high,low,close,volume
2013-09-16,18.6433,18.6917,18.3976,18.4258,3126655
2013-09-17,18.458,18.9253,18.4258,18.9253,3329830
2013-09-18,18.9173,19.6585,18.8931,19.586,7326973
2013-09-19,19.6263,19.8438,19.3523,19.5054,5124121
2013-09-20,19.5054,19.6263,19.2395,19.2718,5226122
2013-09-23,19.2395,19.5457,19.1429,19.5376,3785029
2013-09-24,19.4973,19.5296,19.3443,19.3604,2628377
2013-09-25,19.3443,19.5135,19.2959,19.3362,2046806
2013-09-26,19.3282,19.5239,19.304,19.4087,2766554
2013-09-27,19.3201,19.4732,19.2073,19.2798,2304539
2013-09-30,19.1831,19.3765,19.1106,19.312,3036176
2013-10-01,19.3523,19.6424,19.2879,19.4893,2888724
2013-10-02,19.4329,19.8196,19.3604,19.6665,3749201
2013-10-03,19.5779,19.5779,19.1992,19.2315,3406444
2013-10-04,19.2234,19.4812,19.1992,19.441,2884445
2013-10-07,19.3282,19.445,19.2315,19.2315,1365851
2013-10-08,19.2154,19.3926,19.1348,19.2154,2871624
2013-10-09,19.2959,19.5981,19.1912,19.2798,2248641
2013-10-10,19.3523,19.6263,19.1992,19.6101,1577500
2013-10-11,19.5296,19.7068,19.4651,19.7068,1450845
2013-10-14,19.6263,19.6827,19.3201,19.6665,2343251
2013-10-15,19.5779,19.7165,19.3604,19.3684,2088466
2013-10-16,19.4812,19.6424,19.4007,19.6182,2584437
2013-10-17,19.5537,19.9405,19.4732,19.8841,1828591
2013-10-18,19.9566,20.0049,19.7954,19.8196,2679753
2013-10-21,19.7793,19.8921,19.7149,19.8196,1839754
2013-10-22,19.868,20.0935,19.7874,19.9082,3481395
2013-10-23,19.8921,20.154,19.8116,19.8841,3514402
2013-10-24,19.9566,20.0049,19.6827,19.8357,1846930
2013-10-25,19.8277,20.0533,19.7229,20.0372,2429929
2013-10-28,20.0935,20.1741,19.9002,20.013,2690262
2013-10-29,20.013,20.0855,19.7793,19.9808,2056524
2013-10-30,20.0452,20.1499,19.6907,19.7229,2753590
2013-10-31,19.7471,19.9405,19.5376,19.8196,3046297
2013-11-01,19.8518,19.9163,19.6504,19.6665,3496614
2013-11-04,19.7229,19.8035,19.5135,19.6988,2264567
2013-11-05,19.6746,19.7391,19.5296,19.5457,2911168
2013-11-06,19.5376,20.2748,19.3926,20.1822,6946956
2013-11-07,20.2466,20.3836,19.8921,19.9244,3673991
2013-11-08,19.8599,20.0049,19.6182,19.9969,9744771
2013-11-11,20.0372,20.2426,19.9485,20.1419,2677542
2013-11-12,20.0613,20.158,19.9888,20.0613,12282452
2013-11-13,19.9537,20.303,19.8643,20.2949,3029183
2013-11-14,20.3518,20.4249,20.1649,20.2624,2642954
2013-11-15,20.2461,20.368,20.1405,20.368,7228334
2013-11-18,20.368,20.3924,20.1649,20.238,4160317
2013-11-19,20.1811,20.2543,19.9862,20.0512,1856599
2013-11-20,20.0674,20.1405,19.7912,19.8155,2351002
2013-11-21,19.8805,20.043,19.7831,19.9374,2765628
2013-11-22,19.9374,20.3518,19.8724,20.2949,8578105
2013-11-25,20.3193,20.3355,20.1487,20.2055,3862750
2013-11-26,19.6612,19.6856,18.6375,19.1575,22806783
2013-11-27,19.1412,19.1575,18.9787,19.0519,9252757
2013-11-29,19.0275,19.1737,18.9706,19.0356,3062061
2013-12-02,18.8244,19.0275,18.6619,18.7919,6728493
2013-12-03,18.7025,18.8244,18.6213,18.7269,5254835
2013-12-04,18.5238,18.7594,18.4425,18.7594,3277257
2013-12-05,18.6863,18.8731,18.5481,18.8406,4889339
2013-12-06,18.8975,19.0925,18.6944,18.9787,6625838
2013-12-09,18.9787,18.995,18.6944,18.9219,3158046
2013-12-10,18.865,19.0925,18.8162,18.8812,4628472
2013-12-11,18.8406,18.9056,18.4872,18.5644,3826214
2013-12-12,18.54,18.7187,18.5319,18.5644,2201831
2013-12-13,18.5563,18.607,18.3775,18.4263,3138096
2013-12-16,18.5563,18.6944,18.3856,18.5156,3075099
2013-12-17,18.4831,18.7025,18.4019,18.5969,4910618
2013-12-18,18.5644,18.7106,18.2475,18.6781,3646492
2013-12-19,18.5806,18.5969,18.3369,18.4913,2522770
2013-12-20,18.5075,19.1006,18.5075,18.8894,6128664
2013-12-23,18.93,18.9787,18.7025,18.735,2700072
2013-12-24,18.7512,18.865,18.6538,18.8081,744952
2013-12-26,18.8162,18.8894,18.6822,18.7431,1472751
2013-12-27,18.7431,18.8812,18.6944,18.7837,1436856
2013-12-30,18.8,18.8691,18.7391,18.7756,2159157
2013-12-31,18.7837,18.8731,18.7106,18.8325,1945909
2014-01-02,18.8244,18.9219,18.5319,18.54,2980414
2014-01-03,18.5725,18.6863,18.4425,18.5319,3188368
2014-01-06,18.6294,18.6375,18.4344,18.5563,2697805
2014-01-07,18.5888,18.8487,18.5319,18.7512,2760279
2014-01-08,18.7025,18.7675,18.4913,18.5563,2521658
2014-01-09,18.5644,18.7756,18.4506,18.7675,3654352
2014-01-10,18.8731,19.2387,18.865,18.995,5118820
2014-01-13,18.9219,18.9787,18.6863,18.7187,5265559
2014-01-14,18.7187,18.9137,18.6863,18.8731,3566023
2014-01-15,18.8569,19.0681,18.7594,19.06,6575695
2014-01-16,19.0519,19.19,18.8975,19.1412,5047987
2014-01-17,19.1575,19.1737,19.0194,19.0275,2868117
2014-01-21,19.0925,19.2834,19.0681,19.2631,2551926
2014-01-22,19.2468,19.3931,19.2387,19.3281,1707990
2014-01-23,19.2631,19.3037,19.0194,19.1493,2523739
2014-01-24,19.0519,19.2062,18.8081,18.8081,2803057
2014-01-27,18.8244,18.9259,18.7594,18.8325,2559918
2014-01-28,18.8325,18.9869,18.8,18.9625,2212761
2014-01-29,18.8487,18.9869,18.7025,18.8081,2779395
2014-01-30,18.8975,19.19,18.8894,19.1331,2780052
2014-01-31,18.9625,19.3118,18.9544,19.0112,7158889
2014-02-03,19.0681,19.2062,18.6538,18.7269,4106114
2014-02-04,18.8081,18.8284,18.5806,18.735,3668640
2014-02-05,18.6619,18.7594,18.3775,18.7187,5107631
2014-02-06,18.7187,18.8569,18.6456,18.8325,4360168
2014-02-07,18.8812,19.0681,18.8325,18.9544,3171184
2014-02-10,18.9219,19.0356,18.7675,19.0112,3059382
2014-02-11,18.9787,19.1493,18.93,19.1412,3701501
2014-02-12,19.1063,19.3033,19.1063,19.1228,3340972
2014-02-13,19.0571,19.3033,18.9997,19.2869,3591324
2014-02-14,19.2377,19.7465,19.1884,19.7383,5372737
2014-02-18,19.6973,19.8204,19.4675,19.7711,5915385
2014-02-19,19.6891,20.083,19.6398,19.8122,5924325
2014-02-20,19.845,20.1405,19.7465,19.9271,3884496
2014-02-21,19.9107,20.1322,19.8286,20.0912,3749589
2014-02-24,20.1487,20.2718,20.0009,20.0091,3178622
2014-02-25,19.9927,20.0912,19.6891,19.8532,5774541
2014-02-26,19.9271,20.0009,19.3115,19.3279,10724668
2014-02-27,19.3033,19.5167,19.2459,19.3361,7500598
2014-02-28,19.369,19.4757,19.3279,19.41,2565783
2014-03-03,19.3115,19.3608,19.1228,19.2705,4131898
2014-03-04,19.4182,19.5085,19.2869,19.3772,2064939
2014-03-05,19.3772,19.3772,19.0735,19.1474,3139302
2014-03-06,19.1966,19.275,19.0489,19.0817,3322525
2014-03-07,19.0653,19.0653,18.8848,19.0325,2119468
2014-03-10,19.0489,19.0735,18.8848,18.9504,3435475
2014-03-11,19.0079,19.2048,18.8273,19.131,5707428
2014-03-12,19.0981,19.2541,19.0407,19.2212,8262510
2014-03-13,19.2869,19.7957,19.2541,19.648,10242877
2014-03-14,19.6234,19.7137,19.5085,19.6152,4598907
2014-03-17,19.648,19.9107,19.6152,19.9024,4702707
2014-03-18,19.9107,19.9189,19.7137,19.7383,3050928
2014-03-19,19.7547,19.7793,19.4839,19.5906,6345736
2014-03-20,19.5085,19.5331,19.3444,19.451,2241553
2014-03-21,19.5167,19.7219,19.369,19.4675,6313168
2014-03-24,19.5167,19.5906,19.2212,19.3197,5560801
2014-03-25,19.3608,19.4018,19.0981,19.1966,5681764
2014-03-26,19.2377,19.3936,19.1063,19.1063,5426339
2014-03-27,19.1966,19.2623,19.0079,19.1966,6396004
2014-03-28,19.3033,19.3854,19.2212,19.3197,2739976
2014-03-31,19.3854,19.5495,19.3033,19.4428,3592016
2014-04-01,19.4675,19.8122,19.4018,19.5495,5407899
2014-04-02,19.5167,19.7465,19.2951,19.6726,4847424
2014-04-03,19.7383,19.7793,19.4264,19.5906,6579509
2014-04-04,19.6562,19.8286,19.5167,19.5331,3865631
2014-04-07,19.5331,19.607,19.1802,19.1966,4904649
2014-04-08,19.2787,19.451,19.0325,19.4428,5740801
2014-04-09,19.4428,19.6234,19.3115,19.5824,3842055
2014-04-10,19.6152,19.8778,19.5577,19.6644,4129771
2014-04-11,19.6316,19.9763,19.5668,19.6973,7084796
2014-04-14,19.7629,19.8368,19.5742,19.7383,5813350
2014-04-15,19.7875,20.083,19.7547,20.0748,4810227
2014-04-16,20.1487,20.2964,19.9845,20.2718,5560697
2014-04-17,20.2143,20.362,20.0748,20.1979,3965895
2014-04-21,20.2143,20.2389,19.9845,20.0256,3559260
2014-04-22,20.083,20.2307,19.9435,20.1487,5425518
2014-04-23,20.1979,20.3867,20.1651,20.2061,2971683
2014-04-24,20.2225,20.3374,20.0502,20.1569,3745642
2014-04-25,20.1651,20.4359,20.0912,20.4031,4498074
2014-04-28,20.4277,20.4852,20.1938,20.3703,5253402
2014-04-29,20.3785,20.4687,20.1651,20.1815,4381308
2014-04-30,20.2061,20.4031,20.1897,20.321,5082945
2014-05-01,20.7067,20.9694,20.1651,20.3046,4730327
2014-05-02,20.2307,20.2636,19.886,19.9353,4531259
2014-05-05,19.9189,20.124,19.8942,20.083,3145987
2014-05-06,20.0912,20.0912,19.8942,19.9024,2743478
2014-05-07,19.9435,20.1405,19.9189,20.1158,3346084
2014-05-08,20.1568,20.2225,19.9271,19.9927,3067300
2014-05-09,19.9763,20.0338,19.6398,19.6562,3727230
2014-05-12,19.6562,19.7465,19.4757,19.4757,3759977
2014-05-13,19.5003,19.5824,19.3279,19.4264,5308731
2014-05-14,19.4409,19.7891,19.4078,19.6482,3903886
2014-05-15,19.6482,19.7477,19.5238,19.5238,2965256
2014-05-16,19.5487,19.7974,19.4409,19.7974,5125649
2014-05-19,19.7477,19.756,19.4575,19.4907,3287675
2014-05-20,19.4907,19.6275,19.3871,19.5985,3624197
2014-05-21,19.6233,19.6731,19.499,19.6316,3494069
2014-05-22,19.6316,19.9881,19.5736,19.9218,3862955
2014-05-23,19.8969,19.9384,19.7643,19.7891,2563769
2014-05-27,19.8969,19.9964,19.7808,19.8637,2888448
2014-05-28,19.8886,19.9549,19.8306,19.9052,2664629
2014-05-29,19.9052,19.9632,19.7808,19.9467,1822786
2014-05-30,19.9052,20.0296,19.8555,19.9964,4123565
2014-06-02,19.9715,20.0213,19.872,19.9632,1709314
2014-06-03,19.9218,19.984,19.8472,19.9135,5392901
2014-06-04,19.8886,19.9052,19.7974,19.8472,2108643
2014-06-05,19.8389,19.9798,19.7726,19.9798,3267554
2014-06-06,20.0378,20.0959,19.9135,19.9384,3430770
2014-06-09,19.9052,19.9632,19.7974,19.8389,2401024
2014-06-10,19.814,19.9549,19.7477,19.8057,3554301
2014-06-11,19.756,19.838,19.5653,19.7394,2832008
2014-06-12,19.7228,19.8886,19.5902,19.8555,3110190
2014-06-13,19.8555,19.9301,19.7228,19.9052,2173796
2014-06-16,20.0461,20.5063,19.9881,20.4192,5626959
2014-06-17,20.3529,20.4026,20.0378,20.2948,4779890
2014-06-18,20.3031,20.5767,20.27,20.5353,5618165
2014-06-19,20.5601,20.7197,20.5104,20.7011,5703205
2014-06-20,20.7177,20.7342,20.3363,20.3778,12311042
2014-06-23,20.4358,20.5436,20.3612,20.4026,3397739
2014-06-24,20.4192,20.6596,20.3612,20.527,9087415
2014-06-25,20.4855,20.8006,20.4855,20.7757,3452651
2014-06-26,20.7342,20.9,20.6016,20.8586,5318166
2014-06-27,20.8586,21.0659,20.7923,21.0244,3334877
2014-06-30,21.041,21.3477,20.9829,21.1736,6810864
2014-07-01,21.2068,21.24,21.041,21.041,4410315
2014-07-02,21.0078,21.0161,20.6099,20.6513,2982107
2014-07-03,20.6596,20.7342,20.4441,20.5353,1931619
2014-07-07,20.527,20.6679,20.4938,20.5436,2465880
2014-07-08,20.5104,20.7508,20.5104,20.585,2977094
2014-07-09,20.643,20.7384,20.5353,20.643,2051919
2014-07-10,20.6016,20.7757,20.5353,20.7757,2049752
2014-07-11,20.7591,20.8462,20.6513,20.7011,1817444
2014-07-14,20.7259,20.8006,20.4689,20.4938,2253606
2014-07-15,20.527,20.6845,20.4897,20.643,2708045
2014-07-16,20.643,20.6845,20.4689,20.6596,2523407
2014-07-17,20.7259,20.8089,20.5601,20.784,2906255
2014-07-18,20.7259,20.8089,20.5601,20.784,2906255
2014-07-21,20.7177,20.9166,20.6762,20.8337,2195693
2014-07-22,20.8669,20.9581,20.8254,20.8254,1288929
2014-07-23,20.8254,20.8337,20.7177,20.7259,1192214
2014-07-24,20.7674,20.9083,20.6513,20.8586,2250326
2014-07-25,20.784,20.842,20.6099,20.6182,1339566
2014-07-28,20.5933,20.9249,20.585,20.8503,2244738
2014-07-29,20.8752,20.9166,20.6348,20.7094,2983340
2014-07-30,20.7425,20.8089,20.2907,20.3612,3241193
2014-07-31,20.27,20.4358,20.1456,20.1622,4623889
2014-08-01,20.1373,20.4358,20.1042,20.3031,3434679
2014-08-04,20.2948,20.2948,19.8803,20.27,5408517
2014-08-05,20.1456,20.1954,19.7891,19.8472,4632279
2014-08-06,19.8803,19.9052,19.4575,19.5321,9841033
2014-08-07,19.5653,19.9052,19.5653,19.7974,3876005
2014-08-08,19.8886,20.1871,19.872,20.1705,2854554
2014-08-11,20.1954,20.3529,20.1125,20.1954,4147743
2014-08-12,20.1954,20.3363,20.1332,20.2202,3571932
2014-08-13,20.2349,20.3856,20.1512,20.2851,2980494
2014-08-14,20.327,20.5447,20.2684,20.5112,2438763
2014-08-15,20.5112,20.6786,20.3354,20.5195,4625759
2014-08-18,20.5781,20.6702,20.3772,20.4191,2434215
2014-08-19,20.4274,20.6451,20.4107,20.6367,2548916
2014-08-20,20.7874,20.8544,20.5363,20.7037,2588548
2014-08-21,20.7121,20.846,20.6535,20.6702,1732288
2014-08-22,20.6367,20.7205,20.4777,20.5279,2102597
2014-08-25,20.553,20.8042,20.5363,20.754,2845287
2014-08-26,20.8126,20.8293,20.5279,20.5614,1718723
2014-08-27,20.6033,20.6953,20.553,20.62,1759528
2014-08-28,20.553,20.8042,20.553,20.7958,993206
2014-08-29,20.8209,20.846,20.6786,20.7958,2789130
2014-09-02,20.8042,20.846,20.6033,20.7121,2273118
2014-09-03,20.7288,20.9046,20.7288,20.8293,1577345
2014-09-04,20.7958,20.8628,20.6116,20.7205,2362104
2014-09-05,20.7372,20.98,20.7372,20.9465,2073542
2014-09-08,20.9465,21.0051,20.7234,20.8042,2578247
2014-09-09,20.754,20.8879,20.6573,20.6702,2935537
2014-09-10,20.6702,20.7121,20.5112,20.6033,3226738
2014-09-11,20.6116,20.7456,20.5698,20.7205,1775716
2014-09-12,20.6535,20.6786,20.2516,20.3019,2217801
2014-09-15,20.3354,20.4609,20.2851,20.3186,2884552
2014-09-16,20.2851,20.5363,20.2768,20.4526,2780836
2014-09-17,20.5112,20.6074,20.2265,20.394,4665215
2014-09-18,20.4023,20.4526,20.2098,20.2768,2475724
2014-09-19,20.2768,20.327,20.1177,20.1428,7954095
2014-09-22,20.2349,20.2349,19.9461,19.967,4821030
2014-09-23,19.9251,19.9879,19.8665,19.9754,5104839
2014-09-24,20.0005,20.1009,19.9168,19.9837,3850960
2014-09-25,19.9586,20.2684,19.9251,20.0423,4138893
2014-09-26,20.0423,20.5112,19.9335,20.4191,6338509
2014-09-29,20.3856,20.5195,20.3354,20.4777,3074043
2014-09-30,20.5028,20.6786,20.4191,20.4861,3960344
2014-10-01,20.5279,20.7205,20.5028,20.5447,2986961
2014-10-02,20.5447,20.6619,20.4526,20.5363,3064352
2014-10-03,20.5698,20.7874,20.4777,20.7037,2168482
2014-10-06,20.7205,20.7958,20.5195,20.6116,1999292
2014-10-07,20.5781,20.6953,20.4861,20.4944,3215110
2014-10-08,20.4861,20.754,20.4358,20.7205,4941753
2014-10-09,20.7205,20.7958,20.1763,20.2516,4097928
2014-10-10,20.3354,20.4777,20.0423,20.1595,5240939
2014-10-13,20.1261,20.2181,19.3642,19.3893,10151111
2014-10-14,19.4898,19.5107,18.947,19.0963,9142661
2014-10-15,18.8452,18.9121,17.6396,18.5354,9789012
2014-10-16,18.5082,19.2899,18.4,19.0575,9927082
2014-10-17,19.0293,19.5233,18.8619,19.3977,7457587
2014-10-20,19.3893,19.7996,19.3056,19.7075,3750890
2014-10-21,19.7828,20.0842,19.6991,19.9837,3943397
2014-10-22,19.9837,20.2265,19.6823,19.6907,5155016
2014-10-23,19.833,20.1093,19.741,19.9419,3148153
2014-10-24,19.9921,20.2098,19.9251,20.0926,2016675
2014-10-27,20.1093,20.2768,20.0089,20.1009,3847759
2014-10-28,20.1763,20.3354,20.1261,20.3354,3192988
2014-10-29,20.3688,20.4693,19.9921,20.26,2370984
2014-10-30,20.9084,21.0774,20.7562,20.7647,5329602
2014-10-31,20.5112,20.5781,20.2935,20.553,5079855
2014-11-03,20.62,21.0135,20.5614,20.8293,6256527
2014-11-04,20.754,20.8628,20.4191,20.6284,4808668
2014-11-05,20.8879,21.1056,20.4526,21.0386,9388381
2014-11-06,20.9967,21.0219,20.5321,20.8795,5957053
2014-11-07,20.913,21.1558,20.8628,21.1223,4157693
2014-11-10,21.1391,21.2563,21.0135,21.2479,3213664
2014-11-11,21.2898,21.3986,21.0386,21.1809,3106588
2014-11-12,20.9065,21.0755,20.7544,20.7628,5329602
2014-11-13,20.8051,20.898,20.4164,20.4417,4326619
2014-11-14,20.3741,20.4586,20.2642,20.3149,3989711
2014-11-17,20.3234,20.6614,20.2389,20.6023,2971466
2014-11-18,20.5938,20.8389,20.484,20.7797,2906222
2014-11-19,20.7037,20.8135,20.5685,20.6023,2604769
2014-11-20,20.5431,20.7121,20.4696,20.56,1806027
2014-11-21,20.7797,20.7966,20.4333,20.5685,6072924
2014-11-24,20.6192,20.7417,20.5347,20.5769,2973158
2014-11-25,20.6361,20.653,20.4079,20.5431,3464481
2014-11-26,20.5938,20.6403,20.4671,20.5093,1887794
2014-11-28,20.4924,20.5938,20.1502,20.2304,3599949
2014-12-01,20.1544,20.1797,19.7741,19.8586,5473043
2014-12-02,19.8333,20.1966,19.7826,20.0868,5478246
2014-12-03,20.1206,20.4079,20.0783,20.3572,3589987
2014-12-04,20.3318,20.4248,20.1713,20.2135,4794276
2014-12-05,20.0614,20.222,19.8417,19.9009,3944857
2014-12-08,19.8755,20.1375,19.6136,19.6896,4249167
2014-12-09,19.5967,19.9431,19.5967,19.8164,3915211
2014-12-10,19.7995,19.8417,19.0262,19.1403,6864161
2014-12-11,19.1826,19.4361,19.0643,19.0812,4688422
2014-12-12,19.022,19.0896,18.591,18.591,5689854
2014-12-15,18.6502,18.6925,18.1516,18.2023,5507261
2014-12-16,18.1939,18.7981,18.0882,18.346,5656441
2014-12-17,18.4727,19.0389,18.3375,19.0051,5407964
2014-12-18,19.0558,19.4361,19.0051,19.4361,4709004
2014-12-19,19.5037,19.6305,19.3601,19.5206,6554670
2014-12-22,19.5291,19.6812,19.3347,19.6643,3545976
2014-12-23,19.7488,19.9009,19.6769,19.8164,2718709
2014-12-24,19.8164,20.1121,19.7995,20.0783,1894171
2014-12-26,20.1206,20.3741,20.1121,20.222,2806936
2014-12-29,20.222,20.5769,20.222,20.5262,2917046
2014-12-30,20.5347,20.598,20.1079,20.129,2260577
2014-12-31,20.1713,20.1966,19.7614,19.7995,2306976
2015-01-02,19.8164,19.9938,19.6896,19.9685,2278596
2015-01-05,19.6643,19.8079,19.1826,19.3347,4125912
2015-01-06,19.3347,19.453,18.7685,18.9037,4766376
2015-01-07,19.0474,19.3262,18.9122,19.1488,5264500
2015-01-08,19.3178,19.6389,19.191,19.6051,3429711
2015-01-09,19.5967,19.6051,19.1403,19.191,2127149
2015-01-12,19.2164,19.284,18.9037,19.2333,2481223
2015-01-13,19.3769,19.5629,19.0051,19.1319,3044871
2015-01-14,18.946,19.1361,18.7685,19.115,4441802
2015-01-15,19.1488,19.2333,19.0136,19.1488,3756619
2015-01-16,19.1065,19.4445,18.9629,19.4361,4188092
2015-01-20,19.5037,19.5375,19.115,19.3431,3196250
2015-01-21,19.3431,19.5882,19.2333,19.5629,3248757
2015-01-22,19.6305,19.715,19.2164,19.3431,3461976
2015-01-23,19.3938,19.546,19.3262,19.4107,2328628
2015-01-26,19.2417,19.4445,18.9291,19.4361,2689752
2015-01-27,19.3262,19.6981,19.2671,19.5544,3045695
2015-01-28,19.5798,19.6347,19.1446,19.2333,4317021
2015-01-29,19.2671,19.8248,19.1826,19.7488,4108122
2015-01-30,19.5713,19.8079,19.4868,19.5122,4888815
2015-02-02,19.5375,19.6896,19.1699,19.3516,4296385
2015-02-03,19.1065,19.3685,19.022,19.3009,5485048
2015-02-04,19.2079,19.3685,19.0305,19.2671,4895030
2015-02-05,19.4276,19.6727,19.2924,19.5967,3555321
2015-02-06,19.546,19.5629,18.684,18.777,4395724
2015-02-09,18.7854,19.0601,18.6882,18.7516,4030565
2015-02-10,18.7685,19.1995,18.684,19.1572,3669233
2015-02-11,19.044,19.0953,18.4588,18.4972,4704748
2015-02-12,18.5998,18.8988,18.5134,18.8902,4691897
2015-02-13,18.8817,18.9244,18.5314,18.5912,6230674
2015-02-17,18.4631,18.6168,18.3733,18.4545,5676180
2015-02-18,18.4033,18.7706,18.4033,18.745,4501063
2015-02-19,18.7621,18.7621,18.3691,18.4631,3713881
2015-02-20,18.4887,18.5741,18.3264,18.5656,2851088
2015-02-23,18.5741,18.6339,18.352,18.5229,2247926
2015-02-24,18.5485,18.9159,18.4545,18.8304,3994233
2015-02-25,18.7792,18.7877,18.3776,18.4289,4439022
2015-02-26,18.446,18.5314,17.7966,17.959,6704822
2015-02-27,17.9419,17.9761,17.6258,17.7625,6445055
2015-03-02,17.7796,17.8333,17.5403,17.677,5389799
2015-03-03,17.6685,17.865,17.5489,17.7539,4019769
2015-03-04,17.6856,17.8351,17.6685,17.7198,3900634
2015-03-05,17.8906,18.0444,17.8052,17.9077,4178090
2015-03-06,17.6343,17.8351,17.5147,17.6429,5344789
2015-03-09,17.6429,17.8394,17.6087,17.7112,4399730
2015-03-10,17.6941,17.7966,17.6258,17.6343,5046117
2015-03-11,17.6172,17.6856,17.425,17.4805,3561995
2015-03-12,17.566,17.7881,17.5062,17.7198,3567588
2015-03-13,17.6941,17.7283,17.284,17.5489,3938571
2015-03-16,17.6258,17.8992,17.5831,17.6856,4175161
2015-03-17,17.6599,17.7625,17.5318,17.6856,3459331
2015-03-18,17.6941,18.3434,17.6343,18.2409,2924642
2015-03-19,18.1128,18.164,17.7966,17.8052,4611182
2015-03-20,17.9163,18.164,17.8735,18.0871,5819003
2015-03-23,18.1042,18.1897,17.8565,17.865,3640982
2015-03-24,17.8394,18.0444,17.7368,17.7625,2932045
2015-03-25,17.8137,17.8821,17.5745,17.5831,2684736
2015-03-26,17.5916,17.7112,17.4464,17.4464,3288796
2015-03-27,17.4464,17.6514,17.3652,17.6172,3085515
2015-03-30,17.6685,17.8308,17.5745,17.6258,3102146
2015-03-31,17.6001,17.7198,17.3011,17.4378,5408288
2015-04-01,17.4293,17.7966,17.3267,17.7539,3400981
2015-04-02,17.7454,17.8095,17.566,17.7027,3018066
2015-04-06,17.7283,18.0273,17.7027,17.9932,2772909
2015-04-07,17.9248,18.0017,17.7796,17.8308,2745245
2015-04-08,17.8308,17.8821,17.6258,17.677,4118394
2015-04-09,17.6514,17.6856,17.4805,17.5318,3725576
2015-04-10,17.5489,17.8351,17.5489,17.7368,1962906
2015-04-13,17.7027,17.7198,17.5489,17.566,2332831
2015-04-14,17.566,17.7283,17.566,17.7027,1941103
2015-04-15,17.7881,18.3477,17.6599,18.2067,6226741
2015-04-16,18.0444,18.053,17.6258,17.8223,5229471
2015-04-17,17.6514,18.0273,17.6514,17.8565,3597706
2015-04-20,17.959,18.1341,17.959,18.0444,1981368
2015-04-21,18.0786,18.1469,17.6258,17.6514,4114670
2015-04-22,17.7198,17.9333,17.5745,17.7966,2883609
2015-04-23,17.8137,17.9419,17.7283,17.9163,2875485
2015-04-24,17.9248,18.0615,17.8308,17.9846,3070826
2015-04-27,18.0273,18.0273,17.724,17.7796,3093940
2015-04-28,17.7027,18.0102,17.6685,17.9504,2841416
2015-04-29,17.8479,18.053,17.6514,18.053,3283914
2015-04-30,17.9504,17.9846,17.7454,17.9163,4197958
2015-05-01,17.9675,18.0615,17.8479,17.9932,2686671
2015-05-04,17.9932,18.1897,17.9846,18.0359,2220444
2015-05-05,18.0017,18.07,17.6514,17.6856,3199676
2015-05-06,17.7283,17.7599,17.2498,17.3951,4399721
2015-05-07,17.4207,17.4891,17.284,17.3438,3484702
2015-05-08,17.5916,17.7027,17.4464,17.7027,3458428
2015-05-11,17.4293,17.8052,17.3609,17.5147,3564649
2015-05-12,17.378,17.3865,17.0533,17.1217,7664867
2015-05-13,17.0763,17.2666,16.9811,17.1628,6702871
2015-05-14,17.2839,17.5347,17.2579,17.4742,4580393
2015-05-15,17.5434,17.6818,17.4569,17.6386,4626804
2015-05-18,17.604,17.7337,17.5521,17.6645,4941848
2015-05-19,17.6386,17.6991,17.5607,17.6386,2862463
2015-05-20,17.6645,17.8289,17.4915,17.7597,4351861
2015-05-21,17.7943,17.8548,17.6559,17.7424,2915421
2015-05-22,17.777,17.777,17.6083,17.6818,2188961
2015-05-26,17.6818,17.7164,17.4223,17.5347,2642024
2015-05-27,17.5347,17.578,17.4353,17.5088,2855294
2015-05-28,17.4915,17.6386,17.4569,17.6299,2908456
2015-05-29,17.6213,17.7424,17.5088,17.6213,3535259
2015-06-01,17.6472,17.6645,17.4569,17.4915,3308552
2015-06-02,17.4915,17.4915,17.0417,17.0676,5055976
2015-06-03,17.059,17.0936,16.8816,16.9725,4083836
2015-06-04,16.9119,17.0726,16.6783,16.6956,4207951
2015-06-05,16.6005,16.8254,16.488,16.7129,4800111
2015-06-08,16.687,16.7821,16.5918,16.5918,3023857
2015-06-09,16.5918,16.7129,16.5659,16.687,3668237
2015-06-10,16.7735,16.9552,16.7735,16.7735,3652337
2015-06-11,16.8514,16.9465,16.7995,16.86,2417748
2015-06-12,16.7908,16.86,16.6437,16.661,1611182
2015-06-15,16.6091,16.6524,16.4794,16.5486,3275397
2015-06-16,16.5313,16.5918,16.4621,16.5053,3005465
2015-06-17,16.5572,16.8038,16.5399,16.7735,3856428
2015-06-18,16.86,17.0676,16.7562,17.0157,3742558
2015-06-19,16.9725,17.0503,16.8514,16.886,3827536
2015-06-22,16.9033,17.1455,16.8341,17.0503,4178936
2015-06-23,16.9552,17.059,16.6783,16.7302,2680083
2015-06-24,16.7389,16.8427,16.5789,16.5832,4494788
2015-06-25,16.6178,16.7129,16.5399,16.5745,4704269
2015-06-26,16.5745,16.7562,16.4794,16.7389,3511630
2015-06-29,16.6697,16.8946,16.661,16.661,4244379
2015-06-30,16.7302,16.7475,16.3669,16.4621,6446576
2015-07-01,16.4967,16.5832,16.4275,16.5053,3134479
2015-07-02,16.5572,16.7475,16.5226,16.7389,3589002
2015-07-06,16.6956,16.7821,16.5313,16.6264,4107152
2015-07-07,16.6783,17.0072,16.674,16.9552,5090637
2015-07-08,16.9379,16.9552,16.5313,16.6264,4985018
2015-07-09,16.7043,16.8514,16.3842,16.3929,7152668
2015-07-10,16.4275,16.687,16.4015,16.5399,2918918
2015-07-13,16.6005,16.6697,16.4967,16.5832,2202079
2015-07-14,16.5918,16.6956,16.5572,16.661,2129877
2015-07-15,16.661,16.6783,16.5486,16.6697,1667570
2015-07-16,16.7129,16.7908,16.5745,16.6437,5125606
2015-07-17,16.6178,16.6956,16.4275,16.4361,3744024
2015-07-20,16.4361,16.4448,16.1939,16.2199,3683891
2015-07-21,16.2199,16.2718,16.0468,16.0815,2245590
2015-07-22,16.0728,16.2804,16.0555,16.1074,2780783
2015-07-23,16.0815,16.1161,15.77,15.8652,3371437
2015-07-24,15.8392,15.9344,15.7441,15.8219,2846424
2015-07-27,15.8046,16.1766,15.8046,16.1593,3453011
2015-07-28,16.2285,16.4015,16.0944,16.341,4595173
2015-07-29,16.2804,16.5832,16.2406,16.5053,3367215
2015-07-30,16.4707,16.6091,16.4015,16.5572,2423308
2015-07-31,16.6697,16.8384,16.6091,16.7302,3685974
2015-08-03,16.7562,16.8211,16.514,16.6264,2634738
2015-08-04,16.6178,16.8168,16.2891,16.315,2147553
2015-08-05,16.3756,16.6005,16.3496,16.4707,2940021
2015-08-06,16.514,16.5313,16.1853,16.5053,4578797
2015-08-07,16.4707,16.661,16.3756,16.5572,4399160
2015-08-10,16.4707,16.9465,16.3669,16.8946,4787946
2015-08-11,16.886,17.0071,16.661,16.7475,4562635
2015-08-12,16.684,17.201,16.649,17.166,4337694
2015-08-13,17.1309,17.2623,16.9381,17.2098,5087280
2015-08-14,17.166,17.4639,17.1309,17.4551,3747476
2015-08-17,17.4551,17.5252,17.3938,17.4551,3332045
2015-08-18,17.4288,17.4902,17.385,17.4464,2803229
2015-08-19,17.385,17.4814,17.258,17.4376,3316096
2015-08-20,17.3324,17.6129,17.2623,17.3675,4708259
2015-08-21,17.2711,17.3675,16.9031,16.9206,4218575
2015-08-24,16.2634,16.7103,15.9918,16.2021,7274449
2015-08-25,16.5088,16.5876,15.6851,15.7026,5067782
2015-08-26,15.9304,15.983,15.523,15.9742,5287775
2015-08-27,16.1057,16.4474,16.0181,16.4299,4020680
2015-08-28,16.4211,16.5351,16.3335,16.4912,3995597
2015-08-31,16.4124,16.4299,16.0619,16.316,5289635
2015-09-01,16.0443,16.0531,15.5536,15.6325,4717456
2015-09-02,15.8165,15.834,15.317,15.5274,5898113
2015-09-03,15.5624,15.834,15.5536,15.7201,3506918
2015-09-04,15.5712,15.5887,15.3696,15.431,3505559
2015-09-08,15.6676,15.7815,15.5975,15.7552,2542503
2015-09-09,15.834,15.8516,15.5274,15.5536,3844974
2015-09-10,15.5361,15.7815,15.4967,15.5361,3279254
2015-09-11,15.4397,15.5624,15.3959,15.5011,3233966
2015-09-14,15.5274,15.65,15.4835,15.6062,2862602
2015-09-15,15.6413,15.6938,15.5186,15.6588,3002044
2015-09-16,15.7026,15.9217,15.6237,15.8954,1810245
2015-09-17,15.8954,16.2722,15.834,16.0181,2496421
2015-09-18,15.8428,16.0794,15.7815,15.8165,4632285
2015-09-21,15.8866,16.0706,15.8253,15.9392,2875324
2015-09-22,15.8078,15.9129,15.5536,15.615,3422034
2015-09-23,15.615,15.7289,15.5274,15.5536,3123974
2015-09-24,15.5098,15.6982,15.5011,15.615,5344798
2015-09-25,15.65,15.8165,15.4923,15.6763,6715425
2015-09-28,15.615,15.7026,15.3609,15.3696,6013690
2015-09-29,15.4047,15.4748,15.317,15.3609,5777869
2015-09-30,15.4573,15.8165,15.3959,15.8078,3367439
2015-10-01,15.8603,15.8954,15.4222,15.5712,3464742
2015-10-02,15.5624,15.799,15.4397,15.799,4183064
2015-10-05,15.9129,16.2809,15.8253,16.2546,3812214
2015-10-06,16.2371,16.3423,16.0794,16.2021,3052896
2015-10-07,16.2722,16.4912,16.2152,16.2722,4419026
2015-10-08,16.2546,16.4825,16.1933,16.4211,3545486
2015-10-09,16.4299,16.4825,16.2546,16.3598,2330510
2015-10-12,16.3598,16.5088,16.1933,16.2459,2881660
2015-10-13,16.2634,16.316,16.0882,16.1144,4469257
2015-10-14,16.1495,16.1758,15.983,16.0005,3805385
2015-10-15,16.0443,16.4036,16.0093,16.351,4947502
2015-10-16,16.4211,16.5175,16.2722,16.3861,3066222
2015-10-19,16.0443,16.2371,16.0005,16.1933,5051141
2015-10-20,16.1495,16.3642,16.1495,16.2897,3328984
2015-10-21,16.3248,16.5876,16.2722,16.4474,4193571
2015-10-22,16.5088,16.8768,16.5088,16.7629,5540219
2015-10-23,16.7892,16.868,16.2722,16.316,3988157
2015-10-26,16.3598,16.4649,16.2196,16.4474,4498197
2015-10-27,16.3773,16.4387,16.2196,16.2897,4322947
2015-10-28,16.351,16.4387,16.0443,16.2371,4340635
2015-10-29,16.1758,16.2897,16.0049,16.2371,5457578
2015-10-30,16.2634,16.3423,16.1495,16.2546,5422179
2015-11-02,16.2546,16.3072,16.0882,16.2108,5130610
2015-11-03,16.2021,16.4124,16.1232,16.4124,4075393
2015-11-04,16.4036,16.4825,16.2897,16.3686,4442620
2015-11-05,16.4387,16.5613,16.1845,16.2196,5799770
2015-11-06,16.1758,16.4124,15.1243,15.2995,10387302
2015-11-09,15.2732,15.3959,15.133,15.3346,6192456
2015-11-10,15.3324,15.4923,15.1813,15.2257,3397824
2015-11-11,15.2612,15.4568,15.1146,15.4035,5129823
2015-11-12,15.2968,15.4479,15.0213,15.0302,3381925
2015-11-13,15.0213,15.1493,14.9902,15.0746,3838160
2015-11-16,15.0479,15.3235,15.0035,15.3146,3017334
2015-11-17,15.2968,15.3946,15.119,15.1724,3483709
2015-11-18,15.1368,15.2701,14.9946,15.2524,3038365
2015-11-19,15.2524,15.3679,15.1546,15.199,2665898
2015-11-20,15.2612,15.3901,15.1013,15.1901,3251800
2015-11-23,15.199,15.3057,15.0746,15.1101,4644468
2015-11-24,15.0924,15.199,14.9768,15.1635,4706981
2015-11-25,15.1635,15.239,15.039,15.1813,3043805
2015-11-27,15.1724,15.2524,15.1101,15.1101,1181394
2015-11-30,15.119,15.1901,15.0568,15.0657,4070038
2015-12-01,15.119,15.2435,14.9679,15.1013,4259454
2015-12-02,15.0568,15.1101,14.7279,14.7546,5754946
2015-12-03,14.6835,14.7813,14.5324,14.6213,4726911
2015-12-04,14.648,14.7813,14.5502,14.6746,4627570
2015-12-07,14.6302,14.6657,14.408,14.5857,3844811
2015-12-08,14.4791,14.5591,14.3502,14.5235,3236811
2015-12-09,14.5146,14.7857,14.4524,14.5857,2873115
2015-12-10,14.5857,14.6924,14.2835,14.3458,5313143
2015-12-11,14.3458,15.5279,14.2658,14.8346,20470256
2015-12-14,14.8168,14.9679,14.488,14.7013,5570543
2015-12-15,14.7635,15.0746,14.7413,15.0124,4937976
2015-12-16,15.0657,15.6701,15.0479,15.6434,7606257
2015-12-17,15.6701,15.9012,15.5012,15.8568,10916914
2015-12-18,15.759,15.8301,15.4746,15.4923,8626940
2015-12-21,15.519,15.5901,15.3412,15.5812,4986863
2015-12-22,15.599,15.7412,15.3412,15.6346,9144409
2015-12-23,15.7146,16.1234,15.7101,16.0434,8383985
2015-12-24,16.0434,16.1945,15.9812,16.0967,3405345
2015-12-28,16.0345,16.1856,15.9101,16.159,4482859
2015-12-29,16.2923,16.4256,16.2079,16.4078,4442504
2015-12-30,16.3545,16.4256,16.1901,16.2656,3638824
2015-12-31,16.2567,16.4256,16.0523,16.319,4090480
2016-01-04,16.2301,16.2567,15.9545,16.239,5118121
2016-01-05,16.2745,16.4345,16.0345,16.3901,4854688
2016-01-06,16.2479,16.399,16.0879,16.1856,4372791
2016-01-07,15.9812,16.0967,15.8034,15.8657,3701361
2016-01-08,15.9456,16.2123,15.7901,15.8301,4660273
2016-01-11,15.7412,15.8924,15.5012,15.6434,6814037
2016-01-12,15.679,15.7234,15.2257,15.3768,5609505
2016-01-13,15.3946,15.5634,15.1368,15.1724,7041758
2016-01-14,15.2079,15.7412,15.0568,15.6701,6195383
2016-01-15,15.3679,15.4879,15.119,15.3768,6491897
2016-01-19,15.4923,15.5812,15.3946,15.5546,4797966
2016-01-20,15.3501,15.5012,14.5591,15.0213,8473264
2016-01-21,15.0657,15.6479,15.0213,15.4923,9740448
2016-01-22,15.7945,15.8834,15.6523,15.8034,6390707
2016-01-25,15.7234,15.8301,15.1279,15.199,4858086
2016-01-26,15.2879,15.5368,15.2879,15.439,3556405
2016-01-27,15.4212,15.5101,15.2612,15.3857,3908818
2016-01-28,15.5546,15.719,15.3412,15.5901,4402573
2016-01-29,15.7323,15.9456,15.7101,15.8834,5865853
2016-02-01,16.2212,16.71,16.2123,16.5501,10143182
2016-02-02,16.4612,16.5412,16.1856,16.3723,5600794
2016-02-03,16.4878,17.1278,16.4789,16.9323,6606710
2016-02-04,16.9411,17.1011,16.8078,16.8434,4189937
2016-02-05,16.9234,16.9234,16.5856,16.7545,6012209
2016-02-08,16.7723,16.9411,16.2479,16.3812,8203291
2016-02-09,16.3812,16.6478,16.2834,16.4878,6138846
2016-02-10,16.5234,16.6389,16.1056,16.4523,6144762
2016-02-11,16.3148,16.4681,15.792,15.9092,6796091
2016-02-12,15.9453,16.2157,15.8191,16.1976,7357359
2016-02-16,16.2968,16.414,16.0444,16.3148,6571551
2016-02-17,16.459,16.6438,16.2607,16.5311,4172355
2016-02-18,16.5672,16.8196,16.4951,16.7294,3643852
2016-02-19,16.6123,16.6664,16.4951,16.6213,2863504
2016-02-22,16.7385,16.9908,16.6664,16.8016,5070220
2016-02-23,16.6483,16.7565,16.5762,16.7475,3282144
2016-02-24,16.5942,17.0269,16.5447,16.9999,3920023
2016-02-25,17.0359,17.2793,16.8827,17.2522,5659045
2016-02-26,16.9007,17.108,16.5852,16.7024,6866936
2016-02-29,16.6754,16.9638,16.6754,16.7925,5603881
2016-03-01,16.9458,17.0584,16.7655,16.8286,4188757
2016-03-02,16.7385,17.0179,16.5086,16.9638,5520824
2016-03-03,16.9818,17.0089,16.6573,16.9277,4531059
2016-03-04,16.8737,17.7074,16.8601,17.5677,7060418
2016-03-07,17.4956,17.9102,17.4415,17.748,6150529
2016-03-08,17.739,17.9373,17.5858,17.9012,3918486
2016-03-09,17.9102,18.1761,17.8742,17.9824,5377491
2016-03-10,17.9643,18.3068,17.8787,18.1987,6677132
2016-03-11,18.3339,18.442,18.1626,18.2798,3223536
2016-03-14,18.2618,18.5232,18.2257,18.415,3783432
2016-03-15,18.3068,18.5502,18.2618,18.4871,5307408
2016-03-16,18.388,18.6674,18.3159,18.5953,3559100
2016-03-17,18.6313,19.082,18.6313,18.9919,4062668
2016-03-18,19.046,19.1226,18.6764,18.6854,7773396
2016-03-21,18.6494,18.9108,18.5322,18.8837,3092368
2016-03-22,18.9108,18.9739,18.7846,18.9018,2698614
2016-03-23,18.8567,18.9464,18.7395,18.8747,3025598
2016-03-24,18.7846,19.0009,18.6719,18.9288,2021400
2016-03-28,18.9829,19.0009,18.6584,18.7395,2826435
2016-03-29,18.7395,19.1902,18.6944,19.1541,3483410
2016-03-30,19.2082,19.2803,18.6133,18.7936,7644848
2016-03-31,18.8387,18.9829,18.717,18.8567,6063295
2016-04-01,18.7846,19.1631,18.6868,19.1091,4669728
2016-04-04,19.091,19.1,18.8477,18.8927,3054991
2016-04-05,18.8296,18.9018,18.4781,18.4871,3407440
2016-04-06,18.5051,18.6944,18.4476,18.6764,3750371
2016-04-07,18.5773,18.7891,18.5773,18.6854,3196190
2016-04-08,18.8387,18.9378,18.7665,18.8477,3523966
2016-04-11,18.8837,19.064,18.7485,18.8026,2329092
2016-04-12,18.8387,19.2533,18.8296,19.1631,3648199
2016-04-13,19.2262,19.2533,19.0144,19.1091,2396589
2016-04-14,19.091,19.1361,18.8387,18.8927,2916408
2016-04-15,18.8837,18.9784,18.8387,18.9198,2740651
2016-04-18,18.8387,18.9558,18.7125,18.9468,3955347
2016-04-19,19.0189,19.082,18.8512,18.9288,4859466
2016-04-20,18.9108,18.9739,18.5232,18.5502,3448847
2016-04-21,18.5682,18.7035,18.4421,18.5232,4541874
2016-04-22,18.6313,18.8657,18.6223,18.7575,2565598
2016-04-25,18.7125,18.9919,18.6088,18.9829,3855677
2016-04-26,19.0099,19.1271,18.9018,19.0189,3080347
2016-04-27,19.055,19.3885,19.055,19.3164,3577800
2016-04-28,19.1722,19.384,19.064,19.2533,3039815
2016-04-29,19.1451,19.3795,19.0099,19.3344,4204156
2016-05-02,19.3434,19.6048,19.3209,19.5598,4366715
2016-05-03,19.4606,19.5237,19.2172,19.3254,2559027
2016-05-04,19.3074,19.6859,19.2191,19.5417,3601048
2016-05-05,19.5507,19.731,19.42,19.5147,3166193
2016-05-06,19.4967,19.5598,19.3434,19.4967,2182131
2016-05-09,19.5958,19.6859,19.5147,19.5417,3982678
2016-05-10,19.5688,19.9383,19.5688,19.9203,5953579
2016-05-11,19.9564,20.1006,19.7851,19.842,6124390
2016-05-12,19.8397,20.2228,19.8123,20.1681,4730156
2016-05-13,20.1316,20.2958,19.9856,20.0677,3532391
2016-05-16,20.0951,20.2958,19.9674,20.2866,3818799
2016-05-17,20.241,20.2912,19.9491,20.0677,4289967
2016-05-18,19.9583,19.9948,19.5204,19.639,5178939
2016-05-19,19.5204,19.9856,19.3836,19.9674,3391150
2016-05-20,20.0404,20.1316,19.8944,20.1316,2593116
2016-05-23,20.1407,20.1954,20.0084,20.0495,3231662
2016-05-24,20.086,20.2046,19.9583,20.0951,2923473
2016-05-25,20.0951,20.241,20.013,20.1772,2492862
2016-05-26,20.1772,20.3961,20.086,20.387,2480132
2016-05-27,20.4143,20.5329,20.3049,20.5329,3541877
2016-05-31,20.5147,20.7336,20.4326,20.5512,3771176
2016-06-01,20.4417,20.6059,20.387,20.6059,2324187
2016-06-02,20.4873,20.6424,20.387,20.615,1896487
2016-06-03,20.7519,20.9799,20.7062,20.8978,2809949
2016-06-06,20.8978,21.0985,20.8339,21.0437,3501487
2016-06-07,21.135,21.1806,21.0073,21.0802,3783957
2016-06-08,21.0985,21.2171,21.062,21.2171,2915578
2016-06-09,21.1988,21.363,21.1122,21.3356,2968424
2016-06-10,21.2353,21.2992,20.9936,21.1076,3069817
2016-06-13,21.0437,21.1715,20.916,20.9525,3358088
2016-06-14,20.9708,21.0529,20.8294,21.0437,2549601
2016-06-15,21.0529,21.1167,20.8476,20.9343,4215997
2016-06-16,20.9069,21.0711,20.7245,21.0164,2692918
2016-06-17,20.9343,21.0985,20.8704,21.0711,4244052
2016-06-20,21.1897,21.2444,20.9981,21.1806,4082550
2016-06-21,21.1897,21.591,21.0711,21.436,3439187
2016-06-22,21.3083,21.4269,21.1715,21.1988,3749640
2016-06-23,21.29,21.436,21.1715,21.4269,2829582
2016-06-24,21.0985,21.4542,20.9434,21.29,3324737
2016-06-27,21.2262,21.363,21.0164,21.135,3564848
2016-06-28,21.2992,21.5454,21.1167,21.5454,4954220
2016-06-29,21.6458,21.9194,21.6002,21.8921,4266793
2016-06-30,21.9194,21.9924,21.7552,21.8921,8554291
2016-07-01,21.965,22.0745,21.8282,21.9377,3579328
2016-07-05,21.7279,22.0015,21.6184,21.9377,7099278
2016-07-06,21.8921,21.9924,21.6959,21.9377,5879797
2016-07-07,21.8921,21.9377,21.4223,21.4542,8357491
2016-07-08,21.4816,21.81,21.3721,21.8008,4040929
2016-07-11,21.7279,21.7917,21.5819,21.7188,3499228
2016-07-12,21.6731,21.7735,21.5819,21.6184,4811640
2016-07-13,21.7644,21.8556,21.6321,21.8373,6518281
2016-07-14,21.7461,21.8191,21.4816,21.5819,3415990
2016-07-15,21.6549,21.9924,21.5988,21.9468,4718321
2016-07-18,21.9742,22.0189,21.7735,21.8465,3871762
2016-07-19,21.8465,21.9103,21.7279,21.8191,4065282
2016-07-20,21.8282,22.038,21.7507,22.0015,5258618
2016-07-21,21.9559,22.1383,21.8921,22.111,3345778
2016-07-22,22.0927,22.5397,22.0836,22.5215,4146062
2016-07-25,22.485,22.5215,22.2296,22.3573,3452555
2016-07-26,22.3755,22.412,22.1292,22.184,2983930
2016-07-27,22.184,22.2204,21.6549,21.8008,5296836
2016-07-28,21.7917,21.8465,21.5728,21.6823,5025000
2016-07-29,21.6914,21.8647,21.664,21.8191,5192580
2016-08-01,21.7917,21.9012,21.5546,21.591,3537422
2016-08-02,21.5454,21.591,21.3083,21.4086,5490097
2016-08-03,21.3995,21.5181,21.2462,21.436,2869202
2016-08-04,21.4542,21.591,21.3812,21.5272,5560768
2016-08-05,21.5272,21.5272,20.2319,20.6789,12014626
2016-08-08,20.615,20.8522,20.5329,20.7154,17377832
2016-08-09,20.688,20.8613,20.6515,20.7062,6492335
2016-08-10,20.7245,20.8613,20.5694,20.6698,4436536
2016-08-11,20.6789,20.7062,20.5238,20.7063,6784834
2016-08-12,20.7593,20.9669,20.7356,20.8239,3926670
2016-08-15,20.87,20.9807,20.6901,20.7132,5462300
2016-08-16,20.7132,20.7132,20.3164,20.4179,7131966
2016-08-17,20.3441,20.9162,20.2703,20.8423,6759771
2016-08-18,20.8147,21.0868,20.7501,21.0545,5187365
2016-08-19,20.9807,21.1745,20.8792,21.0638,5258848
2016-08-22,21.0638,21.2345,21.0084,21.1653,3355608
2016-08-23,21.2206,21.3221,21.073,21.0822,2244084
2016-08-24,21.0453,21.0915,20.8931,20.9992,4070094
2016-08-25,21.0176,21.0638,20.8977,20.9531,1842659
2016-08-26,21.0269,21.1284,20.5656,20.5932,2242374
2016-08-29,20.6301,20.9484,20.6301,20.9162,2742144
2016-08-30,20.8885,20.9438,20.6947,20.7316,1724441
2016-08-31,20.7316,20.8147,20.5978,20.7316,2325900
2016-09-01,20.6763,20.8054,20.6025,20.7039,2641788
2016-09-02,20.7224,21.0453,20.6855,20.8792,3180823
2016-09-06,21.0176,21.183,20.9254,21.0361,5097298
2016-09-07,21.0176,21.5482,20.9392,21.4882,5334310
2016-09-08,21.4513,21.8296,21.4236,21.8111,3992539
2016-09-09,21.5528,21.5897,20.8608,20.8608,5075012
2016-09-12,20.7685,21.2391,20.6486,21.1745,4185116
2016-09-13,21.0915,21.1007,20.5932,20.7039,3604336
2016-09-14,20.7685,20.9254,20.5471,20.6947,2931968
2016-09-15,20.6947,20.9531,20.6486,20.8977,2506594
2016-09-16,20.8792,21.3129,20.7685,21.2668,5743400
2016-09-19,21.3498,21.5113,21.2621,21.4974,2063128
2016-09-20,21.6358,21.7558,21.5989,21.6543,2935039
2016-09-21,21.6819,22.2171,21.6358,22.1617,3073468
2016-09-22,22.3278,22.5031,22.1802,22.2447,3960459
2016-09-23,22.1986,22.3555,22.1525,22.3186,3008593
2016-09-26,22.3462,22.4846,22.2632,22.3831,1913201
2016-09-27,22.4385,22.54,22.0233,22.0325,3284966
2016-09-28,22.0971,22.2724,21.9403,22.254,3150350
2016-09-29,22.1617,22.254,21.6727,21.7558,3571312
2016-09-30,21.8296,21.9311,21.3406,21.4328,5115785
2016-10-03,21.3867,21.3867,20.9069,21.1284,2697071
2016-10-04,21.1191,21.156,20.4733,20.6301,2772198
2016-10-05,20.6947,20.8423,20.5517,20.6209,3477413
2016-10-06,20.5102,20.7501,20.3902,20.5748,3201588
2016-10-07,20.7039,20.8792,20.1965,20.2057,5147408
2016-10-10,20.2057,20.5702,20.2057,20.4641,2946206
2016-10-11,20.3902,20.3995,20.1411,20.1504,2752214
2016-10-12,20.1965,20.4179,20.1873,20.3718,2449740
2016-10-13,20.3533,20.7778,20.298,20.6117,2896306
2016-10-14,20.5932,20.787,20.5194,20.6394,2499197
2016-10-17,20.6763,20.7916,20.6209,20.6947,1641993
2016-10-18,20.8147,20.8516,20.5379,20.7685,1384855
2016-10-19,20.8054,20.9346,20.6486,20.8792,2464067
2016-10-20,20.8608,21.0269,20.7962,20.9069,2790600
2016-10-21,20.787,21.0084,20.7039,20.9623,2541369
2016-10-24,21.0545,21.0545,20.6947,20.8054,1819677
2016-10-25,20.7409,21.0223,20.6209,20.9162,1784425
2016-10-26,20.8608,20.9346,20.6209,20.9069,2204395
2016-10-27,20.8423,20.8516,20.4641,20.8239,3835968
2016-10-28,20.8331,20.99,20.6809,20.787,2193263
2016-10-31,20.8608,21.3313,20.8516,21.0361,4297827
2016-11-01,21.0638,21.1369,20.7316,20.7593,4955031
2016-11-02,20.7132,20.7132,20.2149,20.3995,3376392
2016-11-03,20.3441,20.8331,20.3164,20.7962,3824114
2016-11-04,21.2298,21.765,21.0776,21.156,5814055
2016-11-07,21.4974,21.8296,21.1284,21.7927,4580764
2016-11-08,21.5989,22.0141,21.5897,21.8665,3399477
2016-11-09,21.1745,21.6543,21.1376,21.4144,6024275
2016-11-10,21.3313,21.4328,20.6809,21.3313,5916947
2016-11-11,21.3129,21.4974,21.0084,21.1468,3436233
2016-11-14,21.0325,21.5644,20.8226,21.4244,5035549
2016-11-15,21.5457,22.003,21.5084,21.7137,3427591
2016-11-16,21.7417,21.8257,21.4151,21.667,2636742
2016-11-17,21.5924,21.7883,21.5924,21.667,2410156
2016-11-18,21.7044,21.9143,21.6857,21.779,3979824
2016-11-21,21.9003,22.0683,21.8537,21.947,2294300
2016-11-22,22.003,22.1616,21.9283,22.0403,2525536
2016-11-23,21.7977,22.1429,21.7977,22.0309,2492951
2016-11-25,22.0589,22.3669,22.0589,22.3482,1219436
2016-11-28,22.3949,22.6188,22.2736,22.5535,2567892
2016-11-29,22.4042,22.7821,22.2642,22.4788,3963224
2016-11-30,22.5348,22.5442,22.2596,22.2642,4935746
2016-12-01,22.2082,22.2829,21.9936,22.2082,3533087
2016-12-02,22.3762,22.5722,22.2736,22.4882,4181472
2016-12-05,22.4415,22.4975,22.2269,22.3762,3686701
2016-12-06,22.4509,22.5442,22.1476,22.1896,2609056
2016-12-07,22.2456,22.4788,22.2269,22.4788,3910851
2016-12-08,22.3109,22.5162,22.1616,22.4415,4740232
2016-12-09,22.4042,22.8334,22.3578,22.7961,4378881
2016-12-12,22.7494,22.9501,22.6935,22.8708,3196717
2016-12-13,22.9921,23.0854,22.8334,22.9361,3741078
2016-12-14,23.0667,23.188,22.5162,22.5628,5227448
2016-12-15,22.5162,22.7773,22.3482,22.6841,6275945
2016-12-16,22.5535,22.7961,22.5162,22.6655,12803050
2016-12-19,22.8428,22.8987,22.6561,22.8241,4417435
2016-12-20,22.8614,23.2627,22.8241,23.0107,4507959
2016-12-21,23.0294,23.3093,22.9921,23.0014,3527602
2016-12-22,23.0201,23.2393,22.9734,23.1787,2292886
2016-12-23,23.1787,23.2253,23.076,23.1694,1767756
2016-12-27,23.1134,23.1787,22.9921,23.104,1190829
2016-12-28,23.1134,23.1551,22.7774,22.8054,1722262
2016-12-29,22.8801,23.1227,22.8428,23.076,1629093
2016-12-30,23.1414,23.1694,22.9454,22.9921,2037230
2017-01-03,23.0667,23.0854,22.8148,22.9454,2246823
2017-01-04,23.048,23.44,23.048,23.1507,3758680
2017-01-05,23.132,23.328,22.9827,23.1507,3079572
2017-01-06,23.1414,23.7479,23.132,23.6639,3202361
2017-01-09,23.7106,23.7479,23.216,23.216,2497956
2017-01-10,23.1973,23.4026,23.0854,23.2813,2923520
2017-01-11,23.2533,23.7572,23.2533,23.7199,2702964
2017-01-12,23.7106,23.7665,23.4866,23.6359,2354882
2017-01-13,23.5799,23.7572,23.5566,23.7199,3594342
2017-01-17,23.7759,24.0278,23.6919,23.7852,2604303
2017-01-18,23.7386,24.0838,23.7199,23.9625,2759326
2017-01-19,23.8879,23.9252,23.6172,23.7386,2461033
2017-01-20,23.7852,23.8879,23.6826,23.8879,2922889
2017-01-23,23.8972,23.9563,23.6359,23.7386,1844786
2017-01-24,23.8039,24.0418,23.6826,23.9065,3809482
2017-01-25,23.8505,24.3171,23.8412,24.2144,4044719
2017-01-26,24.2331,24.3031,24.0185,24.2518,3079041
2017-01-27,24.2611,24.3171,24.1305,24.3171,3104563
2017-01-30,24.3171,24.3171,23.8785,24.1025,2448502
2017-01-31,24.1398,24.4757,24.0465,24.4571,4814210
2017-02-01,24.3451,24.4944,24.0651,24.1958,3624948
2017-02-02,24.1771,24.4571,24.0558,24.4384,3369708
2017-02-03,24.4944,24.597,24.4244,24.541,2057156
2017-02-06,24.625,24.6623,24.2891,24.3451,2696908
2017-02-07,24.3637,24.4664,24.3358,24.4197,1937480
2017-02-08,24.3544,24.681,24.2984,24.653,2140644
2017-02-09,24.6157,24.793,24.5504,24.6997,2441518
2017-02-10,24.6903,24.8116,24.6437,24.7183,2013371
2017-02-13,24.709,24.905,24.6903,24.8863,4106262
2017-02-14,24.8085,24.9499,24.4126,24.554,2620628
2017-02-15,24.3749,24.6012,24.276,24.5729,4074162
2017-02-16,24.5446,24.8698,24.5163,24.8557,1927720
2017-02-17,24.8934,24.997,24.6813,24.9876,2342384
2017-02-21,24.9499,25.162,24.8745,25.0819,2217157
2017-02-22,25.0725,25.1196,24.8934,25.0442,2071823
2017-02-23,25.1479,25.4306,25.1102,25.2987,3625763
2017-02-24,25.3175,25.4683,25.2044,25.4683,2578155
2017-02-27,25.4401,25.473,25.2327,25.2515,3093908
2017-02-28,24.4221,25.8548,24.045,25.7511,4792726
2017-03-01,25.6286,26.2507,25.4966,26.1093,3461713
2017-03-02,25.9773,26.3543,25.9585,26.1753,2950244
2017-03-03,26.1941,26.3166,26.0056,26.2978,3263121
2017-03-06,26.2978,26.3638,26.1564,26.3543,2488954
2017-03-07,26.3921,26.4675,26.1941,26.3921,3184571
2017-03-08,26.2318,26.2507,25.7982,25.8642,2920662
2017-03-09,25.8736,26.0622,25.7323,25.7982,2603543
2017-03-10,25.9208,26.147,25.8642,26.1187,3190190
2017-03-13,26.0999,26.1847,25.9679,26.0245,2365618
2017-03-14,25.9679,26.015,25.7794,25.9208,2635159
2017-03-15,26.081,26.5617,26.015,26.4769,2624315
2017-03-16,26.1564,26.3638,25.8831,26.0056,4063873
2017-03-17,26.0433,26.2224,25.9962,26.0904,6295597
2017-03-20,26.1658,26.2223,25.8454,25.8736,2932954
2017-03-21,25.8736,26.1941,25.8736,25.9962,6466039
2017-03-22,26.1281,26.3449,25.9302,26.2789,4599541
2017-03-23,26.3072,26.4769,26.0716,26.1564,2982259
2017-03-24,26.2035,26.3072,26.1093,26.2695,2125748
2017-03-27,26.3355,26.4298,26.0056,26.0999,2003952
2017-03-28,26.0622,26.1281,25.8831,26.0999,2801414
2017-03-29,26.1281,26.3921,25.9962,26.2507,3482577
2017-03-30,26.1941,26.2507,25.8077,25.9302,2028241
2017-03-31,25.8831,26.1564,25.8642,25.9867,2643845
2017-04-03,25.9679,25.9773,25.7323,25.9679,2247677
2017-04-04,25.9585,26.2224,25.9113,26.1753,2132121
2017-04-05,26.1658,26.3072,26.081,26.2412,2323878
2017-04-06,26.1753,26.3261,26.0622,26.2978,2909776
2017-04-07,26.3543,26.5523,26.2318,26.2978,5284941
2017-04-10,26.2884,26.458,26.1376,26.3921,2995079
2017-04-11,26.3638,26.3921,26.1658,26.3072,2883229
2017-04-12,26.3261,26.5052,26.147,26.4298,2092206
2017-04-13,26.4015,26.5711,26.2648,26.3355,1960031
2017-04-17,26.3732,26.6183,26.3355,26.6183,1895493
2017-04-18,26.6371,26.8256,26.6088,26.6748,3478542
2017-04-19,26.7125,26.7691,26.2789,26.3638,2107623
2017-04-20,26.3543,26.3543,26.0904,26.2978,1938676
2017-04-21,26.3638,26.6183,26.3638,26.5052,3182785
2017-04-24,26.5806,26.7597,26.3968,26.6937,2544326
2017-04-25,26.6183,26.7762,26.5947,26.7597,2443309
2017-04-26,26.7408,26.8492,26.5994,26.7031,2352093
2017-04-27,26.722,27.2027,26.7125,26.9953,3380078
2017-04-28,26.9764,27.033,26.8068,26.8916,2269351
2017-05-01,26.9387,26.9435,26.6277,26.6842,1931675
2017-05-02,26.722,26.8068,26.4863,26.5711,2109771
2017-05-03,26.524,26.6513,26.4486,26.4863,1748280
2017-05-04,26.458,26.4675,26.1658,26.3732,2826373
2017-05-05,26.4769,26.6277,26.1187,26.4392,3052033
2017-05-08,26.4298,26.5028,26.1187,26.2695,3171595
2017-05-09,26.2035,26.2507,25.7605,25.8736,2725519
2017-05-10,25.8642,26.0716,25.7982,25.9585,4105172
2017-05-11,25.9773,25.9962,25.7323,25.8454,2328335
2017-05-12,25.9667,26.0905,25.9096,25.9763,2221696
2017-05-15,25.9953,26.1333,25.9763,26.1,2732083
2017-05-16,26.1,26.1666,25.862,25.8811,2163261
2017-05-17,25.862,26.0,25.605,25.862,2851960
2017-05-18,25.8715,26.0238,25.5765,25.9001,2542076
2017-05-19,25.9477,26.2237,25.7478,26.1571,9770245
2017-05-22,26.1285,26.3951,26.1,26.3665,1810602
2017-05-23,26.3665,26.5759,26.3475,26.4141,1513845
2017-05-24,26.4617,26.6616,26.4427,26.6235,2299851
2017-05-25,26.6521,26.8472,26.5664,26.8234,2027315
2017-05-26,26.8329,27.0043,26.7853,26.9662,2109843
2017-05-30,26.9471,27.0756,26.8424,27.0233,1333505
2017-05-31,27.0519,27.3469,27.0328,27.2327,3581556
2017-06-01,27.2327,27.5468,27.0947,27.5373,2747822
2017-06-02,27.623,27.6801,27.4231,27.4897,1845054
2017-06-05,27.4326,27.5333,27.147,27.1756,2170262
2017-06-06,27.2137,27.2755,27.0471,27.128,3510936
2017-06-07,27.1851,27.3089,26.9186,26.9567,2523532
2017-06-08,26.8996,26.9186,26.6426,26.852,2481213
2017-06-09,26.8615,26.9471,26.6283,26.8805,2228546
2017-06-12,26.8805,26.9662,26.5569,26.7568,2391415
2017-06-13,26.7282,26.8615,26.6711,26.7758,2738313
2017-06-14,26.7949,27.128,26.7949,27.0043,2730712
2017-06-15,26.9471,27.4136,26.9186,27.2327,3360836
2017-06-16,27.2137,27.4897,27.2137,27.4897,3592104
2017-06-19,27.5087,27.5611,27.2517,27.3279,2624678
2017-06-20,27.3089,27.385,26.8996,27.0423,4119900
2017-06-21,27.0138,27.0994,26.5664,26.633,2372673
2017-06-22,26.6521,26.8996,26.595,26.7377,3050186
2017-06-23,26.7187,26.8234,26.595,26.6997,2529327
2017-06-26,26.7187,27.0138,26.6901,27.0138,2761280
2017-06-27,26.871,27.0709,26.7282,26.8234,3478197
2017-06-28,26.9376,26.9567,26.4427,26.4903,2927448
2017-06-29,26.3475,26.3855,26.0334,26.1381,3909777
2017-06-30,26.1476,26.2856,26.0572,26.0619,3194143
2017-07-03,26.1476,26.5093,26.1381,26.2523,2749688
2017-07-05,26.2999,26.376,26.0714,26.1285,2501147
2017-07-06,26.0524,26.0952,25.9001,25.9667,2649678
2017-07-07,25.9667,26.0762,25.8144,26.0048,2063783
2017-07-10,26.0048,26.0619,25.9287,25.9572,2413648
2017-07-11,25.9953,26.0048,25.6764,25.8525,2463327
2017-07-12,26.081,26.2999,26.0334,26.1571,3148262
2017-07-13,26.119,26.2047,25.9049,26.0429,2517721
2017-07-14,26.2142,26.3284,26.1095,26.2904,2482428
2017-07-17,26.2904,26.4474,26.1761,26.4331,2796651
2017-07-18,26.4617,26.5188,26.3284,26.4427,2654226
2017-07-19,26.4903,26.4903,26.2333,26.2999,3416068
2017-07-20,26.4427,26.7806,26.2666,26.6997,3752622
2017-07-21,26.6806,26.8139,26.6045,26.7949,2173833
2017-07-24,26.7949,26.9757,26.6806,26.8139,2890028
2017-07-25,26.8615,26.9281,26.5188,26.5759,1657816
2017-07-26,26.5664,26.7568,26.5188,26.7282,1795863
2017-07-27,26.6806,26.852,26.6783,26.7758,2772719
2017-07-28,26.7758,26.8805,26.7377,26.7853,1833298
2017-07-31,26.8424,26.8662,26.7282,26.8329,3870430
2017-08-01,26.7949,26.9376,26.4998,26.8139,5069063
2017-08-02,26.7949,26.9376,26.4998,26.8139,5069163
2017-08-03,26.3094,27.1661,26.2808,27.0994,2869462
2017-08-04,27.0519,27.2327,26.9234,27.1661,2701124
2017-08-07,27.2041,27.4564,27.185,27.3564,2867678
2017-08-08,27.2993,27.7372,27.2803,27.6515,4919298
2017-08-09,27.7277,28.0323,27.6277,27.661,3691350
2017-08-10,27.661,27.8942,27.5265,27.7277,3019540
2017-08-11,27.6134,27.6991,27.366,27.4326,2026145
2017-08-14,27.7376,27.9586,27.4975,27.6704,3577827
2017-08-15,27.5743,27.728,27.5167,27.7088,2497921
2017-08-16,27.7088,27.8481,27.6416,27.8145,2789295
2017-08-17,27.7953,27.901,27.632,27.6416,2514593
2017-08-18,27.6031,28.0931,27.5743,27.8722,3520555
2017-08-21,27.9106,28.2276,27.9106,28.1316,2397037
2017-08-22,28.17,28.3622,28.0931,28.3525,2408447
2017-08-23,28.3429,28.5783,28.2469,28.5639,1606076
2017-08-24,28.5351,28.5543,28.3622,28.4774,2072665
2017-08-25,28.6216,28.6984,28.4919,28.5639,1495872
2017-08-28,28.6312,28.7753,28.4967,28.7561,1949806
2017-08-29,28.8233,28.9338,28.6216,28.7176,3252086
2017-08-30,28.6408,28.7176,28.4102,28.4967,2518580
2017-08-31,28.5255,28.5447,28.4006,28.4582,3481165
2017-09-01,28.5351,28.5687,28.3525,28.4678,1941378
2017-09-05,28.5543,28.5639,28.3814,28.4582,2641070
2017-09-06,28.6408,28.6408,28.2084,28.2853,3406756
2017-09-07,28.3237,28.7993,28.3141,28.7849,3179439
2017-09-08,28.6888,28.8522,28.5639,28.8329,3076260
2017-09-11,28.8522,29.2557,28.8041,29.2557,2638729
2017-09-12,29.2269,29.2461,28.6888,28.8041,2970137
2017-09-13,28.7849,28.9867,28.7465,28.7657,3681105
2017-09-14,28.7465,29.0011,28.612,28.9578,3753091
2017-09-15,29.0059,29.1068,28.9194,29.0827,5332092
2017-09-18,29.102,29.15,28.6504,28.8041,2239161
2017-09-19,28.8714,28.8906,28.6888,28.7945,3556693
2017-09-20,28.8714,28.9386,28.4486,28.5351,2274545
2017-09-21,28.5159,28.6648,28.2661,28.3333,2836700
2017-09-22,28.4198,28.4198,28.0259,28.0547,2626025
2017-09-25,28.0739,28.5255,28.0259,28.4967,2800362
2017-09-26,28.4102,28.5639,28.1988,28.4774,3296386
2017-09-27,28.3429,28.4774,27.8337,27.9394,3461730
2017-09-28,27.9298,28.0883,27.7665,28.0067,2937079
2017-09-29,28.0259,28.122,27.9298,28.0643,2771613
2017-10-02,28.1027,28.1316,27.7569,27.8241,3035316
2017-10-03,27.8433,27.8433,27.4782,27.6512,2140057
2017-10-04,27.6512,27.8722,27.5455,27.8529,2432971
2017-10-05,27.8529,27.9682,27.68,27.9202,3087970
2017-10-06,27.7857,27.8529,27.68,27.7473,2363410
2017-10-09,27.7761,27.8433,27.5647,27.6031,2737775
2017-10-10,27.6992,27.9923,27.6031,27.9778,2294411
2017-10-11,28.0067,28.3285,28.0067,28.1604,2266639
2017-10-12,28.1604,28.6024,28.0835,28.5543,4504450
2017-10-13,28.6696,28.7897,28.1988,28.2084,2650610
2017-10-16,28.1124,28.4006,28.0547,28.3045,2816525
2017-10-17,28.2757,28.391,28.122,28.3718,2240865
2017-10-18,28.3525,28.6312,28.3237,28.4198,2165872
2017-10-19,28.4486,28.5831,28.3141,28.5831,1874449
2017-10-20,28.5255,28.5831,28.3622,28.5351,1545326
2017-10-23,28.5351,28.5591,28.3525,28.5063,2624026
2017-10-24,28.5159,28.612,28.3045,28.4294,3425954
2017-10-25,28.2949,28.3333,27.9283,28.2228,1601085
2017-10-26,28.3525,28.6024,28.2901,28.3333,2390736
2017-10-27,28.2276,28.5831,28.1412,28.5831,1603681
2017-10-30,28.5351,28.5735,28.2661,28.3141,2565527
2017-10-31,28.2661,28.4823,28.1988,28.4198,2495225
2017-11-01,28.5447,28.6024,28.2949,28.5447,3733316
2017-11-02,28.5447,28.6408,28.2853,28.5735,3326501
2017-11-03,27.4494,28.6888,27.0939,28.4294,3003782
2017-11-06,28.439,28.6984,28.3285,28.5543,2011014
2017-11-07,28.5351,28.8137,28.5255,28.7753,2565911
2017-11-08,28.7465,28.8618,28.6216,28.7753,2137752
2017-11-09,28.66,28.7465,28.4871,28.6408,2318977
2017-11-10,28.4967,28.5447,28.1796,28.2565,2403712
2017-11-13,28.2661,28.4967,28.2469,28.4678,2215844
2017-11-14,28.3429,28.7849,28.3333,28.7753,3224559
2017-11-15,28.831,28.9377,28.3754,28.453,2860060
2017-11-16,28.356,28.4142,27.9243,28.1427,3326529
2017-11-17,28.0943,28.2736,28.0264,28.1137,2913139
2017-11-20,28.1234,28.2397,27.9586,28.23,2123273
2017-11-21,28.3075,28.3172,28.1427,28.2009,1665845
2017-11-22,28.2203,28.3172,28.1912,28.2591,1772703
2017-11-24,28.2591,28.3366,28.1331,28.1427,852505
2017-11-27,28.2203,28.6662,28.1621,28.6372,2607495
2017-11-28,28.6662,28.7874,28.6081,28.6759,1525145
2017-11-29,28.6081,29.0007,28.5499,28.7632,2061528
2017-11-30,28.7729,29.151,28.7729,29.0928,4487350
2017-12-01,29.2479,29.2479,28.1912,28.6275,3766830
2017-12-04,28.3463,28.5984,28.1137,28.4627,3757526
2017-12-05,28.4627,28.4627,27.9876,28.0264,2870596
2017-12-06,28.0749,28.2979,27.9004,28.1234,3617958
2017-12-07,28.0846,28.0846,27.7841,27.9779,3001841
2017-12-08,27.9295,28.0264,27.8034,28.0264,3209109
2017-12-11,27.9004,27.9973,27.7937,27.9682,2837947
2017-12-12,27.881,28.104,27.4981,27.5126,3065124
2017-12-13,27.5805,27.6289,27.3575,27.532,3999026
2017-12-14,27.2509,27.8325,27.2412,27.7453,3166569
2017-12-15,27.8713,28.0652,27.8131,27.9198,6728755
2017-12-18,27.9489,28.0167,27.5223,27.5902,2806927
2017-12-19,27.4738,27.6338,27.1442,27.1539,2329999
2017-12-20,27.2509,27.4205,27.1345,27.1636,2472126
2017-12-21,26.9891,27.1588,26.9019,26.9213,2645573
2017-12-22,27.0279,27.2703,26.9503,27.2121,1886649
2017-12-26,27.2509,27.372,27.1151,27.1733,1348846
2017-12-27,27.2315,27.3575,27.1054,27.2896,1346661
2017-12-28,27.3672,27.5078,27.2121,27.4932,1182289
2017-12-29,27.5514,27.6289,27.4352,27.4932,1381007
2018-01-02,27.5223,27.5514,27.1054,27.1636,2553692
2018-01-03,27.0473,27.3866,26.9406,27.1054,3318313
2018-01-04,27.0861,27.5805,27.057,27.1345,4774822
2018-01-05,27.1733,27.3963,26.8873,27.0182,4535125
2018-01-08,27.2218,27.3187,26.9406,27.183,4733566
2018-01-09,27.2121,27.3187,26.8098,26.9116,2614662
2018-01-10,26.8631,26.8631,26.4075,26.4268,4141596
2018-01-11,26.4947,26.7758,26.3881,26.5916,3610034
2018-01-12,26.5141,26.6401,26.2814,26.5335,3957859
2018-01-16,26.6207,26.7758,26.3687,26.6789,4906177
2018-01-17,26.7758,27.1345,26.7274,27.0279,4922868
2018-01-18,27.0667,27.1442,26.7274,26.9794,4415119
2018-01-19,27.0764,27.2266,26.8679,26.9503,3564082
2018-01-22,27.1054,27.2315,26.8922,26.9406,2902169
2018-01-23,27.0279,27.309,26.8534,27.2218,2774154
2018-01-24,27.1733,27.3187,27.0279,27.2799,4402512
2018-01-25,27.2799,27.5417,27.1733,27.5126,4441794
2018-01-26,27.5708,27.6192,27.3042,27.5902,3052595
2018-01-29,27.4738,27.5514,26.8679,26.8825,4638577
2018-01-30,26.9406,27.1345,26.8146,26.9697,4479458
2018-01-31,27.0376,27.3284,26.9019,27.3187,4540985
2018-02-01,27.309,27.4544,26.8195,26.8728,5210848
2018-02-02,26.7565,27.0134,26.6789,26.708,4374318
2018-02-05,26.6304,26.9358,26.0875,26.0875,4794186
2018-02-06,25.8258,25.8258,25.0599,25.5156,6675083
2018-02-07,25.5059,26.0197,25.4477,25.5543,5097663
2018-02-08,25.5156,25.7143,25.0502,25.0599,5480946
2018-02-09,25.1278,25.9033,25.089,25.6901,4156877
2018-02-12,25.7288,26.0682,25.5301,25.913,2870879
2018-02-13,25.8355,26.0585,25.6077,25.9518,3354650
2018-02-14,25.822,25.9396,25.5869,25.6555,2989969
2018-02-15,25.7241,26.2139,25.6653,26.2139,3202831
2018-02-16,26.1453,26.4392,26.0963,26.3608,3285019
2018-02-20,26.2628,26.449,26.1012,26.1845,3638128
2018-02-21,26.2334,26.2726,25.6849,25.6947,3811864
2018-02-22,26.5861,26.9583,25.9004,26.449,5750453
2018-02-23,26.5371,27.1934,26.4098,27.1641,3971276
2018-02-26,27.213,27.3012,27.1053,27.2228,3515577
2018-02-27,27.2816,27.311,26.6743,26.6939,3911883
2018-02-28,26.7722,26.8457,26.4686,26.4979,5170246
2018-03-01,26.4979,26.7624,26.0963,26.1747,5152536
2018-03-02,26.1845,26.4686,25.9249,26.1453,3971579
2018-03-05,26.1257,26.6841,26.0375,26.5959,4651047
2018-03-06,26.5763,26.5861,26.0963,26.2237,3545130
2018-03-07,26.1845,26.2628,25.9886,26.1649,3239947
2018-03-08,26.302,26.5567,26.253,26.5371,4357856
2018-03-09,26.6351,26.6351,26.4,26.5763,4032919
2018-03-12,26.6057,26.88,26.5861,26.8702,4252907
2018-03-13,26.9192,27.0269,26.7037,26.7526,3492730
2018-03-14,26.831,26.9876,26.2237,26.4979,9242786
2018-03-15,26.5763,26.8702,25.9298,26.3706,9482006
2018-03-16,26.3412,26.7037,26.3069,26.5959,13786643
2018-03-19,26.6057,26.6253,26.2334,26.4,4955353
2018-03-20,26.3804,26.4392,26.0522,26.2628,7629550
2018-03-21,26.253,26.7232,26.16,26.2922,6536457
2018-03-22,25.9886,26.449,25.8612,26.1845,7524539
2018-03-23,26.2922,26.5861,25.9004,25.9592,5078521
2018-03-26,26.1061,26.3706,25.8906,26.2922,4171625
2018-03-27,26.3118,26.9045,26.2139,26.5371,7689903
2018-03-28,26.6449,26.6449,26.0375,26.4,5207205
2018-03-29,26.4294,26.929,26.4294,26.8408,6023717
2018-04-02,26.9094,26.9339,26.2188,26.4294,3697233
2018-04-03,26.4196,26.6253,26.2432,26.5273,4728721
2018-04-04,26.4783,26.7281,26.3265,26.6449,4033772
2018-04-05,26.6743,26.9779,26.4098,26.733,4782985
2018-04-06,26.7037,26.7037,26.1894,26.3412,5287944
2018-04-09,26.3804,26.7477,26.3216,26.5763,3886071
2018-04-10,26.5175,26.6596,26.4588,26.5469,3004008
2018-04-11,26.4979,26.6596,26.2334,26.2824,2973499
2018-04-12,26.351,26.3608,25.8514,25.9886,3119316
2018-04-13,26.0473,26.2334,25.9886,26.1257,2902423
2018-04-16,26.2041,26.5616,26.1453,26.5175,3120690
2018-04-17,26.5665,26.7134,26.4294,26.6155,4225044
2018-04-18,26.6155,26.8114,26.5567,26.5861,2124470
2018-04-19,26.4686,26.6057,26.351,26.4294,3098400
2018-04-20,26.4588,26.5175,26.0767,26.1355,5111965
2018-04-23,25.7143,25.9494,25.2343,25.4106,9942769
2018-04-24,25.5183,25.5232,24.7739,24.8424,11269306
2018-04-25,24.7445,24.9404,24.3037,24.4114,8427205
2018-04-26,24.5192,24.6857,24.382,24.5975,8207061
2018-04-27,24.5486,25.0628,24.5094,24.9502,8006363
2018-04-30,24.9796,25.0579,24.7152,24.813,5040069
2018-05-01,24.7445,24.9502,24.7445,24.9208,5886338
2018-05-02,24.96,25.0775,24.8228,24.9404,5013146
2018-05-03,24.9012,24.9894,24.48,24.862,6267384
2018-05-04,26.4294,26.5273,25.5086,25.8514,8659379
2018-05-07,26.1747,26.4881,25.9396,26.0865,8590788
2018-05-08,25.9396,26.0277,25.6653,26.0081,10349229
2018-05-09,26.2824,26.3402,25.7143,25.7339,6077939
2018-05-10,25.871,26.1355,25.7926,26.0963,5819981
2018-05-11,26.0865,26.2432,26.0179,26.1355,2331224
2018-05-14,26.2139,26.2824,25.8514,25.9494,4872172
2018-05-15,25.8416,25.9494,25.3126,25.5281,5622307
2018-05-16,25.595,25.6346,25.189,25.2484,3850646
2018-05-17,25.2781,25.397,24.9851,25.0405,3179014
2018-05-18,25.1098,25.2187,24.9613,25.0801,3239442
2018-05-21,25.1197,25.1494,24.9316,24.9712,3874934
2018-05-22,25.0108,25.3178,24.9811,25.1593,2824011
2018-05-23,25.1989,25.6346,25.1395,25.6049,4846803
2018-05-24,25.6445,25.9415,25.4712,25.9118,3115424
2018-05-25,25.8821,25.9118,25.699,25.7237,2693825
2018-05-29,25.6643,25.8425,25.4404,25.5851,4411254
2018-05-30,25.6148,26.0207,25.4663,25.8623,5890668
2018-05-31,25.8722,26.1,25.7138,25.8722,5086605
2018-06-01,25.8722,25.9316,25.3178,25.4069,4537217
2018-06-04,25.6742,25.7831,25.3178,25.3772,3768997
2018-06-05,25.3574,25.5059,25.2583,25.4069,3974165
2018-06-06,25.4069,25.5554,24.8722,24.9613,2916645
2018-06-07,25.0108,25.3079,24.8524,25.1593,3008021
2018-06-08,25.2088,25.2583,24.8969,25.0999,2999630
2018-06-11,25.0999,25.2385,24.8524,24.9712,2434341
2018-06-12,25.1197,25.7039,25.0207,25.6544,5509518
2018-06-13,25.6544,26.0108,25.3574,25.3871,4327255
2018-06-14,25.397,25.9217,25.397,25.9217,3977757
2018-06-15,25.8128,25.8425,25.5554,25.6346,5972508
2018-06-18,25.6247,25.8673,25.6148,25.8227,2892957
2018-06-19,25.7732,26.1297,25.7633,26.1198,2564539
2018-06-20,26.2089,26.2188,25.9712,26.0505,2698541
2018-06-21,25.991,26.298,25.9811,26.2584,3477295
2018-06-22,26.3178,26.3871,26.2138,26.3574,3470502
2018-06-25,26.397,27.0208,26.3772,26.9218,4149523
2018-06-26,26.8426,27.2683,26.8426,27.0604,5472330
2018-06-27,27.0406,27.3376,26.9218,27.2881,3410307
2018-06-28,27.5654,27.7238,27.2485,27.2881,4000814
2018-06-29,27.2881,27.5852,27.1495,27.4366,3391805
2018-07-02,27.4762,27.5703,27.1495,27.298,3652510
2018-07-03,27.3277,27.5258,27.2683,27.3376,2342552
2018-07-05,27.3871,27.4762,27.0109,27.4762,3538632
2018-07-06,27.5456,27.7436,27.4564,27.6644,2295500
2018-07-09,27.6644,27.699,26.5703,26.6544,4217168
2018-07-10,26.5455,26.9713,26.2881,26.8426,4669700
2018-07-11,26.8624,27.2683,26.8039,27.2386,3167768
2018-07-12,27.3079,27.6347,27.2386,27.5555,4647013
2018-07-13,27.5159,27.6446,27.2782,27.4861,2101522
2018-07-16,27.5258,27.5654,27.3723,27.4564,2036492
2018-07-17,27.5258,27.5852,27.3475,27.4366,1630150
2018-07-18,27.4762,27.4762,27.1,27.3376,3114280
2018-07-19,27.3772,27.8673,27.3772,27.7436,3368566
2018-07-20,27.6842,27.7139,27.3376,27.4861,2423087
2018-07-23,27.5555,27.704,27.3475,27.3673,3427690
2018-07-24,27.3376,27.704,26.9911,27.6545,6294596
2018-07-25,27.6446,27.9812,27.6099,27.8228,3787247
2018-07-26,27.9812,28.2585,27.7238,27.8921,3062347
2018-07-27,27.8921,28.0703,27.7238,27.8822,2711182
2018-07-30,27.8822,27.8921,27.6198,27.7535,2546771
2018-07-31,27.8921,28.199,27.7535,28.199,4365632
2018-08-01,28.0406,28.0406,27.5555,27.6545,3618231
2018-08-02,27.6347,27.9218,27.4663,27.8327,2634758
2018-08-03,27.8228,28.001,27.5258,27.6941,2751630
2018-08-06,27.6743,28.1495,27.6644,27.9911,3699161
2018-08-07,27.9911,28.0604,27.8129,28.001,2449374
2018-08-08,27.9713,28.0555,27.803,27.9614,2127103
2018-08-09,27.9515,28.001,27.7832,27.9218,1866345
2018-08-10,28.001,28.1495,27.8277,27.8525,2973275
2018-08-13,27.902,27.9862,27.7733,27.9416,2091446
2018-08-14,27.9812,27.9812,27.7238,27.8525,2538582
2018-08-15,27.88,28.195,27.79,27.95,2572189
2018-08-16,27.96,28.29,27.82,28.29,4620585
2018-08-17,28.3,28.49,28.255,28.29,3545988
2018-08-20,28.33,28.375,28.145,28.35,2443421
2018-08-21,28.38,28.38,28.0,28.06,2138206
2018-08-22,28.13,28.16,27.77,27.83,1626011
2018-08-23,27.81,27.95,27.61,27.71,2074500
2018-08-24,27.75,27.93,27.58,27.88,2553603
2018-08-27,27.93,27.98,27.51,27.68,1376605
2018-08-28,27.62,27.665,27.475,27.55,2092538
2018-08-29,27.64,27.805,27.52,27.79,1886826
2018-08-30,27.81,27.89,27.68,27.77,2117231
2018-08-31,27.82,28.0,27.685,27.79,2625585
2018-09-04,27.68,27.935,27.65,27.92,3379555
2018-09-05,28.52,28.96,28.2,28.92,4729472
2018-09-06,28.86,29.0,28.73,28.9,2953212
2018-09-07,28.71,28.82,28.5,28.51,2139710
2018-09-10,28.66,28.8,28.57,28.73,1747789
2018-09-11,28.74,28.86,28.665,28.76,1960468
2018-09-12,28.8,28.86,28.53,28.58,2080668
2018-09-13,28.55,28.8,28.375,28.78,3485788
