date,open,high,low,close,volume
2013-09-16,68.1769,68.9795,67.8596,68.7555,610846
2013-09-17,68.6715,69.6141,68.4942,69.5301,432661
2013-09-18,69.3155,69.616,68.2515,69.0542,1041630
2013-09-19,69.1195,70.0435,69.1195,69.3248,736765
2013-09-20,67.4769,67.7476,64.5744,65.3303,2858034
2013-09-23,64.8357,65.0503,63.5197,64.0984,1904218
2013-09-24,63.9211,65.3397,63.5757,64.7797,1384768
2013-09-25,64.7237,64.7237,63.8744,64.3877,2303771
2013-09-26,64.3504,64.6957,63.9491,64.3317,1182400
2013-09-27,63.9024,64.2384,63.7531,64.0144,715900
2013-09-30,63.3424,63.6364,63.1651,63.3331,917282
2013-10-01,63.5757,64.873,63.3798,64.6304,1316517
2013-10-02,64.257,64.257,62.8384,63.2024,1264037
2013-10-03,62.9784,63.1931,61.7838,62.3811,998473
2013-10-04,62.4185,62.6798,61.8865,62.5211,494555
2013-10-07,62.0825,62.7731,61.8585,62.4091,409012
2013-10-08,62.4558,62.4558,61.4665,61.5038,813907
2013-10-09,61.7932,62.3345,61.3732,62.0918,910664
2013-10-10,63.0624,63.7531,62.5211,63.7157,784987
2013-10-11,63.4544,63.9771,63.1184,63.9677,527105
2013-10-14,63.5011,64.3597,63.3331,64.3224,553053
2013-10-15,64.2197,64.5184,63.3424,63.5197,888571
2013-10-16,64.1171,64.5744,64.0237,64.397,813437
2013-10-17,64.1637,65.7596,64.0611,65.489,1086062
2013-10-18,65.853,65.853,64.7704,65.8343,1047106
2013-10-21,65.8343,65.8343,64.8637,65.181,625518
2013-10-22,65.5823,66.105,65.041,65.993,950553
2013-10-23,65.8996,67.2436,65.797,67.2249,990496
2013-10-24,67.2436,67.6262,66.8796,67.4209,802512
2013-10-25,65.5543,66.2916,64.1637,65.9743,1597248
2013-10-28,65.853,66.1143,65.279,65.4423,909663
2013-10-29,65.629,65.7783,64.929,65.5077,784403
2013-10-30,65.8436,66.0956,65.1717,65.3583,684601
2013-10-31,65.4237,65.6197,64.8357,65.1717,652140
2013-11-01,65.3583,65.6943,64.873,65.4143,706471
2013-11-04,65.5637,65.965,65.3303,65.8623,556747
2013-11-05,65.8063,66.4783,65.5917,65.9463,679342
2013-11-06,66.0956,66.5249,65.6756,66.5156,538759
2013-11-07,66.6468,67.0311,65.5409,65.6065,526862
2013-11-08,65.644,66.8075,65.344,66.45,661548
2013-11-11,66.4781,66.7124,66.2907,66.5156,489092
2013-11-12,66.3656,66.5437,65.8596,65.9345,554876
2013-11-13,65.3722,66.1407,65.3722,66.1032,578693
2013-11-14,66.0282,66.5343,65.6158,66.3,500533
2013-11-15,66.2813,66.6468,65.822,66.6468,1450826
2013-11-18,67.003,68.0433,66.853,67.6403,869095
2013-11-19,67.6309,68.0339,67.0404,67.4809,1473365
2013-11-20,67.5184,68.1558,67.2185,67.5278,588706
2013-11-21,67.7996,68.3901,67.7059,68.3526,560000
2013-11-22,68.4182,68.6337,68.1932,68.4182,851665
2013-11-25,68.5025,68.5963,67.8746,67.9964,427531
2013-11-26,68.0714,68.6244,67.8933,68.3245,669541
2013-11-27,68.4744,68.6712,68.1745,68.6619,447749
2013-11-29,68.6525,68.8231,68.1651,68.1651,418584
2013-12-02,68.1651,68.6431,68.0058,68.0995,522412
2013-12-03,67.884,68.3619,67.5465,67.9214,577648
2013-12-04,67.6684,68.2963,67.3009,68.0995,834886
2013-12-05,67.9964,68.3807,67.6871,67.8652,604770
2013-12-06,68.3245,68.9618,68.2214,68.8868,415195
2013-12-09,68.8399,69.1961,68.4557,68.7931,596850
2013-12-10,68.465,68.8634,68.1183,68.3151,393796
2013-12-11,68.2963,68.2963,66.9936,67.0873,569994
2013-12-12,67.1435,67.3291,66.5531,66.7874,571974
2013-12-13,66.9092,67.0497,66.6843,66.8342,512696
2013-12-16,67.1717,67.7481,67.1717,67.3497,885510
2013-12-17,67.5559,67.5934,66.5156,66.5906,1108455
2013-12-18,66.8155,67.8371,66.1501,67.6871,902583
2013-12-19,67.734,67.9402,67.1529,67.3872,982720
2013-12-20,67.3122,68.5119,67.3029,68.2963,723161
2013-12-23,68.9899,68.9899,68.3526,68.4838,427682
2013-12-24,68.6619,69.1586,68.5494,69.1024,111290
2013-12-26,69.2804,69.6085,68.9337,69.3929,171277
2013-12-27,69.5522,69.7584,69.2403,69.3554,224754
2013-12-30,69.4585,69.5522,68.9243,69.1492,266393
2013-12-31,69.1586,69.5616,68.9524,69.2804,316818
2014-01-02,69.3554,69.3554,68.3732,68.5213,731153
2014-01-03,68.4932,69.2429,68.4744,69.1773,567235
2014-01-06,70.0958,71.811,69.6553,70.9206,2243465
2014-01-07,70.9956,71.2861,70.8456,71.0237,891031
2014-01-08,71.0237,71.4173,70.3114,71.2393,1068899
2014-01-09,71.4642,71.8297,70.9581,71.408,429822
2014-01-10,71.4642,71.5767,70.9862,71.2111,873698
2014-01-13,71.0237,71.429,70.3723,70.4239,806295
2014-01-14,70.78,71.333,70.1708,71.333,931387
2014-01-15,71.3517,71.7547,70.9581,71.2205,835126
2014-01-16,71.2674,72.3827,71.0987,72.214,1071577
2014-01-17,72.5139,73.4418,72.467,72.7107,2003252
2014-01-21,73.1044,74.5758,71.989,73.3105,1975684
2014-01-22,73.8073,74.4118,72.4858,74.2197,1575363
2014-01-23,74.1259,74.5946,73.8916,74.3134,1265060
2014-01-24,73.5355,73.6198,72.2234,72.2327,1163093
2014-01-27,72.214,72.7295,71.5485,71.7922,990308
2014-01-28,71.811,71.9141,71.0237,71.5767,833936
2014-01-29,70.7331,71.0049,70.2406,70.6863,1036309
2014-01-30,71.2486,71.408,70.7988,71.2018,693145
2014-01-31,70.2364,71.4267,70.0677,70.8175,940532
2014-02-03,70.9206,71.1924,69.8521,69.8896,1822783
2014-02-04,70.0958,70.3114,68.8962,70.1239,1332172
2014-02-05,69.6834,70.2926,69.1305,70.2083,848946
2014-02-06,71.2716,71.648,70.5753,71.6104,1138264
2014-02-07,71.7892,72.6549,71.7892,72.6267,650852
2014-02-10,72.4667,72.8808,72.0809,72.2879,953243
2014-02-11,72.2973,72.8525,72.0903,72.4761,675242
2014-02-12,72.7584,73.2666,72.6455,72.9843,807654
2014-02-13,72.5044,73.2478,72.3067,73.2478,488654
2014-02-14,73.1819,73.897,72.9184,73.8876,723853
2014-02-18,73.8124,74.2829,73.5018,74.1041,958428
2014-02-19,74.0947,75.365,73.9234,74.1511,1073030
2014-02-20,74.2829,76.3907,74.2076,76.2025,1355882
2014-02-21,76.2213,77.5199,76.2025,77.1341,1305111
2014-02-24,76.8706,78.8561,76.7577,77.934,1236071
2014-02-25,77.614,78.0375,77.2188,77.5576,1086531
2014-02-26,77.6987,78.1033,77.0776,77.1341,883657
2014-02-27,77.4164,77.6234,76.8142,77.6046,584650
2014-02-28,77.7269,78.2633,77.1529,77.6705,611977
2014-03-03,77.1812,78.1692,76.9553,77.8869,679965
2014-03-04,78.3386,79.0067,78.1391,78.5456,912011
2014-03-05,78.7903,79.1008,77.9151,78.1127,958601
2014-03-06,78.2539,78.4233,77.2282,77.4917,919627
2014-03-07,77.8869,78.0375,76.1366,77.3317,1422976
2014-03-10,77.0118,77.0682,76.4095,76.88,599443
2014-03-11,76.9459,77.087,75.7297,75.9014,642203
2014-03-12,75.6191,75.7132,75.0357,75.5344,1323866
2014-03-13,75.7885,76.1555,74.6028,74.951,703951
2014-03-14,74.7722,75.6379,74.7722,74.998,662679
2014-03-17,75.3086,76.0284,75.2145,75.9202,621851
2014-03-18,76.0614,76.4095,75.9108,76.1649,477430
2014-03-19,76.2213,76.5883,74.7722,75.2991,395511
2014-03-20,75.2991,75.5156,74.9322,75.4403,452035
2014-03-21,76.2966,76.5036,75.5062,75.6661,1187060
2014-03-24,75.8167,75.9578,75.0357,75.318,616747
2014-03-25,75.9673,76.1931,75.1015,75.5344,1064704
2014-03-26,75.939,76.0143,74.2734,74.3017,638030
2014-03-27,74.3017,74.4428,73.6712,73.897,592403
2014-03-28,74.0852,74.7722,74.01,74.3487,385576
2014-03-31,74.9133,75.1015,74.3864,74.9698,801967
2014-04-01,75.1392,75.7414,74.7759,75.7132,427498
2014-04-02,75.7885,76.1799,75.572,76.0896,454610
2014-04-03,76.2496,76.3719,75.6097,76.1178,364069
2014-04-04,76.593,76.6636,74.584,74.7439,507190
2014-04-07,74.6781,75.0074,73.3513,73.5583,457094
2014-04-08,73.5301,73.5959,72.1656,73.3419,422992
2014-04-09,73.6806,74.3299,73.372,74.2829,520090
2014-04-10,74.057,74.2546,72.2597,72.2597,576711
2014-04-11,72.0244,72.6361,71.5916,71.5916,726145
2014-04-14,72.2032,72.5232,71.489,72.2597,589265
2014-04-15,72.1844,72.9278,71.5351,72.8619,590282
2014-04-16,73.3795,74.264,72.8808,73.9347,982984
2014-04-17,73.7559,75.7791,73.5819,74.7816,1326582
2014-04-21,74.9039,75.2333,74.1135,74.4616,578257
2014-04-22,74.5463,74.8851,73.5865,73.6147,770578
2014-04-23,73.5771,74.1417,73.1631,73.6712,507651
2014-04-24,73.7935,73.9253,72.382,73.1725,534647
2014-04-25,73.0313,73.0313,72.0056,72.0809,530536
2014-04-28,72.4479,72.8055,71.3187,72.175,867189
2014-04-29,72.5702,73.0125,72.2221,72.4667,532060
2014-04-30,72.4103,73.2665,72.2315,73.069,817023
2014-05-01,73.0219,73.9723,72.6361,73.4642,584267
2014-05-02,73.4736,74.1699,73.276,73.3324,558065
2014-05-05,73.1348,74.8757,72.956,74.6969,1059675
2014-05-06,74.424,74.8945,73.5395,73.6806,591094
2014-05-07,73.9065,75.1486,73.3607,75.1015,1005232
2014-05-08,75.1393,75.281,74.3317,74.6198,664591
2014-05-09,74.4876,74.8276,74.0247,74.6009,426861
2014-05-12,74.9787,75.5266,74.9787,75.4699,655051
2014-05-13,75.5549,75.7911,75.2338,75.366,608160
2014-05-14,75.3755,75.4038,74.157,74.2514,422158
2014-05-15,74.0342,74.0988,73.033,73.2219,803940
2014-05-16,73.0613,73.2974,72.1073,73.1274,1537717
2014-05-19,72.948,73.8831,72.7443,73.0707,527027
2014-05-20,72.8913,72.9763,71.635,71.8523,768995
2014-05-21,72.0317,72.5135,71.9751,72.3529,574648
2014-05-22,72.3623,72.6865,72.0081,72.334,558679
2014-05-23,72.5418,72.7024,72.2206,72.5512,579997
2014-05-27,72.7401,73.0141,72.419,72.9574,635565
2014-05-28,72.9574,73.9586,72.9574,73.3069,601223
2014-05-29,73.6658,74.4498,73.3824,74.3081,788737
2014-05-30,74.1192,74.8276,74.0909,74.6576,801644
2014-06-02,74.6387,74.9504,74.1003,74.9032,548105
2014-06-03,74.7048,74.9882,74.157,74.6482,506737
2014-06-04,74.497,74.7615,74.412,74.6765,312169
2014-06-05,74.6765,75.5644,74.497,75.4699,645819
2014-06-06,75.4699,75.6683,75.2999,75.4605,686888
2014-06-09,75.3944,76.0178,75.1677,75.81,939559
2014-06-10,75.6588,75.8855,75.1771,75.7533,540348
2014-06-11,75.3377,75.3471,74.8937,75.2149,382015
2014-06-12,74.9976,75.1724,74.2987,74.4876,560251
2014-06-13,74.5065,75.026,74.4215,74.9693,334216
2014-06-16,74.9126,75.3282,74.856,75.0921,294786
2014-06-17,74.8087,75.2999,74.6198,75.2716,433244
2014-06-18,75.3188,75.4038,74.5726,75.2716,469426
2014-06-19,75.1488,75.3471,74.7048,75.3282,344050
2014-06-20,75.3282,76.0933,75.3282,75.9989,1159144
2014-06-23,75.8855,75.9989,74.9693,75.0638,550959
2014-06-24,74.752,74.8276,73.6375,73.7319,597944
2014-06-25,73.5525,74.1286,73.5525,74.0625,414937
2014-06-26,74.0909,74.2042,73.5236,73.9775,365825
2014-06-27,73.8831,74.1475,73.5808,73.902,831662
2014-06-30,73.8642,74.0059,73.4202,73.8075,520045
2014-07-01,74.0059,75.0826,73.6564,74.8465,562177
2014-07-02,74.7332,74.9504,74.327,74.5537,446313
2014-07-03,74.5726,75.0165,74.3931,74.8748,351079
2014-07-07,74.6482,75.1015,74.3364,74.8748,539986
2014-07-08,74.8748,74.8748,73.7319,73.987,497699
2014-07-09,74.3742,74.5159,73.902,74.3553,325711
2014-07-10,73.713,74.6198,73.5241,74.1948,226155
2014-07-11,74.2325,74.9504,73.8642,74.8182,406535
2014-07-14,75.026,75.3282,74.6009,74.7237,464064
2014-07-15,74.6198,75.5171,74.5348,74.9976,608550
2014-07-16,75.2243,75.4321,74.6765,75.1204,525329
2014-07-17,74.6293,75.1299,74.3931,74.412,840550
2014-07-18,74.6482,75.366,74.3081,75.3471,554837
2014-07-21,75.2527,76.0178,75.1771,75.9705,960281
2014-07-22,76.0839,76.0839,73.118,73.6469,1945388
2014-07-23,73.5525,73.5619,72.8724,73.1935,859272
2014-07-24,72.9952,73.4108,72.6268,72.7307,1015740
2014-07-25,72.5323,72.6457,71.04,71.4461,798139
2014-07-28,71.3139,71.4839,70.4165,71.0305,635066
2014-07-29,70.8983,70.9266,70.0765,70.1048,689686
2014-07-30,70.4921,70.6338,69.2453,69.9065,1151175
2014-07-31,69.2925,69.5948,68.8675,69.2075,1565747
2014-08-01,69.5003,69.5003,68.7825,69.2831,492871
2014-08-04,69.5003,69.5003,68.7825,69.2831,492871
2014-08-05,69.1603,69.8404,68.7485,68.9147,596790
2014-08-06,68.433,68.6597,67.904,68.4141,865967
2014-08-07,68.8599,69.0496,68.3762,68.5184,594740
2014-08-08,68.5279,69.7609,68.3382,69.6282,636439
2014-08-11,69.8558,70.368,69.6851,69.8463,463131
2014-08-12,69.6661,70.2162,69.4766,69.8558,602404
2014-08-13,69.9696,71.1362,69.9696,70.9845,535185
2014-08-14,70.8612,71.4303,70.7474,70.7568,739695
2014-08-15,71.0604,71.2121,70.0787,70.368,2431169
2014-08-18,71.0414,71.4587,70.911,71.4303,718864
2014-08-19,71.5725,71.9519,71.3639,71.8286,401809
2014-08-20,71.9235,73.2988,71.7148,73.2134,1128469
2014-08-21,73.3841,73.5643,72.8435,72.9099,460134
2014-08-22,72.7107,73.0617,72.5115,72.7961,469573
2014-08-25,72.9953,73.185,72.853,73.0617,535591
2014-08-26,73.1565,73.3841,72.834,73.0237,607090
2014-08-27,73.0901,73.3367,72.8663,73.0142,357683
2014-08-28,72.7487,73.0711,72.4926,72.9478,311763
2014-08-29,73.0522,73.2893,72.8056,73.0142,505059
2014-09-02,73.0048,73.3462,72.3882,72.5305,614209
2014-09-03,73.0048,73.1281,72.6728,72.7771,440271
2014-09-04,72.8625,73.2798,72.4357,72.5779,527495
2014-09-05,72.5969,73.1006,72.3313,73.0237,394514
2014-09-08,72.834,73.2608,72.4072,72.9289,716791
2014-09-09,72.7392,73.147,72.6728,72.8151,355046
2014-09-10,72.7107,73.0427,72.521,72.7961,510384
2014-09-11,72.6633,73.0996,72.5077,72.9763,574481
2014-09-12,73.0332,73.0332,72.4831,72.8909,504400
2014-09-15,72.834,72.9573,72.5495,72.9478,728976
2014-09-16,72.9384,73.5074,72.4262,73.2514,433820
2014-09-17,73.2798,73.7446,73.0237,73.3272,369703
2014-09-18,73.3747,73.8774,73.3272,73.792,629170
2014-09-19,74.3706,77.6808,74.2757,75.8123,2797933
2014-09-22,75.7648,76.0352,75.2289,75.2716,873929
2014-09-23,74.7879,75.0724,74.2188,74.4464,687027
2014-09-24,74.3231,75.2242,74.3231,74.9207,757690
2014-09-25,74.9112,74.9207,73.9058,74.1145,646017
2014-09-26,73.8679,74.75,73.7825,74.6646,605373
2014-09-29,74.1619,75.1199,74.086,74.8638,562507
2014-09-30,74.9017,75.1104,74.1809,74.4559,509954
2014-10-01,74.1145,74.4559,72.6159,72.9004,672261
2014-10-02,72.7107,73.1281,72.0942,72.6254,525493
2014-10-03,73.0996,73.5549,72.7487,73.3652,349124
2014-10-06,73.773,74.0765,73.1375,73.3083,531599
2014-10-07,73.0142,73.166,72.0088,72.0278,587916
2014-10-08,71.9425,72.54,71.6389,72.3218,1453990
2014-10-09,72.2839,72.3693,70.8896,71.1268,746653
2014-10-10,71.3449,71.5631,70.7663,70.9655,1045145
2014-10-13,71.0793,71.4967,69.6376,69.6945,766754
2014-10-14,69.8842,71.1362,69.6471,70.4723,812344
2014-10-15,69.7894,70.7189,68.6228,70.2826,1086156
2014-10-16,69.3626,70.9086,69.2108,70.4059,1593578
2014-10-17,71.2406,73.147,71.1362,72.3218,1495388
2014-10-20,72.0752,72.7107,72.0658,72.6538,648186
2014-10-21,73.1945,74.1334,72.872,74.124,1159114
2014-10-22,74.3516,74.6456,73.3557,73.3841,967652
2014-10-23,73.9817,74.5792,73.9532,74.1619,1056916
2014-10-24,74.2662,75.0914,74.0955,75.044,747548
2014-10-27,74.9966,76.1822,74.9586,76.0873,959595
2014-10-28,76.6564,77.9464,76.59,77.7946,1048274
2014-10-29,77.7851,78.1644,77.4484,78.0033,706116
2014-10-30,77.6144,78.9328,77.4057,78.6387,677227
2014-10-31,80.2512,80.5736,79.3691,79.8149,2167746
2014-11-03,80.0235,80.5528,79.72,79.8243,1715198
2014-11-04,79.8243,80.4788,79.7295,79.9761,1603004
2014-11-05,80.0899,80.1468,79.0181,79.6157,1028019
2014-11-06,79.8149,80.0615,79.388,79.6536,1143990
2014-11-07,79.8149,80.4409,79.3027,80.4314,764248
2014-11-10,80.4314,80.8108,80.014,80.7444,643246
2014-11-11,80.8582,81.3324,80.4219,80.7728,459462
2014-11-12,80.6306,81.2281,80.5547,80.8392,389249
2014-11-13,80.8868,81.3627,80.5442,80.725,684125
2014-11-14,80.5346,80.5346,79.659,80.0968,957597
2014-11-17,80.1063,80.2491,79.5352,79.659,796856
2014-11-18,79.7351,80.0254,79.5352,79.8779,858068
2014-11-19,79.8779,80.3062,79.4686,80.2777,655780
2014-11-20,79.9921,80.4585,79.6019,80.3062,442563
2014-11-21,81.0867,81.4389,80.2205,80.4109,2083808
2014-11-24,80.5346,81.4246,80.3302,81.0582,859146
2014-11-25,81.0962,81.2771,80.8583,81.0106,820284
2014-11-26,81.0962,81.2295,80.8868,80.9915,499411
2014-11-28,81.3723,82.0481,81.2104,81.4103,505647
2014-12-01,81.3247,81.3437,80.6393,80.7916,775583
2014-12-02,80.8678,80.9439,80.3824,80.7536,679429
2014-12-03,80.6965,81.239,80.2624,80.9535,2043385
2014-12-04,81.0867,81.2863,80.2872,80.5156,1154994
2014-12-05,80.4871,81.2961,80.4871,81.0582,958558
2014-12-08,81.0962,81.2771,80.3538,80.6965,848088
2014-12-09,79.8398,80.9059,79.0403,80.8678,890685
2014-12-10,80.6013,80.7441,79.4686,79.6114,854048
2014-12-11,79.7637,80.6584,79.7542,80.0778,607233
2014-12-12,79.2592,79.3068,78.2502,78.2978,956891
2014-12-15,78.5263,78.9736,77.3317,77.4793,949055
2014-12-16,77.4031,79.44,77.3993,78.7166,797459
2014-12-17,78.6881,79.6875,78.0884,79.4686,972408
2014-12-18,80.3728,81.0962,80.1158,80.8202,1489529
2014-12-19,80.8583,81.3199,80.5537,80.8868,1745952
2014-12-22,81.1438,81.6768,80.9059,81.5055,809778
2014-12-23,81.8577,82.01,81.4484,81.7435,935843
2014-12-24,81.9338,82.4002,81.7435,82.01,250615
2014-12-26,81.8006,82.4288,81.7625,81.9053,341943
2014-12-29,81.8863,81.991,81.4865,81.6102,1221980
2014-12-30,81.515,81.6293,81.2771,81.3627,755289
2014-12-31,81.5721,81.5721,80.2967,80.4109,623863
2015-01-02,80.7345,80.8202,79.7827,80.5442,458371
2015-01-05,80.192,80.9249,79.4876,79.8398,746348
2015-01-06,80.1254,80.7536,79.0117,79.7351,1007284
2015-01-07,80.2967,81.0391,80.2015,80.8297,1450177
2015-01-08,81.239,81.8863,80.8868,81.7149,2587489
2015-01-09,81.4008,81.6483,80.6393,80.706,909491
2015-01-12,80.9059,80.9059,79.6114,80.0968,644003
2015-01-13,80.9154,81.515,79.6161,80.3538,839588
2015-01-14,79.5923,80.4014,79.2877,80.3348,608567
2015-01-15,80.8107,81.0867,80.4395,80.7631,1069391
2015-01-16,80.4966,81.1914,80.2491,81.0772,1270672
2015-01-20,82.3051,82.5335,81.3152,81.8577,1526579
2015-01-21,81.4579,81.9338,81.1533,81.477,1348153
2015-01-22,81.8863,82.9428,81.5817,82.7905,1680435
2015-01-23,79.5447,83.7043,79.0022,83.057,1948449
2015-01-26,83.6091,83.7614,82.6858,82.9523,722481
2015-01-27,81.8196,82.8857,81.3532,82.1242,856666
2015-01-28,82.9237,83.1522,82.01,82.1052,989437
2015-01-29,82.0766,82.7048,81.1724,82.5335,771923
2015-01-30,81.6197,82.3241,81.4199,81.496,948611
2015-02-02,81.7625,82.1718,80.6298,82.1242,750038
2015-02-03,82.6001,83.1046,82.0195,82.8381,963401
2015-02-04,82.5049,83.5139,82.4288,83.0856,928763
2015-02-05,83.2569,83.4758,82.6477,83.1617,735963
2015-02-06,83.4853,83.9612,82.9333,83.1427,640925
2015-02-09,82.9523,83.9517,82.9523,83.552,1248212
2015-02-10,83.9803,84.4372,83.59,84.2658,878815
2015-02-11,83.9327,84.361,83.3806,83.7899,446423
2015-02-12,84.2866,84.8978,83.9045,84.5922,754800
2015-02-13,84.4585,85.022,84.3381,84.8214,535401
2015-02-17,84.6017,84.9074,84.278,84.8214,715564
2015-02-18,84.8214,85.4613,84.6209,85.4518,490461
2015-02-19,85.4804,85.8147,85.1461,85.7765,675516
2015-02-20,85.6141,86.7794,85.4709,86.7794,639407
2015-02-23,86.1203,86.9131,86.0821,86.9131,664363
2015-02-24,86.894,87.5912,86.4355,87.3142,801461
2015-02-25,87.4384,87.4384,85.6714,85.8816,757143
2015-02-26,85.6619,85.8166,84.9456,85.3276,653433
2015-02-27,85.1939,85.4613,84.7832,85.0793,669929
2015-03-02,85.213,86.808,84.8405,86.6456,859704
2015-03-03,86.1681,86.6743,85.5568,86.149,660079
2015-03-04,85.958,86.5406,85.9293,86.3209,801311
2015-03-05,86.3209,86.8749,85.9484,86.8176,768804
2015-03-06,86.4355,87.362,86.3782,87.0277,1351661
2015-03-09,87.0372,89.1862,87.0086,89.0143,1492313
2015-03-10,88.4126,89.5109,87.19,87.1996,1409406
2015-03-11,87.1996,87.3811,86.3591,86.5501,733756
2015-03-12,86.7794,87.6007,86.7316,87.5148,549997
2015-03-13,88.126,89.1384,87.6676,89.0429,1316564
2015-03-16,89.3772,90.7143,89.2721,90.657,881905
2015-03-17,90.4278,90.6379,89.8863,90.4851,1006830
2015-03-18,90.1031,92.3571,89.6446,91.9368,1092414
2015-03-19,91.8031,92.252,91.4354,91.8127,612720
2015-03-20,92.2043,92.5576,91.507,92.2043,798306
2015-03-23,92.3189,92.634,91.6599,91.7649,648293
2015-03-24,91.3065,92.0787,90.763,91.0008,518104
2015-03-25,91.2778,91.3447,89.2626,89.2912,543137
2015-03-26,88.9379,90.466,87.9875,90.2941,917234
2015-03-27,90.3227,91.316,90.1317,91.2969,579917
2015-03-30,91.8986,93.1116,91.6885,92.634,609529
2015-03-31,92.5194,92.6245,91.9941,92.2138,635861
2015-04-01,91.8031,91.8031,90.0649,91.7458,894412
2015-04-02,91.8318,92.5958,91.5204,91.6599,530991
2015-04-06,90.9626,92.529,90.9626,92.1374,703561
2015-04-07,91.8891,92.5481,91.7057,92.1852,631444
2015-04-08,92.5385,93.4459,92.2711,92.9683,719624
2015-04-09,92.9301,93.2119,92.1947,92.911,785984
2015-04-10,92.9397,93.8948,92.5576,93.8661,678673
2015-04-13,93.6273,94.3819,93.3217,93.7133,921691
2015-04-14,93.4459,93.7802,92.7463,93.2071,749546
2015-04-15,93.4841,93.8948,92.6913,92.9206,610897
2015-04-16,92.5767,93.0352,92.0992,92.7773,459766
2015-04-17,92.1278,92.1278,90.4469,90.7621,831427
2015-04-20,91.3829,92.2998,91.2205,91.8413,613800
2015-04-21,92.2998,92.6054,91.593,91.784,526248
2015-04-22,91.8031,92.2711,90.9244,92.2138,543627
2015-04-23,91.7172,93.9712,91.2683,93.5509,882459
2015-04-24,93.4459,93.8183,93.102,93.3981,647056
2015-04-27,93.4172,94.0476,93.1689,93.9521,1220390
2015-04-28,93.8852,94.5824,93.1952,94.5538,682389
2015-04-29,94.2481,94.7352,93.6846,94.0667,952591
2015-04-30,93.8661,94.2481,92.4812,92.9588,925127
2015-05-01,93.188,93.6464,92.7296,93.2835,543140
2015-05-04,93.2835,94.0285,93.2167,93.2262,381655
2015-05-05,93.102,93.4697,91.8318,92.0705,729742
2015-05-06,92.4526,92.5767,91.3924,91.8127,723812
2015-05-07,91.9559,92.1947,91.3542,91.4784,908272
2015-05-08,92.3762,93.0734,92.3093,92.8919,1341973
2015-05-11,92.8919,93.1211,92.5099,92.5481,760556
2015-05-12,91.9846,92.3475,91.6025,92.1278,611439
2015-05-13,92.1278,93.3313,92.0323,92.8633,775767
2015-05-14,93.3695,94.401,93.0638,94.2481,559597
2015-05-15,94.3056,94.5069,93.6252,94.1236,657024
2015-05-18,94.1236,94.9669,94.0277,94.7656,528278
2015-05-19,94.8231,95.2256,94.3248,94.526,619662
2015-05-20,94.8039,94.9094,94.3727,94.4206,554443
2015-05-21,94.5069,94.7752,94.0277,94.2673,634387
2015-05-22,94.2002,94.3727,93.5428,93.654,490739
2015-05-26,93.7115,93.8552,92.5615,92.6669,655359
2015-05-27,93.0503,93.1653,92.5903,92.6478,823559
2015-05-28,92.4178,92.8778,92.1591,92.3795,926384
2015-05-29,92.4753,92.552,90.7695,91.2199,1688458
2015-06-01,91.2774,91.7278,90.8654,91.0474,696641
2015-06-02,90.4629,91.0953,90.0987,90.3191,1041020
2015-06-03,90.5587,91.5266,90.3575,91.1049,859927
2015-06-04,90.4437,91.0953,89.5621,89.7154,1030389
2015-06-05,89.4854,89.9262,88.6134,89.1979,1319646
2015-06-08,89.0542,89.8687,88.9775,89.4567,664761
2015-06-09,89.5812,90.0987,89.3513,89.4567,631046
2015-06-10,89.8783,90.7992,89.7442,90.1371,554862
2015-06-11,90.2712,91.1241,90.1275,90.9229,634086
2015-06-12,90.3862,90.9181,89.9837,90.1945,428158
2015-06-15,89.7442,89.8208,89.0925,89.4567,589377
2015-06-16,89.1117,90.2041,88.8529,90.1371,643929
2015-06-17,90.4245,91.172,90.0316,90.8558,577885
2015-06-18,91.1912,92.2357,90.7024,91.862,779859
2015-06-19,91.5266,92.3795,91.5266,91.5457,687937
2015-06-22,91.7757,91.9195,90.7027,91.3158,921254
2015-06-23,91.2103,91.862,91.057,91.5266,683812
2015-06-24,91.3828,91.9866,91.1816,91.6416,925195
2015-06-25,91.9482,92.0345,90.7887,90.9037,585492
2015-06-26,91.1624,91.2736,90.1945,90.7791,1242551
2015-06-29,90.0604,90.6066,88.7092,88.7667,549013
2015-06-30,89.3033,89.5621,88.3738,88.4984,625377
2015-07-01,89.1883,89.5122,88.6613,89.3992,501176
2015-07-02,89.6962,89.7824,88.5032,88.7763,361040
2015-07-06,87.9809,88.3307,87.2909,87.7317,696636
2015-07-07,87.9138,88.2301,86.8214,88.163,957243
2015-07-08,87.5976,88.46,87.2718,87.5209,871495
2015-07-09,88.2971,88.6996,87.7605,87.7605,454076
2015-07-10,88.6421,89.0829,88.2971,88.69,531139
2015-07-13,89.4567,89.61,88.6996,89.1404,708930
2015-07-14,89.0254,89.6196,89.0063,89.4183,823382
2015-07-15,89.4183,89.8687,88.9009,89.1117,692368
2015-07-16,89.6387,89.9741,88.6421,88.9488,746081
2015-07-17,88.6038,89.1788,88.3546,89.0159,459825
2015-07-20,88.9679,89.1596,88.1342,88.345,473514
2015-07-21,87.6742,87.6742,83.9273,85.2018,2114791
2015-07-22,84.5694,85.0964,83.8698,84.0615,1832141
2015-07-23,84.2819,85.0102,84.0423,84.7227,2576430
2015-07-24,86.256,86.3614,81.1483,81.8957,1955219
2015-07-27,81.4262,81.4741,79.7108,79.96,1704948
2015-07-28,80.3145,81.6082,79.8929,81.1962,1213778
2015-07-29,81.4837,82.0203,81.1099,81.3016,1200762
2015-07-30,81.0141,81.9532,80.7841,81.5028,938299
2015-07-31,81.8861,81.8861,80.8033,81.0908,749968
2015-08-03,81.4645,81.9724,80.9854,81.6466,900623
2015-08-04,81.6466,82.0491,81.1578,81.292,715033
2015-08-05,81.7712,82.0682,81.2441,81.3687,856437
2015-08-06,81.6562,81.7232,81.0045,81.5987,946175
2015-08-07,81.6178,82.0586,81.1387,82.0203,623047
2015-08-10,83.1128,85.0198,83.1128,84.2627,1364618
2015-08-11,83.6782,83.7165,82.7965,83.1607,852707
2015-08-12,82.4036,83.2469,81.9628,83.084,668467
2015-08-13,83.1225,84.0075,82.7954,83.7477,669952
2015-08-14,83.6131,84.1614,83.286,83.9979,391483
2015-08-17,83.5746,84.5173,83.1898,84.4692,378005
2015-08-18,84.1037,84.5943,83.8247,83.9594,621358
2015-08-19,83.7285,84.9406,83.3774,84.1229,663888
2015-08-20,83.4303,83.5842,81.8046,81.8335,511747
2015-08-21,81.2948,81.8094,80.3617,80.4771,985863
2015-08-24,76.6004,80.0165,75.1767,77.6009,1528233
2015-08-25,79.4478,79.4478,76.61,76.6774,916633
2015-08-26,78.053,79.5344,76.8602,79.342,733626
2015-08-27,80.1404,80.708,78.9187,80.3328,657747
2015-08-28,80.2174,80.7368,79.5729,80.2462,609247
2015-08-31,79.8326,80.1404,78.7167,78.736,1057815
2015-09-01,77.5528,77.8413,75.8501,76.2349,930266
2015-09-02,77.0429,77.8991,76.5138,77.8798,1557631
2015-09-03,78.1684,79.6017,78.0626,78.9765,791987
2015-09-04,78.0337,78.9861,77.6874,78.7456,959016
2015-09-08,79.5825,80.429,78.9861,80.3232,1048771
2015-09-09,80.8138,81.3332,78.9187,79.265,1050892
2015-09-10,79.0245,81.0062,78.9765,80.8042,1116216
2015-09-11,80.4194,81.593,79.9288,81.3813,862804
2015-09-14,81.237,81.4891,80.1789,80.5541,487830
2015-09-15,80.8042,81.9778,80.4386,81.8431,477445
2015-09-16,81.6507,81.9778,81.2563,81.9104,724603
2015-09-17,82.0739,83.4303,81.5641,82.0355,614813
2015-09-18,80.2943,81.7565,79.9673,80.4963,1441042
2015-09-21,80.5444,80.91,79.8326,80.1116,729938
2015-09-22,78.9572,80.9581,78.4666,78.9572,519973
2015-09-23,78.7841,79.4574,77.851,78.255,467812
2015-09-24,77.3604,78.3223,76.7832,77.9183,561293
2015-09-25,78.6782,78.6879,77.1391,77.4854,667386
2015-09-28,76.7351,77.4758,76.4369,76.6004,658415
2015-09-29,76.61,77.3219,76.1675,76.9852,640925
2015-09-30,77.572,78.8803,77.4373,78.7263,1197118
2015-10-01,78.5628,78.7744,77.3411,78.178,538218
2015-10-02,77.0718,79.1304,76.8602,79.1111,402198
2015-10-05,79.8999,80.7176,79.5632,80.6503,831845
2015-10-06,80.6214,81.4006,80.5925,80.9773,451212
2015-10-07,81.6314,82.3481,81.4102,82.1701,493638
2015-10-08,81.8142,83.4592,81.314,83.3149,407095
2015-10-09,83.3822,84.2864,83.1994,83.3052,465840
2015-10-12,83.2379,83.3052,82.5357,83.1129,395467
2015-10-13,82.6126,82.8435,81.3813,81.4198,784317
2015-10-14,81.4006,81.5833,79.1304,79.3805,796235
2015-10-15,79.8615,80.3232,79.3997,80.2462,500566
2015-10-16,80.5348,80.91,80.0154,80.4482,592957
2015-10-19,80.0442,80.4579,79.8422,80.3424,418004
2015-10-20,80.227,80.9773,79.8422,80.7657,427326
2015-10-21,81.0735,81.4102,80.0538,80.8811,350376
2015-10-22,81.3621,83.969,81.3621,83.8439,476867
2015-10-23,84.2191,84.421,83.4111,83.5457,703584
2015-10-26,83.3918,83.8632,82.9493,83.1994,352762
2015-10-27,82.7858,83.5073,82.7858,83.161,467295
2015-10-28,83.3918,85.537,83.007,85.4793,833231
2015-10-29,85.4312,85.7678,84.854,85.5274,1049433
2015-10-30,84.652,84.652,81.7854,83.4207,1745971
2015-11-02,83.6996,85.5658,82.9589,84.8251,891299
2015-11-03,84.5077,85.0271,84.3826,84.7578,733576
2015-11-04,84.8444,85.3157,84.2287,84.7482,661295
2015-11-05,84.7674,85.4042,84.4788,85.2388,657318
2015-11-06,84.8059,85.3927,84.1902,84.4115,394569
2015-11-09,84.1999,84.4981,82.8531,83.4495,783845
2015-11-10,83.2475,83.9209,82.3722,83.8055,656832
2015-11-11,84.2191,84.7386,83.8536,84.3153,433599
2015-11-12,83.6201,84.3056,82.5676,83.2242,670204
2015-11-13,82.9635,83.5525,81.8627,81.8917,578648
2015-11-16,82.0751,84.7884,82.051,84.6339,731931
2015-11-17,85.0685,85.7927,84.7112,85.6188,1067705
2015-11-18,85.7637,86.961,85.6382,86.9031,649402
2015-11-19,87.1638,89.1529,86.9996,89.0853,1209614
2015-11-20,89.5295,90.9875,89.4715,90.4565,1312558
2015-11-23,91.0455,91.3062,90.3695,90.7075,947916
2015-11-24,90.4758,91.2193,89.935,90.7751,882811
2015-11-25,90.9972,91.8372,90.3889,90.7461,634208
2015-11-27,90.6109,90.9296,90.0799,90.244,225723
2015-11-30,90.244,90.3695,89.2688,89.4909,783771
2015-12-01,90.1088,90.5047,89.3364,89.684,792011
2015-12-02,89.8095,89.9254,88.4334,88.5542,787456
2015-12-03,88.6218,88.6701,86.5748,87.019,638087
2015-12-04,87.5404,88.9849,87.5404,88.6508,589209
2015-12-07,88.1294,88.8053,87.7142,88.5832,513307
2015-12-08,87.7142,88.2839,86.9031,87.8107,466135
2015-12-09,87.3473,88.2934,86.4831,87.0286,555522
2015-12-10,87.0576,87.7528,86.652,87.1155,338096
2015-12-11,86.063,87.3086,85.9278,86.2465,659007
2015-12-14,86.5265,86.8162,85.5995,86.3527,561149
2015-12-15,86.8355,86.9127,85.5609,85.8216,822370
2015-12-16,86.5458,87.83,85.9761,87.4535,780031
2015-12-17,87.5211,88.0039,86.1982,86.652,843559
2015-12-18,86.4493,86.8645,85.1457,85.1457,1160925
2015-12-21,85.9471,87.241,85.9471,86.7969,483657
2015-12-22,87.299,88.6122,86.8741,88.4384,482774
2015-12-23,88.8343,89.1819,88.3032,89.1626,315647
2015-12-24,88.8343,89.3557,88.8053,89.1529,158590
2015-12-28,88.9984,89.4233,88.2066,89.2302,307614
2015-12-29,89.5778,90.6785,89.4426,90.0799,446551
2015-12-30,90.1957,90.8041,89.7999,90.0606,397375
2015-12-31,89.5198,89.5198,88.5929,89.1239,470718
2016-01-04,87.4824,88.0135,86.3237,87.5211,798875
2016-01-05,87.6466,89.4522,87.5742,89.4329,1013229
2016-01-06,88.6315,89.2108,87.2217,87.8011,639708
2016-01-07,86.5072,87.3038,84.9236,86.2465,1066019
2016-01-08,86.5265,87.0769,83.958,84.1125,1134426
2016-01-11,84.6146,85.0974,83.5351,84.3346,805380
2016-01-12,85.2616,85.8989,84.3443,85.754,698700
2016-01-13,86.2079,86.3817,84.0353,84.1898,843706
2016-01-14,84.3443,84.885,83.0021,84.3539,663986
2016-01-15,82.6641,83.8422,82.2116,82.8959,879355
2016-01-19,83.3787,83.9098,81.7758,82.6738,1015050
2016-01-20,81.7275,82.6931,80.3419,82.0172,1082712
2016-01-21,82.3938,83.3401,81.7179,82.8476,1481876
2016-01-22,79.9315,81.9786,78.4445,81.5344,2383795
2016-01-25,81.4378,81.5634,76.7837,77.7107,2465336
2016-01-26,79.1301,80.8585,77.9521,79.6032,1664447
2016-01-27,78.2128,79.2846,76.7547,77.0637,1640767
2016-01-28,77.5465,78.628,77.0348,78.3769,1108287
2016-01-29,78.879,79.4004,77.6624,78.0969,1950987
2016-02-01,77.981,79.2798,77.3727,78.7438,1323225
2016-02-02,77.7107,78.2707,75.9919,76.2043,1044600
2016-02-03,76.9575,77.1764,75.0263,76.1561,1442797
2016-02-04,76.1078,78.2224,76.1078,77.6334,1080458
2016-02-05,77.6431,78.6087,77.405,78.4735,1429145
2016-02-08,77.6624,78.9321,77.1313,78.3769,1628991
2016-02-09,77.5755,78.488,77.141,77.9714,2073036
2016-02-10,78.039,78.4831,76.7354,76.832,900693
2016-02-11,75.8139,76.4635,73.7195,75.9205,1650388
2016-02-12,76.5023,78.5288,76.1581,78.49,1423438
2016-02-16,79.4984,80.468,78.713,80.2838,1190593
2016-02-17,80.691,82.0194,80.6813,81.7382,934497
2016-02-18,81.6897,83.1829,81.4764,82.6011,954415
2016-02-19,82.6302,83.8325,81.9418,83.4544,1274799
2016-02-22,84.3561,85.51,84.104,85.4809,1130461
2016-02-23,84.87,87.8273,84.87,86.3923,1685160
2016-02-24,85.8009,85.859,85.0252,85.6263,1059985
2016-02-25,86.0917,86.3438,85.1027,85.9463,588714
2016-02-26,86.2275,86.2469,85.5003,85.7524,544723
2016-02-29,85.5875,86.0336,84.7343,84.9088,726423
2016-03-01,85.6554,86.625,84.8797,86.1693,638347
2016-03-02,86.2954,86.499,85.4712,86.053,479757
2016-03-03,86.0045,86.5378,85.6118,86.4893,491826
2016-03-04,86.2954,87.6431,85.9851,86.9353,606026
2016-03-07,85.8299,86.8771,85.704,86.3632,568608
2016-03-08,85.5778,86.0433,85.19,85.2482,713486
2016-03-09,85.9075,86.1887,85.5003,85.6748,646195
2016-03-10,85.9851,86.3613,84.6664,85.1415,601221
2016-03-11,85.8396,87.2165,85.5245,87.042,461228
2016-03-14,86.6541,87.2456,86.625,86.8771,420171
2016-03-15,86.4311,86.5862,85.8493,86.402,466411
2016-03-16,86.2663,87.8467,85.9415,87.6528,441623
2016-03-17,87.5655,88.6224,86.7802,88.5352,611682
2016-03-18,88.8745,89.7763,88.5061,88.8454,964796
2016-03-21,88.6224,90.135,88.6224,89.8538,706492
2016-03-22,89.0975,90.0284,88.7194,89.6405,416134
2016-03-23,89.6696,89.8878,88.826,88.8842,410063
2016-03-24,88.1085,88.7873,87.391,88.477,403433
2016-03-28,88.6515,89.2236,88.0164,89.1751,805278
2016-03-29,88.5352,89.6211,87.9049,89.3981,370928
2016-03-30,89.7375,90.3677,89.4252,89.6987,531611
2016-03-31,89.6017,89.7084,88.4964,89.4078,649895
2016-04-01,89.0103,90.0381,88.3412,89.9702,729691
2016-04-04,89.7569,90.358,89.3157,89.5242,428693
2016-04-05,89.0975,89.5726,88.4382,88.603,526979
2016-04-06,88.5546,89.3787,87.9825,89.3593,339407
2016-04-07,89.0684,89.4951,88.4964,88.9036,488558
2016-04-08,89.4757,89.7472,88.4576,88.7291,496848
2016-04-11,88.8648,89.4951,87.9534,88.4285,539418
2016-04-12,88.5158,88.9036,87.8467,88.4188,670047
2016-04-13,89.0297,90.1932,88.5546,89.9799,478333
2016-04-14,89.9993,90.6877,89.1363,90.2708,608290
2016-04-15,90.4841,91.5797,89.7763,91.2113,793569
2016-04-18,90.804,91.7155,90.6198,91.57,407236
2016-04-19,91.8027,92.0936,90.6974,90.8428,683962
2016-04-20,90.6586,91.6088,90.1156,91.1337,728651
2016-04-21,90.3386,90.455,86.1887,86.4117,2681894
2016-04-22,86.2663,88.1764,86.2663,87.2747,1347792
2016-04-25,87.0226,87.265,85.7815,86.5184,631636
2016-04-26,86.6541,87.4977,86.2081,87.0226,690209
2016-04-27,87.2941,88.2249,86.6959,87.8952,633929
2016-04-28,87.4395,88.0697,86.7802,87.0032,718274
2016-04-29,86.5281,86.562,84.8797,85.51,902663
2016-05-02,85.8396,86.6541,85.4712,86.5862,517694
2016-05-03,85.8009,86.7559,85.573,86.6153,930879
2016-05-04,86.1402,86.7026,85.733,86.4796,915834
2016-05-05,86.6056,87.4977,86.6056,87.2359,873440
2016-05-06,87.1389,88.0213,86.6929,87.9825,921170
2016-05-09,87.6431,88.4382,87.6431,87.837,527090
2016-05-10,88.1182,89.1945,87.6431,88.8648,1008491
2016-05-11,88.9812,89.1654,87.4783,87.6831,457481
2016-05-12,87.9653,88.4325,86.2525,87.0311,814790
2016-05-13,86.8656,87.362,86.1552,86.3888,651156
2016-05-16,86.2039,87.7707,86.2039,87.6345,664228
2016-05-17,87.5566,89.1429,87.5469,88.1892,1068794
2016-05-18,87.722,88.2962,86.5153,86.8462,595548
2016-05-19,86.2136,86.525,85.2599,86.0093,704041
2016-05-20,86.525,87.0505,86.0871,86.8365,1953105
2016-05-23,86.671,86.7586,85.7611,85.8341,608716
2016-05-24,86.1358,86.7878,85.7854,86.4764,424150
2016-05-25,86.6418,87.1576,86.1066,86.3791,595398
2016-05-26,86.6029,86.8365,85.9119,86.4374,298865
2016-05-27,86.3791,86.8753,86.2817,86.6224,261802
2016-05-31,86.7781,86.8267,85.4643,86.0287,741100
2016-06-01,85.474,86.4861,85.328,86.2331,297071
2016-06-02,86.2623,86.5445,85.9119,86.1552,475659
2016-06-03,85.873,85.873,84.9874,85.221,848383
2016-06-06,85.1529,86.5737,84.6663,86.1066,942943
2016-06-07,86.3596,86.671,86.0433,86.1942,439765
2016-06-08,86.4277,88.0432,86.165,87.9459,1200579
2016-06-09,87.7999,88.0724,87.2646,88.0237,435864
2016-06-10,87.3522,87.8486,86.5445,86.6321,1041185
2016-06-13,86.2817,86.3888,84.6108,84.6663,702826
2016-06-14,84.5592,84.8512,83.5678,84.0337,458594
2016-06-15,84.2283,84.7247,83.878,84.0142,483546
2016-06-16,83.5568,84.5787,83.0897,84.3159,351260
2016-06-17,84.4035,84.6273,83.4401,83.878,848823
2016-06-20,84.5884,85.1237,84.2478,84.4132,488816
2016-06-21,84.6955,84.8512,83.5958,83.6347,587606
2016-06-22,83.6347,84.0726,83.2552,83.5763,430888
2016-06-23,83.9072,84.4814,83.4741,84.4814,381841
2016-06-24,81.7857,83.0021,81.6689,81.9511,887019
2016-06-27,81.1823,81.484,78.8661,78.9732,1723381
2016-06-28,79.6739,79.9658,79.0437,79.888,1626050
2016-06-29,80.6665,81.9316,80.4038,81.5521,1512192
2016-06-30,81.9025,82.9048,81.484,82.8562,1173254
2016-07-01,82.8951,83.1731,81.8343,82.1263,1284366
2016-07-05,81.4061,81.6105,79.9756,80.3551,954330
2016-07-06,80.2578,80.5789,79.1678,80.5108,938977
2016-07-07,80.6373,80.939,80.1118,80.5108,631299
2016-07-08,81.2602,82.2625,81.0947,81.8441,935945
2016-07-11,81.7759,83.0216,81.2222,82.681,583482
2016-07-12,83.3622,83.7028,83.0313,83.479,461757
2016-07-13,83.9267,83.9753,82.5156,82.9243,472460
2016-07-14,83.8001,83.8001,82.9632,83.5179,666189
2016-07-15,83.8001,84.2381,83.2698,83.5179,740974
2016-07-18,83.5374,83.8683,83.2357,83.4985,481941
2016-07-19,83.4693,84.2186,83.3817,84.0337,500681
2016-07-20,84.1797,84.7733,83.8877,84.569,488847
2016-07-21,84.5981,84.5981,83.1189,83.4206,750327
2016-07-22,83.1287,83.1676,82.2917,82.9048,1367604
2016-07-25,81.5521,83.5763,79.9561,81.8246,1443404
2016-07-26,81.7954,82.2528,81.4451,81.9316,1406870
2016-07-27,81.63,82.2528,81.4451,82.0874,1843671
2016-07-28,82.0874,83.226,81.6592,82.934,1690630
2016-07-29,82.8854,82.8854,81.6786,82.3501,885796
2016-08-01,82.2431,83.0216,81.9122,82.2528,836816
2016-08-02,81.9608,82.3112,81.6981,82.0484,826512
2016-08-03,82.2333,82.8854,81.9414,82.8854,966942
2016-08-04,82.827,83.299,82.2625,82.3306,400933
2016-08-05,82.8854,83.3428,82.6518,83.08,763446
2016-08-08,83.2844,83.2844,82.3501,82.4572,893277
2016-08-09,82.5934,82.8756,82.1652,82.4572,672892
2016-08-10,82.3988,82.7102,81.6494,81.9621,982276
2016-08-11,82.2845,82.7242,82.0794,82.5874,510226
2016-08-12,82.5386,82.7242,82.1575,82.5386,758212
2016-08-15,82.5777,83.1217,82.4995,83.0173,412721
2016-08-16,82.6851,82.8317,82.3725,82.5386,525309
2016-08-17,82.6558,82.7728,82.2748,82.5386,586049
2016-08-18,82.5483,83.0369,82.5483,83.0271,377902
2016-08-19,82.7437,83.2127,82.5777,83.1346,335995
2016-08-22,83.0369,83.3007,82.8317,83.1736,285394
2016-08-23,83.3495,83.4961,82.6558,82.7437,345776
2016-08-24,82.7437,83.1932,82.5679,82.8512,521950
2016-08-25,82.6754,82.6754,82.265,82.4897,707910
2016-08-26,81.6983,83.1101,81.6983,82.5581,1055395
2016-08-29,82.4702,82.9587,82.4116,82.7144,649994
2016-08-30,82.861,82.9978,82.1282,82.2357,386754
2016-08-31,82.0696,82.2259,81.2587,81.7667,359383
2016-09-01,81.8058,82.2162,81.0828,82.1966,403089
2016-09-02,82.5874,83.6328,82.5874,83.115,754585
2016-09-06,83.0564,83.3886,82.519,82.8512,552661
2016-09-07,82.5777,82.646,82.138,82.3627,738614
2016-09-08,82.0989,82.392,81.8937,81.9231,399081
2016-09-09,81.2782,81.415,79.4805,79.4805,669261
2016-09-12,79.3242,80.958,79.3046,80.692,736053
2016-09-13,80.1546,80.5161,79.8909,80.1156,505480
2016-09-14,79.9299,80.3501,79.4121,79.7736,571968
2016-09-15,79.8615,80.6334,79.3144,80.438,717939
2016-09-16,80.1937,80.2328,79.119,79.1776,768508
2016-09-19,79.2753,79.9495,79.0604,79.7345,501342
2016-09-20,80.223,80.2719,79.6954,80.1253,608853
2016-09-21,80.2035,81.5909,80.1546,81.5518,569746
2016-09-22,81.9328,83.2518,81.9231,83.0662,822401
2016-09-23,82.5288,83.0623,82.2406,82.8512,748272
2016-09-26,82.7437,83.2909,82.1673,82.861,658319
2016-09-27,82.9392,83.4863,82.48,83.2518,494697
2016-09-28,83.4961,83.838,82.5972,83.4374,847856
2016-09-29,83.1052,83.3788,81.9719,82.2943,459703
2016-09-30,82.5972,82.7731,82.1575,82.4018,590475
2016-10-03,81.9133,82.1917,81.4736,81.8449,368028
2016-10-04,81.9231,82.3139,81.542,81.8156,552377
2016-10-05,81.796,82.0501,81.2001,81.7179,618085
2016-10-06,81.3955,82.3432,80.565,82.2455,566232
2016-10-07,80.9851,81.0242,79.2069,80.8288,1916260
2016-10-10,81.2294,82.1087,81.2294,81.8058,982746
2016-10-11,81.4639,81.8644,80.5357,80.7897,459488
2016-10-12,80.9558,81.6788,80.6822,81.1317,908600
2016-10-13,80.6236,81.0926,79.9886,80.8874,493556
2016-10-14,81.3857,81.796,81.2978,81.5518,475121
2016-10-17,81.3759,81.7677,81.1414,81.2684,561640
2016-10-18,81.9914,82.3041,81.542,82.1673,491821
2016-10-19,82.1282,82.5874,81.9914,82.0305,408457
2016-10-20,81.9231,82.1575,81.2489,81.7081,698045
2016-10-21,80.6627,82.8219,80.6627,82.519,590065
2016-10-24,80.0569,80.2133,76.7351,77.3897,9645997
2016-10-25,77.5167,78.5816,77.3897,78.1615,3571320
2016-10-26,78.2885,80.0863,78.2592,79.5294,3097401
2016-10-27,80.1742,80.8581,79.5294,80.2621,1667888
2016-10-28,80.3305,81.8742,80.2426,81.5322,1857550
2016-10-31,81.542,82.6485,80.8532,82.3822,2069562
2016-11-01,82.6754,82.9001,80.4966,80.5943,2305177
2016-11-02,80.7018,81.2343,79.7345,79.7736,1065479
2016-11-03,80.2133,80.6432,79.2461,80.1937,1989915
2016-11-04,80.3501,81.5811,80.0863,80.2719,1335307
2016-11-07,81.4932,81.6006,80.3403,80.8483,1356754
2016-11-08,80.8483,81.4443,80.3305,81.1414,1175625
2016-11-09,80.4941,83.8194,80.4941,82.7992,1516885
2016-11-10,83.2897,84.0254,82.3235,83.7998,2001635
2016-11-11,83.6036,86.9877,83.4819,86.8504,2205160
2016-11-14,87.1055,87.7234,86.5365,87.0172,2407707
2016-11-15,86.821,86.821,85.3888,86.6444,1568451
2016-11-16,86.5169,86.7229,85.8008,85.8695,1200006
2016-11-17,85.8793,86.9877,85.5066,86.7425,2017108
2016-11-18,86.5267,86.7916,85.8106,86.1147,2152783
2016-11-21,86.3698,86.9485,85.948,86.5561,1324967
2016-11-22,86.9289,87.3016,86.4482,87.1643,1548954
2016-11-23,87.3114,89.185,87.1251,89.1654,2578196
2016-11-25,89.2635,91.1861,89.0281,91.1861,1047037
2016-11-28,90.7643,91.1271,89.8913,90.8526,2350643
2016-11-29,90.7054,91.2253,90.3915,90.5779,1031357
2016-11-30,90.6269,91.4019,90.5289,90.9506,1335736
2016-12-01,93.2362,94.7076,92.8929,94.2367,4211023
2016-12-02,94.0013,94.4329,92.9321,93.3539,1895517
2016-12-05,93.5795,93.7757,92.4809,92.8438,1295032
2016-12-06,92.6378,92.7555,92.2749,92.6771,999018
2016-12-07,92.6869,93.4912,92.4416,93.4127,822095
2016-12-08,93.5795,93.8149,92.628,92.8732,843227
2016-12-09,92.7653,92.834,92.4122,92.5692,877532
2016-12-12,92.0983,92.7163,91.2842,92.3534,1343159
2016-12-13,92.8242,93.2656,92.0591,92.628,1078485
2016-12-14,92.6084,92.9027,91.1763,91.3234,1099789
2016-12-15,91.5294,92.2357,90.9506,91.5784,1053683
2016-12-16,91.9806,92.6869,91.3528,91.4313,1334457
2016-12-19,91.4705,92.3534,91.4705,92.1964,791589
2016-12-20,92.1768,92.8929,91.8237,92.8831,870424
2016-12-21,92.6182,92.8929,92.01,92.1376,807227
2016-12-22,92.0002,92.2847,91.7452,92.1572,584717
2016-12-23,92.0493,92.3926,91.8531,92.1768,287254
2016-12-27,92.5986,92.8732,92.0983,92.6378,402798
2016-12-28,92.6771,92.6771,91.5981,91.706,820792
2016-12-29,91.7158,92.2651,91.5098,91.6667,571822
2016-12-30,91.9512,91.9512,90.4994,90.9899,845376
2017-01-03,91.7844,92.2062,90.931,91.3136,857129
2017-01-04,91.5686,91.9414,91.0739,91.5196,1221330
2017-01-05,90.1463,92.01,90.1463,90.9506,1012049
2017-01-06,91.137,91.294,90.8722,91.2547,713519
2017-01-09,90.676,91.2449,89.7637,90.0286,935966
2017-01-10,90.2444,90.5485,89.2537,89.2635,1147386
2017-01-11,89.4302,89.597,88.6651,88.8122,1513584
2017-01-12,88.724,88.9692,87.8019,88.6749,1584753
2017-01-13,88.8319,89.2439,88.1354,88.2139,1720097
2017-01-17,87.9785,88.1393,87.1447,87.9981,1335632
2017-01-18,88.0079,88.2237,87.5272,87.8902,1503791
2017-01-19,88.0177,88.8122,87.1055,87.5076,2670042
2017-01-20,87.7332,89.8373,87.7332,89.6558,3515795
2017-01-23,89.8814,89.9501,88.5964,88.979,1433013
2017-01-24,88.9888,89.391,88.7828,89.136,1253068
2017-01-25,89.3027,89.5185,88.6553,89.0771,1379559
2017-01-26,88.9594,89.5381,88.8073,89.5185,1022267
2017-01-27,89.5774,89.8814,88.9005,89.1752,995555
2017-01-30,89.2733,89.2733,88.0962,89.1163,860787
2017-01-31,88.9496,89.0477,88.1845,89.0281,877582
2017-02-01,89.2439,89.5087,88.1747,88.4787,621839
2017-02-02,88.155,88.9986,88.1354,88.7926,620555
2017-02-03,88.8809,89.5479,88.8122,89.2831,1112450
2017-02-06,89.2635,89.4989,88.5866,88.7436,746267
2017-02-07,88.9594,89.0379,88.1158,89.0084,1206869
2017-02-08,88.9594,89.9403,88.6749,88.7828,835292
2017-02-09,88.9994,89.5507,88.5072,89.1176,767318
2017-02-10,89.1766,89.7673,88.6745,89.7575,911457
2017-02-13,89.9839,90.5746,89.8166,90.5254,1603356
2017-02-14,90.5746,91.5985,90.4565,91.1752,1509997
2017-02-15,91.3524,91.5493,90.7125,91.3819,1054686
2017-02-16,91.5591,92.1006,90.9192,92.0711,1335879
2017-02-17,91.9431,92.0218,91.313,92.012,839869
2017-02-21,91.7462,92.9965,91.6182,92.8291,1531220
2017-02-22,92.5141,92.5633,91.8151,92.1695,780852
2017-02-23,92.327,92.4452,91.8151,92.2975,923530
2017-02-24,91.9529,93.1048,91.6674,93.095,921789
2017-02-27,93.4986,95.0935,93.3411,94.7096,2187377
2017-02-28,94.9261,96.0996,93.9318,94.109,2020569
2017-03-01,95.1034,96.5112,95.0049,96.3635,1591910
2017-03-02,96.3734,96.5998,95.7334,95.9008,1306584
2017-03-03,95.822,96.1568,95.1526,95.4676,948414
2017-03-06,95.1034,95.891,94.9655,95.7433,938398
2017-03-07,95.6153,96.1765,95.3298,95.9599,2363987
2017-03-08,95.8024,96.1962,95.5365,96.1371,1381491
2017-03-09,96.1469,97.3973,94.9065,95.5168,3385980
2017-03-10,96.0583,96.2355,95.251,95.7039,1092018
2017-03-13,97.1019,97.8009,96.5801,97.7615,2016116
2017-03-14,97.348,97.5843,96.3635,96.4226,914776
2017-03-15,96.462,96.7081,95.7433,96.3734,1854789
2017-03-16,96.6392,97.1708,96.3537,96.7869,1199664
2017-03-17,96.9936,97.4957,96.3734,97.0231,1404014
2017-03-20,97.3973,98.303,97.1807,97.6532,1727822
2017-03-21,97.8304,97.983,95.6842,95.7728,1153250
2017-03-22,95.7433,96.1666,95.0443,95.9303,994787
2017-03-23,95.9402,96.2848,95.3889,95.7827,614886
2017-03-24,95.7039,96.5358,95.0536,95.3298,1396417
2017-03-27,94.3354,95.8863,94.1385,95.763,1124053
2017-03-28,95.763,97.4366,95.2412,97.22,1203347
2017-03-29,96.9444,97.3776,96.7179,97.1708,1140933
2017-03-30,96.8459,97.3776,96.7179,96.8656,1176525
2017-03-31,96.6392,96.6884,95.6448,95.6547,1280559
2017-04-03,96.1568,96.2651,95.1427,95.9106,1076610
2017-04-04,96.1371,97.0428,96.0386,97.0133,1255137
2017-04-05,97.5449,98.2046,96.777,96.8164,1995202
2017-04-06,98.0175,98.5886,97.3592,98.3227,2524715
2017-04-07,98.559,98.687,97.0842,97.3677,2132305
2017-04-10,97.1413,98.0695,97.1117,97.5056,1009594
2017-04-11,97.6434,97.9781,97.1512,97.8107,844005
2017-04-12,97.5942,97.604,96.2749,96.4718,940353
2017-04-13,96.4718,96.5703,94.9655,95.1329,3236398
2017-04-17,95.507,96.1962,94.6406,96.0682,1961060
2017-04-18,95.9106,96.2552,95.2806,95.2806,8697774
2017-04-19,96.2257,96.8558,95.7728,96.521,3983266
2017-04-20,96.6687,98.303,96.1666,98.047,2386610
2017-04-21,99.0315,103.1369,98.5491,103.0779,4133123
2017-04-24,104.4365,105.9034,103.1271,103.7867,3553718
2017-04-25,102.5462,104.466,102.4379,103.8753,1617437
2017-04-26,103.8655,104.3577,103.3929,103.511,2181064
2017-04-27,103.767,104.4265,102.7333,102.8613,1977687
2017-04-28,103.0385,103.4202,102.1967,102.4773,1644321
2017-05-01,102.3887,102.5361,101.6208,101.7488,1372321
2017-05-02,101.8374,102.4921,101.6109,102.4379,999529
2017-05-03,102.3887,102.3887,101.2368,101.7192,1417835
2017-05-04,101.7192,102.0934,101.1581,101.8374,935250
2017-05-05,102.1032,102.4478,101.4436,102.4478,895277
2017-05-08,102.3001,102.6447,101.9852,102.4281,1247894
2017-05-09,102.8022,104.1608,102.4281,103.4421,3072109
2017-05-10,103.2157,103.6292,102.3001,102.94,2180084
2017-05-11,102.9795,103.1474,102.0907,103.0684,999914
2017-05-12,102.5252,102.9363,101.745,102.0314,847885
2017-05-15,102.0512,102.782,101.9721,102.4561,1130491
2017-05-16,102.8511,103.0388,102.1005,102.703,616857
2017-05-17,101.666,102.0808,100.6723,100.8068,1022368
2017-05-18,100.7179,101.3697,99.8389,100.787,1214015
2017-05-19,101.0438,101.7154,100.8858,101.3796,1057681
2017-05-22,102.2586,102.861,102.0808,102.4561,1062818
2017-05-23,102.5647,102.6339,101.8931,102.3968,1114847
2017-05-24,102.8413,103.098,101.9326,102.6734,2189579
2017-05-25,103.3746,105.7103,103.3351,105.5869,1563595
2017-05-26,105.5375,106.5646,105.5375,105.972,1406015
2017-05-30,105.8831,106.2486,105.5276,105.9029,1806274
2017-05-31,106.1399,107.8288,105.6264,107.7004,1586874
2017-06-01,107.7004,107.9473,106.4362,106.6634,1419100
2017-06-02,106.5844,107.6411,106.3671,106.8905,1274153
2017-06-05,107.0979,107.1078,105.4881,105.5078,1557150
2017-06-06,104.9943,105.498,103.9276,103.9474,1519219
2017-06-07,104.2141,104.2634,103.0487,103.582,1334784
2017-06-08,103.6709,104.619,103.4832,104.1943,1132091
2017-06-09,104.2141,104.5498,103.3449,103.6906,1144236
2017-06-12,103.7993,104.1745,102.2783,103.177,1178233
2017-06-13,103.3845,104.6881,103.0487,104.6289,1115666
2017-06-14,104.54,105.9424,104.382,105.1819,1177190
2017-06-15,105.093,105.9424,105.0193,105.7646,806370
2017-06-16,105.9029,106.7522,105.7152,105.9918,1965526
2017-06-19,106.1696,106.8313,104.7276,105.2116,1180694
2017-06-20,105.172,105.5029,104.1153,104.1449,813781
2017-06-21,104.382,104.4644,103.5227,103.7696,1135378
2017-06-22,103.6412,104.0165,102.6635,102.703,906645
2017-06-23,102.7524,104.0067,102.624,103.6412,1274058
2017-06-26,103.5523,104.5005,102.5351,102.5944,1172358
2017-06-27,102.4758,103.0487,102.0512,102.1795,1674538
2017-06-28,102.8314,103.4536,102.3573,102.782,658886
2017-06-29,102.9301,103.2264,101.9721,102.8808,1175894
2017-06-30,103.661,104.3326,103.4536,103.7795,877768
2017-07-03,103.9178,104.7968,103.6116,104.3029,300672
2017-07-05,104.2239,105.2115,104.2239,104.777,779873
2017-07-06,104.5498,105.1918,103.9968,104.0955,850255
2017-07-07,104.6387,105.3498,104.5005,105.0437,674928
2017-07-10,105.1325,106.9399,104.5301,106.2881,1513263
2017-07-11,106.4658,107.3646,105.8831,106.9103,1191042
2017-07-12,107.2856,107.9868,106.9004,107.6806,878890
2017-07-13,108.6386,108.6386,107.4041,107.7201,1112489
2017-07-14,107.73,109.7349,107.6609,109.1423,1347735
2017-07-17,109.3003,109.4287,108.4115,108.9448,1229978
2017-07-18,108.7176,109.1522,108.0855,108.2139,1045847
2017-07-19,108.2633,109.3695,108.0954,109.2707,736619
2017-07-20,109.3892,109.3892,107.8288,107.9967,1232750
2017-07-21,107.7596,108.1547,107.2164,107.9571,867966
2017-07-24,107.8584,108.7077,107.6609,108.5003,860640
2017-07-25,109.1423,109.1571,108.046,108.372,721331
2017-07-26,108.8658,109.2904,107.7894,108.1942,985815
2017-07-27,108.3324,108.5114,106.3572,107.6707,1461324
2017-07-28,109.2806,112.7965,108.8954,112.3224,2874809
2017-07-31,111.7595,111.7595,103.74,105.2116,3960716
2017-08-01,125.606,126.8405,120.7963,125.4973,13505866
2017-08-02,110.2287,111.799,109.7843,110.9694,2073002
2017-08-03,110.8509,118.021,110.6929,116.9742,8252347
2017-08-04,118.4161,120.2234,116.7964,117.5272,5455738
2017-08-07,125.606,126.8405,120.7963,125.4973,13683627
2017-08-08,122.7024,124.7645,122.3567,124.1443,3672086
2017-08-09,124.006,126.564,123.7789,124.8653,4227315
2017-08-10,124.182,125.1821,123.8404,124.5187,2371736
2017-08-11,124.6969,125.4495,122.9938,123.3601,2253717
2017-08-14,123.9444,125.7356,123.3799,124.5088,1448691
2017-08-15,124.5484,125.0633,123.172,123.6077,1881535
2017-08-16,123.7067,124.3999,123.3716,124.2216,1327038
2017-08-17,123.9246,124.0038,121.6471,121.6867,1242869
2017-08-18,121.5481,123.6176,120.2707,123.3007,2708826
2017-08-21,123.2413,123.4245,121.8359,122.4788,1876983
2017-08-22,123.1522,123.5285,122.3848,123.073,1013889
2017-08-23,123.4294,124.0137,122.8056,123.37,1395694
2017-08-24,126.1228,129.0934,125.3306,128.0141,4259848
2017-08-25,128.1824,129.0736,126.8853,127.826,2329483
2017-08-28,127.9349,128.1725,125.9149,126.7367,2006812
2017-08-29,126.3308,133.9851,126.0634,129.4598,5738341
2017-08-30,129.9351,130.3411,128.6676,129.2618,2524116
2017-08-31,129.5093,129.9945,129.0439,129.7668,1573724
2017-09-01,129.6182,129.8856,129.2321,129.3311,1532402
2017-09-05,130.7768,130.9154,129.6282,129.7173,16988777
2017-09-06,129.7173,129.747,129.2222,129.2717,5720738
2017-09-07,129.3212,130.6085,129.2618,130.0638,5647073
2017-09-08,129.846,130.0539,129.4796,129.6678,2786147
2017-09-11,129.7272,129.95,129.3113,129.5291,3018477
2017-09-12,129.5588,130.0044,129.4796,129.6876,1505402
2017-09-13,129.6182,130.0737,129.5588,129.9252,2100781
2017-09-14,133.8605,134.3072,133.5527,133.9002,1124823
2017-09-15,130.2223,130.2619,129.6182,129.8064,2931876
2017-09-18,129.8163,129.9549,129.1727,129.2816,5027616
2017-09-19,129.2123,129.7272,128.935,129.2915,3654602
2017-09-20,129.4103,129.5192,128.6528,128.8756,5215817
2017-09-21,128.8261,129.5984,128.6974,129.1132,2097926
2017-09-22,129.1429,129.4004,128.7172,129.2024,1980416
2017-09-25,129.0142,129.3707,128.737,128.737,3647878
2017-09-26,128.5884,129.1727,128.4597,128.6379,3423960
2017-09-27,128.7073,129.4895,128.5894,128.9449,1793397
2017-09-28,128.9251,129.2123,128.6875,128.836,2445031
2017-09-29,128.7568,129.4301,128.432,129.4301,1933452
2017-10-02,129.44,130.3015,129.2816,130.1728,1958775
2017-10-03,130.2124,131.1729,129.9549,130.9253,1838920
2017-10-04,130.9649,131.8561,130.9649,131.8561,1535384
2017-10-05,131.8561,131.9452,131.1927,131.5987,1527776
2017-10-06,131.6779,131.9155,130.8164,131.3214,1042761
2017-10-09,131.4303,131.9947,131.4303,131.8957,1324538
2017-10-10,131.9155,132.7374,131.4897,132.6483,1383611
2017-10-11,132.8364,133.3612,132.6978,133.282,1769061
2017-10-12,133.2028,133.7969,133.1929,133.6187,1377511
2017-10-13,133.6583,133.8266,133.1929,133.3909,1052796
2017-10-16,133.4801,133.7969,133.1335,133.3612,862681
2017-10-17,133.2028,133.4702,133.0049,133.2127,767405
2017-10-18,133.3315,133.4504,132.876,133.2919,1466795
2017-10-19,133.1533,133.6385,132.8859,133.2523,1043293
2017-10-20,133.4801,133.9058,133.2523,133.6781,1227715
2017-10-23,133.6781,134.0544,133.6187,133.6682,912308
2017-10-24,133.49,134.1534,133.49,133.7969,991708
2017-10-25,133.8662,134.0247,133.5296,133.6187,1398207
2017-10-26,133.8266,134.2227,133.5989,133.7276,1614525
2017-10-27,133.6979,134.1534,133.1939,133.9752,990436
2017-10-30,133.8563,134.4703,133.6781,134.3613,704196
2017-10-31,134.4703,134.6386,134.0148,134.2722,791228
2017-11-01,134.4109,134.7079,134.094,134.5198,1054684
2017-11-02,134.4208,135.1634,134.1831,134.6881,853040
2017-11-03,134.6683,134.9555,134.0296,134.599,1280786
2017-11-06,134.4703,134.6683,133.6385,133.7177,1330979
2017-11-07,133.7177,134.0445,132.8958,133.6583,1084807
2017-11-08,132.8859,133.6484,132.7968,133.2325,1107150
2017-11-09,133.0147,133.1038,131.5591,132.1829,1797021
2017-11-10,132.2027,133.1557,131.7471,132.5998,715007
2017-11-13,132.57,132.6296,131.9347,132.3913,1210306
2017-11-14,132.1432,132.3417,131.7759,131.9049,1607294
2017-11-15,132.4213,132.7397,131.1475,132.3516,1816657
2017-11-16,131.1307,131.8057,131.0612,131.6369,1098007
2017-11-17,131.3292,131.4781,130.9619,131.2994,991594
2017-11-20,131.4285,131.6568,131.2101,131.4979,595768
2017-11-21,131.4979,131.7858,131.2608,131.7858,752988
2017-11-22,131.627,131.9546,131.2696,131.5575,572247
2017-11-24,131.6071,131.8751,131.3193,131.6071,275516
2017-11-27,131.6071,131.8751,131.3292,131.4384,571446
2017-11-28,131.5277,131.756,131.215,131.359,903652
2017-11-29,131.4086,131.5376,130.8329,131.0115,1254901
2017-11-30,131.0413,132.1432,130.9818,131.3391,3377369
2017-12-01,131.4483,132.3516,131.0612,131.9248,1207448
2017-12-04,131.9645,132.838,131.7064,131.8652,979465
2017-12-05,131.8553,132.4112,131.5575,132.0638,1169208
2017-12-06,132.0737,132.57,131.8354,132.2524,694724
2017-12-07,132.1233,132.8976,131.9049,132.6296,1098612
2017-12-08,132.7685,133.6222,132.5204,133.6222,1621543
2017-12-11,133.4634,133.7612,133.3244,133.5329,1092438
2017-12-12,133.513,133.9051,133.4634,133.5329,774307
2017-12-13,133.4138,133.8208,133.1259,133.2252,1484614
2017-12-14,133.3641,133.5726,132.6991,132.7288,1292160
2017-12-15,133.2152,133.8108,132.7437,133.5428,2431454
2017-12-18,133.8505,134.198,133.2351,133.8406,1101372
2017-12-19,133.8605,134.3072,133.5527,133.9002,1125491
2017-12-20,134.0888,134.466,133.652,134.0789,889323
2017-12-21,134.0689,134.4958,133.8307,133.9895,1013159
2017-12-22,134.1682,134.4461,133.9002,134.0987,583572
2017-12-26,134.2079,134.3568,133.8505,133.9399,386270
2017-12-27,134.1086,134.3667,133.7612,134.3171,382972
2017-12-28,134.198,134.7241,134.059,134.7042,372707
2017-12-29,134.5057,134.9921,134.4114,134.6248,607234
2018-01-02,134.8035,135.0318,134.2079,134.8829,1414789
2018-01-03,134.8333,135.6373,134.7142,135.548,1362401
2018-01-04,135.7465,135.9798,135.409,135.4289,587634
2018-01-05,135.4984,135.7465,135.1807,135.6572,1424274
2018-01-08,135.7366,136.4612,135.5877,135.8855,1191333
2018-01-09,136.094,137.0171,135.8657,136.9278,1334476
2018-01-10,136.7293,137.0221,136.223,136.9377,921813
2018-01-11,136.9874,137.0866,136.1734,136.7789,1477349
2018-01-12,136.9377,137.1263,136.6002,136.8186,1255965
2018-01-16,136.7193,137.176,135.5381,135.6473,1618589
2018-01-17,135.8954,136.0642,135.3991,135.8458,1113854
2018-01-18,135.7962,136.5704,135.5083,136.3918,999566
2018-01-19,136.6399,136.7888,135.6076,136.6598,1241322
2018-01-22,136.4513,136.5506,135.9351,136.3421,692405
2018-01-23,136.2826,136.6499,135.9351,136.4414,873157
2018-01-24,136.4414,137.4341,136.3123,136.8385,1257561
2018-01-25,136.9874,137.9105,136.9377,137.5433,621042
2018-01-26,138.2083,138.3473,137.3801,138.3473,1760171
2018-01-29,137.6425,137.98,137.1958,137.2455,788287
2018-01-30,136.9675,137.1015,136.3521,136.7789,1219249
2018-01-31,136.7888,137.7319,136.501,137.4738,1248343
2018-02-01,137.2951,138.6054,137.0469,138.387,1284694
2018-02-02,137.98,138.2083,136.6697,136.6697,845136
2018-02-05,136.0443,136.362,132.7884,133.2649,2738996
2018-02-06,132.024,134.7836,131.8255,134.0292,2730826
2018-02-07,133.7711,135.8359,133.6619,134.4064,1662641
2018-02-08,134.4164,134.7638,132.3318,132.3318,1991252
2018-02-09,133.0383,133.4065,131.1774,132.5904,2578557
2018-02-12,132.8989,134.5807,132.0232,134.0234,1324260
2018-02-13,133.5458,133.8344,133.0432,133.4065,2025539
2018-02-14,132.9487,134.0334,132.7198,133.7846,803747
2018-02-15,134.3319,135.536,134.1428,135.4763,734440
2018-02-16,135.2275,135.9142,135.0584,135.2574,658912
2018-02-20,135.0385,135.3768,134.312,134.6006,800774
2018-02-21,134.73,136.8894,134.5508,135.9142,800481
2018-02-22,136.1829,138.0039,136.1829,136.8595,1083082
2018-02-23,137.0287,137.2178,136.0137,136.4615,1561685
2018-02-26,136.76,137.7651,136.76,137.4268,953318
2018-02-27,137.4666,138.2826,136.9989,136.9989,833161
2018-02-28,137.2476,138.6806,137.0486,137.0486,1674072
2018-03-01,137.0884,137.367,135.0783,135.3768,2076425
2018-03-02,134.9389,135.6455,134.6006,135.3171,1612289
2018-03-05,135.0882,136.7799,134.8195,136.3421,1433432
2018-03-06,136.5909,136.5909,135.4664,135.7251,1515037
2018-03-07,135.1977,136.143,134.9091,135.5858,1326824
2018-03-08,135.7948,136.1331,134.9489,135.8246,828978
2018-03-09,136.0137,137.1581,135.7549,137.1481,1087838
2018-03-12,137.2576,137.3272,135.7151,135.7649,959063
2018-03-13,136.3023,136.362,135.2823,135.3768,897067
2018-03-14,135.8147,135.9639,134.7698,135.0783,583065
2018-03-15,135.3171,135.8445,134.6902,134.8394,951679
2018-03-16,134.9389,135.9341,134.72,135.2076,1927028
2018-03-19,135.0385,135.8843,134.322,135.7151,1049522
2018-03-20,135.8047,136.3321,135.3469,135.8545,1252067
2018-03-21,136.0137,136.2625,135.2574,135.3967,1015819
2018-03-22,135.1181,135.4266,133.8543,134.312,1599941
2018-03-23,134.2424,134.8892,133.7448,133.8841,1240146
2018-03-26,134.4712,135.6952,134.1329,135.4067,820717
2018-03-27,135.327,135.9838,134.73,135.3071,1997387
2018-03-28,135.536,135.7649,134.2822,134.6404,1289044
2018-03-29,134.8892,135.1678,134.1926,134.1926,1299280
2018-04-02,134.2424,134.6305,133.0582,133.7547,2145657
2018-04-03,133.7846,134.7797,133.0582,134.72,1124356
2018-04-04,133.8244,134.3518,133.3069,134.3518,1291120
2018-04-05,134.5907,134.9887,134.3319,134.6504,1413827
2018-04-06,134.3518,134.8046,133.0582,133.2472,1252101
2018-04-09,133.3467,134.2324,133.1378,133.2174,1084004
2018-04-10,133.8443,134.0732,133.1079,133.1975,1691839
2018-04-11,132.9487,133.3965,132.8591,133.287,901975
2018-04-12,133.5458,133.8642,133.088,133.3069,960305
2018-04-13,133.5458,133.7647,132.7596,133.1179,772878
2018-04-16,133.3169,134.1627,133.0791,134.0035,1045716
2018-04-17,134.2424,134.7101,133.914,134.3618,2434224
2018-04-18,134.6006,134.7698,134.1428,134.3518,1668797
2018-04-19,134.4115,134.6205,132.2422,132.7099,1731128
2018-04-20,132.7099,133.4861,131.9934,132.3914,1794643
2018-04-23,132.6004,132.7795,131.3366,132.3815,1448729
2018-04-24,132.6701,133.7945,131.874,132.3815,2234629
2018-04-25,132.68,132.68,131.4514,132.6502,1414784
2018-04-26,132.481,133.1875,132.073,132.3118,991332
2018-04-27,132.4213,132.7397,131.1475,132.3516,1816657
2018-04-30,132.5307,132.6203,131.466,131.8939,981557
2018-05-01,131.7744,131.8342,129.9932,131.5854,1067096
2018-05-02,131.6252,132.0133,130.9186,131.0978,1239324
2018-05-03,130.8589,131.247,129.3762,130.9783,1170906
2018-05-04,130.5604,132.2621,130.3614,131.8939,2079040
2018-05-07,132.4312,132.8989,131.7545,132.7895,2065256
2018-05-08,132.4511,132.879,131.9983,132.6502,1778402
2018-05-09,133.1875,133.3865,132.6153,133.2771,1014509
2018-05-10,133.4363,133.7149,132.9686,133.6751,632043
2018-05-11,133.5557,133.9438,133.1477,133.6453,803472
2018-05-14,133.745,135.5706,133.6852,134.8623,1929634
2018-05-15,134.7625,135.3112,134.5331,134.8723,1457857
2018-05-16,135.0219,135.2913,134.7526,134.7526,1027447
2018-05-17,134.6728,135.7801,134.6728,135.6504,1277919
2018-05-18,135.5506,136.2838,135.2414,136.0095,1343513
2018-05-21,136.0694,137.2764,136.0694,137.1467,2021047
2018-05-22,137.466,138.2441,137.0171,137.9149,1416547
2018-05-23,137.466,137.6755,136.638,137.5258,1713634
2018-05-24,137.4759,137.8051,136.9472,137.4759,1634704
2018-05-25,137.456,138.0021,137.3363,137.7652,997321
2018-05-29,137.436,137.8451,136.9772,137.3562,915003
2018-05-30,137.3662,137.9847,137.0969,137.6356,903397
2018-05-31,137.6256,137.8251,136.648,137.1767,3080535
2018-06-01,137.466,137.9149,137.1867,137.9149,1005385
2018-06-04,138.0645,138.264,137.1068,137.7553,704285
2018-06-05,137.7553,137.865,137.047,137.3163,945632
2018-06-06,137.466,137.9149,137.3463,137.885,1100802
2018-06-07,137.8051,138.7429,137.8051,138.7229,1614491
2018-06-08,138.7628,138.9125,138.1244,138.8426,984975
2018-06-11,138.7628,138.9025,138.4386,138.6132,1686427
2018-06-12,138.6531,138.8825,138.0047,138.0845,550524
2018-06-13,138.1044,138.2341,137.2565,137.3064,1574911
2018-06-14,137.4161,137.7952,136.9572,137.5458,1082685
2018-06-15,137.3363,137.436,136.7278,137.2764,1535955
2018-06-18,136.9772,136.9803,136.5283,136.9572,1525618
2018-06-19,136.5083,136.633,133.7251,134.2737,2891201
2018-06-20,134.2737,135.2314,133.8049,134.5531,1531772
2018-06-21,134.3934,134.4533,133.6253,133.8947,1297776
2018-06-22,134.0742,134.7526,133.9445,134.144,2917891
2018-06-25,133.6951,134.2438,133.1968,133.346,1734835
2018-06-26,133.336,134.4832,133.336,134.0243,1325357
2018-06-27,134.4134,135.1616,133.7849,133.9146,946788
2018-06-28,133.9046,134.6827,133.8348,134.2438,891715
2018-06-29,134.2737,134.982,133.6054,134.3535,1512575
2018-07-02,134.0343,134.9321,133.5704,134.8523,1218038
2018-07-03,135.0618,135.8898,134.6428,134.7625,418428
2018-07-05,135.1715,135.1715,133.9745,134.7127,978479
2018-07-06,134.6728,135.5407,134.2039,135.0319,951354
2018-07-09,135.3212,136.4784,135.0917,135.9497,1214925
2018-07-10,136.2689,136.638,135.9297,136.3587,468266
2018-07-11,136.1392,136.2689,134.2538,134.4533,735546
2018-07-12,135.0518,136.7577,134.7326,136.6081,1324786
2018-07-13,136.5682,137.6157,136.5682,137.5258,584057
2018-07-16,137.4161,137.8351,137.2066,137.4959,385045
2018-07-17,137.6156,137.6655,136.9871,136.9871,823452
2018-07-18,137.037,138.2441,136.9672,137.4261,968218
2018-07-19,137.1368,137.3463,136.6879,136.8175,440840
2018-07-20,136.4684,136.7577,135.9595,136.0694,879003
2018-07-23,136.1691,137.6854,135.2015,135.8898,1021967
2018-07-24,136.1691,137.9349,135.8,137.3263,1624106
2018-07-25,136.9871,137.5458,135.7651,136.9672,1177280
2018-07-26,137.1767,138.1842,136.9572,137.9149,934928
2018-07-27,137.8251,138.7429,137.8251,138.274,964764
2018-07-30,137.9548,138.0446,137.0071,137.0869,1139364
2018-07-31,137.6056,138.7229,137.1667,138.6531,1115569
2018-08-01,138.1942,138.8925,137.7154,137.7852,1265578
2018-08-02,137.1667,137.436,136.7976,137.047,726172
2018-08-03,137.047,137.1667,136.3287,136.6081,696762
2018-08-06,136.4983,137.1667,136.0494,137.0669,829531
2018-08-07,137.2266,137.6755,136.2888,137.3463,666217
2018-08-08,137.436,137.5657,136.8774,137.0669,412165
2018-08-09,137.037,137.5208,136.3786,136.5582,958268
2018-08-10,136.3487,136.3487,135.5207,135.7601,1258983
2018-08-13,135.6703,136.3287,135.1416,135.4309,1180003
2018-08-14,135.6703,135.9796,135.0518,135.1815,754908
2018-08-15,134.9321,135.5905,134.145,135.0518,1649261
2018-08-16,135.401,136.0594,135.401,135.8,999932
2018-08-17,135.87,137.639,135.735,137.51,1061874
2018-08-20,137.55,138.0,137.12,137.63,628951
2018-08-21,137.65,138.08,137.33,137.72,1317794
2018-08-22,137.6,137.67,136.3305,136.41,670415
2018-08-23,136.36,136.629,135.86,136.14,1088721
2018-08-24,136.2,136.535,136.05,136.13,706060
2018-08-27,136.55,137.24,136.53,137.01,478738
2018-08-28,137.21,137.62,136.38,136.83,693395
2018-08-29,137.0,137.16,136.02,136.53,786924
2018-08-30,136.42,136.65,135.72,136.37,1166065
2018-08-31,136.03,136.34,135.48,135.95,1309237
2018-09-04,135.87,136.19,135.3,136.05,1459976
2018-09-05,135.84,137.12,135.785,136.96,1010843
2018-09-06,137.18,139.56,137.18,139.0,2899915
2018-09-07,138.52,138.75,137.78,138.26,1629054
2018-09-10,138.58,139.18,138.58,138.59,868618
2018-09-11,138.26,139.56,138.2,139.24,1084422
2018-09-12,139.16,139.8,139.0,139.06,1720253
2018-09-13,139.46,139.66,138.97,139.66,1103909
