date,open,high,low,close,volume
2013-09-16,104.1592,104.2472,102.9271,103.2703,1782654
2013-09-17,103.2263,104.3,103.0416,103.7631,990922
2013-09-18,103.5607,104.7761,102.9271,104.4073,1858820
2013-09-19,104.784,105.136,104.4012,104.8984,1228585
2013-09-20,105.0392,105.1184,103.4991,103.7895,2587122
2013-09-23,103.0327,103.992,103.0072,103.4639,1762556
2013-09-24,103.2439,103.9128,102.3639,102.3815,1624854
2013-09-25,102.4783,102.5839,101.2023,101.5631,2271407
2013-09-26,101.9855,102.5047,101.4135,102.4343,1039095
2013-09-27,101.7391,102.2671,101.5719,101.8359,897456
2013-09-30,101.2287,101.6951,100.9735,101.3519,1830469
2013-10-01,101.2991,101.3519,100.8943,101.2023,1452166
2013-10-02,100.8679,101.2815,100.6039,101.0439,1640151
2013-10-03,100.6215,101.3255,100.2343,100.6919,1608037
2013-10-04,100.4807,101.1539,100.3487,100.7095,1084888
2013-10-07,100.1551,100.4675,99.7591,99.8031,1293940
2013-10-08,99.8735,100.1375,98.6678,98.747,2152698
2013-10-09,97.7526,101.4047,96.9342,100.8415,5852576
2013-10-10,101.1847,102.0471,100.4367,101.8183,2388285
2013-10-11,101.3431,102.0823,100.9735,101.9943,1563043
2013-10-14,101.2114,102.3463,101.2114,102.3111,1195117
2013-10-15,101.8711,102.179,101.4399,101.5191,1503334
2013-10-16,102.3199,103.3935,101.7479,103.2791,1854872
2013-10-17,103.1647,104.4584,103.0503,104.0694,2099740
2013-10-18,104.124,104.1504,102.6367,103.5255,2728000
2013-10-21,103.3231,103.4023,102.7423,103.2967,1454575
2013-10-22,103.1207,104.6256,103.0415,103.6751,1386138
2013-10-23,103.1823,103.8688,102.9799,103.1031,1183247
2013-10-24,101.6775,102.7863,101.3607,102.2935,2250079
2013-10-25,102.0559,102.4871,101.4575,102.4695,1840085
2013-10-28,102.2583,104.0976,102.2583,103.2703,1809729
2013-10-29,103.5519,104.7136,103.2879,104.5024,1881314
2013-10-30,104.3616,104.6344,103.1471,103.6311,1108645
2013-10-31,103.7191,104.3704,103.3759,103.8424,1588489
2013-11-01,104.4672,105.4264,104.3264,105.2662,2187706
2013-11-04,105.6024,105.9544,104.9512,105.9016,1589212
2013-11-05,105.7344,105.9807,104.8104,105.7168,1419737
2013-11-06,105.9896,109.6153,105.884,109.1841,3065872
2013-11-07,109.7737,109.7737,107.8112,108.0488,2459632
2013-11-08,107.5472,108.1456,106.588,108.0488,2314755
2013-11-11,108.0136,108.8321,107.4504,108.2601,1275660
2013-11-12,107.0192,108.0048,106.94,107.7584,1587965
2013-11-13,107.5556,108.6672,107.2821,108.6672,1679297
2013-11-14,108.8613,109.4524,108.3849,109.1701,1488015
2013-11-15,109.0995,110.0082,108.8613,109.6553,1784164
2013-11-18,109.9818,109.9818,108.4422,108.7907,1327685
2013-11-19,108.9936,109.4877,108.6231,109.073,1233576
2013-11-20,109.3995,109.5847,108.0143,108.3055,1135897
2013-11-21,108.4731,109.5759,107.9085,109.3024,1164216
2013-11-22,109.6289,110.5905,109.3995,110.467,1502250
2013-11-25,110.8728,111.2725,110.1935,110.4317,1391904
2013-11-26,110.467,111.2698,110.317,110.4405,1598019
2013-11-27,110.8552,111.0668,110.4582,110.617,873630
2013-11-29,110.8993,111.1927,110.4052,110.6611,725417
2013-12-02,110.864,110.8905,108.9142,109.126,1444905
2013-12-03,109.1524,109.373,108.4907,109.2407,1768018
2013-12-04,108.7466,109.8053,107.9526,108.4907,1644123
2013-12-05,107.1938,107.9438,106.3116,106.7086,3329382
2013-12-06,107.635,107.7673,106.7704,107.6879,1736801
2013-12-09,108.3584,108.3716,107.088,107.335,2193212
2013-12-10,106.9203,107.1718,105.844,105.9057,3170567
2013-12-11,104.1942,106.1351,103.1972,104.6088,6113552
2013-12-12,104.5647,105.3411,104.1942,104.3,2023730
2013-12-13,104.997,105.0323,103.5854,104.0265,1722740
2013-12-16,104.0354,104.9,103.6904,104.1059,2069632
2013-12-17,104.2559,104.4236,103.2413,103.7089,1724393
2013-12-18,103.9119,104.6353,102.2091,104.5471,3168050
2013-12-19,103.9648,104.4941,103.4443,104.0971,2339343
2013-12-20,103.8324,105.0323,103.8324,104.5735,3007216
2013-12-23,105.0764,105.1029,104.2235,104.7147,1181616
2013-12-24,104.7147,104.8559,104.2648,104.7147,612519
2013-12-26,104.7059,105.0852,104.6265,104.6618,1169900
2013-12-27,104.8735,105.2617,104.3265,104.5735,995231
2013-12-30,104.9441,105.3146,104.608,104.7853,812878
2013-12-31,105.1558,105.6146,104.7323,105.0058,1181876
2014-01-02,104.7323,105.2529,103.8766,103.9383,1618678
2014-01-03,104.2912,104.4236,103.3384,103.4796,1293522
2014-01-06,103.656,103.8854,102.2444,102.6943,2120218
2014-01-07,102.6855,102.8364,101.7944,102.2179,2292582
2014-01-08,102.3767,102.3767,100.5028,100.621,4602924
2014-01-09,102.5179,105.0764,100.621,104.5559,5763123
2014-01-10,104.2824,104.6794,102.9237,103.9736,2790333
2014-01-13,103.2766,103.6913,101.0886,101.2563,3168867
2014-01-14,101.6356,103.0737,101.5651,102.5444,2320831
2014-01-15,102.4032,102.9502,101.6797,102.5532,1847624
2014-01-16,102.7296,102.7561,101.7239,101.9532,1938349
2014-01-17,101.9885,102.8796,101.8386,102.5973,2708082
2014-01-21,101.9974,102.4385,101.318,101.3974,2110841
2014-01-22,101.468,101.6003,100.3034,100.3564,2507507
2014-01-23,100.1358,100.1623,99.1653,99.5182,2168058
2014-01-24,99.4212,99.58,98.7427,98.9271,3203790
2014-01-27,99.3021,100.3387,98.8389,99.7653,3790471
2014-01-28,100.1623,101.2474,100.0829,100.9122,2367521
2014-01-29,100.621,100.7446,98.9095,99.0153,2356365
2014-01-30,99.4741,100.127,98.8918,99.4565,1629387
2014-01-31,98.186,99.9416,98.0449,99.13,2146024
2014-02-03,99.6594,99.6947,97.092,97.2067,3121170
2014-02-04,97.692,98.2213,96.6068,97.8331,2529624
2014-02-05,97.242,97.7537,96.8723,97.4979,2374212
2014-02-06,99.7035,101.0886,99.6947,100.8063,3755143
2014-02-07,100.6475,101.1151,100.0299,100.6122,2198514
2014-02-10,100.6122,100.6652,99.3241,100.4446,1871796
2014-02-11,100.4975,101.5915,100.1358,101.4504,1778347
2014-02-12,101.6273,102.1139,101.1142,101.5654,1737694
2014-02-13,100.9727,102.5562,100.9727,102.45,1587102
2014-02-14,101.875,103.0516,101.2911,102.7066,1520003
2014-02-18,102.8835,102.9808,101.6627,102.0519,2062002
2014-02-19,101.8308,101.9989,101.0877,101.6538,1804724
2014-02-20,101.3531,102.22,100.7427,101.7865,1837090
2014-02-21,102.0873,102.1669,99.8934,100.1323,3659545
2014-02-24,100.3711,101.5654,100.1411,100.7957,2285392
2014-02-25,100.8488,102.5181,100.8488,102.1404,1935430
2014-02-26,102.1758,103.3523,102.0608,102.5119,1926823
2014-02-27,102.6446,102.9896,101.9812,102.8127,1374462
2014-02-28,103.0604,103.9185,102.5208,103.3258,2106177
2014-03-03,102.8127,103.5647,101.8308,102.3969,1666961
2014-03-04,103.1577,103.4231,102.4854,103.1931,1810584
2014-03-05,103.1223,103.4585,102.45,103.0339,2320202
2014-03-06,100.0969,101.415,99.3184,100.1942,8925347
2014-03-07,100.6719,100.8577,100.0881,100.4065,2906694
2014-03-10,100.15,101.3708,99.9642,101.3708,2325219
2014-03-11,101.3442,101.5123,100.778,101.4769,2201836
2014-03-12,101.1938,102.2819,101.07,101.9192,2177956
2014-03-13,102.3173,102.4323,101.017,101.2115,2519618
2014-03-14,101.6892,101.6892,100.2517,100.3623,2293362
2014-03-17,100.9727,101.2558,100.3092,100.3711,2190456
2014-03-18,100.7604,100.955,99.9819,100.7161,2501020
2014-03-19,100.4419,101.07,99.4865,99.8315,1635636
2014-03-20,99.5749,100.1585,99.1954,100.1057,1408202
2014-03-21,101.2115,101.3619,100.2296,100.6984,4442274
2014-03-24,100.84,100.8488,99.8669,100.2915,2501669
2014-03-25,100.6896,101.2558,100.6648,100.7869,2202127
2014-03-26,101.0965,101.2646,99.4865,99.513,1912278
2014-03-27,99.5219,99.9111,98.9203,99.1061,2042713
2014-03-28,99.3892,99.774,98.3276,98.7788,2795496
2014-03-31,99.0265,99.329,98.6991,98.7965,2119603
2014-04-01,99.2653,99.5661,98.6461,98.9557,2566752
2014-04-02,98.9911,99.0884,98.1418,98.6815,3291664
2014-04-03,98.8495,99.2122,98.4426,98.8142,2329649
2014-04-04,99.0353,99.0795,97.8676,97.8853,2722053
2014-04-07,97.9561,98.3099,97.6287,98.0082,3119749
2014-04-08,97.8057,99.7342,97.6464,99.6634,3863906
2014-04-09,99.7165,100.088,99.1769,100.0084,2899623
2014-04-10,100.955,101.2381,99.0265,99.1503,3305094
2014-04-11,98.5841,99.7696,98.5488,99.1503,3098466
2014-04-14,99.513,99.9642,98.6638,99.5749,2518969
2014-04-15,99.5926,99.9288,98.593,99.1326,2130181
2014-04-16,99.7873,100.5303,99.3184,100.3977,2455027
2014-04-17,100.4242,100.8754,100.0703,100.4065,1659126
2014-04-21,100.4153,100.9373,100.318,100.9373,1826836
2014-04-22,100.8488,101.0523,100.4153,100.4596,2315142
2014-04-23,100.3888,101.7246,100.2561,101.5477,1999296
2014-04-24,101.645,102.0077,100.9727,101.76,1939330
2014-04-25,101.6008,101.9989,101.0257,101.7423,1721552
2014-04-28,101.8219,103.1577,101.8219,102.2554,3018758
2014-04-29,102.0696,102.5735,101.875,102.0873,1580555
2014-04-30,101.7688,102.4014,101.5211,102.335,1633995
2014-05-01,102.335,102.6181,101.6804,102.2289,1167950
2014-05-02,102.7419,102.7419,101.7865,101.8662,1321116
2014-05-05,101.7865,101.7865,100.7869,101.2823,1397980
2014-05-06,101.0965,101.2823,99.7607,99.8138,1945691
2014-05-07,99.8138,100.0403,98.7345,99.0619,2951813
2014-05-08,100.035,101.5742,99.9376,101.4946,2557564
2014-05-09,101.3354,102.3262,101.1142,102.0785,1954566
2014-05-12,102.4235,103.4231,102.2474,103.0693,1940724
2014-05-13,102.9012,103.1489,102.6889,102.8746,1229433
2014-05-14,102.6928,103.0211,101.9208,102.1604,1255293
2014-05-15,101.832,101.8675,100.8205,101.4682,1890968
2014-05-16,101.6723,102.7726,101.4771,102.5863,2146282
2014-05-19,102.1249,103.4204,101.9296,103.2607,2212762
2014-05-20,102.746,103.03,102.0273,102.1604,2127085
2014-05-21,102.1337,102.329,101.2996,101.6191,1712718
2014-05-22,101.628,102.045,101.5126,101.8054,1059931
2014-05-23,102.1071,102.178,101.6102,101.9918,1103053
2014-05-27,102.045,102.2402,100.8205,101.0423,2583867
2014-05-28,101.1577,102.0006,101.1186,101.3706,2391409
2014-05-29,101.6723,102.2136,100.7229,101.2819,2976908
2014-05-30,101.6989,103.0122,101.1665,102.9501,2622386
2014-06-02,102.7904,103.0566,102.5242,102.6484,1085483
2014-06-03,102.4621,102.9324,102.2846,102.4976,1127418
2014-06-04,102.3023,103.3672,102.2847,103.2074,1297837
2014-06-05,103.8197,104.6538,103.5713,104.4852,2614252
2014-06-06,104.432,104.92,104.3353,104.9111,1669550
2014-06-09,104.8934,105.4613,104.2394,104.5118,1623136
2014-06-10,104.148,104.4675,103.731,103.9084,1089123
2014-06-11,103.3405,103.7665,102.9146,103.1453,1117146
2014-06-12,103.0477,103.3139,102.1071,102.4354,1427319
2014-06-13,102.6661,102.6661,101.7522,102.3112,1230071
2014-06-16,102.329,102.4532,102.0006,102.4266,1503081
2014-06-17,102.3999,102.746,102.1692,102.4443,1505805
2014-06-18,102.6307,103.234,102.1071,103.1719,2113173
2014-06-19,103.4381,103.447,102.7371,103.1631,1635755
2014-06-20,103.5091,103.5091,102.1249,102.3644,2966299
2014-06-23,102.2225,102.329,101.6102,102.2402,1509532
2014-06-24,102.5153,103.3849,102.116,103.2074,1906557
2014-06-25,102.9324,103.3317,102.6484,103.1719,1188720
2014-06-26,103.1453,103.376,102.2935,102.6129,1252089
2014-06-27,102.604,102.7105,102.0539,102.4798,2477302
2014-06-30,102.5952,103.0122,102.1337,102.187,1389991
2014-07-01,102.5242,102.6661,101.9563,102.4354,1501715
2014-07-02,102.2668,102.8525,102.2668,102.7105,1122270
2014-07-03,102.8081,103.4559,102.7549,103.2429,976048
2014-07-07,103.2252,103.3672,102.8259,103.2163,1576930
2014-07-08,103.3317,104.3965,103.03,104.2279,2584447
2014-07-09,104.3213,105.0155,104.2323,104.9532,2328158
2014-07-10,104.5794,105.5941,104.5794,105.0956,2266386
2014-07-11,105.1401,105.2469,104.2145,105.0333,1684853
2014-07-14,105.2113,105.4605,104.4014,104.4548,1703089
2014-07-15,105.1668,105.2469,104.2946,104.8642,2637139
2014-07-16,105.1045,105.416,104.7218,104.8909,1531201
2014-07-17,104.4459,104.615,103.7606,103.9475,1436645
2014-07-18,104.4192,104.8464,103.7873,104.7929,2156182
2014-07-21,104.5171,104.9443,104.0098,104.17,1340803
2014-07-22,104.3836,105.06,104.2234,104.6239,1768971
2014-07-23,104.4993,104.8108,104.3747,104.6595,1155161
2014-07-24,104.5794,105.2736,104.5438,105.149,1352474
2014-07-25,104.9888,105.0511,104.1967,104.6239,1549356
2014-07-28,104.526,104.7218,103.9653,104.2412,1402633
2014-07-29,105.8522,106.4485,105.4962,105.8255,2545375
2014-07-30,105.7276,105.9768,104.526,105.1846,2032545
2014-07-31,104.615,105.327,104.3836,104.615,2477018
2014-08-01,104.8464,105.3181,104.5438,104.9176,2089466
2014-08-04,104.6239,105.3626,104.2323,105.1579,1683789
2014-08-05,104.5794,105.2024,104.3925,105.0689,1798588
2014-08-06,104.9799,106.7778,104.8464,106.4396,2859824
2014-08-07,105.2202,105.9127,104.5527,104.8464,2698210
2014-08-08,104.9888,106.2705,104.8554,106.0569,2329870
2014-08-11,106.2705,106.3684,105.6475,106.0747,1232987
2014-08-12,105.7098,106.1548,105.5148,105.9234,1082111
2014-08-13,105.9145,106.0035,105.2469,105.5941,1449617
2014-08-14,105.4783,106.1561,105.3007,106.1459,1067902
2014-08-15,106.7244,106.76,104.8286,105.5318,2025928
2014-08-18,105.9145,106.5152,105.87,106.3239,1240085
2014-08-19,106.2527,107.472,106.1281,107.3474,1708885
2014-08-20,107.205,107.8992,106.8846,107.6144,1287408
2014-08-21,107.5076,108.4778,107.4453,108.2464,1552235
2014-08-22,108.4956,108.638,107.8281,107.9527,1404965
2014-08-25,108.3977,108.5846,107.8013,108.0417,1100081
2014-08-26,108.0773,108.2197,107.5699,107.7746,1393169
2014-08-27,108.2108,108.2108,107.5432,107.9081,1028157
2014-08-28,107.7034,107.9171,107.4275,107.6678,804362
2014-08-29,108.2998,108.2998,107.3207,107.7657,1047332
2014-09-02,107.6945,108.2553,107.6055,108.193,1469943
2014-09-03,108.3176,108.5312,107.7924,108.0061,1903538
2014-09-04,109.4746,111.406,109.083,111.3882,4448617
2014-09-05,111.2903,113.0615,110.9966,113.0437,2915411
2014-09-08,113.0793,113.3196,112.3761,112.6788,2057440
2014-09-09,112.2693,112.5808,111.9133,112.2426,1500831
2014-09-10,112.4206,112.5808,112.029,112.296,1014919
2014-09-11,112.2871,112.6125,111.827,112.0913,1511168
2014-09-12,112.3672,112.3672,111.2725,111.584,1598290
2014-09-15,111.762,112.6165,111.6552,111.8866,1615345
2014-09-16,111.7887,112.8479,111.7175,112.5274,1684380
2014-09-17,112.1714,112.6432,111.851,112.1536,1593995
2014-09-18,112.3316,112.8568,112.1065,112.5719,1401530
2014-09-19,113.2929,113.2929,112.563,112.5898,3018637
2014-09-22,112.474,112.5898,111.7709,111.9934,1453733
2014-09-23,112.1091,112.1358,111.4416,111.7086,1563097
2014-09-24,112.2248,113.729,111.7709,113.5866,2076388
2014-09-25,113.4353,113.5243,111.7887,111.8421,1819936
2014-09-26,111.6196,111.851,110.7038,111.7353,2045330
2014-09-29,111.2814,111.7887,111.0589,111.5395,1170981
2014-09-30,111.1301,111.7887,111.05,111.5395,1666455
2014-10-01,111.4772,111.8599,110.7652,111.0411,1411317
2014-10-02,111.2458,112.3316,111.0945,111.9578,1545842
2014-10-03,112.3227,113.6133,112.1536,113.1149,1770671
2014-10-06,113.5332,113.6311,112.0824,112.3316,1907467
2014-10-07,111.5662,111.9934,111.0322,111.495,2335221
2014-10-08,114.1028,114.7703,113.1772,114.5745,4266976
2014-10-09,114.1206,116.3635,114.0939,114.2897,2963699
2014-10-10,114.1562,116.9598,114.1562,114.7258,3353581
2014-10-13,114.4321,114.6813,112.9369,113.0081,2446184
2014-10-14,113.4798,113.907,111.495,112.3672,4003560
2014-10-15,111.3437,111.8777,109.7238,110.6317,3784798
2014-10-16,109.1898,110.2312,108.6291,109.4301,3543012
2014-10-17,110.1599,111.9222,109.6348,110.9432,3199186
2014-10-20,111.1034,114.6991,110.9432,114.2986,3506170
2014-10-21,114.7614,116.2834,114.0761,115.9541,2105624
2014-10-22,116.2033,117.12,115.9897,116.1855,1879960
2014-10-23,116.6216,117.0221,116.0164,116.23,1763755
2014-10-24,114.441,116.1855,114.4232,116.0965,2490256
2014-10-27,115.0285,116.8262,115.0285,116.5237,1629582
2014-10-28,116.5682,117.0399,115.8473,116.6483,1439800
2014-10-29,116.853,117.485,116.5326,117.4227,1705814
2014-10-30,117.0399,118.6509,116.8886,118.375,1302063
2014-10-31,119.6655,119.71,118.1169,118.7043,2373896
2014-11-03,119.1048,119.5231,118.7043,119.5053,1949226
2014-11-04,119.808,121.6859,119.2561,121.5346,2802823
2014-11-05,122.3713,122.6561,121.0718,121.4901,2116797
2014-11-06,122.2823,122.5315,121.5791,122.0152,1685940
2014-11-07,121.9796,122.7445,121.508,122.5671,1589448
2014-11-10,122.6917,122.7273,121.0273,122.5493,1958039
2014-11-11,122.6294,122.7807,121.6324,121.9796,1495574
2014-11-12,121.9841,122.5641,121.4966,122.1625,1910222
2014-11-13,122.8229,123.8223,122.5552,123.7777,2235941
2014-11-14,123.974,123.974,123.2067,123.5725,1598624
2014-11-17,122.4392,123.5903,122.4392,123.5635,1228116
2014-11-18,123.5725,124.3399,123.1798,124.2239,1574757
2014-11-19,124.1168,125.0569,124.1168,124.9377,1362597
2014-11-20,124.09,124.9377,124.0543,124.2596,1518294
2014-11-21,125.6427,125.6695,124.2417,124.679,1849219
2014-11-24,124.3309,124.9199,124.206,124.7504,1645815
2014-11-25,125.0181,125.2411,123.8045,123.9205,1865793
2014-11-26,124.4826,125.7141,124.0722,124.7057,1631937
2014-11-28,126.0889,127.579,125.2037,126.8206,1442598
2014-12-01,127.8914,127.8914,126.0621,126.6957,1952149
2014-12-02,127.0972,127.9173,126.4994,127.6594,1765406
2014-12-03,127.588,127.8736,126.6957,127.3292,1795877
2014-12-04,128.0431,128.0431,126.7314,127.6237,1324093
2014-12-05,127.7665,127.8825,126.6787,127.829,1198018
2014-12-08,127.6505,127.6505,126.6689,127.008,1946175
2014-12-09,126.8295,127.7219,125.7141,127.6416,2094901
2014-12-10,129.337,131.0146,124.3934,125.1519,4919143
2014-12-11,125.9015,127.3203,125.5267,126.187,2401295
2014-12-12,124.9199,126.1424,122.9924,123.037,3672019
2014-12-15,123.7242,124.4826,122.3053,123.3137,2456713
2014-12-16,123.6171,124.3042,121.8502,122.5284,2470072
2014-12-17,122.5284,124.5897,122.0555,124.3309,2428540
2014-12-18,125.0894,126.3209,124.2953,126.3209,2903401
2014-12-19,126.2673,127.1597,126.1156,126.5083,4029974
2014-12-22,127.0169,127.8468,126.5797,127.7933,1776902
2014-12-23,128.9712,129.3638,128.2037,128.6321,1464516
2014-12-24,128.9979,129.2701,128.1413,128.1859,738668
2014-12-26,128.1502,128.3822,127.6773,127.9985,1233068
2014-12-29,127.9182,128.3644,127.3739,127.9093,1364395
2014-12-30,127.6059,128.5785,127.6059,128.0431,1158803
2014-12-31,128.0431,128.6142,126.4369,126.4904,1485064
2015-01-02,126.5975,127.7397,125.6552,126.3655,1471736
2015-01-05,126.4369,126.8563,124.7504,124.9288,1751693
2015-01-06,125.4732,127.5523,124.795,126.5797,3187950
2015-01-07,127.2489,128.8819,127.0348,128.7838,2171551
2015-01-08,129.8903,130.3721,129.337,129.8903,2937674
2015-01-09,128.9265,129.4352,127.8022,127.8914,1727049
2015-01-12,128.1234,128.641,126.8206,127.1775,1344803
2015-01-13,126.892,128.8641,125.2768,125.9015,2200910
2015-01-14,124.9377,125.1162,123.3583,124.3131,2208252
2015-01-15,124.8842,125.0805,123.6974,124.3131,1821110
2015-01-16,124.0722,124.8931,123.3404,124.679,1784806
2015-01-20,125.5713,126.0621,123.4655,124.3756,1836793
2015-01-21,123.9026,124.6611,123.4832,124.1614,1682887
2015-01-22,124.4826,126.071,123.4921,126.0621,1897527
2015-01-23,126.3477,126.9901,125.7052,126.7581,1700402
2015-01-26,126.4101,127.6505,126.3298,127.5211,1483318
2015-01-27,127.3828,127.4273,125.7052,125.8122,1786867
2015-01-28,126.3566,127.1151,124.5362,124.5897,2017027
2015-01-29,125.0716,125.5445,123.9562,125.4999,1873432
2015-01-30,127.6862,128.3197,126.1246,127.5969,5169025
2015-02-02,128.4982,130.4882,125.0448,130.2829,4797524
2015-02-03,130.6042,137.3235,129.1853,137.1986,10302858
2015-02-04,135.7084,139.9649,135.6995,139.135,11006320
2015-02-05,137.8259,139.301,136.0006,137.448,6986697
2015-02-06,137.5586,138.2408,136.5907,137.0884,2927362
2015-02-09,137.0884,137.5125,135.3552,136.019,2740244
2015-02-10,136.4339,136.8856,135.5212,136.6459,1703408
2015-02-11,137.131,137.2142,135.4307,136.2716,2295846
2015-02-12,136.7799,137.131,135.7171,136.5488,1712183
2015-02-13,136.9832,137.5099,135.7911,135.9389,1926835
2015-02-17,135.8465,136.4102,134.6082,136.3363,1541495
2015-02-18,135.9944,136.2901,135.4122,136.0591,1540979
2015-02-19,135.7541,136.3178,135.3475,135.5369,1273712
2015-02-20,135.5415,136.5766,134.83,136.3409,1596460
2015-02-23,136.7706,137.1957,135.8742,137.131,1587309
2015-02-24,138.0459,138.0644,136.7706,136.9647,1844184
2015-02-25,136.4934,137.3251,136.0221,136.2901,1603820
2015-02-26,135.9112,136.4102,135.1072,135.5231,1892566
2015-02-27,136.364,136.364,134.7654,135.8095,3036187
2015-03-02,136.1422,137.2235,136.1422,136.7152,2108588
2015-03-03,136.7152,136.9,135.5323,136.1884,1514346
2015-03-04,136.6228,136.7522,134.7191,136.0036,2208591
2015-03-05,139.3305,140.2361,137.6948,139.7001,4471066
2015-03-06,137.9628,138.7575,136.9277,138.1984,3014895
2015-03-09,138.4248,139.5338,138.203,139.2473,1727892
2015-03-10,138.3879,138.7575,136.9093,136.9185,2128136
2015-03-11,137.0756,137.6855,136.1607,136.2162,1734275
2015-03-12,137.1218,138.2862,136.2162,138.1014,1563991
2015-03-13,137.7779,138.5357,136.9093,137.9535,1470086
2015-03-16,138.3601,139.543,137.9535,138.6096,2532741
2015-03-17,138.0552,138.8037,137.168,138.6466,1972534
2015-03-18,138.6189,140.1252,137.0017,139.4783,2773388
2015-03-19,139.543,140.0051,138.9146,139.8295,1862908
2015-03-20,140.5873,141.5299,140.2361,141.0124,5859312
2015-03-23,141.5299,141.9088,141.114,141.3266,1666316
2015-03-24,141.3451,142.5279,141.2896,141.5206,1636999
2015-03-25,141.8995,142.2784,139.6262,139.6262,2266792
2015-03-26,137.9905,139.3305,137.8519,138.6743,1554789
2015-03-27,138.813,139.7463,138.6374,139.0532,1329918
2015-03-30,139.4598,141.0124,139.3582,140.8044,1463754
2015-03-31,140.3193,141.3913,139.774,140.0005,1886112
2015-04-01,140.31,140.347,138.3416,138.8407,1795025
2015-04-02,139.0532,140.4671,138.9516,140.1252,1096109
2015-04-06,139.8849,141.2434,139.1734,140.9292,1767562
2015-04-07,140.9569,141.3451,140.2084,140.2638,1392314
2015-04-08,140.6797,141.0863,139.7186,140.4671,1482950
2015-04-09,139.1456,139.543,137.0201,137.5192,3401763
2015-04-10,138.0644,138.6466,137.3436,138.2816,1572920
2015-04-13,138.1014,138.9331,137.6301,137.7132,1120171
2015-04-14,137.6948,138.7113,136.5119,138.1753,1540864
2015-04-15,138.2308,139.238,137.741,137.7594,1405557
2015-04-16,137.473,137.5977,135.7633,135.9482,2680610
2015-04-17,135.4584,135.597,132.2424,133.6009,4369326
2015-04-20,135.5231,136.0775,134.6914,135.2089,2882070
2015-04-21,135.828,136.8446,135.4769,136.1607,1616723
2015-04-22,136.7059,136.7059,135.1811,135.828,1424247
2015-04-23,135.4769,136.7244,135.1719,136.1237,1352575
2015-04-24,136.1515,137.1403,135.7264,136.8815,1421088
2015-04-27,137.0479,137.2373,135.7171,135.8095,1716996
2015-04-28,135.7449,136.0221,134.9686,135.4861,1302052
2015-04-29,135.1803,135.5231,133.3177,133.8644,1719013
2015-04-30,133.2992,134.2721,132.0852,132.5578,2523216
2015-05-01,132.9378,135.0505,132.7154,134.7262,1505446
2015-05-04,134.7262,135.4861,134.0034,135.0598,1288750
2015-05-05,134.476,135.0505,133.7069,133.9015,1769579
2015-05-06,134.6891,135.1432,133.4474,134.1517,1737330
2015-05-07,133.92,134.93,133.4474,133.9571,2565148
2015-05-08,135.2915,136.737,135.1061,135.1803,1728677
2015-05-11,134.8652,135.5973,133.6235,133.6883,1906719
2015-05-12,133.4381,134.3648,132.8988,133.503,1923886
2015-05-13,133.3269,134.6326,132.252,132.7339,2135920
2015-05-14,133.5586,133.5586,131.1493,132.1408,3023665
2015-05-15,132.7154,134.3277,132.2706,134.2073,2357005
2015-05-18,134.1239,134.6335,133.4845,134.4204,1451924
2015-05-19,134.1887,134.8281,133.7254,134.1239,1332707
2015-05-20,134.4204,134.4204,132.7524,132.9656,1640883
2015-05-21,132.8544,133.9846,132.3679,133.3826,1539527
2015-05-22,133.3455,134.1378,132.8822,133.1416,1189460
2015-05-26,133.5123,133.8181,132.5856,132.7432,2477397
2015-05-27,133.0953,134.9579,132.6134,134.754,2954072
2015-05-28,133.7347,135.2637,132.6598,133.6791,3206152
2015-05-29,133.2343,133.3881,131.3717,132.1316,3027050
2015-06-01,132.5578,132.7432,131.4922,131.9462,2183416
2015-06-02,131.557,132.2057,130.5563,131.0288,1963529
2015-06-03,131.279,132.0575,130.825,131.7053,1858446
2015-06-04,131.001,132.0482,130.0373,130.3339,2898607
2015-06-05,130.4173,130.4821,128.564,128.601,3203240
2015-06-08,128.7215,128.7215,127.8968,127.9246,1879735
2015-06-09,127.8041,128.5825,127.7022,127.9153,2039068
2015-06-10,128.1748,129.6759,128.1192,129.2033,1725642
2015-06-11,129.3979,130.1671,128.9809,129.1014,1342315
2015-06-12,128.8605,129.0828,128.3508,128.601,1290728
2015-06-15,127.8226,128.1701,127.0906,127.1647,1940600
2015-06-16,127.1369,128.1006,127.0906,127.8597,1554245
2015-06-17,127.8226,129.1014,127.767,128.689,1508101
2015-06-18,129.2589,130.7509,129.0087,130.1949,2074140
2015-06-19,130.2783,131.103,129.8983,130.0095,2758196
2015-06-22,130.5099,130.8157,129.8057,129.9076,1415697
2015-06-23,130.1393,130.5655,129.296,129.4072,1490375
2015-06-24,129.1199,129.6018,128.1377,128.1933,1965857
2015-06-25,128.2952,129.6481,127.3408,127.3686,1660924
2015-06-26,127.8226,128.4713,127.4428,127.9338,2248898
2015-06-29,126.9608,127.7114,125.7099,125.7377,1963180
2015-06-30,126.377,126.6828,124.8481,125.1539,2454294
2015-07-01,125.8303,126.5531,125.5987,126.479,1707275
2015-07-02,126.9516,127.1369,126.2844,126.3863,1149212
2015-07-06,125.2373,126.8033,125.1539,125.9137,2450379
2015-07-07,126.3029,130.5377,126.0527,130.1949,3789987
2015-07-08,129.713,130.2227,129.0551,129.6389,2917687
2015-07-09,130.9825,131.1215,127.6095,129.2219,3318747
2015-07-10,131.3161,132.9099,130.8157,132.252,2847058
2015-07-13,133.3084,134.4297,132.9748,133.4937,1847844
2015-07-14,133.1138,133.7069,132.6551,133.3733,1512809
2015-07-15,133.3733,133.6049,132.4374,133.0953,1306690
2015-07-16,133.5771,133.8922,132.9192,133.7439,1148062
2015-07-17,133.5493,134.2629,132.6598,134.0683,1842128
2015-07-20,133.9756,134.5779,133.4568,134.4019,1243630
2015-07-21,134.5409,134.7355,133.8366,134.3092,1587849
2015-07-22,134.5687,135.7363,134.3861,135.6436,1612043
2015-07-23,136.0791,136.2181,134.7169,134.9208,1356889
2015-07-24,135.0227,135.2266,134.2629,134.3555,1272667
2015-07-27,134.1609,134.2629,133.0026,133.6698,1431288
2015-07-28,133.9293,134.0868,132.4281,133.9478,1376487
2015-07-29,134.1795,135.9957,134.1372,134.7169,1840544
2015-07-30,134.5038,135.1617,133.4567,134.6428,1392698
2015-07-31,135.4675,135.4675,134.3741,134.6428,1386789
2015-08-03,135.0876,135.3934,134.0405,134.8467,1328134
2015-08-04,134.4667,135.1247,133.6142,134.2165,1315321
2015-08-05,135.1339,136.2552,134.9671,136.1162,1687866
2015-08-06,136.3571,136.7648,135.2729,135.6992,1947982
2015-08-07,135.31,135.6992,133.7625,134.6057,1229423
2015-08-10,135.5695,136.0235,134.9949,135.5231,1072609
2015-08-11,134.6243,135.5602,134.3741,135.1895,1260686
2015-08-12,134.6878,136.3325,133.2011,136.1188,1963803
2015-08-13,135.998,136.574,134.9015,134.9851,1114191
2015-08-14,134.6227,136.0537,134.6227,135.7471,1210404
2015-08-17,134.8736,135.8865,134.7157,135.7471,912619
2015-08-18,135.8121,136.1095,134.8458,135.3196,1099071
2015-08-19,135.0966,135.6077,133.4705,134.8922,1437093
2015-08-20,134.0745,134.6227,133.1472,133.5356,1785120
2015-08-21,132.1511,133.1825,129.1497,129.1497,3611352
2015-08-24,122.6267,127.4493,108.7445,123.5559,5205772
2015-08-25,127.0962,128.5829,123.2586,123.3144,4645092
2015-08-26,126.4736,128.49,123.909,128.3785,3094874
2015-08-27,130.525,130.7851,127.8489,130.2834,2603075
2015-08-28,129.8559,130.367,128.8245,130.0418,1850887
2015-08-31,129.3913,130.302,128.7037,130.1347,3005697
2015-09-01,127.8396,129.9953,127.7653,128.5086,2968167
2015-09-02,129.9303,130.8966,128.6201,130.4785,1810859
2015-09-03,130.9617,131.6679,130.1793,130.5343,1615613
2015-09-04,128.9732,129.5865,128.3971,128.6758,2124589
2015-09-08,130.59,131.4635,129.2705,131.417,1637968
2015-09-09,132.2719,132.2719,129.5214,129.7909,1390773
2015-09-10,129.1962,130.9803,129.1477,130.0975,1350689
2015-09-11,129.9489,131.2033,129.4192,131.0639,1452938
2015-09-14,131.1847,131.3938,130.3112,131.1568,1123759
2015-09-15,131.3148,132.8387,130.3112,132.3462,1349715
2015-09-16,132.1418,133.675,131.7162,133.4427,1374511
2015-09-17,133.7121,134.7714,133.0245,133.2011,1535284
2015-09-18,132.0767,134.121,131.6679,131.7701,2833921
2015-09-21,132.2812,133.6006,132.0303,133.071,1004810
2015-09-22,131.7794,132.8294,130.8409,132.5506,1787227
2015-09-23,133.3033,135.3196,132.5506,135.1338,2310212
2015-09-24,134.1488,135.1245,133.4798,134.6134,1974868
2015-09-25,135.617,136.4997,134.7435,135.2453,1845691
2015-09-28,135.0966,135.4776,133.1453,133.3869,2553489
2015-09-29,132.913,133.9305,132.1789,133.5449,2513094
2015-09-30,133.3776,134.6878,132.7736,134.3347,2549213
2015-10-01,134.5949,134.5949,132.4112,134.3254,2657336
2015-10-02,133.1081,135.5798,132.1232,135.5334,2591476
2015-10-05,135.8865,137.7216,135.6727,137.5869,2272955
2015-10-06,137.6612,138.1723,136.9272,137.9028,2127776
2015-10-07,138.1909,138.7484,136.9922,137.4847,2340843
2015-10-08,137.1595,140.9599,137.1595,140.9227,2370850
2015-10-09,140.0864,143.3387,139.7891,143.0692,3715461
2015-10-12,143.0692,143.5431,142.2515,142.7533,1200133
2015-10-13,142.3816,143.1621,141.4431,141.4988,1493652
2015-10-14,141.5267,141.9541,138.544,139.2316,3044929
2015-10-15,140.1515,141.1457,139.5847,141.0249,1696962
2015-10-16,141.536,142.14,140.5696,141.2944,1647541
2015-10-19,141.2851,142.5302,141.1643,142.3723,1543687
2015-10-20,142.8369,143.9148,142.3165,143.6174,1875733
2015-10-21,143.8404,144.8997,143.3851,144.2214,1812409
2015-10-22,144.4258,147.1298,144.1006,146.9532,2192364
2015-10-23,147.4643,147.5535,143.9426,144.7139,2273369
2015-10-26,141.2944,146.2656,140.551,145.6338,2499998
2015-10-27,146.1355,147.0926,144.5466,146.5909,1675064
2015-10-28,146.3493,146.7488,144.5002,146.5909,1778775
2015-10-29,145.9404,147.167,145.4479,147.074,1546971
2015-10-30,146.8139,148.1147,146.1634,146.9254,2050031
2015-11-02,147.7338,148.0311,146.4886,147.8824,1260658
2015-11-03,147.1855,147.9475,146.2378,147.5572,1531102
2015-11-04,147.7431,147.7663,145.7917,146.024,1653072
2015-11-05,143.2364,145.7081,143.1156,145.2063,2550323
2015-11-06,145.4108,146.7767,144.6488,146.3957,1749784
2015-11-09,145.7081,145.9776,142.9948,144.1749,2291054
2015-11-10,144.5196,145.7587,144.0259,145.7121,1701804
2015-11-11,145.3115,146.6623,144.5662,145.6934,1865640
2015-11-12,145.4419,146.2431,144.7678,145.3301,1657385
2015-11-13,144.4637,144.6314,142.7496,143.1595,2459917
2015-11-16,143.2899,145.768,142.7589,145.7493,1778398
2015-11-17,146.5878,148.982,146.2804,148.0225,2500021
2015-11-18,148.0225,150.3608,147.0303,150.221,2152039
2015-11-19,150.6309,152.0377,150.398,151.693,2959265
2015-11-20,152.932,153.2208,151.6184,151.9445,2051047
2015-11-23,152.3451,152.6898,151.5998,152.2706,1174280
2015-11-24,151.162,152.7084,149.9881,151.0967,2799458
2015-11-25,150.957,151.8472,150.1186,151.2831,1828003
2015-11-27,151.9538,153.1649,151.3762,152.3917,866279
2015-11-30,152.9413,153.1929,149.7925,150.3794,3063831
2015-12-01,150.9384,151.8886,149.7459,150.2583,1939747
2015-12-02,150.6496,151.3296,149.6434,150.072,1585668
2015-12-03,153.2581,154.7393,152.1401,152.4755,3439954
2015-12-04,152.8947,155.8013,152.7923,155.3914,2578560
2015-12-07,155.8852,156.0435,154.2269,155.6896,2791904
2015-12-08,155.3355,158.121,154.525,157.3199,3158481
2015-12-09,151.5905,152.6805,147.3983,148.7957,9527026
2015-12-10,149.9229,152.2333,149.6257,150.7893,3653253
2015-12-11,148.805,150.1745,148.4603,149.0752,2511206
2015-12-14,149.1404,150.808,148.5069,150.7707,2434039
2015-12-15,152.1495,152.5407,149.7273,150.2583,2378746
2015-12-16,150.8732,152.0869,149.0565,151.6278,2196261
2015-12-17,151.3296,152.3917,149.6155,149.69,1704232
2015-12-18,148.8609,149.69,146.8207,146.9138,4295780
2015-12-21,147.9479,148.5255,146.5692,148.4883,1453487
2015-12-22,148.9634,150.3515,148.1529,150.2024,1742060
2015-12-23,151.3203,151.3203,149.7832,150.6496,1580959
2015-12-24,150.78,151.2272,150.398,150.6868,491044
2015-12-28,150.0347,151.162,149.4292,150.1372,1124723
2015-12-29,150.8266,152.0656,150.4727,151.5346,1169600
2015-12-30,151.8141,152.2706,151.3949,151.5812,889858
2015-12-31,150.9943,152.783,150.4539,150.4539,1873399
2016-01-04,148.8795,149.1497,147.0676,148.628,2640789
2016-01-05,149.2149,150.2005,148.5442,148.9913,2127674
2016-01-06,147.5287,148.8702,146.8486,147.6126,2033414
2016-01-07,144.2588,146.3176,143.0477,144.2308,3826032
2016-01-08,144.6594,144.678,141.4267,141.7062,3156190
2016-01-11,141.8832,145.2929,141.7155,144.1377,2164781
2016-01-12,145.06,145.7307,144.3426,145.3814,2215581
2016-01-13,145.3022,145.3488,141.4919,141.7155,2157501
2016-01-14,141.5664,143.616,140.9795,142.703,2281478
2016-01-15,139.0791,141.1565,138.1102,140.1038,2975372
2016-01-19,141.4081,141.6037,139.3492,140.1784,2242568
2016-01-20,138.3058,139.7405,134.9986,138.6412,3796826
2016-01-21,138.781,140.8957,137.9798,140.0945,2212441
2016-01-22,141.7714,143.1968,141.2776,143.1781,2544068
2016-01-25,143.5321,143.9141,140.2571,140.4672,1820623
2016-01-26,140.4672,141.3429,138.1569,138.3431,2828570
2016-01-27,139.0791,139.3585,136.6848,137.6258,2189485
2016-01-28,138.3897,139.7126,137.7003,139.3585,2076251
2016-01-29,139.2747,141.2497,136.8618,140.7839,3221346
2016-02-01,140.5231,141.7807,139.9175,140.905,2142044
2016-02-02,139.7312,140.4765,137.9798,138.3431,1931427
2016-02-03,139.0698,139.7219,135.5017,136.6662,2547038
2016-02-04,135.0825,135.2109,132.092,133.4801,5340490
2016-02-05,133.4708,135.2688,132.6603,134.1416,4079344
2016-02-08,132.9771,137.4581,131.9337,136.9643,3782043
2016-02-09,136.2377,139.4797,136.2284,137.8214,3228334
2016-02-10,139.5309,140.2782,137.8588,138.2978,2189557
2016-02-11,137.4384,138.6154,135.2246,136.9901,2198097
2016-02-12,138.2324,139.4375,137.317,138.8583,1951826
2016-02-16,139.5122,140.7182,137.9709,139.288,2186423
2016-02-17,139.8859,141.969,139.1012,140.9694,2174598
2016-02-18,139.3067,139.9696,137.1489,138.8583,2894302
2016-02-19,139.1853,139.316,137.1769,138.905,2471711
2016-02-22,139.7738,140.2875,138.7089,140.1754,2161275
2016-02-23,140.0166,141.7635,139.2974,140.4557,1850645
2016-02-24,140.1474,144.2388,139.8004,143.7345,2590074
2016-02-25,144.5005,144.6779,142.791,144.5285,1746889
2016-02-26,143.0058,143.3048,138.9611,139.8205,3800789
2016-02-29,140.11,142.2679,139.8298,140.1474,3123546
2016-03-01,140.493,141.2403,139.5402,140.6051,2681404
2016-03-02,141.175,142.8751,140.4837,142.7256,2947574
2016-03-03,138.7742,141.9498,137.672,141.614,5552633
2016-03-04,141.7448,141.7719,140.1474,140.9601,2155572
2016-03-07,140.082,140.9508,137.8775,138.4099,3165743
2016-03-08,137.9335,141.9129,137.4104,141.0068,3156267
2016-03-09,141.3805,143.3888,141.3431,142.9685,2395294
2016-03-10,143.1179,144.5005,141.1002,142.8003,1413364
2016-03-11,143.7158,143.8558,141.4272,142.6509,1829936
2016-03-14,142.2305,143.202,141.6607,142.6135,1218407
2016-03-15,141.8008,144.2482,141.8008,144.024,1399036
2016-03-16,143.5757,144.79,142.5761,143.912,1485483
2016-03-17,143.6878,144.5472,143.4729,143.7064,1583525
2016-03-18,144.3977,144.5098,142.7069,143.0619,3611696
2016-03-21,142.7536,144.1829,142.4267,143.7999,1367376
2016-03-22,143.1179,143.6737,141.9876,142.2025,1943110
2016-03-23,142.1558,143.7905,141.6514,143.3982,2127269
2016-03-24,143.146,143.9306,140.9134,141.4552,2506494
2016-03-28,141.8008,143.7999,141.7821,142.6135,1767422
2016-03-29,142.7069,145.2197,142.4734,145.0329,1655948
2016-03-30,145.6401,147.8166,145.3972,147.2188,2642666
2016-03-31,147.5551,149.2739,147.144,147.2001,2692398
2016-04-01,147.471,148.6078,146.6583,147.826,1531803
2016-04-04,148.2276,148.5172,146.154,147.3402,1458737
2016-04-05,147.4897,147.5924,145.4579,145.7148,1855613
2016-04-06,145.5467,147.0413,144.9955,146.4434,1572623
2016-04-07,144.2482,144.3977,141.5019,142.0157,4050063
2016-04-08,142.9031,142.9031,140.9788,141.6607,2008484
2016-04-11,141.3711,141.9316,139.1526,139.232,2278997
2016-04-12,139.7457,140.7546,138.7275,140.6051,2268547
2016-04-13,141.586,142.0624,140.6705,141.8755,2079230
2016-04-14,142.5388,142.8377,141.1843,141.4272,2419999
2016-04-15,141.9503,143.6784,141.8373,143.0806,2675923
2016-04-18,142.7163,143.585,142.2399,143.202,1335762
2016-04-19,143.6504,143.7625,142.4454,143.557,1579018
2016-04-20,143.5943,143.7531,142.5481,142.6789,1308764
2016-04-21,142.4454,142.6742,140.7639,141.4458,2097632
2016-04-22,141.1002,141.8102,139.5215,140.0447,2233857
2016-04-25,140.1007,141.6887,139.6243,141.5299,1248994
2016-04-26,142.0624,143.3421,141.6794,142.5481,1552867
2016-04-27,142.6325,142.8845,141.096,142.1921,1492820
2016-04-28,142.417,143.9535,141.6019,141.8829,2198415
2016-04-29,140.5432,141.452,138.1541,138.7818,3588825
2016-05-02,139.3721,141.8642,138.4258,141.4051,3361454
2016-05-03,140.6088,142.9042,140.1591,141.8548,2201284
2016-05-04,140.6462,142.4076,140.0092,141.9485,2111578
2016-05-05,139.5782,140.8898,137.1329,138.5101,4869255
2016-05-06,137.7794,138.1916,135.6058,137.1985,3692230
2016-05-09,137.5639,139.5669,137.2641,139.2128,2843904
2016-05-10,139.9529,140.5151,139.3627,140.1216,1943901
2016-05-11,139.0254,139.3065,137.3297,137.8356,2812658
2016-05-12,138.023,138.4446,137.0861,137.4608,2860594
2016-05-13,137.0954,137.4608,135.1935,135.3809,2993616
2016-05-16,135.3809,137.3297,134.3503,136.5895,2614957
2016-05-17,136.3178,137.0111,134.1817,134.5377,2928857
2016-05-18,131.3335,132.7201,129.8251,132.3735,5716998
2016-05-19,133.4603,134.0505,132.4953,133.6945,2830546
2016-05-20,133.7226,134.444,133.0574,133.6851,2089035
2016-05-23,133.8257,134.9125,132.9544,133.0481,1828386
2016-05-24,133.5727,134.4253,133.3947,133.5727,2813053
2016-05-25,133.6196,136.4864,133.5165,135.4184,4166923
2016-05-26,139.6063,144.169,138.379,140.2621,7679440
2016-05-27,140.7587,141.2552,138.7631,139.6719,3349772
2016-05-31,140.131,140.4214,138.3134,139.3814,3738873
2016-06-01,141.0023,143.3445,140.8336,142.8948,3487293
2016-06-02,140.5807,141.9485,139.1753,141.9485,3957636
2016-06-03,140.8149,142.2015,140.7868,142.1359,1964223
2016-06-06,142.2483,142.8667,142.1369,142.6325,1962091
2016-06-07,142.4826,144.1409,142.314,142.9885,2113045
2016-06-08,143.0447,143.7848,142.4544,143.6911,1528305
2016-06-09,143.3445,144.4126,143.2695,144.3282,1812097
2016-06-10,143.3445,145.3588,143.2883,145.0965,3266487
2016-06-13,144.9934,146.1177,144.8109,145.1714,2576602
2016-06-14,144.7967,146.4925,143.8785,146.0334,3274725
2016-06-15,145.8741,146.886,144.8997,145.0871,2228482
2016-06-16,145.0871,146.6236,144.3844,146.5487,1937877
2016-06-17,147.1202,147.3263,145.9303,146.0521,2858208
2016-06-20,147.4481,148.385,146.5768,146.6049,2091170
2016-06-21,147.1576,147.9353,146.7735,147.2794,1909688
2016-06-22,147.6636,148.4225,147.242,148.1414,2094764
2016-06-23,148.5911,148.7691,146.4737,147.1202,2912400
2016-06-24,143.4944,147.7384,143.4382,145.7429,3996146
2016-06-27,144.5062,145.1527,142.9229,144.525,2794208
2016-06-28,144.8997,146.0896,144.0097,145.7804,2156326
2016-06-29,146.5674,147.3544,146.0521,147.167,1942864
2016-06-30,147.0546,147.8603,145.6867,147.1295,3091123
2016-07-01,147.2701,147.2701,145.593,146.2582,2317430
2016-07-05,146.2301,146.2957,144.9375,145.4525,2807408
2016-07-06,145.4057,146.6705,144.9091,146.1645,2133816
2016-07-07,148.3381,153.8002,148.029,153.3692,6497912
2016-07-08,154.4373,155.6178,154.1094,154.9994,3932031
2016-07-11,154.6434,156.9201,154.6434,156.1987,2634273
2016-07-12,155.9832,156.3884,155.3555,155.7864,1644614
2016-07-13,156.461,156.6343,155.5428,156.2549,1479772
2016-07-14,156.6015,157.3979,155.7864,156.4048,2150083
2016-07-15,156.8732,156.8732,155.1493,155.9082,1962460
2016-07-18,156.0488,157.2667,155.4491,156.9388,1993806
2016-07-19,156.9294,157.9254,156.8264,157.5103,1487776
2016-07-20,157.6321,157.6415,156.4141,157.4354,1336877
2016-07-21,156.8639,157.1637,155.8052,156.5078,1384561
2016-07-22,157.0981,157.1167,156.4235,156.9013,1335064
2016-07-25,156.6203,157.5853,155.8989,157.3698,1732226
2016-07-26,157.0231,158.1661,156.1799,156.995,1593919
2016-07-27,156.6109,156.9294,155.2899,155.6646,1439996
2016-07-28,155.7677,156.3298,155.3367,155.852,1866549
2016-07-29,156.1237,157.0981,155.8801,156.6671,1359664
2016-08-01,156.6015,157.3979,156.3673,156.9856,986769
2016-08-02,156.5266,156.9669,154.2031,155.9925,2107487
2016-08-03,155.4491,155.8333,154.6809,155.6365,1837821
2016-08-04,155.5616,157.1543,155.421,156.0394,1638320
2016-08-05,156.3298,157.7071,155.599,157.1168,1526578
2016-08-08,156.6952,156.9763,155.9644,156.8357,1294445
2016-08-09,157.1543,157.96,156.3486,157.2667,1286679
2016-08-10,157.2949,158.2907,156.9286,158.0934,1104292
2016-08-11,158.8637,159.3147,157.1916,157.7083,1498052
2016-08-12,157.0319,159.1456,157.0319,158.798,1399053
2016-08-15,158.798,159.014,158.3753,158.5068,918631
2016-08-16,157.7083,158.5725,157.7083,158.2062,1022989
2016-08-17,157.3043,158.1592,156.8064,157.7834,1382531
2016-08-18,158.2156,158.488,157.0695,157.5861,1353380
2016-08-19,157.0789,158.131,156.9755,157.8398,1764785
2016-08-22,158.1404,158.4692,157.464,157.7646,954979
2016-08-23,157.9055,158.2437,157.1728,157.2198,1004399
2016-08-24,157.0131,157.7083,156.6561,157.4171,1363847
2016-08-25,157.0695,157.2667,154.6646,154.8713,1817656
2016-08-26,155.3691,155.6087,153.5655,153.9976,2009899
2016-08-29,154.5049,154.8478,153.4997,154.0446,1819224
2016-08-30,154.1291,154.3264,151.9403,152.147,2010862
2016-08-31,152.0624,152.72,151.386,152.2691,1933921
2016-09-01,149.3663,149.3663,146.1159,146.7453,6038471
2016-09-02,147.309,149.6293,147.2996,148.4081,2678993
2016-09-06,148.549,148.5678,146.5669,148.4833,2716916
2016-09-07,148.0887,148.3048,145.9844,146.2099,2984148
2016-09-08,145.7871,146.0689,143.6735,144.1714,2993129
2016-09-09,143.3447,143.5326,141.5692,141.5692,2993874
2016-09-12,141.3813,142.781,141.1559,142.4992,2982397
2016-09-13,142.0201,142.3959,140.9774,141.6068,2148605
2016-09-14,141.5786,143.0253,141.0995,141.5598,2218020
2016-09-15,141.588,143.7017,141.0149,143.4198,2304866
2016-09-16,142.7529,143.4104,141.9825,143.1192,2841961
2016-09-19,142.9125,143.758,142.4147,142.5932,1321281
2016-09-20,143.1944,143.4574,142.4804,142.9501,1396739
2016-09-21,143.3447,143.6359,142.0859,143.448,1535134
2016-09-22,143.758,144.9323,143.4292,143.8707,2502180
2016-09-23,143.8707,144.4532,142.9501,143.2883,2282062
2016-09-26,142.8656,143.0535,141.8604,142.0295,1862192
2016-09-27,142.2456,142.5744,140.9116,141.3343,2569036
2016-09-28,141.4752,141.541,139.9158,140.3574,2626347
2016-09-29,140.1507,140.6204,138.2813,138.5537,4501330
2016-09-30,142.5932,145.4677,142.4147,143.2695,7318123
2016-10-03,142.9971,143.0257,141.2122,141.8604,3197870
2016-10-04,142.2925,142.4334,140.4325,141.3625,2840515
2016-10-05,141.5034,141.7759,140.7519,140.8928,2377677
2016-10-06,141.1277,141.5128,139.9722,140.4137,2465730
2016-10-07,140.6955,141.0901,139.7749,140.9022,2282456
2016-10-10,141.2404,141.7101,140.6768,141.1746,1587748
2016-10-11,140.6016,141.9825,140.456,141.8604,2596769
2016-10-12,141.8228,142.3113,141.278,141.3437,1664505
2016-10-13,140.8458,142.1704,140.6486,141.1183,1795261
2016-10-14,141.0807,141.851,140.2352,141.0525,1745010
2016-10-17,140.9868,141.0995,139.6246,139.6904,1988411
2016-10-18,140.4513,140.5546,139.4179,140.0755,1847783
2016-10-19,141.5692,142.1516,140.2634,140.3949,1812698
2016-10-20,140.7707,141.6443,140.5358,140.9492,2251749
2016-10-21,140.4513,141.184,139.5025,139.944,2188029
2016-10-24,140.301,143.0882,140.2446,142.9032,2432848
2016-10-25,140.8177,142.7622,140.8177,141.8416,2060648
2016-10-26,141.2404,142.2362,141.1746,141.8322,2246137
2016-10-27,141.6913,142.2831,140.7425,141.7195,1993467
2016-10-28,141.3249,141.7195,140.3292,140.6861,1843867
2016-10-31,139.8689,140.301,138.1873,138.9107,3239395
2016-11-01,139.4837,139.6246,137.5114,137.774,2112003
2016-11-02,137.9812,138.8387,137.6891,137.8305,2260450
2016-11-03,138.2357,138.2357,135.8234,136.1155,2168211
2016-11-04,134.7491,136.6337,133.9105,134.033,2702134
2016-11-07,135.1072,135.3663,134.5136,135.258,3010110
2016-11-08,135.5878,138.1697,135.503,137.6609,3506032
2016-11-09,135.258,138.8858,135.258,138.3205,3170343
2016-11-10,138.5749,141.3453,138.1508,138.2357,3944245
2016-11-11,138.1508,140.9872,136.9918,140.7422,3218641
2016-11-14,142.2122,143.3604,140.8741,143.2299,3891171
2016-11-15,143.211,143.2299,141.6185,142.4289,2799914
2016-11-16,143.4089,143.7481,143.039,143.3618,2152344
2016-11-17,142.5043,142.6645,140.9212,142.476,2098730
2016-11-18,142.1368,142.476,140.8929,141.6845,2020489
2016-11-21,141.8635,142.5608,141.461,142.4477,1181701
2016-11-22,143.1639,144.2192,142.4854,143.8612,1954907
2016-11-23,143.9366,144.4925,142.4572,142.8529,2166990
2016-11-25,143.1262,144.5679,142.9566,143.1168,886780
2016-11-28,142.3347,143.635,142.297,142.5231,1733530
2016-11-29,142.8718,143.439,142.5985,142.7399,1496879
2016-11-30,142.4101,142.7917,141.4112,141.4489,2750474
2016-12-01,141.4489,144.0591,141.4489,142.9849,2305596
2016-12-02,143.2204,144.0497,142.6927,143.3147,1829242
2016-12-05,143.3147,143.4419,142.0802,143.0131,2432110
2016-12-06,143.0885,143.3052,141.741,142.297,2245402
2016-12-07,141.9106,145.0297,141.7976,144.9731,2811286
2016-12-08,147.6021,151.6163,147.5644,148.4973,5504300
2016-12-09,148.2052,150.6081,148.1864,150.4856,2615294
2016-12-12,149.449,151.9744,149.4114,151.0792,2299179
2016-12-13,151.5692,152.6859,149.9579,150.5515,3583322
2016-12-14,150.8154,151.1923,149.1192,149.8165,2119086
2016-12-15,150.1558,152.1817,149.8919,150.8719,1811162
2016-12-16,151.23,151.9461,150.6269,151.1546,3767084
2016-12-19,152.6623,155.0369,152.3231,154.0286,3231875
2016-12-20,154.839,155.4327,154.0663,154.4056,2204617
2016-12-21,154.1606,154.5657,153.614,153.6329,1313424
2016-12-22,154.2171,154.2265,152.5775,152.7188,1965917
2016-12-23,152.8131,153.2842,152.21,152.7283,1254371
2016-12-27,152.7094,153.369,152.4644,152.7,1301070
2016-12-28,152.6717,153.4538,151.2865,151.72,1280986
2016-12-29,151.3808,152.1252,151.3789,151.8331,858206
2016-12-30,151.6069,151.7011,150.4573,150.8719,1472312
2017-01-03,151.3808,151.7011,149.3642,150.5138,2099205
2017-01-04,150.5798,151.23,149.7694,150.5421,2163631
2017-01-05,151.6635,153.925,151.3619,153.5104,2880900
2017-01-06,153.2842,153.5481,151.8331,153.435,2167715
2017-01-09,152.9638,153.1052,151.4467,151.6823,2318383
2017-01-10,151.3148,153.0392,151.2488,152.3325,1477863
2017-01-11,152.1535,153.0109,151.0981,152.2194,1378330
2017-01-12,152.0404,152.6152,151.3996,152.5304,1297557
2017-01-13,152.6435,152.7754,152.0404,152.521,1250214
2017-01-17,152.5115,154.7731,152.3419,154.3584,2430482
2017-01-18,154.2077,154.8956,153.2088,154.7919,1834736
2017-01-19,154.7071,155.2913,154.1229,154.2548,1980659
2017-01-20,154.905,155.263,153.8119,154.7636,1897120
2017-01-23,154.5846,154.8673,152.8131,153.6046,1421632
2017-01-24,153.8119,154.3679,153.5573,154.2265,1347570
2017-01-25,154.7259,155.2442,154.4432,154.6694,1299357
2017-01-26,154.8579,154.9521,153.9721,154.6034,1180784
2017-01-27,155.0652,155.084,151.4373,152.7094,2341141
2017-01-30,152.6811,153.8684,151.3336,153.8308,2149765
2017-01-31,153.1146,154.5375,152.9827,154.4904,1796595
2017-02-01,154.3867,154.4904,152.4738,152.521,2219682
2017-02-02,157.2136,159.1359,156.5681,158.448,5816346
2017-02-03,158.0428,159.0982,157.5067,158.6082,3227690
2017-02-06,158.4763,158.4763,157.0911,157.3926,2172824
2017-02-07,157.8638,158.3821,156.9215,157.8544,2732596
2017-02-08,158.2606,159.2716,158.2606,159.1299,2089921
2017-02-09,159.1582,161.9597,158.8937,161.5298,2606898
2017-02-10,162.1817,162.7675,160.8778,162.5124,2070000
2017-02-13,162.9754,162.9754,161.3597,162.4746,2272213
2017-02-14,162.1912,164.0619,162.0872,164.0525,2245114
2017-02-15,163.6273,165.3469,163.514,165.3469,2346540
2017-02-16,165.4414,166.1311,164.8792,166.0555,2206751
2017-02-17,165.791,166.7642,164.8556,166.1595,2425236
2017-02-21,166.8114,167.2366,166.2918,167.1799,2317024
2017-02-22,167.3027,167.3216,165.4131,166.7736,1815426
2017-02-23,166.7831,167.2744,165.5453,166.15,2600432
2017-02-24,165.5548,167.9074,165.4603,167.7657,1684258
2017-02-27,167.5484,168.0397,166.8114,167.8224,2340564
2017-02-28,167.1894,168.0586,165.8004,167.4067,2992097
2017-03-01,167.5862,168.8523,167.4445,168.0492,2352299
2017-03-02,167.709,168.4176,166.7736,168.1625,3190310
2017-03-03,161.2841,162.4085,160.5282,160.8684,10399047
2017-03-06,160.0653,160.9345,156.9473,157.5331,5793596
2017-03-07,157.3536,159.3188,157.3536,157.7882,2811856
2017-03-08,157.7882,158.1756,156.9945,157.0701,2375904
2017-03-09,157.2213,157.5898,156.0119,156.626,1993723
2017-03-10,157.3063,157.3158,155.8796,156.2481,2164241
2017-03-13,155.7568,155.998,155.2371,155.4733,2127879
2017-03-14,155.1521,156.2009,155.0482,156.1253,1974401
2017-03-15,156.4371,157.3536,155.7379,157.3536,2079730
2017-03-16,157.5803,158.4212,157.089,157.8449,2726624
2017-03-17,158.7897,159.0637,157.8543,158.5535,3975994
2017-03-20,158.5063,159.007,157.5992,158.2039,1603258
2017-03-21,158.2701,159.4889,157.4575,157.5803,2241868
2017-03-22,158.0905,158.7047,157.826,158.4307,1534161
2017-03-23,158.733,159.1299,157.2496,157.6937,1430521
2017-03-24,158.1378,158.2237,156.5221,156.8623,1410390
2017-03-27,156.3993,157.1457,156.2009,156.9851,1212535
2017-03-28,156.9473,157.8354,156.0402,157.5709,1446649
2017-03-29,157.1079,158.2417,156.9851,158.1945,1216734
2017-03-30,158.0717,158.9031,157.5614,158.6291,1034268
2017-03-31,158.3457,158.8889,157.911,158.4401,1720611
2017-04-03,158.4874,159.0165,157.2213,157.5047,1547889
2017-04-04,157.4103,158.0905,156.9473,158.0244,1322382
2017-04-05,158.0622,159.111,157.5236,157.7882,1715970
2017-04-06,160.3204,162.6163,159.9674,160.6416,3313816
2017-04-07,160.3393,161.5676,160.0842,161.2085,1510007
2017-04-10,160.8117,162.1061,160.481,161.7754,2002257
2017-04-11,161.3691,161.9833,160.2731,161.218,1191415
2017-04-12,161.9738,161.9927,160.3298,160.7833,1422322
2017-04-13,160.67,161.2085,159.4889,159.5267,1422469
2017-04-17,159.4606,160.3865,159.4039,160.3393,1504237
2017-04-18,160.67,160.9251,160.122,160.7455,1542663
2017-04-19,161.4542,161.5014,160.4526,160.6794,1441284
2017-04-20,160.9345,161.7376,160.5755,160.7644,1933622
2017-04-21,162.0589,162.403,161.2274,161.3502,2257925
2017-04-24,162.5124,163.0888,161.8794,162.8242,1906902
2017-04-25,163.3722,163.495,162.7864,163.1549,1503041
2017-04-26,168.2287,168.4365,165.7437,167.0476,4591294
2017-04-27,167.5389,167.983,166.6884,167.6618,2148728
2017-04-28,168.2476,168.2476,167.1705,167.7279,2364453
2017-05-01,168.6539,168.6539,167.5484,168.0492,3327999
2017-05-02,168.8617,169.0649,168.1247,168.7389,2505281
2017-05-03,168.8806,170.5057,168.8428,169.901,2900509
2017-05-04,170.1184,173.0757,170.0711,172.386,3762176
2017-05-05,172.6883,172.83,169.8444,170.2601,3713637
2017-05-08,171.6953,171.7347,168.6873,169.7096,3537972
2017-05-09,170.6632,170.9679,169.3852,169.749,2662097
2017-05-10,169.6012,169.6554,168.2505,168.9308,2554451
2017-05-11,168.3688,169.1279,167.6984,168.842,2106222
2017-05-12,168.8716,169.4237,167.9153,168.4674,1586827
2017-05-15,167.8956,169.5519,167.8956,169.1476,1734244
2017-05-16,169.5321,169.5321,168.2209,168.5857,1129191
2017-05-17,168.2505,169.0786,166.6731,166.7618,2202200
2017-05-18,167.6787,168.6054,167.2942,168.3096,1589679
2017-05-19,168.9308,169.9955,168.3984,169.2167,1871760
2017-05-22,169.8082,170.7941,169.2068,169.9659,1594088
2017-05-23,170.5279,171.0898,169.8871,170.0349,1788090
2017-05-24,170.5082,170.6856,169.3744,170.5673,1426542
2017-05-25,171.0208,172.5785,170.8532,172.263,2726932
2017-05-26,177.7051,177.7938,175.0136,175.3488,4471282
2017-05-30,175.1714,176.8578,174.9939,176.3939,2086293
2017-05-31,176.7094,177.922,176.2559,177.8826,2456666
2017-06-01,178.2572,178.5431,177.3206,178.0797,2028321
2017-06-02,178.0304,178.691,177.3305,178.4149,2239915
2017-06-05,178.5431,179.6374,178.0502,179.5093,1561084
2017-06-06,179.1346,180.1353,178.4544,178.8882,2248876
2017-06-07,178.8783,179.667,178.5776,179.6276,1246183
2017-06-08,179.3515,179.9233,178.2868,178.8487,1823550
2017-06-09,179.1445,179.3614,177.3798,177.8333,2167587
2017-06-12,177.0446,178.3163,176.2657,177.1037,2395166
2017-06-13,177.36,178.2375,176.5023,177.9614,1745411
2017-06-14,178.2769,179.391,177.6854,179.1051,1440439
2017-06-15,177.8431,178.7698,175.8516,177.5178,1754352
2017-06-16,167.9942,168.1913,162.6704,164.7506,24232985
2017-06-19,164.6915,165.0195,160.0973,162.0197,13809120
2017-06-20,163.1634,163.1634,160.1367,160.6001,7337590
2017-06-21,161.1817,161.4578,160.4522,160.8465,3421726
2017-06-22,160.8662,160.9944,156.765,157.534,8043063
2017-06-23,157.1495,157.5438,154.3496,154.9115,9506672
2017-06-26,155.9171,158.717,155.8678,157.9382,6473925
2017-06-27,158.3917,159.2691,156.9523,157.0115,5533814
2017-06-28,157.3368,158.2339,157.2481,157.9086,3234405
2017-06-29,157.948,158.2044,155.5721,156.4396,3664213
2017-06-30,157.3467,158.2724,156.5481,157.672,4755064
2017-07-03,157.948,158.2635,156.4495,156.5777,1995074
2017-07-05,156.6861,157.2481,155.6312,155.789,3770401
2017-07-06,158.8353,159.0719,154.8327,154.8721,6963416
2017-07-07,155.1383,155.3256,151.9144,151.9342,7688368
2017-07-10,151.3426,151.4314,148.8286,148.8681,8999843
2017-07-11,149.3117,150.9286,148.7991,148.9765,6275636
2017-07-12,149.3216,150.7412,149.2821,149.6075,5112183
2017-07-13,151.0666,151.7547,150.4652,151.4314,5673513
2017-07-14,152.082,152.0919,150.7412,150.8398,4368387
2017-07-17,150.8398,151.2736,150.3666,150.6821,3096922
2017-07-18,150.4553,150.6821,148.805,149.361,3256881
2017-07-19,149.6666,150.0117,148.7695,149.1047,4099995
2017-07-20,149.3314,150.0413,148.7498,148.8582,3207388
2017-07-21,148.8089,149.0948,147.8822,148.316,4078020
2017-07-24,148.3258,149.3314,147.9906,148.8681,3655550
2017-07-25,149.2723,151.5299,149.2624,151.0074,4605705
2017-07-26,151.244,151.3328,149.4103,149.9427,3017166
2017-07-27,149.8638,150.825,149.3019,150.3666,3637864
2017-07-28,150.5145,151.1356,149.9624,150.7314,2779452
2017-07-31,150.9187,156.4199,150.8694,156.272,6937092
2017-08-01,154.2904,155.3552,153.1468,154.7341,2612545
2017-08-02,156.8833,159.2691,156.203,159.0029,5486333
2017-08-03,159.3283,160.0578,154.8425,155.6805,5562577
2017-08-04,156.1044,156.202,153.6299,154.2313,3117944
2017-08-07,154.2904,155.3552,153.1468,154.7341,2629519
2017-08-08,154.8819,157.1889,154.8129,155.5228,2569248
2017-08-09,154.9214,155.3453,153.9947,154.6453,2157557
2017-08-10,153.9651,155.3453,153.1764,154.4284,2764579
2017-08-11,154.3003,155.5721,154.2017,154.4383,1886996
2017-08-14,155.365,155.9664,154.3299,155.6805,2028894
2017-08-15,155.7692,156.1468,154.5734,154.6651,1869104
2017-08-16,155.5552,158.1266,155.387,158.008,3381849
2017-08-17,156.742,158.1959,155.9107,156.831,2649982
2017-08-18,156.2475,156.9497,155.1991,155.3574,2747925
2017-08-21,155.4661,156.4354,154.2447,155.3475,1857308
2017-08-22,155.8024,157.7014,155.8024,156.9596,2204553
2017-08-23,156.8805,157.6915,156.0497,157.6222,1731439
2017-08-24,158.2453,158.8981,149.433,149.6704,10301697
2017-08-25,150.699,151.2628,148.4143,150.7781,5703470
2017-08-28,150.2342,151.599,149.5418,150.877,3776438
2017-08-29,150.7089,152.3012,149.799,151.876,2446201
2017-08-30,152.0243,153.043,151.2034,152.7463,2493492
2017-08-31,154.5068,155.5354,152.2617,155.0211,4567709
2017-09-01,155.8618,156.8112,155.476,156.5046,2833724
2017-09-05,156.2277,157.9684,155.7431,157.3948,3414549
2017-09-06,157.4442,158.186,156.3563,157.1178,2873710
2017-09-07,157.2266,157.8497,155.843,157.5332,2479292
2017-09-08,156.6332,156.7618,153.3298,155.5848,3364570
2017-09-11,156.1585,156.2673,155.3376,155.6343,2442453
2017-09-12,155.9409,158.8846,155.7243,158.2849,2988434
2017-09-13,158.3838,162.152,158.2511,161.2025,4202017
2017-09-14,160.8959,160.8959,159.8673,160.5893,2493321
2017-09-15,160.4608,160.8849,159.9267,160.5201,3757799
2017-09-18,160.4014,161.6674,158.997,159.1454,2047121
2017-09-19,159.1948,159.8871,158.1959,159.7882,1790775
2017-09-20,159.7388,161.252,159.4915,161.0641,2432302
2017-09-21,161.1432,161.1432,158.6409,159.7091,1738809
2017-09-22,159.1355,160.2234,158.6113,159.5212,1535895
2017-09-25,159.0662,160.9157,158.7596,160.5498,1799953
2017-09-26,160.9256,162.9235,160.8069,162.2707,2370441
2017-09-27,162.6861,163.502,161.5883,162.6169,2053131
2017-09-28,162.6663,163.1401,161.7465,162.1026,1730860
2017-09-29,162.1026,163.2597,161.9641,162.4883,1852282
2017-10-02,163.1114,164.5949,162.4883,164.0707,2267689
2017-10-03,164.496,165.4554,163.2202,163.2696,2839448
2017-10-04,163.418,164.1103,162.8849,163.3982,1918560
2017-10-05,164.0411,165.2872,163.4378,165.2378,4715438
2017-10-06,157.2563,157.7113,154.8233,155.3672,18001179
2017-10-09,155.2881,156.02,152.4199,152.9144,7028795
2017-10-10,153.9628,155.6343,153.3793,155.1497,5420155
2017-10-11,155.5749,157.2167,155.3376,156.1387,3859269
2017-10-12,156.1387,156.2574,154.6453,155.4958,3596284
2017-10-13,155.6936,158.3245,155.3672,158.097,3634493
2017-10-16,157.6321,158.0475,156.5838,157.0684,2454072
2017-10-17,157.2563,157.5233,155.842,156.6431,2426824
2017-10-18,157.0981,157.0981,155.5799,155.8222,3011277
2017-10-19,155.4167,157.0188,155.2814,156.7222,2981719
2017-10-20,157.2266,159.2443,156.7717,159.0069,3993227
2017-10-23,159.086,160.6091,158.819,160.263,2811210
2017-10-24,159.3926,161.1036,159.2344,160.5102,3040729
2017-10-25,159.2344,161.2124,158.819,160.4014,3604739
2017-10-26,160.6784,161.7564,159.0267,160.6784,3038865
2017-10-27,159.0366,160.8959,158.9377,160.5992,3400493
2017-10-30,160.2135,160.2234,157.7211,158.4728,2551151
2017-10-31,158.0871,159.5014,157.9654,159.3135,2513630
2017-11-01,160.1937,161.4992,159.5212,160.9058,2129364
2017-11-02,161.9344,163.7345,160.8267,163.141,3255662
2017-11-03,162.3597,165.2375,161.9839,164.6147,3112975
2017-11-06,163.9817,164.7609,163.1707,163.2399,1917296
2017-11-07,163.3883,164.674,162.7949,164.4565,1944164
2017-11-08,164.8026,167.3345,164.1993,167.1961,3494941
2017-11-09,165.6433,167.4532,165.218,167.2554,2093622
2017-11-10,166.5928,169.5005,166.232,169.4807,2673095
2017-11-13,169.1247,171.1918,168.7785,169.5797,4093280
2017-11-14,168.9467,169.9456,167.9082,169.5599,1774662
2017-11-15,167.4433,168.8577,165.223,167.1466,2439925
2017-11-16,168.8628,169.9639,167.8014,169.6068,2342744
2017-11-17,169.6266,170.817,169.2794,169.6068,2100618
2017-11-20,169.7357,171.1443,169.4778,170.8963,1955033
2017-11-21,171.5709,172.791,171.1642,172.0272,2360153
2017-11-22,172.4438,172.6025,169.7258,171.0947,1950086
2017-11-24,170.9955,171.7683,170.1226,170.2416,789620
2017-11-27,170.8666,171.6701,169.7457,171.2237,2346837
2017-11-28,171.928,172.7811,171.1642,172.2553,2728382
2017-11-29,172.6025,176.3125,172.1512,176.1042,4682987
2017-11-30,178.9809,183.415,178.7726,182.9488,7716593
2017-12-01,181.7882,183.6927,179.6753,183.6431,4034387
2017-12-04,185.7164,188.355,185.0617,188.0376,5774191
2017-12-05,188.1467,189.6842,185.3493,186.3115,3182807
2017-12-06,186.1131,186.4653,184.0201,185.7164,3569152
2017-12-07,185.0121,186.2917,184.0698,184.7045,2240848
2017-12-08,185.2898,187.0158,184.4516,186.5595,1772511
2017-12-11,186.6984,187.3829,185.5378,187.3432,1964094
2017-12-12,185.4584,187.6011,185.2997,186.7877,3365734
2017-12-13,187.0158,188.5931,186.2917,186.7678,3062856
2017-12-14,187.0654,188.2121,184.6748,185.0319,3743192
2017-12-15,191.8566,193.7811,190.458,191.1821,8452891
2017-12-18,191.0829,192.7891,190.3588,190.7655,3492340
2017-12-19,191.3607,191.4499,185.4981,186.8174,3959865
2017-12-20,187.5217,187.7393,183.911,186.004,3894399
2017-12-21,186.4901,186.8869,185.0815,185.2997,1908149
2017-12-22,185.766,185.9743,184.4764,185.1311,1078310
2017-12-26,184.6946,185.8354,184.6252,185.0517,1120442
2017-12-27,185.3493,185.5576,184.3078,184.8037,1175219
2017-12-28,185.0716,185.518,184.6897,185.1212,1017572
2017-12-29,184.9625,186.0933,184.4367,184.6252,2028358
2018-01-02,185.7263,189.1486,185.2402,186.8075,2509344
2018-01-03,187.3035,190.5572,186.867,189.0494,3364378
2018-01-04,190.458,190.7556,186.0546,187.5813,3525786
2018-01-05,187.9086,188.1566,185.2204,186.2421,2819026
2018-01-08,185.8155,187.4612,185.7461,186.9662,1962275
2018-01-09,187.492,187.7796,184.6549,184.7938,2241908
2018-01-10,184.2582,184.7442,182.4042,183.9308,2609522
2018-01-11,183.9407,189.1386,183.5439,187.859,4678618
2018-01-12,188.5732,190.6355,188.474,190.2992,3499538
2018-01-16,190.8052,191.2912,189.3569,189.9917,2006574
2018-01-17,190.9837,191.0135,189.8033,190.7456,2585195
2018-01-18,190.6861,191.4797,189.6842,189.9719,1907960
2018-01-19,190.1703,191.0928,189.6247,190.7456,2353839
2018-01-22,190.9539,193.1958,190.5175,192.8188,3009122
2018-01-23,192.055,192.5411,190.5274,191.8666,2316444
2018-01-24,192.8684,193.1859,190.3836,192.68,2799224
2018-01-25,193.4339,196.8562,193.171,196.3602,3558701
2018-01-26,196.1618,197.6299,194.1183,197.3125,2756240
2018-01-29,196.7768,198.2747,195.9733,196.7272,2031082
2018-01-30,196.0031,197.1934,194.5052,196.3205,2285040
2018-01-31,195.8543,196.8807,192.5411,193.3049,2682299
2018-02-01,191.8566,193.8307,190.8944,191.9162,2096563
2018-02-02,189.714,192.0451,189.2676,189.4561,2386573
2018-02-05,189.1287,190.5572,181.0591,181.3021,3407221
2018-02-06,177.4731,183.7523,174.7849,183.5241,4067910
2018-02-07,183.1174,184.6946,181.5997,181.7187,2594822
2018-02-08,183.0281,183.0281,177.0961,177.1755,3013199
2018-02-09,178.3361,180.6077,174.3782,179.2686,2777218
2018-02-12,180.3796,181.7872,178.9313,179.6058,1596154
2018-02-13,178.7726,183.1174,178.6039,182.671,2123884
2018-02-14,181.2426,186.9662,180.8458,185.8453,2190997
2018-02-15,187.0787,190.6792,185.5668,190.4504,2072861
2018-02-16,190.4206,193.5736,190.0128,190.53,1970118
2018-02-20,188.8491,190.4504,186.6212,187.1085,2202139
2018-02-21,187.5163,188.123,184.6916,184.7513,1747191
2018-02-22,185.348,187.3174,184.6617,185.5867,1360115
2018-02-23,186.8201,188.8292,184.9104,188.7894,1561698
2018-02-26,189.0779,192.0568,188.9088,191.7733,1852410
2018-02-27,192.4099,194.4687,189.0779,189.0779,2170354
2018-02-28,190.5698,192.7182,189.8636,189.8736,2179803
2018-03-01,190.2814,191.9523,186.3128,188.0136,2447672
2018-03-02,186.472,189.3663,186.2096,188.312,2275923
2018-03-05,187.4367,190.9478,186.4918,190.4504,2155785
2018-03-06,191.1069,191.2163,189.0479,190.4306,2458710
2018-03-07,188.1927,188.7298,183.7865,186.3526,5157114
2018-03-08,185.1889,185.3449,182.0956,184.6916,6061513
2018-03-09,185.4972,187.6257,183.2295,187.566,3288116
2018-03-12,187.2577,189.0769,186.5416,188.3518,2394059
2018-03-13,189.0281,189.0978,185.7956,186.4521,1964324
2018-03-14,187.765,187.9937,182.5134,183.6373,2865997
2018-03-15,183.8263,185.5668,183.1698,184.5126,1811346
2018-03-16,185.1789,185.2486,183.4781,184.8706,3569415
2018-03-19,184.6319,184.98,181.8271,183.1599,2493194
2018-03-20,184.1048,186.5714,183.6074,186.3427,1852528
2018-03-21,185.8255,186.8798,185.0596,185.0695,2048277
2018-03-22,183.9058,184.5488,181.5217,181.658,2489798
2018-03-23,182.2945,183.4582,179.8577,179.8677,2351798
2018-03-26,182.0459,186.5515,181.3546,186.2134,2036617
2018-03-27,186.4322,186.651,181.0811,182.1652,2495310
2018-03-28,182.6228,183.6273,180.2556,182.6228,2168656
2018-03-29,183.7467,187.6257,183.4185,187.4169,3015962
2018-04-02,185.905,185.905,180.0765,181.7674,3599186
2018-04-03,182.5432,183.1798,180.3749,181.6281,2287002
2018-04-04,180.1561,185.348,179.9671,184.5225,2111406
2018-04-05,185.6962,185.9945,183.9357,185.2486,1933629
2018-04-06,184.3435,186.2432,182.1155,182.9709,2259047
2018-04-09,184.2042,186.3924,182.5134,183.4185,1946009
2018-04-10,184.7513,184.9701,181.1905,182.5631,2527526
2018-04-11,181.2701,185.3679,181.2402,183.6572,1697263
2018-04-12,184.5026,189.0182,184.4974,187.8048,2841623
2018-04-13,188.7894,188.8093,186.0045,187.8943,1744406
2018-04-16,190.8085,194.7472,190.351,193.5338,3026826
2018-04-17,194.608,195.8214,193.683,194.9461,2160451
2018-04-18,195.2445,196.7027,195.0655,195.4534,1663116
2018-04-19,195.1053,195.344,192.4597,194.0211,2427563
2018-04-20,193.3846,194.6179,191.7136,192.5193,2252819
2018-04-23,192.7679,193.3349,191.2263,192.3104,1618030
2018-04-24,193.494,194.3096,190.1222,191.4749,1598903
2018-04-25,191.1964,193.6233,190.3609,192.9271,1311650
2018-04-26,193.0763,195.3838,192.3004,194.2101,1445836
2018-04-27,193.9018,195.8612,193.4841,195.523,1563272
2018-04-30,196.0402,197.9698,195.3293,196.0999,2164979
2018-05-01,195.4335,196.0203,192.4744,195.4932,1413235
2018-05-02,194.4289,194.5284,191.4152,192.9569,2498065
2018-05-03,192.8734,192.947,189.1574,191.9722,1815453
2018-05-04,191.8031,195.344,190.2515,194.1405,1704452
2018-05-07,194.7273,194.7422,191.1765,192.022,2361852
2018-05-08,191.9523,194.1504,191.3854,193.4343,1908637
2018-05-09,193.1061,195.3639,192.1115,194.9859,1999075
2018-05-10,195.5646,196.4424,193.7192,194.9661,1874181
2018-05-11,194.8464,195.4948,194.0882,195.2753,1296311
2018-05-14,195.4748,196.7816,194.9361,195.395,1440877
2018-05-15,194.2778,196.213,192.7815,194.996,2319581
2018-05-16,195.5845,198.8564,194.5172,198.218,2163192
2018-05-17,198.5671,200.8515,197.4,199.1058,2391034
2018-05-18,199.006,199.026,197.2904,198.4674,1624611
2018-05-21,199.1058,200.8415,198.5971,199.1257,1202798
2018-05-22,199.2269,201.2704,198.3377,198.4774,1563655
2018-05-23,198.5971,198.5971,196.2838,197.6494,1635092
2018-05-24,197.799,198.5971,196.3327,198.3975,1176296
2018-05-25,198.3975,199.7243,197.3302,197.8689,1330952
2018-05-29,197.6095,198.3477,195.5147,196.2529,2298069
2018-05-30,197.6694,200.0335,197.2604,199.1457,2390862
2018-05-31,199.7243,200.2003,197.2105,197.7492,4822787
2018-06-01,194.9661,198.4973,194.5172,196.6419,4056435
2018-06-04,196.8314,198.5472,196.7617,198.1282,1870566
2018-06-05,198.7267,198.8564,196.5023,197.3501,1868462
2018-06-06,197.5197,197.9088,196.213,197.1706,2066880
2018-06-07,200.0036,202.3777,198.9163,202.0684,2734952
2018-06-08,201.0111,203.5088,200.5023,203.2555,2052538
2018-06-11,203.2555,204.3827,202.9163,203.9937,1684839
2018-06-12,203.7443,204.5722,202.7268,204.3727,1384769
2018-06-13,204.4126,205.3204,202.7069,203.6046,1665822
2018-06-14,204.3627,205.2206,203.7842,204.6121,1685010
2018-06-15,204.8914,207.1558,204.0635,206.8067,3879641
2018-06-18,205.4899,207.5947,204.642,205.6994,1975036
2018-06-19,204.3927,207.2955,204.1154,207.0162,1940614
2018-06-20,207.2456,208.0685,206.4476,207.465,1527724
2018-06-21,207.6546,210.5873,207.485,209.4401,1825824
2018-06-22,209.8491,211.2457,209.5,210.5773,1738640
2018-06-25,209.49,211.5549,209.4501,211.2257,2398551
2018-06-26,211.8541,211.9339,209.4501,209.5698,2276654
2018-06-27,209.9788,211.894,209.091,209.51,2211658
2018-06-28,209.48,210.6621,207.5349,208.1932,1826827
2018-06-29,209.1409,210.0087,207.8042,208.4626,2164570
2018-07-02,207.904,208.3074,205.5373,207.475,1876070
2018-07-03,208.0137,209.3903,206.3877,206.6072,842101
2018-07-05,207.6845,208.7718,207.0361,208.6222,1436725
2018-07-06,206.6271,209.8691,206.1466,209.101,1523193
2018-07-09,209.9988,211.2656,209.48,210.4177,1738347
2018-07-10,210.4676,212.1734,210.308,211.1758,1687801
2018-07-11,210.687,211.2514,209.4501,210.4277,1472787
2018-07-12,212.0138,213.6397,211.6945,213.4901,2221975
2018-07-13,213.4701,216.1036,213.1809,216.0038,1951183
2018-07-16,216.1036,216.5924,213.3704,214.318,2078572
2018-07-17,213.53,215.6198,213.4701,214.4677,2064776
2018-07-18,214.8068,215.3455,213.0711,214.4377,1869527
2018-07-19,213.929,217.6597,213.5001,217.0014,2790767
2018-07-20,216.4428,218.3969,215.7046,218.1485,1797886
2018-07-23,219.3356,219.9141,217.6597,218.2982,1394347
2018-07-24,218.8667,220.1336,217.0512,218.0388,1453974
2018-07-25,217.0712,220.2732,216.8318,220.1535,1562432
2018-07-26,221.4503,224.0638,220.2732,221.171,1820005
2018-07-27,221.7596,221.9491,218.2183,219.1061,1596914
2018-07-30,218.4977,219.573,218.0687,218.5675,1292741
2018-07-31,219.146,219.5201,217.7894,218.1685,1888516
2018-08-01,218.1086,218.5564,215.7156,216.5924,1841316
2018-08-02,214.4776,220.8548,214.4776,220.5725,1904858
2018-08-03,220.4528,222.0688,220.4528,221.4803,1195653
2018-08-06,220.8817,222.7172,220.464,222.1685,1285660
2018-08-07,222.6873,224.9217,222.4279,223.3057,1428145
2018-08-08,222.3082,224.3232,221.6897,224.0239,2015845
2018-08-09,221.0713,221.7995,216.373,217.6996,3637144
2018-08-10,217.5999,221.1712,217.2109,219.7645,2830841
2018-08-13,220.4827,221.0314,218.5176,219.0164,1519026
2018-08-14,219.4653,222.0089,219.3156,221.4503,1450552
2018-08-15,220.1735,221.5601,218.2283,221.1211,1844066
2018-08-16,222.8967,223.7047,221.59,222.6374,1657827
2018-08-17,221.7795,225.3207,221.6,225.1212,1980933
2018-08-20,225.4404,227.6549,225.4105,226.7871,1783663
2018-08-21,228.9218,229.5303,227.1362,227.9741,2066671
2018-08-22,227.9143,229.66,227.8164,228.6425,1268080
2018-08-23,228.433,229.7797,228.0041,228.9417,1338164
2018-08-24,229.4305,231.4854,229.0315,230.7074,1453290
2018-08-27,232.1637,232.2834,227.5352,229.4604,1904071
2018-08-28,230.3682,231.256,229.2709,229.6899,1882143
2018-08-29,231.2161,231.4256,228.1682,229.62,1793792
2018-08-30,229.62,231.16,229.44,230.83,1272010
2018-08-31,230.21,233.52,230.21,233.13,1881346
2018-09-04,233.14,234.91,233.14,234.68,1858396
2018-09-05,234.57,236.17,233.2,235.61,2126027
2018-09-06,235.47,236.77,235.06,236.68,1853243
2018-09-07,237.31,242.95,237.2,241.46,2722823
2018-09-10,243.0,243.8042,242.115,243.18,2817471
2018-09-11,243.93,245.16,243.17,244.21,2185657
2018-09-12,245.0,245.12,242.23,242.44,1912116
2018-09-13,242.5,243.99,241.05,241.27,2078161
