date,open,high,low,close,volume
2013-09-16,46.8917,47.2076,46.4177,46.6315,385405
2013-09-17,46.8081,46.9846,46.6315,46.9196,214775
2013-09-18,46.6872,47.5979,46.585,47.4214,398158
2013-09-19,47.6909,47.728,47.0032,47.2913,695268
2013-09-20,48.36,48.5179,46.7244,47.6351,2232712
2013-09-23,47.5329,47.6351,47.0218,47.4585,547511
2013-09-24,47.6537,47.7931,47.3656,47.4493,456900
2013-09-25,47.5329,47.7373,47.1333,47.1519,441329
2013-09-26,47.8674,47.8674,47.0775,47.282,414820
2013-09-27,46.9567,47.7187,46.7634,47.5979,512063
2013-09-30,47.347,47.7002,47.0683,47.5794,479110
2013-10-01,47.7187,48.1927,47.5701,48.0812,554132
2013-10-02,47.6537,47.663,47.2262,47.4307,435733
2013-10-03,47.2076,47.3563,46.5571,46.8173,405834
2013-10-04,46.678,47.1519,46.5107,46.9753,359160
2013-10-07,46.5014,46.8917,46.427,46.427,484918
2013-10-08,46.4921,46.9567,46.3713,46.4085,592162
2013-10-09,46.4549,46.5809,46.2505,46.4642,767518
2013-10-10,46.7616,47.3099,46.5293,47.2913,455178
2013-10-11,47.0125,48.1183,47.0032,48.0905,554247
2013-10-14,47.8767,48.2484,47.6351,48.2113,433420
2013-10-15,48.0068,48.1741,47.728,47.9882,689676
2013-10-16,48.0905,48.7224,47.9734,48.6666,524853
2013-10-17,48.4993,49.2799,48.3785,49.2335,598694
2013-10-18,49.2428,49.6935,49.122,49.3915,1017835
2013-10-21,49.5123,49.661,49.3357,49.5773,395779
2013-10-22,49.5773,49.8096,49.3682,49.6145,351572
2013-10-23,49.4379,49.7353,49.2892,49.6795,427631
2013-10-24,49.8096,49.8654,49.503,49.8282,1447008
2013-10-25,49.9676,50.107,49.5494,50.0977,1594299
2013-10-28,49.9769,50.5345,49.9769,50.0977,1747304
2013-10-29,50.1535,50.3858,49.9769,50.1628,270870
2013-10-30,49.9955,50.2278,49.661,49.8003,386945
2013-10-31,49.8096,50.0884,49.5587,49.9676,328731
2013-11-01,50.1814,50.1999,49.726,50.1721,359649
2013-11-04,50.3022,50.4601,50.0884,50.3207,353992
2013-11-05,50.0327,50.3115,49.8189,50.3022,462288
2013-11-06,50.3198,50.4518,50.0276,50.4141,418070
2013-11-07,50.7534,50.7722,49.6318,49.7355,487662
2013-11-08,49.6506,50.3952,49.2642,50.3858,378753
2013-11-11,50.2256,50.5225,49.9664,50.3387,297282
2013-11-12,50.1313,50.4518,50.0748,50.4329,401976
2013-11-13,49.3208,50.6968,49.3208,50.6968,303460
2013-11-14,50.7628,51.3754,50.7439,51.1492,448097
2013-11-15,51.2152,51.4395,50.9607,51.2529,400629
2013-11-18,51.2435,51.3377,50.9042,51.1681,479899
2013-11-19,50.9419,51.5451,50.7911,51.1775,355825
2013-11-20,51.2623,51.4697,50.9608,51.1115,341695
2013-11-21,51.2435,51.7995,51.1398,51.6393,354106
2013-11-22,51.5828,52.0729,51.366,52.0352,361083
2013-11-25,51.9221,52.1765,51.6629,51.809,334019
2013-11-26,51.9315,52.3273,51.7336,51.9503,344764
2013-11-27,51.9975,52.6478,51.9032,52.2519,419728
2013-11-29,54.6553,54.6553,52.1954,52.3085,230764
2013-12-02,52.431,52.6845,52.0257,52.0634,531439
2013-12-03,51.8372,52.2048,51.4414,51.6299,366915
2013-12-04,51.5451,51.7053,50.7534,51.2152,378164
2013-12-05,51.2623,51.3566,50.7345,50.7439,606510
2013-12-06,51.8655,51.8655,51.3,51.677,850749
2013-12-09,51.8184,51.9975,51.5733,51.6582,526157
2013-12-10,51.7524,52.0823,51.6016,52.0352,669346
2013-12-11,51.9315,52.1388,51.4697,51.5545,674779
2013-12-12,51.4225,51.8749,51.3189,51.809,591734
2013-12-13,51.9975,52.7515,51.8372,52.2237,565363
2013-12-16,52.1765,52.6666,51.7336,51.8938,737916
2013-12-17,51.7524,52.431,51.4791,52.3745,762389
2013-12-18,52.5064,53.0625,51.8467,53.0531,630015
2013-12-19,53.185,53.3924,52.7986,53.2321,722281
2013-12-20,54.8155,55.9936,53.8636,55.89,1864401
2013-12-23,56.0313,56.1256,55.136,55.6543,803511
2013-12-24,55.4753,56.1727,55.4753,55.8617,226232
2013-12-26,55.9371,56.1633,55.8051,55.9936,420709
2013-12-27,56.0973,56.2481,55.8994,56.0785,353108
2013-12-30,56.1727,56.2952,55.9465,56.0596,317742
2013-12-31,56.1821,56.2198,55.9371,56.1633,447534
2014-01-02,55.8428,55.9559,55.3056,55.6638,580415
2014-01-03,55.7392,56.3612,55.6166,55.9371,526530
2014-01-06,55.9936,56.1916,55.5035,55.6449,635338
2014-01-07,55.7109,56.0313,55.5601,55.9371,565838
2014-01-08,56.0031,56.0408,55.136,55.7863,1495864
2014-01-09,57.4262,57.4262,55.4564,55.9559,600293
2014-01-10,56.0313,56.0313,55.546,55.8617,549770
2014-01-13,55.7769,55.9182,54.8721,55.1171,503575
2014-01-14,55.1737,55.6638,54.8626,55.5978,435739
2014-01-15,55.5978,56.512,55.5978,55.9182,587739
2014-01-16,55.7392,56.135,55.692,55.8994,378953
2014-01-17,55.7203,56.0068,55.5789,55.7297,1185005
2014-01-21,56.1916,56.3989,55.7674,56.3989,533271
2014-01-22,56.4837,56.495,56.0125,56.1539,492241
2014-01-23,55.7015,55.8146,54.7788,55.0888,656672
2014-01-24,54.6553,54.7872,53.8165,53.873,535834
2014-01-27,53.9767,54.3914,53.562,53.7128,601052
2014-01-28,53.6751,54.2689,53.6138,53.7788,395023
2014-01-29,53.2416,54.2123,53.2416,53.694,620107
2014-01-30,54.071,54.4762,53.7128,54.3349,413384
2014-01-31,53.7788,54.0521,53.5149,53.7882,457158
2014-02-03,53.8448,54.0446,52.2802,52.4216,572182
2014-02-04,52.4593,53.1096,52.1671,52.7043,523709
2014-02-05,52.4027,53.2604,52.2614,53.1379,426103
2014-02-06,53.1002,53.5526,52.7515,53.2227,346995
2014-02-07,53.5432,54.8532,53.0625,54.7872,769776
2014-02-10,54.693,54.8834,53.7882,54.3631,854542
2014-02-11,54.2972,54.9569,53.9014,54.759,682577
2014-02-12,54.759,55.3056,54.6741,55.1265,627191
2014-02-13,54.9098,55.5884,54.7872,55.4658,326086
2014-02-14,55.4847,55.8994,55.2632,55.7769,423711
2014-02-18,56.0219,56.2764,55.6638,56.0973,876524
2014-02-19,56.0031,56.135,55.4564,55.5412,468638
2014-02-20,55.6732,56.1067,55.0888,55.89,681633
2014-02-21,57.9635,59.0944,57.2095,58.1143,2852398
2014-02-24,58.3122,59.6411,55.5224,56.0973,2822149
2014-02-25,56.2104,56.5591,55.8805,56.512,707509
2014-02-26,56.5026,56.9833,56.3612,56.7571,476996
2014-02-27,56.7853,56.8702,56.267,56.8607,403152
2014-02-28,56.889,57.2283,56.7297,57.1718,525399
2014-03-03,56.5497,56.8325,56.0031,56.578,419410
2014-03-04,57.1152,57.5959,56.7099,57.4168,565385
2014-03-05,57.2943,57.4922,56.7288,57.0681,369111
2014-03-06,57.2377,57.5629,57.0115,57.4545,441909
2014-03-07,57.643,58.0671,57.5016,57.8409,379721
2014-03-10,57.709,58.0199,57.266,57.3508,667398
2014-03-11,57.5299,57.7328,56.7335,56.8984,392373
2014-03-12,56.6722,56.9738,56.3706,56.7194,577306
2014-03-13,56.9644,57.0681,56.0031,56.1916,598395
2014-03-14,56.0313,56.4649,55.9371,55.9748,371039
2014-03-17,56.1727,56.6063,56.0408,56.2293,578050
2014-03-18,56.3047,57.1623,56.1256,56.7665,552748
2014-03-19,56.7665,57.1341,55.8711,56.1633,500937
2014-03-20,58.1425,58.4347,56.3518,57.1058,981632
2014-03-21,57.7655,57.7655,56.2198,56.2764,1544139
2014-03-24,56.1539,56.5497,55.4941,55.7486,685732
2014-03-25,56.0596,56.2481,55.7863,56.0031,408829
2014-03-26,56.1633,56.3895,55.315,55.3433,350305
2014-03-27,55.4753,55.6543,55.1077,55.3339,458067
2014-03-28,55.4847,55.8805,55.2585,55.5978,455242
2014-03-31,55.8051,56.4366,55.5978,56.1821,784597
2014-04-01,56.3329,56.8042,56.2198,56.7476,786375
2014-04-02,56.7665,56.955,56.0408,56.2293,603497
2014-04-03,56.3329,56.5403,55.4658,55.692,648996
2014-04-04,55.8146,55.89,54.7495,54.8909,511131
2014-04-07,54.9663,55.2302,54.3914,54.4197,574174
2014-04-08,54.3349,54.8815,54.1935,54.6741,518102
2014-04-09,54.7307,54.9286,54.2218,54.8815,691733
2014-04-10,54.9475,55.0983,53.4678,53.496,662212
2014-04-11,53.3358,53.9079,53.0154,53.2321,803459
2014-04-14,53.6845,54.0144,52.6007,53.0719,580566
2014-04-15,53.0625,53.4395,52.4499,53.1002,428778
2014-04-16,53.4489,53.8165,53.2227,53.6845,481700
2014-04-17,53.7034,54.4479,53.6186,54.316,485073
2014-04-21,54.2783,54.4385,53.9013,54.0898,310535
2014-04-22,53.9956,54.5799,53.7411,54.4762,583981
2014-04-23,54.5516,54.6836,54.2783,54.5139,491975
2014-04-24,54.6741,55.136,54.4668,54.7307,574439
2014-04-25,54.7118,55.0229,54.0427,54.2406,484563
2014-04-28,54.3443,54.7495,53.9202,54.5705,568497
2014-04-29,54.7307,55.1925,54.5705,54.7778,490883
2014-04-30,54.561,55.7392,54.4102,55.5412,691564
2014-05-01,55.758,55.8711,54.9003,55.3622,561692
2014-05-02,55.1831,56.0125,55.1265,55.6449,686668
2014-05-05,55.1642,55.7297,55.136,55.6638,477667
2014-05-06,55.5978,55.8334,55.3245,55.5978,623690
2014-05-07,55.6638,56.3706,55.3904,56.2764,894935
2014-05-08,56.1444,56.6911,56.0879,56.1256,555461
2014-05-09,56.2293,56.3706,55.8334,56.3612,594690
2014-05-12,56.4743,57.2377,56.3612,56.8984,712178
2014-05-13,57.0398,57.2,56.7665,57.1152,686963
2014-05-14,57.2377,57.2377,56.8607,56.9173,500029
2014-05-15,56.5874,56.8042,56.1633,56.7099,437424
2014-05-16,56.644,57.0775,56.267,57.0587,525723
2014-05-19,57.0304,57.6996,56.823,57.6524,508571
2014-05-20,57.577,57.7655,56.9408,57.1341,551210
2014-05-21,57.2849,57.7373,57.2095,57.5959,435639
2014-05-22,57.5299,58.1614,57.4639,58.0012,501538
2014-05-23,58.0012,58.2556,57.6807,58.086,603787
2014-05-27,58.3122,58.3405,58.0765,58.1897,682098
2014-05-28,58.1331,58.5667,58.1143,58.331,447879
2014-05-29,58.4441,58.6798,58.2556,58.529,409065
2014-05-30,58.5384,58.675,58.2745,58.5478,653473
2014-06-02,58.3593,59.4997,58.152,58.6421,562915
2014-06-03,58.5195,58.708,58.4347,58.6044,355587
2014-06-04,58.4253,58.6798,58.3216,58.6044,363440
2014-06-05,58.8306,59.1698,58.5384,59.1416,428233
2014-06-06,59.1039,59.4997,59.1039,59.4997,333201
2014-06-09,59.4432,60.2349,59.4243,60.0087,361588
2014-06-10,59.9333,60.0181,59.6882,59.9615,298992
2014-06-11,59.7919,60.1689,59.3678,59.6599,437556
2014-06-12,59.4903,59.6976,59.1981,59.4149,304566
2014-06-13,59.528,59.7825,59.3489,59.4809,290014
2014-06-16,59.3489,59.7165,59.2452,59.462,394482
2014-06-17,59.3112,60.0275,59.1039,59.7825,283993
2014-06-18,59.6694,59.9427,59.3678,59.8579,339945
2014-06-19,59.7636,60.1972,59.5657,60.1877,345850
2014-06-20,60.4516,60.6213,60.1312,60.4139,1152870
2014-06-23,60.5459,60.5553,59.3866,59.5468,461103
2014-06-24,59.4903,59.6034,58.8494,58.9342,566841
2014-06-25,58.6421,59.3866,58.6421,59.3489,297433
2014-06-26,59.4714,59.6873,58.9154,59.0473,280025
2014-06-27,58.7175,59.4573,58.7175,59.396,1426521
2014-06-30,59.3112,59.9144,59.1369,59.8861,513151
2014-07-01,59.971,60.6967,59.8296,60.348,492630
2014-07-02,60.3291,60.5459,59.9521,60.2254,252933
2014-07-03,60.2914,60.7344,60.15,60.6684,165368
2014-07-07,60.5742,60.5742,60.0087,60.216,363731
2014-07-08,60.2631,60.3833,59.6882,59.8484,344957
2014-07-09,60.0652,60.7437,59.6317,59.9615,238821
2014-07-10,59.1604,59.6411,58.6373,59.5233,238488
2014-07-11,59.4809,59.4997,58.8871,58.9625,495261
2014-07-14,59.3678,59.9333,59.3678,59.6034,408557
2014-07-15,59.6034,59.905,58.9908,59.2358,527261
2014-07-16,59.7071,61.1774,59.3772,60.8004,1145190
2014-07-17,60.4705,60.7344,59.7165,59.8013,624166
2014-07-18,60.0464,60.4516,59.7636,60.3574,569043
2014-07-21,60.1689,60.3291,59.9238,60.1029,469797
2014-07-22,60.5365,60.7627,60.1877,60.6778,516535
2014-07-23,60.5742,60.6778,60.2914,60.348,340784
2014-07-24,60.6307,60.7815,60.3291,60.4234,218672
2014-07-25,60.3291,60.593,59.7259,59.8673,351407
2014-07-28,59.773,60.0463,59.3678,59.905,280192
2014-07-29,59.8767,60.1312,59.4714,59.4903,259695
2014-07-30,59.7919,60.3951,59.3112,59.7542,322562
2014-07-31,59.4432,59.4432,58.8965,59.0002,391672
2014-08-01,58.7646,59.2924,58.6618,59.0002,387040
2014-08-04,59.2452,60.4138,59.0002,60.3103,913768
2014-08-05,59.9521,60.5553,59.4997,59.905,693506
2014-08-06,59.4149,59.7071,59.1416,59.3678,476282
2014-08-07,59.5657,59.8861,59.2452,59.4809,370333
2014-08-08,59.6599,60.773,59.3018,60.6967,456202
2014-08-11,61.0454,61.5355,60.725,61.2622,736286
2014-08-12,61.2622,61.6769,61.135,61.5167,720867
2014-08-13,61.6486,61.8088,61.5638,61.7429,448567
2014-08-14,61.6957,61.9314,61.6392,61.7334,356281
2014-08-15,60.1783,62.0727,59.0473,61.6203,564561
2014-08-18,61.9219,62.2895,61.8748,62.0445,775774
2014-08-19,62.0822,62.2235,61.9691,62.101,460116
2014-08-20,62.167,62.233,61.8748,62.167,463547
2014-08-21,62.167,62.2424,61.9408,62.1199,556863
2014-08-22,61.9691,62.3838,61.6486,61.9502,606644
2014-08-25,62.3461,62.4403,62.0633,62.2612,253022
2014-08-26,62.4497,62.5723,62.1481,62.2235,328002
2014-08-27,62.2141,62.412,61.8654,62.0445,223611
2014-08-28,61.7711,62.3084,61.658,62.0916,217981
2014-08-29,62.3461,62.6759,61.8465,62.3366,413464
2014-09-02,62.6005,63.0341,62.3272,62.7985,454422
2014-09-03,63.0624,63.2508,62.4874,62.544,305233
2014-09-04,62.8267,63.0058,62.5628,62.7325,615151
2014-09-05,62.5628,62.9587,62.3272,62.8267,431599
2014-09-08,62.6477,62.9398,62.2707,62.5063,299016
2014-09-09,62.544,62.8267,62.2518,62.5346,440090
2014-09-10,62.6194,62.6759,62.1953,62.6005,207340
2014-09-11,62.2424,62.7042,62.0397,62.6288,242589
2014-09-12,62.5346,62.6571,62.2518,62.5251,298138
2014-09-15,62.7608,63.331,62.5157,63.0247,564426
2014-09-16,62.8739,63.2414,62.3932,63.0152,467930
2014-09-17,63.2697,63.3734,62.6288,63.0718,434263
2014-09-18,63.1378,63.4513,62.987,63.3498,308624
2014-09-19,63.6938,63.7033,63.166,63.298,1427826
2014-09-22,63.2603,63.4205,62.884,63.232,386651
2014-09-23,63.1189,63.3545,62.5911,62.61,325027
2014-09-24,62.6194,63.2037,62.5347,63.0529,297465
2014-09-25,62.855,63.0058,62.0256,62.1953,332321
2014-09-26,62.233,62.7513,62.0916,62.4592,280699
2014-09-29,62.0539,62.6194,62.0068,62.1576,690833
2014-09-30,63.7033,67.4921,63.3922,66.5307,2351026
2014-10-01,66.182,66.4459,64.4572,64.7023,1039056
2014-10-02,64.5892,64.6834,63.5525,64.363,676755
2014-10-03,64.5986,66.4271,64.4667,66.2951,1240837
2014-10-06,66.625,66.9926,65.7202,65.8804,613261
2014-10-07,65.4563,65.739,64.6834,64.7683,594400
2014-10-08,64.9379,66.9172,64.9379,66.8983,769967
2014-10-09,66.9266,67.1811,65.2961,65.4657,626404
2014-10-10,65.4092,65.7296,64.5892,64.6175,644326
2014-10-13,64.8154,64.9473,63.4394,63.5619,533467
2014-10-14,64.0803,64.4855,63.6938,63.8446,752001
2014-10-15,63.2509,64.4384,62.921,64.1462,1099832
2014-10-16,63.5902,64.7211,62.9116,64.4949,788208
2014-10-17,64.8154,65.6919,64.8154,65.3055,1342208
2014-10-20,65.3055,65.362,64.7494,65.0793,811805
2014-10-21,65.6165,67.0774,65.3809,67.0774,816815
2014-10-22,67.313,67.5957,66.2857,66.3045,688931
2014-10-23,66.9266,67.2659,66.6721,66.9549,1509697
2014-10-24,66.9737,67.2565,66.7287,67.1245,702324
2014-10-27,67.0208,67.247,66.559,67.1716,634634
2014-10-28,67.5392,67.6994,67.1905,67.6806,745048
2014-10-29,67.8597,68.0199,67.1057,67.6806,454863
2014-10-30,67.3601,68.6702,67.0774,68.51,502075
2014-10-31,69.4619,69.6975,68.5383,69.0284,675932
2014-11-03,69.0284,69.6127,68.2838,68.3686,630622
2014-11-04,67.8031,68.1424,67.0208,67.313,1357458
2014-11-05,67.7378,68.6357,67.5833,67.9743,792884
2014-11-06,68.124,68.684,67.8826,68.6357,615775
2014-11-07,69.0315,69.0315,68.4909,68.5488,734038
2014-11-10,68.6743,69.0509,68.4329,68.655,682674
2014-11-11,68.6164,69.0074,68.404,68.6454,406354
2014-11-12,68.375,69.0219,68.3074,68.8481,511568
2014-11-13,68.9543,69.5722,68.375,68.7033,480953
2014-11-14,68.8095,69.6591,68.4812,69.2826,851622
2014-11-17,69.1281,69.3695,68.7419,69.3308,556190
2014-11-18,69.2246,70.0163,68.9157,69.495,610920
2014-11-19,69.3598,69.5143,68.5971,69.3115,616433
2014-11-20,69.0412,69.7363,68.7998,69.4467,423057
2014-11-21,70.1805,70.4797,69.2633,69.437,1377184
2014-11-24,69.6494,70.4604,69.4564,70.3446,574854
2014-11-25,70.4894,70.7018,70.1322,70.5377,610728
2014-11-26,70.4411,70.9142,70.2191,70.5087,571868
2014-11-28,70.7501,71.0494,70.4798,70.6246,263199
2014-12-01,70.3929,70.6246,69.2246,69.3212,900231
2014-12-02,69.1281,70.0163,68.7902,69.8812,570859
2014-12-03,70.1032,70.6632,69.7074,70.6053,411188
2014-12-04,70.3929,70.8949,70.0646,70.306,414441
2014-12-05,70.2867,70.6342,70.0068,70.528,565350
2014-12-08,70.4604,71.0108,70.1998,70.4798,571916
2014-12-09,69.997,70.9818,69.7556,70.8756,780431
2014-12-10,70.6922,71.0108,69.3888,69.3888,628977
2014-12-11,69.3501,71.0977,69.1957,70.2867,487960
2014-12-12,69.8619,70.2673,68.5681,68.5778,512633
2014-12-15,68.8191,69.5819,68.1723,69.0605,736612
2014-12-16,69.0702,70.0743,69.0219,69.0605,608497
2014-12-17,69.0315,70.5377,68.6454,70.3253,1110880
2014-12-18,71.2811,72.0824,70.5763,71.9183,1576267
2014-12-19,74.2355,76.6105,74.1775,76.4947,3208102
2014-12-22,76.9484,77.4148,76.6588,76.8905,1172939
2014-12-23,77.1512,77.576,76.8422,76.8905,995391
2014-12-24,77.1222,77.4505,76.7264,77.1029,521158
2014-12-26,77.5084,77.5702,76.9002,77.0643,306607
2014-12-29,77.0643,77.3829,76.7554,76.8229,443100
2014-12-30,76.9195,77.0546,76.234,76.2919,504980
2014-12-31,76.4754,77.0643,75.6837,75.7319,306896
2015-01-02,76.1857,76.3692,74.892,75.7416,457407
2015-01-05,75.452,75.7416,74.1968,74.361,812491
2015-01-06,74.8147,75.0175,73.2796,74.2161,1181042
2015-01-07,74.9596,74.9692,73.6755,73.8251,837829
2015-01-08,74.7858,75.3361,74.3417,75.0465,882063
2015-01-09,75.2589,75.2782,74.1099,74.4575,754531
2015-01-12,74.3899,74.8341,73.2796,73.9844,605092
2015-01-13,74.641,75.3458,74.1293,74.8341,1415952
2015-01-14,74.6506,75.0465,74.4189,74.892,1518153
2015-01-15,75.1237,75.5581,74.641,74.9789,1270953
2015-01-16,75.0754,76.2243,75.0078,76.205,1242888
2015-01-20,76.2243,76.5043,75.5582,76.0699,938441
2015-01-21,75.8092,76.7843,75.6644,76.7071,781180
2015-01-22,76.9291,77.1802,76.1568,77.074,1752382
2015-01-23,76.8809,77.3153,76.5623,77.0257,861644
2015-01-26,77.6436,78.136,76.7457,77.2091,912203
2015-01-27,76.8133,77.6822,76.736,77.1174,854478
2015-01-28,77.2767,77.5692,75.5775,75.6402,881146
2015-01-29,75.4809,77.2767,75.3168,77.1222,775016
2015-01-30,76.4561,77.0643,75.9733,75.983,933500
2015-02-02,76.0602,77.296,75.2685,77.2622,548265
2015-02-03,77.885,78.1939,77.0257,77.9043,929432
2015-02-04,77.9719,78.5869,76.9871,77.2477,760055
2015-02-05,77.6339,78.0201,77.5084,77.716,417158
2015-02-06,77.7112,78.0394,77.0353,77.2767,447531
2015-02-09,77.2381,77.5374,76.7167,76.9195,277010
2015-02-10,77.6243,77.8463,76.7071,77.7981,420929
2015-02-11,77.5664,78.3387,77.2864,78.1456,516080
2015-02-12,78.3677,79.3814,78.0105,79.3718,528991
2015-02-13,79.3911,79.6614,78.5222,78.8215,436499
2015-02-17,79.5166,79.5842,78.7153,79.0339,345819
2015-02-18,78.9084,79.198,78.5125,79.0725,318454
2015-02-19,79.0532,79.3621,78.8649,79.1594,363848
2015-02-20,78.918,79.7773,78.0008,79.6228,474381
2015-02-23,79.6518,79.8738,79.0339,79.8352,467851
2015-02-24,79.6518,80.4628,79.5166,80.2986,559663
2015-02-25,80.5014,81.1772,80.1442,80.8103,518490
2015-02-26,80.6076,81.2738,80.6076,81.1096,484248
2015-02-27,80.8876,81.0807,80.3855,80.5979,406797
2015-03-02,80.6366,81.6696,80.3759,81.5924,372386
2015-03-03,81.2448,81.351,80.6385,81.3027,444228
2015-03-04,80.9455,80.9783,80.318,80.8779,519384
2015-03-05,80.8586,80.8586,79.9125,80.0766,378573
2015-03-06,79.478,80.1442,78.9856,79.4394,414143
2015-03-09,79.758,81.1965,79.507,80.9455,518642
2015-03-10,80.0862,80.26,78.9566,78.9566,473968
2015-03-11,79.3428,79.5359,78.6091,78.8504,362697
2015-03-12,79.2463,80.0476,78.9615,79.9994,657997
2015-03-13,80.0669,80.3083,78.5608,79.7097,520466
2015-03-16,80.3952,82.4999,80.3952,82.4227,895311
2015-03-17,82.3841,82.5772,81.1193,82.3165,579691
2015-03-18,82.2972,83.3544,81.3414,83.1854,756692
2015-03-19,84.9136,85.184,79.7089,81.0614,1563880
2015-03-20,81.3896,81.4283,79.7001,79.7001,1540310
2015-03-23,79.7001,81.1965,79.3621,80.9359,836186
2015-03-24,81.0421,81.1676,80.5304,80.8345,538031
2015-03-25,81.1096,81.1096,78.667,78.8794,1361099
2015-03-26,78.5222,78.9663,77.9719,78.3291,698434
2015-03-27,78.1553,79.6228,78.1167,79.5311,766339
2015-03-30,79.9704,80.3662,79.6807,79.8835,449512
2015-03-31,79.8738,79.9221,78.6284,78.8118,913643
2015-04-01,78.9663,79.1883,77.8753,78.8891,696898
2015-04-02,78.9566,79.9607,78.9566,79.8352,529067
2015-04-06,79.2656,79.729,78.8697,78.9953,734705
2015-04-07,78.8891,79.2077,78.3001,79.1594,965793
2015-04-08,79.2752,79.8063,78.5125,79.2946,761741
2015-04-09,79.3042,79.6711,78.4353,78.8215,476795
2015-04-10,79.0242,79.6421,78.7829,79.4828,471005
2015-04-13,78.4449,78.9277,78.358,78.5125,558691
2015-04-14,78.2422,78.9759,77.6243,78.8601,642382
2015-04-15,79.1208,79.7773,79.1208,79.3911,681173
2015-04-16,79.2559,79.4587,78.7346,79.2946,526073
2015-04-17,78.6766,79.0725,78.1746,78.5704,573813
2015-04-20,78.8891,79.1787,78.7008,78.918,604074
2015-04-21,79.2463,79.4104,79.0725,79.2077,530769
2015-04-22,79.2463,79.4201,78.7249,79.2173,586708
2015-04-23,78.8891,79.6614,78.8891,79.4683,523818
2015-04-24,79.5263,79.7097,79.2173,79.2946,649820
2015-04-27,79.2849,79.5552,78.7442,78.8022,416961
2015-04-28,78.8118,79.0532,78.3677,78.6766,584775
2015-04-29,78.3967,78.5222,77.856,77.9043,512152
2015-04-30,77.547,77.9863,76.765,77.1898,953633
2015-05-01,77.4601,78.4739,77.4601,78.4642,491352
2015-05-04,78.6284,79.1111,78.4546,78.7056,474845
2015-05-05,79.1594,79.3718,78.1649,78.2036,538394
2015-05-06,78.1746,78.3291,77.4215,77.9429,534272
2015-05-07,77.9332,78.5415,77.6388,78.3194,426959
2015-05-08,79.0821,79.758,78.3387,79.5649,438411
2015-05-11,79.3235,81.071,79.169,80.54,1243192
2015-05-12,80.2311,80.569,79.3139,79.6228,835562
2015-05-13,79.9897,81.5248,79.758,81.2448,957279
2015-05-14,81.6889,82.2393,81.2931,82.1765,544152
2015-05-15,82.1524,82.722,81.9882,82.4999,419152
2015-05-18,82.2972,83.533,82.2489,83.3399,528825
2015-05-19,83.6006,83.7454,83.1951,83.2434,558147
2015-05-20,83.1854,83.6778,83.0599,83.3302,548459
2015-05-21,83.2627,83.5716,83.0985,83.2627,442067
2015-05-22,82.6061,83.4558,81.66,83.0406,389946
2015-05-26,82.9441,83.3013,82.3455,82.8475,479297
2015-05-27,82.8379,83.3109,82.6158,83.1806,456231
2015-05-28,83.2627,83.3977,83.0599,83.3013,393401
2015-05-29,83.3978,83.8323,83.1082,83.1178,681290
2015-06-01,83.4075,83.6875,82.8572,83.364,494997
2015-06-02,82.8475,83.3205,82.8089,82.9827,682448
2015-06-03,83.3013,83.4558,83.1275,83.2337,731199
2015-06-04,83.1758,83.4558,82.2875,82.3841,567659
2015-06-05,82.2296,82.5482,81.7855,82.5096,362116
2015-06-08,82.442,82.7992,82.162,82.2489,475073
2015-06-09,82.3455,82.7027,82.0462,82.5579,268937
2015-06-10,83.002,83.6778,82.4272,83.3978,295821
2015-06-11,83.7164,83.7744,83.3689,83.4558,428960
2015-06-12,82.9247,83.2385,82.1234,83.0792,276359
2015-06-15,82.3068,82.5772,80.9745,81.4476,913758
2015-06-16,81.5345,82.5965,81.5345,82.3551,360681
2015-06-17,82.5482,82.8185,82.0944,82.6158,297519
2015-06-18,82.9827,83.7357,82.9827,83.4847,409739
2015-06-19,83.4171,84.0544,83.1275,83.8033,1097083
2015-06-22,83.9964,84.6529,83.8613,84.5178,369967
2015-06-23,84.8557,84.9484,84.3343,84.4212,726721
2015-06-24,82.8958,84.484,82.8958,83.5716,623759
2015-06-25,83.9771,83.9771,82.7896,82.8716,585567
2015-06-26,83.0406,83.1999,82.0848,82.4613,1378586
2015-06-29,82.0751,82.5192,81.2738,81.3414,447508
2015-06-30,81.8917,82.2972,81.6214,81.6696,459945
2015-07-01,82.3165,82.471,82.0268,82.3841,500539
2015-07-02,82.7123,82.7992,81.7662,82.2682,383924
2015-07-06,81.6793,82.4324,81.6793,82.162,334072
2015-07-07,82.3455,82.5289,81.0131,81.8144,755195
2015-07-08,81.351,81.7662,80.6945,80.849,633121
2015-07-09,81.7855,81.9979,81.1,81.2545,411267
2015-07-10,82.2586,82.4517,81.602,82.1137,453970
2015-07-13,82.8861,83.1178,82.2489,83.0503,345469
2015-07-14,83.1371,83.4944,82.7123,83.3013,225543
2015-07-15,83.2627,83.4171,82.8958,83.1082,497430
2015-07-16,83.6778,84.2764,83.3882,83.784,913971
2015-07-17,83.5137,83.5233,81.7082,82.5965,1074685
2015-07-20,83.0309,83.9964,82.7062,83.1275,699894
2015-07-21,83.2047,83.7647,82.2393,82.2489,583945
2015-07-22,82.7992,84.064,82.2604,83.9385,856713
2015-07-23,83.8613,83.9868,82.6158,82.7799,483724
2015-07-24,82.2875,82.6061,81.2159,81.3414,464387
2015-07-27,81.2931,81.4958,80.7717,80.8779,431573
2015-07-28,81.1869,81.9013,80.5498,81.8917,428211
2015-07-29,81.9303,82.384,81.4089,82.3261,508425
2015-07-30,81.7951,82.5386,81.3607,82.3165,262519
2015-07-31,82.7606,83.0309,82.4613,82.5482,573047
2015-08-03,82.8475,83.224,82.1041,83.1565,347088
2015-08-04,83.3206,84.0447,82.8958,83.9481,594658
2015-08-05,84.8847,84.9136,84.1606,84.5854,858404
2015-08-06,84.6819,84.6819,83.8902,84.2088,471513
2015-08-07,83.7551,84.5854,83.3496,84.4116,536325
2015-08-10,85.155,85.657,85.1164,85.2902,467780
2015-08-11,84.5371,84.9619,84.2764,84.8847,377117
2015-08-12,83.9964,84.9729,83.7551,84.8171,507429
2015-08-13,84.9136,85.5701,84.4599,85.0488,497630
2015-08-14,85.0198,85.6377,84.8267,85.435,415606
2015-08-17,85.2515,86.1205,84.7109,86.0625,376526
2015-08-18,86.2653,86.6418,85.7439,85.7922,490008
2015-08-19,85.2515,85.2998,84.1412,84.6143,522458
2015-08-20,84.035,84.6819,83.6102,83.6102,564047
2015-08-21,83.3592,83.9675,81.94,81.94,712897
2015-08-24,78.1939,80.6945,75.3071,78.7153,1176638
2015-08-25,80.4435,80.6462,78.3194,78.4256,1017862
2015-08-26,80.3373,81.3317,78.8987,81.1096,991494
2015-08-27,81.6117,82.8185,81.3993,82.5482,697467
2015-08-28,82.0075,82.7896,81.7662,82.4227,518660
2015-08-31,81.9303,82.6592,81.602,82.0558,640409
2015-09-01,80.7138,81.4476,79.8545,80.1924,761117
2015-09-02,81.0324,81.7565,80.6655,81.6986,567805
2015-09-03,82.1331,82.6737,81.8762,82.1524,509926
2015-09-04,81.1193,81.7372,80.5979,80.8586,458870
2015-09-08,82.2103,83.3978,81.9303,83.3882,636526
2015-09-09,84.0254,84.2378,81.9979,82.1041,698233
2015-09-10,81.9882,82.722,81.9882,82.2682,623182
2015-09-11,81.94,82.8861,81.9303,82.7992,304899
2015-09-14,82.9151,82.9151,82.2972,82.3744,431012
2015-09-15,82.6158,83.7261,81.9689,83.5426,489487
2015-09-16,83.4364,83.6682,83.002,83.3496,718726
2015-09-17,83.504,84.6143,83.2144,83.6488,745236
2015-09-18,82.471,83.6875,82.3165,83.4364,2424163
2015-09-21,83.9771,84.5757,83.4654,84.3054,716211
2015-09-22,83.2627,83.6141,82.5192,83.0406,790828
2015-09-23,83.3206,83.813,82.7028,83.5909,518512
2015-09-24,82.9151,83.9192,82.0944,83.1758,751738
2015-09-25,83.9288,86.6322,83.4002,85.3481,1088353
2015-09-28,85.0005,85.2998,82.7703,82.7896,626516
2015-09-29,83.0213,83.0213,81.2738,81.8724,935244
2015-09-30,82.4999,83.3592,81.8338,82.7896,849541
2015-10-01,83.1854,83.3013,81.8434,82.5386,719684
2015-10-02,81.351,83.3978,80.5979,83.3302,1087347
2015-10-05,84.2571,85.0971,83.6826,84.5757,692763
2015-10-06,84.1799,84.9619,82.5096,82.7799,798689
2015-10-07,83.4075,84.4502,82.9923,84.3247,625263
2015-10-08,84.3343,86.3908,83.6682,86.1881,782892
2015-10-09,86.5163,87.2887,85.9177,86.7191,561069
2015-10-12,86.9508,88.2156,86.6322,87.8969,649401
2015-10-13,85.8405,89.181,85.8405,88.3024,951556
2015-10-14,88.93,89.3645,87.4046,87.5494,681183
2015-10-15,88.2735,89.9051,88.2735,89.8762,817948
2015-10-16,90.0693,90.272,88.93,89.3548,457507
2015-10-19,89.2872,89.7603,88.9686,89.4707,362050
2015-10-20,89.21,90.0306,89.21,89.5672,442434
2015-10-21,90.1755,90.2624,88.0514,88.1866,506683
2015-10-22,88.8141,89.5286,88.3797,89.181,506581
2015-10-23,89.8955,90.4361,88.6886,90.272,381464
2015-10-26,90.3396,90.7934,90.0306,90.301,443414
2015-10-27,90.0306,90.3589,88.9493,89.461,515202
2015-10-28,90.021,91.0907,88.9397,89.77,545740
2015-10-29,89.77,90.3106,88.8914,89.1521,581279
2015-10-30,89.3065,90.1755,89.1328,89.8762,963138
2015-11-02,90.3589,90.7934,89.8955,90.1755,584241
2015-11-03,90.4168,90.4834,89.0748,89.2727,711543
2015-11-04,90.5472,90.7718,88.8773,89.346,731395
2015-11-05,89.3363,90.1859,88.4671,88.682,671730
2015-11-06,88.721,89.2972,88.3988,88.7503,584444
2015-11-09,88.6136,88.8773,87.8519,88.6234,495890
2015-11-10,88.4085,89.4339,87.471,89.1702,538912
2015-11-11,89.7074,89.8441,89.0433,89.4241,612898
2015-11-12,89.1702,89.4681,88.0277,88.0667,411339
2015-11-13,88.1351,88.6136,87.2562,87.4124,455814
2015-11-16,86.7874,87.4027,86.2308,87.3538,805863
2015-11-17,87.2952,88.0111,86.9437,87.471,864073
2015-11-18,87.803,89.4046,87.7152,89.2288,713985
2015-11-19,89.3265,90.2738,88.6234,88.6331,945669
2015-11-20,89.0726,89.4925,88.8382,89.1702,1889577
2015-11-23,88.887,90.0394,88.887,90.0101,469863
2015-11-24,89.6976,89.8441,88.6624,89.5218,400391
2015-11-25,89.6781,89.8929,89.2484,89.8245,265702
2015-11-27,89.6488,89.9906,89.2288,89.8538,216754
2015-11-30,89.7855,90.4495,89.3851,89.4437,659602
2015-12-01,89.8343,90.9671,89.3851,90.9574,495545
2015-12-02,90.7523,90.8011,89.805,89.8831,348555
2015-12-03,89.8929,90.0833,87.6566,88.0472,576717
2015-12-04,88.2327,90.6351,88.2034,90.4984,491773
2015-12-07,90.2152,90.5179,87.9495,89.8538,417988
2015-12-08,89.4144,90.6253,89.0872,90.3421,598336
2015-12-09,90.3519,90.3519,88.6624,89.0921,713802
2015-12-10,89.2093,89.7816,88.7503,89.3949,339462
2015-12-11,88.6429,89.4632,87.6761,87.7933,464602
2015-12-14,88.1546,88.7796,87.3538,87.803,669090
2015-12-15,88.682,89.6292,87.7933,88.223,563463
2015-12-16,88.8577,89.4534,88.096,89.1019,739095
2015-12-17,89.3265,89.8441,87.9398,88.3988,511026
2015-12-18,88.2913,89.2874,86.387,86.4261,1122290
2015-12-21,87.3734,88.1155,86.5042,87.1195,707887
2015-12-22,89.346,90.1761,87.3538,88.9945,993263
2015-12-23,89.5218,89.7659,89.014,89.3753,533502
2015-12-24,89.0628,89.7562,88.8284,89.3949,211268
2015-12-28,89.0823,89.8978,88.4329,89.8636,360253
2015-12-29,90.4495,91.4456,89.9027,90.6449,352350
2015-12-30,90.8402,91.1966,90.0101,90.0784,294678
2015-12-31,89.8929,90.2249,88.9066,88.9163,315048
2016-01-04,87.7152,87.7249,85.762,86.221,716563
2016-01-05,86.5042,87.1487,86.0257,86.3577,627936
2016-01-06,85.264,86.7581,84.971,85.9671,479841
2016-01-07,84.7855,85.6839,84.1898,84.8441,841695
2016-01-08,85.1468,85.1566,82.471,82.6468,807830
2016-01-11,82.93,83.555,82.4026,83.3108,684973
2016-01-12,83.2523,85.0784,83.163,84.8148,668628
2016-01-13,84.9222,84.9905,82.5882,82.8226,485620
2016-01-14,83.3694,84.1312,82.7151,83.5355,516402
2016-01-15,81.7581,82.5296,80.6644,82.0608,704320
2016-01-19,82.6956,83.1936,80.9964,81.5433,744447
2016-01-20,80.3421,81.387,78.389,80.4104,770867
2016-01-21,80.6936,81.4163,78.1253,78.4475,1488953
2016-01-22,79.4534,81.0061,79.1604,80.5081,810561
2016-01-25,80.3421,80.7327,79.7757,79.9319,588352
2016-01-26,80.0979,81.3772,80.0589,80.9183,687009
2016-01-27,80.9769,81.7288,80.513,80.8206,723906
2016-01-28,81.4456,81.7874,80.8108,81.1917,817260
2016-01-29,81.6116,83.9651,80.845,83.9066,1122143
2016-02-01,83.4183,84.6927,82.6322,84.0921,770296
2016-02-02,83.5843,84.3655,82.886,83.2425,969790
2016-02-03,84.4925,84.9612,81.9241,82.764,908445
2016-02-04,82.8616,83.389,82.5101,83.1741,685394
2016-02-05,83.0081,83.2913,80.9573,81.3675,785411
2016-02-08,80.8597,80.9183,79.2972,80.7034,650088
2016-02-09,80.0686,82.2659,79.9612,81.5335,642324
2016-02-10,81.8851,82.9983,81.221,81.3284,453318
2016-02-11,80.0784,80.9573,78.39,80.1956,363737
2016-02-12,81.1722,81.5921,79.9417,81.0647,600567
2016-02-16,82.1683,82.2366,81.0794,82.012,603231
2016-02-17,78.4182,81.6897,78.3401,81.6409,1265626
2016-02-18,81.8948,82.1194,79.9905,81.1331,525179
2016-02-19,80.6741,81.7874,79.9905,81.4261,714072
2016-02-22,82.1194,82.8812,82.012,82.6565,620517
2016-02-23,82.5784,82.6565,81.6702,81.9925,389898
2016-02-24,81.3772,82.3538,80.8987,82.2366,442022
2016-02-25,82.5784,82.7933,81.7435,82.7933,475142
2016-02-26,83.0081,83.0081,82.305,82.8714,384282
2016-02-29,82.8519,83.1546,82.0218,82.0218,500174
2016-03-01,82.6565,84.0335,82.3392,83.9456,399889
2016-03-02,83.6624,84.0823,83.0894,84.053,473463
2016-03-03,83.9651,84.7659,83.428,84.6878,375630
2016-03-04,84.7171,85.4984,84.4437,84.9612,829222
2016-03-07,84.6878,86.3382,84.473,85.8694,687587
2016-03-08,85.3812,86.2601,84.7562,85.596,432141
2016-03-09,85.8694,86.1234,84.6194,85.1956,594047
2016-03-10,85.6937,86.4261,85.0101,85.6839,451343
2016-03-11,86.3284,87.0218,84.3655,86.9827,466553
2016-03-14,86.807,87.6273,86.2894,87.4027,581163
2016-03-15,86.5823,87.7249,86.3968,87.5198,643547
2016-03-16,87.3929,88.0472,86.7777,87.7249,494915
2016-03-17,87.8421,88.2132,87.3149,87.9007,777096
2016-03-18,88.0472,88.5941,87.5003,88.3695,865351
2016-03-21,88.0081,88.759,87.4124,88.0667,841345
2016-03-22,88.3011,88.3792,87.4417,88.2327,732993
2016-03-23,88.8675,89.1605,83.848,84.2581,1980839
2016-03-24,84.2288,85.889,83.9261,85.4691,1155088
2016-03-28,85.7034,87.0413,84.8832,86.5726,645225
2016-03-29,86.2991,87.764,86.2991,87.5491,569465
2016-03-30,87.8909,88.1351,87.5003,87.6273,678891
2016-03-31,87.2366,87.8908,86.9632,87.7054,695116
2016-04-01,87.0999,88.057,86.9534,87.9593,549892
2016-04-04,88.2034,88.848,86.7191,86.8265,539777
2016-04-05,85.2249,87.0902,85.2249,86.2698,692936
2016-04-06,86.3675,86.8655,86.1819,86.8655,590806
2016-04-07,86.4359,86.9144,86.0844,86.846,984047
2016-04-08,87.4027,87.5296,86.7191,87.2269,475469
2016-04-11,87.5784,87.9528,86.973,87.0218,642930
2016-04-12,87.2562,87.8519,86.8704,87.7249,526437
2016-04-13,89.2386,89.2386,88.3206,88.4671,996039
2016-04-14,88.2913,88.6527,87.93,88.1448,612950
2016-04-15,88.2816,88.3792,87.6273,87.9007,401092
2016-04-18,87.7152,88.3792,87.6468,88.1937,338157
2016-04-19,88.3792,88.4769,87.8812,88.3499,627884
2016-04-20,88.2816,88.4085,87.9495,88.0472,507767
2016-04-21,87.8909,87.8909,86.9925,87.0706,565939
2016-04-22,87.1683,87.7347,87.1683,87.598,539743
2016-04-25,87.5491,87.6663,87.0023,87.3636,569346
2016-04-26,87.4905,87.9495,87.3343,87.7249,780962
2016-04-27,87.8421,88.3781,87.2073,87.8616,627759
2016-04-28,87.6273,88.3011,87.0316,87.1878,1263061
2016-04-29,86.9241,87.7249,86.4359,87.6761,721179
2016-05-02,87.7347,88.0472,87.432,87.8519,471437
2016-05-03,87.4808,87.6663,87.2171,87.5101,557294
2016-05-04,87.4515,88.0179,87.2757,87.7347,447539
2016-05-05,88.0667,88.2718,87.7446,87.8323,476016
2016-05-06,87.6956,88.9847,87.5101,88.8675,788756
2016-05-09,89.1507,89.5804,88.9554,89.3167,681344
2016-05-10,89.5999,89.8245,89.3657,89.7464,550285
2016-05-11,89.5413,89.805,89.2581,89.2972,465889
2016-05-12,89.5804,89.7855,89.1068,89.5413,455927
2016-05-13,89.512,90.0101,89.1654,89.3753,699882
2016-05-16,89.4827,89.932,89.2777,89.5902,647106
2016-05-17,89.5706,89.7562,89.0531,89.1312,637710
2016-05-18,89.0335,89.6976,88.4281,89.0042,797801
2016-05-19,88.8187,89.5706,88.5159,89.2777,578692
2016-05-20,89.7562,90.3714,89.512,89.8929,1033354
2016-05-23,89.8441,90.3324,89.8343,90.1566,516176
2016-05-24,90.3714,91.9535,90.2933,91.8851,1030861
2016-05-25,92.1585,92.1585,91.2503,91.6214,814766
2016-05-26,91.6702,92.3148,91.6019,91.7484,572709
2016-05-27,91.7581,92.8714,91.4456,92.8617,788790
2016-05-31,92.7152,93.2523,92.0609,92.5785,3653859
2016-06-01,92.1878,92.598,91.7581,92.5882,462278
2016-06-02,92.5589,93.2523,92.2464,93.2328,662242
2016-06-03,92.8226,93.0326,91.9632,92.764,432109
2016-06-06,92.764,93.3001,92.1952,92.9593,311980
2016-06-07,92.9398,93.2523,91.2796,92.6956,755779
2016-06-08,92.8031,92.93,92.3831,92.9203,475595
2016-06-09,92.9105,93.3304,92.4222,93.3011,530909
2016-06-10,92.6078,92.8714,92.1136,92.305,450150
2016-06-13,91.6019,92.5687,91.4262,91.9046,407409
2016-06-14,91.8949,92.0706,91.387,91.9242,383276
2016-06-15,92.266,92.3245,91.7484,91.8363,327395
2016-06-16,91.7484,92.4613,90.8499,92.3636,350219
2016-06-17,92.3148,92.3245,91.2894,91.8167,468990
2016-06-20,92.6175,92.7249,91.9438,92.0413,376157
2016-06-21,92.4417,92.5589,91.846,92.2855,283719
2016-06-22,92.5003,92.891,92.3343,92.3831,306512
2016-06-23,92.9007,93.4476,92.6913,93.4476,336867
2016-06-24,90.9378,92.0902,90.8206,91.1429,1177918
2016-06-27,90.7816,90.9574,89.1019,89.4827,790353
2016-06-28,90.3031,91.1722,89.9222,91.1038,748464
2016-06-29,91.8851,93.6429,91.6702,93.4085,675031
2016-06-30,93.6624,95.85,93.3304,95.8304,817511
2016-07-01,95.5277,96.7386,94.6878,96.6019,628297
2016-07-05,96.7777,97.3099,96.055,97.1683,811411
2016-07-06,96.3285,97.3539,96.2601,96.973,685601
2016-07-07,97.0121,97.3617,96.0892,96.4457,455131
2016-07-08,97.3343,97.4418,96.7972,97.2953,834796
2016-07-11,97.2171,97.2171,95.2347,95.7718,772299
2016-07-12,96.0355,96.4359,95.1468,95.2152,604666
2016-07-13,95.8304,95.9671,95.1664,95.2054,344565
2016-07-14,95.7621,95.8597,95.2054,95.6156,469290
2016-07-15,95.8011,96.1039,95.1468,95.3128,404021
2016-07-18,95.6742,95.8597,94.9515,95.3617,457203
2016-07-19,95.0394,95.806,94.7855,95.1371,693418
2016-07-20,98.682,106.4154,98.2523,104.3461,3379637
2016-07-21,104.4633,105.4838,104.3265,104.7855,1258233
2016-07-22,104.8637,105.557,104.6781,105.4203,697791
2016-07-25,105.0883,106.143,104.8051,105.684,733278
2016-07-26,105.7719,106.5531,104.9125,105.85,668922
2016-07-27,105.9379,105.9379,104.9027,105.4301,467290
2016-07-28,105.4008,105.9574,104.6,105.6449,521654
2016-07-29,105.6058,105.6058,104.3851,104.7562,908667
2016-08-01,104.7465,105.2152,104.5121,104.893,485884
2016-08-02,104.3363,104.8734,103.8285,103.8578,621814
2016-08-03,103.8578,105.2543,103.2279,103.8285,808614
2016-08-04,103.8676,105.2445,103.7992,104.0629,495312
2016-08-05,104.4633,105.8695,103.848,104.3851,594268
2016-08-08,104.4926,104.4926,103.6918,104.0531,432769
2016-08-09,104.1703,104.3168,103.5648,104.3168,532370
2016-08-10,104.2289,105.0101,104.1703,104.8637,377208
2016-08-11,105.3715,105.4008,103.9164,104.9906,645188
2016-08-12,104.6195,105.0687,104.4144,104.8344,309363
2016-08-15,104.7855,105.0004,104.3949,104.9027,428965
2016-08-16,112.8617,114.893,110.2641,110.3422,2258750
2016-08-17,111.7289,113.3598,110.8988,112.9399,1718686
2016-08-18,113.2621,113.2621,110.4887,111.2211,673617
2016-08-19,110.7231,111.2113,110.2055,111.1234,1018886
2016-08-22,111.1332,111.6606,110.9867,111.3578,427852
2016-08-23,111.3871,111.9828,110.7523,111.8461,398437
2016-08-24,111.9145,112.0609,111.2211,111.768,372325
2016-08-25,111.7387,113.936,111.7387,113.3207,790088
2016-08-26,113.2426,114.1313,112.0619,112.9985,548063
2016-08-29,112.852,113.9164,112.3442,113.6527,431528
2016-08-30,113.35,114.3168,113.1646,114.2973,523197
2016-08-31,114.3461,114.9321,113.7699,114.7563,712059
2016-09-01,115.2348,115.2348,114.3461,114.9418,476174
2016-09-02,115.4594,116.3871,115.3031,116.0551,558483
2016-09-06,116.3285,117.1293,115.0834,116.3578,545761
2016-09-07,116.0746,116.1674,115.3715,115.5278,710203
2016-09-08,115.059,115.1078,114.3852,114.4438,489769
2016-09-09,113.7406,114.1703,110.8695,111.143,1338921
2016-09-12,111.4066,112.227,111.0941,112.0414,929729
2016-09-13,111.0941,111.6996,110.225,110.2934,1093199
2016-09-14,110.3813,111.3871,109.9418,110.4887,832884
2016-09-15,110.3422,111.8852,109.9027,111.4164,683835
2016-09-16,110.8891,111.2992,110.2641,110.6645,1092711
2016-09-19,110.8793,111.6117,110.4301,110.6645,394649
2016-09-20,111.4359,111.5922,110.684,111.1918,502024
2016-09-21,111.2504,112.1879,110.3617,112.0219,541659
2016-09-22,112.2953,113.516,112.0219,112.4027,392527
2016-09-23,112.2856,113.1448,111.2992,111.4848,353193
2016-09-26,111.182,111.309,110.4496,110.5375,434605
2016-09-27,110.5375,111.0551,109.6977,110.7719,731948
2016-09-28,116.1039,116.1137,112.9106,113.4477,1475206
2016-09-29,112.8422,113.3488,108.4867,108.7504,1511236
2016-09-30,109.2777,110.1664,108.7211,109.9613,1414000
2016-10-03,110.1273,111.2298,109.5316,109.7855,785451
2016-10-04,109.8051,110.1078,107.8422,108.8676,839297
2016-10-05,108.7406,109.2875,108.018,108.3207,771531
2016-10-06,107.8129,109.3754,107.725,109.141,507016
2016-10-07,109.4047,109.4047,107.7543,107.8715,611518
2016-10-10,108.2426,108.7504,107.9105,108.184,467967
2016-10-11,107.725,108.3012,106.4262,106.7582,513928
2016-10-12,107.0121,107.5297,106.6801,107.1781,388381
2016-10-13,106.7973,107.1976,105.85,106.768,415099
2016-10-14,106.8949,107.5687,106.6703,106.6898,324564
2016-10-17,106.4652,106.9828,105.6254,105.7133,455659
2016-10-18,106.7191,108.4281,105.7621,105.8598,551078
2016-10-19,105.6449,106.2308,105.264,105.5473,549106
2016-10-20,105.3715,105.4496,103.6722,104.0726,964197
2016-10-21,103.6429,104.2582,103.3793,103.9554,666385
2016-10-24,104.5609,105.0785,104.0433,104.4633,380020
2016-10-25,104.141,104.4144,103.5844,104.2289,598167
2016-10-26,103.8285,104.3265,103.2816,104.1117,463439
2016-10-27,104.3265,104.4926,102.9496,103.1937,413413
2016-10-28,103.057,104.2289,102.8226,103.4476,471235
2016-10-31,103.9554,104.6195,103.2816,104.1703,726865
2016-11-01,103.9554,104.0433,101.5238,101.9144,843046
2016-11-02,101.7858,102.344,101.3802,101.4594,733326
2016-11-03,101.588,102.0133,100.9649,101.8748,582073
2016-11-04,102.1122,102.7156,101.7561,101.9441,493871
2016-11-07,103.0124,103.7246,102.6503,103.6751,438059
2016-11-08,103.6553,104.8127,103.2102,104.4862,412446
2016-11-09,102.409,106.6822,101.7314,106.3261,816213
2016-11-10,106.5338,107.2164,106.1975,106.8108,805404
2016-11-11,106.1283,107.6615,105.8315,107.5428,649634
2016-11-14,107.9681,108.7792,107.0383,107.8593,709768
2016-11-15,108.1758,108.3737,107.1867,107.9582,629891
2016-11-16,107.5626,107.889,106.8009,107.8099,573749
2016-11-17,107.8296,109.5013,107.8049,109.2046,581283
2016-11-18,109.1749,110.5598,108.5517,110.5004,1522885
2016-11-21,110.7675,111.5885,109.7833,111.5687,592965
2016-11-22,111.5885,113.7746,111.5885,113.5965,723083
2016-11-23,113.824,114.467,113.3393,114.0713,583353
2016-11-25,114.5164,115.2385,113.824,115.2286,285905
2016-11-28,114.9121,115.3276,114.5461,114.8725,672056
2016-11-29,114.922,115.011,114.2691,114.3285,542005
2016-11-30,114.3582,114.4967,113.1415,113.3591,717548
2016-12-01,113.369,114.7538,112.9733,114.6351,631271
2016-12-02,114.4769,115.5452,114.1148,115.3869,553307
2016-12-05,115.7331,116.9003,115.4365,116.7718,682194
2016-12-06,116.6135,117.2466,116.3761,117.118,538449
2016-12-07,117.3554,119.1923,117.1575,119.0666,531780
2016-12-08,118.7699,119.5909,118.0577,119.2447,479785
2016-12-09,119.0666,119.6502,118.7402,119.403,481457
2016-12-12,119.4227,119.9668,118.7501,119.0765,707427
2016-12-13,119.2843,119.5612,118.3693,119.2447,635241
2016-12-14,119.5019,120.1053,118.1368,118.2357,659824
2016-12-15,119.6898,120.8867,118.394,118.7105,652659
2016-12-16,118.8886,119.2843,117.9291,118.394,3597817
2016-12-19,119.037,119.8283,118.6907,118.849,832517
2016-12-20,118.8985,119.1853,118.1467,118.483,475544
2016-12-21,118.671,118.9529,118.0082,118.2159,552868
2016-12-22,118.7798,118.9183,117.8054,118.7897,1013802
2016-12-23,115.8123,116.1189,111.7764,115.1001,2392966
2016-12-27,115.1198,115.7331,114.7637,115.288,629062
2016-12-28,115.3177,115.6441,114.2207,114.3483,467354
2016-12-29,114.2691,115.2682,114.1999,115.0605,513372
2016-12-30,115.3177,115.6342,114.1603,114.3087,697990
2017-01-03,115.1099,115.7925,114.6549,115.0605,859079
2017-01-04,114.9814,116.4354,114.833,116.0398,623437
2017-01-05,115.6243,116.4354,114.7736,115.0209,598668
2017-01-06,115.2484,115.6936,114.5263,115.4364,429729
2017-01-09,115.2089,115.2089,113.7943,114.2296,524713
2017-01-10,113.9724,114.1702,113.4976,113.5372,894918
2017-01-11,113.5569,114.3087,113.4086,114.0713,466048
2017-01-12,113.8438,113.9922,111.9842,113.1613,586191
2017-01-13,113.0426,113.6361,112.5579,113.3195,448983
2017-01-17,112.5777,113.0327,112.0841,112.4392,305606
2017-01-18,112.7458,112.8942,112.0039,112.7359,424677
2017-01-19,112.726,113.0376,112.0039,112.5084,382433
2017-01-20,113.0228,113.1415,112.0831,112.6469,371920
2017-01-23,112.5381,112.825,111.7369,112.6073,267494
2017-01-24,112.5183,114.3087,112.5183,114.2593,609270
2017-01-25,114.4967,115.7232,114.1356,115.4858,1081475
2017-01-26,115.6144,116.6728,115.3869,116.1189,435501
2017-01-27,116.0596,116.3266,115.4759,116.02,478162
2017-01-30,115.8518,115.8518,114.0515,114.9418,388371
2017-01-31,114.8824,115.2682,113.913,114.8528,647259
2017-02-01,114.5461,116.0497,113.2899,113.6064,774562
2017-02-02,113.2503,114.2207,113.0129,113.9724,591012
2017-02-03,114.4274,115.4166,113.092,114.8528,384602
2017-02-06,114.5164,114.5956,113.4679,113.7152,490557
2017-02-07,114.0713,114.0911,113.1316,113.5471,562828
2017-02-08,113.2899,113.6954,112.5579,113.1118,427150
2017-02-09,113.3097,114.2296,113.1613,114.1109,474225
2017-02-10,114.2395,115.7331,113.9229,115.4562,722930
2017-02-13,115.9705,116.3761,115.3671,115.7232,448570
2017-02-14,115.2979,115.7529,114.8429,115.7529,362307
2017-02-15,115.4759,117.3158,115.2039,117.1279,507677
2017-02-16,117.1476,118.2159,116.7619,118.2159,464133
2017-02-17,117.6818,118.0874,116.8113,117.3257,1435535
2017-02-21,117.3752,117.9192,116.752,117.1575,451355
2017-02-22,116.841,117.5532,116.3662,117.5136,491566
2017-02-23,117.7313,117.7313,116.3167,117.1476,395234
2017-02-24,116.7915,117.7807,115.9926,117.7807,394581
2017-02-27,117.6027,117.9588,117.2663,117.8203,248953
2017-02-28,117.7016,117.7016,116.5739,116.7322,413478
2017-03-01,117.4048,118.6907,117.2367,118.3346,585913
2017-03-02,118.0082,118.0181,117.0487,117.2564,418173
2017-03-03,117.3653,117.5483,116.5888,117.1279,421959
2017-03-06,116.7915,117.4246,116.1783,117.3257,287025
2017-03-07,116.93,117.7016,116.5146,116.9894,418007
2017-03-08,116.841,117.4741,116.6926,117.0784,326109
2017-03-09,117.3059,117.4741,115.9408,116.5937,332944
2017-03-10,117.3554,117.9785,116.9696,117.7411,449896
2017-03-13,117.5928,118.0874,117.484,117.8401,336694
2017-03-14,117.7016,117.9884,116.5739,117.1674,323433
2017-03-15,117.5631,118.2753,117.1773,118.1665,415405
2017-03-16,118.3643,118.7006,117.6422,117.9489,301092
2017-03-17,120.9856,124.5664,119.5217,123.5179,2220852
2017-03-20,123.4586,124.0817,122.3606,122.964,1030545
2017-03-21,123.6564,124.329,122.2814,122.4397,998217
2017-03-22,122.7464,123.8443,122.3702,123.0233,853498
2017-03-23,122.9838,127.4548,121.411,124.5862,1414359
2017-03-24,125.0412,125.0511,123.4882,123.7751,709505
2017-03-27,123.5674,124.3983,122.1133,123.7652,612100
2017-03-28,123.5773,125.0808,122.8552,124.8335,502427
2017-03-29,124.24,125.1995,124.24,125.0709,687288
2017-03-30,124.8236,126.07,124.8137,125.6051,451822
2017-03-31,125.5061,125.6891,124.883,125.1698,642811
2017-04-03,125.4864,125.5952,123.3695,123.3992,689140
2017-04-04,123.1717,123.7313,122.5821,123.4882,439341
2017-04-05,123.6069,124.3488,122.3012,122.4298,451396
2017-04-06,122.321,122.4892,121.5099,121.8759,517062
2017-04-07,121.7374,122.143,121.0747,121.2329,706128
2017-04-10,121.045,122.4496,120.6394,121.3318,604159
2017-04-11,120.7186,121.6286,120.3526,121.6286,481183
2017-04-12,121.955,122.4001,120.402,121.0549,314104
2017-04-13,121.1934,121.5099,120.1646,120.3624,304014
2017-04-17,120.8175,121.6583,120.6493,121.6484,309721
2017-04-18,121.3615,121.7176,120.3822,121.045,345780
2017-04-19,121.045,121.8759,120.8224,121.3219,331896
2017-04-20,122.0341,122.2221,121.3121,121.7671,378127
2017-04-21,121.866,122.5386,121.6088,121.8066,617797
2017-04-24,122.8651,124.151,122.6919,124.0916,550689
2017-04-25,124.329,124.9027,123.4783,123.7553,503241
2017-04-26,123.8147,124.0224,122.8749,122.8848,525223
2017-04-27,122.8156,123.6861,122.321,122.598,433937
2017-04-28,122.6771,122.6771,121.0845,121.1439,659336
2017-05-01,120.2833,121.4011,119.5414,120.2635,734642
2017-05-02,120.3427,121.4505,119.8975,120.491,433159
2017-05-03,120.4515,120.5999,118.6462,119.5711,511269
2017-05-04,119.858,120.6295,119.4326,120.6196,345542
2017-05-05,121.0549,121.6682,120.3822,121.6583,321141
2017-05-08,121.3516,121.5049,119.4326,119.6008,464732
2017-05-09,119.4524,120.3427,119.2448,120.1844,352946
2017-05-10,120.1448,120.5207,119.5563,120.125,423382
2017-05-11,119.8975,121.2329,119.4128,121.2131,452660
2017-05-12,120.857,121.2527,120.1547,120.9757,389199
2017-05-15,120.8867,121.5,120.0063,121.045,311007
2017-05-16,120.9164,121.2626,120.4317,121.2428,480333
2017-05-17,120.3526,120.7581,118.8193,118.8688,518379
2017-05-18,119.0567,119.858,118.2456,119.2744,498483
2017-05-19,119.3535,120.0855,118.4336,119.7096,1787643
2017-05-22,119.8283,120.59,119.5217,120.4218,414924
2017-05-23,120.6295,121.2032,120.0954,121.0648,363162
2017-05-24,121.4209,123.5202,121.0747,123.3399,471190
2017-05-25,123.7256,124.5269,123.2904,124.1905,296728
2017-05-26,123.7949,124.2301,123.1519,123.8048,278332
2017-05-30,123.2409,123.597,122.4298,123.3992,333886
2017-05-31,123.696,124.5763,123.1816,124.517,671875
2017-06-01,124.7544,125.5556,123.4239,125.5556,392009
2017-06-02,125.8326,127.3262,125.6248,126.891,319207
2017-06-05,127.1086,127.1482,125.1303,125.2391,360222
2017-06-06,125.1303,125.4171,123.2212,123.2805,358769
2017-06-07,123.696,124.0026,122.6672,123.142,334529
2017-06-08,123.0035,123.0926,121.6682,122.3309,513786
2017-06-09,122.4199,122.7068,121.9253,122.3606,411132
2017-06-12,122.1726,125.0017,122.1726,124.9324,470953
2017-06-13,124.883,126.2678,124.6269,125.8721,376711
2017-06-14,126.4953,127.2768,125.4864,126.5744,445200
2017-06-15,126.0304,126.6635,125.0709,126.4063,326764
2017-06-16,125.6446,129.0474,125.6446,129.0375,974498
2017-06-19,129.3936,129.9871,128.2066,129.9277,516273
2017-06-20,129.9574,129.9574,128.4044,128.6616,319263
2017-06-21,128.5825,128.7848,127.5043,128.2066,298711
2017-06-22,128.3253,128.3253,127.6724,127.7615,306916
2017-06-23,127.9098,128.8792,127.6329,128.0087,373760
2017-06-26,128.6023,129.0672,127.7318,128.0978,190028
2017-06-27,126.614,127.4647,124.3785,124.4576,629865
2017-06-28,125.4567,126.1392,124.4477,125.3874,334939
2017-06-29,125.1303,125.1303,122.2913,123.0035,454722
2017-06-30,123.9433,125.1599,123.7306,124.6752,468392
2017-07-03,125.3973,125.7337,124.5763,124.6258,276153
2017-07-05,124.7247,126.8712,124.1015,124.7544,730568
2017-07-06,124.0521,124.1213,122.0836,122.3903,610287
2017-07-07,122.6969,125.2588,122.6969,124.7643,511566
2017-07-10,124.4378,125.615,124.1114,125.1698,546127
2017-07-11,124.6555,125.0907,123.4939,124.4675,337308
2017-07-12,125.5754,126.0601,125.0313,125.7831,309057
2017-07-13,125.9711,126.497,124.4279,125.1006,284487
2017-07-14,125.3677,125.5556,124.9027,125.061,430604
2017-07-17,125.0116,125.2193,124.2375,124.8236,390181
2017-07-18,124.8038,124.9423,123.9828,124.062,339188
2017-07-19,124.2598,124.7939,123.696,124.7148,485065
2017-07-20,125.1797,125.5754,124.0026,125.4072,496475
2017-07-21,129.8189,137.8807,129.7101,136.9311,2341315
2017-07-24,136.8915,137.7422,135.0111,136.6937,1116244
2017-07-25,137.1982,137.1982,135.2297,135.8133,823512
2017-07-26,135.7243,136.4711,135.2099,135.6254,523236
2017-07-27,135.5561,135.5561,133.7361,134.3493,629696
2017-07-28,134.3691,134.8439,133.6371,134.1416,570165
2017-07-31,134.2306,134.4285,133.0832,133.3898,640657
2017-08-01,136.209,138.2269,132.8953,134.0526,592007
2017-08-02,133.647,134.1218,132.3215,133.5382,660381
2017-08-03,133.5679,134.1218,132.2127,132.6875,484713
2017-08-04,133.1821,133.8152,132.0347,133.5382,355769
2017-08-07,133.38,133.8943,132.7024,132.9942,443268
2017-08-08,132.9447,133.4888,131.6291,131.9457,762798
2017-08-09,131.8171,132.282,131.095,131.8566,552776
2017-08-10,131.4313,131.6489,129.265,129.3936,704440
2017-08-11,129.8981,130.3036,128.6814,128.9188,474633
2017-08-14,129.9772,131.8962,129.7794,131.5104,400564
2017-08-15,131.3423,132.3413,130.7883,131.7083,425502
2017-08-16,131.8665,132.6875,131.728,131.8962,327692
2017-08-17,131.728,131.728,129.5024,129.7695,434896
2017-08-18,129.4925,131.4412,128.7605,131.1741,925899
2017-08-21,131.1642,133.4096,130.6301,132.4205,880583
2017-08-22,132.4699,133.9636,132.4699,133.7954,371850
2017-08-23,133.4888,133.4888,132.549,132.5985,579333
2017-08-24,132.6381,132.648,130.1948,131.7577,590845
2017-08-25,132.4501,133.6371,131.8962,132.371,454403
2017-08-28,132.8953,133.2711,131.7577,132.4106,413695
2017-08-29,131.6885,132.1633,131.1543,131.5302,396479
2017-08-30,131.4412,132.549,131.0554,132.3215,301752
2017-08-31,132.46,133.8152,132.1237,133.5481,466555
2017-09-01,134.1713,134.1713,132.8359,133.103,320775
2017-09-05,132.7667,133.2514,131.1642,131.8467,428354
2017-09-06,132.2919,132.7073,131.3917,131.9555,524266
2017-09-07,132.1138,132.1138,130.7191,131.6984,399097
2017-09-08,131.273,132.3809,130.3234,132.2721,325638
2017-09-11,132.4996,133.7855,132.0742,133.5382,319777
2017-09-12,133.4591,134.1416,132.9546,133.2217,422732
2017-09-13,133.1524,133.8548,132.1237,133.7855,359975
2017-09-14,133.3602,133.3602,132.0742,133.1524,392763
2017-09-15,133.1228,133.6272,132.2721,132.6974,882320
2017-09-18,132.7667,133.0585,132.2523,132.8458,432791
2017-09-19,132.9744,133.3404,132.4897,133.2909,481801
2017-09-20,133.5382,135.2495,133.3701,135.0418,619394
2017-09-21,134.9428,136.1397,134.0427,135.9617,485942
2017-09-22,135.8826,137.4949,135.0022,135.1704,562988
2017-09-25,135.3682,135.9815,134.8241,135.388,819215
2017-09-26,135.4572,135.6452,134.5966,134.6263,759156
2017-09-27,141.8572,143.4299,140.8185,142.4507,2727651
2017-09-28,142.1143,142.3023,140.225,141.2241,846129
2017-09-29,140.957,143.0936,140.7443,142.7177,938179
2017-10-02,142.9354,144.0432,142.4704,143.8553,746898
2017-10-03,143.9047,145.8435,143.7465,145.7842,788465
2017-10-04,145.2797,146.0414,144.6169,145.6061,770706
2017-10-05,145.8633,146.6151,144.8939,146.4073,609272
2017-10-06,146.3975,147.8614,145.8633,147.4658,614730
2017-10-09,147.6735,148.3362,147.4658,147.9801,400176
2017-10-10,147.9109,148.8011,147.9079,148.6132,576138
2017-10-11,148.3956,149.088,147.99,149.0385,408404
2017-10-12,148.8704,150.1069,148.8605,149.8695,597786
2017-10-13,150.2256,150.8289,149.7705,150.2948,522463
2017-10-16,150.8487,150.8487,149.2265,149.5826,368410
2017-10-17,150.1069,150.7565,148.7022,149.4144,400093
2017-10-18,149.7606,150.1761,149.4342,149.5232,430734
2017-10-19,148.8704,149.3353,147.8169,149.3155,704506
2017-10-20,150.1464,151.1752,149.4045,150.552,467532
2017-10-23,150.463,150.552,149.7211,149.8497,261999
2017-10-24,149.8892,150.2848,148.7715,149.2166,393557
2017-10-25,149.0484,149.4441,147.8812,148.5341,471105
2017-10-26,149.2364,150.0574,149.0089,149.909,384775
2017-10-27,149.2067,150.0178,148.4846,149.9189,375886
2017-10-30,149.6024,149.6024,147.5597,147.6042,307137
2017-10-31,148.3165,148.6231,147.3075,147.4262,476140
2017-11-01,147.2383,147.4361,144.0012,145.527,695150
2017-11-02,145.4676,146.7338,144.5477,145.9523,510442
2017-11-03,146.0117,146.9019,145.4973,146.7635,375887
2017-11-06,146.4469,146.7536,145.3687,145.9721,579562
2017-11-07,146.4568,146.8327,145.7248,146.2689,335912
2017-11-08,145.8336,148.0395,145.7248,147.99,404159
2017-11-09,147.48,147.72,144.4,145.43,532904
2017-11-10,144.82,146.14,144.82,146.1,415177
2017-11-13,145.87,147.77,145.745,147.35,659505
2017-11-14,146.57,149.46,146.57,149.2,603160
2017-11-15,148.4,149.65,147.631,149.5,702539
2017-11-16,149.53,150.62,149.25,150.11,524010
2017-11-17,149.78,150.08,148.33,148.92,380799
2017-11-20,148.74,149.16,148.05,148.25,480278
2017-11-21,148.77,148.86,147.21,147.58,584965
2017-11-22,147.56,147.71,146.56,147.36,427596
2017-11-24,147.93,148.22,147.49,147.71,273495
2017-11-27,147.91,149.1,147.61,147.96,524665
2017-11-28,148.19,152.18,147.78,152.03,575023
2017-11-29,151.98,153.87,151.54,153.73,706188
2017-11-30,153.35,157.81,153.01,157.44,2193181
2017-12-01,157.19,158.43,155.03,157.5,749595
2017-12-04,158.41,159.68,157.54,158.71,797215
2017-12-05,158.88,159.53,156.1,156.28,612149
2017-12-06,156.88,157.6,156.14,156.5,370485
2017-12-07,156.04,158.86,155.99,158.0,396355
2017-12-08,158.54,159.21,157.845,159.18,327101
2017-12-11,158.98,159.83,157.95,158.33,460345
2017-12-12,158.31,158.39,156.96,157.19,317822
2017-12-13,157.6,158.86,157.03,157.29,506824
2017-12-14,158.02,158.11,156.9,157.18,512630
2017-12-15,157.89,158.9199,156.7,158.0,1188283
2017-12-18,159.0,160.21,158.59,159.88,859730
2017-12-19,161.0,161.0,158.4,158.99,670629
2017-12-20,159.33,160.05,158.89,159.09,512803
2017-12-21,160.53,160.585,157.665,159.65,936362
2017-12-22,162.0,163.45,153.01,156.85,2266886
2017-12-26,156.54,157.64,155.41,155.52,502922
2017-12-27,155.96,156.48,155.262,156.02,381820
2017-12-28,155.98,156.72,154.81,156.62,440792
2017-12-29,156.99,157.1,155.81,155.83,416881
2018-01-02,157.26,157.53,155.94,156.85,478051
2018-01-03,156.21,158.67,156.21,158.42,529829
2018-01-04,158.69,161.29,158.42,161.17,568294
2018-01-05,161.32,161.77,160.67,161.64,587798
2018-01-08,161.38,162.58,159.83,161.9,652241
2018-01-09,162.0,162.2237,161.15,161.22,449191
2018-01-10,160.98,161.32,159.79,160.33,403080
2018-01-11,160.3,162.24,159.85,162.05,529892
2018-01-12,161.81,162.25,160.06,160.46,449058
2018-01-16,161.11,162.11,160.81,161.22,760926
2018-01-17,161.33,163.05,161.33,162.67,777339
2018-01-18,160.89,162.97,160.0,161.8,578172
2018-01-19,161.94,164.17,161.27,164.06,447386
2018-01-22,164.0,165.2,163.22,165.14,473982
2018-01-23,164.89,165.28,163.46,164.9,419100
2018-01-24,165.34,165.81,164.64,164.98,394957
2018-01-25,165.91,167.56,165.8,166.58,496791
2018-01-26,166.83,167.8,166.0208,167.77,372405
2018-01-29,167.36,167.575,165.57,166.0,483731
2018-01-30,166.13,166.98,165.11,165.82,436957
2018-01-31,166.3,169.96,166.26,168.45,1032524
2018-02-01,167.87,168.33,164.0,165.18,607018
2018-02-02,164.38,164.97,161.67,161.82,446660
2018-02-05,162.31,163.38,156.43,156.46,764655
2018-02-06,154.42,157.305,151.92,156.35,1057131
2018-02-07,155.72,159.46,155.49,156.6,664085
2018-02-08,156.39,156.7911,149.25,149.32,719734
2018-02-09,150.81,154.09,147.38,152.73,991331
2018-02-12,153.44,155.64,152.43,154.4,484797
2018-02-13,153.66,156.6,152.99,156.07,275865
2018-02-14,154.89,164.48,154.56,164.36,1252836
2018-02-15,165.23,167.09,163.265,166.94,649178
2018-02-16,167.35,167.865,166.32,167.12,587792
2018-02-20,166.35,168.54,165.5,166.65,543082
2018-02-21,166.44,169.72,166.25,167.34,506199
2018-02-22,167.18,169.09,166.62,167.08,497109
2018-02-23,168.44,170.13,166.63,169.99,475786
2018-02-26,170.7,171.0,169.0,170.79,765013
2018-02-27,171.0,171.5717,170.31,171.0,775692
2018-02-28,171.83,172.91,170.66,170.66,849224
2018-03-01,171.27,172.6719,168.38,169.56,723266
2018-03-02,168.18,170.6584,167.08,169.94,561342
2018-03-05,168.61,171.75,167.19,171.41,383823
2018-03-06,171.65,172.12,170.33,172.0,471998
2018-03-07,171.16,172.78,171.16,172.19,558343
2018-03-08,172.25,172.77,170.75,172.23,463339
2018-03-09,173.06,178.34,172.49,178.3,456840
2018-03-12,177.92,177.92,174.8,176.61,636111
2018-03-13,178.0,178.28,175.74,176.13,348756
2018-03-14,176.65,176.65,173.4,173.61,377459
2018-03-15,174.11,174.48,172.66,173.3,371648
2018-03-16,174.05,174.85,172.55,173.28,988913
2018-03-19,172.97,173.32,171.25,172.99,560992
2018-03-20,173.17,174.54,172.44,172.52,443996
2018-03-21,172.89,175.4,172.59,173.29,519184
2018-03-22,170.96,172.055,162.1112,163.11,1124103
2018-03-23,166.73,174.7,165.01,167.85,1453471
2018-03-26,170.59,172.82,168.23,170.98,877202
2018-03-27,174.27,174.9,168.63,169.59,613982
2018-03-28,169.65,171.07,168.5,169.05,568602
2018-03-29,169.53,172.12,168.56,170.58,575452
2018-04-02,170.11,170.99,165.48,167.46,584054
2018-04-03,168.47,170.06,167.69,169.83,640567
2018-04-04,167.98,170.2399,166.8801,169.46,545696
2018-04-05,170.55,172.62,169.6,171.7,509244
2018-04-06,170.09,171.17,165.33,166.74,349286
2018-04-09,168.03,170.26,167.51,167.67,393460
2018-04-10,170.0,171.47,169.29,170.33,518378
2018-04-11,169.23,170.76,168.88,170.14,421996
2018-04-12,170.63,173.04,170.625,172.17,421912
2018-04-13,172.75,172.75,169.58,170.16,403920
2018-04-16,171.63,173.05,170.71,172.91,344946
2018-04-17,173.72,175.1,173.53,173.95,441685
2018-04-18,174.27,174.76,172.08,174.38,300639
2018-04-19,174.19,174.8,172.93,174.16,256297
2018-04-20,173.74,174.64,172.29,173.12,337048
2018-04-23,173.92,174.09,172.355,173.12,351058
2018-04-24,174.5,174.9995,169.88,171.5,413465
2018-04-25,171.09,172.27,169.74,171.19,358070
2018-04-26,171.93,173.49,170.65,172.89,348511
2018-04-27,172.91,173.83,171.91,173.31,293972
2018-04-30,173.23,174.66,170.25,170.3,765272
2018-05-01,169.59,172.66,169.0,172.34,481979
2018-05-02,172.27,173.13,170.14,170.86,374963
2018-05-03,170.04,174.39,170.0,173.01,553743
2018-05-04,172.3,175.63,171.885,175.23,416951
2018-05-07,175.64,176.46,174.54,175.75,611447
2018-05-08,175.6,176.74,175.0,176.64,384369
2018-05-09,176.66,179.0,175.44,178.88,321527
2018-05-10,179.74,182.17,179.16,181.96,302580
2018-05-11,181.44,183.99,181.31,183.91,338134
2018-05-14,183.64,184.22,182.66,183.27,336985
2018-05-15,182.34,183.26,181.64,183.15,337398
2018-05-16,182.85,183.64,181.71,182.15,312298
2018-05-17,182.43,183.48,181.84,182.25,387063
2018-05-18,182.57,183.37,181.34,182.85,343179
2018-05-21,183.0,183.63,182.6,183.43,425683
2018-05-22,183.5,183.66,180.63,180.87,384188
2018-05-23,180.31,180.8699,179.15,180.76,402420
2018-05-24,181.15,182.0,179.94,181.65,319682
2018-05-25,181.08,181.97,180.1,180.84,295306
2018-05-29,179.79,181.6,179.09,180.62,356025
2018-05-30,181.24,183.22,180.5801,183.15,325924
2018-05-31,183.23,184.04,181.66,182.25,1160637
2018-06-01,182.87,184.68,182.2,184.56,459538
2018-06-04,184.99,187.18,184.965,186.81,389765
2018-06-05,187.35,189.9,187.3,189.83,426965
2018-06-06,189.95,191.34,189.52,190.93,427381
2018-06-07,190.8,191.205,187.82,189.07,419629
2018-06-08,189.18,191.58,188.68,191.48,289665
2018-06-11,191.26,191.91,189.97,190.52,328808
2018-06-12,191.24,192.77,191.16,192.3,298197
2018-06-13,192.15,194.09,192.15,192.3,355380
2018-06-14,193.1,193.1,190.8,191.56,487001
2018-06-15,191.72,191.73,189.31,190.51,930667
2018-06-18,190.63,191.45,189.32,191.03,399726
2018-06-19,189.75,190.74,187.86,190.55,346960
2018-06-20,191.02,191.37,189.54,190.28,338984
2018-06-21,190.11,190.6,188.01,189.46,313722
2018-06-22,190.44,190.99,188.37,188.63,477910
2018-06-25,188.38,188.85,184.7,185.58,587027
2018-06-26,185.95,187.41,185.84,186.59,425368
2018-06-27,186.04,187.98,184.16,184.35,393927
2018-06-28,184.48,186.27,184.19,185.56,251103
2018-06-29,185.79,188.17,185.04,185.07,438344
2018-07-02,184.24,188.87,183.2,188.65,451159
2018-07-03,188.98,189.82,186.95,187.08,243985
2018-07-05,187.83,189.61,187.21,189.4,408404
2018-07-06,189.33,191.89,188.7005,191.27,276370
2018-07-09,191.91,192.99,191.5,192.91,576485
2018-07-10,193.07,194.32,192.39,193.29,420455
2018-07-11,192.07,194.31,191.95,193.56,477536
2018-07-12,194.56,195.18,193.1,195.06,356478
2018-07-13,195.43,196.27,194.97,195.71,320009
2018-07-16,195.78,196.02,192.17,192.5,512063
2018-07-17,193.66,194.59,192.61,194.26,499601
2018-07-18,193.89,194.99,192.17,192.53,539580
2018-07-19,192.6,193.94,191.48,193.68,673306
2018-07-20,196.5,204.275,195.06,203.57,1318215
2018-07-23,203.74,207.9779,203.44,205.12,1040480
2018-07-24,204.57,207.975,204.57,206.99,828088
2018-07-25,206.64,209.39,206.14,209.25,645591
2018-07-26,209.96,210.38,207.43,208.79,520775
2018-07-27,208.96,209.22,203.42,205.03,513094
2018-07-30,204.92,204.99,201.37,202.73,650617
2018-07-31,203.88,204.96,202.73,204.48,757843
2018-08-01,204.0,206.62,204.0,205.97,621382
2018-08-02,205.39,208.47,205.13,208.18,535232
2018-08-03,208.08,208.6269,205.15,206.92,382579
2018-08-06,207.11,211.01,207.03,210.19,434954
2018-08-07,210.9,212.27,210.51,211.23,360675
2018-08-08,211.2,212.02,210.448,210.8,417865
2018-08-09,211.29,212.59,211.0202,211.4,467244
2018-08-10,209.2,211.8,209.16,210.99,369297
2018-08-13,211.13,211.92,209.135,209.68,274640
2018-08-14,209.7,211.57,208.46,210.28,550627
2018-08-15,209.53,211.64,208.69,211.41,483943
2018-08-16,212.2,213.0199,211.3,211.93,318946
2018-08-17,212.68,213.1,211.62,212.78,424051
2018-08-20,213.62,213.97,212.32,212.87,467679
2018-08-21,213.11,213.84,211.86,211.94,489129
2018-08-22,211.57,213.71,211.005,212.42,285527
2018-08-23,211.96,212.8,211.11,212.39,248217
2018-08-24,212.7,213.69,211.5,212.63,228376
2018-08-27,213.38,213.93,211.7,212.04,359775
2018-08-28,212.69,213.51,212.1188,213.09,254569
2018-08-29,213.54,214.75,212.4,214.27,295247
2018-08-30,213.69,214.27,212.34,213.31,208538
2018-08-31,212.9,213.72,212.57,213.37,391042
2018-09-04,213.22,216.17,213.22,215.54,409787
2018-09-05,214.46,216.835,213.42,214.63,514853
2018-09-06,214.59,216.65,214.24,216.4,276896
2018-09-07,215.7,217.34,214.441,216.23,289328
2018-09-10,216.39,216.39,214.08,214.44,393772
2018-09-11,213.7,216.88,212.4863,215.19,332425
2018-09-12,213.23,215.38,211.96,212.91,470967
2018-09-13,214.26,214.39,212.93,213.37,449033
