date,open,high,low,close,volume
2013-07-10,41.2597,41.6583,41.1003,41.5963,1045976
2013-07-11,42.0215,42.2784,41.9506,42.1366,918478
2013-07-12,42.1986,42.3315,41.8355,42.0392,830683
2013-07-15,41.9772,42.2784,41.9241,42.0746,533242
2013-07-16,41.6317,42.0569,41.614,41.9063,649377
2013-07-17,42.1278,42.2784,42.0303,42.2518,616391
2013-07-18,42.3138,42.4998,42.1809,42.4378,602524
2013-07-19,42.4732,42.7921,42.3138,42.7744,1118860
2013-07-22,42.5441,42.6858,42.1455,42.3581,999206
2013-07-23,42.4467,42.4732,42.1012,42.2341,1062809
2013-07-24,42.1986,42.1986,40.7814,41.0294,2311245
2013-07-25,41.0383,41.0879,40.6131,40.8434,1541126
2013-07-26,40.746,41.3217,40.5688,41.3129,1062393
2013-07-29,41.2597,41.6406,41.1268,41.4546,978408
2013-07-30,41.5254,41.7823,41.1091,41.1446,1001986
2013-07-31,41.2951,41.6539,41.0383,41.4014,1443124
2013-08-01,41.676,42.0481,41.6317,41.862,1443181
2013-08-02,41.8709,42.1721,41.6495,41.9949,1138421
2013-08-05,41.9861,42.2075,41.7292,42.0481,610942
2013-08-06,41.8886,42.0214,41.6229,41.7646,1183357
2013-08-07,41.7026,41.9152,41.552,41.8266,595751
2013-08-08,41.8532,41.9418,41.6052,41.6672,921231
2013-08-09,41.5963,41.7115,41.3306,41.4989,818276
2013-08-12,41.3217,41.428,41.1446,41.2951,774183
2013-08-13,41.3572,41.4546,41.0383,41.1534,649709
2013-08-14,41.1623,41.3483,40.5777,40.622,1022298
2013-08-15,40.5511,40.6928,39.9753,40.1082,1124788
2013-08-16,40.0108,40.0728,39.6122,39.7096,1264745
2013-08-19,39.6033,40.0816,39.4439,40.0373,1090413
2013-08-20,40.0993,40.5157,39.9842,40.3739,1385919
2013-08-21,40.2854,40.3119,39.9496,40.0019,1173442
2013-08-22,40.0462,40.2145,39.7982,40.0728,583476
2013-08-23,40.1613,40.4891,40.1259,40.4094,910972
2013-08-26,40.4714,40.4714,40.0196,40.1436,872367
2013-08-27,39.869,40.4005,39.7627,40.1791,1133192
2013-08-28,40.0373,40.3385,39.5679,39.7716,1818660
2013-08-29,39.6122,39.683,39.3996,39.497,1570068
2013-08-30,39.5236,39.6476,39.4306,39.6476,1520253
2013-09-03,39.869,39.9842,39.4465,39.5059,1833325
2013-09-04,39.4881,40.0816,39.2136,40.0816,1323597
2013-09-05,40.0551,40.0866,39.4084,39.5147,1039749
2013-09-06,39.5856,39.7539,39.125,39.3907,2002241
2013-09-09,39.8208,39.8923,39.4902,39.8297,1410323
2013-09-10,39.9727,40.1156,39.7225,39.794,1212309
2013-09-11,39.794,39.8476,39.4545,39.5885,1839518
2013-09-12,39.3383,39.8119,39.2222,39.8119,1742076
2013-09-13,39.9369,40.2407,39.8029,40.1246,966962
2013-09-16,40.4194,40.6517,40.2593,40.3211,1177237
2013-09-17,40.339,40.75,40.3211,40.6696,889278
2013-09-18,40.7589,41.1967,40.4909,41.1788,1130433
2013-09-19,40.6785,41.0448,40.3569,40.9108,2026442
2013-09-20,41.0269,41.0448,40.7053,40.7321,1683993
2013-09-23,40.5713,40.6517,40.2765,40.4641,916754
2013-09-24,40.5088,40.9019,40.4105,40.4462,1326319
2013-09-25,40.4551,40.616,39.9995,40.1603,1191168
2013-09-26,40.2586,40.3837,40.062,40.2675,1113199
2013-09-27,40.1692,40.2496,39.8208,40.1871,1138903
2013-09-30,39.9459,40.1156,39.7136,40.0442,1217608
2013-10-01,40.0084,40.1156,39.5617,39.7404,1658626
2013-10-02,39.6064,39.6064,39.0524,39.3115,2008592
2013-10-03,39.3115,39.3919,38.7397,38.7844,2088438
2013-10-04,38.7219,38.9006,38.6772,38.838,1695344
2013-10-07,38.6951,38.9631,38.6772,38.7576,1276051
2013-10-08,38.704,38.9988,38.5789,38.838,1729440
2013-10-09,38.8648,39.1418,38.7397,38.981,2244399
2013-10-10,39.2937,39.4098,39.1686,39.3562,1369067
2013-10-11,39.0167,39.2758,38.8201,39.2401,1355529
2013-10-14,39.1239,39.4768,38.9095,39.4634,1045889
2013-10-15,39.4455,39.5349,39.0524,39.115,1189576
2013-10-16,39.4187,40.2496,39.383,40.2407,1765745
2013-10-17,40.1067,40.3524,39.9646,40.2318,1332758
2013-10-18,40.2228,40.2586,40.1067,40.2139,1575852
2013-10-21,40.196,40.2139,39.8029,40.1871,1157568
2013-10-22,40.2139,40.8371,40.2139,40.5356,1458804
2013-10-23,40.5981,41.831,40.4194,41.5362,2686767
2013-10-24,41.7596,41.9829,41.4737,41.5362,1788119
2013-10-25,41.5094,42.1169,41.5094,41.697,1722520
2013-10-28,41.7417,42.729,41.7417,42.4475,1868818
2013-10-29,42.5994,42.7665,42.385,42.6262,1869621
2013-10-30,42.5905,42.5905,42.3047,42.4118,1774441
2013-10-31,42.3939,42.4743,42.2063,42.3046,1434716
2013-11-01,42.3939,42.4833,42.1259,42.376,979236
2013-11-04,42.2956,42.4743,41.974,42.1527,848326
2013-11-05,42.0633,42.4011,41.974,42.242,870771
2013-11-06,42.251,42.8228,42.1527,42.6709,1135818
2013-11-07,42.7602,42.8317,42.2599,42.2867,964297
2013-11-08,42.3135,42.8228,41.9919,42.8049,1055190
2013-11-11,42.7334,42.8719,42.6083,42.8049,915751
2013-11-12,42.6709,42.8764,42.4118,42.8317,1095393
2013-11-13,42.6888,43.0595,42.4118,43.0104,805994
2013-11-14,43.0908,43.7073,43.0015,43.5554,836489
2013-11-15,43.5465,43.6626,43.0819,43.3856,891097
2013-11-18,43.475,43.6447,43.064,43.475,1176142
2013-11-19,43.3499,43.5375,43.2516,43.2874,1127376
2013-11-20,43.3678,43.7877,43.2069,43.2516,803500
2013-11-21,43.4035,43.9753,43.3767,43.9306,787352
2013-11-22,43.9038,43.9842,43.6626,43.7251,890368
2013-11-25,43.8681,43.877,43.2606,43.3231,1063416
2013-11-26,43.332,43.4214,42.8674,43.0551,927890
2013-11-27,43.0908,43.3946,42.9568,43.3052,492936
2013-11-29,43.2963,43.5911,43.0819,43.1176,559487
2013-12-02,43.3052,43.3052,42.2733,42.653,1420709
2013-12-03,42.6441,43.0015,42.385,42.9836,1856495
2013-12-04,42.8406,43.4839,42.6977,43.4482,813641
2013-12-05,43.332,43.3856,43.0238,43.0729,1306289
2013-12-06,43.3499,43.7966,43.3499,43.7788,705835
2013-12-09,43.7609,43.7698,43.3678,43.5465,939739
2013-12-10,43.4214,43.5286,43.064,43.2337,879238
2013-12-11,43.3678,43.6179,43.1623,43.1623,1305927
2013-12-12,43.1623,43.2253,42.4779,42.5949,1656677
2013-12-13,42.9552,43.1803,42.8201,42.8471,986184
2013-12-16,42.9011,43.1803,42.9011,43.0002,1460592
2013-12-17,42.9191,42.9732,42.3743,42.64,1045040
2013-12-18,42.658,43.4234,42.4689,43.4234,1291991
2013-12-19,43.3964,43.4595,42.8381,43.0452,938980
2013-12-20,43.1263,43.6306,43.1263,43.6035,1509114
2013-12-23,43.7386,43.7746,43.2613,43.3964,521083
2013-12-24,43.3784,43.7656,43.3784,43.6756,285892
2013-12-26,43.6666,43.8107,43.5243,43.7566,308079
2013-12-27,43.9187,44.0448,43.7116,43.9457,380381
2013-12-30,43.9367,44.2564,43.9367,43.9818,574532
2013-12-31,44.0178,44.1168,43.6576,43.8737,595917
2014-01-02,43.9998,44.0628,42.757,42.9281,1182288
2014-01-03,43.1263,43.2704,42.6445,42.8651,992912
2014-01-06,43.0362,43.1623,42.73,42.9732,932903
2014-01-07,43.0722,43.5495,42.9597,43.3154,1261671
2014-01-08,43.2343,43.3694,42.5769,42.9732,2340004
2014-01-09,43.0092,43.3154,42.9191,43.1983,929569
2014-01-10,43.2163,43.6216,43.2163,43.6125,673947
2014-01-13,43.4414,43.4865,42.64,42.712,1207089
2014-01-14,42.9011,43.4504,42.7751,43.2613,1220919
2014-01-15,43.4054,43.4324,42.9462,43.2884,755887
2014-01-16,43.2163,43.7566,43.1983,43.5405,876405
2014-01-17,43.6576,43.7296,43.3424,43.6666,1179611
2014-01-21,43.9187,44.7202,43.9187,44.7112,2101444
2014-01-22,44.7292,44.9003,44.36,44.5221,1692979
2014-01-23,44.306,44.5851,43.9187,44.2069,3263121
2014-01-24,44.0538,44.2789,43.6486,43.6486,1047042
2014-01-27,43.6846,44.423,43.6035,44.1709,1300238
2014-01-28,44.1258,44.1979,43.7656,44.1078,1355132
2014-01-29,43.8107,43.8782,43.0452,43.1353,1636488
2014-01-30,43.2884,43.6125,43.2343,43.4865,1312187
2014-01-31,43.1443,43.5045,42.9101,43.1173,1907337
2014-02-03,43.1173,43.1173,42.2167,42.5229,2565333
2014-02-04,42.631,42.8561,42.4239,42.604,1312574
2014-02-05,42.4419,42.9912,42.3248,42.8381,1203525
2014-02-06,43.0722,43.3514,42.8021,43.0992,1119132
2014-02-07,43.4414,44.1078,43.3379,44.0268,1724511
2014-02-10,44.1168,44.1529,43.7026,43.8557,1795846
2014-02-11,43.7566,44.1168,43.6756,44.0358,2629531
2014-02-12,44.5401,45.9539,44.405,45.0174,4876479
2014-02-13,44.9813,45.2425,44.8868,45.0894,3236258
2014-02-14,45.1074,45.5487,45.0354,45.2965,3262190
2014-02-18,45.2965,45.6027,44.9453,45.5847,2856513
2014-02-19,45.6207,46.035,45.3686,45.8909,2600533
2014-02-20,46.062,46.5212,45.8729,46.3501,2128212
2014-02-21,46.4222,46.7464,46.2061,46.5933,2284379
2014-02-24,46.7284,46.9895,46.5933,46.6023,2407444
2014-02-25,46.8725,47.2687,46.7644,47.2597,3394885
2014-02-26,47.4218,47.4218,46.3321,46.4582,3016350
2014-02-27,46.4222,46.6383,46.161,46.5122,2295866
2014-02-28,46.6203,47.2867,46.5933,46.9265,2855372
2014-03-03,46.6833,46.7284,46.044,46.5393,3492484
2014-03-04,46.8905,46.8905,46.4942,46.7824,2484278
2014-03-05,46.7644,47.0436,46.6743,46.8995,1767151
2014-03-06,46.9625,47.0886,46.7644,46.8274,2449863
2014-03-07,47.0706,47.0976,46.8094,47.0886,2646995
2014-03-10,47.1426,47.3587,47.1156,47.2597,1789686
2014-03-11,47.3047,47.755,47.1921,47.7189,1920094
2014-03-12,47.4848,47.818,47.4398,47.7189,1432294
2014-03-13,47.7462,47.7825,47.0428,47.0655,2523171
2014-03-14,47.002,47.8278,47.002,47.5374,1861941
2014-03-17,47.6645,47.9367,47.5647,47.846,1244265
2014-03-18,47.7915,48.0003,47.6373,47.8914,1327957
2014-03-19,47.8369,48.0003,47.2742,47.4739,1425906
2014-03-20,47.3468,47.6826,47.129,47.6826,1396474
2014-03-21,48.0275,48.1228,47.7099,47.8914,2369384
2014-03-24,47.964,48.1455,47.5193,47.5556,2096435
2014-03-25,47.7371,47.9095,47.5601,47.8823,1256713
2014-03-26,48.0729,48.7535,48.0638,48.4541,2120814
2014-03-27,48.6991,49.0712,48.4904,48.7535,2012693
2014-03-28,48.808,49.1438,48.6946,48.9623,1296984
2014-03-31,49.2073,49.5431,49.0167,49.4251,1461817
2014-04-01,49.3616,49.5068,48.6446,48.7898,2865778
2014-04-02,48.808,49.0349,48.7445,48.7626,1609796
2014-04-03,48.8806,49.2436,48.5357,48.7989,1860771
2014-04-04,48.9804,49.5613,48.6537,48.7445,1673727
2014-04-07,48.7626,49.0621,48.7082,48.7172,1580682
2014-04-08,48.2544,48.2544,46.7206,46.8477,5419802
2014-04-09,46.8477,47.7552,46.7297,47.7189,3047489
2014-04-10,47.846,48.0892,47.2016,47.2561,2318563
2014-04-11,47.2652,47.4467,46.4393,46.4574,3138288
2014-04-14,46.639,46.8568,46.2669,46.4574,1531668
2014-04-15,46.5028,46.9294,46.4484,46.9021,2264012
2014-04-16,47.3922,47.5737,46.9838,47.5556,1509490
2014-04-17,47.6282,47.9186,47.4194,47.6826,1124344
2014-04-21,47.5919,47.9458,47.5647,47.6917,825544
2014-04-22,47.601,47.7915,47.4013,47.5465,993230
2014-04-23,49.7337,50.2238,48.8534,49.4433,4122697
2014-04-24,49.4433,49.6974,48.7808,48.8443,2756849
2014-04-25,48.6719,48.7853,48.2272,48.6265,1271303
2014-04-28,49.0077,50.4507,48.8806,50.2782,2784596
2014-04-29,50.2782,50.369,49.7337,49.9969,1497388
2014-04-30,49.9152,50.3418,49.7518,50.2964,1405646
2014-05-01,50.369,50.5369,49.9787,50.4507,1609487
2014-05-02,50.3508,50.9135,50.2782,50.7955,1358966
2014-05-05,50.5686,51.0406,50.5051,50.6957,1327729
2014-05-06,50.5686,51.0769,50.4325,50.9589,1576498
2014-05-07,51.2039,51.458,50.8228,51.4399,1385799
2014-05-08,51.3764,51.7031,51.1949,51.331,1069450
2014-05-09,51.3582,51.6486,51.1132,51.6486,952358
2014-05-12,51.7575,52.0389,51.5851,51.8664,901083
2014-05-13,51.8574,52.0933,51.7122,51.939,1048122
2014-05-14,51.8937,52.1033,51.7122,51.9481,1114023
2014-05-15,51.7122,51.8301,51.4308,51.576,849963
2014-05-16,51.5034,51.9572,51.449,51.9209,978121
2014-05-19,51.812,51.9617,51.5306,51.93,1009896
2014-05-20,51.9118,52.293,51.5942,51.8211,1044638
2014-05-21,51.7848,52.0843,51.6577,51.9753,939754
2014-05-22,51.939,51.9935,51.6532,51.9118,898096
2014-05-23,51.9118,52.0116,51.6214,51.7212,813516
2014-05-27,51.6759,51.7938,51.4353,51.5397,1373564
2014-05-28,51.6395,51.9663,51.4217,51.5851,1642798
2014-05-29,51.8937,52.5289,51.8574,52.5017,824259
2014-05-30,52.3021,52.7831,52.2204,52.3656,1517013
2014-06-02,52.42,52.4836,51.9572,52.2385,1531850
2014-06-03,52.1659,52.2113,51.5669,51.6032,1997475
2014-06-04,51.6668,52.7105,51.6123,52.6923,2201886
2014-06-05,52.5562,53.1733,52.293,53.0826,1789594
2014-06-06,53.0644,53.2278,52.8284,53.1098,1031263
2014-06-09,52.9827,53.2323,52.9237,53.1461,1236139
2014-06-10,52.774,53.1642,52.5834,53.019,1473191
2014-06-11,52.7831,53.2913,52.7831,52.8375,1117638
2014-06-12,52.9472,53.0569,52.4993,52.8741,1403326
2014-06-13,52.8284,52.9563,52.673,52.8101,830373
2014-06-16,52.7735,53.8429,52.7004,53.651,1445998
2014-06-17,53.6235,53.916,53.0112,53.3036,1662340
2014-06-18,53.2762,55.0859,53.2397,55.0402,2185792
2014-06-19,54.5192,55.0493,54.3821,54.9945,2061388
2014-06-20,54.766,55.2961,54.7112,54.8665,1924560
2014-06-23,54.7477,54.7843,53.9069,54.2176,1568362
2014-06-24,53.4864,53.7149,53.4224,53.523,2128475
2014-06-25,53.3859,53.7149,53.3128,53.4773,1310518
2014-06-26,53.4407,53.852,53.3128,53.5596,1260692
2014-06-27,53.4316,53.651,52.9106,53.2397,2340222
2014-06-30,53.395,53.8429,53.1574,53.5413,1321070
2014-07-01,53.6967,54.3273,53.5778,53.916,1723292
2014-07-02,53.8977,54.1354,53.7423,53.9069,1071603
2014-07-03,53.916,54.1354,53.8292,53.9891,827593
2014-07-07,53.9343,54.1719,53.7423,53.7789,1531678
2014-07-08,53.7423,53.8063,53.2854,53.3859,1710041
2014-07-09,53.587,53.8018,53.4682,53.5138,1338390
2014-07-10,53.1208,53.9846,53.0751,53.8612,1146185
2014-07-11,53.9069,54.0622,53.6829,53.9526,1316601
2014-07-14,54.1902,54.5192,54.1171,54.1811,872216
2014-07-15,54.2176,54.3821,54.06,54.2725,2810561
2014-07-16,54.3364,54.4644,53.9617,54.2359,1748795
2014-07-17,54.0074,54.4553,53.8063,53.8337,1169959
2014-07-18,54.0622,54.3479,53.8703,54.3364,962703
2014-07-21,54.1262,54.1536,53.4864,53.7972,989164
2014-07-22,53.7789,53.9251,53.523,53.6235,1543778
2014-07-23,53.8886,53.9251,53.3311,53.4133,2110408
2014-07-24,54.1902,56.2284,54.1902,55.7348,3696895
2014-07-25,55.7348,56.3655,55.5703,56.2649,1702614
2014-07-28,56.3929,56.594,56.0273,56.4477,1489990
2014-07-29,56.3563,56.5209,55.4789,55.4789,2015072
2014-07-30,55.7988,55.881,54.3821,54.5558,1955980
2014-07-31,54.3273,54.3273,53.6053,53.7058,1554493
2014-08-01,53.8429,54.0165,53.5413,53.98,1394124
2014-08-04,53.8429,54.0165,53.5413,53.98,1394124
2014-08-05,54.1171,54.2907,53.8063,53.9526,1297091
2014-08-06,53.9434,55.0219,53.9434,55.0037,1476118
2014-08-07,55.2596,55.4424,54.6838,54.7843,932359
2014-08-08,54.9214,55.3144,54.5192,55.2047,1263492
2014-08-11,55.4789,55.6891,55.2961,55.3784,2248016
2014-08-12,55.3784,55.5246,55.159,55.2047,1471477
2014-08-13,55.4515,55.6526,55.1225,55.223,1369311
2014-08-14,55.351,55.5703,55.1444,55.3144,1703185
2014-08-15,55.616,55.8445,55.1407,55.2047,3480158
2014-08-18,55.6252,55.8354,55.3053,55.5977,2107429
2014-08-19,55.6434,55.8902,55.5155,55.8811,1082522
2014-08-20,55.9359,55.9359,55.5612,55.68,868064
2014-08-21,55.8262,56.3655,55.6983,55.8811,1069726
2014-08-22,56.009,56.0639,55.2321,55.2778,1670996
2014-08-25,55.5612,55.8404,55.3784,55.7166,1353256
2014-08-26,55.8171,56.3015,55.4972,55.6434,1389982
2014-08-27,55.8262,56.5026,55.6891,56.5026,1374204
2014-08-28,56.3472,57.2475,56.2969,57.115,1558350
2014-08-29,57.2338,57.5902,57.0693,57.508,1572008
2014-09-02,57.4166,57.9558,57.2612,57.6085,1731749
2014-09-03,57.6908,58.0198,57.6725,58.0107,1320356
2014-09-04,57.9558,58.2209,57.1515,57.2064,1780999
2014-09-05,57.1607,57.2612,56.7219,56.8773,1209667
2014-09-08,56.8316,57.0418,56.6717,56.9504,1083581
2014-09-09,57.0144,57.1058,56.5757,56.8956,1402670
2014-09-10,57.0053,57.3983,57.0053,57.316,969778
2014-09-11,57.2332,57.8128,57.1872,57.776,1118861
2014-09-12,57.638,57.684,56.8606,56.9296,1187491
2014-09-15,57.0952,57.6748,56.8192,57.5184,1092778
2014-09-16,57.5552,58.5948,57.4264,58.4292,1753324
2014-09-17,58.4844,58.6224,57.9784,58.0796,1076534
2014-09-18,58.0428,58.4568,57.9416,58.2912,864548
2014-09-19,58.4292,59.3767,58.1716,59.0364,2216687
2014-09-22,58.972,60.1956,58.9536,60.0944,2422780
2014-09-23,59.8644,59.9518,58.6868,58.696,1907618
2014-09-24,58.8524,59.7908,58.8432,59.7448,1411379
2014-09-25,59.4504,59.4504,58.65,58.834,1055066
2014-09-26,58.7972,59.0456,58.3464,58.926,1216354
2014-09-29,58.604,58.9904,58.4338,58.9628,1295254
2014-09-30,59.0916,59.3492,58.7604,59.1652,1116612
2014-10-01,59.0916,59.34,58.4752,58.4844,1650555
2014-10-02,58.3924,58.7972,58.282,58.512,2068450
2014-10-03,59.0456,59.708,58.512,59.5608,1841985
2014-10-06,59.7816,59.7816,58.9444,59.5148,981858
2014-10-07,59.2848,59.7816,59.0364,59.0364,1634709
2014-10-08,59.1836,60.0208,59.0088,59.984,1401237
2014-10-09,60.0944,60.5084,58.972,59.1192,1879657
2014-10-10,59.3584,59.9748,59.2572,59.2756,1650822
2014-10-13,59.1284,59.4504,58.5948,58.6868,1095021
2014-10-14,58.9168,59.432,58.8708,58.9536,1593971
2014-10-15,58.4844,58.788,56.3582,57.1688,2382671
2014-10-16,56.396,57.1688,55.798,56.902,2229483
2014-10-17,57.2424,58.2452,56.8192,58.0428,1857426
2014-10-20,58.052,59.754,57.9232,59.6896,1790173
2014-10-21,59.5976,60.4072,59.34,60.1312,1529901
2014-10-22,60.1404,60.3796,59.294,60.1956,2433728
2014-10-23,61.7596,63.802,61.41,61.594,2675344
2014-10-24,61.6584,62.0907,61.1156,61.456,1587468
2014-10-27,61.042,62.5232,60.95,62.4864,1832180
2014-10-28,62.9096,63.2132,62.077,62.468,1453199
2014-10-29,62.4864,62.6888,61.9068,62.3024,1237186
2014-10-30,62.4404,63.7192,62.1184,63.4248,1683409
2014-10-31,64.1056,64.2896,63.4432,63.71,1884305
2014-11-03,63.5628,64.1148,63.5582,63.9676,1468532
2014-11-04,64.0688,64.8968,64.0596,64.722,1617477
2014-11-05,65.3016,65.3108,63.3328,63.48,1889798
2014-11-06,63.71,64.4276,63.5996,64.3448,1792312
2014-11-07,64.3356,64.722,63.931,64.354,1168545
2014-11-10,64.354,64.9152,64.032,64.8324,1184680
2014-11-11,64.8416,64.9152,64.0504,64.1608,1254878
2014-11-12,63.7744,65.0808,63.5168,65.0072,1552678
2014-11-13,65.1636,65.78,64.5748,65.0532,1407964
2014-11-14,65.0716,65.1084,64.2252,64.492,1215066
2014-11-17,64.4,65.1084,64.2436,65.09,1258317
2014-11-18,65.4672,65.734,65.0164,65.228,1970650
2014-11-19,65.4764,65.504,65.0347,65.4856,2333062
2014-11-20,65.2004,66.3504,65.2004,66.0192,1494284
2014-11-21,66.746,66.8196,65.8628,66.2216,1815051
2014-11-24,66.47,66.9806,66.2768,66.8748,1673488
2014-11-25,66.838,67.8316,66.746,67.3992,1764866
2014-11-26,67.2244,67.5372,66.8288,67.0588,1329285
2014-11-28,67.3348,68.3376,67.3348,68.08,708699
2014-12-01,67.0128,67.7672,66.6632,67.1876,1529458
2014-12-02,67.1048,68.0432,66.884,67.7028,2106437
2014-12-03,67.6016,67.7856,66.5068,66.608,2776030
2014-12-04,66.6632,66.9759,66.2124,66.3504,1792958
2014-12-05,66.2308,66.47,65.8536,66.1848,1389322
2014-12-08,66.2768,66.6448,65.8168,66.0192,1482588
2014-12-09,65.5408,66.0928,64.8629,65.55,1632155
2014-12-10,65.5684,66.3872,65.412,65.5408,1577956
2014-12-11,65.5871,66.3273,65.4298,65.7259,1283188
2014-12-12,65.3558,66.2811,64.9301,64.9671,1438869
2014-12-15,65.3095,65.5963,64.5692,64.6895,1364461
2014-12-16,64.5415,66.1145,64.2084,64.671,1227871
2014-12-17,64.6155,65.5038,64.5045,65.2447,2071245
2014-12-18,65.9665,66.9103,65.4483,66.9103,2347624
2014-12-19,66.8178,67.4007,65.9942,66.3088,2703754
2014-12-22,66.5494,67.3637,66.5494,67.3267,1072963
2014-12-23,67.6598,68.104,67.5488,67.9652,940885
2014-12-24,67.9374,68.4556,67.9096,67.9929,504109
2014-12-26,67.9189,67.9929,67.6228,67.6506,461478
2014-12-29,67.5303,67.7894,66.8548,67.4655,599930
2014-12-30,67.2064,67.6783,67.0861,67.2712,813012
2014-12-31,67.3637,67.4655,66.3273,66.3273,873109
2015-01-02,66.5772,66.9381,65.6704,66.2533,1048626
2015-01-05,65.6889,66.355,65.6333,66.0498,1441403
2015-01-06,66.2903,66.6142,65.4899,66.1423,1556453
2015-01-07,66.5494,67.3174,66.4014,67.1046,1163558
2015-01-08,67.7616,68.7054,67.6913,68.6592,1803012
2015-01-09,68.6869,68.7147,67.9152,68.3353,1159860
2015-01-12,68.6222,68.6499,67.6691,67.7616,1050282
2015-01-13,68.4093,69.2791,67.8819,68.2798,1314236
2015-01-14,67.7061,69.2791,67.6043,69.2236,1395588
2015-01-15,70.408,70.408,69.4272,69.8713,1570152
2015-01-16,69.8436,70.7874,69.6955,70.7504,1036481
2015-01-20,71.3611,72.0135,70.5746,71.9903,1445173
2015-01-21,72.0181,72.9157,71.5462,72.8601,2059299
2015-01-22,73.2303,73.4801,72.416,73.4153,3006847
2015-01-23,73.5171,73.5541,72.564,72.6473,1089304
2015-01-26,72.6473,73.258,72.2494,73.2118,1265137
2015-01-27,72.5178,73.5726,72.3142,73.2858,1497219
2015-01-28,73.5449,74.0631,72.453,72.6011,1050212
2015-01-29,72.7676,73.2904,72.0921,73.1748,1871323
2015-01-30,72.8324,72.9064,71.3704,71.4999,1590518
2015-02-02,71.648,72.6658,70.9725,72.6381,1400326
2015-02-03,72.6011,72.9619,71.8238,72.0088,1225051
2015-02-04,71.9441,73.2858,71.8238,72.7769,1249221
2015-02-05,72.7861,72.9989,71.4722,71.5832,1922945
2015-02-06,70.7504,72.5363,70.7504,72.1662,1981452
2015-02-09,72.2032,72.5178,71.722,72.0644,939910
2015-02-10,72.8139,73.2025,71.9071,72.9064,1273134
2015-02-11,73.0267,73.5912,72.5455,73.5541,1656288
2015-02-12,74.4887,75.3678,71.9626,72.453,2782828
2015-02-13,71.759,71.9718,70.4636,71.2038,2685020
2015-02-17,70.8429,71.685,70.5653,71.3149,1518074
2015-02-18,70.954,72.4567,70.954,72.1939,1377386
2015-02-19,72.2217,72.9157,72.1291,72.379,1626774
2015-02-20,72.1662,72.9527,71.6388,72.9342,1322328
2015-02-23,72.9342,73.1007,72.5825,72.9619,874507
2015-02-24,72.8046,73.1779,72.49,73.0175,1489196
2015-02-25,73.1007,73.3136,72.6473,73.1285,813901
2015-02-26,73.1655,73.1655,72.0829,72.3512,3503128
2015-02-27,72.3512,73.1933,72.2772,72.9064,1398788
2015-03-02,73.036,73.4894,72.9064,73.2858,1039081
2015-03-03,73.3413,73.3876,72.6288,73.0915,1059092
2015-03-04,73.073,73.0915,71.8608,72.1939,1826464
2015-03-05,72.4808,73.147,72.2402,73.0082,1376737
2015-03-06,72.9157,72.9157,72.2587,72.4993,2182181
2015-03-09,72.527,73.147,72.3235,72.9064,1101875
2015-03-10,72.2494,72.6196,72.0734,72.1291,1061164
2015-03-11,72.2679,72.2679,71.0465,71.1298,898557
2015-03-12,71.465,72.2658,71.465,72.2192,864345
2015-03-13,71.9119,72.154,71.1856,71.4091,1126158
2015-03-16,71.614,72.3309,71.5395,71.9492,1523060
2015-03-17,71.4836,71.6884,70.2824,70.5245,1562849
2015-03-18,70.4966,71.7071,69.6586,71.3719,1458311
2015-03-19,71.1111,71.5488,70.5059,70.869,1006930
2015-03-20,71.2136,71.7629,70.9342,71.7257,1826137
2015-03-23,71.6978,72.303,71.6978,72.0702,1463319
2015-03-24,72.0423,72.7313,71.9492,72.2658,1228204
2015-03-25,72.6475,72.8432,71.8467,71.8561,1464221
2015-03-26,72.5823,73.9697,72.5358,73.6532,2312986
2015-03-27,74.0256,74.156,73.1317,73.4855,1690484
2015-03-30,73.5694,74.4726,73.1224,74.1839,1247704
2015-03-31,73.8021,74.3143,73.0107,73.0758,1910206
2015-04-01,73.1969,73.2958,72.5544,73.0945,1899098
2015-04-02,73.141,73.141,72.573,72.7406,1880541
2015-04-06,72.6289,74.1839,72.4147,73.2621,1982227
2015-04-07,73.6438,74.0861,73.574,73.8673,2187524
2015-04-08,73.8301,74.0349,73.0852,73.3924,1546291
2015-04-09,73.4483,73.8208,73.2248,73.5787,1348705
2015-04-10,73.737,73.9139,73.1503,73.2993,1354947
2015-04-13,73.2993,73.4576,72.7034,72.722,861536
2015-04-14,72.6196,73.0014,72.2565,72.7686,1159394
2015-04-15,73.0479,73.5973,72.4334,72.6475,1321501
2015-04-16,72.7686,73.1783,72.5358,72.9641,976909
2015-04-17,72.5358,72.6941,71.3905,71.6791,1026633
2015-04-20,71.884,73.0293,71.8467,72.4334,919004
2015-04-21,72.7686,73.9697,72.7405,73.737,1862795
2015-04-22,74.0442,74.1075,72.6941,73.3831,1436936
2015-04-23,74.1187,74.4726,72.8803,73.5135,1884365
2015-04-24,73.737,74.2491,73.2528,73.4297,1273778
2015-04-27,73.7183,73.7183,71.7536,71.9212,1204477
2015-04-28,71.8281,72.2658,70.8411,70.9994,1771945
2015-04-29,70.9715,71.018,69.6213,70.1148,1896679
2015-04-30,70.0031,70.3569,69.1185,69.4444,1467659
2015-05-01,69.6772,70.7573,69.5748,70.7387,1470304
2015-05-04,70.5897,71.0367,70.478,70.9249,781365
2015-05-05,70.6363,71.0832,70.059,70.3476,790551
2015-05-06,70.627,70.9901,70.1148,70.3197,1063878
2015-05-07,70.5804,71.0087,70.3942,70.5338,1195487
2015-05-08,71.1111,71.6046,70.9156,71.2415,818422
2015-05-11,70.9994,72.005,70.9901,71.1111,830200
2015-05-12,70.7294,70.748,70.1148,70.5431,802047
2015-05-13,70.7014,71.7723,70.7014,71.7071,1976368
2015-05-14,72.0237,72.5451,71.8654,72.3123,993916
2015-05-15,72.2844,73.0665,71.8561,72.0795,1670880
2015-05-18,71.9957,72.3961,71.9864,72.0237,856725
2015-05-19,72.0143,72.573,71.8188,72.1447,1576874
2015-05-20,72.2471,72.5451,72.0702,72.0702,1075419
2015-05-21,72.1261,72.4799,71.7629,72.3402,844235
2015-05-22,72.2658,72.4334,71.6512,71.7536,977919
2015-05-26,71.6791,71.884,71.0832,71.1763,1069830
2015-05-27,71.3812,72.1261,71.2136,72.0423,824762
2015-05-28,71.8281,72.1726,71.3626,71.6884,900897
2015-05-29,71.5674,71.7816,70.9994,71.3626,883888
2015-06-01,71.4463,71.7629,70.9249,71.1949,690253
2015-06-02,71.1949,71.2322,70.4687,70.7666,622571
2015-06-03,71.1577,71.2136,70.478,70.897,1149268
2015-06-04,70.5897,70.8504,69.9705,70.0776,1082922
2015-06-05,69.9658,70.0683,68.2525,68.774,1579105
2015-06-08,68.7274,68.895,68.3736,68.4015,698416
2015-06-09,68.4015,68.5738,67.7683,68.2246,1291188
2015-06-10,68.5505,69.193,68.3457,68.9416,1089550
2015-06-11,69.0634,69.6914,69.0634,69.5133,1064619
2015-06-12,69.279,69.4852,68.8854,68.9228,673877
2015-06-15,68.7354,69.0138,68.0231,68.1824,1264906
2015-06-16,68.2574,68.9791,68.1918,68.9228,719779
2015-06-17,68.876,69.5836,68.6607,69.4383,840977
2015-06-18,69.5883,70.3474,69.4945,70.0756,718008
2015-06-19,70.0756,70.2818,69.7898,69.9163,1283756
2015-06-22,70.1881,70.6005,69.9631,69.9913,465734
2015-06-23,69.8975,70.1225,69.5789,69.5883,566947
2015-06-24,69.6632,70.6286,69.6632,69.7476,982069
2015-06-25,69.8413,70.3193,69.7851,70.0006,1243350
2015-06-26,70.0475,70.4411,69.8789,70.1693,782386
2015-06-29,69.6164,69.7476,68.6885,68.726,687369
2015-06-30,69.204,69.293,68.145,68.323,1216140
2015-07-01,68.7073,69.8882,68.5667,69.8882,1631864
2015-07-02,69.8507,70.1506,69.129,69.5227,925580
2015-07-06,69.1478,70.7129,68.951,70.4318,1444609
2015-07-07,70.5161,72.6623,70.4506,72.4843,1781115
2015-07-08,72.2218,72.3156,71.3502,71.3502,1096102
2015-07-09,72.2312,72.8966,71.4346,71.547,1005674
2015-07-10,72.0531,72.8217,71.8751,72.3343,895947
2015-07-13,72.8404,73.4355,72.578,73.3934,751679
2015-07-14,73.5433,73.9838,73.1778,73.637,972072
2015-07-15,73.4309,73.9744,73.2059,73.4027,729283
2015-07-16,73.8807,74.0307,73.637,73.8151,726139
2015-07-17,73.6558,73.8057,73.2996,73.7308,464659
2015-07-20,74.0026,74.2931,73.6745,74.1806,625533
2015-07-21,74.3118,74.668,73.6089,73.8339,659494
2015-07-22,73.5527,74.4805,73.5433,73.7776,1024552
2015-07-23,73.9744,74.3868,71.6314,72.4093,1261290
2015-07-24,72.5967,73.4309,72.45,73.0279,895766
2015-07-27,72.6998,73.1122,72.1937,72.7654,1381904
2015-07-28,73.0185,74.115,72.9248,74.0213,1087656
2015-07-29,74.1244,74.6586,73.7589,74.5087,1309415
2015-07-30,74.115,75.071,74.0424,74.8086,1000624
2015-07-31,75.1834,75.3615,74.9116,75.1834,1504537
2015-08-03,75.2959,75.966,75.1834,75.549,788253
2015-08-04,75.4459,76.608,75.4459,76.4112,1296519
2015-08-05,76.9642,78.1216,76.7298,78.0138,1989894
2015-08-06,78.1357,78.3231,76.9407,77.1235,1632500
2015-08-07,77.1047,77.5827,76.6455,76.7298,1191350
2015-08-10,77.2078,77.4796,76.4112,76.6361,974276
2015-08-11,76.205,76.7673,76.0925,76.533,789195
2015-08-12,76.1113,76.6642,75.474,76.4862,1031037
2015-08-13,76.3925,77.3203,76.3831,76.9642,609572
2015-08-14,76.9173,77.2266,76.5996,77.086,653040
2015-08-17,76.7205,77.7889,76.7205,77.7889,610843
2015-08-18,77.6015,77.9107,77.3859,77.5827,713434
2015-08-19,77.2078,77.9857,76.6924,77.4047,1029965
2015-08-20,76.758,77.0204,76.2425,76.3081,725945
2015-08-21,75.8957,75.8957,74.0026,74.04,1309974
2015-08-24,71.219,72.9341,67.4795,71.9313,1994630
2015-08-25,73.3465,73.5527,70.2256,70.3099,1593741
2015-08-26,71.5283,71.8657,69.1759,71.8095,3405941
2015-08-27,72.3624,72.7748,70.9379,72.2218,2228041
2015-08-28,71.9126,72.3249,71.5377,72.2687,1008136
2015-08-31,72.0531,72.2125,71.6408,71.9126,1166380
2015-09-01,70.7785,71.5002,70.3755,70.6754,1820195
2015-09-02,71.3127,71.8095,70.9135,71.8001,1114130
2015-09-03,71.9219,72.6342,71.8929,72.1187,1116657
2015-09-04,71.4065,71.5096,70.5747,71.0128,1107245
2015-09-08,71.8376,72.8826,71.7251,72.7935,1320075
2015-09-09,73.1591,73.3231,71.0503,71.2471,1297904
2015-09-10,71.4546,72.03,71.0679,71.6338,1001251
2015-09-11,71.3509,72.1243,71.2849,72.1054,998041
2015-09-14,72.0866,72.1667,71.6055,71.8696,913946
2015-09-15,72.0583,72.6619,71.7187,72.4355,1049812
2015-09-16,72.445,73.0486,72.445,72.8694,971196
2015-09-17,72.8882,74.2464,72.7279,73.3881,789255
2015-09-18,72.8222,73.6899,72.6242,72.8411,1453181
2015-09-21,73.0957,73.7701,73.0957,73.6239,880668
2015-09-22,72.8788,73.091,72.2092,72.8694,1059005
2015-09-23,72.7939,73.3127,72.4167,73.2184,656569
2015-09-24,72.9071,73.539,72.6996,73.3976,781228
2015-09-25,74.0201,74.7652,73.6239,73.7654,870262
2015-09-28,73.5485,73.8031,72.4355,72.8034,1267601
2015-09-29,72.7373,73.9729,72.6242,73.7937,1727586
2015-09-30,74.5765,74.6803,74.0578,74.5577,1379423
2015-10-01,74.4633,74.8123,73.9352,74.718,1149905
2015-10-02,74.0295,75.1424,73.5768,75.0481,1031041
2015-10-05,75.8687,77.9908,75.8687,77.8776,1659680
2015-10-06,78.0663,78.5473,77.2457,77.3023,1219857
2015-10-07,77.3777,78.3869,77.1891,78.3869,1533055
2015-10-08,78.2266,79.0283,77.8022,78.8491,1056649
2015-10-09,78.6793,79.3914,78.6322,78.9434,1146142
2015-10-12,78.934,79.5093,78.8585,79.2546,975787
2015-10-13,79.0754,79.2358,78.5661,78.8491,1153410
2015-10-14,78.7736,78.8868,77.9436,78.0945,951820
2015-10-15,78.6793,78.7831,77.7644,78.2643,867779
2015-10-16,78.3398,79.3678,78.2738,79.349,1068724
2015-10-19,79.349,80.1412,79.0566,80.0752,993757
2015-10-20,79.9715,80.8297,79.7734,79.9149,1200318
2015-10-21,79.962,80.8109,79.8394,79.9998,1506638
2015-10-22,80.7732,84.9986,80.7732,84.5081,2486832
2015-10-23,85.0646,85.6493,84.1308,84.7816,2293085
2015-10-26,84.8854,84.8854,84.3572,84.7722,979497
2015-10-27,84.9325,85.3758,84.6024,85.3475,1541020
2015-10-28,85.6588,85.7814,84.8099,85.7625,1008866
2015-10-29,85.423,85.555,84.8288,84.9608,952928
2015-10-30,84.9137,85.3004,84.2912,84.2912,1222060
2015-11-02,84.7156,84.7345,83.9045,84.0743,1386661
2015-11-03,83.7536,83.8196,83.1122,83.216,1757961
2015-11-04,83.4518,83.4518,82.8208,83.1688,907462
2015-11-05,83.3574,83.3669,82.518,82.7161,1453137
2015-11-06,82.4614,82.716,81.1504,81.3579,2199672
2015-11-09,81.3202,81.3957,80.6411,81.0184,1465007
2015-11-10,81.0184,82.6123,80.9901,82.1879,1466677
2015-11-11,82.4897,84.1686,82.3954,83.4518,1670555
2015-11-12,83.1594,83.4046,81.8578,81.8861,1117716
2015-11-13,81.971,82.999,81.6786,81.9238,1043899
2015-11-16,81.9238,83.0556,81.8012,83.0179,909412
2015-11-17,82.9519,83.3291,81.9898,82.2068,732495
2015-11-18,82.2917,83.8007,82.1313,83.7253,856605
2015-11-19,83.9799,84.8005,83.9611,84.244,959280
2015-11-20,84.6307,84.8847,82.8293,82.8859,1320080
2015-11-23,83.3009,84.4421,83.0934,84.0743,1058522
2015-11-24,83.4706,84.659,83.2537,84.3572,1219555
2015-11-25,84.3101,84.8429,83.9799,84.6873,1033739
2015-11-27,84.6307,85.5362,84.1403,85.423,639429
2015-11-30,85.4419,85.7814,84.5553,84.6496,1813156
2015-12-01,85.0363,86.5501,84.9042,86.4322,1778580
2015-12-02,86.3096,86.5831,85.555,85.6871,1066990
2015-12-03,85.6305,85.8851,84.3289,84.6873,1309707
2015-12-04,84.9608,87.2433,84.9608,87.1679,1214976
2015-12-07,87.0264,87.2716,85.9323,86.602,1029420
2015-12-08,86.2247,87.5168,86.1209,87.2999,1349744
2015-12-09,86.8283,87.5546,85.5173,85.772,1048664
2015-12-10,86.0943,86.9192,85.5823,86.3598,1104631
2015-12-11,85.4496,86.5115,85.1936,85.753,1185737
2015-12-14,85.8194,87.1942,85.7056,87.0709,1717315
2015-12-15,87.4123,88.9768,87.4123,88.4932,1847990
2015-12-16,88.7397,89.3371,87.2606,89.2043,1483257
2015-12-17,89.0431,89.0526,87.9433,88.2088,1986225
2015-12-18,88.0381,88.0381,86.8718,86.8908,2012399
2015-12-21,87.564,87.6455,86.6348,87.4028,1473277
2015-12-22,87.9338,88.9388,87.2667,88.6923,1207263
2015-12-23,89.138,89.2707,88.7871,88.9863,1028728
2015-12-24,88.7587,89.4224,88.6544,89.0526,346985
2015-12-28,89.0337,89.4414,88.5975,89.4414,854697
2015-12-29,89.6974,90.3232,89.6974,90.0672,717738
2015-12-30,90.0387,90.2093,89.65,89.7448,607197
2015-12-31,89.5172,89.65,88.351,88.3699,775678
2016-01-04,87.1468,87.5071,86.3598,87.4502,1484231
2016-01-05,87.6967,88.8535,87.583,88.5311,1241359
2016-01-06,87.6209,89.6121,87.6209,89.6026,2904923
2016-01-07,88.4363,89.6121,88.1899,88.4553,2203198
2016-01-08,88.8914,89.356,87.4597,87.6683,1231066
2016-01-11,87.8959,88.4457,86.8718,87.801,1295753
2016-01-12,88.6165,88.6165,87.2227,87.9148,1028436
2016-01-13,86.7201,87.2321,85.6013,85.7056,1926369
2016-01-14,85.4211,86.1417,84.7858,85.5444,1596748
2016-01-15,84.0273,84.9375,83.7903,84.5393,1335027
2016-01-19,85.7909,86.3409,85.3263,85.9995,1268374
2016-01-20,85.0893,86.5305,84.2928,85.5444,2284923
2016-01-21,85.7625,86.2271,84.5962,85.3073,1644854
2016-01-22,87.0141,87.1184,84.8712,85.8573,2244020
2016-01-25,86.3314,86.9666,85.734,86.2934,2156655
2016-01-26,86.4926,87.0994,86.3276,86.6822,1565370
2016-01-27,86.7486,87.0235,85.478,85.8857,1180373
2016-01-28,86.009,87.4502,85.8194,87.2985,2093292
2016-01-29,87.7631,89.375,87.5356,88.9768,2228898
2016-02-01,88.9009,90.9016,88.7919,90.5792,1726636
2016-02-02,89.9724,90.382,89.5741,89.8396,1636419
2016-02-03,90.2473,90.418,88.1898,88.3699,1838040
2016-02-04,88.076,88.351,85.1367,85.5539,2144040
2016-02-05,85.6676,85.9711,84.198,84.7195,1630416
2016-02-08,84.4255,84.6721,82.6619,84.3781,1919384
2016-02-09,83.6575,86.1512,83.6433,85.6392,1328259
2016-02-10,85.8762,86.5779,85.1936,85.3073,998953
2016-02-11,84.71,85.4116,83.7334,84.947,1400005
2016-02-12,85.9331,87.3744,85.3263,87.2037,1103647
2016-02-16,88.057,88.1519,86.8529,87.2416,2024717
2016-02-17,84.4635,86.7675,84.0557,84.7005,3049217
2016-02-18,84.9565,85.5065,84.4445,85.2789,2885180
2016-02-19,85.3073,86.0659,84.5867,85.8478,1479811
2016-02-22,86.0943,87.1184,85.9142,86.5969,1365988
2016-02-23,86.4167,87.784,86.0564,87.3175,1437069
2016-02-24,87.052,87.9907,86.6964,87.8674,1342315
2016-02-25,88.1519,88.5027,87.6019,88.3794,1707626
2016-02-26,88.1519,88.4079,86.8813,87.4028,1076572
2016-02-29,87.1847,87.7631,86.7486,86.7865,1203933
2016-03-01,87.3744,88.1803,86.796,87.9053,1492819
2016-03-02,87.7726,87.9243,86.7486,87.2132,1259759
2016-03-03,87.1373,87.2701,86.3124,87.1847,1318494
2016-03-04,87.327,87.6683,86.5589,87.0235,1780677
2016-03-07,86.6443,86.9098,85.3547,85.5349,1945435
2016-03-08,85.4306,86.9308,85.3453,86.0469,2399377
2016-03-09,86.2176,87.564,85.9047,87.2511,1382093
2016-03-10,87.2606,88.0665,86.5969,87.3459,1017300
2016-03-11,87.4031,87.6892,86.3827,86.8214,1372036
2016-03-14,87.0026,87.1742,86.192,86.5448,1307794
2016-03-15,86.2587,87.2219,85.8868,86.4781,1180136
2016-03-16,86.0394,86.3827,85.1238,86.0203,1465930
2016-03-17,86.0203,87.7369,85.9726,87.5366,1604334
2016-03-18,87.5175,87.5175,86.0966,86.1633,2210863
2016-03-21,86.1538,86.7451,85.7437,86.0584,1648312
2016-03-22,85.9917,86.0966,84.9999,85.2288,1383836
2016-03-23,85.2192,86.4208,84.8759,85.7914,1491905
2016-03-24,85.3909,85.9248,83.9222,84.1416,1488329
2016-03-28,84.2083,85.7723,84.2083,85.2955,1128463
2016-03-29,85.2955,85.9726,85.2097,85.8486,1018440
2016-03-30,85.9535,86.2587,85.305,85.7723,1240514
2016-03-31,85.8868,86.2492,85.1906,85.2764,1145543
2016-04-01,85.305,87.1361,85.038,87.0693,1659979
2016-04-04,87.241,87.5462,86.2492,86.7832,1415360
2016-04-05,86.2587,87.6987,86.0394,87.0502,2442932
2016-04-06,86.9453,87.2028,86.0203,87.0121,1083578
2016-04-07,86.5353,86.7308,85.553,85.801,1620519
2016-04-08,86.0012,87.5843,85.8105,87.2791,1259881
2016-04-11,87.3268,87.9848,86.4781,86.5448,1206598
2016-04-12,86.5353,87.2314,86.2587,86.4018,989110
2016-04-13,86.4781,86.4876,85.1238,85.2192,1356593
2016-04-14,85.1143,85.3623,84.0939,84.1607,2009934
2016-04-15,84.2179,84.38,83.6886,84.3323,1533217
2016-04-18,84.5612,84.9045,84.2751,84.7042,1196058
2016-04-19,84.9713,85.6484,84.5135,85.4386,1337482
2016-04-20,85.3527,85.4767,83.7506,83.7792,1283755
2016-04-21,83.6361,83.8936,82.0435,82.4155,1950098
2016-04-22,82.3582,82.7683,82.2533,82.6062,1471558
2016-04-25,82.5013,83.6457,82.4441,83.5694,1191134
2016-04-26,83.6552,84.4563,83.4693,83.7124,1535581
2016-04-27,85.162,86.3255,85.0046,86.192,2670568
2016-04-28,85.801,86.8977,85.377,86.4113,1554597
2016-04-29,86.2969,86.7451,85.8486,86.6974,1542989
2016-05-02,86.85,88.166,86.6116,87.7941,1409638
2016-05-03,87.632,88.3568,87.4031,87.7846,1108230
2016-05-04,87.508,88.6715,87.1647,88.4426,847931
2016-05-05,88.3472,89.234,88.3377,88.6715,979991
2016-05-06,88.5284,89.7586,88.2995,89.5965,925893
2016-05-09,89.5965,90.6074,89.5918,90.493,1094682
2016-05-10,90.6456,91.3417,90.2832,91.0079,1213045
2016-05-11,90.9793,91.3036,90.2736,90.3785,604170
2016-05-12,90.5216,91.1319,90.0161,91.1319,1124617
2016-05-13,90.9984,91.3894,90.121,90.512,803942
2016-05-16,90.369,90.5454,89.3772,90.0543,1440435
2016-05-17,89.7682,89.9208,87.7369,88.1279,1118695
2016-05-18,87.9181,88.4426,87.1265,87.5938,1110066
2016-05-19,87.5175,88.0325,87.2982,87.9276,665320
2016-05-20,88.3854,88.3854,86.9167,86.9835,884337
2016-05-23,87.2601,88.0134,86.974,87.6511,914546
2016-05-24,87.8799,88.7001,87.8513,88.3949,832884
2016-05-25,88.2137,88.5074,87.4889,87.5175,788287
2016-05-26,87.6797,88.1088,87.4889,87.9085,941006
2016-05-27,87.9085,88.414,87.5905,87.8799,703100
2016-05-31,88.0993,88.3949,86.7832,87.1647,2048524
2016-06-01,87.3363,88.2328,87.1647,88.0707,1125925
2016-06-02,87.8513,88.0897,87.5462,87.775,669584
2016-06-03,87.8132,88.4926,87.6701,88.414,657763
2016-06-06,88.4044,88.6333,87.8704,88.0421,560857
2016-06-07,88.0707,88.1374,87.4413,87.5271,881267
2016-06-08,87.3268,87.6892,86.7832,87.6034,848708
2016-06-09,87.5748,88.2042,87.2219,88.0898,1079135
2016-06-10,87.85,88.6844,87.7445,88.4542,1026044
2016-06-13,88.5118,89.0585,87.802,87.8883,841790
2016-06-14,87.4567,88.0898,86.5455,87.9747,1204620
2016-06-15,88.0322,88.2624,87.2649,87.5718,983425
2016-06-16,87.3032,88.694,87.1881,88.6365,1201504
2016-06-17,88.2145,88.3101,86.862,87.639,1677751
2016-06-20,88.1761,88.844,88.1137,88.2145,815544
2016-06-21,88.6077,89.0969,88.3009,88.5981,631715
2016-06-22,88.7708,89.1065,88.2528,88.3487,870597
2016-06-23,88.7324,88.8571,88.32,88.7899,418309
2016-06-24,87.0155,89.0681,86.4974,88.4159,1412419
2016-06-27,88.1569,92.3485,88.0514,91.936,3621097
2016-06-28,91.7346,91.7346,89.893,90.8617,2098708
2016-06-29,91.1783,91.6866,89.7875,90.2383,1336883
2016-06-30,90.2095,92.7033,90.1999,92.6842,1500428
2016-07-01,93.1062,93.1062,91.6674,91.7442,995560
2016-07-05,91.8785,94.0654,91.6387,93.3652,967749
2016-07-06,93.5378,94.1325,92.5403,93.7488,1592937
2016-07-07,94.027,94.3819,92.8856,93.0486,915584
2016-07-08,93.2788,93.4515,92.5786,93.1637,822498
2016-07-11,92.7321,92.8856,92.0991,92.5978,876245
2016-07-12,92.2909,93.0103,92.2429,92.8568,831786
2016-07-13,92.7609,93.3748,92.3964,93.2405,703595
2016-07-14,92.0223,93.557,92.0223,92.9911,727641
2016-07-15,93.1254,93.4227,92.8089,93.0486,593873
2016-07-18,93.2213,93.2405,92.2621,92.6746,439276
2016-07-19,92.7225,93.8735,92.6458,93.8639,963224
2016-07-20,93.9694,94.3147,93.3556,93.7968,1219022
2016-07-21,93.3172,93.6145,93.1062,93.5858,791135
2016-07-22,93.6913,94.4011,93.5858,94.3243,671374
2016-07-25,94.19,94.3339,93.2309,94.0174,897519
2016-07-26,93.9119,94.074,93.1542,93.2213,1040432
2016-07-27,92.7897,93.0966,90.6891,92.2717,1923704
2016-07-28,92.2717,94.0749,92.2717,93.8735,1124067
2016-07-29,93.8639,94.7655,93.8639,94.4874,980277
2016-08-01,94.3147,94.4298,93.8256,93.9982,1309387
2016-08-02,93.7872,94.1517,92.7513,93.0486,1348452
2016-08-03,93.3939,93.3939,92.3676,92.7129,887097
2016-08-04,92.7609,93.509,92.5115,93.2213,873006
2016-08-05,93.5282,94.2284,92.4923,92.828,1130100
2016-08-08,92.828,92.828,91.6099,92.0127,1110237
2016-08-09,92.1087,92.8041,91.7921,91.984,1293780
2016-08-10,91.936,93.346,91.7921,93.0678,1098985
2016-08-11,93.3939,93.6913,92.7033,93.0199,944465
2016-08-12,93.2309,93.509,92.9145,93.2597,655606
2016-08-15,93.346,93.4419,92.9623,93.039,699271
2016-08-16,92.7033,93.0007,91.2742,91.3221,1433987
2016-08-17,91.4468,92.0895,90.9864,91.9744,1484339
2016-08-18,91.7825,92.3389,91.5308,91.7346,726155
2016-08-19,91.7058,91.8305,90.5548,91.0728,1388283
2016-08-22,91.0919,91.2934,90.3918,90.6124,2013510
2016-08-23,90.6028,91.2358,89.1161,89.6532,1545163
2016-08-24,89.3367,90.2287,89.0201,89.5956,1373860
2016-08-25,89.7108,90.0465,89.3559,89.7012,1188663
2016-08-26,89.893,90.4301,89.2743,89.471,884933
2016-08-29,89.7012,89.9505,89.2983,89.5765,778316
2016-08-30,89.6436,89.8834,89.1257,89.3654,963289
2016-08-31,89.375,90.0273,89.1352,89.8738,1106963
2016-09-01,89.7683,89.9505,88.8283,89.5093,1183428
2016-09-02,89.7683,90.7083,89.6052,90.6028,945916
2016-09-06,90.4781,90.8138,89.634,90.1328,1460718
2016-09-07,89.7491,90.1318,88.9626,89.7299,1295167
2016-09-08,89.3463,90.0465,88.9818,89.1928,1172842
2016-09-09,88.6816,88.6816,86.6558,86.6654,1488906
2016-09-12,87.0031,88.1221,86.7619,88.0352,1561052
2016-09-13,87.8134,88.1317,86.7908,86.868,1284331
2016-09-14,87.0031,87.5915,86.8487,87.0899,756790
2016-09-15,86.9259,87.3407,86.7233,87.032,1036720
2016-09-16,86.9066,87.6735,86.2892,87.5433,1381052
2016-09-19,87.4564,87.7651,87.3986,87.5626,887378
2016-09-20,87.8712,88.1221,87.2924,87.5819,1200451
2016-09-21,87.5047,88.4018,86.9548,88.1703,996255
2016-09-22,88.5851,88.971,88.2957,88.7491,1068114
2016-09-23,88.3825,88.9613,87.9774,88.3729,1261787
2016-09-26,88.2668,88.2764,87.0127,87.0995,1179094
2016-09-27,87.6301,87.7362,87.0127,87.4468,1283831
2016-09-28,87.5915,88.1317,87.3021,88.0545,1110247
2016-09-29,88.2378,88.7394,87.3986,87.5143,1042735
2016-09-30,87.9484,88.4115,87.3986,88.0835,969451
2016-10-03,87.7169,87.7651,86.9259,87.5529,1101769
2016-10-04,85.1316,85.7393,82.3051,83.7907,3466475
2016-10-05,83.9547,85.0351,83.8775,84.0415,2147715
2016-10-06,84.0029,85.1991,83.646,84.929,1211346
2016-10-07,85.0158,85.122,83.9644,84.3985,1251595
2016-10-10,84.5142,84.8036,83.9354,84.6879,1052673
2016-10-11,84.63,84.7216,83.7039,84.0608,860396
2016-10-12,84.1283,84.4949,83.7714,84.2634,1597041
2016-10-13,83.9161,84.5432,83.5978,84.2731,1250487
2016-10-14,84.2731,84.6348,83.9451,84.0415,1048542
2016-10-17,84.2731,84.601,83.9354,84.5721,1020358
2016-10-18,84.9869,85.2425,84.5432,84.5625,752355
2016-10-19,84.5239,85.1702,83.9451,84.9097,1235458
2016-10-20,84.8904,85.2377,83.9595,84.0415,966890
2016-10-21,83.9258,84.8326,83.7521,84.7554,1015594
2016-10-24,84.765,85.4499,84.6589,85.1991,1199415
2016-10-25,84.9676,85.286,84.5528,85.1991,1540414
2016-10-26,85.3342,87.688,84.8904,85.4789,2351649
2016-10-27,87.0416,87.0416,83.5688,84.0126,2141404
2016-10-28,84.2827,85.3245,84.0898,85.122,1654641
2016-10-31,85.1412,85.3004,84.4274,84.6879,1325542
2016-11-01,84.466,84.601,83.511,83.7425,1449367
2016-11-02,83.7521,84.5817,83.7521,83.974,858550
2016-11-03,84.1283,84.3985,83.4194,83.5978,880961
2016-11-04,83.6653,84.0512,83.3759,83.4724,1100600
2016-11-07,84.0415,84.6396,84.0415,84.601,1164505
2016-11-08,84.437,85.749,84.3792,85.421,835346
2016-11-09,83.7714,84.1187,81.5141,82.8936,1453149
2016-11-10,82.1701,82.1701,80.0768,80.2986,2097956
2016-11-11,79.8452,79.8742,78.186,79.469,1652116
2016-11-14,79.5944,79.7488,78.6684,79.5269,1752645
2016-11-15,79.6523,80.5302,79.4449,80.3179,1359913
2016-11-16,80.4337,80.5784,79.4594,79.9321,1310615
2016-11-17,79.9417,80.1539,79.334,80.1057,1158606
2016-11-18,80.0092,80.7038,79.961,80.5302,1416802
2016-11-21,80.4916,82.2955,80.3083,82.2376,1467087
2016-11-22,82.8646,84.6396,82.5559,84.4081,2477288
2016-11-23,83.7714,85.0737,83.7714,84.1766,2376866
2016-11-25,84.7554,85.6429,84.4081,84.9097,828206
2016-11-28,84.9965,85.8744,84.9194,85.6911,1329241
2016-11-29,85.7104,86.4918,85.3825,86.2892,1668061
2016-11-30,85.5464,86.0094,83.511,83.675,4577819
2016-12-01,83.2216,83.3856,81.0897,82.1894,1799749
2016-12-02,82.3727,83.154,81.7649,82.1219,1926530
2016-12-05,82.3341,82.9225,82.1604,82.9129,1467396
2016-12-06,83.511,84.2827,82.9611,84.2634,1533364
2016-12-07,84.0126,85.4499,83.9258,85.421,1978805
2016-12-08,84.6782,84.9965,84.2731,84.63,1832803
2016-12-09,84.6008,87.2892,84.6008,87.1921,2374847
2016-12-12,87.1727,87.9006,86.901,87.6677,2048851
2016-12-13,87.6192,87.8667,87.1412,87.396,1933390
2016-12-14,87.823,87.9977,86.5904,87.1048,3400293
2016-12-15,86.9592,87.9589,86.8622,87.8521,1552421
2016-12-16,87.7551,88.25,87.4736,87.9783,2359730
2016-12-19,88.0268,88.1433,87.3765,87.6871,990688
2016-12-20,87.6289,87.9589,87.066,87.8036,1193623
2016-12-21,87.92,88.3859,87.5901,87.6386,1010986
2016-12-22,87.493,87.9589,87.0029,87.8424,1033831
2016-12-23,87.9783,88.3568,87.7162,88.1044,586821
2016-12-27,88.2015,88.3665,87.8133,88.1918,591338
2016-12-28,87.8618,87.9807,87.493,87.7939,890853
2016-12-29,87.9394,88.4538,87.9297,88.2791,512798
2016-12-30,88.4538,88.4538,87.7065,87.9977,737048
2017-01-03,87.9977,88.483,87.7356,88.1821,933959
2017-01-04,88.415,89.0361,88.2791,88.5994,940524
2017-01-05,88.3277,88.9876,88.0365,88.6771,1157661
2017-01-06,88.415,88.5897,87.823,88.25,951606
2017-01-09,88.9876,89.0459,87.8036,87.8715,1299249
2017-01-10,87.7065,87.9297,87.0757,87.4251,1887329
2017-01-11,87.1533,88.0268,87.0757,87.3668,1714013
2017-01-12,87.1242,87.5415,86.5904,86.8525,1236087
2017-01-13,87.0854,87.3377,86.4351,86.901,886680
2017-01-17,87.0563,87.7453,86.9592,87.5998,1003028
2017-01-18,87.5415,88.0462,87.3377,87.6774,1526089
2017-01-19,87.7939,87.9589,87.3474,87.7065,695240
2017-01-20,87.9977,88.2403,87.2698,88.0268,960857
2017-01-23,88.0074,88.5703,87.8521,88.5218,779512
2017-01-24,88.5218,88.9003,88.0365,88.7547,1030576
2017-01-25,88.8517,89.0264,88.3374,88.4247,1218302
2017-01-26,88.4247,88.745,87.5221,87.9589,1216492
2017-01-27,88.1239,88.1918,87.1145,87.3765,709010
2017-01-30,87.5124,88.0559,87.1921,88.0171,1082001
2017-01-31,87.8909,88.9294,87.6677,88.5121,1126948
2017-02-01,88.5121,88.5315,87.5512,87.7453,1000537
2017-02-02,88.1627,89.075,87.8327,88.8809,987974
2017-02-03,89.2885,89.8126,88.8809,89.0167,743457
2017-02-06,89.0944,89.0944,88.4344,88.4927,593064
2017-02-07,88.9003,90.0261,88.6868,89.8514,872073
2017-02-08,89.6767,90.6084,89.4147,90.0455,1048985
2017-02-09,89.8126,90.5793,89.1411,90.4337,905890
2017-02-10,90.4531,91.0937,90.1911,90.8025,887431
2017-02-13,90.8025,91.3072,90.0018,90.7346,1683224
2017-02-14,87.8424,90.9578,87.3474,90.327,2085217
2017-02-15,89.7737,90.3755,88.9391,90.0843,1944580
2017-02-16,90.1911,91.4334,90.162,91.2975,1603164
2017-02-17,91.0937,91.9963,90.8122,91.2101,1594721
2017-02-21,91.1422,92.006,90.8122,91.7827,967959
2017-02-22,91.8119,92.3456,91.4042,91.4819,1534834
2017-02-23,91.4819,92.2874,91.2781,91.8313,901091
2017-02-24,91.9671,92.2583,91.3848,91.9963,1010175
2017-02-27,91.6663,91.8021,90.5211,90.5405,742303
2017-02-28,90.6278,91.4625,90.5405,90.686,1708471
2017-03-01,90.5502,91.0743,90.1911,90.5308,1296477
2017-03-02,90.8122,92.1467,90.5503,91.8313,1061554
2017-03-03,92.7047,92.7047,91.4819,92.1127,1617147
2017-03-06,91.8507,92.1321,91.3557,91.6469,1276222
2017-03-07,91.2101,91.9671,91.0548,91.4528,1566269
2017-03-08,91.181,91.9574,90.8122,91.5789,1057216
2017-03-09,91.9671,92.1904,91.4139,91.8021,1084694
2017-03-10,92.2611,92.6713,92.0072,92.5053,1694283
2017-03-13,92.3295,92.7006,91.9877,92.4857,950932
2017-03-14,92.31,93.1498,92.2807,92.4271,864899
2017-03-15,92.5346,94.1653,92.2904,93.8724,1060883
2017-03-16,93.6673,94.263,93.4232,94.1458,1765449
2017-03-17,94.2435,94.2532,93.3158,93.3451,1457593
2017-03-20,93.472,94.0677,93.472,93.8919,691766
2017-03-21,94.0775,94.6048,93.9603,94.3118,1240563
2017-03-22,94.7024,95.1028,94.1165,94.7024,1041686
2017-03-23,94.4485,95.1272,94.1751,94.4095,851160
2017-03-24,94.4095,94.8196,94.2728,94.6829,639043
2017-03-27,94.2923,95.1223,93.97,94.9466,826270
2017-03-28,94.6634,94.9856,94.263,94.888,998199
2017-03-29,94.8391,94.9465,94.2728,94.8098,950234
2017-03-30,94.8587,95.552,94.722,95.054,1049491
2017-03-31,95.1321,95.8645,94.9368,95.6204,1631795
2017-04-03,95.5813,95.8254,94.805,95.1223,1087609
2017-04-04,94.888,95.4543,94.5364,95.259,816232
2017-04-05,94.9856,95.2883,94.2923,94.6438,1450074
2017-04-06,94.2532,94.722,93.8333,93.9798,1110591
2017-04-07,94.0775,94.4485,93.9456,94.2825,983840
2017-04-10,94.429,94.9661,93.9115,94.8098,939849
2017-04-11,94.7122,94.8977,94.4485,94.8391,708804
2017-04-12,94.4485,95.3469,94.2483,94.9954,884234
2017-04-13,94.927,95.5129,94.7356,94.927,648391
2017-04-17,95.1321,95.8449,95.1321,95.8449,511241
2017-04-18,95.8742,97.1339,95.5813,96.5578,968773
2017-04-19,96.5578,96.7043,95.9621,96.1086,730643
2017-04-20,96.0695,96.1599,95.6985,95.7864,937602
2017-04-21,95.9035,96.177,95.6301,95.6692,1193655
2017-04-24,96.1574,96.4211,95.3665,95.9426,1288201
2017-04-25,95.6399,96.3576,95.5129,96.0988,1630318
2017-04-26,90.5815,92.5639,89.3511,90.7964,4481278
2017-04-27,90.9526,91.2651,89.771,90.0054,2749549
2017-04-28,89.732,89.9468,88.9312,89.4976,2669756
2017-05-01,89.5171,89.5357,88.648,88.7457,1251606
2017-05-02,89.0777,89.3218,88.0231,88.1109,1559075
2017-05-03,88.1305,88.8238,87.7692,88.6969,1603196
2017-05-04,88.9605,89.5171,88.7634,89.0679,1349823
2017-05-05,89.0191,89.5269,88.8629,89.0679,896808
2017-05-08,88.9605,89.2925,88.4771,88.941,1076322
2017-05-09,89.0484,89.1168,88.2086,88.3844,983768
2017-05-10,88.4723,88.7554,88.2281,88.3453,981268
2017-05-11,88.2477,88.7847,87.9645,88.7652,1147100
2017-05-12,88.4723,88.8824,88.1793,88.2281,592439
2017-05-15,88.2379,89.2632,88.2379,88.9508,1118298
2017-05-16,90.1421,91.021,88.775,88.8336,1469588
2017-05-17,88.6969,88.9605,88.1305,88.1988,1471213
2017-05-18,88.3355,88.7554,87.8278,88.3062,1391381
2017-05-19,88.5699,89.1998,88.1598,88.7847,1624437
2017-05-22,88.7847,89.4683,88.7164,89.3218,1084174
2017-05-23,89.4976,90.2983,89.4097,89.7417,912139
2017-05-24,90.103,91.4213,89.8199,91.0893,1064720
2017-05-25,91.2553,91.4213,90.9038,91.1088,885229
2017-05-26,91.0503,91.6166,91.0014,91.2553,661052
2017-05-30,90.8647,91.5092,90.1616,90.4155,1166648
2017-05-31,90.6499,91.1381,90.2983,90.6304,1396774
2017-06-01,90.7475,90.8354,89.8101,90.7475,1056700
2017-06-02,90.9135,91.0991,90.23,90.6597,1058878
2017-06-05,90.5034,90.916,90.0542,90.6987,689887
2017-06-06,90.6499,90.6499,89.7808,90.1226,1149181
2017-06-07,90.4448,91.6655,90.2202,91.3042,1383248
2017-06-08,91.1186,91.2553,89.4195,89.937,1281141
2017-06-09,89.8784,90.1616,88.8629,89.2535,1175430
2017-06-12,89.5483,91.1993,89.5483,91.0618,1279534
2017-06-13,90.9831,91.5335,90.3247,91.3074,1059974
2017-06-14,91.8185,92.6931,91.4254,92.1231,1561550
2017-06-15,91.73,92.2411,91.3271,92.1624,895500
2017-06-16,92.0838,92.1231,91.4794,91.6514,1717983
2017-06-19,91.9167,94.0592,91.0912,93.8823,2439236
2017-06-20,93.8626,95.0812,93.5579,94.4031,2357786
2017-06-21,94.1574,94.5063,93.5678,94.1279,1324949
2017-06-22,93.2042,93.3315,90.6687,90.708,2252655
2017-06-23,90.6588,91.6612,90.423,91.3074,2817197
2017-06-26,91.6514,92.1428,91.0814,91.3173,1108690
2017-06-27,91.0224,91.1011,89.8137,90.0495,895203
2017-06-28,90.4426,91.1895,90.2362,90.6293,1197095
2017-06-29,90.3935,90.4328,89.1356,89.3321,854033
2017-06-30,89.6859,90.1183,89.5287,89.5385,748902
2017-07-03,90.02,90.2952,89.6564,89.9218,405427
2017-07-05,89.7056,89.7056,88.0054,88.2216,1453597
2017-07-06,88.0152,88.2707,87.4157,87.5337,1336438
2017-07-07,87.8973,88.1037,87.4157,87.7204,1034448
2017-07-10,87.7499,88.0152,87.2782,87.6713,981397
2017-07-11,87.9071,88.0447,87.1308,87.1995,1165705
2017-07-12,87.7695,88.1233,87.3666,87.7401,885316
2017-07-13,87.9563,88.2118,87.514,87.9071,992982
2017-07-14,87.7106,89.1257,87.7106,88.7621,937441
2017-07-17,88.6835,89.1454,88.4968,88.7228,754240
2017-07-18,88.7326,89.6662,88.3297,89.4009,1243354
2017-07-19,89.3911,90.1576,89.2633,89.8235,1252471
2017-07-20,89.9414,90.1036,89.509,89.6859,991424
2017-07-21,89.6171,89.9955,89.5189,89.8038,1356697
2017-07-24,89.9709,90.5065,89.6957,89.9218,1083366
2017-07-25,90.2657,90.5016,89.853,90.305,1048833
2017-07-26,90.3149,90.8554,90.0594,90.5606,1339249
2017-07-27,89.9513,92.1477,89.5778,90.4426,2308286
2017-07-28,90.3247,90.4623,88.8113,89.2732,1498050
2017-07-31,89.1061,89.7842,88.8407,89.5876,1358182
2017-08-01,89.4795,89.568,88.3199,89.0963,1257604
2017-08-02,89.3419,89.8923,88.8014,89.4206,955120
2017-08-03,89.4992,90.0004,89.1945,89.2928,922756
2017-08-04,89.4795,89.568,88.3199,89.0963,1257604
2017-08-07,89.1552,89.6662,88.6933,89.4894,564588
2017-08-08,89.4206,89.6171,88.6344,88.7523,969858
2017-08-09,88.7425,88.8604,87.858,88.7621,1069545
2017-08-10,88.6344,89.2142,88.2609,88.8211,866278
2017-08-11,88.428,89.568,88.428,88.8211,615389
2017-08-14,89.2633,89.8726,88.8751,89.7154,652819
2017-08-15,89.8333,90.5507,89.5483,90.3837,436785
2017-08-16,90.364,91.0519,90.364,90.8456,595600
2017-08-17,90.7375,91.2583,90.0004,90.138,1055667
2017-08-18,90.0692,90.079,88.9882,89.509,1226608
2017-08-21,89.5483,90.079,89.283,89.8235,562958
2017-08-22,89.8038,90.423,89.7154,90.3443,794574
2017-08-23,88.7425,89.3321,88.487,88.8407,868502
2017-08-24,89.568,89.7056,88.3002,88.4083,967487
2017-08-25,89.0078,89.4009,88.7523,88.7818,934264
2017-08-28,89.0078,89.3419,88.7719,88.7818,1198449
2017-08-29,88.7425,89.3321,88.487,88.8407,868622
2017-08-30,88.7425,89.2338,88.3101,89.224,739939
2017-08-31,89.224,89.7056,89.0963,89.4795,1063953
2017-09-01,89.6662,90.1773,89.3223,90.138,772563
2017-09-05,90.02,90.2756,89.6466,90.2362,1074351
2017-09-06,90.2461,90.649,89.8284,90.4918,1006707
2017-09-07,90.5016,90.7669,90.2657,90.5016,952994
2017-09-08,90.4623,90.4623,89.8137,89.9414,978731
2017-09-11,90.1281,90.6392,89.9807,90.5212,668440
2017-09-12,90.5409,91.0912,90.364,90.649,695939
2017-09-13,90.6688,91.1633,90.5402,90.7182,1083470
2017-09-14,90.6589,90.9951,90.2139,90.5798,817371
2017-09-15,90.649,90.8567,90.3622,90.5303,1672944
2017-09-18,90.6193,90.9853,90.293,90.9556,801464
2017-09-19,90.8567,90.9853,90.5798,90.7875,969168
2017-09-20,90.4413,90.7479,89.9468,90.6688,1055922
2017-09-21,89.4721,89.9963,88.2063,88.5128,2640868
2017-09-22,88.3348,88.7601,87.336,87.7612,1360930
2017-09-25,87.6722,87.7217,86.5843,86.97,1366223
2017-09-26,86.7327,87.9194,86.6041,87.7315,1352266
2017-09-27,87.5634,87.603,86.3173,86.6832,1306114
2017-09-28,86.5052,87.5881,86.3964,87.3854,1283201
2017-09-29,87.4546,88.226,87.3953,87.4942,1429005
2017-10-02,87.5337,87.5337,86.1789,86.703,1173940
2017-10-03,86.8415,86.8761,86.0305,86.169,1542307
2017-10-04,86.0701,86.8217,85.4668,86.7129,1601957
2017-10-05,87.1184,87.603,86.9107,86.9602,1019668
2017-10-06,86.792,87.3656,86.6733,87.2865,834721
2017-10-09,87.3162,87.4596,86.7673,87.0887,1083876
2017-10-10,87.3063,88.1469,87.1876,87.6326,1073411
2017-10-11,87.6524,88.1568,87.4837,87.8206,907842
2017-10-12,87.7612,88.1271,87.4052,88.0777,990711
2017-10-13,88.1667,88.7106,87.9788,88.2656,936664
2017-10-16,88.1865,88.6711,87.8008,88.6414,1054317
2017-10-17,88.4535,88.6018,87.9689,88.3843,679977
2017-10-18,88.3051,88.6117,87.9738,88.1667,775066
2017-10-19,88.1469,88.4733,87.9888,88.3249,1058630
2017-10-20,88.3942,88.4832,87.8304,88.048,1057883
2017-10-23,90.4117,90.4908,88.948,89.3337,1407309
2017-10-24,89.1557,89.3436,88.3426,88.7205,1273766
2017-10-25,83.1773,85.7437,82.312,84.5372,4153826
2017-10-26,84.9822,86.5745,84.5075,85.5064,2516622
2017-10-27,85.3283,85.9613,84.6558,84.8042,1469249
2017-10-30,84.8339,85.0415,84.013,84.1119,1567817
2017-10-31,84.5767,85.269,84.3394,84.7152,1581348
2017-11-01,85.0712,85.7042,84.6262,84.9426,1341182
2017-11-02,85.091,85.447,83.7559,84.3987,1260982
2017-11-03,84.6361,85.1009,84.4778,84.6756,1300513
2017-11-06,84.4086,84.4185,83.4691,83.5383,1477364
2017-11-07,83.3306,84.4086,83.1427,83.5482,1874792
2017-11-08,83.9932,84.8635,83.5284,84.6657,1116867
2017-11-09,84.5471,85.3185,84.281,84.7449,787242
2017-11-10,84.7745,85.5855,84.5569,85.3679,767189
2017-11-13,85.4272,86.4953,85.4272,86.0701,1145815
2017-11-14,85.9514,87.2272,85.6349,86.8514,1370190
2017-11-15,86.8415,87.2766,86.2085,86.3668,959069
2017-11-16,86.5843,86.8514,86.0899,86.1591,799266
2017-11-17,85.8525,86.3272,85.5855,86.2975,668428
2017-11-20,86.3173,86.7821,85.8525,86.2679,706338
2017-11-21,86.347,86.9799,85.991,86.0701,942228
2017-11-22,85.9613,86.0651,84.9624,85.447,652774
2017-11-24,85.7635,86.1789,85.5064,85.6053,312631
2017-11-27,85.7734,86.525,85.4569,85.9514,834163
2017-11-28,86.1888,86.6733,85.4668,86.6536,892165
2017-11-29,86.525,88.5821,86.3074,88.4733,1411419
2017-11-30,88.5326,89.3535,88.3744,89.1952,2154389
2017-12-01,89.3732,89.4524,87.8583,89.2644,1497234
2017-12-04,89.5315,92.261,89.3337,92.0731,1429916
2017-12-05,92.172,93.1115,92.1028,92.4687,1731335
2017-12-06,92.4984,93.9917,92.4984,93.9027,1499596
2017-12-07,93.5368,93.8533,92.4193,93.0621,1323933
2017-12-08,92.9236,93.1412,91.7574,93.1115,1036545
2017-12-11,92.9929,93.5071,91.9742,93.4775,721569
2017-12-12,93.2104,94.0214,92.6072,93.1214,1176396
2017-12-13,92.8727,93.5494,92.2856,93.3006,1201226
2017-12-14,93.0219,93.5394,92.5144,92.5244,1244801
2017-12-15,93.1314,93.5294,92.6737,93.4598,1447223
2017-12-18,94.3653,94.7335,93.6091,93.6986,1342155
2017-12-19,93.6588,94.3255,92.9921,93.7683,1788436
2017-12-20,94.0369,95.6888,93.8379,95.5097,2447799
2017-12-21,95.8381,95.9674,95.2609,95.3306,1576500
2017-12-22,95.5545,95.9276,95.2012,95.649,867044
2017-12-26,95.858,96.4948,95.5794,95.858,791009
2017-12-27,96.1764,96.5645,95.858,96.5446,647072
2017-12-28,96.6043,96.7635,96.0471,96.4152,902050
2017-12-29,96.6143,97.3606,96.2361,96.5844,1075784
2018-01-02,96.8929,96.8929,94.7435,94.8032,1763934
2018-01-03,94.7136,95.1415,94.3255,94.8529,1202261
2018-01-04,94.8927,96.0072,94.8927,95.3007,1256891
2018-01-05,95.4599,95.5296,94.6892,95.032,1036176
2018-01-08,95.1515,95.5197,94.7335,95.2112,1043874
2018-01-09,95.3007,95.5097,94.7733,95.052,897508
2018-01-10,94.9027,95.3306,94.1464,95.2012,1007220
2018-01-11,95.1415,95.6888,94.9127,95.1714,950889
2018-01-12,95.3007,95.3007,94.7136,94.7733,853241
2018-01-16,95.032,95.1714,94.3554,94.4449,1462279
2018-01-17,94.9226,95.9774,94.5942,95.4301,1051136
2018-01-18,95.3903,95.4997,94.3952,94.8529,1386152
2018-01-19,95.3007,96.5148,95.1813,95.8779,1117416
2018-01-22,95.8779,96.3207,95.7883,96.2859,613173
2018-01-23,96.2461,96.7635,95.6888,96.256,705129
2018-01-24,96.256,96.256,95.3405,95.4898,1050467
2018-01-25,95.6192,95.6888,94.9723,95.2211,1098987
2018-01-26,94.9823,95.445,94.7236,95.1813,1156170
2018-01-29,125.9598,126.0294,116.3371,116.4964,24777094
2018-01-30,116.3769,118.9145,116.2575,118.4169,5333570
2018-01-31,118.6458,119.8996,118.3273,118.7652,5963438
2018-02-01,118.5164,119.9892,118.5164,119.5115,5438173
2018-02-02,118.9742,119.3523,118.1283,118.1283,4400516
2018-02-05,117.8696,118.6557,117.4417,117.7502,3820583
2018-02-06,116.9243,118.9941,116.9143,117.7701,4319767
2018-02-07,117.7999,118.5662,117.4218,117.4218,2981774
2018-02-08,117.6407,117.8149,116.357,116.357,3423996
2018-02-09,116.5362,117.2228,115.6804,116.1381,3014584
2018-02-12,116.3769,117.0835,115.9292,116.168,2754534
2018-02-13,115.7003,116.357,115.3321,115.3818,2692599
2018-02-14,115.1928,116.0685,114.2275,114.3469,2768796
2018-02-15,114.4365,115.6605,114.1977,114.944,2145552
2018-02-16,114.5858,115.9292,114.2375,114.5559,2677202
2018-02-20,114.536,115.8694,114.0783,115.4913,2065725
2018-02-21,115.2226,115.9192,114.8146,114.8146,1608673
2018-02-22,114.6853,115.1231,113.8892,114.2474,2699231
2018-02-23,114.5758,114.9341,114.3569,114.8047,2055140
2018-02-26,114.536,115.551,114.536,115.3918,2097060
2018-02-27,115.5212,115.7401,114.6256,115.7301,1966811
2018-02-28,115.9292,116.0187,114.745,115.6804,1690322
2018-03-01,115.4316,116.1331,114.8246,115.8694,1810146
2018-03-02,115.342,115.8993,114.4365,115.6704,2608436
2018-03-05,115.6505,115.7401,114.7649,115.342,1554444
2018-03-06,115.1729,115.7301,114.7848,115.551,2049469
2018-03-07,115.153,116.1481,115.0734,115.7301,2355999
2018-03-08,114.6853,116.9143,114.4464,116.775,3831418
2018-03-09,116.8745,117.8596,116.2277,117.372,1537343
2018-03-12,117.5711,118.0388,116.9641,117.0138,3486283
2018-03-13,117.4118,117.6308,116.9939,117.0735,3976102
2018-03-14,116.974,117.5412,116.78,117.2327,2876720
2018-03-15,117.2427,117.6009,116.1978,116.6954,1408182
2018-03-16,116.9243,117.4417,116.2675,117.0238,1643926
2018-03-19,117.4218,117.9194,117.0437,117.78,3177974
2018-03-20,118.05,118.5,117.56,118.4,1479883
2018-03-21,118.25,118.42,117.74,118.0,992925
2018-03-22,117.79,118.23,117.5,118.02,1581735
2018-03-23,117.92,118.25,117.73,117.95,1370546
2018-03-26,118.27,118.5,117.95,118.42,596216
2018-03-27,118.27,118.35,117.85,118.28,1217135
2018-03-28,118.44,118.97,118.11,118.36,1137444
2018-03-29,118.5,118.9,118.2,118.38,1417822
2018-04-02,118.47,118.76,117.76,118.1,1231489
2018-04-03,118.09,118.47,117.6801,118.19,1233536
2018-04-04,118.14,118.63,117.83,118.42,1072159
2018-04-05,118.48,118.89,118.12,118.65,882137
2018-04-06,118.54,119.2,118.29,118.6,904196
2018-04-09,118.58,120.25,118.405,119.5,2765709
2018-04-10,119.8,120.7,119.5601,120.34,1489868
2018-04-11,120.0,120.85,119.765,120.53,907108
2018-04-12,120.85,120.99,120.26,120.75,640927
2018-04-13,120.75,121.17,120.3376,120.81,1200514
2018-04-16,120.37,121.24,120.11,121.04,1233398
2018-04-17,121.07,121.19,120.19,120.67,1131295
2018-04-18,120.41,120.83,119.88,119.96,1162595
2018-04-19,119.65,120.56,119.07,120.44,1496510
2018-04-20,120.84,121.265,119.99,120.32,1611875
2018-04-23,120.57,120.74,119.86,119.88,702730
2018-04-24,120.03,120.23,118.76,118.8,1314760
2018-04-25,118.25,119.79,118.23,119.69,1624175
2018-04-26,119.45,120.14,118.9,119.81,1277557
2018-04-27,119.5,120.45,119.5,119.96,759175
2018-04-30,119.97,120.66,119.93,119.96,1477256
2018-05-01,119.65,120.26,119.31,120.11,684383
2018-05-02,119.92,119.92,119.17,119.38,1046721
2018-05-03,119.23,119.54,118.54,118.8,1405893
2018-05-04,118.74,119.28,118.61,118.71,743149
2018-05-07,118.55,119.39,118.55,119.09,746183
2018-05-08,117.77,119.48,117.51,119.46,825868
2018-05-09,119.35,120.3,119.14,119.92,591378
2018-05-10,119.92,119.92,118.85,119.61,905940
2018-05-11,119.63,120.15,119.21,119.36,1092312
2018-05-14,119.88,119.96,119.25,119.7,1210377
2018-05-15,119.55,119.69,118.91,119.37,891519
2018-05-16,119.28,119.62,119.02,119.03,748802
2018-05-17,119.4,119.65,118.66,119.38,628217
2018-05-18,119.4,119.59,119.06,119.47,987765
2018-05-21,119.46,119.95,119.28,119.73,445487
2018-05-22,119.7,120.25,119.6342,119.9,798945
2018-05-23,119.96,120.67,119.68,120.24,1348013
2018-05-24,120.19,120.68,119.96,120.37,1040887
2018-05-25,120.27,120.75,120.27,120.36,558390
2018-05-29,120.05,120.545,119.53,119.89,513190
2018-05-30,119.76,121.0,119.76,120.63,977234
2018-05-31,120.23,120.49,118.75,119.3,2962046
2018-06-01,119.94,120.23,119.3,119.92,670861
2018-06-04,119.93,120.25,119.37,120.21,561300
2018-06-05,120.08,120.15,119.58,120.12,578568
2018-06-06,119.9,120.26,119.75,120.26,613259
2018-06-07,119.95,120.34,119.85,120.21,1024221
2018-06-08,120.25,120.74,120.075,120.52,772143
2018-06-11,120.51,120.7,120.04,120.59,1725240
2018-06-12,120.54,120.92,120.25,120.79,1271608
2018-06-13,120.79,120.86,120.49,120.49,1170376
2018-06-14,120.33,120.88,119.99,120.63,1520692
2018-06-15,120.62,121.62,120.1,121.5,1798836
2018-06-18,121.2,121.97,121.05,121.8,887966
2018-06-19,120.65,121.9,120.41,121.79,1682598
2018-06-20,121.46,122.01,121.17,122.0,3205179
2018-06-21,122.39,122.5,121.9405,122.15,1538898
2018-06-22,122.08,124.11,121.87,122.37,3251529
2018-06-25,121.96,122.45,121.85,121.92,2044959
2018-06-26,121.3,121.39,120.14,120.26,8622678
2018-06-27,120.1,120.22,119.11,119.4,7416004
2018-06-28,119.41,120.53,118.82,120.0,8350188
2018-06-29,120.0,122.6,119.75,122.0,35351204
2018-07-02,121.32,123.75,121.32,123.68,5890321
2018-07-03,123.625,123.625,122.6,123.22,2394812
2018-07-05,123.25,123.97,123.01,123.81,5845797
2018-07-06,123.95,124.36,122.54,122.92,21285614
2018-07-09,123.36,123.77,122.43,123.66,5536514
