date,open,high,low,close,volume
2013-09-16,56.0977,56.4768,55.3901,55.5249,1105257
2013-09-17,55.6849,55.9882,55.5501,55.786,736722
2013-09-18,55.9039,57.6478,55.6259,57.454,1046722
2013-09-19,57.3698,57.8331,56.9486,57.2097,843099
2013-09-20,57.2097,57.3698,56.4136,56.5947,1464698
2013-09-23,56.5526,57.4119,56.1651,56.9486,1393089
2013-09-24,57.0244,57.1844,56.5358,56.5947,1470255
2013-09-25,56.679,56.8475,55.8955,56.064,1229865
2013-09-26,56.182,56.4937,55.8618,56.0724,760620
2013-09-27,55.7692,56.1331,55.4322,55.6512,794665
2013-09-30,55.3142,55.6596,55.2089,55.5838,955103
2013-10-01,55.7355,55.9376,55.508,55.7102,568010
2013-10-02,55.567,55.8955,55.1795,55.8702,941848
2013-10-03,55.6596,55.6596,54.7414,54.9183,767248
2013-10-04,54.9099,55.1963,54.7414,54.8172,570642
2013-10-07,54.5476,54.893,54.2957,54.3623,953476
2013-10-08,54.5476,55.2216,54.396,54.8172,1911682
2013-10-09,54.9857,55.8197,54.733,55.2805,1238393
2013-10-10,55.6007,56.064,54.8846,56.0387,875525
2013-10-11,56.0724,56.4135,55.8955,56.2999,567441
2013-10-14,55.9966,56.182,55.23,56.0135,923044
2013-10-15,55.9208,56.123,55.3395,55.3564,1414927
2013-10-16,55.5501,55.9292,55.3564,55.8197,971718
2013-10-17,55.6681,56.7295,55.3564,56.6284,1286927
2013-10-18,56.7801,57.0497,56.4894,56.62,966986
2013-10-21,56.5779,56.759,56.1146,56.3083,732188
2013-10-22,56.3673,56.9907,56.2409,56.7969,889047
2013-10-23,56.7801,58.0353,56.6453,57.5046,1815854
2013-10-24,57.513,57.5551,56.6958,56.9486,1174949
2013-10-25,56.5526,58.5239,56.0935,58.4986,1816316
2013-10-28,58.5997,59.1305,58.3723,58.6671,1557099
2013-10-29,59.1473,59.1557,58.3723,58.7935,1251060
2013-10-30,58.9199,59.2316,58.3217,58.4144,1080904
2013-10-31,58.3386,58.5323,57.4456,58.2459,1178552
2013-11-01,58.347,58.6966,58.1111,58.4986,842749
2013-11-04,58.7008,59.1136,58.288,59.0547,1513276
2013-11-05,58.9283,59.4927,58.6789,58.7682,1498626
2013-11-06,58.844,59.3495,58.844,59.1305,1107115
2013-11-07,59.24,59.5096,58.406,58.4313,1440876
2013-11-08,58.1111,58.4397,57.294,58.4144,1495415
2013-11-11,58.4986,58.684,58.01,58.2796,684939
2013-11-12,58.01,58.2796,57.2434,57.5298,1108662
2013-11-13,57.1171,57.4372,56.7885,57.4203,1509114
2013-11-14,57.6815,58.4734,57.6394,58.2543,705777
2013-11-15,58.128,58.5492,57.9342,58.5408,824728
2013-11-18,58.7514,58.7935,58.267,58.4397,699715
2013-11-19,58.347,58.3891,57.8837,57.9511,932442
2013-11-20,58.128,58.3133,57.7573,57.9342,1473407
2013-11-21,58.0437,58.3554,57.7994,58.0606,962389
2013-11-22,57.9595,58.2796,57.7826,58.01,1042817
2013-11-25,58.01,58.1364,57.3614,57.4288,796569
2013-11-26,57.3614,57.5214,56.5189,56.6032,1012272
2013-11-27,56.6621,56.6748,56.2662,56.3757,881426
2013-11-29,56.2746,56.5274,56.1567,56.2241,451081
2013-12-02,56.3252,56.4178,55.6428,56.2578,876493
2013-12-03,56.0472,56.401,55.9208,56.3167,846731
2013-12-04,56.0219,56.3926,55.7355,56.2999,816573
2013-12-05,56.1988,56.2999,55.845,55.9208,951615
2013-12-06,56.1398,56.9865,56.1314,56.957,1014456
2013-12-09,56.898,56.9401,56.342,56.6284,1021717
2013-12-10,56.5442,56.561,56.1061,56.1314,1398411
2013-12-11,56.1483,56.1567,55.3142,55.6007,1640804
2013-12-12,55.6049,56.2261,55.4858,55.6134,1079199
2013-12-13,55.7751,55.9197,55.5028,55.6134,509033
2013-12-16,55.7325,56.4388,55.6645,56.2005,921615
2013-12-17,56.1154,56.1495,55.3369,55.5454,1903253
2013-12-18,55.5198,56.3962,54.8987,56.2856,1446038
2013-12-19,56.1154,56.141,55.2986,55.8176,1210184
2013-12-20,55.9112,57.3662,55.9027,56.677,2240326
2013-12-23,56.8642,57.0259,56.4643,56.626,836589
2013-12-24,56.5494,56.8727,56.175,56.7366,374049
2013-12-26,56.6685,56.7281,56.0899,56.2941,619347
2013-12-27,56.2601,56.6004,56.0601,56.4643,740837
2013-12-30,56.3962,56.7111,56.141,56.4303,866622
2013-12-31,56.4303,56.5834,56.0559,56.4898,1902737
2014-01-02,56.4983,56.5324,55.4943,55.5283,1415319
2014-01-03,56.1835,56.2005,55.171,55.4177,1281392
2014-01-06,55.4347,55.7496,55.2731,55.4688,1067645
2014-01-07,55.4773,56.0386,55.4092,55.9538,1100026
2014-01-08,55.9453,55.9453,55.239,55.3922,1297158
2014-01-09,55.6389,56.0048,55.4603,55.8857,1135255
2014-01-10,56.3111,57.2982,56.209,56.7281,1132125
2014-01-13,56.5664,56.7281,56.0899,56.2005,733578
2014-01-14,56.2941,56.5409,56.0133,56.3026,579887
2014-01-15,56.4898,56.4898,55.707,55.8772,960059
2014-01-16,55.8942,56.0814,55.5794,56.0814,847185
2014-01-17,56.1325,56.3877,55.8432,56.0304,842838
2014-01-21,56.4132,56.7196,56.2686,56.677,649928
2014-01-22,56.6515,56.9578,56.5664,56.8982,841364
2014-01-23,56.677,56.8217,56.3111,56.5494,1035934
2014-01-24,56.4047,56.8047,55.707,55.707,1652462
2014-01-27,55.8091,56.5154,55.724,56.1239,1681157
2014-01-28,56.209,56.4813,56.0814,56.4728,1118019
2014-01-29,56.3622,56.7111,56.175,56.4388,1118440
2014-01-30,56.7111,57.3918,56.677,57.2471,686561
2014-01-31,56.7791,58.149,56.7196,58.0469,1404611
2014-02-03,58.0554,58.7617,57.7066,57.8342,2089841
2014-02-04,58.0725,58.149,56.8217,57.4003,1723460
2014-02-05,57.2216,57.2556,56.8642,57.0514,1113348
2014-02-06,57.179,57.5619,56.8982,57.5024,917363
2014-02-07,57.596,57.8512,57.4173,57.7661,1071932
2014-02-10,57.596,58.081,57.2301,58.0554,925518
2014-02-11,57.9533,58.8042,57.9108,58.7957,1188244
2014-02-12,58.7872,58.9999,58.5149,58.6255,963000
2014-02-13,58.4043,59.2552,58.2426,59.1956,1516454
2014-02-14,59.1956,61.1441,58.8723,61.0335,2495253
2014-02-18,61.2462,61.493,61.0761,61.3654,1478954
2014-02-19,61.3739,61.6461,60.7017,60.8123,1765749
2014-02-20,60.8974,61.7227,60.8974,61.544,1822307
2014-02-21,61.5951,62.0716,61.51,61.51,1482668
2014-02-24,61.7227,61.8121,61.1186,61.1441,1109505
2014-02-25,61.2122,61.6547,60.9144,61.1186,873133
2014-02-26,61.3058,61.4419,60.7697,60.8463,748926
2014-02-27,60.8123,61.2462,60.4124,60.6166,750536
2014-02-28,60.7868,61.2633,60.7102,61.059,838084
2014-03-03,60.7612,61.0931,60.2847,60.3273,807098
2014-03-04,60.7527,60.9399,60.574,60.8123,655740
2014-03-05,60.7612,60.8208,60.1741,60.3273,901821
2014-03-06,60.5996,60.6336,59.6211,59.8593,884989
2014-03-07,59.7657,59.9018,59.2041,59.8423,901716
2014-03-10,59.8253,60.0805,59.4764,59.8763,941357
2014-03-11,59.8253,59.9784,59.2977,59.5104,632780
2014-03-12,59.4764,60.6336,59.4083,60.557,2391820
2014-03-13,60.6386,61.4673,60.4239,61.3084,1420869
2014-03-14,61.3428,61.8323,60.9993,61.5317,1507179
2014-03-17,61.6262,61.8838,61.3857,61.8151,1266108
2014-03-18,61.8666,62.0212,61.5317,61.6605,582720
2014-03-19,61.6176,61.8838,60.4153,60.6729,970625
2014-03-20,60.5441,60.8275,59.9859,60.776,1013180
2014-03-21,61.1367,61.8752,61.1367,61.4201,1363177
2014-03-24,61.6348,61.9418,61.214,61.7808,1158352
2014-03-25,61.8666,62.15,61.5403,61.9955,918747
2014-03-26,62.0899,62.5623,61.901,62.0728,1340813
2014-03-27,62.0126,62.6524,61.7207,62.6224,892852
2014-03-28,62.5537,63.1505,62.2454,62.8542,909353
2014-03-31,63.5069,64.0737,63.2493,63.7989,1283003
2014-04-01,63.7474,64.0394,63.4039,64.0136,1305510
2014-04-02,64.005,64.0565,63.3266,63.902,998270
2014-04-03,64.0823,64.2755,63.7278,64.1081,600061
2014-04-04,64.2712,64.9754,64.1252,64.1854,721370
2014-04-07,64.2025,64.6835,63.7903,63.8075,1255830
2014-04-08,63.6873,64.7436,63.245,64.5546,1040925
2014-04-09,64.6233,64.7865,63.902,64.6319,2190729
2014-04-10,64.6319,65.0802,64.3056,64.5546,1329353
2014-04-11,64.297,64.8294,64.0911,64.2884,1033498
2014-04-14,64.6663,65.2331,64.1527,64.8552,1095394
2014-04-15,64.9926,66.0103,64.8724,65.9888,1341151
2014-04-16,66.1777,66.2808,65.5079,66.2808,1272565
2014-04-17,66.0146,66.6071,65.714,65.7999,1411404
2014-04-21,65.7999,66.0747,65.0699,65.422,868750
2014-04-22,65.319,65.8085,65.0098,65.6968,1219498
2014-04-23,65.6968,66.5298,65.4564,66.0317,1191193
2014-04-24,66.0661,66.2894,65.4993,66.255,1090267
2014-04-25,67.1997,67.5861,66.6415,67.3113,1761906
2014-04-28,67.2856,67.4831,66.5556,66.9936,1237471
2014-04-29,67.1052,67.3199,66.4869,66.7016,1052484
2014-04-30,66.7789,67.2684,66.6071,67.1052,1258996
2014-05-01,67.234,67.3285,66.4955,67.1482,976013
2014-05-02,66.839,66.985,65.7226,66.1262,1301002
2014-05-05,66.1176,66.9335,66.0833,66.9249,929565
2014-05-06,66.7102,67.2426,66.4826,66.8046,1010870
2014-05-07,66.9077,68.213,66.7961,68.1186,1152675
2014-05-08,68.0499,68.2302,66.693,66.9592,997752
2014-05-09,66.8218,67.1482,65.714,65.8085,1000510
2014-05-12,65.9373,66.1262,65.0356,65.2502,846946
2014-05-13,65.1558,65.7999,65.1386,65.3877,1150462
2014-05-14,65.4993,66.1691,65.2073,65.3962,722923
2014-05-15,65.5165,65.6711,65.0012,65.1386,871050
2014-05-16,65.1558,65.6625,64.838,65.6453,920494
2014-05-19,65.5336,65.5336,64.1252,64.151,951289
2014-05-20,64.2197,64.6577,63.5413,63.9449,931252
2014-05-21,63.9878,64.1167,63.61,63.859,606298
2014-05-22,63.8676,64.5804,63.8676,64.5375,492795
2014-05-23,64.5203,64.7178,64.2884,64.3056,520896
2014-05-27,64.7178,65.0356,64.5031,64.6491,820535
2014-05-28,64.7178,65.0441,64.5632,64.7178,910966
2014-05-29,65.0098,65.0613,64.3657,64.7264,705256
2014-05-30,64.8123,65.4134,64.6663,65.3705,680898
2014-06-02,65.2502,65.6366,65.0871,65.422,543348
2014-06-03,65.2674,65.6625,65.0613,65.4564,597227
2014-06-04,65.3619,65.5766,65.0957,65.4564,661827
2014-06-05,65.7999,65.9716,65.3533,65.7312,757429
2014-06-06,65.7827,66.1777,65.4392,65.4735,611589
2014-06-09,65.2073,65.4469,64.7693,64.8552,995084
2014-06-10,64.7607,64.8294,64.3399,64.4945,735602
2014-06-11,64.3228,64.5289,63.713,63.7302,877803
2014-06-12,63.8298,64.3064,63.0414,64.2717,857351
2014-06-13,64.2024,64.7569,63.8472,64.523,639623
2014-06-16,64.497,65.606,64.419,65.1988,959126
2014-06-17,64.9302,65.1988,64.6096,64.9562,628473
2014-06-18,64.9129,66.6024,64.8782,66.5764,880175
2014-06-19,66.7843,67.3389,66.5807,67.2955,931924
2014-06-20,67.5468,67.6248,67.1829,67.2609,998317
2014-06-23,67.2436,67.5589,66.7497,67.1223,548578
2014-06-24,67.001,67.5641,66.975,67.3302,461548
2014-06-25,67.0269,67.7374,67.0269,67.6161,822700
2014-06-26,67.4948,67.6247,66.8623,67.3562,1353448
2014-06-27,67.2262,67.6508,66.949,67.3562,946050
2014-06-30,67.4082,67.7547,67.1223,67.4688,1921869
2014-07-01,67.5468,67.6681,66.8103,66.8797,1420115
2014-07-02,66.6717,66.8017,65.2941,65.5713,1308332
2014-07-03,65.2508,65.2681,64.757,65.0775,877003
2014-07-07,65.1728,65.736,65.0688,65.3287,981090
2014-07-08,65.2161,66.0046,65.0515,65.8226,671080
2014-07-09,65.7706,66.0046,65.0775,65.3461,966862
2014-07-10,65.2768,66.1952,65.2009,66.1605,956979
2014-07-11,66.0046,66.2732,65.71,65.7706,626243
2014-07-14,65.8573,66.0999,65.3201,65.3287,656311
2014-07-15,65.3807,66.0046,65.3006,65.9006,1407085
2014-07-16,66.0392,66.0652,65.3218,66.0132,691254
2014-07-17,65.7533,66.1952,65.6407,65.71,1209591
2014-07-18,65.9786,66.5158,65.4934,66.3425,763481
2014-07-21,66.4378,66.4378,65.6753,65.7793,1036228
2014-07-22,66.0565,66.0565,65.606,65.9266,716030
2014-07-23,66.0046,66.3511,65.658,66.3425,1365524
2014-07-24,66.3598,66.975,66.0912,66.9403,1479519
2014-07-25,66.3858,66.6818,65.5194,65.8486,1046394
2014-07-28,65.6147,66.897,65.606,66.741,797385
2014-07-29,66.6717,67.0616,66.2818,66.4118,1642472
2014-07-30,66.3598,66.7237,65.1641,65.3287,1479061
2014-07-31,65.3114,65.3981,63.8905,63.9598,1107915
2014-08-01,63.7692,64.7049,63.6392,64.2284,843259
2014-08-04,64.2717,64.3713,62.7641,63.7172,1392948
2014-08-05,63.4399,63.7692,62.2789,62.4782,1111128
2014-08-06,62.1923,62.7988,62.0363,62.4435,2854201
2014-08-07,62.8248,63.7432,62.8248,63.31,1482396
2014-08-08,63.5352,64.7829,63.206,64.7396,1028689
2014-08-11,64.7742,65.1208,64.4623,64.6616,592001
2014-08-12,64.4623,64.7742,64.3237,64.4537,774294
2014-08-13,64.6443,65.191,64.4537,65.0948,619783
2014-08-14,65.3461,65.7966,65.1728,65.7793,660140
2014-08-15,65.8486,66.3251,65.5194,66.1605,1150872
2014-08-18,66.2558,66.5071,65.9266,66.1085,987992
2014-08-19,66.1519,66.9663,65.981,66.923,619491
2014-08-20,66.845,67.0789,66.4378,67.0269,669999
2014-08-21,66.9316,67.4255,66.8363,67.001,984283
2014-08-22,67.0443,67.2522,66.2298,66.6197,821261
2014-08-25,66.7757,67.1976,66.5851,67.1049,790064
2014-08-26,67.2349,67.3908,66.0912,66.1172,782472
2014-08-27,66.2818,66.6977,66.2168,66.6544,789344
2014-08-28,66.6197,67.5295,66.3685,67.5035,817890
2014-08-29,67.5295,67.8067,67.3302,67.7981,827477
2014-09-02,67.6941,67.8414,66.689,67.0789,878936
2014-09-03,67.1916,67.5555,67.0096,67.3562,700773
2014-09-04,67.3389,67.4732,66.8753,67.3649,596131
2014-09-05,67.3995,68.3136,67.3995,68.3006,656219
2014-09-08,68.3526,68.3526,67.6334,67.9714,662436
2014-09-09,67.9714,67.9714,67.4515,67.4688,716722
2014-09-10,67.3995,67.5468,66.7064,66.9923,774023
2014-09-11,67.1497,67.6217,66.8087,67.5256,520199
2014-09-12,67.2458,67.307,65.8471,66.0656,1289898
2014-09-15,66.3454,66.7388,66.223,66.4765,492919
2014-09-16,66.4765,67.5256,66.3716,67.2283,583585
2014-09-17,67.2633,67.5431,66.5464,66.9573,546553
2014-09-18,66.9748,67.3682,65.917,66.223,745081
2014-09-19,66.4852,66.8087,66.2667,66.7038,1195022
2014-09-22,66.5727,66.8961,66.1093,66.2667,943695
2014-09-23,66.1355,66.4852,65.9257,66.3191,935419
2014-09-24,66.4765,66.4765,65.7684,66.2317,861616
2014-09-25,66.3279,66.6076,65.8296,65.8995,1108471
2014-09-26,66.0132,66.2579,65.2351,65.9869,593886
2014-09-29,65.7771,66.4678,65.611,66.4066,671839
2014-09-30,66.494,67.1497,66.188,66.5115,992121
2014-10-01,66.6339,67.4993,66.5115,66.6863,834696
2014-10-02,66.6076,67.272,66.494,66.6776,912238
2014-10-03,66.8,67.2808,66.3191,67.2021,860746
2014-10-06,67.2458,67.6392,66.8699,67.1846,614047
2014-10-07,67.0273,67.9248,66.9923,67.3332,843653
2014-10-08,67.272,69.274,67.272,69.1516,1696097
2014-10-09,69.3177,70.1133,68.0151,68.0763,1966371
2014-10-10,68.4348,69.3789,68.3124,68.8282,1549027
2014-10-13,68.7845,69.8335,68.5747,68.9768,1290043
2014-10-14,69.3964,70.1133,68.9069,69.5101,2131219
2014-10-15,69.5538,70.157,66.7475,68.1026,1690199
2014-10-16,67.578,67.9408,66.8174,67.2109,2571780
2014-10-17,67.3595,67.6829,66.2317,67.2983,2901094
2014-10-20,67.3158,68.8391,67.3158,68.7495,1372583
2014-10-21,69.1779,69.8073,68.8631,69.7199,1386653
2014-10-22,69.9122,70.6204,69.58,69.8161,969068
2014-10-23,70.2444,70.6815,69.7898,69.9385,1238204
2014-10-24,70.0434,70.7777,69.8117,70.1133,1547846
2014-10-27,69.9385,70.9438,69.9385,70.4717,1482166
2014-10-28,70.498,70.9963,70.0259,70.9875,1530702
2014-10-29,70.3319,70.8914,69.3483,69.9822,1431288
2014-10-30,71.7481,71.8967,70.4761,70.7253,1580019
2014-10-31,71.9754,71.9754,71.2236,71.8268,1135043
2014-11-03,72.0016,72.5524,71.9317,72.3863,967685
2014-11-04,72.5087,72.972,71.8355,72.0279,643631
2014-11-05,72.5174,73.8004,72.1065,73.5752,1896383
2014-11-06,73.3392,73.3392,71.8268,72.2726,2235984
2014-11-07,72.3251,72.8584,72.124,72.8322,850331
2014-11-10,72.6049,73.3567,72.4125,73.3042,720537
2014-11-11,73.0944,73.1469,72.0821,72.3776,1170296
2014-11-12,71.7481,71.8967,70.4761,70.7253,1580019
2014-11-13,70.9176,71.2323,69.6062,69.7461,1650070
2014-11-14,69.7636,70.1308,69.5363,69.8248,1030725
2014-11-17,69.58,70.9263,69.58,70.9001,1020353
2014-11-18,71.1536,71.6301,70.5242,71.2585,1795772
2014-11-19,71.005,71.2914,70.5329,70.9963,1130665
2014-11-20,70.9176,71.0312,70.3056,70.498,953776
2014-11-21,71.0312,71.2148,69.7636,70.5067,1220447
2014-11-24,70.6291,70.8477,70.3056,70.4018,1088141
2014-11-25,70.498,70.498,69.8423,70.2794,627328
2014-11-26,70.4892,70.7777,70.2007,70.5242,677693
2014-11-28,70.8826,71.818,70.5679,71.2148,553951
2014-12-01,70.8651,71.9842,70.6466,71.2848,1182912
2014-12-02,71.0138,72.0191,70.5592,71.923,988967
2014-12-03,71.853,72.159,71.276,72.0803,950112
2014-12-04,72.1065,72.4825,71.6869,72.2552,896873
2014-12-05,71.853,72.3426,71.4159,71.6869,710773
2014-12-08,71.8093,72.9372,71.6563,72.2901,1332862
2014-12-09,72.0891,73.0595,71.9579,72.8322,1100339
2014-12-10,72.8759,73.6277,71.617,71.6694,1239608
2014-12-11,72.1103,73.8207,71.9428,72.939,886985
2014-12-12,73.1242,73.9088,72.1632,72.1984,936284
2014-12-15,72.4806,72.9655,71.3344,71.8899,1226969
2014-12-16,71.9604,73.5915,71.5284,72.3571,910648
2014-12-17,72.5599,74.0499,72.5599,73.8383,1167703
2014-12-18,73.9353,75.3636,73.5915,75.3636,828031
2014-12-19,75.5928,76.254,75.293,75.6016,1872740
2014-12-22,75.6016,76.0336,75.1167,76.0248,730956
2014-12-23,76.2981,76.5803,76.0072,76.1835,700178
2014-12-24,76.2452,77.7176,76.2452,77.5324,457226
2014-12-26,77.5853,78.8461,77.5853,78.7491,881123
2014-12-29,78.6345,80.0275,78.5376,79.5073,1082076
2014-12-30,79.1811,79.1988,77.4266,77.5589,714875
2014-12-31,77.9115,78.0262,76.0424,76.1482,1096391
2015-01-02,76.5538,76.9153,75.8044,76.7125,873488
2015-01-05,76.6243,76.9505,75.6633,75.9631,1101157
2015-01-06,76.2188,77.4266,75.7868,75.8485,1234169
2015-01-07,76.0953,77.0387,75.5487,76.7478,932948
2015-01-08,77.0123,77.4972,76.7654,77.1004,681220
2015-01-09,77.1092,77.2327,76.0777,76.5274,675016
2015-01-12,76.8712,77.0652,75.8397,76.4656,840558
2015-01-13,77.1004,78.2201,76.3246,76.8976,645642
2015-01-14,76.21,77.8146,76.1923,77.7264,754695
2015-01-15,78.1408,78.6257,77.6119,78.4405,799869
2015-01-16,78.2907,79.3927,78.0702,79.3134,663812
2015-01-20,79.569,79.6572,78.5904,79.4192,698479
2015-01-21,79.137,80.2127,78.5287,80.1157,668609
2015-01-22,80.2127,80.6006,79.3751,79.9658,539382
2015-01-23,80.2127,80.8122,80.0275,80.4419,444203
2015-01-26,80.2479,80.2479,79.331,80.1686,711740
2015-01-27,79.9746,80.8474,79.8706,80.4948,544489
2015-01-28,80.3714,81.35,79.3046,79.5514,698946
2015-01-29,79.5514,80.8827,79.1282,80.7064,572612
2015-01-30,80.4066,80.6799,78.9607,79.0489,885895
2015-02-02,79.2252,80.0363,78.4053,79.7718,749148
2015-02-03,79.525,80.0716,79.0312,79.3751,1075980
2015-02-04,79.2781,79.3046,77.9115,78.132,1018154
2015-02-05,78.5728,79.0489,77.8234,78.9695,956700
2015-02-06,78.7844,79.2428,74.7905,75.1608,1240847
2015-02-09,75.0109,75.6457,74.5172,74.861,1070650
2015-02-10,74.861,76.5097,74.861,76.4392,971171
2015-02-11,76.0248,76.0953,74.504,74.6759,946623
2015-02-12,74.6759,74.8346,73.8648,74.0499,1529899
2015-02-13,74.5172,74.5172,71.0876,71.9075,2446272
2015-02-17,71.7752,73.1242,71.643,72.2161,2444061
2015-02-18,72.3483,74.4996,72.1896,74.4996,1873684
2015-02-19,74.9139,74.9139,73.3181,73.5297,1100702
2015-02-20,73.6091,73.803,72.3131,73.3534,1311395
2015-02-23,73.4504,73.9838,73.3093,73.9706,966575
2015-02-24,73.7854,74.8434,73.6179,74.2351,1049756
2015-02-25,74.332,74.332,72.8685,72.9655,951287
2015-02-26,73.1418,73.327,72.1544,72.2602,1236067
2015-02-27,72.4453,72.4894,71.9604,72.3219,1074272
2015-03-02,72.2161,72.3042,70.4175,70.92,1195648
2015-03-03,70.779,71.3609,70.3646,71.1669,1542696
2015-03-04,70.9906,71.2022,70.7966,71.0435,1059158
2015-03-05,71.3256,71.8281,71.1405,71.5372,788675
2015-03-06,70.6644,70.8671,68.7688,69.1303,1157727
2015-03-09,69.1656,69.6856,68.7864,69.1832,1114887
2015-03-10,69.0157,70.1354,68.9011,69.4565,1119954
2015-03-11,69.4918,69.7914,68.8834,68.9011,840495
2015-03-12,69.2569,70.0752,69.0967,69.7817,1605532
2015-03-13,69.6927,69.7194,68.3496,69.1323,1423496
2015-03-16,69.5593,70.7245,69.3618,70.2442,1249258
2015-03-17,70.004,70.3954,69.5326,69.9329,1153553
2015-03-18,69.9507,71.8097,69.7105,71.3383,2156060
2015-03-19,71.107,71.8898,70.7245,70.7868,1410001
2015-03-20,71.1604,72.6637,71.0003,72.5569,2395692
2015-03-23,72.4057,72.9394,72.3168,72.3968,848772
2015-03-24,72.2278,72.7393,71.4806,71.4984,771805
2015-03-25,71.6496,72.0054,70.7245,70.7512,922136
2015-03-26,70.8491,71.3872,70.2442,70.6712,1585703
2015-03-27,70.6356,71.6407,70.4621,71.3027,1291951
2015-03-30,71.4628,72.0766,71.1159,71.8097,665447
2015-03-31,71.4095,72.3612,71.2938,71.7742,1205369
2015-04-01,71.7119,72.3879,70.8758,72.3879,777181
2015-04-02,72.3612,73.2596,72.2011,73.0106,1520461
2015-04-06,73.2329,74.9586,73.0817,74.1669,1859888
2015-04-07,74.0869,74.1758,72.9928,73.0728,1199471
2015-04-08,72.9572,73.2614,72.2634,72.7704,981074
2015-04-09,72.806,72.8149,71.9432,72.3968,990834
2015-04-10,72.7704,73.1885,72.2812,72.6992,772349
2015-04-13,72.7081,72.7882,72.0499,72.0944,1006841
2015-04-14,72.1122,72.5835,71.9841,72.4235,841155
2015-04-15,72.4591,73.1796,72.4413,72.4769,1035572
2015-04-16,72.3168,72.3523,71.2582,71.9965,851889
2015-04-17,71.4628,72.3968,71.4628,71.783,671322
2015-04-20,71.9609,73.6777,71.9609,72.9661,869485
2015-04-21,73.0906,73.571,71.9254,72.2011,670831
2015-04-22,72.8416,73.0284,72.21,72.8682,827247
2015-04-23,72.9661,73.7666,72.8593,73.6688,1403023
2015-04-24,72.8771,74.416,71.7564,73.6599,1406265
2015-04-27,73.9979,74.1118,72.2723,72.468,1232564
2015-04-28,72.1566,72.9305,71.8186,72.8238,847467
2015-04-29,72.1833,72.4858,71.6763,72.3079,960024
2015-04-30,72.1033,72.1033,70.4399,70.8313,1497649
2015-05-01,71.0003,71.2582,70.4043,71.2316,906810
2015-05-04,71.4006,72.3079,71.2493,71.703,649560
2015-05-05,71.7475,71.7475,69.8973,69.9951,978821
2015-05-06,69.9862,70.2798,68.6609,69.3369,1475386
2015-05-07,69.6038,70.3065,69.5771,69.7283,956565
2015-05-08,70.5377,71.0403,70.1375,70.4577,1220173
2015-05-11,70.2887,71.2493,70.004,70.0752,863308
2015-05-12,69.6038,70.0218,69.1234,69.6127,994092
2015-05-13,69.8083,70.1997,68.2962,68.6609,1402675
2015-05-14,69.0967,69.7105,68.9277,69.4614,1014509
2015-05-15,69.6838,70.4844,69.5771,70.3954,1834834
2015-05-18,70.0841,70.9469,70.0841,70.9202,891266
2015-05-19,70.5822,71.107,70.3598,70.7423,702725
2015-05-20,70.7957,71.4184,70.5911,70.9113,752160
2015-05-21,70.8491,71.0626,70.3421,70.858,565774
2015-05-22,70.7245,71.0448,70.262,70.8135,636245
2015-05-26,70.7957,70.7957,70.0841,70.4132,680195
2015-05-27,70.6356,70.7245,70.2175,70.4488,1175288
2015-05-28,70.5555,70.9558,70.2531,70.7423,776181
2015-05-29,70.7334,70.9291,70.2709,70.4755,868053
2015-06-01,70.5644,70.9113,70.3243,70.5022,666201
2015-06-02,70.1553,70.1819,68.7854,69.2391,1105604
2015-06-03,69.1145,69.3636,67.7091,68.1983,1128384
2015-06-04,67.9226,68.5897,67.8248,68.2072,1530492
2015-06-05,67.549,67.638,66.5528,66.6595,1838914
2015-06-08,66.6595,66.8374,66.277,66.2948,1127297
2015-06-09,66.2236,66.5794,66.1258,66.2859,1479663
2015-06-10,66.6773,66.9797,66.2681,66.7396,1461646
2015-06-11,67.2064,67.6014,66.8383,67.1615,1304091
2015-06-12,66.8024,67.1525,66.4882,66.5061,778089
2015-06-15,66.4882,66.7395,66.0213,66.2368,915070
2015-06-16,66.1021,66.569,65.743,66.5241,949940
2015-06-17,66.5061,67.4488,66.4433,67.3141,1228313
2015-06-18,67.35,68.4812,67.35,68.2747,1140507
2015-06-19,68.2927,68.5979,67.8976,67.9515,1775744
2015-06-22,68.0862,68.2208,67.4263,67.6822,605707
2015-06-23,67.4667,67.5565,66.4612,66.7575,895800
2015-06-24,66.7754,67.0448,66.2054,66.2996,941208
2015-06-25,66.4343,66.5959,66.147,66.3355,985102
2015-06-26,66.165,67.3051,65.8867,67.2961,2025383
2015-06-29,67.3321,68.0952,66.973,67.0089,1684205
2015-06-30,67.2692,67.3321,66.8203,67.0089,1447912
2015-07-01,67.1076,67.5655,66.9101,67.5475,1050894
2015-07-02,67.8887,68.5979,67.6822,68.4273,1327682
2015-07-06,68.3016,68.8044,68.0682,68.6518,1334307
2015-07-07,69.0558,70.8333,68.7685,70.5281,2166659
2015-07-08,70.2588,70.8154,69.8907,69.9894,1402288
2015-07-09,70.178,70.4383,68.8762,69.0019,1190706
2015-07-10,69.765,70.3844,68.6787,69.5854,971596
2015-07-13,69.8548,69.9356,68.9031,69.361,983998
2015-07-14,69.352,69.8727,69.0737,69.2174,632363
2015-07-15,69.2353,69.6393,68.7954,69.5765,779899
2015-07-16,69.7381,70.6268,69.5585,70.5101,770565
2015-07-17,70.2318,70.4652,69.5765,69.5854,1212612
2015-07-20,69.5226,69.5226,68.7505,69.4957,1015047
2015-07-21,69.4957,69.6303,68.5351,68.8223,809634
2015-07-22,68.9121,69.5944,68.7775,69.2533,774748
2015-07-23,69.0019,69.1814,67.8617,68.3824,943541
2015-07-24,68.7146,70.0612,68.7146,69.4508,1805850
2015-07-27,69.4328,71.1924,69.4149,70.6358,1433050
2015-07-28,70.5371,70.7256,70.1959,70.582,1365355
2015-07-29,70.4383,71.2642,69.9356,71.2014,1107966
2015-07-30,70.95,71.776,70.8333,71.4169,1045338
2015-07-31,71.7401,72.961,71.7401,72.2338,881846
2015-08-03,72.2697,72.8443,71.7939,72.1441,813169
2015-08-04,71.8837,72.1171,70.8962,71.0039,1022366
2015-08-05,71.2822,71.5336,70.8513,71.1116,586516
2015-08-06,71.2104,71.776,70.4204,71.7221,997289
2015-08-07,71.6952,73.2573,71.3091,72.9161,1454259
2015-08-10,72.961,73.1585,72.162,72.3954,759154
2015-08-11,72.5301,73.3919,72.1171,72.8623,1078117
2015-08-12,72.7276,74.7924,72.4583,74.5321,1822115
2015-08-13,74.2448,74.9451,73.6613,74.6398,1067118
2015-08-14,74.3974,75.2234,73.9575,75.0977,887517
2015-08-17,75.1695,75.7037,74.7027,75.5196,855481
2015-08-18,75.3221,75.5107,74.7655,75.0528,802460
2015-08-19,74.8822,75.8832,74.6668,75.7531,1409713
2015-08-20,75.2952,76.4174,74.8284,75.6543,1450982
2015-08-21,75.0797,75.6004,74.6488,74.6488,1920705
2015-08-24,73.6792,73.6792,70.7705,71.1206,2038089
2015-08-25,71.6503,72.3505,68.7146,68.7326,1692564
2015-08-26,69.4328,70.0253,68.3106,69.9086,1626171
2015-08-27,70.3036,70.9141,69.7291,70.8962,1212763
2015-08-28,70.8692,71.0398,69.7919,70.7705,1031184
2015-08-31,70.6089,70.6627,69.352,70.0792,1672834
2015-09-01,69.3161,69.6213,67.9515,68.3375,1248962
2015-09-02,68.6877,69.0602,67.6642,68.2388,900250
2015-09-03,68.6877,69.0558,68.2837,68.571,685130
2015-09-04,67.7809,68.14,67.0089,67.341,841215
2015-09-08,68.1311,68.7056,67.8348,68.4812,860591
2015-09-09,68.571,68.966,67.368,67.4667,1006781
2015-09-10,67.0986,68.0952,67.0986,67.3949,838187
2015-09-11,67.1884,68.1849,66.937,68.176,747563
2015-09-14,68.2837,68.7056,67.9425,68.1221,661987
2015-09-15,68.2837,68.7595,67.5834,68.6787,894747
2015-09-16,68.4632,69.8009,68.4363,69.6932,1320251
2015-09-17,69.7838,71.8502,69.5391,70.826,1502811
2015-09-18,70.2732,71.2973,70.1509,70.5089,1446687
2015-09-21,70.6448,71.0164,70.3774,70.672,771375
2015-09-22,70.3185,70.7717,69.8473,70.0285,1048131
2015-09-23,70.1191,71.0979,69.7114,70.9892,1114608
2015-09-24,70.681,71.465,70.5179,71.3789,1054193
2015-09-25,71.5783,72.8561,71.0436,71.8411,1614897
2015-09-28,71.8411,72.2761,71.3064,71.3879,1365006
2015-09-29,71.5239,71.7505,70.4545,70.8986,1926483
2015-09-30,71.4061,72.9286,71.1614,72.838,1574561
2015-10-01,72.9468,73.0736,71.0436,71.9317,1227613
2015-10-02,72.7021,73.0464,71.6145,73.0464,1014853
2015-10-05,73.409,73.699,72.5842,73.5177,824130
2015-10-06,73.3455,73.5721,72.6567,73.1552,1142416
2015-10-07,73.3093,73.3908,72.5752,72.8289,850161
2015-10-08,72.6839,73.8621,72.5027,73.7443,655246
2015-10-09,73.6537,73.7624,73.2277,73.5358,830881
2015-10-12,73.7262,74.4331,73.563,73.9527,708901
2015-10-13,73.7443,74.5056,73.4361,73.7262,1017878
2015-10-14,73.8621,74.5599,73.5449,74.0977,726362
2015-10-15,74.4059,75.6837,74.0071,75.4572,1151096
2015-10-16,75.8197,76.1097,75.2215,75.5387,809705
2015-10-19,75.6203,75.8287,75.0765,75.8015,807747
2015-10-20,75.3484,76.3091,75.2759,75.9647,587736
2015-10-21,76.3544,76.7078,75.7653,75.9284,707952
2015-10-22,76.0644,77.0703,75.9194,76.9163,860297
2015-10-23,76.3272,77.3604,75.2034,75.5206,966519
2015-10-26,75.7381,75.8287,74.6143,75.6747,965034
2015-10-27,75.43,75.8015,74.9587,75.6656,797459
2015-10-28,75.6475,75.9647,73.699,74.4693,974413
2015-10-29,74.0071,74.4421,72.6114,73.5449,908377
2015-10-30,73.7533,74.3787,73.3908,73.9437,761301
2015-11-02,73.9527,74.5599,73.5177,74.4602,834255
2015-11-03,74.1159,74.7865,73.8349,74.7321,851842
2015-11-04,74.7321,75.3816,74.5421,74.9587,676942
2015-11-05,74.7956,75.6565,74.6596,75.2215,1225793
2015-11-06,74.0705,74.143,71.7686,71.9498,2058965
2015-11-09,71.5964,72.2942,71.3336,71.8683,1444009
2015-11-10,72.0133,72.8743,71.7958,72.6839,1183530
2015-11-11,72.8108,73.4361,72.6567,73.409,1100976
2015-11-12,73.1915,73.8984,72.3195,72.5299,965304
2015-11-13,72.693,73.2277,71.8955,72.0767,919662
2015-11-16,71.9498,73.4996,71.9227,73.4633,1119770
2015-11-17,73.2277,73.8077,71.8864,72.0948,843458
2015-11-18,71.8592,72.5253,70.9257,72.3939,1571453
2015-11-19,72.8108,73.7533,72.5661,73.3455,1092576
2015-11-20,73.6718,74.2156,73.4271,73.7533,1453067
2015-11-23,73.7171,74.0162,72.8267,72.983,650042
2015-11-24,72.6386,72.8652,71.9227,72.693,922006
2015-11-25,72.693,72.693,72.0314,72.3939,590633
2015-11-27,72.3939,73.0646,72.1266,72.6567,297639
2015-11-30,72.6749,73.5177,72.6296,72.9468,1307649
2015-12-01,73.3546,73.4543,72.5027,73.1099,1166296
2015-12-02,72.8652,72.9649,71.2429,71.3064,1350814
2015-12-03,71.3245,71.5601,70.6448,70.9348,1682918
2015-12-04,71.3789,73.2277,71.1704,72.983,1352183
2015-12-07,72.7927,73.5902,72.5208,73.5721,1071380
2015-12-08,73.409,73.6083,72.5027,73.0646,857661
2015-12-09,72.8108,73.7262,72.3033,72.693,1689307
2015-12-10,72.6296,72.7474,71.2429,71.5239,1266716
2015-12-11,71.2429,71.823,70.9076,70.9892,1161264
2015-12-14,70.9982,71.3426,70.101,71.1161,1373304
2015-12-15,71.2883,72.3667,71.2883,71.7051,774401
2015-12-16,72.0405,73.4543,71.7958,73.3093,1057360
2015-12-17,73.4373,73.7666,72.8795,73.1172,1156071
2015-12-18,73.0441,73.1355,71.7912,72.1387,1607592
2015-12-21,72.3948,72.8063,71.3156,71.9375,1086140
2015-12-22,72.1295,72.5228,71.3065,72.3216,891385
2015-12-23,72.5685,73.2819,72.4954,73.1721,668979
2015-12-24,72.9984,73.3733,72.8886,73.0532,327910
2015-12-28,72.9801,73.794,72.7881,73.7666,759937
2015-12-29,74.0501,74.8823,73.8855,74.4799,878147
2015-12-30,74.6171,74.9235,74.2879,74.5714,1153460
2015-12-31,74.4708,74.6902,72.5594,73.3367,979944
2016-01-04,72.7057,72.8612,71.718,72.3765,1408290
2016-01-05,72.2119,73.2544,71.343,73.1172,1259081
2016-01-06,72.5868,73.227,72.3673,72.788,2098595
2016-01-07,72.0472,72.6966,71.782,71.9924,1421447
2016-01-08,71.9924,72.3948,71.5625,71.6814,1581323
2016-01-11,71.8735,72.5868,71.8643,72.3856,1846519
2016-01-12,72.9526,72.9526,71.7546,72.7972,1526175
2016-01-13,73.5471,74.2421,73.1721,73.3916,1830845
2016-01-14,73.3367,74.8288,73.0441,74.3702,1152586
2016-01-15,73.4282,74.2604,72.9938,73.6568,1471655
2016-01-19,74.3153,75.3853,73.9586,75.2024,1704349
2016-01-20,74.7268,75.3487,72.7331,73.3367,2033352
2016-01-21,73.3276,73.858,71.9924,72.4771,1446482
2016-01-22,73.1081,74.4616,72.596,74.3793,1372673
2016-01-25,74.4159,74.4708,73.6477,73.858,862269
2016-01-26,74.1781,75.239,73.9403,74.7177,953802
2016-01-27,74.3153,75.4859,74.1141,74.992,988223
2016-01-28,74.992,76.7297,74.6171,76.1352,770980
2016-01-29,76.8211,77.9003,75.7328,77.7448,1528187
2016-02-01,77.2875,78.5039,77.0863,78.0192,1089609
2016-02-02,77.8728,78.9291,77.7174,78.8514,1255436
2016-02-03,79.2629,80.3329,78.7416,79.647,1776546
2016-02-04,79.5099,80.0769,79.048,79.2081,1388253
2016-02-05,78.8148,79.4367,77.7677,79.0617,1776507
2016-02-08,79.4184,80.3055,77.9551,78.8514,1757972
2016-02-09,78.6776,79.6745,78.4581,79.4276,1460677
2016-02-10,78.3118,79.3635,76.6382,78.4581,2244419
2016-02-11,78.5862,79.0617,76.8486,76.8943,1503059
2016-02-12,76.5833,77.2875,75.8426,76.565,1005072
2016-02-16,76.4919,77.3973,76.1124,77.315,1353725
2016-02-17,77.3241,77.5802,76.4279,77.0223,1315108
2016-02-18,77.1595,78.3667,76.8577,77.8637,997885
2016-02-19,77.6899,77.9277,76.9217,77.4796,873455
2016-02-22,77.7539,78.4216,77.4522,78.0923,800577
2016-02-23,77.7082,78.6959,77.4797,78.4307,663957
2016-02-24,78.3667,79.0069,77.9186,78.7051,685867
2016-02-25,78.952,79.6013,78.6502,79.5373,568924
2016-02-26,79.0709,79.3178,77.0589,77.0863,1152868
2016-02-29,77.004,77.7448,76.8303,76.9309,1250134
2016-03-01,77.379,77.5528,76.0438,76.6656,1358802
2016-03-02,76.3273,76.9584,74.7634,76.876,1067063
2016-03-03,77.0498,77.0498,75.5408,76.8303,1183760
2016-03-04,76.437,77.8088,76.1535,77.6076,918506
2016-03-07,77.3058,78.8148,77.1778,78.8057,1258374
2016-03-08,78.8514,80.1135,78.4033,79.8025,1489740
2016-03-09,80.7811,81.0097,80.1043,80.4153,1117113
2016-03-10,80.2049,80.7719,79.7386,80.4793,810859
2016-03-11,80.9182,81.2383,80.3421,80.7079,951797
2016-03-14,80.6165,80.964,80.1409,80.5341,603632
2016-03-15,80.2506,81.1377,80.1958,80.8176,692460
2016-03-16,80.4427,82.0523,79.8574,81.8328,1148699
2016-03-17,82.1555,82.7179,81.4271,82.4874,1432060
2016-03-18,82.6811,82.7917,81.7083,81.9803,2058862
2016-03-21,81.593,82.3491,80.883,81.9803,688271
2016-03-22,81.8789,82.3491,81.381,81.4824,846855
2016-03-23,81.5469,82.7179,81.0628,82.4229,956134
2016-03-24,82.0541,82.635,81.8235,82.4874,739905
2016-03-28,82.5243,83.013,81.9803,82.3215,594727
2016-03-29,82.303,83.8244,82.008,83.7875,891304
2016-03-30,83.8429,83.9074,83.2159,83.6492,679731
2016-03-31,83.6492,83.8429,83.1605,83.5939,1087045
2016-04-01,83.557,84.0918,82.93,83.9535,1111045
2016-04-04,83.9535,84.1195,82.8378,83.6492,939026
2016-04-05,83.4464,83.6492,81.9895,82.1094,1298596
2016-04-06,81.9987,82.2846,81.5377,82.0541,790387
2016-04-07,81.7498,82.3583,81.6391,81.8512,999044
2016-04-08,82.0633,82.7825,81.6437,82.0633,663562
2016-04-11,82.137,82.6995,81.6576,81.6852,848033
2016-04-12,82.008,82.2754,81.6945,82.1463,725590
2016-04-13,82.4321,82.4874,81.1412,81.7774,829351
2016-04-14,81.6668,81.9711,81.2334,81.3994,814575
2016-04-15,81.676,82.3307,81.2703,82.1739,813345
2016-04-18,82.1647,82.3583,81.593,82.2846,753548
2016-04-19,82.303,82.5981,82.0541,82.5704,641550
2016-04-20,82.5243,82.8009,80.1546,80.2745,699394
2016-04-21,80.0347,80.1823,78.163,78.4396,1154370
2016-04-22,78.8822,79.5184,78.5687,79.085,778833
2016-04-25,79.0113,79.5553,78.7162,79.5461,839700
2016-04-26,79.4723,80.256,78.8084,79.3616,866834
2016-04-27,79.7212,81.1689,79.1403,80.6341,944066
2016-04-28,79.7305,81.2611,79.629,81.1873,751254
2016-04-29,80.7355,82.3583,80.2007,82.2108,1633699
2016-05-02,82.1463,83.4371,81.8604,83.1052,1383801
2016-05-03,83.0222,83.4832,82.3307,82.7087,894115
2016-05-04,82.5335,84.7834,82.5335,84.101,1091050
2016-05-05,83.8613,85.1245,83.6437,83.9996,953267
2016-05-06,83.9812,83.9812,82.5796,83.0222,1338267
2016-05-09,83.1974,83.4371,82.8101,83.2988,1151907
2016-05-10,83.5755,83.7138,83.0314,83.2435,793771
2016-05-11,83.3634,83.7414,82.6811,83.6216,764991
2016-05-12,83.7322,84.433,83.2066,84.2117,628135
2016-05-13,84.1748,84.2854,83.3236,83.7875,532997
2016-05-16,83.64,83.9351,83.1329,83.7967,480991
2016-05-17,83.5386,83.6861,81.7867,82.1739,789535
2016-05-18,81.6207,82.6903,80.5327,80.883,960143
2016-05-19,80.5788,81.7682,80.044,81.7406,629803
2016-05-20,82.0356,82.0356,81.2519,81.7774,774000
2016-05-23,81.7867,81.8696,80.8554,80.9107,478025
2016-05-24,81.2334,82.3851,81.1412,82.2661,687844
2016-05-25,82.0633,82.1555,81.4732,81.7774,757072
2016-05-26,81.8328,82.8931,81.5377,82.7272,604292
2016-05-27,82.8101,83.2066,82.469,83.179,564953
2016-05-31,83.0222,83.6953,82.8286,83.6123,1127767
2016-06-01,83.5386,84.0365,83.3726,84.018,698311
2016-06-02,83.8244,84.0088,83.0038,84.0088,528878
2016-06-03,84.8295,86.0005,84.7741,85.5948,641654
2016-06-06,85.5948,85.8806,84.9585,85.3735,633867
2016-06-07,85.5579,85.9913,85.2997,85.4749,546912
2016-06-08,85.4841,86.1757,85.1745,86.1019,606722
2016-06-09,86.1111,86.8856,86.0742,86.7197,939456
2016-06-10,86.6644,87.0792,86.2402,86.5906,669930
2016-06-13,86.6736,87.0147,86.4062,86.5168,775943
2016-06-14,86.5998,87.6233,86.148,87.5772,1011094
2016-06-15,87.6233,87.6233,86.2679,86.6736,835051
2016-06-16,86.2182,87.5006,86.2182,87.2962,919469
2016-06-17,87.417,87.8073,86.7293,87.7051,1271266
2016-06-20,87.6214,87.8073,86.5063,87.2683,817497
2016-06-21,87.2683,87.9188,86.7479,87.3798,614083
2016-06-22,87.6029,87.6029,86.9617,87.1196,677448
2016-06-23,87.2683,87.4263,86.6829,87.4077,867197
2016-06-24,86.8408,89.7031,86.7479,88.8202,1862690
2016-06-27,88.6158,90.0933,88.6158,89.6658,1479067
2016-06-28,89.6658,90.0469,88.6622,89.9446,1277754
2016-06-29,90.2699,90.6695,89.8982,90.2327,813466
2016-06-30,90.4,92.1191,90.1955,92.1098,1432014
2016-07-01,92.5931,92.9276,91.32,92.2585,1142924
2016-07-05,92.3515,93.1692,92.2446,93.0205,1038717
2016-07-06,93.0577,93.3458,92.3096,92.8811,1038494
2016-07-07,92.6395,92.9462,91.0133,91.2456,752425
2016-07-08,90.9668,92.1563,90.1584,92.1284,841869
2016-07-11,91.766,92.0169,90.7531,91.9612,497453
2016-07-12,91.2084,91.6917,90.4371,90.7717,712643
2016-07-13,91.2363,91.5058,90.9482,91.162,965145
2016-07-14,90.5951,91.0505,90.0143,90.2234,1159331
2016-07-15,90.3814,90.8832,90.2327,90.7531,1001317
2016-07-18,90.939,91.4408,90.8739,91.0505,556369
2016-07-19,91.1248,91.4408,90.6881,91.1155,562689
2016-07-20,91.0691,91.3385,90.465,90.6323,427748
2016-07-21,90.3721,91.5151,90.1026,91.4036,729116
2016-07-22,91.3385,92.6488,91.2317,92.3793,956462
2016-07-25,92.1098,92.37,91.5616,91.8311,1223089
2016-07-26,92.1656,92.2678,90.9575,91.0691,1255874
2016-07-27,91.0969,91.1713,89.7402,90.3535,1282678
2016-07-28,90.3907,90.7717,90.0887,90.2327,1835379
2016-07-29,90.1584,90.7717,90.1584,90.623,2480636
2016-08-01,90.4929,91.306,90.3721,91.2363,1687085
2016-08-02,91.2363,91.4779,90.7159,91.1992,1402958
2016-08-03,91.0876,91.2772,89.4335,89.8331,891579
2016-08-04,89.8331,90.7438,89.6984,90.0654,587761
2016-08-05,89.8424,89.8796,88.1929,88.3742,1101610
2016-08-08,88.5043,89.164,87.9188,88.3649,761138
2016-08-09,88.4485,88.9968,88.0721,88.56,571872
2016-08-10,88.8388,89.0154,88.337,88.8109,583395
2016-08-11,88.876,89.1547,88.5321,89.099,702895
2016-08-12,89.4149,90.1119,89.4056,89.5636,706888
2016-08-15,89.5636,89.7913,88.021,88.0582,716601
2016-08-16,87.8166,87.8166,86.72,87.0546,1349869
2016-08-17,86.6364,88.6622,86.1207,88.3463,1824244
2016-08-18,88.2255,89.8424,88.2255,89.8424,2067050
2016-08-19,89.4707,89.7077,87.575,88.0024,1443409
2016-08-22,88.1883,88.6621,87.9467,88.3927,445775
2016-08-23,88.4671,88.8109,87.9002,87.9188,584814
2016-08-24,87.7515,88.2533,87.1661,88.2162,738723
2016-08-25,88.2162,88.6343,87.9653,88.4299,687745
2016-08-26,88.5043,88.876,85.9487,86.0417,876914
2016-08-29,86.339,87.0825,86.339,86.9059,848910
2016-08-30,87.0174,87.338,85.8001,85.9487,546053
2016-08-31,86.0417,86.4598,85.7164,86.3297,1089476
2016-09-01,86.1904,86.339,85.4655,85.6885,878573
2016-09-02,85.7164,86.7804,85.512,86.6085,837924
2016-09-06,86.9338,88.0954,86.8594,87.5006,818167
2016-09-07,87.3984,87.9467,86.8418,87.8538,1005554
2016-09-08,87.417,88.1232,87.2219,87.8166,951481
2016-09-09,87.4356,87.4356,84.5177,84.5641,1113548
2016-09-12,84.7128,86.2368,84.4898,86.0138,1194503
2016-09-13,85.8558,85.8558,84.2017,84.8894,1023675
2016-09-14,85.0381,85.9023,84.7407,85.8186,1570008
2016-09-15,85.8561,86.6246,85.3782,86.5121,972461
2016-09-16,86.2872,87.7865,85.8093,87.6741,1513406
2016-09-19,87.899,88.5268,87.7209,88.4613,939090
2016-09-20,88.8361,89.0235,87.974,87.9833,744910
2016-09-21,87.8896,89.9044,87.8896,89.82,1241945
2016-09-22,90.0824,90.4844,89.5389,90.1105,890972
2016-09-23,90.0918,91.132,89.567,90.7571,1135841
2016-09-26,90.6822,91.132,90.3261,90.551,787922
2016-09-27,90.9258,91.4598,88.9766,89.0891,1812264
2016-09-28,89.4358,89.5108,88.1239,88.9111,1298583
2016-09-29,88.4519,88.4519,87.1118,87.1962,2965100
2016-09-30,87.5616,88.8829,87.5616,87.7772,3205672
2016-10-03,87.571,87.6835,86.0904,86.9994,1872646
2016-10-04,86.9057,86.9432,85.0784,85.4719,2700123
2016-10-05,85.7999,86.7839,85.0409,86.0436,2664086
2016-10-06,85.6875,86.7932,85.2002,86.4184,2443445
2016-10-07,86.9994,87.5616,86.0154,86.0342,2191820
2016-10-10,86.2591,86.7745,86.1279,86.5402,1391548
2016-10-11,86.3622,86.484,85.65,85.8374,1520657
2016-10-12,85.7062,86.3997,85.5,85.978,1218700
2016-10-13,86.0436,87.2618,85.8936,86.8963,1978568
2016-10-14,86.662,86.9713,86.1373,86.2122,1144518
2016-10-17,86.4559,86.8307,86.1841,86.5777,1252096
2016-10-18,87.0744,87.3555,86.0248,86.9994,1239579
2016-10-19,87.065,87.2102,86.3622,86.9244,826530
2016-10-20,87.1493,87.9459,86.8776,87.2524,1181832
2016-10-21,86.3622,87.2711,86.3622,86.9151,956871
2016-10-24,87.2524,87.6179,86.6714,87.2805,969780
2016-10-25,87.0181,88.1052,86.99,88.077,1152508
2016-10-26,88.5924,88.7143,87.2243,87.9927,1204791
2016-10-27,87.5523,88.1145,87.2149,87.7959,1655626
2016-10-28,87.7678,88.48,87.5148,88.0302,1048267
2016-10-31,88.4144,90.4666,88.2457,89.97,1492263
2016-11-01,89.9606,89.9606,88.227,88.3582,949207
2016-11-02,88.2926,88.2926,86.6339,87.318,907984
2016-11-03,86.9525,87.7865,86.6246,87.4023,706895
2016-11-04,87.9459,88.7517,87.2149,87.2337,1069156
2016-11-07,87.7209,89.3327,86.9151,89.2953,825063
2016-11-08,89.4733,90.6915,89.1266,90.1012,1009438
2016-11-09,88.7892,88.7892,86.4559,86.559,1375515
2016-11-10,86.3997,86.4278,84.0194,85.5375,1757188
2016-11-11,85.3314,86.7183,85.0034,85.247,812703
2016-11-14,84.9846,86.0154,84.3427,85.6312,1379953
2016-11-15,86.0998,88.0114,86.081,87.5148,1745368
2016-11-16,87.571,88.1661,85.5656,86.1748,1269622
2016-11-17,85.7905,86.5027,85.6219,85.9124,723526
2016-11-18,85.8655,86.4184,85.1908,85.4813,877234
2016-11-21,85.8093,86.4934,85.6031,86.4746,773393
2016-11-22,87.1774,88.3207,86.6808,87.9271,1592547
2016-11-23,86.9806,87.9646,86.6433,86.8307,870503
2016-11-25,87.0088,88.3113,87.0088,88.1145,434756
2016-11-28,88.4425,89.9981,88.2317,89.7732,1075685
2016-11-29,89.2859,90.4479,89.2297,89.7732,765363
2016-11-30,88.5268,88.733,87.2056,87.2337,1260354
2016-12-01,86.6714,87.7678,86.3903,87.7209,1568463
2016-12-02,88.4238,89.3983,88.1333,89.1453,1847535
2016-12-05,88.7143,89.1266,87.8615,89.0985,1499168
2016-12-06,89.2484,89.8575,88.9579,89.2015,807302
2016-12-07,89.3796,90.9539,89.3796,90.804,1446511
2016-12-08,90.1386,90.5228,89.1828,90.1386,1105416
2016-12-09,90.2417,91.4599,90.0637,91.3194,873422
2016-12-12,90.9914,92.3033,90.5322,92.2283,1034271
2016-12-13,92.2939,92.8656,91.9285,92.6875,932323
2016-12-14,93.231,93.6293,90.5416,90.8133,1450473
2016-12-15,90.8559,91.4513,90.0052,91.3851,1079829
2016-12-16,91.3473,93.0391,91.3473,92.8123,1450663
2016-12-19,93.1715,93.2754,92.2925,92.8879,1069124
2016-12-20,92.8785,93.5684,92.576,93.2093,782363
2016-12-21,93.0864,93.5684,92.7745,92.8218,595716
2016-12-22,92.8879,93.4739,92.3586,93.1053,555617
2016-12-23,93.4077,93.8047,93.0061,93.3227,659076
2016-12-27,93.1525,93.3983,92.6611,93.2376,388890
2016-12-28,93.3605,93.3605,92.387,92.5571,528576
2016-12-29,92.7745,93.6251,92.5004,93.5023,588714
2016-12-30,93.6062,93.8425,92.7839,93.1053,571441
2017-01-03,93.3227,93.4077,92.4531,92.8218,1210306
2017-01-04,92.9446,93.6109,92.6894,93.0675,1075437
2017-01-05,93.2093,93.3652,92.3492,93.1904,1249123
2017-01-06,92.9541,93.7102,92.765,93.4361,996644
2017-01-09,93.0958,93.6346,92.387,92.5099,1581944
2017-01-10,92.5571,92.5855,91.7632,92.0845,1038989
2017-01-11,92.0845,93.1053,91.9806,93.0108,710605
2017-01-12,93.0108,93.2187,92.491,92.973,613827
2017-01-13,92.9257,93.5212,92.5288,92.9068,689492
2017-01-17,93.1431,94.0315,93.0297,93.7574,579360
2017-01-18,93.5779,94.0032,93.3038,93.4644,782422
2017-01-19,92.9541,93.2849,92.3634,92.7556,1255261
2017-01-20,93.0675,93.6346,92.6516,93.0013,622748
2017-01-23,93.162,93.2565,92.5571,92.6516,442061
2017-01-24,92.4153,92.869,92.2074,92.5855,484291
2017-01-25,92.1885,92.6327,91.6876,92.5666,1128460
2017-01-26,92.5477,93.2376,92.3114,92.8312,599031
2017-01-27,92.9541,93.2093,91.6687,91.7727,986478
2017-01-30,92.094,92.198,91.2812,91.8199,837845
2017-01-31,92.0373,93.3699,91.9333,93.2282,1273760
2017-02-01,92.8123,93.2849,91.8483,92.5571,1397760
2017-02-02,92.765,93.9181,92.3586,93.5212,949372
2017-02-03,93.6913,93.8425,93.0486,93.5779,1271800
2017-02-06,93.4739,93.8047,92.5382,92.7272,1151224
2017-02-07,93.0391,93.2546,92.6516,93.0013,896156
2017-02-08,93.2187,93.748,92.8218,93.3132,1211327
2017-02-09,92.6705,93.5495,91.4797,91.8766,1747713
2017-02-10,91.5175,92.2121,91.2623,92.0184,1173396
2017-02-13,92.0467,92.7272,91.8766,92.6894,813455
2017-02-14,92.2358,93.0297,92.2358,92.8218,1369634
2017-02-15,92.1224,92.7178,91.8199,92.5855,1022280
2017-02-16,92.5855,93.5684,92.2547,93.2565,1096065
2017-02-17,93.351,93.4077,92.2358,92.7367,797231
2017-02-21,92.7461,93.7196,92.3397,93.5212,720793
2017-02-22,93.3699,93.9285,93.0297,93.8425,689761
2017-02-23,93.9465,94.7309,93.748,94.5892,1030213
2017-02-24,95.0523,95.9218,94.816,95.5437,1014882
2017-02-27,95.3925,95.3925,94.66,95.0806,474932
2017-02-28,95.3264,95.9785,95.0806,95.8178,865269
2017-03-01,95.0995,96.2242,94.1355,95.3831,1112347
2017-03-02,95.2791,96.4983,95.0428,95.9691,630170
2017-03-03,96.0636,96.0636,94.9578,95.5815,1069230
2017-03-06,95.4209,96.3589,95.1373,96.0825,922465
2017-03-07,95.9974,96.3377,95.78,95.9785,1025996
2017-03-08,95.1184,95.3408,94.4379,94.6175,885219
2017-03-09,94.6175,95.3264,93.9937,94.2489,1041642
2017-03-10,94.8916,95.1657,94.3718,94.7593,911209
2017-03-13,94.7498,95.1657,94.5419,95.0901,893368
2017-03-14,95.2035,95.3075,94.6742,94.9767,766211
2017-03-15,95.3642,97.3111,94.9767,96.9331,1010505
2017-03-16,96.6425,96.6425,95.1132,95.4801,988267
2017-03-17,95.7183,96.6615,95.5086,96.1375,1687596
2017-03-20,96.2232,96.5281,95.2895,95.4991,671393
2017-03-21,95.4515,97.0808,95.4515,96.6806,979593
2017-03-22,97.176,97.7573,96.633,97.0712,760539
2017-03-23,96.9283,97.7477,96.5758,96.8045,642054
2017-03-24,96.9474,97.5095,96.6806,97.3476,577782
2017-03-27,97.7477,98.005,96.652,97.0808,765541
2017-03-28,96.9188,97.4142,96.4614,96.8997,861897
2017-03-29,96.6806,97.2237,96.1661,96.976,844965
2017-03-30,96.7663,97.0903,96.2042,96.49,579370
2017-03-31,96.4329,97.3952,96.4329,97.2904,1355842
2017-04-03,97.1379,97.2713,96.2042,96.8616,1273089
2017-04-04,97.0045,97.824,96.5663,97.4142,747799
2017-04-05,97.3285,98.3766,97.0712,98.2622,1106120
2017-04-06,97.9288,98.3194,97.5381,98.1098,772824
2017-04-07,98.3099,98.7291,97.9669,98.1098,790042
2017-04-10,97.9859,98.5481,97.5,98.3289,909309
2017-04-11,98.3289,98.5576,97.7096,98.2622,756107
2017-04-12,98.4147,99.1769,97.9383,99.0531,945090
2017-04-13,99.0245,99.1865,98.0336,98.6243,826603
2017-04-17,98.7196,99.5771,98.7196,99.5104,942146
2017-04-18,99.4723,99.8915,99.1865,99.4914,658740
2017-04-19,99.5199,99.5962,98.529,98.9387,531951
2017-04-20,98.8244,98.8244,97.8811,98.5576,904558
2017-04-21,98.5195,99.4818,98.5195,99.0435,1639941
2017-04-24,99.2341,99.539,98.691,99.5199,973765
2017-04-25,99.1579,99.5962,98.9197,99.358,872910
2017-04-26,99.1293,100.1963,99.1007,99.5104,1225574
2017-04-27,99.7391,100.8157,99.4342,100.1107,1330777
2017-04-28,100.0344,100.1011,99.3484,99.6533,840169
2017-05-01,99.8153,99.8153,98.6719,99.034,480587
2017-05-02,99.2341,99.5962,98.9387,99.3389,640513
2017-05-03,99.1769,99.4628,98.9006,98.9387,478813
2017-05-04,98.8816,99.358,98.4061,99.2722,953256
2017-05-05,99.5295,100.1869,99.358,99.6057,673194
2017-05-08,99.8153,99.8153,98.9292,99.558,511571
2017-05-09,99.5485,99.5676,98.8816,99.0626,564743
2017-05-10,99.0816,99.6867,99.0435,99.6819,643366
2017-05-11,99.2817,99.8248,98.9387,99.8153,546932
2017-05-12,99.8725,100.4537,99.8534,100.4442,522014
2017-05-15,100.3489,101.0063,100.1488,100.9491,664993
2017-05-16,100.8539,101.1397,99.7105,99.8534,534225
2017-05-17,100.0059,100.7205,99.8725,100.206,627255
2017-05-18,100.5585,101.1921,99.6533,100.3679,697751
2017-05-19,100.4537,101.1016,99.6724,101.0254,892117
2017-05-22,100.9587,102.0639,100.9348,101.9877,762657
2017-05-23,101.9496,103.1406,101.9019,102.3021,805424
2017-05-24,102.2164,102.8547,102.1878,102.8262,540644
2017-05-25,102.9405,103.9314,102.5213,103.8361,688125
2017-05-26,103.3978,104.0267,103.3692,103.7408,454850
2017-05-30,103.7408,104.322,103.293,103.9981,871745
2017-05-31,104.0648,104.7032,104.0076,104.3506,991683
2017-06-01,104.2172,105.2558,103.7408,105.1986,653913
2017-06-02,105.9323,105.9323,105.0843,105.6941,574503
2017-06-05,105.3892,105.6607,104.8842,105.0081,640754
2017-06-06,105.313,105.4368,104.7794,104.9604,539838
2017-06-07,105.2367,105.6464,104.8842,105.4082,608309
2017-06-08,105.1415,105.4463,103.2835,103.8361,1335220
2017-06-09,103.5312,103.9505,103.1596,103.8361,807481
2017-06-12,104.0362,104.3411,102.9119,103.8266,740200
2017-06-13,103.7123,104.2839,103.4169,104.2458,446968
2017-06-14,104.9033,105.4178,104.7699,105.2748,761435
2017-06-15,105.2797,106.2492,104.8285,106.134,880845
2017-06-16,106.47,106.7868,106.2204,106.7388,1364240
2017-06-19,106.71,106.71,105.9421,106.4604,756604
2017-06-20,106.4316,106.8924,106.3548,106.5756,763475
2017-06-21,106.566,106.6812,105.0109,105.7213,759945
2017-06-22,105.6349,105.8653,105.1741,105.1933,733180
2017-06-23,105.0973,105.5485,104.3677,104.5309,1019651
2017-06-26,104.6365,105.8269,104.1949,105.0205,651896
2017-06-27,104.6557,104.9773,103.1965,103.3597,743066
2017-06-28,103.8109,103.9645,101.9294,101.987,1209785
2017-06-29,101.5166,102.035,100.9214,101.6798,1301762
2017-06-30,101.9678,102.4382,101.4974,101.555,1047556
2017-07-03,101.8046,102.0926,101.219,101.315,621628
2017-07-05,101.4206,101.5646,100.6718,101.219,1153936
2017-07-06,100.979,101.1902,100.6526,100.9598,945801
2017-07-07,101.1422,101.5454,100.9406,101.0462,726059
2017-07-10,101.3054,101.5262,100.7006,100.7294,865696
2017-07-11,100.7966,100.9982,100.019,100.4894,1065709
2017-07-12,101.315,101.6126,101.0462,101.363,683985
2017-07-13,101.1518,101.5646,100.6046,100.691,697325
2017-07-14,101.2958,101.6318,100.9598,101.171,510882
2017-07-17,101.1614,101.9294,100.7726,101.8334,865161
2017-07-18,101.9486,102.0254,101.3918,101.5166,1566723
2017-07-19,101.6126,101.8622,101.0654,101.699,801014
2017-07-20,102.0542,102.6494,101.8142,102.4958,1309114
2017-07-21,102.4574,103.6285,102.2894,103.6189,680568
2017-07-24,103.6477,103.6477,102.1118,102.1118,954154
2017-07-25,102.1886,102.3134,101.4686,102.0446,941226
2017-07-26,102.7166,103.6765,101.5646,103.0813,959441
2017-07-27,103.0525,103.1485,102.2174,103.0525,1198057
2017-07-28,103.0717,103.1677,102.2366,102.4478,639133
2017-07-31,102.5054,102.9758,102.0926,102.7742,859985
2017-08-01,103.0045,103.1293,102.275,102.707,1245724
2017-08-02,102.2558,103.2925,101.9054,103.2925,762238
2017-08-03,102.9566,104.5309,102.9566,104.5117,777206
2017-08-04,104.2045,104.6269,103.8397,104.5789,797721
2017-08-07,104.5597,104.6269,104.1853,104.5693,514997
2017-08-08,104.4157,105.0493,104.2962,105.0205,481478
2017-08-09,105.3661,105.3661,104.1661,104.1853,563157
2017-08-10,104.1661,104.7709,103.8205,104.6941,618206
2017-08-11,104.9053,104.9053,103.2061,103.5517,590537
2017-08-14,103.7341,104.6845,103.6765,104.6845,534291
2017-08-15,104.3485,105.1405,104.3485,104.7997,713905
2017-08-16,104.9725,105.5005,104.7709,105.4813,666073
2017-08-17,105.4717,105.9325,105.3661,105.5005,759085
2017-08-18,105.4237,106.566,105.2125,106.2012,1398946
2017-08-21,106.3452,106.566,106.0764,106.4508,555276
2017-08-22,106.5756,106.9597,106.3068,106.9116,455189
2017-08-23,106.8732,107.4588,106.518,107.4108,499901
2017-08-24,107.3532,107.6604,107.19,107.2668,463945
2017-08-25,107.43,107.7468,107.0364,107.0364,736733
2017-08-28,107.2188,107.8524,107.2188,107.6508,552087
2017-08-29,107.7948,108.0732,107.5356,107.622,511991
2017-08-30,107.5164,107.8908,107.1996,107.4876,498531
2017-08-31,107.574,107.9772,107.19,107.8236,631278
2017-09-01,107.9964,108.0828,107.3916,107.6316,432132
2017-09-05,107.7276,108.2844,107.5068,108.2556,579268
2017-09-06,108.4764,108.4764,107.1516,107.2092,1025953
2017-09-07,107.4684,107.7948,106.998,107.382,730518
2017-09-08,107.3532,108.438,107.1228,108.3228,657402
2017-09-11,108.2364,109.1579,107.9004,108.966,441544
2017-09-12,108.6108,108.8892,106.6524,106.8348,625452
2017-09-13,106.8444,106.8444,105.8173,105.8173,961982
2017-09-14,105.7405,107.142,105.5965,107.1132,825875
2017-09-15,107.4082,107.8628,106.9537,107.7854,1369971
2017-09-18,107.737,107.8241,106.2767,106.8956,895323
2017-09-19,106.8183,106.886,106.0736,106.5571,757189
2017-09-20,106.8569,107.031,104.8067,105.2999,1285815
2017-09-21,105.2999,105.8608,105.0678,105.4353,589340
2017-09-22,105.6287,105.6577,104.6132,104.8163,634925
2017-09-25,104.7293,106.1703,104.6422,106.1316,703029
2017-09-26,105.9962,106.3154,105.3192,105.9285,953103
2017-09-27,105.2709,105.648,103.3119,103.7138,776944
2017-09-28,103.5204,104.3231,102.7177,104.12,865965
2017-09-29,103.9266,104.5359,103.5518,103.8299,884040
2017-10-02,104.2167,104.3521,103.6123,103.8395,839183
2017-10-03,103.7138,103.7138,102.7177,103.0949,854556
2017-10-04,103.1722,104.062,102.8531,104.0136,1410209
2017-10-05,104.149,104.7196,103.5639,104.207,1014617
2017-10-06,103.9169,104.5068,103.414,104.1393,737120
2017-10-09,104.3424,104.5359,104.1103,104.3811,483104
2017-10-10,104.4488,105.7931,104.2003,105.6964,844465
2017-10-11,105.7351,106.5571,105.6094,106.0929,727832
2017-10-12,106.3057,107.0891,105.7061,107.031,700534
2017-10-13,107.3405,107.7564,106.1606,106.2767,929564
2017-10-16,106.0446,106.6152,105.648,106.0252,923152
2017-10-17,106.0252,106.7506,105.7351,106.5378,1095907
2017-10-18,106.3444,106.9537,105.9479,106.915,925187
2017-10-19,107.0891,108.4527,106.5088,108.4527,885839
2017-10-20,108.3076,108.6461,107.8628,108.5494,987584
2017-10-23,108.9556,109.5455,108.2883,109.3328,1244680
2017-10-24,108.8299,109.2651,107.9981,108.9943,1808523
2017-10-25,108.9943,109.2554,104.9711,107.1471,2416725
2017-10-26,107.5629,108.4817,106.4217,106.4991,1365620
2017-10-27,106.5668,107.5533,106.3347,107.1858,872029
2017-10-30,107.1568,107.2245,106.3734,106.7119,914059
2017-10-31,106.4991,107.2728,106.0736,106.8279,1014668
2017-11-01,107.2922,107.9401,105.9769,106.6539,1301739
2017-11-02,106.7892,107.3695,106.325,107.1568,1685129
2017-11-03,106.9923,108.4237,106.8763,107.2535,1329681
2017-11-06,107.6597,108.5301,106.7022,107.9111,1036420
2017-11-07,108.0368,109.3328,107.6887,109.1007,846931
2017-11-08,108.9363,109.6519,108.7332,109.4682,744111
2017-11-09,109.2264,109.797,109.1007,109.4972,532447
2017-11-10,109.0426,109.2264,108.501,108.7525,636042
2017-11-13,109.0136,110.5707,108.8009,110.4836,1108862
2017-11-14,110.0775,111.8956,109.9421,111.7796,700434
2017-11-15,112.0214,112.3889,110.6287,110.7061,720251
2017-11-16,110.7254,110.8995,110.1065,110.2419,811617
2017-11-17,109.9034,110.3289,108.8492,109.207,970662
2017-11-20,109.2651,109.6229,108.3173,108.5397,739488
2017-11-21,108.9363,109.0717,108.5978,108.9363,797936
2017-11-22,108.9169,109.2312,108.5107,108.9169,1040007
2017-11-24,109.12,109.6761,108.9072,108.9459,181970
2017-11-27,108.8009,110.1258,108.8009,109.9034,1511386
2017-11-28,110.1258,110.5997,109.8647,110.5804,724603
2017-11-29,110.3579,111.6442,110.0098,110.7931,1044878
2017-11-30,110.9092,112.0407,110.4063,111.7699,1112754
2017-12-01,112.1858,112.5726,110.8511,111.4217,673516
2017-12-04,111.7216,112.9014,111.1606,111.7312,1356353
2017-12-05,111.6442,111.7941,109.5165,110.59,891566
2017-12-06,110.9092,111.3637,110.3676,111.2187,1113099
2017-12-07,111.1703,111.3057,110.6964,111.2864,885132
2017-12-08,111.0446,111.7506,110.7544,111.6925,1307564
2017-12-11,111.4894,112.2434,111.0252,112.1761,677110
2017-12-12,112.1858,112.4662,110.1838,110.2612,1073410
2017-12-13,110.3869,110.7187,109.9034,110.0775,796691
2017-12-14,109.5552,110.4159,109.0523,109.884,768176
2017-12-15,110.7344,111.1146,109.8475,110.3641,1743731
2017-12-18,110.4225,110.8124,108.0053,108.3464,931746
2017-12-19,108.3464,108.4926,106.1924,106.2509,929187
2017-12-20,106.2509,106.8649,105.4614,105.5101,863373
2017-12-21,104.9935,105.8707,104.8571,105.5101,710465
2017-12-22,105.666,106.1339,105.4126,105.9682,693030
2017-12-26,105.7635,106.4945,105.3444,105.3931,602932
2017-12-27,105.5881,105.9974,105.4029,105.9877,465720
2017-12-28,106.1924,106.9039,106.0364,106.8357,825829
2017-12-29,106.9819,107.3133,106.4166,106.6895,633876
2018-01-02,106.9039,107.6934,105.6076,105.705,988693
2018-01-03,105.5296,106.3386,104.6231,105.3639,1146526
2018-01-04,104.8863,105.7489,103.5315,103.6095,928716
2018-01-05,104.0091,104.1748,102.9174,103.512,1242687
2018-01-08,103.6679,104.3307,103.4633,104.2722,685613
2018-01-09,103.8531,104.2625,102.8492,103.0051,871656
2018-01-10,102.7225,102.8882,101.2117,101.9915,2099245
2018-01-11,102.0597,102.4496,101.0558,101.2994,944149
2018-01-12,102.2644,102.2644,100.6074,101.2897,1314333
2018-01-16,101.5139,102.011,100.3637,101.5041,2204387
2018-01-17,101.8063,101.8745,100.8998,101.4554,1297993
2018-01-18,101.6796,101.6796,100.2565,100.8511,1137119
2018-01-19,100.7536,101.2605,100.237,100.5392,1229410
2018-01-22,100.9583,101.5334,100.5294,100.7439,1096743
2018-01-23,100.8024,102.3424,100.7536,102.0207,1178769
2018-01-24,101.933,102.3619,101.3677,101.7868,1554327
2018-01-25,101.6698,103.317,101.5822,103.2781,1061670
2018-01-26,103.3463,103.551,101.8648,102.8297,1125294
2018-01-29,102.3326,102.4008,101.4067,101.7478,2646949
2018-01-30,101.4359,102.2059,101.1825,101.6016,1207515
2018-01-31,101.6893,103.0734,101.2215,102.9662,1338670
2018-02-01,103.0831,103.6582,101.0265,101.5821,2827492
2018-02-02,101.085,101.4749,100.3248,100.6659,2009781
2018-02-05,100.4125,101.4651,99.1454,99.4183,1872602
2018-02-06,98.2877,98.3169,95.1881,96.8451,3112835
2018-02-07,96.7769,98.005,96.5332,96.7574,1157299
2018-02-08,96.5332,97.8977,95.9874,95.9971,1973527
2018-02-09,96.27,99.2818,96.1531,98.5021,1462049
2018-02-12,98.6678,98.9894,97.5274,98.6873,1572728
2018-02-13,98.5021,99.8033,97.8588,99.623,957695
2018-02-14,99.0089,99.4085,98.0732,98.6678,950154
2018-02-15,98.9602,100.6172,98.8335,100.5392,987439
2018-02-16,100.1298,102.8882,99.9349,102.5568,1716854
2018-02-20,102.3911,103.0246,100.2858,100.5879,1398798
2018-02-21,100.5879,101.4846,99.3013,99.3208,978278
2018-02-22,99.7302,100.3248,98.9212,99.2818,1027054
2018-02-23,99.3598,102.05,99.2916,102.05,1053904
2018-02-26,102.2936,102.4057,100.9583,101.1337,924565
2018-02-27,101.3872,102.0402,99.428,99.4475,2119624
2018-02-28,99.6132,99.7692,98.1707,98.2292,2176531
2018-03-01,98.2974,99.4768,97.5274,98.1804,1039571
2018-03-02,98.1609,99.3306,97.2935,98.2389,876094
2018-03-05,98.122,100.1201,97.6833,99.9739,1063160
2018-03-06,99.8374,99.9056,98.1317,98.6385,824643
2018-03-07,98.3266,98.8871,97.0011,97.3909,1125535
2018-03-08,97.6249,98.2584,97.3325,97.8588,860295
2018-03-09,97.8295,98.044,97.0693,97.9855,1466819
2018-03-12,97.8198,99.1844,97.7418,98.3559,1537614
2018-03-13,98.7458,98.9407,97.7906,98.3754,1263972
2018-03-14,98.5021,99.3501,98.3266,99.1941,940547
2018-03-15,99.4183,99.8764,98.6093,99.1454,1690963
2018-03-16,99.4527,100.8095,99.256,100.5539,3391414
2018-03-19,100.3965,101.1831,99.8459,100.4752,1612157
2018-03-20,100.5735,101.0848,99.5411,100.4359,1820887
2018-03-21,100.78,101.9894,100.3572,100.8095,1153534
2018-03-22,100.7112,102.9726,100.7112,100.8292,1992659
2018-03-23,100.9865,101.832,99.2855,99.3937,779145
2018-03-26,99.7083,100.721,99.6395,100.4064,595207
2018-03-27,100.4752,103.1594,100.2392,102.068,707262
2018-03-28,102.3433,102.9431,101.6895,102.2548,861029
2018-03-29,102.2745,103.4218,102.2745,102.6481,592441
2018-04-02,102.9234,103.7198,101.4289,101.9304,981430
2018-04-03,101.9107,102.8546,101.5174,102.6678,1054110
2018-04-04,102.481,102.5744,101.1438,102.1467,954323
2018-04-05,102.2352,103.2479,100.839,102.8743,1000902
2018-04-06,102.9136,103.2381,101.9844,102.3138,879270
2018-04-09,102.3138,103.2577,101.891,102.5891,1113065
2018-04-10,102.7563,102.8743,101.6354,101.8222,716728
2018-04-11,101.7239,102.2942,101.1831,101.6059,425071
2018-04-12,101.7731,101.9205,100.1114,100.3867,609546
2018-04-13,100.5047,101.1143,100.4555,100.721,636358
2018-04-16,100.9373,101.9697,100.544,101.8714,965643
2018-04-17,101.9107,102.9824,101.5567,102.7366,543185
2018-04-18,102.8054,103.4347,102.1958,102.2647,904159
2018-04-19,102.068,102.4171,101.3208,101.9992,809420
2018-04-20,101.95,101.9992,100.5637,101.0061,1202489
2018-04-23,101.1536,101.9992,101.0651,101.5961,1155170
2018-04-24,101.9304,103.1791,100.8883,102.4515,1829601
2018-04-25,101.5272,103.2381,100.2982,102.2647,1121993
2018-04-26,102.1565,103.2282,101.4879,103.0709,806854
2018-04-27,102.7956,104.4572,102.7956,103.8771,1406821
2018-04-30,103.9066,104.2606,103.2282,103.6313,1847263
2018-05-01,103.4839,103.6313,102.9628,103.2381,1799508
2018-05-02,103.2381,103.6854,102.2253,102.9922,1311319
2018-05-03,103.0709,103.2872,101.6207,102.8448,1046249
2018-05-04,102.8546,103.3217,102.54,102.9234,899169
2018-05-07,102.7661,102.7809,102.009,102.4023,1125046
2018-05-08,102.1565,102.1565,99.079,99.4035,1354288
2018-05-09,99.4428,99.6296,98.0467,98.5579,851406
2018-05-10,99.2363,99.669,98.6759,99.6296,757379
2018-05-11,99.9344,100.9914,99.6542,100.7308,1352263
2018-05-14,100.8095,101.1536,99.7968,100.5735,1511818
2018-05-15,100.0328,100.3965,99.1184,99.7673,1750607
2018-05-16,99.8459,99.8459,98.3711,98.7841,859184
2018-05-17,98.7349,99.1577,97.3387,97.6534,1533146
2018-05-18,97.9385,98.7546,97.555,98.2433,1197993
2018-05-21,98.3023,98.5874,97.4469,98.2925,852629
2018-05-22,98.2826,99.2462,98.1254,98.4399,875364
2018-05-23,98.7939,99.8262,98.6169,99.728,972390
2018-05-24,100.0131,100.7358,99.5117,100.4162,1567908
2018-05-25,100.5047,101.1536,100.3081,100.4654,1013920
2018-05-29,100.426,101.306,99.8459,100.3867,1060155
2018-05-30,100.2687,101.0553,99.9246,100.7308,1009631
2018-05-31,100.6522,101.3109,100.018,100.7112,1597157
2018-06-01,100.6424,100.7603,99.1479,99.3347,1065492
2018-06-04,99.5706,100.0623,98.3121,98.3613,1184905
2018-06-05,98.204,98.4989,97.3191,97.6239,1066126
2018-06-06,97.614,97.6435,95.1462,95.3133,1282075
2018-06-07,94.979,96.3555,94.5956,95.4116,1285393
2018-06-08,95.6673,95.8246,94.9397,95.3428,1063844
2018-06-11,94.4972,95.3625,92.6709,93.1109,2335861
2018-06-12,93.2289,95.0773,93.2092,94.8709,1567216
2018-06-13,95.1855,95.5296,94.2711,94.4677,1253509
2018-06-14,94.6545,95.7066,94.4284,95.4215,1232869
2018-06-15,95.3048,96.3963,94.6599,96.307,2361274
2018-06-18,96.3566,97.0214,96.1235,96.6444,961825
2018-06-19,96.6344,98.3609,96.5451,98.3312,1816189
2018-06-20,98.1427,98.6983,97.1008,98.5197,1878128
2018-06-21,98.4602,99.4723,98.3113,99.2937,2489111
2018-06-22,99.3631,99.8989,99.1547,99.6707,1265762
2018-06-25,99.889,102.2406,99.7104,101.9926,1974484
2018-06-26,101.8536,103.1832,101.7643,102.3994,1606411
2018-06-27,102.2307,103.8183,102.1414,103.3718,1417839
2018-06-28,103.6496,104.3144,102.7863,103.1336,1297599
2018-06-29,103.2229,103.5206,102.2009,102.826,1161919
2018-07-02,102.9352,103.858,102.6673,103.7786,1349735
2018-07-03,103.7191,104.751,103.3519,104.2053,617318
2018-07-05,104.4335,105.5845,104.0663,105.5051,1190683
2018-07-06,105.515,106.3336,105.3672,106.1997,936387
2018-07-09,106.1203,106.1203,101.933,102.3498,1222644
2018-07-10,101.9727,103.7389,101.0896,103.1932,1294450
2018-07-11,103.6099,105.0586,103.4611,104.8403,1131461
2018-07-12,105.009,105.3265,104.4335,105.0983,974009
2018-07-13,105.1578,105.4555,104.5525,105.3662,1004766
2018-07-16,105.1876,105.8028,104.7311,105.4753,1151369
2018-07-17,105.7234,105.9318,105.3662,105.5547,883639
2018-07-18,105.2967,105.7135,104.7311,105.2372,744955
2018-07-19,105.3959,106.9637,105.3959,106.537,1083570
2018-07-20,106.1203,106.4378,104.88,105.773,1006353
2018-07-23,106.031,106.1897,104.9792,105.6043,926325
2018-07-24,104.8899,106.1798,103.9969,105.8921,1507742
2018-07-25,107.1522,108.72,106.6462,107.4598,1939447
2018-07-26,108.1742,108.7696,107.4697,107.9758,1244391
2018-07-27,107.9758,108.8093,107.3705,107.7674,979074
2018-07-30,107.6583,107.688,106.5271,106.9438,1290020
2018-07-31,107.4797,108.0353,106.8049,107.6979,2062133
2018-08-01,106.924,107.0629,105.4456,107.0034,1919410
2018-08-02,106.9339,108.0552,106.3088,107.8567,839689
2018-08-03,107.8666,109.3252,107.3011,109.2458,1055349
2018-08-06,109.2657,110.0297,109.0276,109.6427,2020857
2018-08-07,109.7122,109.7122,108.4322,109.4939,936086
2018-08-08,109.2161,109.613,108.6703,109.3054,641449
2018-08-09,109.4443,109.9503,109.1069,109.861,914951
2018-08-10,110.119,110.8632,109.4046,109.484,1221199
2018-08-13,109.6527,110.0396,109.1665,109.9305,1332829
2018-08-14,109.8412,110.5754,109.8412,110.1786,575429
2018-08-15,110.1488,111.9646,110.119,111.399,1210799
2018-08-16,111.2303,112.3913,110.9624,112.302,1296698
2018-08-17,112.163,113.2297,111.9249,112.7385,1383225
2018-08-20,112.9866,112.9866,111.9646,112.421,1045255
2018-08-21,112.5103,112.6294,111.3097,111.8455,1378509
2018-08-22,112.0142,112.0638,109.8412,110.3671,1004584
2018-08-23,110.3968,111.5478,110.2579,110.5655,880848
2018-08-24,110.7243,111.1509,109.8114,111.0319,832125
2018-08-27,111.1509,111.4883,109.8313,110.4762,1161490
2018-08-28,110.1984,110.3869,109.6031,109.871,732271
2018-08-29,110.1686,110.4465,109.6527,110.4068,678549
2018-08-30,110.7044,111.3792,110.519,110.9922,808800
2018-08-31,110.9922,111.4784,109.9503,110.2778,740337
2018-09-04,110.6647,111.4508,110.6449,110.8037,904796
2018-09-05,111.012,112.4409,110.8334,112.3913,981702
2018-09-06,112.3714,113.4232,111.8654,113.1156,1100927
2018-09-07,112.2623,112.8576,111.5875,112.0837,1216306
2018-09-10,112.4111,113.1354,112.1134,112.5202,909832
2018-09-11,112.6691,113.1057,112.0936,112.3416,689717
2018-09-12,112.1531,112.8278,111.8852,112.1432,707233
2018-09-13,112.302,112.8973,111.3593,112.8774,785387
