date,open,high,low,close,volume
2013-09-16,55.1801,55.2269,54.2908,54.3938,2061445
2013-09-17,54.4125,55.2924,54.3376,55.0958,2027397
2013-09-18,54.9367,56.5233,54.8993,55.9944,4457849
2013-09-19,56.191,56.3501,55.5124,55.8634,2459550
2013-09-20,55.9008,56.3876,55.5826,55.7323,3796478
2013-09-23,55.6762,55.8353,55.3205,55.7698,2918341
2013-09-24,55.7417,56.2518,55.4609,55.9102,2606107
2013-09-25,55.9383,56.2473,55.6387,55.6949,2289345
2013-09-26,55.723,55.9195,55.2737,55.6668,2038942
2013-09-27,55.4515,55.7136,54.5529,54.9554,3262206
2013-09-30,54.2627,54.2721,53.542,54.0662,3530724
2013-10-01,54.1598,55.1707,54.113,54.8525,2260656
2013-10-02,54.6652,54.9086,53.8977,54.5623,1930286
2013-10-03,54.4125,54.712,54.113,54.2627,2166083
2013-10-04,54.3844,55.3579,54.2815,55.152,2075349
2013-10-07,54.7495,55.3954,54.5811,54.6278,1732311
2013-10-08,54.8618,55.2175,54.4172,54.478,2884121
2013-10-09,54.5061,54.9741,54.244,54.5716,3133081
2013-10-10,55.0397,56.5467,55.0303,56.425,4366223
2013-10-11,56.1536,57.4452,55.957,56.9118,3305858
2013-10-14,56.4437,57.2862,56.294,57.0428,2246665
2013-10-15,56.8556,57.5576,56.6309,57.0709,2869109
2013-10-16,57.5483,59.0553,57.3891,58.4937,4179729
2013-10-17,58.4282,59.0928,58.0444,58.943,2647464
2013-10-18,59.3829,59.514,58.5779,59.1676,3229186
2013-10-21,60.7683,62.5468,60.3845,61.1427,8475724
2013-10-22,61.8447,62.6404,61.0397,61.3299,5281143
2013-10-23,60.8712,60.8712,59.6169,60.0007,3223467
2013-10-24,60.0288,60.656,59.879,60.3751,2349393
2013-10-25,60.5717,60.8432,59.8042,60.4126,1924109
2013-10-28,60.5998,60.6372,59.6918,59.9352,2508305
2013-10-29,60.1692,60.5904,59.9726,60.4032,2278365
2013-10-30,60.4968,60.8244,58.8307,59.3548,2390977
2013-10-31,59.2987,59.7386,58.7745,59.177,2407396
2013-11-01,59.1489,59.8556,58.6996,59.5889,2345920
2013-11-04,59.7293,60.5343,59.6825,60.3377,2408190
2013-11-05,60.1598,60.319,59.3924,59.7105,2663420
2013-11-06,60.3564,60.3564,55.6013,57.4734,9580632
2013-11-07,57.3985,57.5576,55.723,55.9383,6373986
2013-11-08,55.9476,56.6871,55.9102,56.2659,3538851
2013-11-11,57.5764,57.5764,56.5748,56.8275,4171608
2013-11-12,56.7714,56.8182,55.6575,56.0038,3234551
2013-11-13,55.9008,56.7246,55.6949,56.7246,2674759
2013-11-14,56.7058,57.127,56.322,56.9305,2350840
2013-11-15,57.0334,57.2018,56.3782,56.6122,2666623
2013-11-18,56.7433,56.9118,55.7885,55.9663,2724273
2013-11-19,55.957,59.1583,55.62,58.7558,11442648
2013-11-20,60.8993,61.4048,58.0912,58.7371,14575647
2013-11-21,59.177,59.4578,58.4703,58.5966,5586919
2013-11-22,59.0085,59.0647,58.2878,58.5686,4494472
2013-11-25,58.372,58.503,56.9024,57.6606,3523617
2013-11-26,57.5202,58.4001,57.3143,57.3517,3302041
2013-11-27,57.3517,57.5764,56.5748,56.6965,2278641
2013-11-29,56.7339,57.3143,56.3501,56.7433,2250204
2013-12-02,56.996,57.0147,56.4437,56.6684,3362668
2013-12-03,56.8556,57.9695,56.5935,57.5202,3588767
2013-12-04,57.3423,57.8478,56.8837,56.9211,3597287
2013-12-05,56.7339,57.9414,56.5654,57.4359,3845857
2013-12-06,57.8852,57.9414,56.3314,56.6122,3129169
2013-12-09,56.7994,57.0896,56.2846,56.8182,2435287
2013-12-10,56.6122,57.5754,56.5841,56.9305,3210338
2013-12-11,56.7426,56.8835,55.7092,55.9628,3354601
2013-12-12,56.1789,56.6486,55.7937,55.8219,2967016
2013-12-13,55.8313,56.2428,55.4273,55.634,3039884
2013-12-16,56.0098,56.8929,55.9347,56.7426,2800613
2013-12-17,56.6111,56.6298,55.991,56.038,3027127
2013-12-18,56.085,56.2541,54.5161,55.7468,4353754
2013-12-19,55.7562,57.419,55.5683,57.0714,3619996
2013-12-20,57.2499,57.4096,56.4889,57.2499,3954395
2013-12-23,57.5975,58.1048,57.0338,57.1278,1942694
2013-12-24,57.062,57.729,56.9211,57.5505,847762
2013-12-26,57.4566,57.7384,56.9305,57.419,2125290
2013-12-27,57.7008,58.133,57.4284,57.9545,1473304
2013-12-30,58.0108,58.6215,57.8323,58.0578,2724262
2013-12-31,58.0954,58.4242,57.6632,58.1236,2336589
2014-01-02,57.9545,58.0954,57.2311,57.4566,2061600
2014-01-03,57.5881,57.9451,57.1184,57.3344,1735556
2014-01-06,56.8365,56.9774,56.4326,56.6017,2566422
2014-01-07,57.2311,58.2363,57.0996,57.7572,3499660
2014-01-08,57.7572,58.0484,57.2499,57.5975,3503762
2014-01-09,57.5693,57.7948,56.3574,57.0996,2831453
2014-01-10,57.2687,57.3626,56.6111,56.8647,2296904
2014-01-13,56.8271,57.109,55.4461,55.5965,3198772
2014-01-14,55.5683,56.4607,55.5401,56.1601,2414382
2014-01-15,56.2822,56.6485,55.5401,55.6246,3032792
2014-01-16,55.5307,55.9722,55.3804,55.7749,3042150
2014-01-17,55.8501,55.9722,55.1455,55.4367,3311997
2014-01-21,56.0098,56.4984,55.4273,56.0662,2750908
2014-01-22,56.4513,57.0432,55.9816,56.752,3092742
2014-01-23,56.6674,56.9211,56.2165,56.4795,2484479
2014-01-24,56.0004,56.2635,55.5645,55.9159,3823785
2014-01-27,55.8689,55.8971,54.9219,55.1173,3576159
2014-01-28,55.3428,55.9159,55.1925,55.6998,2483435
2014-01-29,55.1549,55.9628,54.6852,55.4367,3097642
2014-01-30,55.5307,56.8365,55.1737,56.0568,4712022
2014-01-31,55.3428,56.1343,55.2395,55.634,3442144
2014-02-03,55.6058,56.0192,54.1806,54.347,4388693
2014-02-04,55.1737,56.1695,55.0798,55.728,4608803
2014-02-05,55.8219,56.0286,55.061,55.5025,3927610
2014-02-06,55.8783,56.9962,55.4649,56.7895,3738308
2014-02-07,56.8271,57.4096,56.5547,57.325,3020933
2014-02-10,57.1747,57.2499,56.6486,57.1184,2284646
2014-02-11,57.0996,58.0531,56.8929,57.8135,2033453
2014-02-12,58.1236,58.1236,57.2959,57.4753,2341868
2014-02-13,57.2029,58.6778,57.0432,58.4993,3316279
2014-02-14,58.4993,58.6497,57.8417,58.2927,2318562
2014-02-18,58.5745,59.5327,58.3678,59.1006,5137014
2014-02-19,60.0964,61.6653,59.4764,60.3594,9710989
2014-02-20,60.3219,60.9983,60.1716,60.6507,3788188
2014-02-21,60.754,60.8949,59.7582,59.8146,4596629
2014-02-24,60.0306,60.9795,60.0306,60.4722,3368476
2014-02-25,60.1903,60.2655,59.3636,60.04,3765449
2014-02-26,59.9461,60.1622,59.4858,59.8709,3244520
2014-02-27,59.6267,60.5192,59.5609,60.4158,3066489
2014-02-28,60.444,60.8292,60.1997,60.5192,2457261
2014-03-03,60.1246,61.1016,59.8521,59.9179,3815468
2014-03-04,60.3876,60.9231,59.9085,60.7258,3990299
2014-03-05,60.6413,61.0452,60.397,60.5661,2749667
2014-03-06,60.6319,60.8292,60.1885,60.6131,1684744
2014-03-07,60.5849,61.2989,60.3876,61.1862,2935738
2014-03-10,61.064,61.1204,59.9367,60.6225,3192162
2014-03-11,60.5567,60.8574,59.5609,59.7018,2331425
2014-03-12,59.3059,59.6641,58.9477,59.4662,2251875
2014-03-13,59.5981,59.7395,58.9053,59.0042,2182942
2014-03-14,58.8911,59.2211,58.7968,59.1456,3086092
2014-03-17,59.3342,59.7773,58.8487,59.2022,2178930
2014-03-18,59.4096,59.9941,59.3625,59.8527,2154779
2014-03-19,59.8055,60.2203,59.485,59.8244,2667865
2014-03-20,59.3625,59.9187,59.1268,59.6641,2870351
2014-03-21,60.1638,60.6634,59.7584,60.4183,3314000
2014-03-24,60.72,60.9745,60.1213,60.2486,1560247
2014-03-25,60.4843,60.6351,60.1449,60.2957,2780263
2014-03-26,60.7765,60.9179,60.1826,60.3335,3440884
2014-03-27,60.4654,61.6438,60.3335,60.9839,3939558
2014-03-28,61.3422,62.0586,61.163,62.0209,5840502
2014-03-31,62.2189,63.1145,61.8606,63.0956,5353409
2014-04-01,63.0767,63.8121,62.9259,63.8026,4251660
2014-04-02,63.5858,64.3306,63.435,64.0006,3481003
2014-04-03,64.4814,65.5938,64.208,64.5851,4800670
2014-04-04,64.8585,65.113,63.9158,64.1137,3033368
2014-04-07,63.9535,64.2927,63.3973,63.6801,2344849
2014-04-08,63.8686,64.2174,63.6895,63.9629,3109015
2014-04-09,64.2457,64.5285,63.9346,64.4625,4998450
2014-04-10,64.3023,65.4995,64.0195,64.6794,5158542
2014-04-11,64.2269,64.8231,63.6612,63.6801,3824591
2014-04-14,64.2551,64.2551,63.2841,63.9063,4506316
2014-04-15,63.8969,64.9527,63.7178,64.7453,3481288
2014-04-16,65.0847,66.2443,65.0847,65.8577,3777898
2014-04-17,65.9614,66.9701,65.6503,66.6496,4003523
2014-04-21,66.8193,66.9042,66.0557,66.4611,3156826
2014-04-22,66.2443,66.8664,65.952,66.5836,2246650
2014-04-23,66.8853,67.5075,66.6685,67.2247,2540210
2014-04-24,67.5169,68.2617,67.2907,67.7903,3872625
2014-04-25,67.3944,67.6395,66.282,66.3668,4243664
2014-04-28,66.5836,66.8663,65.6598,66.2537,2843717
2014-04-29,66.725,67.3944,66.3715,66.4422,2153660
2014-04-30,66.1406,66.2537,65.4712,65.9897,4350614
2014-05-01,65.9332,66.2348,65.6598,65.886,3104819
2014-05-02,66.1877,66.6355,65.8295,66.2537,4054867
2014-05-05,65.8389,66.6308,65.6126,66.3197,2054182
2014-05-06,66.3102,66.7816,65.952,66.1688,2746995
2014-05-07,66.8287,69.5626,65.2356,68.8744,8860707
2014-05-08,68.7519,69.0252,66.7345,66.923,5886559
2014-05-09,66.9984,67.0267,66.0086,66.6779,3053719
2014-05-12,66.9701,67.1257,66.5931,66.9701,2026406
2014-05-13,67.2247,68.667,67.055,68.2805,4720872
2014-05-14,68.2994,68.4313,67.5829,67.6395,2694825
2014-05-15,67.5735,67.6018,65.9991,66.6873,4221501
2014-05-16,66.725,67.0267,66.0746,66.6213,2497860
2014-05-19,66.6308,67.5358,66.4234,67.1964,2452582
2014-05-20,67.6772,68.7707,67.5923,68.3936,5440674
2014-05-21,68.6482,69.4212,68.4785,69.3269,3382846
2014-05-22,69.4023,69.4683,68.535,68.5445,2571328
2014-05-23,68.6387,68.9404,68.2617,68.4879,2157342
2014-05-27,68.6293,68.9781,68.2428,68.9404,2698457
2014-05-28,68.9687,69.3411,68.535,69.2326,3439231
2014-05-29,69.4306,69.7417,68.9404,69.6569,2233671
2014-05-30,69.6097,69.7511,68.9875,69.6663,2119220
2014-06-02,69.6192,70.0717,69.3458,69.4683,2125725
2014-06-03,70.0245,70.7033,69.8925,70.4205,3320149
2014-06-04,70.609,70.741,70.2602,70.5807,2139624
2014-06-05,70.5242,70.7947,70.2319,70.5053,2026918
2014-06-06,70.6279,70.7033,70.2602,70.3922,2091107
2014-06-09,70.5147,70.7504,69.9208,70.1848,2253564
2014-06-10,70.5336,71.5988,70.477,70.6467,3388670
2014-06-11,70.5805,73.0016,70.3346,72.2734,5787386
2014-06-12,72.699,73.7677,72.6233,72.8219,3781626
2014-06-13,73.03,73.8623,72.5855,73.8055,3314847
2014-06-16,73.9379,74.0703,73.4414,73.9852,4048033
2014-06-17,73.5502,74.0715,73.2759,73.8812,2043375
2014-06-18,73.6353,74.5054,73.1719,73.8812,2798559
2014-06-19,73.9095,74.2406,73.3894,74.2311,2055276
2014-06-20,74.5337,74.9499,74.4392,74.6661,3133630
2014-06-23,74.9404,74.9404,74.3446,74.5905,2518322
2014-06-24,74.6378,75.1768,73.153,73.361,3652913
2014-06-25,73.3421,75.1863,73.3421,75.1485,2627824
2014-06-26,74.9309,75.1485,73.919,74.3351,1943698
2014-06-27,74.2027,75.2619,74.0656,75.1863,1972694
2014-06-30,74.9026,76.255,74.7323,75.0917,2669349
2014-07-01,75.5173,75.6686,74.7512,74.7891,2157143
2014-07-02,74.7796,75.3282,74.0136,74.3162,3311337
2014-07-03,74.6567,74.9593,73.9379,74.912,1413704
2014-07-07,75.5268,75.5268,73.8623,74.0325,3289059
2014-07-08,74.1744,74.8458,73.692,73.9001,3641038
2014-07-09,74.1649,75.1012,73.9568,75.0917,2215096
2014-07-10,73.919,74.4675,73.1354,73.8623,3014217
2014-07-11,73.7866,73.9001,72.9165,72.9449,2920235
2014-07-14,73.153,73.8244,72.9827,73.588,2107623
2014-07-15,73.5029,73.6731,71.8762,72.3491,3398131
2014-07-16,72.8219,73.7299,72.6139,73.6637,2340138
2014-07-17,73.7109,74.3635,71.4979,71.6303,3876940
2014-07-18,72.368,73.1435,71.9991,72.8314,2548510
2014-07-21,72.7368,73.0205,72.1788,72.9354,1915725
2014-07-22,73.4367,74.1838,73.134,73.9095,3234607
2014-07-23,73.7771,74.2784,73.3705,74.2406,2044378
2014-07-24,74.2311,75.0066,74.0609,74.7418,2921698
2014-07-25,74.2689,74.39,73.692,74.0892,1194493
2014-07-28,73.9568,74.4108,73.2192,73.5975,1588946
2014-07-29,73.5407,73.9852,73.0962,73.2002,2180185
2014-07-30,73.8055,74.2122,72.9733,73.1151,2356256
2014-07-31,72.8219,72.8598,71.3371,71.4033,2800958
2014-08-01,71.0345,71.706,70.2022,71.0156,2913848
2014-08-04,71.2236,72.8314,70.7744,72.6423,3236255
2014-08-05,72.0937,72.5288,70.0888,70.5427,3892630
2014-08-06,70.0036,71.5547,67.597,70.3441,4806262
2014-08-07,70.5238,70.6184,69.0484,69.4835,2505740
2014-08-08,69.5213,70.4008,69.1336,70.3441,2153528
2014-08-11,70.8264,71.0345,70.1077,70.1739,1624660
2014-08-12,69.9847,70.0226,68.5661,69.0484,3239236
2014-08-13,69.2943,69.6632,68.4715,68.6891,2978904
2014-08-14,68.9728,69.2943,68.5046,68.7174,2744129
2014-08-15,68.935,69.6159,68.7647,69.3605,2793189
2014-08-18,69.5119,69.701,69.0012,69.5497,1883724
2014-08-19,69.7672,70.6751,69.6183,70.2495,1733705
2014-08-20,70.3157,70.3157,69.4646,69.8429,2637426
2014-08-21,69.8901,70.921,69.8901,70.8359,1788377
2014-08-22,70.5711,70.6751,69.9942,70.1266,1487019
2014-08-25,70.5522,70.9116,70.363,70.6467,1880779
2014-08-26,70.9116,71.5263,70.4576,70.5143,1937346
2014-08-27,70.7224,70.7413,70.0131,70.2495,1676594
2014-08-28,70.0036,70.7886,69.9185,70.5805,1314046
2014-08-29,70.6846,71.356,70.4292,71.3277,1624161
2014-09-02,71.2142,71.252,69.5591,70.0604,1947861
2014-09-03,70.6373,70.9305,70.0698,70.155,1582699
2014-09-04,69.7672,70.0226,68.0365,68.3864,3207500
2014-09-05,68.2919,68.8403,67.9703,68.7931,2509547
2014-09-08,68.2824,68.2824,66.6557,67.3556,3205135
2014-09-09,67.0718,67.5447,66.3673,66.9111,3135054
2014-09-10,67.1673,67.1673,65.7818,67.0629,3478997
2014-09-11,66.4935,67.3571,66.1424,67.0249,2234759
2014-09-12,66.7592,67.1103,66.1329,66.3796,3610639
2014-09-15,66.3512,66.987,65.8008,66.6833,2136822
2014-09-16,66.7687,68.6191,66.4271,68.1827,4246660
2014-09-17,68.4768,68.5433,67.6418,67.917,2300490
2014-09-18,68.344,68.5148,67.3381,67.9075,4937488
2014-09-19,68.306,68.5148,67.2052,67.3476,4105446
2014-09-22,67.0629,67.1768,65.7343,66.4081,3970831
2014-09-23,66.1234,66.9775,66.0475,66.3417,2449045
2014-09-24,66.4556,67.1436,65.6584,66.503,3788737
2014-09-25,66.1993,66.6738,65.1366,65.1934,2555784
2014-09-26,65.184,66.095,64.7569,65.7438,2407586
2014-09-29,65.127,66.1614,64.8803,66.0285,2519916
2014-09-30,65.8482,65.9811,64.1306,64.7,4124076
2014-10-01,64.235,65.2883,63.2955,63.6466,3039608
2014-10-02,63.1722,63.6371,61.8057,63.1627,3325538
2014-10-03,63.3714,63.4379,61.929,62.0998,3619994
2014-10-06,62.432,62.5997,61.2553,61.5115,3878866
2014-10-07,61.2173,61.7202,60.3253,60.3632,3245926
2014-10-08,59.9931,60.7998,58.8829,60.6859,4571794
2014-10-09,60.0596,60.1355,58.1142,58.1711,5182510
2014-10-10,57.9054,58.1996,56.1356,56.3871,6457055
2014-10-13,56.3776,56.8331,53.5402,53.6731,5774372
2014-10-14,54.0242,54.5651,52.1168,52.4299,7618203
2014-10-15,51.3292,52.7051,50.6174,52.3256,8333264
2014-10-16,51.6423,54.2804,51.1678,53.6541,7999396
2014-10-17,54.9826,55.6754,54.679,55.2009,8139501
2014-10-20,55.3527,56.1309,54.4228,55.0206,3820519
2014-10-21,55.8842,57.0561,55.7323,56.9944,5052705
2014-10-22,57.2127,58.0288,55.6185,55.6469,6715697
2014-10-23,56.7192,57.5638,56.2163,56.947,3964771
2014-10-24,56.6718,57.2317,55.9885,56.8521,3196542
2014-10-27,55.4666,55.4951,53.9483,54.4038,4785904
2014-10-28,54.7929,56.5959,54.3184,56.5389,3230408
2014-10-29,58.4463,58.4463,56.0645,56.6813,3248745
2014-10-30,56.1688,56.5294,55.0775,55.3243,3562386
2014-10-31,55.2958,56.9755,54.4973,56.9375,4012109
2014-11-03,57.1368,57.9814,55.4002,55.552,4689913
2014-11-04,54.1191,54.6126,52.6103,53.1606,6075728
2014-11-05,56.7477,58.8924,56.6433,58.4748,8913810
2014-11-06,58.1901,59.3763,57.8675,59.3668,5122889
2014-11-07,60.0216,61.7392,59.9172,61.7108,6779337
2014-11-10,62.5933,63.0298,60.3822,60.9326,6151411
2014-11-11,60.8852,61.5494,59.9267,61.2648,2718254
2014-11-12,60.9041,61.6728,60.4202,60.7998,3733740
2014-11-13,60.2019,60.7333,59.0821,60.0501,4072333
2014-11-14,60.088,60.999,59.7654,60.9041,2703419
2014-11-17,60.5435,61.1224,59.8128,60.591,2843249
2014-11-18,60.3443,61.5684,60.0501,61.1983,3649541
2014-11-19,61.5115,61.9195,60.5151,61.521,2778826
2014-11-20,61.5969,63.4474,61.3502,63.3525,3741944
2014-11-21,64.6051,64.9752,63.2386,63.77,4342990
2014-11-24,63.6182,63.77,62.2327,62.9064,3394684
2014-11-25,63.4474,63.4758,61.1509,61.4735,4136211
2014-11-26,61.0655,61.2078,60.1203,60.7523,2699642
2014-11-28,56.8995,57.1178,55.6232,55.9601,5443883
2014-12-01,55.6944,57.0798,54.641,56.8806,7586887
2014-12-02,55.9411,58.0763,55.4192,56.8331,4325535
2014-12-03,57.2317,59.0632,57.2127,57.8105,3800473
2014-12-04,57.2601,57.2601,56.2448,56.482,3995592
2014-12-05,56.2258,57.4594,55.4192,56.8426,4474206
2014-12-08,56.1309,56.1309,53.564,53.711,6298135
2014-12-09,54.233,55.4097,53.1606,54.2804,6007448
2014-12-10,53.1178,53.1178,51.4501,51.9076,6895963
2014-12-11,51.8123,52.9272,51.1166,51.3072,4907950
2014-12-12,50.3352,52.0791,49.8397,50.5162,5612414
2014-12-15,51.0023,51.8123,49.9064,50.1827,5007324
2014-12-16,49.4203,52.9939,49.3251,51.555,7297098
2014-12-17,52.1458,56.5199,51.9076,55.7194,7364029
2014-12-18,57.5014,57.8635,55.1,57.4538,6041360
2014-12-19,57.7778,58.5687,56.9011,58.4258,7956574
2014-12-22,57.6825,57.7968,56.3293,57.3585,4689849
2014-12-23,58.0923,58.9309,57.3871,58.5783,3510624
2014-12-24,58.1304,58.2924,56.9868,57.3775,2185905
2014-12-26,57.9779,58.5497,57.4347,57.9684,2270405
2014-12-29,58.2066,58.8642,57.7496,58.2733,2503464
2014-12-30,57.8254,58.5592,57.2441,58.1876,3254999
2014-12-31,57.5395,59.1215,57.0821,58.3305,3720317
2015-01-02,57.7778,58.7307,56.7962,58.0923,3019780
2015-01-05,56.882,56.882,55.0809,55.9386,3867318
2015-01-06,55.8433,56.4055,54.0994,54.795,4685851
2015-01-07,55.3573,56.1673,54.6807,55.0523,4208724
2015-01-08,55.9862,57.6062,55.281,57.0059,4551836
2015-01-09,57.1774,57.8635,56.2912,57.5681,3556300
2015-01-12,56.4246,56.7867,55.1953,56.3483,4333086
2015-01-13,56.4913,56.9773,55.7194,56.1196,4911764
2015-01-14,55.5383,56.5866,54.614,55.748,5974009
2015-01-15,57.1012,57.3394,55.0619,55.1381,3758886
2015-01-16,55.6241,57.9493,55.5479,57.8445,5251960
2015-01-20,56.7962,57.1774,55.6527,56.8344,4769510
2015-01-21,57.5586,58.7689,57.1298,58.7022,4001528
2015-01-22,59.0643,59.2549,57.1012,58.3686,3888384
2015-01-23,58.0827,58.7212,57.3108,57.3299,3998287
2015-01-26,57.5586,59.2359,57.1965,58.8165,3336860
2015-01-27,58.3496,59.6265,57.7778,59.1786,2737509
2015-01-28,58.6069,58.6431,55.586,55.6813,4752952
2015-01-29,56.1578,56.4246,54.2328,55.9576,3087218
2015-01-30,55.3859,58.0637,54.9667,57.4347,3792560
2015-02-02,58.4544,59.8933,57.9874,59.8838,4579567
2015-02-03,60.7891,61.885,60.3508,61.056,6447402
2015-02-04,59.7885,61.2465,59.4178,60.9892,5257023
2015-02-05,61.5038,62.3234,61.056,61.9422,5249550
2015-02-06,62.6188,62.8094,61.8088,62.1995,4855212
2015-02-09,62.5616,62.7617,61.5829,61.6849,3941210
2015-02-10,61.6563,61.6754,59.7409,61.1608,4257443
2015-02-11,60.0363,61.5991,59.5122,61.561,3883738
2015-02-12,62.5044,63.162,62.0375,62.6855,4933463
2015-02-13,63.5432,63.5527,62.3329,63.343,4872369
2015-02-17,63.0095,63.9244,62.7179,63.5146,4582023
2015-02-18,61.8088,62.7522,60.5509,60.9416,6840157
2015-02-19,59.4359,61.7516,59.2549,61.38,4240556
2015-02-20,61.1512,61.6658,60.3508,60.8177,2771038
2015-02-23,60.1888,61.3609,59.7313,60.9416,2263478
2015-02-24,61.5324,61.8469,60.8844,61.7897,2992973
2015-02-25,61.6849,62.4473,60.9702,62.371,3355778
2015-02-26,61.6849,61.885,59.3311,59.6075,3561739
2015-02-27,59.7885,59.9696,58.6069,58.6926,3278286
2015-03-02,58.5687,58.6545,57.3918,57.997,4529143
2015-03-03,57.9017,59.0452,57.7968,58.3686,3615455
2015-03-04,58.5497,59.0643,57.6825,58.9499,3745003
2015-03-05,58.7403,58.7403,57.9588,57.9684,2499598
2015-03-06,57.0535,57.3585,56.3293,56.396,4572738
2015-03-09,56.2435,56.6819,55.2906,55.3096,2790027
2015-03-10,54.7569,55.3763,54.2852,54.309,2809686
2015-03-11,55.8785,55.9646,54.998,55.3521,7497025
2015-03-12,55.467,55.6009,54.6344,54.7109,3328260
2015-03-13,54.1176,55.266,53.9262,55.2181,3691933
2015-03-16,54.6631,56.2708,54.3473,56.223,3568344
2015-03-17,55.7253,56.1464,55.0555,55.5531,2518528
2015-03-18,54.7396,57.9743,54.5483,57.6489,3533880
2015-03-19,56.5484,56.8929,55.6775,55.7541,2238246
2015-03-20,56.3187,57.0556,56.0699,56.1368,4336665
2015-03-23,56.2325,56.6785,55.4574,55.4765,2834887
2015-03-24,55.5914,56.0603,55.2564,55.3521,2868925
2015-03-25,55.9359,57.7542,55.8306,57.0747,6182096
2015-03-26,58.3188,58.5485,57.0651,57.4766,3811185
2015-03-27,57.3139,57.3139,56.4096,56.6058,2277434
2015-03-30,57.3522,58.1944,56.9599,58.0987,3248408
2015-03-31,57.2661,58.4336,56.979,57.7159,3135490
2015-04-01,58.07,59.582,57.9838,58.9312,3582084
2015-04-02,58.7303,60.2136,58.4336,59.8595,4740544
2015-04-06,60.2615,61.295,60.1466,60.6825,3923060
2015-04-07,60.7495,61.5247,60.5198,60.606,3389159
2015-04-08,60.9409,61.2376,60.2519,60.3285,2821397
2015-04-09,60.9314,62.4338,60.74,62.1467,3854839
2015-04-10,62.1754,62.1754,61.2854,62.0702,2341089
2015-04-13,62.6731,62.6731,61.7161,61.8022,2054682
2015-04-14,62.2616,63.7449,62.2424,63.3143,3168142
2015-04-15,63.7927,64.4674,63.3908,64.0703,4583190
2015-04-16,63.6301,64.4244,62.8932,63.7258,3463459
2015-04-17,63.2664,63.5344,62.6444,63.0846,2354381
2015-04-20,63.075,64.5105,63.0654,63.8023,2240053
2015-04-21,63.9937,64.0511,61.984,62.4721,2600099
2015-04-22,62.6061,63.3238,62.0606,62.9984,3298413
2015-04-23,63.3525,64.3095,63.2186,63.4482,2764404
2015-04-24,62.9793,63.8215,62.4912,63.6396,3820449
2015-04-27,64.0033,64.3861,63.6683,63.697,3083070
2015-04-28,63.9363,64.6158,63.5631,64.5775,2873179
2015-04-29,64.2808,66.0225,63.8406,65.9842,4664589
2015-04-30,66.1852,66.1852,64.4636,65.2761,3388739
2015-05-01,64.9794,66.4149,64.8359,65.6589,5235184
2015-05-04,65.8216,66.2235,65.2569,66.0608,2817668
2015-05-05,66.6924,67.4484,63.6013,63.7832,5707484
2015-05-06,65.6493,66.6828,64.1181,64.5775,5887327
2015-05-07,64.3765,64.6923,63.2664,63.6109,4426595
2015-05-08,64.4244,65.0368,63.276,64.9698,3639030
2015-05-11,65.0464,65.0464,63.4482,63.6013,3657859
2015-05-12,63.5726,65.166,63.4769,64.6636,2659298
2015-05-13,64.6349,64.8167,62.7688,63.1133,3437377
2015-05-14,63.2473,63.7545,62.7305,62.8549,2020494
2015-05-15,62.3573,63.3047,62.0702,63.0272,2443043
2015-05-18,62.2903,63.4913,62.2616,63.3908,2007915
2015-05-19,62.5582,62.9219,61.9266,61.9936,2795399
2015-05-20,62.7113,63.142,62.0797,62.9889,2945595
2015-05-21,63.4291,64.6923,63.4291,64.6062,2922325
2015-05-22,63.965,65.0368,63.7746,64.5679,2312128
2015-05-26,63.6205,64.3382,63.3525,63.4387,2577789
2015-05-27,63.2951,63.9746,62.453,63.209,1970482
2015-05-28,63.0463,63.1133,61.9936,62.5678,2167640
2015-05-29,62.6635,62.874,62.0032,62.4147,2596449
2015-06-01,62.5774,62.6826,61.0845,61.6969,3266044
2015-06-02,62.051,62.5104,61.5343,62.0415,2395580
2015-06-03,61.8309,62.2137,61.0366,61.161,2378599
2015-06-04,60.6538,60.8357,60.2232,60.3667,3106934
2015-06-05,60.0222,61.7639,59.8595,61.0558,2740514
2015-06-08,60.6538,61.1323,59.515,59.8117,3319925
2015-06-09,60.4624,60.9314,59.3427,59.448,3569410
2015-06-10,60.3189,61.3141,59.8021,61.0653,4079356
2015-06-11,61.3247,61.5264,60.4121,60.4601,3200515
2015-06-12,60.1143,60.1528,58.9136,59.4323,3120345
2015-06-15,58.9616,59.7301,58.8655,59.2018,2137900
2015-06-16,59.1922,60.0711,59.0769,59.9991,2184449
2015-06-17,59.9894,60.9116,58.8752,59.2114,2355149
2015-06-18,59.4707,59.7397,58.952,59.0192,1988593
2015-06-19,58.7599,59.1537,58.5197,58.5678,2928318
2015-06-22,58.7407,59.1249,58.1739,58.9328,1901264
2015-06-23,58.9808,59.1922,58.7791,59.0096,1780442
2015-06-24,58.8271,59.3555,58.587,58.683,1545000
2015-06-25,58.8367,58.9328,57.8089,58.001,2552868
2015-06-26,58.0394,58.4333,57.5207,58.0779,2538958
2015-06-29,57.1653,57.6264,56.4544,56.5025,2931155
2015-06-30,57.2613,57.5207,56.7426,57.1461,3291832
2015-07-01,57.0788,57.4439,55.2153,55.4554,3556684
2015-07-02,55.5899,56.1278,55.3113,55.5899,2826236
2015-07-06,54.5717,55.6571,54.2355,54.4468,3255677
2015-07-07,54.3411,55.1288,52.9483,55.0616,3506195
2015-07-08,54.7254,55.2249,53.0635,53.3613,3024937
2015-07-09,54.514,54.8791,53.7263,53.7359,2548132
2015-07-10,54.3795,54.6869,53.4862,53.6495,2757432
2015-07-13,53.7744,53.7936,52.8618,53.2172,3272705
2015-07-14,53.2172,54.2451,52.8522,53.9281,3200343
2015-07-15,53.4382,54.149,52.3047,52.6793,3564590
2015-07-16,52.9002,53.198,52.0069,52.2278,2904957
2015-07-17,51.9973,52.2278,51.3344,51.5266,2783050
2015-07-20,51.2672,51.517,49.7879,49.7879,4678796
2015-07-21,49.9992,50.4603,49.663,50.028,4347537
2015-07-22,49.7975,49.8935,48.6256,49.1251,3855370
2015-07-23,49.1923,49.4132,48.3662,49.1443,3548659
2015-07-24,49.0674,49.1251,47.0982,47.4536,5020958
2015-07-27,46.5122,47.4728,46.3105,46.9061,5668912
2015-07-28,47.1847,48.4623,46.7236,48.0204,4905783
2015-07-29,47.9243,49.7014,47.7226,49.1635,4438469
2015-07-30,48.9906,49.6342,48.1549,48.6159,3516347
2015-07-31,48.2317,48.3758,47.4056,47.4728,3978083
2015-08-03,46.8292,47.7034,46.2144,46.4546,4218650
2015-08-04,46.7332,47.6938,46.2241,46.8196,4692229
2015-08-05,48.3566,49.6438,44.8312,45.1002,7958095
2015-08-06,45.0521,46.7236,44.6199,46.397,5896851
2015-08-07,46.1472,46.8388,44.1636,44.5814,4363082
2015-08-10,44.8024,46.3297,44.3317,45.9935,6412611
2015-08-11,44.8792,45.7342,44.7447,45.4364,5708444
2015-08-12,45.3595,46.128,44.3605,45.9935,5426927
2015-08-13,45.4268,45.6477,44.1012,44.1972,5170484
2015-08-14,44.0723,44.6871,43.8898,44.2452,5960245
2015-08-17,43.9859,44.8792,43.8034,44.5814,3443780
2015-08-18,44.226,44.8504,44.1011,44.3989,3961760
2015-08-19,44.1107,44.3221,42.6891,42.9004,4362880
2015-08-20,43.3134,43.3134,41.1137,41.1233,5362209
2015-08-21,40.691,41.056,39.471,39.471,5713385
2015-08-24,36.9062,38.7026,35.5422,36.5796,10777702
2015-08-25,38.0205,38.0205,35.1868,35.1868,7888125
2015-08-26,35.9264,36.9639,35.5134,36.9351,7326198
2015-08-27,37.7708,39.5815,37.6459,39.1733,9059072
2015-08-28,38.9235,41.0368,38.7602,40.5373,8502752
2015-08-31,39.9321,41.4883,38.9043,40.9792,7125409
2015-09-01,39.4518,40.4316,38.3952,38.741,6676825
2015-09-02,39.4999,39.6151,37.5979,39.1156,5348719
2015-09-03,39.2213,40.5373,38.7986,39.2213,5354993
2015-09-04,38.4144,38.837,38.0782,38.5585,3856633
2015-09-08,39.1348,39.1636,37.9149,38.9043,4629547
2015-09-09,39.2885,39.8649,37.838,38.1262,7706443
2015-09-10,38.3087,39.0003,37.742,38.4144,5857514
2015-09-11,37.6896,37.8925,36.8392,37.535,4692250
2015-09-14,37.419,37.6896,36.8972,37.6026,4433471
2015-09-15,37.7959,38.2887,37.4867,37.8539,3161354
2015-09-16,38.1631,39.7384,38.1631,39.6707,4303404
2015-09-17,39.7094,40.5598,39.2358,39.4388,5200373
2015-09-18,38.6173,39.0648,38.0375,38.4434,5718954
2015-09-21,38.8493,39.4195,38.1341,38.9749,3387105
2015-09-22,38.3178,39.2455,37.8056,38.1728,5051130
2015-09-23,38.2308,38.4531,36.7908,36.8682,4003288
2015-09-24,36.4429,37.6413,36.1537,37.303,4799257
2015-09-25,37.5543,37.6896,36.8633,37.1774,4253946
2015-09-28,36.7329,36.9162,35.5152,35.5152,5788731
2015-09-29,35.8148,35.9501,34.8097,35.206,5113712
2015-09-30,35.7278,36.211,34.8001,35.8438,6573617
2015-10-01,36.5879,37.6123,36.1144,36.4816,5624703
2015-10-02,36.124,39.4243,35.9501,39.3518,6483089
2015-10-05,39.7964,41.9611,39.719,41.4779,7163860
2015-10-06,41.6422,42.9855,41.3039,42.28,6607049
2015-10-07,43.0531,43.9229,41.0237,42.3863,6413650
2015-10-08,42.164,43.4493,41.6132,43.1691,4656396
2015-10-09,43.459,43.8456,42.6956,43.7199,5791879
2015-10-12,43.7199,43.8166,42.0771,42.5119,4031002
2015-10-13,42.0384,43.314,41.7043,42.251,3101013
2015-10-14,42.106,43.372,41.9804,43.1498,3540994
2015-10-15,42.9082,44.1693,42.6956,44.1355,3732622
2015-10-16,44.551,44.8989,43.5846,44.87,5131022
2015-10-19,44.0775,44.3964,43.343,43.7586,4345200
2015-10-20,43.7296,44.812,43.4977,44.1548,2997187
2015-10-21,43.8939,44.0775,41.8789,42.425,6878871
2015-10-22,42.9082,43.5073,42.164,43.2464,4389186
2015-10-23,42.8888,43.7103,42.4733,43.4493,3300348
2015-10-26,43.2561,43.2851,41.3039,41.3523,3984463
2015-10-27,40.6081,40.6081,39.1682,39.8157,5464034
2015-10-28,39.2358,40.8497,38.4917,40.1636,6544690
2015-10-29,39.835,41.0519,39.5258,39.6611,5636427
2015-10-30,39.8543,41.1492,38.9749,40.5211,5756528
2015-11-02,39.951,41.8548,39.6224,41.6808,5429977
2015-11-03,42.1834,44.9279,41.9128,43.7006,6572522
2015-11-04,45.1599,46.2326,44.3769,44.9279,9572484
2015-11-05,44.6863,46.9108,44.4544,45.9137,6390839
2015-11-06,45.4788,47.0444,44.7105,45.2952,5704332
2015-11-09,45.8557,46.4605,44.841,45.4015,5301087
2015-11-10,45.2275,46.6288,45.0536,46.1553,5134432
2015-11-11,45.9716,46.2132,43.7103,44.0872,4244233
2015-11-12,43.459,44.522,42.9082,43.546,6082563
2015-11-13,43.488,44.2998,42.9855,43.5363,5084908
2015-11-16,43.604,44.9763,43.4493,44.9376,3911687
2015-11-17,44.5994,44.9279,43.488,44.3674,3767093
2015-11-18,44.9183,45.7977,44.1355,45.4884,3163423
2015-11-19,44.9376,45.4015,43.7876,44.4351,3658242
2015-11-20,44.5704,44.9438,43.5508,43.7296,3969481
2015-11-23,43.5556,44.1162,43.1304,43.4204,3055213
2015-11-24,43.9422,45.4498,43.8069,44.9859,3128041
2015-11-25,44.7443,44.8506,43.8262,44.3674,2294449
2015-11-27,43.9132,44.1645,43.1788,43.3624,1170211
2015-11-30,43.5653,45.0004,43.372,44.4641,4405726
2015-12-01,44.5607,44.9569,44.1355,44.9279,3805240
2015-12-02,44.2418,44.5317,41.9804,42.0674,4783966
2015-12-03,42.396,42.396,39.3132,39.719,9820844
2015-12-04,38.9846,39.6127,38.2888,39.1682,5912416
2015-12-07,36.4913,36.9742,34.9112,35.2156,11420245
2015-12-08,34.1139,34.5585,32.3937,34.0076,13144216
2015-12-09,35.1673,35.2446,33.2248,34.1332,7916082
2015-12-10,33.9206,35.4669,33.5341,34.3169,6799667
2015-12-11,33.6066,34.4434,32.5071,32.6434,5924946
2015-12-14,32.4682,32.8039,30.5515,30.6877,11006438
2015-12-15,31.1158,31.5634,30.6488,31.0088,7808522
2015-12-16,30.9893,31.1839,29.1698,29.7439,8350471
2015-12-17,29.6855,29.8315,27.2433,28.1969,15841423
2015-12-18,28.1677,29.1698,27.8077,27.8952,9366535
2015-12-21,27.9244,28.8682,27.6228,28.0509,7462727
2015-12-22,28.0412,29.5207,27.8758,29.0239,8734092
2015-12-23,29.7828,32.478,29.7731,32.3028,10280847
2015-12-24,32.3223,32.5655,31.1644,31.8163,3816944
2015-12-28,31.3688,31.6023,30.4346,30.8336,4816591
2015-12-29,31.4369,31.9525,30.6536,31.3688,5476447
2015-12-30,30.6488,31.6509,29.8996,30.1623,5265479
2015-12-31,30.1525,31.3298,29.7439,31.1352,4454100
2016-01-04,30.9212,32.0207,30.6779,31.4466,6770342
2016-01-05,31.3298,32.0401,30.7071,31.9428,6258084
2016-01-06,30.7558,30.7752,29.3158,29.3936,7777746
2016-01-07,28.4206,29.3158,27.146,27.3017,11164910
2016-01-08,27.5839,28.1482,26.7082,27.7298,8160518
2016-01-11,28.0217,28.046,25.7936,26.2412,10330365
2016-01-12,26.9125,27.1023,23.8905,25.025,14152143
2016-01-13,25.6477,25.9687,23.5606,24.1298,11457092
2016-01-14,24.3633,25.5114,23.5266,25.2585,8580943
2016-01-15,23.7114,23.9839,22.7287,23.8282,9673407
2016-01-19,24.2077,24.2077,22.1352,22.8455,9417709
2016-01-20,21.9503,22.0379,19.1579,21.0066,18600867
2016-01-21,20.7536,24.2466,20.6076,23.5266,10875632
2016-01-22,25.7255,26.7569,24.2904,24.9374,14612283
2016-01-25,24.0812,25.3168,22.1449,22.1547,10370040
2016-01-26,23.2444,23.9839,22.0866,23.8963,7529777
2016-01-27,23.5022,25.1514,22.8844,23.8282,10952651
2016-01-28,25.1028,26.2606,24.5287,26.066,11272776
2016-01-29,26.3287,27.8855,26.0758,27.146,11270925
2016-02-01,26.2996,26.2996,24.7136,25.3558,8311337
2016-02-02,24.2077,24.6941,23.799,24.0228,7786124
2016-02-03,24.6649,25.8812,23.4682,25.8714,12323131
2016-02-04,26.0466,28.0896,25.706,25.8423,11744072
2016-02-05,25.1514,25.239,23.6823,24.1785,9510076
2016-02-08,23.4098,23.5266,21.639,23.0401,9304927
2016-02-09,22.1158,22.7676,21.5222,22.0476,8871119
2016-02-10,21.6001,22.7861,20.7439,21.0455,9868589
2016-02-11,20.452,21.0163,19.0898,20.6757,15209027
2016-02-12,20.0628,21.2303,20.0141,21.1039,19887053
2016-02-16,21.7363,21.9212,19.7028,20.6855,13772514
2016-02-17,19.8584,20.2671,17.8833,19.7806,30662929
2016-02-18,18.6909,19.8584,18.4768,19.1676,97177511
2016-02-19,18.7298,18.7882,17.5817,18.146,33916489
2016-02-22,18.6811,19.946,18.5449,19.7514,24330163
2016-02-23,19.5374,19.839,18.3795,18.399,19387704
2016-02-24,17.9611,18.973,17.7276,18.8855,17820873
2016-02-25,18.9244,19.4109,18.3406,19.0314,16421587
2016-02-26,19.8195,20.0202,19.3039,19.7417,24943109
2016-02-29,19.8682,19.8876,18.9584,19.1482,17878026
2016-03-01,19.4498,19.4595,18.0584,18.7006,22698742
2016-03-02,18.5449,20.9579,18.3406,20.9384,20265939
2016-03-03,20.812,21.9017,20.6174,21.4055,17474425
2016-03-04,21.9017,23.3904,20.8703,22.6801,21258921
2016-03-07,22.6703,24.052,22.6606,23.5363,21885024
2016-03-08,23.2639,23.2639,20.8606,20.8898,16059680
2016-03-09,21.4736,22.8066,20.919,22.3103,14397786
2016-03-10,22.0671,22.1547,20.5784,21.8725,18353867
2016-03-11,22.9838,24.6262,22.9248,24.3705,19565204
2016-03-14,23.6231,24.5476,23.4077,24.3804,12254815
2016-03-15,23.8985,24.1934,22.7478,23.6919,12384572
2016-03-16,23.9575,25.8064,23.8109,25.7867,15701951
2016-03-17,26.5834,27.6062,25.8925,26.9472,17461474
2016-03-18,27.4685,28.0881,26.0129,27.0849,26829432
2016-03-21,26.8391,28.3733,26.6227,27.557,13667559
2016-03-22,27.1144,28.1569,27.0456,27.5472,10769136
2016-03-23,27.1341,27.4095,25.0295,25.3343,14814614
2016-03-24,24.4689,26.19,24.1935,26.0326,12753423
2016-03-28,26.1015,26.1703,24.8033,25.413,9698945
2016-03-29,24.8623,25.7326,24.1689,25.6589,12579999
2016-03-30,26.131,26.5243,25.236,25.7671,10610475
2016-03-31,25.59,27.0407,25.4622,26.9866,11418925
2016-04-01,25.9539,26.426,25.177,26.1703,15199912
2016-04-04,26.2785,26.8391,25.5114,25.6195,8820332
2016-04-05,25.1868,26.3965,25.1317,25.9539,10035392
2016-04-06,26.4457,27.498,25.8457,27.1046,12189250
2016-04-07,26.9079,27.7832,26.7014,27.1439,10606875
2016-04-08,28.1274,28.8847,27.975,28.2946,9888070
2016-04-11,28.5306,29.2092,28.4323,28.57,8342427
2016-04-12,29.2977,30.7435,28.806,30.4484,16470229
2016-04-13,30.2517,30.7631,29.578,30.4484,13266220
2016-04-14,30.6648,30.891,30.0747,30.832,10436512
2016-04-15,30.4976,31.1221,29.9272,30.8811,10890934
2016-04-18,29.4748,31.7564,29.2387,31.4712,10880077
2016-04-19,32.3564,33.389,31.9138,33.0645,11769053
2016-04-20,32.4547,34.7855,32.0711,34.1758,12902421
2016-04-21,34.284,34.6675,33.2562,33.3693,14104475
2016-04-22,33.7037,34.9527,33.6939,34.6184,11294688
2016-04-25,34.3823,34.5987,33.0055,33.389,11134718
2016-04-26,33.7824,34.4118,33.3497,34.0479,10971366
2016-04-27,34.3233,36.5656,34.3233,36.3001,14921660
2016-04-28,35.8477,37.0525,35.3068,35.5133,12081367
2016-04-29,35.9362,36.3394,33.2612,34.1069,17331988
2016-05-02,33.8611,34.2643,32.9464,33.9889,9928138
2016-05-03,33.2317,33.4185,31.8646,32.2088,12722893
2016-05-04,33.3792,33.684,29.7747,30.7926,18024332
2016-05-05,31.9531,32.3957,30.2025,30.6844,11039806
2016-05-06,30.2124,31.8056,30.0452,30.8811,10079241
2016-05-09,30.4878,30.5566,29.1109,29.5436,9751521
2016-05-10,29.8977,31.0385,29.6125,31.0188,7598747
2016-05-11,30.7238,32.8383,30.1632,32.0023,10725543
2016-05-12,33.1431,33.5562,31.8351,32.1695,9704249
2016-05-13,31.363,32.8088,31.2745,31.9826,6731758
2016-05-16,32.9268,33.8512,32.9169,33.2317,8587993
2016-05-17,33.33,34.4708,32.8579,34.0578,9807560
2016-05-18,33.8906,34.3823,33.1825,33.5562,9759674
2016-05-19,32.9956,33.6644,32.2295,33.3398,8081030
2016-05-20,33.7037,33.9693,33.0646,33.684,7720329
2016-05-23,33.4087,34.166,33.212,33.9693,6494606
2016-05-24,34.2151,34.7659,33.5464,33.9201,7883750
2016-05-25,34.4217,36.0542,34.1955,35.8379,9777981
2016-05-26,36.2067,36.4673,35.2576,35.3068,7546138
2016-05-27,34.9724,35.3363,34.52,35.3068,5385454
2016-05-31,35.592,36.546,35.2871,35.4936,6883067
2016-06-01,34.7855,35.5723,34.3135,35.5527,8027504
2016-06-02,34.8544,36.2116,34.8059,36.2017,6622896
2016-06-03,36.2804,36.8213,35.0117,35.3265,6990280
2016-06-06,36.6443,37.0672,36.0542,36.9394,7977248
2016-06-07,37.3327,38.4539,37.1951,38.1195,9766370
2016-06-08,38.4932,38.8168,36.8705,36.959,9518089
2016-06-09,36.3296,37.0051,35.828,36.8312,5823549
2016-06-10,35.9657,36.2116,34.2791,34.5397,8044269
2016-06-13,34.3229,35.9878,34.2638,35.249,8008937
2016-06-14,35.0716,35.8847,34.0077,35.0224,7375766
2016-06-15,34.8943,35.4723,34.1554,34.5692,7003895
2016-06-16,34.4411,34.8746,33.1112,34.2835,17231444
2016-06-17,34.7564,35.8992,34.6283,35.446,13328541
2016-06-20,36.2538,37.1996,36.1947,36.7661,9509719
2016-06-21,36.6183,37.8497,36.2144,37.6232,7597405
2016-06-22,37.968,38.3325,37.0026,37.3769,6678319
2016-06-23,37.8695,38.2833,37.4951,38.2242,5841248
2016-06-24,35.8893,37.1996,35.1209,35.3179,18759463
2016-06-27,34.648,34.8155,32.3231,33.2491,15072041
2016-06-28,34.5003,35.5938,34.3623,35.4559,8328686
2016-06-29,36.0667,36.5937,35.781,36.1455,6788544
2016-06-30,35.9977,36.244,35.2884,35.712,6254051
2016-07-01,35.446,37.0814,35.3475,36.8942,7255958
2016-07-05,35.8893,36.1849,34.9436,35.6135,6408596
2016-07-06,35.2982,36.4706,35.1505,36.4312,6966460
2016-07-07,36.9829,37.8202,35.8105,36.2637,7558863
2016-07-08,37.0223,37.3474,36.0962,37.0223,5699765
2016-07-11,37.5345,37.8892,37.0617,37.1109,5611870
2016-07-12,38.2439,39.7019,38.0468,39.4162,8801304
2016-07-13,39.4457,39.6526,37.6134,38.4212,6592917
2016-07-14,39.2389,39.3078,37.7119,37.8202,6364064
2016-07-15,38.0173,38.4261,37.3572,37.7217,5250864
2016-07-18,37.3178,37.8104,36.8252,37.5444,5426032
2016-07-19,37.7611,37.9188,37.0912,37.1897,5817194
2016-07-20,36.7563,37.7513,36.2341,37.3966,6062031
2016-07-21,37.3966,38.3325,36.707,36.776,5857973
2016-07-22,37.042,37.3671,36.6676,37.1897,4792544
2016-07-25,36.7858,36.8843,35.4657,35.5445,6405143
2016-07-26,35.5347,37.175,35.4657,36.904,11555513
2016-07-27,37.2587,37.8991,35.3672,35.5938,11405263
2016-07-28,35.6726,36.0933,35.1308,35.5938,6028512
2016-07-29,35.4066,37.7907,35.0815,37.7119,10235349
2016-08-01,37.1799,37.1996,35.2046,35.377,8791863
2016-08-02,35.6824,36.3031,34.4904,35.5839,9254105
2016-08-03,35.5839,37.5641,35.0125,37.436,11775449
2016-08-04,37.239,38.3128,36.7267,38.037,9601069
2016-08-05,38.0961,39.0911,37.4951,38.9236,6639501
2016-08-08,39.4063,40.49,39.2487,39.6034,9180293
2016-08-09,39.8989,40.1649,39.0566,39.3078,4907989
2016-08-10,39.5541,39.8201,38.8152,38.9827,4835252
2016-08-11,39.495,41.0417,39.0123,40.6969,7406998
2016-08-12,40.953,41.4752,40.756,41.0516,4589841
2016-08-15,41.5244,42.0466,41.2289,41.3373,3928831
2016-08-16,42.0958,42.1311,40.9629,41.8397,7562322
2016-08-17,41.8397,42.7608,41.3865,42.6672,7074361
2016-08-18,43.012,44.342,43.0071,44.0957,6775394
2016-08-19,43.81,44.0661,43.2091,43.6721,4460593
2016-08-22,43.0022,43.7804,42.7559,43.4455,4682792
2016-08-23,43.0613,44.7755,43.0613,44.5587,5730883
2016-08-24,44.1745,44.7065,43.6524,43.8494,4770177
2016-08-25,43.8494,44.3321,43.2879,43.7213,4122716
2016-08-26,43.9184,44.5538,43.4455,43.7706,4760459
2016-08-29,43.7312,44.3912,43.5637,44.342,5571338
2016-08-30,44.608,44.9429,43.3765,43.7804,5286700
2016-08-31,43.2879,43.5145,42.1057,42.6869,6948615
2016-09-01,42.5391,43.2682,42.1943,43.0514,6026770
2016-09-02,43.5243,44.4011,43.3864,43.613,5105870
2016-09-06,43.4455,43.9676,42.9431,43.5539,5178824
2016-09-07,43.8888,44.2336,43.1204,43.544,4112753
2016-09-08,44.1351,44.8444,43.5539,44.608,6448901
2016-09-09,43.9972,44.2041,42.5687,42.7165,6411616
2016-09-12,42.0564,43.0219,41.3964,42.549,5414707
2016-09-13,41.819,41.8387,40.349,40.5858,7034867
2016-09-14,40.4181,41.2369,39.3724,39.6387,6536056
2016-09-15,39.8459,40.6943,39.7177,40.349,4484611
2016-09-16,39.4612,40.5759,39.3822,40.4378,5589633
2016-09-19,40.9804,41.2862,40.2504,40.2997,3869178
2016-09-20,40.2898,41.1383,39.9248,40.1123,3887544
2016-09-21,40.6845,41.6512,40.5957,41.6019,4746622
2016-09-22,42.332,42.5293,41.1974,41.3158,4600155
2016-09-23,41.01,41.4145,38.6621,39.0074,8050143
2016-09-26,39.2737,39.7571,38.7311,39.106,6357391
2016-09-27,38.4746,38.4746,37.3401,37.863,8866374
2016-09-28,38.228,41.2862,37.4684,41.0199,10634760
2016-09-29,41.1876,43.3974,40.9903,42.4602,9428261
2016-09-30,42.9633,43.6539,42.3122,43.5158,5969774
2016-10-03,43.3678,43.7427,42.8055,43.6046,4248537
2016-10-04,43.6736,43.9104,42.3615,42.697,3923742
2016-10-05,43.4566,44.3346,43.1113,43.5848,6381711
2016-10-06,43.9597,44.2261,42.5786,42.8943,5452310
2016-10-07,43.1606,43.3777,41.819,42.2333,4907368
2016-10-10,42.9041,43.8981,42.6674,43.792,4893540
2016-10-11,43.644,43.7427,43.062,43.5454,4444714
2016-10-12,43.3382,44.0978,42.5786,43.9597,6757935
2016-10-13,43.4467,44.157,42.6871,43.3086,4636294
2016-10-14,43.5454,43.8907,42.4898,42.4997,3257574
2016-10-17,42.3615,42.5786,40.8423,41.2073,6840124
2016-10-18,42.0261,42.1642,41.01,41.3356,5126712
2016-10-19,41.5921,42.9091,41.3848,42.3813,5655801
2016-10-20,41.6907,42.6328,41.4145,42.3615,4258113
2016-10-21,41.8486,42.4602,41.7006,42.1149,3173744
2016-10-24,41.9768,42.0854,40.3984,41.158,4414650
2016-10-25,40.862,41.3652,40.1024,40.1221,3670813
2016-10-26,39.5499,40.1715,38.8791,39.6585,6910631
2016-10-27,39.915,40.6647,39.6585,39.915,4303943
2016-10-28,39.8952,40.1902,38.3858,38.6522,5872896
2016-10-31,38.524,38.5338,37.3007,37.3796,6902386
2016-11-01,37.9518,38.2379,36.1464,37.1823,6471219
2016-11-02,36.8271,39.323,36.6693,39.0172,12156414
2016-11-03,39.3428,40.4477,39.2836,39.9643,7930334
2016-11-04,39.8755,40.3885,39.0961,39.6486,5988283
2016-11-07,40.4773,41.2764,40.4181,41.2566,5336949
2016-11-08,40.7732,41.7499,40.6658,41.4145,4293301
2016-11-09,41.3652,43.5257,41.2468,43.0324,6196267
2016-11-10,42.9337,43.1804,41.6883,42.5589,5621644
2016-11-11,41.9472,42.2234,40.5365,41.2862,5287922
2016-11-14,41.0988,42.2925,40.6253,42.2333,4828093
2016-11-15,42.9041,44.3938,42.8844,44.3938,6640727
2016-11-16,44.1768,44.4431,43.2692,43.3875,5611309
2016-11-17,43.7723,44.088,42.1741,42.2925,6041631
2016-11-18,42.766,43.7723,42.6131,43.2297,4769862
2016-11-21,44.3741,44.6898,43.8117,44.2951,4861870
2016-11-22,44.4727,44.6799,43.0028,43.8808,4356375
2016-11-23,43.5059,44.4431,43.1606,44.4333,2926253
2016-11-25,43.94,44.2064,42.9831,43.6342,1962350
2016-11-28,44.2458,44.3741,41.9768,42.0755,5810255
2016-11-29,40.6845,41.8387,39.8854,41.5921,7671851
2016-11-30,46.0906,48.0539,45.8835,47.6789,17514187
2016-12-01,48.843,48.922,46.9094,47.2054,7154963
2016-12-02,46.6036,48.1278,46.6036,47.2054,4454214
2016-12-05,47.7776,48.2511,46.9982,47.0969,4282096
2016-12-06,46.2781,47.3139,45.1633,46.6727,5334791
2016-12-07,46.5148,47.4915,46.2978,46.9094,4936673
2016-12-08,47.452,47.7579,46.1794,47.0969,4987316
2016-12-09,47.6296,47.8368,47.0969,47.4224,3675213
2016-12-12,49.6816,50.0071,47.3041,47.4718,7603028
2016-12-13,48.1533,48.1632,46.889,47.6002,4485184
2016-12-14,46.9186,48.2916,46.247,46.4445,5678949
2016-12-15,46.1284,47.1458,45.8518,46.9483,4983973
2016-12-16,47.294,47.3039,46.4544,46.8001,4847625
2016-12-19,46.6223,46.9581,46.1679,46.4643,3657455
2016-12-20,46.5334,46.9976,45.9309,46.0889,3371386
2016-12-21,46.5136,46.6223,45.6444,46.0,2788916
2016-12-22,45.9407,47.047,45.8123,46.326,4874544
2016-12-23,46.1581,46.6223,45.7531,45.9704,2727109
2016-12-27,46.1383,46.4544,46.0395,46.2667,1792118
2016-12-28,46.4346,46.6223,45.4913,45.6741,2392331
2016-12-29,45.437,45.6444,45.0715,45.3876,2111792
2016-12-30,45.3876,46.084,44.953,45.111,2871759
2017-01-03,46.247,46.973,45.0616,46.5038,5828555
2017-01-04,46.3655,46.9433,45.921,46.9186,3706228
2017-01-05,47.1458,48.8448,47.0865,48.4101,7512979
2017-01-06,48.4299,48.6472,47.8372,48.0743,3193903
2017-01-09,47.4817,47.5903,45.9407,46.0099,5736103
2017-01-10,46.3951,46.6519,45.8815,46.1284,4642677
2017-01-11,45.8914,46.8791,45.6839,46.8199,3997619
2017-01-12,47.0964,47.21,45.4765,45.8914,4433621
2017-01-13,45.5358,46.1696,45.3678,45.842,3081844
2017-01-17,46.0,46.5976,45.7827,45.9111,3376768
2017-01-18,45.4271,45.8518,44.9757,45.7926,3653543
2017-01-19,45.921,46.0889,45.2987,45.5259,2602720
2017-01-20,46.2173,46.3754,45.4469,45.6938,3571340
2017-01-23,45.2296,45.5358,44.5722,45.0715,4985253
2017-01-24,45.516,46.3161,45.3283,46.0198,3185571
2017-01-25,46.0593,46.4544,45.5753,45.8914,4992554
2017-01-26,46.2371,47.2347,46.0988,46.5729,3017961
2017-01-27,46.2074,46.3161,45.6938,46.0692,2726426
2017-01-30,45.9407,45.9407,43.8763,44.5184,4125969
2017-01-31,44.6369,45.0024,44.0344,44.9826,3493620
2017-02-01,45.4172,45.6247,44.2862,44.9826,3566555
2017-02-02,44.9826,45.4123,44.3011,45.0913,3269899
2017-02-03,45.0221,46.5927,44.9826,46.2173,3824691
2017-02-06,46.0988,46.3062,44.6369,44.7159,3629407
2017-02-07,44.3307,44.79,43.3331,43.5998,3854630
2017-02-08,43.0565,44.1825,42.5922,43.5207,4356073
2017-02-09,44.0936,44.3801,43.738,44.2023,2914951
2017-02-10,44.469,45.3777,44.4492,44.8542,3445005
2017-02-13,44.5184,45.1012,44.1529,44.706,3261704
2017-02-14,45.1209,45.4271,44.1233,45.3777,3360550
2017-02-15,45.7333,46.6717,43.2837,43.6887,9506757
2017-02-16,43.8961,44.6764,43.4911,43.5701,6199396
2017-02-17,43.3429,43.7282,43.0762,43.6294,3362893
2017-02-21,44.0146,45.0616,43.8171,44.5085,4971900
2017-02-22,43.9553,44.4196,43.175,43.2244,4805784
2017-02-23,44.3011,44.3998,42.9577,43.4516,4982412
2017-02-24,42.9676,43.3528,42.0342,42.286,4574380
2017-02-27,42.5429,42.9182,42.1082,42.533,7623556
2017-02-28,42.4243,43.3034,42.3354,42.8293,5194195
2017-03-01,43.4121,44.222,43.0367,44.0838,4669445
2017-03-02,43.4516,43.6096,42.8095,42.938,4393009
2017-03-03,43.1651,43.4467,42.6614,42.8194,2677623
2017-03-06,42.8194,43.4565,42.3848,43.4022,5376722
2017-03-07,43.7282,43.7874,42.7799,43.0269,2843129
2017-03-08,42.5231,42.7305,39.9845,40.2216,7773213
2017-03-09,39.7771,40.5377,38.9968,40.271,8696982
2017-03-10,40.7748,40.8241,39.3623,39.7672,5036025
2017-03-13,39.6188,40.7367,39.6188,40.519,4366698
2017-03-14,39.8662,39.8859,38.2735,39.5892,5860391
2017-03-15,40.0442,40.8257,39.7079,40.6773,3497659
2017-03-16,40.6674,40.6971,40.0739,40.2816,2900196
2017-03-17,40.4696,40.7466,40.0541,40.1036,5180935
2017-03-20,39.5892,40.2421,39.421,40.1036,3295870
2017-03-21,40.1431,40.3806,39.0847,39.3715,3960505
2017-03-22,38.9956,39.7277,38.5703,38.9165,4561786
2017-03-23,38.7582,39.2528,38.501,38.6692,4051939
2017-03-24,38.7879,39.0352,38.2438,38.3823,4148607
2017-03-27,37.8382,38.6098,37.6107,38.4614,4047995
2017-03-28,38.8275,39.3814,38.4219,39.1935,4889628
2017-03-29,39.2726,40.8218,39.1539,40.7762,5821393
2017-03-30,41.2709,41.5577,40.6773,41.0038,6667205
2017-03-31,40.7565,41.4984,40.6279,41.2709,4806903
2017-04-03,41.2511,41.8595,40.8109,41.5775,4297991
2017-04-04,41.6072,42.0623,41.0631,42.0326,3850646
2017-04-05,42.4876,43.0531,40.9939,41.073,5680845
2017-04-06,41.4687,42.6954,41.3005,42.4184,6989775
2017-04-07,42.3491,42.636,42.0326,42.082,3710126
2017-04-10,42.4283,42.7547,42.2799,42.5964,3184454
2017-04-11,42.3986,42.5222,41.4984,42.0623,7316616
2017-04-12,42.0623,42.5074,41.2659,41.4193,3899882
2017-04-13,41.5479,41.8842,40.0343,40.2124,4507497
2017-04-17,40.1827,40.5883,39.5001,40.5685,4373761
2017-04-18,40.1926,40.8059,39.8216,40.0937,4158743
2017-04-19,40.2025,40.4003,38.6692,38.8275,4839913
2017-04-20,39.0352,39.51,38.9165,39.2726,3502155
2017-04-21,39.0154,39.4408,38.5307,39.3023,4301268
2017-04-24,39.6485,39.8464,39.1638,39.3913,3609460
2017-04-25,39.3814,40.2421,39.233,40.153,3726799
2017-04-26,39.7079,40.8477,39.6584,40.153,4127063
2017-04-27,39.7178,39.876,38.6395,38.9264,5109809
2017-04-28,39.2232,39.5892,38.8275,39.0649,3662145
2017-05-01,39.0451,39.2726,38.7483,38.8868,2950636
2017-05-02,38.8769,39.2936,37.9866,38.4318,5262868
2017-05-03,38.5801,38.7186,37.1952,37.7591,7651042
2017-05-04,37.3634,37.3634,36.1615,36.5819,7535831
2017-05-05,36.7995,37.6602,36.5225,37.6107,4873972
2017-05-08,37.5217,38.0113,37.1853,37.7492,4135667
2017-05-09,37.8085,37.8877,37.2051,37.4821,3550374
2017-05-10,38.0262,38.689,37.7789,38.1251,5631504
2017-05-11,38.3131,38.4318,37.4574,37.5415,3640933
2017-05-12,37.4326,37.6799,37.1359,37.4524,3000855
2017-05-15,38.3328,38.5406,37.3535,37.7492,4222843
2017-05-16,37.769,37.9243,37.2447,37.5118,3761510
2017-05-17,37.0468,37.7294,36.8391,36.9479,4631300
2017-05-18,36.6017,37.0963,36.3643,36.5028,5053665
2017-05-19,36.76,38.0756,36.7204,37.9767,4251544
2017-05-22,38.224,38.3724,37.4623,37.6701,3904797
2017-05-23,37.6008,37.7789,37.2002,37.4129,3212429
2017-05-24,37.2249,37.4722,36.3544,36.7303,5061729
2017-05-25,36.6017,37.3535,35.192,35.3454,5323253
2017-05-26,35.2266,35.5036,34.8408,35.4344,3719634
2017-05-30,34.9991,35.0921,33.9307,34.1187,5530200
2017-05-31,33.4658,34.0989,33.0207,33.6142,9029691
2017-06-01,33.7428,34.4451,33.4955,33.9011,4212991
2017-06-02,33.5449,33.6043,32.5161,32.7733,6472800
2017-06-05,32.6052,32.9465,32.3381,32.6942,5085441
2017-06-06,32.6348,33.5449,32.4172,33.5351,7250765
2017-06-07,33.2877,33.5351,31.4774,31.5764,8373929
2017-06-08,31.24,31.8972,31.1213,31.151,6004580
2017-06-09,31.2301,32.4271,31.0422,32.2293,6913584
2017-06-12,32.7041,33.2284,32.249,32.3678,5624858
2017-06-13,32.4173,33.2002,32.2885,33.1903,4477991
2017-06-14,33.002,33.002,31.4659,31.902,7083702
2017-06-15,31.6839,32.12,31.0001,31.2082,5194344
2017-06-16,31.456,31.4857,30.9753,31.4758,6384828
2017-06-19,31.5353,31.6245,30.9406,31.0398,4684823
2017-06-20,30.4352,31.1091,30.1181,30.8812,5585084
2017-06-21,30.8415,31.1658,29.6523,29.8802,6774546
2017-06-22,30.0388,30.4055,29.6225,29.7415,5805395
2017-06-23,29.8208,30.3559,29.7613,30.2073,4161286
2017-06-26,30.4253,30.901,30.0065,30.4451,5088605
2017-06-27,30.4451,30.7226,29.9595,30.0784,9618965
2017-06-28,30.1082,30.6929,29.8912,30.2766,7398080
2017-06-29,30.6235,31.9515,30.5145,31.5254,7410102
2017-06-30,31.9813,32.0704,31.1693,31.6839,6659746
2017-07-03,31.8425,32.784,31.783,32.4867,2652058
2017-07-05,32.1596,32.1894,30.7325,30.8217,7234884
2017-07-06,30.8812,31.1289,29.8009,29.91,7081444
2017-07-07,29.5433,29.682,28.5371,29.2757,7366474
2017-07-10,29.1171,29.7815,29.0775,29.464,7655018
2017-07-11,29.9793,30.6433,29.5829,30.2568,7450885
2017-07-12,30.7424,31.3172,30.3559,30.5343,5668720
2017-07-13,30.5244,31.0001,30.4253,30.9208,4550362
2017-07-14,31.0298,31.5848,30.8812,31.3668,4846076
2017-07-17,31.3371,31.7236,30.9803,31.0695,5803459
2017-07-18,31.347,31.3965,30.8118,31.0794,4574909
2017-07-19,31.01,32.3591,30.9406,32.2092,5498505
2017-07-20,32.4173,32.5115,31.674,31.7038,4954582
2017-07-21,31.6542,31.8029,31.2081,31.674,3774947
2017-07-24,31.5947,31.9614,31.2528,31.456,4171214
2017-07-25,32.0605,33.1111,31.9515,32.6849,5465251
2017-07-26,33.0516,33.5273,32.4867,32.6948,6258280
2017-07-27,32.6453,33.1705,32.5561,33.1705,3591205
2017-07-28,33.0714,33.8345,32.789,32.9128,4323609
2017-07-31,32.7245,33.4084,32.6254,33.0119,3790707
2017-08-01,32.9525,33.2994,32.3281,32.6849,4659272
2017-08-02,32.4272,33.4183,31.7632,33.1011,5605456
2017-08-03,33.2597,33.9733,31.9515,31.9813,6413860
2017-08-04,32.0506,33.4678,31.9912,33.3588,7148390
2017-08-07,33.1903,33.23,32.0209,32.1101,4379761
2017-08-08,31.9912,32.5957,31.7236,31.8524,6161430
2017-08-09,32.0903,32.4758,31.4907,31.793,4297889
2017-08-10,32.0407,32.3479,31.4263,31.4758,4010006
2017-08-11,31.2578,31.7038,31.1289,31.3272,3588192
2017-08-14,31.4263,31.5551,30.7722,30.792,3093466
2017-08-15,30.6929,30.7127,30.3097,30.6433,4004871
2017-08-16,30.8316,31.2429,30.2271,30.3857,3842982
2017-08-17,30.2271,30.9406,29.8951,29.91,3800931
2017-08-18,29.8901,30.4749,29.5185,30.128,4204173
2017-08-21,30.0586,30.1874,29.815,30.0685,2922873
2017-08-22,30.1676,30.3459,29.8505,30.128,3930958
2017-08-23,30.0586,31.0844,29.8901,30.7028,3320022
2017-08-24,30.4848,31.01,30.3956,30.8415,3820859
2017-08-25,30.9704,31.3718,30.8217,30.8812,3246941
2017-08-28,30.9902,30.9902,30.1974,30.6532,2966973
2017-08-29,30.3163,30.8415,29.9669,30.7127,3438410
2017-08-30,30.4749,30.9208,30.237,30.683,3214434
2017-08-31,30.9803,31.5155,30.7623,31.119,5333134
2017-09-01,31.2281,32.0605,30.8614,31.8227,3820963
2017-09-05,32.0605,32.4074,31.456,31.8425,3842710
2017-09-06,32.12,32.7939,32.0407,32.3876,3810708
2017-09-07,32.1795,32.4371,31.8029,32.1002,2903299
2017-09-08,31.9912,31.9912,30.7325,31.1884,4439919
2017-09-11,31.347,31.713,31.1835,31.5254,3862738
2017-09-12,31.6047,32.2488,31.5254,31.8821,3619474
2017-09-13,32.0506,33.2201,32.0407,33.2102,6000432
2017-09-14,33.4087,34.3519,33.4087,33.6569,5576969
2017-09-15,33.6967,33.9796,33.0116,33.4087,4709395
2017-09-18,33.2499,33.7463,32.8825,33.7264,4305798
2017-09-19,33.7066,33.7761,33.3591,33.5279,3604989
2017-09-20,33.7562,34.6895,33.7562,34.6399,5017238
2017-09-21,34.5306,35.4043,34.3817,35.0966,4761141
2017-09-22,34.9774,35.5533,34.898,35.5235,4734876
2017-09-25,35.8213,36.6057,35.7717,36.4071,4337315
2017-09-26,36.2184,36.7744,35.9603,36.6652,4578774
2017-09-27,36.7149,36.9234,36.3624,36.9035,4638822
2017-09-28,36.9432,37.1815,36.2184,36.3277,5216452
2017-09-29,36.2482,36.4667,35.8668,36.4468,5507908
2017-10-02,35.7617,36.3674,35.0469,36.3376,4673237
2017-10-03,36.1887,36.4369,35.9603,36.2681,3003098
2017-10-04,36.3078,36.4667,35.5036,35.6029,4379324
2017-10-05,35.9305,36.3055,35.8511,36.0894,3353968
2017-10-06,35.6625,35.9007,35.3944,35.5235,3174065
2017-10-09,35.6426,35.7419,35.2951,35.6327,3068679
2017-10-10,36.278,36.5759,35.6625,35.7419,4089163
2017-10-11,35.8809,35.977,35.4043,35.8213,3415047
2017-10-12,35.3348,35.5334,35.1462,35.3547,3233541
2017-10-13,35.8412,36.0894,35.593,35.6128,2461688
2017-10-16,35.8114,36.149,35.5036,35.593,3568358
2017-10-17,35.6029,35.6724,34.9327,35.4738,3160791
2017-10-18,35.4639,35.8809,34.8384,34.9675,3553673
2017-10-19,34.7788,35.2058,34.5009,34.6994,2892551
2017-10-20,34.7987,34.8682,34.3817,34.6796,2923074
2017-10-23,34.7491,35.0866,34.3817,34.4016,3352947
2017-10-24,34.62,34.9973,34.4413,34.5902,4247854
2017-10-25,34.3619,34.7093,33.9349,34.1087,3371806
2017-10-26,34.1534,34.7441,33.7264,34.6597,5216556
2017-10-27,34.3122,35.6327,34.2229,35.6228,4530057
2017-10-30,35.7816,36.2879,35.5135,35.7419,8143341
2017-10-31,35.6724,36.7744,35.2355,36.6354,6139046
2017-11-01,37.4793,39.0579,37.3205,38.7998,9302987
2017-11-02,38.7899,39.3955,38.214,38.5516,9585719
2017-11-03,38.6608,39.2664,38.1843,38.9884,6359236
2017-11-06,39.3856,40.6465,39.2515,40.567,9214555
2017-11-07,40.567,41.1727,40.5571,40.9642,10660588
2017-11-08,40.6266,40.8351,39.8224,39.9713,6517099
2017-11-09,39.8324,40.7358,39.7827,40.5174,4793557
2017-11-10,40.706,40.7259,39.7231,40.1203,4439530
2017-11-13,39.3955,40.2777,39.2664,39.3657,4681297
2017-11-14,39.1076,39.3757,37.8963,37.9559,4205871
2017-11-15,37.5786,37.7971,37.112,37.6382,4694584
2017-11-16,37.6581,38.0651,37.4397,37.8864,4645647
2017-11-17,38.1445,38.6807,38.0353,38.4027,3254081
2017-11-20,38.0651,38.0949,37.0822,37.1418,5144512
2017-11-21,37.4992,37.6481,36.8936,37.2808,3585396
2017-11-22,37.668,37.9063,37.4098,37.7176,2562778
2017-11-24,37.9063,38.224,37.7276,37.7573,1526067
2017-11-27,37.5588,37.5588,36.5113,36.5262,4591204
2017-11-28,36.4667,37.0723,36.308,36.9035,2845580
2017-11-29,36.8141,37.3106,36.4518,36.834,5562085
2017-11-30,37.112,38.3431,37.112,38.2538,8006085
2017-12-01,38.6608,39.6437,38.3729,38.5615,5809796
2017-12-04,38.4325,39.3856,38.0949,38.363,5415698
2017-12-05,38.353,38.7204,38.0552,38.1048,4002308
2017-12-06,37.9063,37.9162,36.5461,36.6156,3670201
2017-12-07,36.5759,37.0326,36.417,36.8836,2854565
2017-12-08,37.4198,38.1545,37.1517,37.7772,7562174
2017-12-11,37.8963,38.3927,37.7375,38.214,2961429
2017-12-12,38.4424,38.6012,37.6779,38.1346,3686541
2017-12-13,38.1346,38.2438,37.7077,37.8467,3056662
2017-12-14,37.7373,38.2246,37.6975,37.787,3799936
2017-12-15,37.8069,38.155,37.2202,37.4688,8030490
2017-12-18,37.5881,38.0157,37.2402,37.8467,5318412
2017-12-19,38.0356,38.851,37.7572,38.4831,5487603
2017-12-20,38.5129,39.6664,37.9959,39.6167,5830394
2017-12-21,39.5372,41.0884,39.3184,40.6907,5680677
2017-12-22,40.7155,41.4762,40.5813,41.337,4245160
2017-12-26,41.4762,42.3612,41.2873,42.3414,3776545
2017-12-27,42.3115,42.3115,41.4265,41.6055,2826128
2017-12-28,41.6751,41.7447,41.158,41.526,2224648
2017-12-29,41.8044,41.8044,41.0785,41.168,2763949
2018-01-02,41.5558,42.0132,41.4017,41.9933,4782523
2018-01-03,42.2021,43.0342,42.1027,42.4806,3908743
2018-01-04,42.6397,43.0474,42.054,42.9877,4243507
2018-01-05,42.8286,43.0225,42.3314,42.8684,3722210
2018-01-08,42.8883,43.1667,42.3292,43.0076,3595988
2018-01-09,43.117,43.117,42.2021,42.3016,5826136
2018-01-10,42.3115,42.4408,41.7248,41.9436,3457092
2018-01-11,42.3811,43.3158,42.0132,42.8286,6856908
2018-01-12,42.8386,43.9573,42.7789,43.7932,7671384
2018-01-16,43.9224,44.1701,42.9977,43.0175,5634854
2018-01-17,43.2065,43.5943,42.4209,43.1965,4341487
2018-01-18,42.9877,43.5386,42.6595,42.9579,2714666
2018-01-19,42.6993,42.7888,42.1524,42.6098,5604301
2018-01-22,42.8187,44.5688,42.7491,44.5589,4840643
2018-01-23,44.6384,44.887,43.9921,44.2705,4173473
2018-01-24,44.4495,44.7776,43.8131,44.2705,5302090
2018-01-25,44.718,44.9069,43.644,43.6639,3634123
2018-01-26,43.7832,44.0617,43.5098,43.6142,2734485
2018-01-29,43.3457,44.1611,43.0673,43.0872,3401046
2018-01-30,42.6795,42.7988,41.1778,41.2873,6403935
2018-01-31,41.2873,41.7348,40.8398,41.1381,4526866
2018-02-01,41.4464,42.1077,41.2276,41.9834,7342188
2018-02-02,41.3867,41.516,39.7261,39.8057,6009878
2018-02-05,39.1494,39.9548,38.0853,38.4334,8425349
2018-02-06,37.5185,39.0101,37.0213,38.1649,8520392
2018-02-07,38.155,38.7019,36.5341,36.554,8469519
2018-02-08,36.6733,37.1804,34.6945,34.7442,7717826
2018-02-09,35.0823,35.0823,32.5068,34.4856,11522676
2018-02-12,35.1022,35.9076,34.8492,35.5795,6551611
2018-02-13,35.1718,35.1917,34.2072,34.3763,4889999
2018-02-14,33.8393,35.5994,33.6006,35.3607,6463497
2018-02-15,35.4502,35.485,33.3719,34.5453,6839574
2018-02-16,34.4359,34.7143,33.8094,33.9188,6752850
2018-02-20,34.1078,34.7044,33.9884,34.4558,6373401
2018-02-21,30.9555,33.0239,30.0805,30.3987,31052282
2018-02-22,30.5379,31.3831,30.0208,30.2396,18625437
2018-02-23,30.5975,31.2837,30.0705,31.2538,11877786
2018-02-26,31.3632,31.8008,30.5578,31.4328,11189356
2018-02-27,31.2439,32.298,31.2141,31.6814,10584866
2018-02-28,31.7411,32.0096,30.4882,30.4981,12820759
2018-03-01,30.4882,31.3036,30.2396,30.3688,8932285
2018-03-02,30.2296,31.2439,29.802,31.1842,9107619
2018-03-05,30.9456,32.1488,30.9356,31.8207,9848927
2018-03-06,31.9798,32.0394,31.0848,31.1544,6937107
2018-03-07,30.7964,31.3235,30.5677,30.7765,6492362
2018-03-08,31.6118,32.3278,31.5373,32.2085,12183865
2018-03-09,32.3775,32.6659,31.9698,32.5366,9139491
2018-03-12,32.5466,33.1631,32.4173,32.6361,7303005
2018-03-13,32.7852,32.9543,32.1239,32.6062,9880371
2018-03-14,32.6859,32.8951,32.4172,32.4967,9723509
2018-03-15,32.5664,32.9278,31.3908,31.5901,9724857
2018-03-16,31.6001,32.4518,31.5253,31.8391,10675513
2018-03-19,31.6299,31.7794,30.7832,31.0422,9728449
2018-03-20,31.341,31.8391,31.2813,31.4307,8607851
2018-03-21,31.6598,33.1741,31.5303,32.7955,10172353
2018-03-22,32.3074,32.6262,31.9687,32.1679,8580818
2018-03-23,32.3572,32.9516,31.9786,32.1081,8514905
2018-03-26,32.4468,32.4468,31.4307,32.3472,6366009
2018-03-27,32.3771,32.4618,31.4606,31.5901,6045092
2018-03-28,31.7495,31.9188,30.8579,31.082,7075739
2018-03-29,31.3012,31.8391,31.0671,31.6698,6290353
2018-04-02,31.5303,31.5901,29.7122,30.2352,8078322
2018-04-03,30.3448,31.2713,29.8965,31.2514,7195043
2018-04-04,30.5739,31.3012,30.3448,31.2016,6405453
2018-04-05,31.3012,32.3622,31.2613,32.1679,5654945
2018-04-06,31.9288,32.0949,30.8479,31.3311,6514139
2018-04-09,31.6798,32.1579,31.3112,31.351,6724632
2018-04-10,32.0982,33.6921,32.0351,33.4729,8734252
2018-04-11,33.4032,33.9288,33.2438,33.6124,6238693
2018-04-12,33.4231,33.4331,32.7059,32.7059,9887035
2018-04-13,33.1243,33.7618,33.0047,33.4729,7749755
2018-04-16,33.4929,33.5925,32.9997,33.4929,4698630
2018-04-17,33.453,33.7519,33.0944,33.5626,5516442
2018-04-18,33.9711,36.5712,33.9711,35.9635,15106860
2018-04-19,36.4018,36.5005,35.2811,35.555,12064792
2018-04-20,35.3259,35.4654,34.6584,35.2661,8332467
2018-04-23,35.0569,35.4554,34.5987,35.296,5048880
2018-04-24,35.4156,35.6397,34.1404,34.3496,9014469
2018-04-25,34.3695,35.1715,33.991,35.0669,7969081
2018-04-26,35.0769,35.7045,35.0569,35.6447,6409405
2018-04-27,35.2761,35.9187,35.0171,35.6148,6937346
2018-04-30,35.3956,36.5014,35.3458,36.1926,6304613
2018-05-01,36.0432,36.4716,35.6073,36.0631,5657342
2018-05-02,37.4279,39.4702,37.0992,38.0854,17385608
2018-05-03,37.8165,38.0356,36.9298,37.0593,8730939
2018-05-04,37.1191,37.936,36.8202,37.7268,6466586
2018-05-07,38.2946,39.256,37.6969,37.7467,10541000
2018-05-08,37.7467,39.1713,36.4118,38.8724,12191441
2018-05-09,39.4602,40.825,39.4403,40.0679,13498685
2018-05-10,40.4066,40.7653,39.8886,40.7354,8170183
2018-05-11,40.7752,41.2434,40.5316,40.7952,10409458
2018-05-14,41.0841,41.4028,40.6955,41.1638,6328862
2018-05-15,41.2235,41.4825,40.7105,41.1239,7387108
2018-05-16,40.8748,41.4277,40.7055,41.2434,4742538
2018-05-17,41.5822,42.5385,41.5124,42.1998,6624236
2018-05-18,42.0105,42.2297,41.5822,41.8013,4232603
2018-05-21,42.2895,42.4788,41.6569,42.1699,4461639
2018-05-22,42.3791,42.7278,41.4028,41.6419,6311616
2018-05-23,41.4726,42.0703,40.8812,42.0305,6366455
2018-05-24,41.0841,41.6818,40.6059,41.5324,6046265
2018-05-25,40.317,40.566,39.4353,40.4265,6948699
2018-05-29,39.8189,40.7752,39.6097,40.7354,5295371
2018-05-30,41.0243,42.14,41.0243,41.7714,6169997
2018-05-31,41.4128,42.15,41.1761,41.4128,5413283
2018-06-01,41.4626,41.8113,40.8151,41.2434,4966879
2018-06-04,41.7416,42.0404,39.7989,39.9384,7568935
2018-06-05,39.4901,39.8089,38.3245,39.1713,10997696
2018-06-06,41.8412,42.2994,41.1936,41.353,11933489
2018-06-07,41.4825,42.3692,41.4825,41.7914,6088937
2018-06-08,41.5822,42.0853,41.3182,42.0006,5371933
2018-06-11,42.0603,42.4688,41.7017,42.1102,6910385
2018-06-12,41.9707,42.7378,41.7017,41.7714,7041475
2018-06-13,41.5025,42.8225,41.4228,42.4289,6242659
2018-06-14,42.6785,43.0278,41.5406,41.6305,5515704
2018-06-15,41.2811,41.4209,39.9635,40.1732,9282740
2018-06-18,40.2431,41.7452,40.1732,41.0216,5914815
2018-06-19,40.2731,41.9399,40.1732,41.5307,5951856
2018-06-20,42.1395,42.7433,41.5905,42.5287,7271293
2018-06-21,42.1994,42.1994,40.8919,41.0715,6101608
2018-06-22,42.5287,43.7664,42.5287,43.1975,8104612
2018-06-25,42.5287,43.1376,41.5406,41.8101,5697713
2018-06-26,42.0796,42.7334,41.5406,42.5088,5055763
2018-06-27,43.0577,44.4551,43.0577,43.3871,8072080
2018-06-28,43.5169,43.9161,42.8382,43.4969,6250269
2018-06-29,43.6466,44.8044,43.6067,43.8762,6191638
2018-07-02,43.3272,43.7664,42.8781,43.447,4360380
2018-07-03,44.1157,45.1137,43.6566,43.9161,4132928
2018-07-05,44.1956,44.3053,43.5958,43.9061,5456293
2018-07-06,43.5668,44.7645,43.3771,44.4251,4270212
2018-07-09,44.7944,45.2236,44.6148,45.2136,4718446
2018-07-10,45.9123,46.4537,45.3633,45.523,7678587
2018-07-11,44.8643,45.3434,43.8362,44.0359,5113858
2018-07-12,44.5449,44.5449,43.5468,43.8462,4959529
2018-07-13,43.976,45.2436,43.8462,44.6347,6549255
2018-07-16,43.8562,44.485,43.0977,44.1257,5571272
2018-07-17,43.8362,44.485,43.5368,43.9959,4823926
2018-07-18,43.4969,43.7564,42.7084,43.6666,8152036
2018-07-19,43.5867,44.4451,43.3871,44.0558,5095370
2018-07-20,44.3253,44.3253,43.6067,44.0558,5088836
2018-07-23,44.3553,44.6547,44.0409,44.1257,3823745
2018-07-24,44.3652,45.2236,44.1656,44.475,4269144
2018-07-25,44.505,45.2985,44.3852,45.1837,4528323
2018-07-26,45.3533,45.523,44.7545,45.0639,4958232
2018-07-27,44.8543,45.4432,44.3652,44.465,4346366
2018-07-30,45.1038,45.3533,44.7745,44.9741,5591004
2018-07-31,44.9142,45.2036,44.2954,44.9242,5588041
2018-08-01,42.419,43.8961,41.1713,43.3871,16603355
2018-08-02,43.0178,44.2754,42.9679,43.8562,6503091
2018-08-03,43.8163,43.976,42.6834,42.9679,6560096
2018-08-06,43.6765,44.2405,43.3572,43.5668,6769572
2018-08-07,44.1556,44.2554,43.2923,43.3671,5816275
2018-08-08,43.0378,43.1954,41.88,42.5886,7014094
2018-08-09,42.7483,42.8781,41.9598,41.9898,5755635
2018-08-10,41.8101,42.8232,41.5506,42.7583,5844224
2018-08-13,42.4389,42.9479,41.9449,41.9898,5861508
2018-08-14,42.5687,42.6785,42.1395,42.3291,4867541
2018-08-15,41.9898,41.9898,39.9936,40.4028,8335971
2018-08-16,40.5425,41.0715,40.1433,40.6024,5371393
2018-08-17,40.822,40.9518,40.3379,40.5226,4529650
2018-08-20,40.4527,41.2512,40.313,40.9617,4174233
2018-08-21,41.4209,42.1095,41.3809,41.7702,4872323
2018-08-22,42.2892,42.918,42.2293,42.6286,5292769
2018-08-23,42.369,42.5437,42.0996,42.4389,4245040
2018-08-24,42.918,43.2274,42.4389,42.5786,3545573
2018-08-27,42.5786,42.908,42.3491,42.7982,3873020
2018-08-28,42.6186,43.1775,42.1545,42.4289,4761779
2018-08-29,42.8182,43.2873,42.6086,42.8781,4551079
2018-08-30,42.9978,43.5169,42.7733,43.0478,4207420
2018-08-31,42.7982,42.9479,42.3391,42.8481,3776759
2018-09-04,42.9779,43.1875,42.0397,42.2692,4973047
2018-09-05,41.9798,41.9865,41.1364,41.6305,7087662
2018-09-06,41.3809,41.3809,40.4228,40.5525,9195488
2018-09-07,40.1433,40.4827,39.5744,40.3928,7669580
2018-09-10,40.7122,40.9917,40.0784,40.4327,5692394
2018-09-11,40.2331,41.5207,40.1932,41.4109,7605990
2018-09-12,41.9698,42.1894,41.4308,41.87,8555777
2018-09-13,41.58,41.835,40.68,40.88,7547868
