date,open,high,low,close,volume
2013-09-16,55.2927,55.4634,54.96,55.0624,2818131
2013-09-17,55.0794,55.4378,54.8661,55.3695,2315631
2013-09-18,55.2074,56.257,55.1178,56.0522,2904078
2013-09-19,56.2143,56.9908,56.2143,56.7433,3184357
2013-09-20,56.7092,56.7433,55.3951,55.3951,5801578
2013-09-23,55.2757,55.9412,55.2757,55.4293,3209476
2013-09-24,55.4634,55.9754,55.3781,55.4293,3900384
2013-09-25,55.6511,55.7749,55.3439,55.3439,3056654
2013-09-26,55.4122,55.8559,55.3951,55.8218,2511751
2013-09-27,55.5743,55.617,55.2415,55.3781,3463609
2013-09-30,54.8405,55.4549,54.7381,55.2074,3321298
2013-10-01,55.2245,55.8218,55.0368,55.5231,3002731
2013-10-02,55.1818,55.4378,54.7466,54.977,4068656
2013-10-03,54.8405,55.0018,53.8848,54.3797,3682318
2013-10-04,54.4309,54.7296,54.2005,54.5845,2725613
2013-10-07,54.0299,54.832,53.9531,54.3712,1968853
2013-10-08,54.3541,54.5589,53.6971,53.7398,3258714
2013-10-09,53.7398,54.2091,53.5265,53.9104,3478026
2013-10-10,54.4395,55.489,54.3797,55.4463,3553107
2013-10-11,55.3354,55.8303,55.2586,55.7621,2068867
2013-10-14,55.4293,56.0138,55.3866,55.9754,1762323
2013-10-15,55.6426,55.7791,55.2415,55.2671,3422559
2013-10-16,55.6341,55.8115,55.1904,55.2415,2886481
2013-10-17,55.0624,55.7194,55.0624,55.6426,3031713
2013-10-18,55.7535,56.1119,55.5146,56.0095,4670726
2013-10-21,56.018,56.4788,55.89,56.2655,2355728
2013-10-22,56.5044,57.17,56.4276,56.658,2304882
2013-10-23,56.5812,56.786,56.2655,56.7177,2740529
2013-10-24,56.6921,56.9993,56.6409,56.7689,2036530
2013-10-25,56.9481,57.3577,56.6495,57.3577,2416437
2013-10-28,57.3406,57.3833,56.9908,57.2724,1913960
2013-10-29,57.3918,57.5027,56.9225,57.5027,2186230
2013-10-30,57.5027,57.5539,56.9822,57.0846,2410894
2013-10-31,57.0846,57.5881,56.8372,57.1444,2450534
2013-11-01,57.4004,57.4857,56.786,57.1956,3177713
2013-11-04,57.5625,57.6563,57.3236,57.4857,2319634
2013-11-05,56.6751,57.4601,56.3679,57.042,3188260
2013-11-06,57.3748,57.5966,56.8628,57.5198,2758227
2013-11-07,57.3492,57.5539,56.1802,56.3593,5119629
2013-11-08,56.3252,57.2041,56.3082,57.1444,2727463
2013-11-11,57.0761,57.2553,56.931,57.1273,2012991
2013-11-12,56.914,57.1358,56.4873,56.5727,3072420
2013-11-13,56.2291,57.423,56.2291,57.4144,2468864
2013-11-14,57.4487,57.964,57.3972,57.7236,3323174
2013-11-15,58.6168,58.7799,57.9297,58.3763,3750841
2013-11-18,58.4965,58.6339,57.9211,58.0499,2432803
2013-11-19,58.0499,58.2731,57.7321,57.8524,2080125
2013-11-20,58.2217,58.3333,57.4444,57.6205,2184544
2013-11-21,57.7665,58.2131,57.7064,58.1616,2121184
2013-11-22,58.2732,58.445,57.9469,58.402,1905406
2013-11-25,58.6082,58.6082,57.3972,57.5432,3607914
2013-11-26,57.5518,58.1057,57.5518,57.7493,2012834
2013-11-27,57.8524,58.0757,57.7665,57.9898,1317962
2013-11-29,58.1444,58.2045,57.5003,57.5346,1077390
2013-12-02,57.5346,57.8352,57.2769,57.3371,2405972
2013-12-03,57.2426,57.569,56.9248,57.2855,3490105
2013-12-04,56.9763,57.5861,56.6586,57.0794,2060053
2013-12-05,56.9678,57.2469,56.6929,57.0708,2167445
2013-12-06,57.2598,57.8094,57.1224,57.6978,3023543
2013-12-09,57.7923,58.1684,57.7321,58.0929,2005177
2013-12-10,57.9812,58.3162,57.8008,58.007,2310149
2013-12-11,57.9039,57.9984,56.869,57.0279,2956641
2013-12-12,56.9334,57.423,56.8303,57.2082,2445501
2013-12-13,57.2598,57.3886,56.7273,56.8561,2687421
2013-12-16,57.1395,57.8524,56.8819,57.4487,3894443
2013-12-17,57.4487,57.7321,57.0451,57.0794,2785670
2013-12-18,57.3113,58.3763,56.6758,58.3591,2749551
2013-12-19,58.3763,59.0891,58.11,58.9689,3430782
2013-12-20,58.9947,59.7341,58.9947,59.5529,5507565
2013-12-23,59.7419,59.8621,59.4069,59.5787,1728897
2013-12-24,59.6732,59.9823,59.5014,59.9136,841141
2013-12-26,60.051,60.3516,59.8793,60.2056,1276261
2013-12-27,60.3087,60.5234,60.1283,60.3001,974369
2013-12-30,60.2915,60.6866,60.1842,60.3431,1143377
2013-12-31,60.3774,60.5062,60.0768,60.2743,1665767
2014-01-02,59.9737,60.1455,59.3473,59.5186,1803110
2014-01-03,59.7934,60.0339,59.467,59.5787,1634150
2014-01-06,59.9308,60.0167,58.9603,59.1321,2492072
2014-01-07,59.2695,59.3726,58.7885,59.175,3025885
2014-01-08,59.1407,59.2523,58.6168,58.8744,2755910
2014-01-09,59.1664,59.8965,58.4149,58.6339,3431591
2014-01-10,58.8572,59.1836,58.3333,58.8744,3569717
2014-01-13,58.7628,59.5057,58.3419,58.445,3519592
2014-01-14,58.7112,59.4584,58.4965,59.4413,2780776
2014-01-15,59.467,60.1112,59.4327,59.9308,2088225
2014-01-16,59.8621,60.3688,59.7247,60.0768,2068720
2014-01-17,59.8879,60.1369,59.2265,59.364,3596547
2014-01-21,59.5787,60.0339,59.3897,59.7333,2359846
2014-01-22,59.7676,59.802,58.8401,59.2265,2954025
2014-01-23,58.7799,58.8229,57.6377,57.8438,4377122
2014-01-24,57.1481,57.3972,56.0445,56.0488,5543282
2014-01-27,56.0058,56.7273,55.5249,56.2721,4461529
2014-01-28,56.4353,57.0451,56.3666,56.9763,3777526
2014-01-29,56.4353,56.9334,56.2721,56.4009,3673788
2014-01-30,56.7874,57.3113,56.4524,57.1825,2806084
2014-01-31,56.169,57.0665,56.1003,56.6328,2577201
2014-02-03,56.5641,56.942,55.1212,55.1813,4708135
2014-02-04,54.5544,55.8255,53.4636,55.0182,5501253
2014-02-05,54.7777,55.0657,54.3534,54.7605,3943580
2014-02-06,54.7777,55.3188,54.7347,54.9151,3110882
2014-02-07,55.293,56.0445,55.1728,55.9887,2616483
2014-02-10,55.7654,55.8255,55.3789,55.8169,2613130
2014-02-11,55.8856,56.0746,55.4304,55.7825,3255344
2014-02-12,56.0073,56.5347,55.8949,56.2926,3475526
2014-02-13,55.8171,55.9468,55.2897,55.7998,4202715
2014-02-14,55.6701,56.1716,55.3329,55.7739,4436082
2014-02-18,55.7133,55.8171,55.1254,55.16,4956040
2014-02-19,54.9958,55.5577,54.624,54.7018,3890866
2014-02-20,54.8055,55.4194,54.5029,54.9525,3369647
2014-02-21,55.0736,55.4626,54.8315,54.8315,2969856
2014-02-24,55.0044,56.1024,55.0044,55.6096,3556068
2014-02-25,55.6269,56.1216,55.3848,55.8085,3017729
2014-02-26,55.9814,56.8892,55.8344,56.3964,4014798
2014-02-27,56.3877,56.833,56.1629,56.4137,3091874
2014-02-28,56.5174,56.9843,56.1491,56.4223,3393814
2014-03-03,56.0246,56.0246,55.2897,55.6355,2641248
2014-03-04,56.5779,56.699,56.016,56.3013,3201212
2014-03-05,56.3013,56.4569,56.1586,56.2494,2234706
2014-03-06,56.2926,56.5952,56.1975,56.2407,2462504
2014-03-07,56.5001,56.9583,56.4578,56.7163,3200699
2014-03-10,56.8287,56.8287,55.9987,56.137,3092549
2014-03-11,56.3186,56.4742,55.454,55.6874,2030199
2014-03-12,55.3589,55.428,55.0736,55.3329,3032301
2014-03-13,55.722,55.8776,54.2695,54.4856,4547294
2014-03-14,54.3819,54.5548,53.967,54.0879,4438511
2014-03-17,54.4511,55.1946,54.4511,55.039,3165736
2014-03-18,55.1946,55.4757,55.0995,55.2205,2624912
2014-03-19,55.3502,55.5059,54.5808,55.013,4126726
2014-03-20,54.9179,55.1254,54.624,54.9785,2806917
2014-03-21,56.0678,57.0794,55.7393,56.5001,7957105
2014-03-24,56.5779,56.9324,56.137,56.5347,4184003
2014-03-25,56.8287,57.3777,56.7854,57.3647,4944376
2014-03-26,57.4944,57.7451,56.8287,56.8373,3889388
2014-03-27,56.6817,57.3128,56.2148,57.235,4387989
2014-03-28,57.4598,58.065,57.235,57.7192,3143946
2014-03-31,58.1687,58.2379,57.6154,57.7538,3079245
2014-04-01,57.6154,58.2466,57.6154,58.2033,2766555
2014-04-02,58.2033,58.7999,58.1169,58.6529,3023821
2014-04-03,58.8345,59.042,58.4627,58.7394,2282062
2014-04-04,58.9901,59.2754,58.1255,58.1601,3125673
2014-04-07,58.1082,58.2379,57.4684,57.4771,3716963
2014-04-08,57.503,57.7538,57.1313,57.6327,4848988
2014-04-09,57.8921,58.0391,57.3647,58.0131,2691060
2014-04-10,57.9612,58.186,57.0059,57.1053,3769723
2014-04-11,55.9381,57.4252,55.9381,56.5433,2837859
2014-04-14,57.0534,57.2091,56.003,56.5174,3378007
2014-04-15,56.4655,57.6154,56.3272,57.5376,3554502
2014-04-16,57.9007,58.48,57.7883,58.4541,3171777
2014-04-17,58.6183,59.297,58.4541,59.1717,3945874
2014-04-21,59.0593,59.5088,58.9382,59.3013,1815620
2014-04-22,59.3186,59.725,59.0679,59.3964,2029222
2014-04-23,59.2927,60.0362,59.1717,60.0017,4076494
2014-04-24,60.3475,60.4694,59.9757,60.0881,3494437
2014-04-25,59.9671,59.9671,59.0766,59.1717,2964970
2014-04-28,59.4656,59.8114,58.3676,58.9815,3095387
2014-04-29,59.3359,59.4051,58.467,58.8345,2546760
2014-04-30,58.7307,59.016,58.4541,58.9469,2322112
2014-05-01,58.895,59.0333,58.4281,58.7826,2158818
2014-05-02,58.6097,58.9382,58.2984,58.3849,2785661
2014-05-05,58.186,58.5319,57.8143,58.4627,2614428
2014-05-06,58.3157,58.4454,57.5203,57.5463,3351123
2014-05-07,57.8575,58.212,57.4166,58.0996,2181227
2014-05-08,57.8748,58.5924,57.8056,58.1082,2317253
2014-05-09,58.0477,58.212,57.529,58.0304,1836721
2014-05-12,58.4541,59.0549,58.359,58.9815,2461337
2014-05-13,59.1284,59.3532,58.9209,59.0333,2632627
2014-05-14,59.1552,59.2248,58.4591,58.5548,2073391
2014-05-15,58.3112,58.4504,57.3628,57.9806,3120948
2014-05-16,58.0415,58.0937,57.5891,57.9023,3603365
2014-05-19,57.65,58.2764,57.6413,58.0589,2091007
2014-05-20,57.9371,58.0415,56.7103,56.8756,2650574
2014-05-21,56.9626,57.4324,56.806,57.0496,3057544
2014-05-22,57.1279,57.8588,57.0496,57.5369,2234958
2014-05-23,57.5891,58.0763,57.3715,57.8588,1672407
2014-05-27,58.0328,58.4113,57.8414,58.1633,2233899
2014-05-28,58.3982,58.4896,57.9458,57.9893,1804865
2014-05-29,58.1894,58.2126,57.6326,58.1198,1812479
2014-05-30,58.085,58.172,57.8066,58.0589,2213005
2014-06-02,58.1807,58.5722,57.824,58.4417,2099885
2014-06-03,58.1894,58.607,57.9632,58.2416,3353156
2014-06-04,58.1024,58.3286,57.9632,58.0676,2239607
2014-06-05,58.3286,58.7549,58.1111,58.6331,2407945
2014-06-06,58.7549,58.9985,58.7288,58.868,2747642
2014-06-09,58.7723,59.712,58.7723,59.2509,3109672
2014-06-10,59.1552,59.2074,58.7114,58.7288,3482831
2014-06-11,58.52,58.8767,58.4504,58.5113,2677647
2014-06-12,58.3199,58.4591,57.7718,57.8066,3723093
2014-06-13,57.8588,58.1589,57.6326,57.8327,3088127
2014-06-16,57.7457,58.2242,57.5282,57.7109,2717614
2014-06-17,57.5978,58.7114,57.5108,58.5026,3379176
2014-06-18,58.5374,59.3292,58.3634,59.2248,3232305
2014-06-19,59.2335,59.4336,58.6331,58.8245,3283548
2014-06-20,58.9463,59.8599,58.868,59.3727,4236954
2014-06-23,59.5728,59.7468,58.9637,58.9985,2602773
2014-06-24,58.8071,59.1943,58.2938,58.3547,2010520
2014-06-25,58.259,58.7201,58.2155,58.3112,2203166
2014-06-26,58.1807,58.3373,57.6674,58.0589,2006826
2014-06-27,57.8936,58.4678,57.8501,58.2242,2428896
2014-06-30,58.1372,58.2764,57.6239,57.737,2675160
2014-07-01,57.5804,58.2525,57.3889,57.9023,2910338
2014-07-02,57.9371,58.0599,57.5369,57.9806,2230761
2014-07-03,58.2677,58.8593,58.2329,58.6157,1946588
2014-07-07,58.607,59.1204,58.1328,58.8593,4105465
2014-07-08,58.6244,59.2074,58.4852,59.0159,4211842
2014-07-09,59.0682,59.3031,58.7201,58.9028,2958946
2014-07-10,58.3895,58.8071,58.2938,58.4678,2569872
2014-07-11,58.955,58.955,58.0676,58.3808,2964139
2014-07-14,58.9115,58.9637,58.5026,58.52,2259527
2014-07-15,58.4417,58.9202,58.3895,58.7288,3003246
2014-07-16,59.1291,59.364,58.9463,59.1552,3475716
2014-07-17,58.7723,58.8211,58.2459,58.2764,3334113
2014-07-18,58.3982,58.7097,58.3025,58.6331,2535419
2014-07-21,58.5635,58.8245,58.2808,58.607,1842056
2014-07-22,58.7288,59.0464,58.607,58.6592,1899038
2014-07-23,58.6766,58.7027,58.1763,58.3112,1341034
2014-07-24,58.2416,58.7375,58.2155,58.3373,2396469
2014-07-25,58.4417,58.9594,58.2155,58.6679,2965289
2014-07-28,58.5026,58.5026,57.9197,58.3634,3044887
2014-07-29,58.2764,58.4417,57.5108,57.5108,2704045
2014-07-30,57.5543,57.6239,56.371,56.7364,4661822
2014-07-31,56.3971,56.4841,55.3704,55.3791,5419752
2014-08-01,55.179,55.8054,54.9093,55.6749,3924487
2014-08-04,55.179,55.8054,54.9093,55.6749,3924487
2014-08-05,54.0305,55.6488,52.943,54.6744,6971203
2014-08-06,53.987,54.3872,53.5433,53.813,5195181
2014-08-07,54.1523,54.2828,53.639,53.7608,2959312
2014-08-08,53.9783,54.6744,53.8652,54.6396,2232542
2014-08-11,54.9093,54.9267,54.3829,54.4481,2064471
2014-08-12,54.5091,54.9006,54.3524,54.5265,2099477
2014-08-13,54.7455,55.3149,54.5615,55.2361,3137256
2014-08-14,55.1309,55.3937,54.9732,55.1484,2726847
2014-08-15,55.4025,55.5514,54.798,55.166,3051098
2014-08-18,55.3324,55.9238,55.3324,55.9106,2047248
2014-08-19,55.9106,56.2391,55.8931,56.007,2293779
2014-08-20,56.0158,56.5721,55.9719,56.4888,2504474
2014-08-21,56.5063,56.6816,56.2085,56.5589,1774112
2014-08-22,56.7166,56.8831,56.445,56.594,2433394
2014-08-25,56.8655,57.0846,56.629,56.7254,1483873
2014-08-26,56.7254,56.813,56.2348,56.3224,2176739
2014-08-27,56.4012,56.5764,56.134,56.4187,1507549
2014-08-28,56.0683,56.3973,55.9807,56.2961,1192515
2014-08-29,56.41,56.5677,56.0596,56.0858,2074387
2014-09-02,56.3574,56.6509,56.1296,56.3399,3087456
2014-09-03,56.7254,56.813,56.2348,56.3224,2176739
2014-09-04,56.3574,57.3649,56.2348,56.629,3406406
2014-09-05,56.629,57.2072,56.2786,57.0145,3698056
2014-09-08,56.8743,57.2247,56.8217,56.9269,3218314
2014-09-09,56.9269,57.3211,56.7604,57.0407,3204590
2014-09-10,57.1108,57.2501,56.8305,56.9531,2626310
2014-09-11,56.7341,57.0057,56.5502,56.6465,2734812
2014-09-12,56.5326,56.6465,56.1997,56.4976,3030355
2014-09-15,56.3399,56.5414,56.226,56.3311,2134060
2014-09-16,56.3224,56.4406,55.8493,56.4275,2563770
2014-09-17,56.7254,57.032,56.3574,56.5326,3243474
2014-09-18,56.8305,56.8743,56.5677,56.7166,1998215
2014-09-19,57.0846,57.1371,56.5764,56.9444,4764050
2014-09-22,56.8305,56.9269,56.0683,56.2873,2639330
2014-09-23,55.9807,56.2698,55.6215,55.6303,3891110
2014-09-24,55.6741,56.4713,55.385,56.2523,3889208
2014-09-25,55.8843,55.9281,54.6666,54.6754,4041084
2014-09-26,54.763,55.2711,54.4826,55.2273,3282733
2014-09-29,54.5615,54.9776,54.3249,54.9031,2883675
2014-09-30,54.8331,55.2623,54.7016,54.8243,3581589
2014-10-01,54.3337,54.3687,53.5365,53.7905,3938675
2014-10-02,53.8606,54.7455,53.7117,54.4388,3890445
2014-10-03,55.385,55.385,54.5002,54.6841,3813616
2014-10-06,54.8331,55.0696,54.4038,54.7192,2024110
2014-10-07,54.3162,54.4301,53.4051,53.4401,3082176
2014-10-08,53.5803,54.2286,53.0897,54.1585,4033297
2014-10-09,54.0534,54.0534,52.1315,52.2662,5497287
2014-10-10,52.31,52.897,51.7668,52.0647,5397166
2014-10-13,52.2399,52.5378,51.3638,51.3989,4256905
2014-10-14,51.7493,52.8794,51.6792,51.8369,4613809
2014-10-15,51.2237,52.1435,50.6017,51.9946,5419667
2014-10-16,51.1974,53.37,51.1623,52.9758,6910607
2014-10-17,53.3788,54.0446,53.3087,53.6328,5441613
2014-10-20,53.335,53.6504,53.1247,53.6416,3655440
2014-10-21,54.0972,55.2974,54.0621,55.1572,3634818
2014-10-22,55.2623,55.4463,53.3569,53.3963,6431620
2014-10-23,54.0446,54.6929,53.9833,54.36,3100544
2014-10-24,54.3249,54.7279,54.0096,54.6578,3089527
2014-10-27,54.3775,54.5965,54.0008,54.5527,2369980
2014-10-28,54.8243,55.6828,54.7279,55.5252,2635237
2014-10-29,55.8581,55.8581,55.1309,55.4551,4025514
2014-10-30,55.0433,55.7617,54.7717,55.5602,3146900
2014-10-31,56.2698,56.5239,55.8851,56.1209,5405908
2014-11-03,56.2786,56.6903,55.9982,56.5151,4040443
2014-11-04,56.9882,57.3036,55.8756,56.2348,6902586
2014-11-05,56.8568,56.8655,56.1997,56.4275,3899052
2014-11-06,56.6202,56.848,56.2786,56.6553,3475061
2014-11-07,56.7779,57.1503,56.5151,56.8217,3368448
2014-11-10,56.9181,57.1722,56.8305,57.0407,2013881
2014-11-11,57.0407,57.0407,56.4187,56.5589,2464549
2014-11-12,56.3824,56.8148,56.3824,56.5236,2859866
2014-11-13,56.5677,56.6383,55.6852,56.0559,3597739
2014-11-14,55.9235,56.3824,55.9235,56.1441,2345487
2014-11-17,56.0647,56.4354,55.9323,56.25,2249910
2014-11-18,56.153,56.7972,56.0735,56.5148,2515704
2014-11-19,56.3824,56.7707,56.1618,56.6119,2103241
2014-11-20,56.2589,57.009,56.1706,56.6648,2222770
2014-11-21,57.362,58.0591,57.2914,57.8826,3993730
2014-11-24,57.8826,58.1474,57.7062,58.0415,2503233
2014-11-25,58.1121,58.1915,57.5473,57.9797,2901416
2014-11-26,57.9179,58.0591,57.5032,57.6973,1852152
2014-11-28,57.2473,57.2914,55.8529,56.2589,3486450
2014-12-01,55.8529,55.8706,55.1116,55.4293,4786791
2014-12-02,55.4646,56.1618,55.3058,56.0735,3091586
2014-12-03,56.303,57.0266,56.1618,56.9031,5283998
2014-12-04,56.8766,57.2031,56.656,56.9737,2332544
2014-12-05,57.0531,57.5032,56.8413,57.2561,3242097
2014-12-08,57.2384,57.2649,55.6852,56.1353,4195673
2014-12-09,55.4028,56.1883,55.1822,56.153,4086769
2014-12-10,55.9147,56.0382,54.0526,54.2291,4427068
2014-12-11,54.5645,54.808,53.96,54.1144,3627345
2014-12-12,53.2981,53.3996,51.4228,51.564,8183674
2014-12-15,52.0053,52.5259,51.008,51.3169,6956509
2014-12-16,51.4052,53.7438,51.3346,52.2523,7726467
2014-12-17,52.0759,52.9142,51.4493,52.7201,7855001
2014-12-18,53.4878,54.7145,53.4878,54.7145,5488695
2014-12-19,54.7322,55.394,54.4586,55.0057,7342634
2014-12-22,55.1381,55.4381,54.8204,55.244,2712603
2014-12-23,55.447,55.9586,55.3587,55.447,2627954
2014-12-24,55.4999,55.6058,55.2263,55.3587,1405629
2014-12-26,55.6764,55.7294,55.3764,55.4028,1595531
2014-12-29,55.2263,55.4646,55.1205,55.2528,2116741
2014-12-30,55.1558,55.2969,54.944,55.041,2034207
2014-12-31,55.2705,55.4558,54.4233,54.4762,2225073
2015-01-02,54.5733,54.9373,53.8232,54.5292,3396049
2015-01-05,54.5645,54.8557,53.3466,53.4084,7148427
2015-01-06,53.6026,53.7085,52.7112,53.3202,5451839
2015-01-07,53.832,53.8497,53.0113,53.2054,5283510
2015-01-08,53.5937,54.6527,53.4437,54.5998,4899288
2015-01-09,54.5557,54.688,53.276,53.7438,3638561
2015-01-12,53.4878,53.6202,52.5965,53.0995,5807433
2015-01-13,53.4172,53.9732,52.5524,53.0201,4379412
2015-01-14,52.2965,52.6495,51.7493,52.6142,6715104
2015-01-15,52.976,53.0378,52.2612,52.4024,6035180
2015-01-16,52.27,53.3025,52.1818,53.2584,7268006
2015-01-20,53.6202,53.7702,52.7818,53.3731,5774831
2015-01-21,53.3378,54.0791,53.0025,53.8144,4490207
2015-01-22,53.2143,53.3731,52.4994,52.7818,9337627
2015-01-23,52.5171,52.6317,51.2287,51.2904,9666024
2015-01-26,51.3699,52.4906,50.7698,52.4465,7435759
2015-01-27,50.6286,51.4758,50.4035,50.5668,9315295
2015-01-28,50.708,51.008,49.5872,49.6225,7567364
2015-01-29,49.499,50.4697,49.2528,50.1961,7405493
2015-01-30,49.8873,50.7874,49.8431,50.2491,8147122
2015-02-02,50.355,52.2171,50.3285,52.0406,10199110
2015-02-03,51.3169,52.9495,50.8139,52.4553,20572890
2015-02-04,52.1906,52.3759,50.4168,50.5933,10933917
2015-02-05,50.5933,50.8845,50.1344,50.4344,8895146
2015-02-06,50.4432,50.7345,50.1432,50.3285,6159990
2015-02-09,50.0991,50.9242,50.0814,50.6109,6025630
2015-02-10,50.7874,51.2993,50.3223,51.2198,6049960
2015-02-11,51.4423,51.5668,50.8818,51.3266,4182703
2015-02-12,51.3177,52.1985,51.3177,52.1362,4897029
2015-02-13,52.2074,52.7715,52.0917,52.2074,3796567
2015-02-17,52.1273,52.154,51.7537,51.8693,3499854
2015-02-18,51.7537,52.7056,51.7448,52.3587,3309334
2015-02-19,52.1985,52.4565,51.9138,52.2163,3185325
2015-02-20,52.074,52.2843,51.4067,52.1985,5883462
2015-02-23,52.1985,52.2786,51.8159,52.2608,4148787
2015-02-24,51.9672,52.243,51.5668,52.0917,5259571
2015-02-25,52.243,52.3053,51.4245,51.8693,5087242
2015-02-26,51.807,51.9583,51.5223,51.549,3878644
2015-02-27,51.6113,51.8337,51.4956,51.5312,4779035
2015-03-02,51.6113,52.0562,51.5134,51.896,3693212
2015-03-03,51.5668,52.0117,51.5312,51.9405,3097375
2015-03-04,51.6736,51.8337,51.1576,51.4067,3451683
2015-03-05,51.3978,51.6736,51.1086,51.6736,4852678
2015-03-06,51.1131,51.1131,50.1255,50.3212,7698358
2015-03-09,50.6415,51.0019,50.4014,50.8017,6179773
2015-03-10,50.3035,50.3035,49.734,49.9031,6115224
2015-03-11,50.1255,50.1433,49.3782,49.3871,4172115
2015-03-12,49.5383,49.9612,49.4938,49.8675,4695630
2015-03-13,49.7518,49.7696,48.8844,49.1646,4879230
2015-03-16,49.3604,50.0454,49.3426,50.0276,4967125
2015-03-17,49.565,49.7163,49.3604,49.5472,4235732
2015-03-18,49.4138,50.7928,48.9467,50.517,5922498
2015-03-19,50.2412,50.3568,49.6335,50.0632,3907756
2015-03-20,50.2768,50.5259,50.0365,50.4369,8023337
2015-03-23,50.4725,50.8551,50.3746,50.6504,4194555
2015-03-24,50.5971,50.6771,50.3035,50.5437,6166673
2015-03-25,50.7127,50.8284,50.2501,50.3568,5731965
2015-03-26,49.9921,50.5348,49.734,50.2412,5074596
2015-03-27,50.4013,50.4013,49.823,50.3035,3677666
2015-03-30,50.4636,50.9262,50.3212,50.3479,4314353
2015-03-31,50.1433,50.428,49.6451,50.3746,6236964
2015-04-01,50.0543,50.1166,49.5739,49.7252,4704660
2015-04-02,49.7429,50.0543,49.3782,49.4138,5912846
2015-04-06,49.7163,51.38,49.1557,50.7038,7784678
2015-04-07,50.428,50.5971,49.9654,50.2412,4364230
2015-04-08,50.1433,50.6504,50.001,50.4814,4925779
2015-04-09,50.3835,50.8462,50.339,50.4636,5385402
2015-04-10,50.6059,50.7305,50.2901,50.5793,3712383
2015-04-13,50.6415,52.0117,50.5971,51.9583,9402654
2015-04-14,51.7448,52.1273,51.5668,51.896,4561684
2015-04-15,52.1807,52.7635,52.0917,52.6345,4734761
2015-04-16,52.3676,52.6211,52.1451,52.412,3919946
2015-04-17,52.0917,52.1095,51.4885,51.985,5091310
2015-04-20,52.1985,52.6789,52.1629,52.2252,3552813
2015-04-21,52.243,52.4654,51.3978,51.7981,3642174
2015-04-22,51.7892,51.8604,51.1665,51.7359,3622589
2015-04-23,51.38,52.1184,51.2109,51.7892,3775424
2015-04-24,51.4868,51.7715,50.9885,51.291,3953631
2015-04-27,51.4334,52.1941,51.3978,52.0117,3909094
2015-04-28,51.7892,52.332,51.6202,52.1896,3464815
2015-04-29,52.0028,52.7412,51.6113,52.5722,4709572
2015-04-30,52.501,52.8124,52.0917,52.3409,3988039
2015-05-01,52.5277,52.8391,52.3364,52.7857,3016121
2015-05-04,53.017,53.2128,52.7768,52.9281,3809231
2015-05-05,51.2554,52.3764,51.1576,51.9583,8422721
2015-05-06,51.9494,52.0295,51.1843,51.7981,6646975
2015-05-07,52.0028,52.0117,51.2732,51.6914,5785700
2015-05-08,52.2608,52.5544,52.1095,52.3053,4051577
2015-05-11,52.2519,52.9725,51.9583,52.759,5284437
2015-05-12,52.6612,53.8178,52.5277,53.5419,7415831
2015-05-13,53.8379,54.5687,53.8379,54.1069,7257154
2015-05-14,54.5014,54.5732,54.1069,54.2772,4121708
2015-05-15,54.3311,54.4207,53.8558,53.9724,3653580
2015-05-18,54.0889,54.2055,53.7123,53.9813,3998448
2015-05-19,53.793,53.9813,53.3716,53.7123,5030673
2015-05-20,53.6675,54.0531,53.264,53.9186,4926238
2015-05-21,54.0262,56.2679,53.9813,55.3443,10752742
2015-05-22,55.2098,55.8644,55.2009,55.3981,5323515
2015-05-26,55.3802,55.3892,54.3849,54.5463,4579843
2015-05-27,54.6001,54.8332,54.3311,54.6539,2667741
2015-05-28,54.4297,54.7615,54.071,54.7166,3710009
2015-05-29,54.9049,54.9498,53.811,54.08,4545316
2015-06-01,54.3759,54.5373,53.802,54.0172,2836708
2015-06-02,53.8648,54.4925,53.811,54.071,3004648
2015-06-03,54.071,54.4297,53.9186,54.1069,2639406
2015-06-04,53.6854,53.8199,52.7439,52.8336,6019268
2015-06-05,52.726,53.1474,52.5735,53.0936,3299087
2015-06-08,52.9412,53.3267,52.8874,53.0129,2805750
2015-06-09,52.6811,53.255,52.6184,53.0667,2467607
2015-06-10,53.3985,53.7213,53.2729,53.5958,3149109
2015-06-11,53.7034,53.9948,53.5689,53.9275,2967584
2015-06-12,53.7213,53.9634,53.3267,53.4702,2878303
2015-06-15,52.995,53.0533,52.4838,52.6363,2791750
2015-06-16,52.6184,52.7887,52.3673,52.5556,2343400
2015-06-17,52.6722,52.8874,51.9458,52.3224,4112425
2015-06-18,52.4569,53.2371,52.3404,52.6811,5450465
2015-06-19,52.4031,52.726,52.0893,52.1072,6871065
2015-06-22,51.8741,52.5825,51.8741,52.2417,4133090
2015-06-23,52.3224,52.3904,51.6679,51.901,3397807
2015-06-24,51.8831,51.9279,51.4033,51.5513,2373720
2015-06-25,51.4795,51.5782,50.7712,50.7712,3129160
2015-06-26,50.7712,50.8788,50.5201,50.7353,3582362
2015-06-29,50.4304,50.6652,49.7669,49.8207,2681427
2015-06-30,50.4035,51.354,49.5247,49.7041,7572771
2015-07-01,49.9193,49.9283,49.3364,49.722,5230501
2015-07-02,49.9193,50.3228,49.8027,50.0897,4948156
2015-07-06,49.7938,50.1435,49.4485,49.5516,3064781
2015-07-07,49.4889,49.5785,48.5563,49.3633,4512428
2015-07-08,49.0405,49.2019,48.2539,48.4039,4231458
2015-07-09,49.0943,49.2468,48.2066,48.2066,3743526
2015-07-10,48.8612,48.9419,48.1393,48.2694,3979241
2015-07-13,48.6011,48.7536,48.4039,48.6908,3399066
2015-07-14,48.6998,48.7894,48.4039,48.6011,2925934
2015-07-15,48.5204,48.646,47.7582,47.9555,4180257
2015-07-16,48.3142,48.4666,47.6506,47.8569,4587480
2015-07-17,47.6686,47.8569,47.0319,47.1575,6374696
2015-07-20,47.1844,47.5108,47.0767,47.292,3986621
2015-07-21,47.1395,47.1485,46.5836,46.7539,5266625
2015-07-22,46.6194,46.8436,46.3863,46.4132,4665429
2015-07-23,46.4132,46.8167,46.1442,46.198,4148472
2015-07-24,46.1352,46.215,45.3954,45.4448,3527582
2015-07-27,45.1847,45.373,44.9247,45.2475,3435881
2015-07-28,45.4448,46.5925,45.391,46.4491,5544859
2015-07-29,46.3056,46.9512,46.1083,46.8167,3945763
2015-07-30,46.5567,46.8122,46.3594,46.6105,3040324
2015-07-31,46.8974,46.9871,46.3415,46.4042,4019910
2015-08-03,46.2518,46.5029,45.8752,46.0276,3839784
2015-08-04,46.0276,46.7898,44.4225,44.5122,7360458
2015-08-05,44.9516,45.2484,44.575,44.7543,7088051
2015-08-06,44.6646,44.8843,44.3418,44.6019,5833787
2015-08-07,44.4405,44.5481,44.0235,44.1087,5430032
2015-08-10,44.4943,45.0412,44.4943,44.8529,6008584
2015-08-11,44.3867,44.4763,43.7321,43.8755,6288311
2015-08-12,43.6764,44.5184,43.3051,44.4369,6236858
2015-08-13,44.4188,44.953,44.2739,44.7357,4545281
2015-08-14,44.5999,45.0163,44.5999,44.9077,3163851
2015-08-17,44.6904,45.6954,44.5637,45.5777,4120918
2015-08-18,45.2699,45.469,45.0797,45.3695,2858694
2015-08-19,45.0435,45.3604,44.5637,45.0254,4644535
2015-08-20,44.6451,44.876,44.2658,44.4278,5604110
2015-08-21,44.0747,44.5274,43.4138,43.4229,6704635
2015-08-24,41.1956,43.5043,39.8646,41.9742,9120513
2015-08-25,43.8212,43.9118,40.8334,40.8877,7418348
2015-08-26,41.8112,42.0919,41.105,42.0195,6266834
2015-08-27,42.5175,43.2689,42.2187,43.1331,4215689
2015-08-28,43.0879,43.6311,43.0154,43.5043,4098610
2015-08-31,43.1241,43.4703,42.7257,43.2056,3650134
2015-09-01,42.2549,42.6352,41.6664,41.8927,4252475
2015-09-02,42.3635,42.608,41.8112,42.3635,3230065
2015-09-03,41.44,42.3454,41.431,42.0376,5766853
2015-09-04,41.4129,41.8022,41.3017,41.4853,4683441
2015-09-08,42.0738,42.4179,41.9199,42.4179,4440030
2015-09-09,42.8887,42.9702,42.0331,42.1191,6041316
2015-09-10,42.0557,42.3183,41.6211,41.9833,3933723
2015-09-11,41.8927,42.0104,41.4672,41.6845,3368710
2015-09-14,41.5758,41.6754,41.1141,41.2137,3404579
2015-09-15,41.3404,42.0195,41.2816,41.938,2357788
2015-09-16,42.0919,42.6895,41.9561,42.608,3014311
2015-09-17,42.5356,43.287,42.3092,42.4179,5107041
2015-09-18,41.5668,41.7026,40.6433,40.8425,10416603
2015-09-21,41.0054,41.2046,40.761,40.8515,3516014
2015-09-22,40.2902,40.761,40.0548,40.426,4113441
2015-09-23,40.5346,40.6071,39.3169,39.5387,4987161
2015-09-24,39.1313,39.6836,38.751,39.5296,5727121
2015-09-25,39.8284,39.8375,39.4482,39.6383,3899188
2015-09-28,39.2399,39.3123,38.8099,38.9683,4703055
2015-09-29,39.1313,39.5387,38.9321,39.3486,5049779
2015-09-30,39.7469,40.0548,39.3667,39.9914,4332616
2015-10-01,39.7832,40.0638,38.6061,38.7329,5478802
2015-10-02,38.416,40.0276,38.2123,40.0095,5258617
2015-10-05,40.3898,41.9199,40.3083,41.6664,5722474
2015-10-06,41.766,42.1643,41.6664,41.8294,3857106
2015-10-07,42.2006,42.6533,41.3721,41.9652,6393301
2015-10-08,41.938,43.1105,41.7931,43.0245,3323713
2015-10-09,43.106,43.3685,42.4812,42.6895,4048675
2015-10-12,42.7257,42.9339,42.3273,42.5084,2182480
2015-10-13,42.3907,42.6804,41.9923,42.0919,4132858
2015-10-14,42.1643,42.3047,41.603,41.8927,4092227
2015-10-15,42.101,42.4088,41.3857,42.3907,3852866
2015-10-16,42.8706,42.8706,40.6342,40.9873,6386806
2015-10-19,40.77,41.2702,40.77,41.1775,3443523
2015-10-20,41.0145,42.0195,40.8425,41.7569,4197193
2015-10-21,41.9742,42.6831,41.7298,41.9108,3678031
2015-10-22,42.0376,43.5224,41.8746,43.2599,6691046
2015-10-23,43.5043,43.622,42.952,43.622,5557947
2015-10-26,43.613,43.6945,43.2418,43.4681,4439219
2015-10-27,43.0969,43.1241,42.3816,42.4541,3819418
2015-10-28,42.7076,43.2056,42.3816,42.9249,3975973
2015-10-29,42.7619,43.0426,42.5899,42.7166,2254137
2015-10-30,42.9611,43.0154,42.4903,42.7619,6658484
2015-11-02,42.7438,43.9299,42.5989,43.776,5238074
2015-11-03,43.6492,45.4872,43.4591,44.9439,5704895
2015-11-04,45.1974,45.5143,44.89,44.9801,4676299
2015-11-05,44.7538,45.0707,43.948,44.5003,4963471
2015-11-06,44.1924,44.7447,43.8574,44.5727,4224695
2015-11-09,44.4822,44.7266,43.3504,43.7488,4048069
2015-11-10,43.5888,43.9088,43.1224,43.6985,3762663
2015-11-11,43.8905,44.1465,43.4059,43.8631,2900660
2015-11-12,43.4333,44.0094,43.0767,43.2047,5182926
2015-11-13,42.9761,43.8265,42.9761,43.6071,4351728
2015-11-16,43.6071,44.7135,43.5979,44.6677,4774000
2015-11-17,44.686,44.8598,44.2654,44.5123,3294933
2015-11-18,44.6495,45.7787,44.4757,45.7284,3947912
2015-11-19,45.8107,46.0073,45.6278,45.8473,3124467
2015-11-20,46.0027,46.2405,45.7056,45.8656,3296288
2015-11-23,45.9022,46.0393,45.6004,45.7376,3682949
2015-11-24,45.6096,47.0634,45.4541,45.7833,3017970
2015-11-25,45.701,46.1399,45.5913,45.9387,2787153
2015-11-27,45.8107,46.1033,45.4998,45.9845,2039329
2015-11-30,46.0576,46.0942,45.6827,45.7193,4882450
2015-12-01,45.9204,46.1216,44.7592,45.3718,5528022
2015-12-02,45.1707,45.765,44.622,44.7226,4373707
2015-12-03,44.7958,44.8049,44.062,44.4209,6121985
2015-12-04,44.3203,45.0746,44.238,44.9603,4635514
2015-12-07,44.7958,44.8872,44.2288,44.3568,4775276
2015-12-08,43.9911,44.2105,43.1223,43.2322,6179634
2015-12-09,43.0584,43.8311,42.8024,43.1041,6712707
2015-12-10,43.3327,43.5248,42.8664,42.9487,4422135
2015-12-11,42.5189,42.5647,41.5131,41.5863,7010107
2015-12-14,41.5497,41.7142,40.8045,41.1382,7332890
2015-12-15,41.568,41.568,41.0559,41.3485,5751001
2015-12-16,41.5771,42.2812,41.1199,42.1532,5596649
2015-12-17,42.0892,42.3909,41.1199,41.1474,5047258
2015-12-18,41.0011,41.4582,40.7725,40.7725,7207829
2015-12-21,41.2296,42.0252,41.1839,41.952,6236062
2015-12-22,42.0617,43.0218,42.0617,42.839,4724804
2015-12-23,43.0584,44.2563,42.9487,44.1923,5859920
2015-12-24,44.0551,44.3751,43.9271,44.1283,1691783
2015-12-28,43.9819,44.2288,43.5888,44.1283,3105920
2015-12-29,44.3477,44.7409,43.8814,44.3386,2988065
2015-12-30,44.2105,44.6769,44.1008,44.3751,5110812
2015-12-31,44.1465,44.622,43.7259,43.7351,3326287
2016-01-04,43.2687,43.287,42.5372,43.2504,4949326
2016-01-05,43.5065,43.5888,42.6378,42.967,3656417
2016-01-06,42.3269,42.6652,41.9886,42.4732,5420434
2016-01-07,41.696,41.8789,40.7175,40.7907,6162036
2016-01-08,41.1382,41.2479,40.2421,40.3244,5405251
2016-01-11,40.3976,40.5621,39.5472,40.0501,4296700
2016-01-12,40.489,40.9279,39.8946,40.4341,4136893
2016-01-13,40.7542,40.9005,39.4649,39.5563,4621868
2016-01-14,39.8032,40.3518,39.1906,40.0775,4280643
2016-01-15,39.0443,39.628,38.5596,39.4009,6386900
2016-01-19,39.8764,39.9587,38.9117,39.4466,4097019
2016-01-20,38.6877,39.2912,37.7184,38.9894,5907250
2016-01-21,38.7242,39.6752,38.2122,39.2637,4323754
2016-01-22,40.1324,40.2055,38.8065,39.474,4686522
2016-01-25,39.3094,39.41,38.5688,38.6694,4471399
2016-01-26,39.026,39.7666,38.8971,39.41,6502379
2016-01-27,39.4192,40.5164,39.026,39.666,7135309
2016-01-28,40.3335,40.8456,39.8398,40.7816,4906098
2016-01-29,40.937,42.0435,40.7999,42.0435,7578033
2016-02-01,41.5131,41.8331,41.1839,41.6045,4527222
2016-02-02,41.1474,43.1499,41.0011,41.9154,6788710
2016-02-03,42.2446,42.4915,40.9188,42.144,6058037
2016-02-04,42.3543,44.1557,42.2446,42.8573,7855602
2016-02-05,42.6469,43.159,42.4184,42.8938,3919984
2016-02-08,42.4732,43.2802,42.0389,43.031,5171753
2016-02-09,42.5189,43.2596,42.2446,42.8938,4920223
2016-02-10,42.8892,43.1294,42.2057,42.2796,4447411
2016-02-11,41.4297,42.3165,41.2912,41.9655,4030491
2016-02-12,42.0024,42.7599,41.9008,42.5105,4250594
2016-02-16,43.1571,43.2495,42.3257,43.0647,4602718
2016-02-17,43.4619,44.5335,43.3973,44.1178,3753605
2016-02-18,44.3672,45.0554,44.2748,44.6536,5215704
2016-02-19,44.515,44.6259,43.9792,44.3949,4399689
2016-02-22,44.8014,45.6974,44.7921,45.5219,3814106
2016-02-23,45.4572,45.7898,44.6536,44.7644,2764917
2016-02-24,44.1547,44.7228,43.582,44.672,3140911
2016-02-25,44.6905,44.9399,44.261,44.9214,2258649
2016-02-26,45.2448,46.0068,45.1062,45.6143,4070579
2016-02-29,45.6327,45.7436,45.0785,45.1062,4165403
2016-03-01,45.7159,46.4868,45.4018,46.1593,2843581
2016-03-02,46.0854,46.5842,45.799,46.5657,3561428
2016-03-03,46.5657,46.9675,46.4179,46.9167,2496690
2016-03-04,46.926,47.5726,46.7686,47.3509,3612025
2016-03-07,47.2031,47.9652,47.1107,47.9513,3122825
2016-03-08,47.5172,47.9421,46.7782,46.8613,5065566
2016-03-09,47.0553,47.2308,46.187,46.2424,4737155
2016-03-10,46.6673,46.7689,46.0022,46.695,4765455
2016-03-11,46.9999,47.5356,46.8705,47.3509,3484903
2016-03-14,47.0183,47.4987,46.9814,47.3324,2748806
2016-03-15,46.8244,46.9629,46.2516,46.9167,3040780
2016-03-16,47.1107,47.665,46.7689,47.5264,3033689
2016-03-17,47.7204,50.9812,47.628,50.5655,12089061
2016-03-18,50.7595,50.8057,50.0852,50.4731,12733228
2016-03-21,50.5101,50.8519,50.3807,50.7964,4917435
2016-03-22,50.4362,51.3045,50.4095,51.1013,3535660
2016-03-23,50.7872,50.8796,50.2884,50.4362,3780532
2016-03-24,50.039,50.3068,49.7341,50.2422,3722945
2016-03-28,50.2699,50.45,49.845,50.1868,3011174
2016-03-29,49.9651,50.3715,49.5401,50.2976,3343595
2016-03-30,50.8057,50.8888,50.1544,50.3992,2225906
2016-03-31,50.3807,50.5378,50.0066,50.2329,2941383
2016-04-01,49.0598,50.6024,48.9862,50.5747,3539413
2016-04-04,50.6024,50.6579,49.4723,49.9835,4260681
2016-04-05,49.9189,50.0759,49.1245,49.4293,3198757
2016-04-06,49.6418,49.651,48.5887,49.1614,4489591
2016-04-07,48.949,49.5401,48.7642,48.8381,4587097
2016-04-08,49.4108,50.2514,49.3,49.7341,3714528
2016-04-11,49.8173,50.3623,49.6787,49.6787,4324949
2016-04-12,49.7618,50.7133,49.6879,50.3715,3385152
2016-04-13,50.7964,51.2768,50.4177,51.2398,4258999
2016-04-14,51.4892,51.4892,50.778,50.8703,2440289
2016-04-15,50.9258,51.3507,50.8112,51.1013,3483875
2016-04-18,50.6394,51.1382,50.2976,51.0089,3458904
2016-04-19,51.3507,51.8218,51.0089,51.4061,3705465
2016-04-20,51.6555,51.7202,50.8334,50.8703,3682504
2016-04-21,50.9073,51.286,50.8611,50.9627,2719272
2016-04-22,51.129,51.6392,50.898,51.2398,3579065
2016-04-25,51.1752,51.3876,50.8057,51.092,3416365
2016-04-26,51.3876,51.868,51.3137,51.831,3170778
2016-04-27,51.9419,52.4869,51.6925,51.9973,4200641
2016-04-28,51.831,51.831,50.6302,50.8241,3572378
2016-04-29,50.7502,51.0913,50.2145,50.4639,4193233
2016-05-02,50.3438,51.0551,50.0667,50.9997,4255697
2016-05-03,51.2491,51.48,50.0482,50.5008,4960241
2016-05-04,50.1591,50.3161,48.3762,48.755,5742425
2016-05-05,49.0783,49.3277,48.524,48.9397,3993060
2016-05-06,48.912,49.3138,48.6441,49.2445,2409610
2016-05-09,49.2815,49.2907,48.3901,48.6072,2938101
2016-05-10,48.7457,49.4385,48.6349,49.4201,2745039
2016-05-11,49.6671,49.8348,49.1545,49.2663,3624487
2016-05-12,49.5925,49.8069,49.0053,49.3129,2790479
2016-05-13,49.1451,49.3222,48.1386,48.2877,3276829
2016-05-16,48.4648,49.3781,48.4275,49.2197,4127317
2016-05-17,49.1638,49.5273,48.5906,48.791,2802365
2016-05-18,48.3902,48.4648,47.104,47.3464,6519118
2016-05-19,47.104,47.1413,46.1161,46.7312,6088640
2016-05-20,47.0201,47.393,46.9269,47.2065,2439042
2016-05-23,47.132,47.4955,46.8058,47.2438,3818521
2016-05-24,47.3836,47.9048,47.1972,47.6912,2461107
2016-05-25,47.7937,48.6978,47.7005,48.5487,2853278
2016-05-26,48.6419,48.8935,48.3343,48.4834,1857502
2016-05-27,48.6419,48.6658,48.3809,48.6512,1663461
2016-05-31,48.6791,48.89,48.092,48.4834,3519362
2016-06-01,48.269,48.6325,47.8496,48.6139,2483264
2016-06-02,48.5114,48.7537,48.0547,48.6885,3189660
2016-06-03,48.6325,48.7817,48.0644,48.7444,2543727
2016-06-06,48.9867,49.9001,48.9121,49.8441,3596856
2016-06-07,50.0585,50.3381,49.8162,49.8908,3272212
2016-06-08,50.0958,50.3661,49.8441,50.161,3013630
2016-06-09,49.6111,50.0678,49.4993,49.9467,2946805
2016-06-10,49.6391,49.695,48.7304,49.1451,3241062
2016-06-13,48.6791,48.8609,48.1199,48.1199,3720213
2016-06-14,48.092,48.5347,47.9988,48.4834,2805089
2016-06-15,48.7351,48.9028,48.3436,48.4275,2456906
2016-06-16,48.0547,48.6978,47.6353,48.5766,2233784
2016-06-17,48.5766,49.024,48.4554,48.8749,3628146
2016-06-20,49.6671,50.2076,49.6484,49.7323,3798051
2016-06-21,49.7137,49.9001,49.1638,49.5366,3120139
2016-06-22,49.2011,49.4294,48.9168,49.0147,3683962
2016-06-23,49.5739,50.0352,49.3875,50.0212,2650546
2016-06-24,48.4088,48.5882,47.1413,47.3743,9501081
2016-06-27,46.9549,46.9735,45.1543,45.8831,5972459
2016-06-28,46.6101,46.6194,45.7666,46.3491,5218965
2016-06-29,46.9642,47.337,46.3864,47.2159,3314031
2016-06-30,47.4396,48.6139,47.2625,48.6139,4271712
2016-07-01,48.4368,48.9187,48.269,48.6512,2732074
2016-07-05,48.502,48.5114,47.2578,47.5794,3098602
2016-07-06,48.2131,48.3343,47.1134,48.1572,2743970
2016-07-07,48.2318,48.8842,48.2224,48.8096,4177929
2016-07-08,49.2011,49.8628,49.1824,49.8069,3703828
2016-07-11,50.0492,50.4733,49.8814,50.2263,3091739
2016-07-12,50.4127,51.3913,50.4034,51.2888,4558533
2016-07-13,51.4472,51.5125,51.0558,51.4752,3179288
2016-07-14,51.9225,52.4258,51.82,52.2394,6207412
2016-07-15,52.3513,52.4445,51.9878,52.4072,4355413
2016-07-18,52.1369,52.4538,51.8666,52.3699,2976794
2016-07-19,52.2208,52.5237,52.0996,52.5097,2440471
2016-07-20,52.547,52.6588,52.3047,52.3606,3672120
2016-07-21,52.3606,52.5656,51.6159,51.7175,3509403
2016-07-22,51.6429,52.0623,51.3261,52.0157,3575865
2016-07-25,51.9132,51.9971,51.6523,51.8293,2043152
2016-07-26,51.6989,52.3792,51.6989,52.3606,2072140
2016-07-27,52.5656,52.8639,52.0437,52.2301,3046767
2016-07-28,52.053,52.2348,51.6243,52.0344,2354751
2016-07-29,51.9785,52.2254,51.4565,52.0996,4482421
2016-08-01,51.848,52.1928,51.3633,51.9878,4359888
2016-08-02,50.217,50.4127,49.3502,49.4247,7589188
2016-08-03,48.9867,49.4527,48.7584,49.3129,6769201
2016-08-04,49.3595,49.8255,49.257,49.4247,3551905
2016-08-05,49.7416,50.175,49.6484,50.1331,3000845
2016-08-08,50.4313,51.3074,50.361,50.6177,4468990
2016-08-09,50.7482,51.0744,50.3288,50.6364,3106533
2016-08-10,50.5941,50.7445,50.1239,50.2462,2529144
2016-08-11,50.4624,50.8761,50.312,50.8009,2261245
2016-08-12,50.7539,50.8197,50.5,50.7445,2251968
2016-08-15,50.8291,51.5625,50.8291,51.4403,2945170
2016-08-16,51.3274,51.5531,51.083,51.3086,2073374
2016-08-17,51.4121,51.7082,51.3232,51.6189,2160485
2016-08-18,51.4685,51.5672,51.1394,51.4027,2410720
2016-08-19,49.1555,50.0205,48.9607,49.8137,8071575
2016-08-22,49.6914,49.8513,49.4376,49.7572,4287959
2016-08-23,49.9735,50.8291,49.8795,50.7539,4983321
2016-08-24,50.6693,51.0172,50.4812,50.6693,3320919
2016-08-25,50.4342,50.8761,50.312,50.8573,2795540
2016-08-26,51.0266,51.3368,50.312,50.5188,2614538
2016-08-29,50.5188,50.8197,50.3778,50.5188,2659710
2016-08-30,50.5188,50.6881,50.0487,50.2744,2228385
2016-08-31,50.171,50.2086,49.4564,49.5316,4561458
2016-09-01,49.8419,49.8419,49.0615,49.5128,4259234
2016-09-02,49.8231,49.9829,49.5974,49.7478,2162276
2016-09-06,49.9547,49.9547,49.2214,49.4188,2362558
2016-09-07,49.4188,49.6914,49.2965,49.635,2283165
2016-09-08,49.541,49.7855,49.2777,49.6632,3442498
2016-09-09,49.2965,49.4376,47.7734,47.8204,5163750
2016-09-12,47.5759,49.1508,47.3973,48.9769,4169072
2016-09-13,48.5443,48.7629,48.0554,48.1494,3572304
2016-09-14,48.1494,48.6384,47.952,48.2247,4055285
2016-09-15,48.14,48.6478,47.9897,48.4973,3268652
2016-09-16,48.2905,48.2905,47.811,48.0366,3873793
2016-09-19,48.2717,48.6995,48.0272,48.1306,2304994
2016-09-20,48.4503,48.6384,48.1494,48.1589,2125725
2016-09-21,48.3281,48.7324,48.0789,48.676,2908469
2016-09-22,49.1179,49.7384,49.1179,49.6444,3515606
2016-09-23,49.4,49.4564,48.6948,48.817,2997351
2016-09-26,48.676,48.7888,48.3187,48.3563,2365689
2016-09-27,48.1777,48.723,47.999,48.723,2803238
2016-09-28,48.7512,49.5786,48.6384,49.541,2824116
2016-09-29,49.3153,50.2368,49.2871,49.8513,5379182
2016-09-30,50.0205,51.6189,50.0205,51.2522,7460094
2016-10-03,50.7539,50.9608,50.2462,50.5847,3814274
2016-10-04,50.4906,50.6693,50.0714,50.1616,3447189
2016-10-05,50.3496,50.6881,50.2838,50.4812,2385550
2016-10-06,50.406,50.4812,49.7102,50.1992,3119038
2016-10-07,49.9547,49.9547,49.2448,49.5504,4069353
2016-10-10,49.6632,49.7478,48.549,48.676,3952117
2016-10-11,48.4503,48.5914,47.5101,47.7545,4656819
2016-10-12,47.1246,47.5947,46.4147,47.1998,6426680
2016-10-13,46.6545,47.2562,46.2784,47.1998,4296132
2016-10-14,47.5383,47.6229,46.8989,46.8989,3790225
2016-10-17,46.9271,47.0494,46.6451,46.7203,3871721
2016-10-18,47.1152,47.1622,46.678,46.8989,3944062
2016-10-19,47.0118,47.134,46.8138,46.9271,5539982
2016-10-20,46.8049,47.2468,46.6921,47.1528,2829735
2016-10-21,46.7673,47.2562,46.5981,47.1152,3616238
2016-10-24,47.5101,47.5853,47.1246,47.3032,2442453
2016-10-25,47.2092,47.3785,46.8519,47.1152,3040205
2016-10-26,46.9459,47.6229,46.8425,47.4255,3066291
2016-10-27,47.3879,47.4537,46.7673,46.8613,3861761
2016-10-28,46.9459,47.4631,46.6545,47.0964,4267276
2016-10-31,47.3691,47.7263,47.181,47.6511,6160424
2016-11-01,48.7888,49.3341,47.6511,47.952,6969663
2016-11-02,47.8016,47.9896,46.9789,47.0494,5540395
2016-11-03,47.0776,47.275,46.725,46.8613,3232454
2016-11-04,46.8707,47.134,46.4288,46.457,4672482
2016-11-07,47.2186,47.4067,46.9365,47.3785,5731558
2016-11-08,47.3215,48.9998,47.2076,48.7264,4499732
2016-11-09,48.5176,51.1091,48.2423,50.682,7518055
2016-11-10,51.0142,53.321,50.9478,52.9223,8678864
2016-11-11,52.628,52.9023,52.1723,52.6849,4494636
2016-11-14,52.8558,53.321,52.6849,52.6944,3046721
2016-11-15,52.571,52.9602,52.1059,52.9507,3238811
2016-11-16,52.647,52.7656,52.049,52.1818,2898233
2016-11-17,52.3052,52.5615,51.8211,51.9255,2865486
2016-11-18,51.8021,52.0015,51.2705,51.4509,4428800
2016-11-21,51.8116,52.0869,51.6692,51.7451,3004186
2016-11-22,52.0299,52.1154,51.1851,51.5933,6647168
2016-11-23,51.6597,52.3717,51.6597,52.2672,2574973
2016-11-25,52.2672,52.4381,52.1249,52.4381,802124
2016-11-28,52.1628,52.552,51.5933,51.6692,3271338
2016-11-29,51.5363,51.8211,51.1851,51.6407,3408230
2016-11-30,52.0204,54.517,52.0204,53.5773,8784880
2016-12-01,53.8525,54.5645,53.5583,53.8905,5500693
2016-12-02,53.7102,54.0139,53.1833,53.4918,2932668
2016-12-05,53.9285,54.0994,53.5583,54.0424,3132737
2016-12-06,53.881,54.0044,53.601,53.7007,3040131
2016-12-07,53.8431,55.3239,53.7007,55.3049,4372789
2016-12-08,55.1151,55.1246,54.3367,54.6784,3727248
2016-12-09,54.5075,54.7733,54.3841,54.574,3028941
2016-12-12,54.593,54.7543,53.8668,54.1943,3162263
2016-12-13,54.3746,54.7069,53.7671,53.8905,3784264
2016-12-14,53.8241,54.3177,53.321,53.4159,3015234
2016-12-15,53.1406,53.7481,52.8463,53.3304,3962073
2016-12-16,53.4538,53.7576,52.8368,52.9033,6332540
2016-12-19,53.0836,53.7291,52.9887,53.4538,2779734
2016-12-20,53.7861,54.7069,53.639,54.4031,3471294
2016-12-21,54.2512,54.3462,53.7102,54.0329,2716727
2016-12-22,54.0424,54.0614,53.5897,53.8146,2013669
2016-12-23,53.9,54.1753,53.8146,53.919,1157846
2016-12-27,53.9095,54.2987,53.8715,54.2702,1251183
2016-12-28,54.2512,54.3936,53.4349,53.4444,1680769
2016-12-29,53.5108,53.6342,53.1597,53.3494,1173188
2016-12-30,53.3399,53.5013,52.7419,52.9223,1957014
2017-01-03,53.3969,54.2987,53.321,54.0614,3383005
2017-01-04,54.1563,54.5265,53.4823,53.7386,4155422
2017-01-05,53.6532,54.0234,52.5902,53.2925,2657112
2017-01-06,53.3399,53.7546,53.1596,53.5393,1786481
2017-01-09,53.919,53.9285,53.3162,53.3399,2130881
2017-01-10,53.6152,54.2228,53.5298,53.8146,2535001
2017-01-11,53.8241,54.6594,53.6533,54.6499,2685833
2017-01-12,54.4791,54.5835,53.8905,54.555,2551152
2017-01-13,54.631,54.7733,54.0424,54.2228,2964516
2017-01-17,53.919,54.18,53.1596,53.4538,3152560
2017-01-18,53.5678,54.4411,53.4064,54.3177,2575446
2017-01-19,55.5328,56.3112,55.3239,55.4663,5955059
2017-01-20,55.5328,55.9125,55.4283,55.846,4193906
2017-01-23,55.7131,55.9373,55.0534,55.3334,3174517
2017-01-24,55.5423,56.4251,55.3429,56.1118,3202092
2017-01-25,56.5675,57.3127,56.4061,57.2035,4133113
2017-01-26,57.137,57.8395,56.7763,57.0326,3469556
2017-01-27,57.4883,57.4883,56.9662,57.0896,3260633
2017-01-30,57.0516,57.0611,55.7511,56.1403,5213912
2017-01-31,56.0833,56.1023,55.2812,55.6847,5894458
2017-02-01,55.5328,56.1023,55.4094,55.7986,2954532
2017-02-02,55.6372,56.1213,55.4568,55.8935,6198965
2017-02-03,56.1213,56.539,55.8555,56.52,3523090
2017-02-06,56.2922,56.914,56.2732,56.8238,6248054
2017-02-07,58.1907,60.2792,57.9249,59.3679,10588333
2017-02-08,58.8552,59.3394,58.542,59.2444,5735491
2017-02-09,59.4153,60.2602,59.2919,59.5292,3457275
2017-02-10,59.5102,60.1842,59.5102,60.0513,4619032
2017-02-13,60.2412,61.0144,60.2317,60.8962,4056958
2017-02-14,60.4595,61.1003,60.3266,60.8867,3949199
2017-02-15,60.8389,61.0876,60.3798,60.9537,5215621
2017-02-16,60.8102,60.8198,59.6657,60.1598,6228880
2017-02-17,59.7964,59.8251,59.0121,59.1938,5091075
2017-02-21,59.3469,59.4999,59.0121,59.4616,4569114
2017-02-22,59.0599,59.4616,59.0312,59.1269,3411219
2017-02-23,59.0791,59.2703,57.7592,57.9696,4824736
2017-02-24,57.5966,57.8739,57.1853,57.8453,7139458
2017-02-27,57.8644,58.1131,57.5009,57.7974,3501228
2017-02-28,57.6348,57.8739,57.2714,57.4818,4204867
2017-03-01,58.1035,58.7156,58.0078,58.2278,6216434
2017-03-02,58.2278,58.4191,57.4722,57.6827,3559793
2017-03-03,58.2661,58.2661,57.4627,57.74,2335536
2017-03-06,57.5774,57.8739,57.1949,57.7018,3278744
2017-03-07,57.6157,57.9218,57.4385,57.5966,3749898
2017-03-08,57.8261,57.8548,57.0897,57.1853,2809600
2017-03-09,57.1949,57.3575,56.2958,56.6975,3580059
2017-03-10,56.994,57.3163,56.6975,56.9271,3478330
2017-03-13,57.0036,57.5201,56.8314,57.5105,4333420
2017-03-14,56.9558,56.9558,55.8654,56.401,3162592
2017-03-15,56.6306,57.9122,56.6306,57.6444,4197864
2017-03-16,57.7018,57.9505,57.5392,57.6061,3108399
2017-03-17,57.807,58.1322,57.2953,57.96,4896113
2017-03-20,57.9218,57.9552,57.3383,57.4818,2270091
2017-03-21,57.5201,57.8739,56.2863,56.3915,4011683
2017-03-22,56.401,56.6019,56.0472,56.5445,3264312
2017-03-23,56.5445,56.841,56.2576,56.4202,2569889
2017-03-24,56.4106,56.774,55.8367,56.0185,3160240
2017-03-27,55.502,56.0089,54.9472,55.8846,2587727
2017-03-28,55.875,57.0761,55.7009,56.8506,2799042
2017-03-29,56.5923,57.1375,56.4967,56.9558,2447395
2017-03-30,56.8601,57.2236,56.7645,57.0132,2393074
2017-03-31,56.8601,57.654,56.8601,57.2523,3420096
2017-04-03,57.1949,57.6731,56.5828,57.214,4280500
2017-04-04,57.0514,57.2905,56.7645,57.1088,1967542
2017-04-05,57.5105,58.247,56.7932,56.9653,3237011
2017-04-06,56.9366,57.3383,56.688,57.0897,3005225
2017-04-07,57.0323,57.1184,56.5732,56.774,2162145
2017-04-10,56.8888,57.6061,56.7836,57.0227,1968064
2017-04-11,56.8793,57.1949,56.5062,57.1279,2685905
2017-04-12,57.0418,57.1279,55.6741,55.875,3550893
2017-04-13,55.7698,56.1141,55.3394,55.349,3469509
2017-04-17,55.6837,55.9132,55.2246,55.8559,3621798
2017-04-18,55.4637,56.2384,55.3686,55.8654,2904712
2017-04-19,56.2384,56.3819,55.435,55.6741,2528354
2017-04-20,56.0567,56.8506,55.9324,56.5923,3484549
2017-04-21,56.621,56.7167,56.3436,56.4297,3316697
2017-04-24,57.3001,57.3766,56.841,57.2523,3541199
2017-04-25,58.1131,58.8256,57.9026,58.553,4565630
2017-04-26,58.553,58.9452,58.3616,58.553,3140807
2017-04-27,58.7156,58.8208,57.8453,58.18,3713162
2017-04-28,58.1609,58.2661,57.4149,57.654,3384601
2017-05-01,57.4435,57.8835,57.2427,57.74,3797116
2017-05-02,55.1959,56.621,54.2969,56.5828,13249395
2017-05-03,56.3723,57.2762,56.2384,56.688,5053866
2017-05-04,56.7549,56.7645,55.2246,55.6359,4693927
2017-05-05,55.9037,56.5062,55.7747,56.3723,3669560
2017-05-08,56.2958,56.4489,55.8941,56.0663,2168003
2017-05-09,55.9515,56.3628,55.7985,56.2863,4542278
2017-05-10,56.4695,56.8841,56.2766,56.8263,3713790
2017-05-11,56.5562,56.7684,55.9391,56.0837,3219438
2017-05-12,55.833,55.968,55.1918,55.3894,2983787
2017-05-15,55.6594,56.537,55.6498,56.2573,3497788
2017-05-16,56.4116,56.5755,55.9873,56.508,3104515
2017-05-17,56.0259,56.3537,55.6787,55.9198,3735955
2017-05-18,55.6884,56.5659,55.3123,56.3634,3054485
2017-05-19,56.643,57.5205,56.4791,57.2795,3190069
2017-05-22,57.4241,57.7713,57.318,57.3373,3282518
2017-05-23,57.4434,57.5302,56.9516,57.1252,3334404
2017-05-24,57.3663,58.292,57.2216,57.6363,3524115
2017-05-25,57.6555,57.6748,56.8504,57.1348,3885482
2017-05-26,56.9998,57.0384,56.4887,56.8166,2489721
2017-05-30,56.6912,57.0384,56.4984,56.8455,2593275
2017-05-31,56.8938,57.1011,56.3248,57.0095,4073132
2017-06-01,57.183,57.4819,56.8841,57.1348,2573346
2017-06-02,57.0963,57.7906,56.9709,57.2216,2681294
2017-06-05,57.1348,57.2988,56.8504,56.9613,3179759
2017-06-06,56.7587,56.7684,56.2814,56.5562,2631138
2017-06-07,56.5659,56.6141,55.3412,55.563,3386664
2017-06-08,55.7944,57.6266,55.7655,57.5205,7352793
2017-06-09,57.8388,58.615,57.7327,58.5427,5542421
2017-06-12,58.5427,59.1888,58.4366,58.7741,6077524
2017-06-13,58.7838,58.8609,58.2631,58.6681,4531583
2017-06-14,58.6777,58.7934,57.5784,57.8484,6740506
2017-06-15,57.3084,58.1088,57.2698,58.1088,3255310
2017-06-16,58.3209,58.6391,58.2052,58.5138,4138133
2017-06-19,58.7452,59.2949,58.6777,59.1888,4072384
2017-06-20,58.8127,59.0345,58.0413,58.0798,3763065
2017-06-21,58.1473,58.1558,56.4984,56.5466,3969118
2017-06-22,56.8938,57.1348,56.3152,56.6334,4478016
2017-06-23,56.6816,57.077,56.3248,56.9709,3868500
2017-06-26,57.2602,57.5495,56.8504,56.8841,2913687
2017-06-27,56.8938,56.9998,56.4405,56.5466,3046246
2017-06-28,56.9323,57.3277,56.8552,56.9516,2148902
2017-06-29,57.0866,57.1252,55.9401,56.2959,2721915
2017-06-30,56.5755,57.8773,56.5563,57.4916,3209032
2017-07-03,57.4338,58.3113,57.318,58.0991,2343356
2017-07-05,58.022,58.0268,56.913,57.2023,3445076
2017-07-06,57.0384,57.6941,56.9998,57.0673,3230399
2017-07-07,57.183,57.6941,56.8841,57.347,2344229
2017-07-10,57.347,57.8966,57.2933,57.6073,2574404
2017-07-11,57.5977,57.8388,57.183,57.6845,1927550
2017-07-12,58.1088,58.3884,57.8195,57.9159,2860130
2017-07-13,57.9159,58.1136,57.6266,57.6748,2320500
2017-07-14,57.8677,58.2052,57.6845,58.0316,2499153
2017-07-17,57.8677,58.4848,57.6363,58.2052,2826593
2017-07-18,58.1763,58.2244,57.4964,57.6941,3407859
2017-07-19,57.8291,58.4752,57.7134,58.4366,1786753
2017-07-20,58.2245,58.5138,57.9063,58.1473,2370364
2017-07-21,57.8002,57.9352,57.5205,57.8966,2280835
2017-07-24,57.9738,58.0027,57.5398,57.887,1795015
2017-07-25,58.4656,58.5138,58.0075,58.2727,1785151
2017-07-26,58.2245,58.2727,57.5495,57.6652,1756164
2017-07-27,57.7809,57.8532,57.2939,57.7713,2311901
2017-07-28,57.5205,57.5784,56.8359,57.4048,2887463
2017-07-31,57.7038,57.8773,57.3855,57.482,3315262
2017-08-01,58.5523,59.0249,58.4366,58.967,2304403
2017-08-02,57.617,58.8416,57.5109,58.8127,5345710
2017-08-03,58.7934,58.8995,58.2148,58.5138,3115616
2017-08-04,58.5523,59.0249,58.4366,58.967,2304403
2017-08-07,58.8127,59.1888,58.6681,58.7356,2703842
2017-08-08,58.5813,58.9574,58.0943,58.2727,2155211
2017-08-09,58.1561,58.4963,58.0598,58.3505,1775395
2017-08-10,58.088,58.3991,57.4659,57.4854,2039008
2017-08-11,57.5048,57.67,57.1063,57.2424,2802773
2017-08-14,57.5631,58.1755,57.5631,57.9617,2070785
2017-08-15,57.9325,58.0005,57.6798,57.7478,2261964
2017-08-16,57.9617,58.2468,57.6117,57.6603,2200203
2017-08-17,57.4562,57.6603,56.6494,56.6591,1775100
2017-08-18,56.5231,56.9605,56.1926,56.3773,2063512
2017-08-21,56.387,56.6105,56.2023,56.3773,2080402
2017-08-22,56.6008,57.2618,56.4751,57.1743,2894539
2017-08-23,56.9313,57.184,56.7077,56.7952,1946428
2017-08-24,56.873,56.9507,56.3675,56.3967,1523504
2017-08-25,56.7563,57.0868,56.6572,56.9216,1239543
2017-08-28,57.0382,57.0966,56.4356,56.7661,1526444
2017-08-29,56.5036,56.7709,56.2898,56.7175,2015904
2017-08-30,56.7272,57.0382,56.6786,56.9896,1890906
2017-08-31,57.2521,57.5631,56.9119,57.3882,2415193
2017-09-01,57.602,57.6943,57.1646,57.1646,1833159
2017-09-05,57.0966,57.4076,56.8049,57.0188,3370155
2017-09-06,57.5728,58.2435,57.2326,58.2338,3776719
2017-09-07,58.3213,58.6226,57.845,58.5254,3151889
2017-09-08,58.4671,58.9191,58.1658,58.7101,2254779
2017-09-11,59.0698,59.2268,58.9434,59.2058,2380383
2017-09-12,59.2933,59.6481,59.1475,59.546,2004832
2017-09-13,59.41,59.6432,59.3711,59.5849,1451418
2017-09-14,59.5849,60.2459,59.3516,60.1584,2401636
2017-09-15,60.0709,60.7416,60.0321,60.6056,4441677
2017-09-18,60.7222,61.2374,60.4306,61.2276,2355609
2017-09-19,61.2276,61.5436,61.0916,61.4415,2131466
2017-09-20,61.6456,62.1122,61.5849,62.1025,3069955
2017-09-21,62.0636,62.3843,61.6456,61.6651,2408534
2017-09-22,61.5776,61.7817,61.3248,61.6651,2271452
2017-09-25,61.6748,62.0733,61.5193,61.8303,2806312
2017-09-26,61.8595,61.8692,61.2374,61.3346,3698570
2017-09-27,61.5095,61.8011,61.2082,61.5679,3419175
2017-09-28,61.3637,61.6845,60.8874,61.1013,2621732
2017-09-29,60.9944,61.3054,60.7902,61.0818,2903664
2017-10-02,61.111,61.5484,60.8972,61.4318,3332635
2017-10-03,61.529,61.6165,61.2762,61.5581,2826003
2017-10-04,61.5387,62.2045,61.2665,62.1316,2759634
2017-10-05,62.1122,62.3163,61.84,62.1899,1726019
2017-10-06,61.9664,62.2871,61.7817,61.9178,1934078
2017-10-09,61.9275,62.2483,61.8109,62.0344,1474302
2017-10-10,62.3163,62.3163,61.5679,61.6456,1991451
2017-10-11,61.6262,61.738,61.4026,61.6553,1862937
2017-10-12,61.5873,62.2385,61.5873,62.1316,1574371
2017-10-13,62.4524,62.5982,62.0782,62.1802,1986165
2017-10-16,62.326,63.1036,61.8692,62.6371,2489934
2017-10-17,63.7355,64.2506,63.473,63.648,3794441
2017-10-18,63.5994,63.9687,63.4244,63.6771,2330216
2017-10-19,63.4827,63.6869,63.2203,63.3369,2103132
2017-10-20,63.6869,63.9979,63.405,63.9396,2648105
2017-10-23,63.9007,64.586,63.891,64.2506,2488174
2017-10-24,64.6297,65.4268,64.5617,64.8727,2980195
2017-10-25,64.8727,65.0768,64.0311,64.6832,2217680
2017-10-26,64.9213,65.1741,64.5714,64.9602,2006067
2017-10-27,65.0477,65.8885,64.8436,65.4948,3545190
2017-10-30,65.3879,65.7475,65.1935,65.4559,3841723
2017-10-31,65.1449,65.2421,62.5302,62.6565,9603582
2017-11-01,62.7537,63.0745,62.2483,62.2774,5365549
2017-11-02,62.3843,62.433,61.772,61.84,4037090
2017-11-03,62.015,62.948,61.7914,62.3066,4439470
2017-11-06,62.4524,62.9967,62.1899,62.7148,3690440
2017-11-07,62.2483,62.5812,60.9263,61.3151,4358115
2017-11-08,61.2762,61.4512,60.4695,60.7708,2553277
2017-11-09,60.3723,60.5715,58.4768,59.7599,5954086
2017-11-10,59.6335,59.9154,59.2447,59.8863,3613357
2017-11-13,59.9057,59.9057,59.478,59.6724,2557309
2017-11-14,59.5072,59.7502,59.0309,59.0406,2850095
2017-11-15,58.7976,59.0017,57.8256,57.9228,4276694
2017-11-16,56.8889,58.5451,56.3205,57.8395,10266696
2017-11-17,57.6827,59.0351,57.5161,58.6529,5091761
2017-11-20,58.6725,59.2262,58.4275,59.0547,5449384
2017-11-21,59.1331,59.4761,58.8185,59.1429,3277548
2017-11-22,59.5349,60.8383,59.5055,60.6423,5881522
2017-11-24,60.7403,60.8775,60.3287,60.3973,2182603
2017-11-27,60.3875,61.0343,60.3875,60.6423,3663521
2017-11-28,61.3675,62.8816,61.3283,62.8669,6466878
2017-11-29,62.7787,63.2785,62.5337,62.5925,3929495
2017-11-30,62.8963,63.7587,62.7591,63.5235,5307042
2017-12-01,63.6117,63.9939,62.2691,63.3961,4002806
2017-12-04,64.0429,65.3169,63.7783,63.7979,4531121
2017-12-05,63.8371,64.0135,63.2981,63.3863,2806107
2017-12-06,63.3471,64.0723,63.2589,63.4353,3011741
2017-12-07,63.5627,64.4839,63.3863,64.4643,3412629
2017-12-08,64.5133,65.4345,64.2781,65.2189,3973899
2017-12-11,65.3463,65.5717,64.9714,65.0817,2291936
2017-12-12,64.9445,65.6893,64.9445,65.3365,2756398
2017-12-13,65.5619,66.1989,65.4738,65.8559,3306823
2017-12-14,66.1989,66.4733,65.1699,65.1797,2887715
2017-12-15,65.6501,66.1793,65.4149,65.9147,4387039
2017-12-18,66.6987,67.5023,66.1597,66.9927,3989432
2017-12-19,67.0907,67.3945,66.7869,67.1691,3494373
2017-12-20,67.5023,68.3451,67.3146,67.5807,5109796
2017-12-21,67.9335,68.4039,67.4337,68.1882,2668652
2017-12-22,68.443,68.443,67.8061,68.2666,1790218
2017-12-26,68.3059,68.3744,67.9727,68.1393,1002200
2017-12-27,68.3548,68.3842,68.0119,68.3548,1043448
2017-12-28,68.4626,68.5999,68.1441,68.5803,1452960
2017-12-29,68.639,68.8056,68.296,68.296,1848874
2018-01-02,68.6586,69.3446,68.3059,69.325,3086515
2018-01-03,69.3054,70.0306,68.8154,69.962,3308783
2018-01-04,70.0698,70.3736,69.7837,70.06,2806379
2018-01-05,70.3246,71.0253,69.7758,70.9812,3118806
2018-01-08,70.9812,70.9812,70.2462,70.7558,2334812
2018-01-09,70.9714,71.138,70.452,70.8734,3367691
2018-01-10,70.305,71.2458,70.2658,71.138,2411341
2018-01-11,71.4222,72.4218,71.0106,72.4022,2917413
2018-01-12,72.5198,72.9608,72.3728,72.4316,3500893
2018-01-16,71.922,72.4022,70.6676,71.3732,3899883
2018-01-17,71.5888,72.3042,71.4299,71.6084,3276125
2018-01-18,72.0102,72.4708,71.5398,71.9808,2356169
2018-01-19,72.1572,72.3238,71.4222,71.677,3538255
2018-01-22,71.481,71.8142,70.9028,71.7946,3521480
2018-01-23,71.873,72.3728,71.5496,71.6574,3205619
2018-01-24,72.069,72.2299,70.7166,71.1772,3284325
2018-01-25,71.6182,71.7358,70.354,71.2262,3293690
2018-01-26,71.4418,72.5688,71.2262,72.5688,3587451
2018-01-29,72.1964,72.3924,71.4516,71.53,2136367
2018-01-30,70.9812,71.4516,70.648,71.0204,2311602
2018-01-31,71.4908,71.7822,70.5892,70.7852,5458129
2018-02-01,70.0012,71.6378,68.3353,71.1282,3022225
2018-02-02,70.4226,70.893,69.0996,69.1584,4852958
2018-02-05,68.6194,69.9914,66.8506,67.0711,4426299
2018-02-06,65.3659,69.9522,64.6799,67.8649,7320437
2018-02-07,68.0217,69.1094,67.3562,67.5807,4045693
2018-02-08,67.5807,67.7375,65.0327,65.0719,4350192
2018-02-09,66.1499,68.3744,65.0719,67.6885,5979295
2018-02-12,68.3157,69.6386,68.1491,68.9036,5187914
2018-02-13,68.4921,69.1094,68.0119,68.9722,3542085
2018-02-14,69.2956,70.4716,68.3353,69.8836,5000194
2018-02-15,70.9739,71.6252,69.6518,70.5497,4089784
2018-02-16,70.4313,72.3948,70.3819,72.0199,4783836
2018-02-20,71.4574,72.1827,69.9478,70.1254,3897201
2018-02-21,70.1747,71.6054,70.0958,70.8555,4368230
2018-02-22,71.1022,71.5956,70.5891,71.1318,2534679
2018-02-23,71.5166,71.5857,70.3128,71.2305,1901649
2018-02-26,71.8817,72.6415,71.3193,72.5527,3881238
2018-02-27,72.5033,73.4407,72.1185,72.1185,3454843
2018-02-28,72.4343,72.4441,70.0958,70.1155,4858805
2018-03-01,70.0168,70.5595,68.4085,68.6552,4605649
2018-03-02,68.1914,68.6946,67.5303,68.4381,3893723
2018-03-05,68.221,69.5827,68.0533,69.2176,3935463
2018-03-06,69.6715,69.6715,68.7834,69.5333,2480550
2018-03-07,68.744,69.6419,68.3493,68.665,3511699
2018-03-08,69.0203,69.3459,68.3,69.2768,3190706
2018-03-09,70.451,71.3489,69.7208,71.3094,3389652
2018-03-12,71.3489,71.5166,70.076,70.4707,2250810
2018-03-13,70.6582,70.9986,69.9576,70.2832,3549283
2018-03-14,70.7865,70.7865,69.6419,69.7998,3885315
2018-03-15,69.8787,70.2635,69.3656,69.9872,3015210
2018-03-16,70.1747,71.418,69.8392,71.418,9730928
2018-03-19,70.9147,70.9147,69.0872,69.7899,3945227
2018-03-20,70.155,70.6779,69.5531,69.6123,2285285
2018-03-21,69.7603,70.8753,69.4741,70.2043,2068518
2018-03-22,69.3459,69.4051,67.7967,67.8559,3153787
2018-03-23,68.0928,68.3971,66.3364,66.4647,2836151
2018-03-26,67.5303,68.739,66.8988,68.5861,3321810
2018-03-27,68.7144,68.9611,66.5239,67.0172,2840773
2018-03-28,67.2442,67.4859,66.0601,66.4055,2668733
2018-03-29,66.741,67.9053,66.5446,67.3922,1890758
2018-04-02,67.1455,67.2047,64.2742,65.399,3740005
2018-04-03,65.9023,66.9876,65.4385,66.9482,5067089
2018-04-04,65.7839,67.481,65.4089,67.2244,3791880
2018-04-05,67.6093,67.855,66.9679,67.5007,2930364
2018-04-06,66.8988,67.254,64.2742,65.4286,4475551
2018-04-09,65.7641,66.5239,65.2116,65.3102,2321435
2018-04-10,66.1391,67.037,66.1391,66.662,2430264
2018-04-11,66.0207,67.0074,65.8036,66.1884,2736705
2018-04-12,66.4548,67.6981,66.3857,67.2935,3195090
2018-04-13,67.8954,68.2722,67.2787,67.5106,3226301
2018-04-16,68.1717,68.2408,67.629,67.8954,2517375
2018-04-17,68.5368,68.7538,68.1322,68.4677,3914809
2018-04-18,68.9117,70.372,68.4578,69.6814,3057596
2018-04-19,69.6123,69.9774,69.1584,69.7307,2291995
2018-04-20,69.7899,69.7998,68.5713,69.2669,3962630
2018-04-23,69.4643,70.1747,68.8328,68.9709,2809181
2018-04-24,70.3424,70.3424,65.9153,67.3922,4130006
2018-04-25,67.1258,68.1224,66.2476,67.7967,2380324
2018-04-26,67.7869,67.9546,66.1588,66.593,3411413
2018-04-27,66.4548,67.0123,66.0108,66.9186,4801013
2018-04-30,67.0863,67.2442,65.4286,65.5273,4419117
2018-05-01,65.5569,68.1421,64.9846,68.0631,7483838
2018-05-02,67.9645,68.0138,66.6078,66.7015,4454605
2018-05-03,66.6127,66.9334,65.6457,66.5239,3486499
2018-05-04,66.0601,67.8313,65.8727,67.5106,2476304
2018-05-07,67.7375,68.9709,67.6882,68.3789,3219318
2018-05-08,68.3986,68.9315,68.0928,68.8328,3768761
2018-05-09,69.1781,70.9838,68.8723,70.9739,3831413
2018-05-10,71.4756,71.5849,70.9491,71.4955,2353645
2018-05-11,71.4955,72.1015,71.122,71.5253,2687263
2018-05-14,71.8233,72.2505,71.4061,71.6842,3086937
2018-05-15,71.2173,71.6346,70.9521,71.3564,2036682
2018-05-16,71.4558,71.9922,71.1949,71.4756,1598656
2018-05-17,71.575,72.6975,71.1379,72.4889,2717512
2018-05-18,72.3697,72.8829,72.3101,72.6578,1848222
2018-05-21,73.1148,73.8598,73.0154,73.5916,2234496
2018-05-22,73.5916,73.8697,72.6777,72.777,2002678
2018-05-23,72.3498,72.7869,71.9326,72.5286,1922152
2018-05-24,72.4492,72.8863,71.5849,72.7671,2419365
2018-05-25,72.3697,72.3747,71.5054,72.0121,2888452
2018-05-29,71.2968,71.3465,69.8067,70.3034,2756573
2018-05-30,70.7107,71.426,70.3431,71.1776,2145336
2018-05-31,71.4061,71.4558,70.0551,70.373,2782845
2018-06-01,71.0783,71.3763,70.5518,70.8995,3483127
2018-06-04,71.2273,71.6942,70.6809,71.0385,1921794
2018-06-05,71.3862,72.5684,71.3564,72.1909,4009254
2018-06-06,72.3498,72.8763,72.0816,72.8068,2854408
2018-06-07,72.9558,73.4028,72.33,72.8863,1879496
2018-06-08,72.6975,72.8118,72.1611,72.6677,2270183
2018-06-11,72.7174,73.1942,72.4492,72.6975,1782146
2018-06-12,72.9359,72.9359,72.5187,72.7273,1582622
2018-06-13,72.6876,72.8863,72.1611,72.3002,2260432
2018-06-14,72.6876,72.926,71.873,72.4194,2461900
2018-06-15,72.3498,72.6081,70.8597,71.8035,4378145
2018-06-18,71.118,71.8432,70.8796,71.6644,2017479
2018-06-19,70.4425,70.7504,69.1411,70.0948,3445619
2018-06-20,70.522,70.522,69.6279,69.9259,1630449
2018-06-21,69.608,69.8762,68.4954,68.7438,3272752
2018-06-22,70.2637,70.2637,69.2504,69.4093,5207472
2018-06-25,68.9822,69.3199,67.9192,68.6941,4148870
2018-06-26,68.9027,69.3646,68.3861,68.4954,3007293
2018-06-27,68.853,69.6603,68.0881,68.0981,2782823
2018-06-28,68.0285,68.4457,67.2239,68.1378,1978030
2018-06-29,68.6444,69.5683,68.4259,68.6842,4025739
2018-07-02,68.0484,69.1113,67.9292,68.9822,2515124
2018-07-03,69.6776,69.9855,68.1279,68.3166,1842679
2018-07-05,68.7934,68.8928,68.1875,68.7239,2559115
2018-07-06,68.7636,69.1014,68.1676,68.8232,2300066
2018-07-09,69.1113,70.5418,69.007,70.373,2234589
2018-07-10,70.373,70.815,70.0799,70.522,2671809
2018-07-11,69.8365,69.8862,68.3563,68.6146,3253939
2018-07-12,69.8663,69.8862,68.9822,69.767,2226019
2018-07-13,69.7471,70.3829,69.5782,70.1147,1553656
2018-07-16,70.1842,70.3465,68.7239,68.853,2727528
2018-07-17,68.714,69.1809,68.1676,69.0219,2646495
2018-07-18,69.0815,69.5882,68.4855,69.2305,2902217
2018-07-19,68.8928,69.8564,68.7736,69.3398,2490468
2018-07-20,68.8133,69.4193,68.7239,68.8232,2233792
2018-07-23,68.7438,68.7785,67.3629,67.4424,2832114
2018-07-24,67.9689,68.8034,67.8994,68.4159,3076319
2018-07-25,68.3464,69.8166,68.2471,69.7372,2768294
2018-07-26,69.9259,71.2273,69.9259,70.7902,2755473
2018-07-27,70.9889,71.1776,70.4624,70.7902,1753257
2018-07-30,70.9988,71.5054,69.9756,70.065,1811969
2018-07-31,70.373,72.0121,70.2438,71.8035,3021518
2018-08-01,71.5054,71.565,70.1345,70.8299,2611095
2018-08-02,70.363,70.8647,69.7472,70.8101,2852222
2018-08-03,70.9988,71.5452,70.8662,71.0087,3682780
2018-08-06,70.8399,71.3117,70.6908,71.1478,2640257
2018-08-07,72.8267,74.5055,71.6346,74.1678,4945408
2018-08-08,74.0784,74.7539,73.5221,73.5519,3592759
2018-08-09,73.8002,73.9592,73.4227,73.5618,2071041
2018-08-10,73.3532,73.979,73.0204,73.373,3101064
2018-08-13,73.5121,73.83,72.8664,72.9657,2888607
2018-08-14,73.3134,74.3317,73.1644,73.7505,2933779
2018-08-15,73.2439,73.2439,71.9326,73.075,2851425
2018-08-16,73.34,74.2732,73.09,73.96,2056426
2018-08-17,74.05,75.07,73.58,74.86,2862525
2018-08-20,75.13,75.68,75.02,75.54,2697924
2018-08-21,75.93,76.78,75.62,76.6,2526073
2018-08-22,76.09,76.28,75.01,75.16,2501420
2018-08-23,75.07,75.6499,75.0,75.57,1608761
2018-08-24,75.85,76.0,75.42,75.67,2499167
2018-08-27,75.96,76.795,75.91,76.65,2093011
2018-08-28,76.82,77.0,76.24,76.53,2422984
2018-08-29,76.73,76.9,76.26,76.8,1576549
2018-08-30,76.63,76.89,76.08,76.36,1543173
2018-08-31,76.23,76.87,76.215,76.73,1967668
2018-09-04,76.7,76.7,75.71,76.4,2021141
2018-09-05,76.21,77.6,76.11,77.27,4056357
2018-09-06,77.2,77.24,75.91,76.21,3288585
2018-09-07,75.99,76.2327,75.495,75.79,2039146
2018-09-10,76.29,76.64,76.0,76.27,2268987
2018-09-11,76.09,76.64,75.8,76.22,1479411
2018-09-12,76.2,77.26,76.03,77.11,2113055
2018-09-13,77.37,78.0,77.12,77.75,2482476
