date,open,high,low,close,volume
2013-09-16,134.3785,134.3785,131.1881,131.691,230195
2013-09-17,131.5349,132.714,130.5553,131.1708,161846
2013-09-18,131.5869,136.4852,129.8097,136.2685,181153
2013-09-19,136.2685,137.8377,134.9594,135.0201,139790
2013-09-20,135.3322,135.9131,132.0811,132.2025,352384
2013-09-23,132.4279,132.8527,130.4946,130.694,159387
2013-09-24,130.8413,130.8413,128.7,128.882,172648
2013-09-25,128.8473,130.4425,128.1278,130.3472,152741
2013-09-26,130.1374,131.0289,129.8665,130.959,144883
2013-09-27,130.6793,131.5708,129.5519,130.7405,104665
2013-09-30,130.12,131.5795,128.7041,129.0886,140333
2013-10-01,129.4732,133.4237,128.5293,131.2037,400849
2013-10-02,130.5919,132.471,129.4863,132.3836,159565
2013-10-03,131.6232,132.4535,129.246,129.6218,323266
2013-10-04,131.3435,131.5096,128.7303,130.321,173843
2013-10-07,130.0937,132.3574,128.809,131.3261,256496
2013-10-08,130.4783,132.6021,130.4783,130.9503,248035
2013-10-09,130.8978,132.5671,129.9364,130.3822,142702
2013-10-10,131.4047,134.9968,130.7755,134.8395,147995
2013-10-11,134.0704,135.8446,133.9306,135.3814,166580
2013-10-14,134.7958,135.7485,133.983,135.5212,128627
2013-10-15,135.1804,137.2517,134.5598,136.0281,231655
2013-10-16,136.2903,138.6676,135.6611,138.4666,132473
2013-10-17,137.6538,140.8613,137.3304,140.4418,204514
2013-10-18,142.3908,142.3908,138.7727,139.8825,219623
2013-10-21,139.8388,140.0048,138.1432,139.7426,259025
2013-10-22,140.1621,141.98,138.9997,140.1097,254846
2013-10-23,139.8562,141.2494,139.157,140.9575,175428
2013-10-24,140.5554,140.6297,138.1519,139.7776,232446
2013-10-25,139.8038,143.6756,139.3755,142.6443,283059
2013-10-28,143.0288,143.0288,140.468,142.1199,184491
2013-10-29,140.8176,141.8752,139.7339,141.7965,232037
2013-10-30,141.0186,141.862,139.7994,140.3806,264258
2013-10-31,140.0835,143.1861,138.3792,140.7127,390630
2013-11-01,141.5693,143.492,140.1621,143.2386,276081
2013-11-04,143.3347,144.5933,141.8315,143.3347,260345
2013-11-05,142.4345,143.09,139.8737,140.0573,260078
2013-11-06,140.9662,140.9837,138.7987,139.4892,267574
2013-11-07,139.9087,139.9087,136.9887,137.4003,288965
2013-11-08,136.9808,137.7237,133.3494,135.46,236198
2013-11-11,136.0369,136.9808,135.3359,136.7798,235116
2013-11-12,136.7798,137.2517,134.7434,137.0769,272025
2013-11-13,136.2117,141.1847,136.1265,141.0711,533314
2013-11-14,141.4906,142.0674,139.594,139.7951,270048
2013-11-15,139.83,139.9786,138.519,139.3056,121206
2013-11-18,139.7339,140.3544,137.5489,138.0471,196598
2013-11-19,137.6975,138.3792,135.093,135.4338,269223
2013-11-20,135.4338,137.0682,132.9954,133.8257,173081
2013-11-21,134.2277,135.1192,133.2926,135.0668,99045
2013-11-22,134.9619,135.8359,132.9779,133.8869,186735
2013-11-25,134.2277,134.2277,132.755,133.2751,166916
2013-11-26,133.2751,133.7121,132.2001,132.8643,175959
2013-11-27,132.7944,134.0898,132.6808,133.7645,226901
2013-11-29,134.1665,134.3588,131.8505,132.6808,78031
2013-12-02,132.4972,134.6997,131.4834,133.0915,208924
2013-12-03,132.4448,135.7222,132.4273,134.621,231128
2013-12-04,133.8169,137.3828,129.6305,131.6669,1289527
2013-12-05,131.6669,135.2818,130.7755,134.7871,736045
2013-12-06,136.2292,136.2292,134.2172,134.5773,447691
2013-12-09,134.0791,135.9154,132.7507,134.822,592948
2013-12-10,135.0318,135.4251,133.2926,133.3974,407578
2013-12-11,133.7383,133.7383,129.3596,129.8752,435554
2013-12-12,129.7878,130.1899,127.7427,127.8388,366475
2013-12-13,128.7478,130.0413,125.9423,126.7376,444924
2013-12-16,127.026,128.2846,126.3618,126.4841,464641
2013-12-17,126.7376,128.0224,126.3094,127.1746,514485
2013-12-18,127.5679,129.9452,125.8636,129.0886,538587
2013-12-19,128.9488,128.9488,124.5788,124.7886,1041097
2013-12-20,124.7799,124.9809,122.6823,124.2118,943237
2013-12-23,125.0158,127.5592,124.8847,126.0646,496147
2013-12-24,125.6713,126.7813,125.5315,126.1957,129354
2013-12-26,125.4354,127.7514,125.4354,126.9823,305338
2013-12-27,127.0173,127.0697,126.0996,126.6939,246310
2013-12-30,124.1997,126.9671,121.2119,126.7115,282254
2013-12-31,126.9142,127.2932,125.6363,126.4824,348330
2014-01-02,124.9664,130.0342,124.9664,128.9413,725431
2014-01-03,129.1793,130.6071,128.862,130.6071,480537
2014-01-06,130.4396,131.841,129.3203,131.2945,465997
2014-01-07,131.7264,132.8016,130.7305,132.4579,436472
2014-01-08,132.4403,133.0837,131.3033,131.5942,356323
2014-01-09,131.5501,132.1054,129.7081,131.7088,328568
2014-01-10,131.9996,133.1982,131.9996,133.1366,269996
2014-01-13,132.8986,134.2294,132.6694,133.4098,673879
2014-01-14,133.965,134.5379,133.0418,134.4762,394118
2014-01-15,134.8376,135.6131,134.1501,134.7759,260108
2014-01-16,134.3704,135.8159,134.3704,135.5074,449118
2014-01-17,135.5426,136.186,134.6913,135.0315,271906
2014-01-21,136.0626,136.6531,135.2782,136.1243,331090
2014-01-22,136.4681,137.2965,136.1155,136.7413,389661
2014-01-23,136.3006,137.323,135.8247,136.2918,392366
2014-01-24,135.4369,135.7365,134.1942,134.4762,256665
2014-01-27,134.6789,135.3135,133.2247,133.5067,346824
2014-01-28,133.5949,135.6792,133.5949,134.9521,439704
2014-01-29,134.106,135.3135,133.965,134.7935,518776
2014-01-30,136.3887,138.1338,132.9162,137.8165,507243
2014-01-31,137.0674,140.3812,136.8735,139.5792,702996
2014-02-03,139.0504,139.0504,136.8911,138.0104,707057
2014-02-04,138.5392,140.8307,137.3935,140.4958,887448
2014-02-05,140.6456,142.9636,140.3019,142.047,654604
2014-02-06,142.9636,144.5941,142.1439,144.1887,694961
2014-02-07,144.4443,146.3039,144.1358,145.7663,614864
2014-02-10,145.4578,147.2205,145.0436,147.0002,461951
2014-02-11,146.6388,149.0361,146.1254,147.4761,409348
2014-02-12,147.5907,148.1283,146.7534,146.9032,312878
2014-02-13,146.7181,148.9391,146.0836,146.8151,554858
2014-02-14,146.4537,147.5025,146.1805,146.4714,270285
2014-02-18,146.6124,147.0531,145.167,146.7798,439504
2014-02-19,145.2022,147.9432,145.2022,146.0131,530713
2014-02-20,146.2686,147.2646,144.4636,144.7351,288612
2014-02-21,144.7439,146.5242,144.03,146.0483,295977
2014-02-24,146.1541,147.6524,145.5371,146.6388,432128
2014-02-25,146.2775,147.7493,145.7663,147.1059,201074
2014-02-26,147.8286,148.0049,146.2158,146.63,331179
2014-02-27,146.7622,147.2029,144.9114,145.5019,436384
2014-02-28,145.4578,147.6347,145.3873,147.4056,757571
2014-03-03,147.1147,149.0229,146.3656,148.5602,402743
2014-03-04,149.6883,151.4422,148.5337,151.4157,483760
2014-03-05,150.4374,152.4822,148.4985,150.314,859219
2014-03-06,150.2612,151.0191,148.3751,149.2212,358452
2014-03-07,148.948,148.948,146.6653,148.1635,425955
2014-03-10,148.0666,148.1107,146.3127,146.7534,251101
2014-03-11,147.1059,147.9873,146.5242,147.2469,206786
2014-03-12,146.439,147.531,145.9605,146.803,320718
2014-03-13,146.803,146.8563,144.5658,144.6279,387046
2014-03-14,144.9031,147.2735,143.7757,146.4124,290438
2014-03-17,147.4333,147.966,145.9241,146.5455,159477
2014-03-18,146.5633,147.6197,146.0732,147.1048,195896
2014-03-19,148.0015,150.9578,144.2551,144.841,646614
2014-03-20,144.6191,146.6965,143.0211,146.5367,285548
2014-03-21,147.4955,148.907,145.6045,147.531,475615
2014-03-24,147.6375,148.3828,145.7643,147.5487,310153
2014-03-25,147.9749,150.5938,147.966,150.4251,399261
2014-03-26,147.5931,148.9337,146.2614,146.7586,861643
2014-03-27,149.0224,149.4663,145.9951,148.8005,1109278
2014-03-28,149.5285,150.3363,148.3388,148.8804,511329
2014-03-31,149.2976,152.4315,148.2146,150.9667,1024465
2014-04-01,151.5615,154.4734,150.9667,154.4734,18958032
2014-04-02,152.3516,154.4734,151.1531,152.9642,2081778
2014-04-03,152.5203,153.5679,148.8094,149.8925,1542896
2014-04-04,151.3129,152.2628,149.1822,151.0288,1042670
2014-04-07,152.3694,152.8399,149.4086,149.6439,1027720
2014-04-08,150.0789,150.8157,148.4685,150.576,593109
2014-04-09,150.869,150.9134,148.8094,150.0523,403881
2014-04-10,149.9368,150.3275,147.7085,148.401,1018392
2014-04-11,148.108,148.6762,146.3236,146.3236,566453
2014-04-14,146.9539,147.6197,146.2703,147.3978,438276
2014-04-15,147.5754,148.8626,147.096,148.3388,497483
2014-04-16,148.6407,149.8392,147.7494,149.4397,405943
2014-04-17,148.8005,149.2324,147.8683,149.0491,336928
2014-04-21,149.0402,150.6204,148.4454,150.5849,557478
2014-04-22,150.2121,151.3662,148.8626,151.2685,302190
2014-04-23,151.4816,152.0498,149.6883,149.8481,552672
2014-04-24,149.7327,151.5526,149.5906,151.5171,224258
2014-04-25,151.4549,151.5704,150.2564,150.8513,355604
2014-04-28,151.0199,153.7099,151.0199,153.488,417754
2014-04-29,153.5235,154.3402,152.3427,153.195,269069
2014-04-30,153.195,153.8164,152.3161,153.8164,389135
2014-05-01,154.2071,155.7909,152.6534,155.086,415438
2014-05-02,154.9883,156.7461,154.8285,156.1158,399785
2014-05-05,154.6865,157.5362,154.6865,157.4119,278407
2014-05-06,156.5064,157.5806,155.7571,156.6751,458714
2014-05-07,156.7639,159.6846,156.7639,159.4538,417427
2014-05-08,159.0188,160.5991,158.1133,159.8178,358359
2014-05-09,159.4716,160.6612,158.9513,160.1019,439067
2014-05-12,160.2706,160.8388,159.0703,160.3682,629139
2014-05-13,160.2972,161.3004,158.8057,159.152,286793
2014-05-14,159.3828,160.1907,158.4861,159.3295,275415
2014-05-15,159.2851,159.8622,157.7892,159.294,402603
2014-05-16,159.0898,160.7677,158.2908,160.7411,362489
2014-05-19,160.3327,160.3327,158.9212,159.1609,366823
2014-05-20,159.0632,160.1818,158.5128,159.081,455624
2014-05-21,159.4805,159.6625,158.1097,158.566,226749
2014-05-22,158.9212,159.5337,158.0866,158.5749,259352
2014-05-23,158.8501,160.0042,158.717,159.4627,172297
2014-05-27,159.223,160.1108,158.6193,159.4183,333088
2014-05-28,159.5781,159.8267,157.831,158.8501,354756
2014-05-29,159.1875,159.6136,158.8057,159.3828,189505
2014-05-30,159.5071,160.9808,159.1697,160.6523,715192
2014-06-02,160.4836,161.114,159.8356,161.0518,443646
2014-06-03,160.6168,161.1672,160.0398,160.679,324134
2014-06-04,160.5192,161.913,159.7379,161.5756,390803
2014-06-05,161.0873,164.5941,160.892,164.4609,433001
2014-06-06,165.1179,165.1179,163.2624,163.8217,309743
2014-06-09,163.6353,164.5852,160.4659,161.4069,360385
2014-06-10,160.7589,161.6733,159.0632,159.3384,376614
2014-06-11,159.2319,160.0398,158.2021,159.0543,329344
2014-06-12,163.582,163.582,158.3796,159.1786,509097
2014-06-13,160.0486,160.0486,157.8913,159.2496,417347
2014-06-16,159.3828,159.9243,157.6871,158.1044,371895
2014-06-17,157.6161,159.5426,156.9858,159.0987,445680
2014-06-18,159.0277,161.3892,158.3619,160.9631,496182
2014-06-19,161.3803,162.8629,160.5458,162.5344,570790
2014-06-20,162.5699,163.3689,161.1939,163.1559,695953
2014-06-23,163.1559,164.2123,162.5322,163.289,379330
2014-06-24,163.0848,164.017,162.7652,163.8927,317339
2014-06-25,163.6264,164.3556,163.6264,164.1058,428486
2014-06-26,164.1774,164.374,163.1492,164.2399,392767
2014-06-27,164.2846,165.286,163.6946,164.9731,538209
2014-06-30,164.9999,165.9901,163.9315,165.3218,819557
2014-07-01,165.429,166.7433,164.7496,166.0281,424601
2014-07-02,165.6973,165.7956,164.3115,165.7956,482408
2014-07-03,165.5721,165.5721,164.1684,165.2055,353635
2014-07-07,165.3218,166.1711,165.0893,166.1175,378755
2014-07-08,166.1801,167.0115,166.0996,166.7433,321103
2014-07-09,167.1099,167.1099,165.6079,166.8238,346412
2014-07-10,166.4125,168.0084,166.2069,167.6016,308939
2014-07-11,167.6731,168.0308,166.9132,167.7268,247082
2014-07-14,167.8788,169.1394,167.1009,169.0768,350748
2014-07-15,169.0768,169.725,168.6119,169.4255,215150
2014-07-16,169.8726,169.9173,168.9427,169.4523,236175
2014-07-17,168.7013,169.81,168.7013,169.0411,280511
2014-07-18,169.3808,170.9633,169.2199,170.856,289463
2014-07-21,170.7845,170.7845,169.8994,170.0424,146316
2014-07-22,170.7309,171.3835,170.4001,171.0617,224647
2014-07-23,171.4729,171.616,170.5252,171.2315,214224
2014-07-24,171.6517,172.1792,170.4448,171.9021,308052
2014-07-25,171.6428,172.1524,170.4157,170.5699,239910
2014-07-28,170.5699,173.0018,169.6848,172.5726,194022
2014-07-29,172.3491,172.9928,171.4506,171.768,197360
2014-07-30,171.616,173.3773,171.616,172.823,276809
2014-07-31,170.7756,172.2687,169.4702,169.4881,324855
2014-08-01,169.7921,171.3634,168.4778,170.9276,246986
2014-08-04,169.7921,171.3634,168.4778,170.9276,246986
2014-08-05,170.1408,171.1958,168.6477,168.8533,301111
2014-08-06,168.755,169.3182,168.004,168.3884,295216
2014-08-07,169.3004,169.8457,167.1546,167.8788,363063
2014-08-08,168.442,168.8354,166.4706,167.6821,400036
2014-08-11,167.8073,169.0455,167.6642,168.3348,270097
2014-08-12,168.1202,168.8533,167.7626,168.0218,307811
2014-08-13,168.5762,171.3478,168.0129,170.6772,389625
2014-08-14,170.7666,170.9276,169.1037,169.6401,267184
2014-08-15,169.8726,170.0245,169.05,169.7921,425564
2014-08-18,170.4448,171.4819,169.9441,171.3478,302845
2014-08-19,171.4461,172.3312,170.6879,171.8753,239716
2014-08-20,171.8663,173.27,170.561,172.8498,274318
2014-08-21,172.7783,174.2892,172.671,172.975,267261
2014-08-22,172.5637,172.9571,170.9347,171.4908,191574
2014-08-25,172.1077,172.5279,170.5744,171.3835,156849
2014-08-26,171.4729,172.4922,170.704,171.607,164126
2014-08-27,171.5087,172.519,171.5087,172.519,382432
2014-08-28,172.215,173.1627,171.6965,171.9021,234891
2014-08-29,172.5816,173.2521,172.0004,172.9571,346599
2014-09-02,172.8587,173.6187,172.1792,172.6173,347197
2014-09-03,173.3326,173.8601,172.662,173.4399,246337
2014-09-04,172.9392,174.2267,171.861,173.3684,437662
2014-09-05,173.4846,174.9151,173.27,174.7989,433943
2014-09-08,175.085,175.3085,174.3697,174.6022,284608
2014-09-09,174.1641,174.9777,173.2208,173.8154,219082
2014-09-10,173.8243,173.8243,169.658,169.8279,465845
2014-09-11,169.9709,170.7934,168.6477,169.3004,291772
2014-09-12,168.746,168.746,162.3803,163.7571,549772
2014-09-15,164.1774,165.286,162.2059,163.024,342856
2014-09-16,163.2118,164.1505,162.4697,163.7929,334398
2014-09-17,164.7496,165.2324,163.4889,163.9181,409373
2014-09-18,164.079,164.5707,161.826,161.9779,277381
2014-09-19,162.3624,163.4085,161.522,163.319,1053452
2014-09-22,162.8988,163.2565,161.8975,162.1925,341357
2014-09-23,162.1478,163.328,161.6829,161.7187,304844
2014-09-24,161.7455,163.4442,160.4491,161.2895,353308
2014-09-25,161.2538,161.826,160.0647,160.7799,258587
2014-09-26,160.5908,162.9863,160.0144,162.5901,256184
2014-09-29,161.3473,162.0227,160.3656,161.9416,254439
2014-09-30,162.1398,162.6891,160.5457,160.978,330435
2014-10-01,160.978,162.455,160.5728,161.4283,326273
2014-10-02,161.2122,161.6805,159.7713,160.87,404159
2014-10-03,161.6715,162.3829,160.5782,162.0587,220616
2014-10-06,162.7071,163.7968,162.0497,162.3559,230968
2014-10-07,161.9236,162.3739,159.1318,159.1679,495420
2014-10-08,159.6001,163.3285,159.2849,163.2295,435754
2014-10-09,163.4186,165.5439,163.2115,163.4996,420451
2014-10-10,163.9679,165.5439,163.9319,164.022,367377
2014-10-13,163.8689,166.3995,163.8689,165.4809,311775
2014-10-14,165.697,169.3444,164.8415,168.3808,508817
2014-10-15,167.5162,169.9928,166.3004,168.813,479605
2014-10-16,167.237,169.1913,165.5629,168.8851,393964
2014-10-17,169.1913,169.8487,166.7957,168.1466,322359
2014-10-20,168.1736,170.9654,167.7594,170.7943,289934
2014-10-21,171.2356,172.9377,170.6727,172.8026,254834
2014-10-22,172.9107,174.2795,172.4063,173.7752,275804
2014-10-23,173.9913,175.1351,173.1628,174.973,357336
2014-10-24,174.7658,175.3242,173.2439,174.8109,251217
2014-10-27,175.027,175.7925,174.5407,175.7205,259518
2014-10-28,175.7385,176.3689,174.982,176.3689,221062
2014-10-29,175.9906,177.2604,175.063,176.3328,331950
2014-10-30,181.8354,183.2943,179.9982,180.5115,254026
2014-10-31,179.3047,181.7003,177.1974,181.7003,557887
2014-11-03,181.3581,183.4834,180.6736,183.3393,511495
2014-11-04,183.4114,184.429,181.9119,184.2219,300083
2014-11-05,184.5101,184.8073,181.3941,182.5288,412729
2014-11-06,182.745,183.8346,181.0699,181.3401,276239
2014-11-07,181.331,181.7093,180.0522,180.6016,481080
2014-11-10,180.5746,183.0016,180.2008,182.7089,423106
2014-11-11,182.5468,182.835,180.8267,182.2136,226188
2014-11-12,181.8354,183.2943,179.9982,180.5115,254026
2014-11-13,181.241,182.446,180.1333,180.5836,467718
2014-11-14,180.9168,181.8804,178.7554,179.2777,256573
2014-11-17,179.719,181.196,179.0346,180.5836,261571
2014-11-18,180.5566,181.9524,180.3764,181.205,221108
2014-11-19,181.6372,181.6372,178.098,178.188,308564
2014-11-20,178.7644,179.1697,177.2694,178.179,372010
2014-11-21,179.683,180.6556,179.3858,180.4485,911225
2014-11-24,180.8357,182.3397,180.2999,180.6556,350962
2014-11-25,180.3854,180.8718,180.0522,180.2323,417062
2014-11-26,180.8988,182.3307,180.6826,182.1055,265680
2014-11-28,183.0602,184.7442,181.8264,182.2857,193825
2014-12-01,181.9434,183.4654,181.259,181.4932,298406
2014-12-02,181.295,183.3348,179.4849,183.0331,246918
2014-12-03,182.6819,183.1322,181.313,182.1776,205641
2014-12-04,182.1506,183.1862,181.1329,183.0151,288248
2014-12-05,180.5656,182.5198,179.9532,181.9434,321187
2014-12-08,182.4928,184.9784,181.5472,183.4924,198541
2014-12-09,182.5108,185.3566,182.0605,184.8703,304117
2014-12-10,184.8883,185.8429,183.6725,185.1855,291125
2014-12-11,186.014,186.4589,184.42,185.4557,307283
2014-12-12,185.0774,186.3112,183.5465,183.5555,383653
2014-12-15,183.6455,184.3029,180.7277,181.4121,482942
2014-12-16,181.5382,183.4204,179.9623,181.6282,317564
2014-12-17,181.7723,184.6902,181.4031,184.5911,474407
2014-12-18,184.4921,187.545,184.438,187.545,454213
2014-12-19,187.545,188.6797,187.0857,187.464,635944
2014-12-22,188.1214,192.0119,187.2658,191.6967,451407
2014-12-23,192.3721,193.1106,191.2014,191.4445,356702
2014-12-24,191.5076,192.3361,189.6254,189.7694,122273
2014-12-26,189.6344,191.1834,189.6344,190.4989,136162
2014-12-29,190.3728,191.9939,188.9702,190.4719,370006
2014-12-30,190.1548,191.7315,189.3792,190.2636,212501
2014-12-31,191.3419,192.0188,186.9833,187.2099,251578
2015-01-02,188.3153,190.916,187.8079,190.6079,258804
2015-01-05,189.9827,192.2979,189.6474,191.3691,350671
2015-01-06,190.8254,194.4318,190.8254,194.1237,470381
2015-01-07,194.1147,197.259,193.4894,197.0506,620575
2015-01-08,197.7257,198.5548,195.9542,198.3192,379765
2015-01-09,198.8085,200.7658,197.7927,199.914,335925
2015-01-12,200.7114,202.6687,200.1587,201.2008,282274
2015-01-13,201.3367,202.6687,199.7165,201.5632,389549
2015-01-14,200.8383,204.7347,199.914,204.2816,312404
2015-01-15,204.7166,206.248,204.327,205.9399,401365
2015-01-16,205.5049,206.9095,204.5943,206.7554,536526
2015-01-20,208.5587,208.7943,204.0642,204.8888,330384
2015-01-21,204.9069,205.0338,203.3393,204.635,382407
2015-01-22,204.7166,207.6706,204.1276,207.3444,486978
2015-01-23,207.7794,208.1219,205.5412,206.4745,429607
2015-01-26,206.8189,208.8577,206.3431,208.5134,437181
2015-01-27,207.4803,210.2169,207.0545,207.7703,408652
2015-01-28,208.2234,209.9451,205.9218,205.9761,489489
2015-01-29,205.6227,208.1781,204.7257,207.9787,393092
2015-01-30,207.4894,208.0648,204.0823,204.8344,1474817
2015-02-02,204.7438,205.4778,199.8823,205.1334,541276
2015-02-03,203.9554,207.0998,202.125,206.9548,551389
2015-02-04,206.6104,207.1088,204.2816,206.7464,350472
2015-02-05,207.1632,209.1023,203.4208,208.8486,434332
2015-02-06,208.8486,208.8486,201.237,202.705,358050
2015-02-09,202.7412,203.1852,200.7658,201.2823,379618
2015-02-10,201.6176,203.3438,200.2312,203.2486,360358
2015-02-11,202.4059,204.7166,201.2823,202.7956,257748
2015-02-12,203.158,206.6195,202.415,206.5923,296162
2015-02-13,206.3024,206.5561,203.5839,205.4143,276856
2015-02-17,205.0066,207.0273,204.1276,204.9794,234177
2015-02-18,204.0279,206.7736,203.1218,206.5651,303359
2015-02-19,206.5651,206.5651,202.0707,202.569,235830
2015-02-20,202.2881,205.4868,201.1645,205.2965,268040
2015-02-23,205.7224,207.4169,204.6731,207.0363,276007
2015-02-24,205.7315,206.0758,201.2279,202.2247,224753
2015-02-25,202.2247,204.3813,201.3639,201.5088,258843
2015-02-26,201.1192,202.1975,199.3794,199.6603,257792
2015-02-27,200.0046,201.7626,197.8611,201.5541,295502
2015-03-02,202.2972,206.074,202.2972,204.0279,345091
2015-03-03,203.0674,203.5658,200.9108,202.5237,232799
2015-03-04,202.1431,203.3755,200.2674,200.4758,396954
2015-03-05,202.2156,206.393,202.1296,204.9613,463819
2015-03-06,202.8046,202.8046,198.2648,198.7723,407299
2015-03-09,199.6603,201.5705,199.4247,201.3186,285508
2015-03-10,201.1011,203.6473,199.5008,202.5237,372061
2015-03-11,202.4331,203.8739,202.0797,202.5962,291664
2015-03-12,204.3179,207.87,204.2454,207.2991,361717
2015-03-13,207.4894,208.2207,205.6772,207.0635,298955
2015-03-16,208.5768,212.591,208.0286,212.591,335010
2015-03-17,212.5276,212.5276,210.2532,210.815,356168
2015-03-18,211.1412,215.1192,208.5858,214.503,458381
2015-03-19,214.059,216.4331,212.7315,212.7994,548125
2015-03-20,212.8538,218.8162,212.8538,217.9735,818654
2015-03-23,218.2726,220.3476,217.303,217.3392,355589
2015-03-24,216.6505,218.2635,215.3729,215.4454,273178
2015-03-25,215.536,216.5962,210.9599,211.2499,284343
2015-03-26,210.4072,212.2014,206.8673,211.4311,388856
2015-03-27,212.261,215.4339,211.3583,211.8689,377933
2015-03-30,212.9357,213.7472,211.3127,213.4372,336935
2015-03-31,212.6713,214.2942,209.4801,209.6168,411986
2015-04-01,209.8721,210.8477,206.4438,207.0821,436549
2015-04-02,206.6444,210.2095,206.6171,208.933,271475
2015-04-06,210.173,211.4404,209.5712,210.5559,277776
2015-04-07,209.9633,210.6745,207.073,207.1368,202904
2015-04-08,207.1277,208.7597,206.9727,208.0212,238594
2015-04-09,207.4012,207.4012,201.7938,202.3135,274381
2015-04-10,203.0065,205.0397,202.0126,202.587,205988
2015-04-13,201.9306,204.2738,201.9306,202.2862,233651
2015-04-14,202.2862,204.83,202.2862,203.3438,186143
2015-04-15,203.4532,204.1188,201.7026,202.0309,278421
2015-04-16,201.6114,204.5838,201.2741,203.6082,198762
2015-04-17,202.6509,203.8088,201.4546,202.8332,216870
2015-04-20,202.8606,205.1491,202.2314,203.4441,192737
2015-04-21,204.5291,206.3527,204.3469,205.2859,239060
2015-04-22,205.1127,208.2492,204.2282,206.7721,205555
2015-04-23,206.7903,208.8418,206.7903,207.6565,289273
2015-04-24,207.4286,208.2947,206.2068,206.9818,330627
2015-04-27,208.5774,210.1456,207.2097,207.9118,453108
2015-04-28,207.6018,209.5256,206.5624,209.2521,223041
2015-04-29,207.538,208.7142,204.1918,204.985,195692
2015-04-30,203.7815,205.8238,201.0097,202.3682,391300
2015-05-01,203.6721,206.6536,203.6721,204.8118,334617
2015-05-04,205.7691,207.228,205.2038,205.9333,266280
2015-05-05,204.7479,205.0579,199.6877,199.9702,348755
2015-05-06,199.6511,201.347,198.7849,200.4626,268770
2015-05-07,205.4044,207.0456,201.3014,204.4106,437713
2015-05-08,205.8421,211.0209,205.4591,207.3739,309373
2015-05-11,206.8359,209.2976,201.3379,201.6844,610546
2015-05-12,200.6632,203.4532,199.4049,202.7056,354191
2015-05-13,203.5444,205.8147,199.6238,200.1617,456171
2015-05-14,200.7726,204.9212,199.8608,204.8209,365919
2015-05-15,205.5777,206.5897,204.3012,206.3344,390796
2015-05-18,205.2494,206.2615,203.7997,205.0488,213564
2015-05-19,204.6659,205.5777,203.1615,204.2829,218119
2015-05-20,204.8027,205.9697,203.5809,204.4471,696806
2015-05-21,204.4835,204.4835,202.2862,202.6053,274756
2015-05-22,202.3226,204.0641,200.882,202.2406,207731
2015-05-26,202.2223,202.8241,199.6876,200.0432,350846
2015-05-27,200.9458,204.6659,200.6541,204.2374,283618
2015-05-28,204.2647,205.5093,203.5444,205.1309,251168
2015-05-29,205.3953,205.7144,202.5141,202.9791,525487
2015-06-01,203.4806,206.5715,202.7876,206.298,275081
2015-06-02,205.4865,205.5047,201.5841,202.2041,389280
2015-06-03,201.9853,204.0003,197.3261,197.6452,343905
2015-06-04,196.9796,198.0373,196.004,197.0161,387584
2015-06-05,195.4752,197.0662,193.2596,195.539,322981
2015-06-08,195.9949,196.9979,194.3993,195.0193,206998
2015-06-09,194.6728,195.6849,192.5028,192.8493,309037
2015-06-10,193.0317,196.4782,191.5272,194.6364,356345
2015-06-11,195.5299,196.3961,191.6366,195.3658,378923
2015-06-12,195.5573,196.697,194.7093,195.457,223062
2015-06-15,194.8187,195.457,193.8887,195.1196,227135
2015-06-16,195.2746,197.6908,194.8643,197.3443,226111
2015-06-17,197.3899,199.3047,195.9083,198.8944,253545
2015-06-18,199.8335,203.0247,199.8335,202.3044,344617
2015-06-19,201.5203,201.8394,199.1314,200.3258,468805
2015-06-22,200.8273,202.2132,198.0282,198.3291,273243
2015-06-23,197.8549,198.1649,195.6849,196.1226,252087
2015-06-24,196.4508,197.627,195.7305,196.077,303767
2015-06-25,196.1043,197.8367,194.3081,194.4814,286587
2015-06-26,194.7659,196.9782,191.7183,196.6019,355030
2015-06-29,196.4183,198.3736,193.1228,193.2237,343517
2015-06-30,194.9403,196.8773,192.673,195.0689,416145
2015-07-01,196.7304,198.9519,194.9266,198.9335,330606
2015-07-02,200.6318,202.1648,197.0976,200.4023,376432
2015-07-06,199.0161,202.0133,198.2542,201.6415,331350
2015-07-07,202.6513,204.6892,201.155,204.1017,319838
2015-07-08,203.3214,204.7902,202.2015,203.4775,403744
2015-07-09,204.4964,205.9927,202.8808,202.8808,378801
2015-07-10,203.9732,206.2553,203.4775,203.6244,370397
2015-07-13,205.139,206.3599,201.2652,202.7064,417131
2015-07-14,202.8624,204.3954,200.4849,203.6703,202011
2015-07-15,203.147,205.1206,200.9347,204.3587,257692
2015-07-16,205.0839,206.5435,203.9135,205.4144,243403
2015-07-17,205.3685,205.4144,203.1654,204.6984,270734
2015-07-20,203.5968,206.4792,203.5509,206.3783,237835
2015-07-21,205.6347,207.7919,204.8453,205.2124,239328
2015-07-22,205.3869,207.4844,204.2256,205.8734,240970
2015-07-23,205.2216,205.5246,202.6513,204.1292,216027
2015-07-24,203.6886,206.1947,203.6703,205.4511,218624
2015-07-27,205.4328,207.9572,204.2027,205.9101,188315
2015-07-28,205.4052,205.6531,201.871,204.0833,382397
2015-07-29,204.6341,204.7259,202.33,204.2945,323389
2015-07-30,203.8171,211.0416,202.9726,205.4236,383988
2015-07-31,209.2974,211.1334,206.1396,206.4609,448740
2015-08-03,207.1585,208.329,205.7081,207.9664,246580
2015-08-04,208.1775,210.1328,206.4701,206.8281,186649
2015-08-05,207.03,209.7472,204.8728,206.0111,186325
2015-08-06,205.598,207.7185,203.5307,207.5257,195597
2015-08-07,207.5992,208.5171,204.8912,208.3794,159479
2015-08-10,209.0955,210.2796,207.0208,208.4896,242543
2015-08-11,207.9388,210.7111,207.1861,209.4351,268050
2015-08-12,208.9302,209.8482,206.6445,209.6003,283453
2015-08-13,208.6824,210.1695,205.8091,209.2332,269377
2015-08-14,208.5906,210.0685,206.9061,209.8023,315279
2015-08-17,210.0318,212.2349,208.3886,212.1523,267198
2015-08-18,211.8218,213.1529,210.9957,212.905,317762
2015-08-19,211.1976,211.675,206.4792,209.5453,426176
2015-08-20,208.0214,212.0238,206.9291,208.9394,327980
2015-08-21,208.2326,209.3231,204.6617,204.6617,351382
2015-08-24,204.6617,204.6617,194.1784,194.4814,393727
2015-08-25,195.5278,198.4011,191.9386,192.3149,739762
2015-08-26,195.3075,197.9972,192.7372,197.4739,432608
2015-08-27,198.6122,203.9732,197.4831,202.1831,342221
2015-08-28,201.9628,202.789,197.8962,202.5595,303796
2015-08-31,201.9995,202.4218,196.9415,197.015,525228
2015-09-01,194.0866,196.8222,191.5806,192.9392,319284
2015-09-02,195.3075,196.9507,192.3884,194.4446,337949
2015-09-03,195.4085,196.657,194.1234,194.7568,255681
2015-09-04,193.5359,193.9857,188.9001,190.1761,273673
2015-09-08,192.8474,195.537,191.0132,193.1962,354495
2015-09-09,194.922,195.537,190.2128,190.6167,348007
2015-09-10,189.5978,194.2886,188.845,191.4704,289973
2015-09-11,191.3511,197.07,189.0194,196.9323,315736
2015-09-14,197.5474,197.5474,194.0316,195.078,276921
2015-09-15,195.6288,198.4378,193.7011,197.6943,301414
2015-09-16,197.3363,200.1361,197.3363,199.879,172788
2015-09-17,199.4843,204.7443,197.7861,201.5497,303281
2015-09-18,201.3661,206.8648,200.1269,201.4763,529851
2015-09-21,201.8618,204.8177,200.7419,203.4499,258410
2015-09-22,202.2107,203.4408,200.8154,201.513,265419
2015-09-23,201.4947,204.2669,200.6088,202.8257,252500
2015-09-24,202.2015,203.5326,198.8509,200.0167,300021
2015-09-25,200.8245,202.0675,199.3191,200.5583,393634
2015-09-28,200.0963,200.6785,196.7512,198.5346,261400
2015-09-29,198.5901,203.2936,197.8786,202.7576,285479
2015-09-30,204.2638,206.8512,203.848,206.4538,476205
2015-10-01,207.2116,208.8841,205.9364,208.5422,402932
2015-10-02,207.5442,210.4458,204.2546,210.3441,291896
2015-10-05,210.8154,211.952,209.1059,211.1019,322416
2015-10-06,210.7877,212.0814,208.496,209.5125,273522
2015-10-07,209.5772,211.7764,209.0874,211.6286,393782
2015-10-08,211.6933,212.8742,208.8656,212.1368,272358
2015-10-09,211.8781,212.0999,210.1362,211.2035,277149
2015-10-12,211.7302,213.0609,210.5659,212.9685,281942
2015-10-13,212.3863,213.2365,210.4365,211.5824,256312
2015-10-14,211.989,211.989,208.5977,209.0782,255896
2015-10-15,209.8821,213.6523,209.2075,213.486,439129
2015-10-16,214.5856,216.2674,213.7632,215.6483,318377
2015-10-19,215.5096,219.6494,215.1862,219.5108,225616
2015-10-20,219.2983,220.1577,217.8983,219.1967,220657
2015-10-21,219.9267,220.7121,216.1334,216.4984,359741
2015-10-22,217.4409,218.2726,213.2734,214.3731,648565
2015-10-23,213.6985,216.4152,210.991,212.7652,453351
2015-10-26,213.3566,214.3823,210.3026,212.22,418133
2015-10-27,211.8873,212.9592,208.7732,210.0392,583668
2015-10-28,210.3164,211.9982,203.3767,206.2413,804324
2015-10-29,206.2413,209.762,205.3265,209.0689,556998
2015-10-30,205.9364,208.8841,199.7268,203.7001,966293
2015-11-02,203.7001,209.6141,203.5246,208.8564,521297
2015-11-03,208.8564,209.5217,205.0077,206.1859,429331
2015-11-04,206.2136,207.6551,203.3028,204.9938,403825
2015-11-05,204.2823,206.768,203.5338,206.6017,321257
2015-11-06,205.114,205.308,199.9762,202.1292,327222
2015-11-09,200.7062,202.7114,198.0172,199.7729,271137
2015-11-10,201.159,203.9404,200.2164,201.6857,384402
2015-11-11,201.8613,204.578,201.159,203.9034,199325
2015-11-12,203.6817,204.3932,201.9352,202.2494,222786
2015-11-13,202.9609,204.3193,201.0804,201.2144,174374
2015-11-16,201.2699,205.2988,200.7893,204.0328,193162
2015-11-17,203.6817,207.1284,202.425,205.3727,252111
2015-11-18,205.9364,206.8512,203.4506,206.6387,283910
2015-11-19,206.7865,209.1151,206.1397,208.8102,198318
2015-11-20,209.5125,211.721,208.9858,210.9171,289208
2015-11-23,210.8893,212.8946,209.7343,212.5804,254839
2015-11-24,211.8319,212.4233,208.5422,210.5474,201526
2015-11-25,211.2774,213.643,210.6583,213.0886,225040
2015-11-27,212.5989,217.1268,211.453,216.0733,152550
2015-11-30,216.7571,217.769,212.6589,213.2642,903688
2015-12-01,214.4285,217.7459,214.4285,217.4871,255437
2015-12-02,216.868,217.8845,211.1065,211.5362,387340
2015-12-03,210.686,211.8504,209.3092,210.3257,566412
2015-12-04,211.0742,216.5261,211.0742,215.6575,391261
2015-12-07,215.1215,216.4892,213.5506,214.8998,462325
2015-12-08,214.7334,215.6298,210.4458,214.3361,327291
2015-12-09,213.0978,214.7704,209.8729,212.7375,367521
2015-12-10,212.8391,214.0034,211.4253,212.0075,292594
2015-12-11,210.4181,213.5599,209.4201,213.2827,416661
2015-12-14,212.7929,215.4172,209.7712,215.177,523960
2015-12-15,215.5374,218.8548,213.5414,217.1545,641226
2015-12-16,218.0416,222.819,216.8588,221.9411,414553
2015-12-17,221.858,221.9226,219.4461,220.5088,880729
2015-12-18,219.3999,219.9451,217.2192,217.5888,830395
2015-12-21,219.8435,220.4765,216.3413,217.2469,663855
2015-12-22,217.866,219.6356,216.406,216.5816,459123
2015-12-23,217.7089,220.1577,215.5374,220.0653,350745
2015-12-24,219.6587,221.0263,218.6145,220.2686,137824
2015-12-28,219.6864,222.6249,219.2891,222.5418,305254
2015-12-29,224.1404,226.1271,223.7246,225.739,361765
2015-12-30,224.8374,227.1427,223.8614,226.1295,402226
2015-12-31,226.2132,226.7337,222.4392,222.5415,341118
2016-01-04,221.6491,222.4578,218.9441,220.5987,364618
2016-01-05,221.1379,223.6011,221.0217,223.1271,257678
2016-01-06,221.2401,223.0806,219.9573,221.2773,189475
2016-01-07,218.9627,221.2215,218.1912,219.0929,459973
2016-01-08,219.632,221.8536,216.7132,217.2059,384201
2016-01-11,218.3028,219.883,217.6149,219.0836,477171
2016-01-12,218.0704,218.9627,214.157,218.2377,640609
2016-01-13,218.6932,220.3292,215.987,217.3082,613924
2016-01-14,217.3082,219.2323,214.2964,214.566,632928
2016-01-15,212.8371,215.3375,210.318,213.9339,606119
2016-01-19,214.9006,217.3732,213.023,215.9603,484778
2016-01-20,215.291,215.291,208.1708,208.6634,717314
2016-01-21,209.2583,210.8571,203.8577,205.4286,587375
2016-01-22,207.1204,209.5093,205.8841,209.0074,733660
2016-01-25,209.0166,211.2104,206.7857,207.3899,432465
2016-01-26,207.6316,210.6619,207.3621,210.3738,471433
2016-01-27,210.3738,210.3738,203.5602,204.9081,515479
2016-01-28,203.9228,205.6052,195.1014,195.9287,998562
2016-01-29,197.0999,198.5686,191.2345,198.0945,1223125
2016-02-01,196.4957,201.1062,195.608,199.1356,805270
2016-02-02,199.1356,201.2689,192.9728,193.642,566292
2016-02-03,194.6273,197.0349,192.6381,195.5569,611246
2016-02-04,194.46,197.5926,192.6432,196.0588,579177
2016-02-05,195.0735,200.1116,187.8417,188.2321,691859
2016-02-08,191.4669,191.4669,182.8315,184.2072,622065
2016-02-09,182.9616,186.0849,178.1559,179.8569,741738
2016-02-10,182.785,185.9082,181.7811,182.9244,455686
2016-02-11,180.3589,181.1397,177.7748,178.7136,473228
2016-02-12,183.0639,183.9283,178.8437,181.7625,512889
2016-02-16,183.1196,185.1646,180.1451,184.6348,434759
2016-02-17,185.0995,189.0315,182.4875,187.3676,544772
2016-02-18,187.5628,189.4405,184.8579,187.7952,398684
2016-02-19,187.7302,194.0789,187.7302,192.5266,1054552
2016-02-22,193.8558,196.0217,193.6211,194.7668,407354
2016-02-23,193.4747,196.6259,193.4747,194.4321,446657
2016-02-24,193.3818,196.5654,190.9696,192.8054,265768
2016-02-25,193.9488,199.7212,193.484,196.1332,468537
2016-02-26,196.096,196.8211,195.0085,195.1851,450821
2016-02-29,195.3338,199.4517,194.4136,194.5344,577454
2016-03-01,195.7986,201.5152,194.7482,201.3293,511829
2016-03-02,200.5206,203.6114,196.9326,202.64,459746
2016-03-03,203.2535,205.5216,201.8824,205.4751,454656
2016-03-04,206.9717,208.0871,205.4704,206.8136,430693
2016-03-07,205.2613,207.7246,204.764,207.4457,335851
2016-03-08,207.4457,209.3885,205.9492,206.2931,387716
2016-03-09,206.5348,208.5705,204.1923,206.5812,398846
2016-03-10,207.7804,208.84,203.7276,205.1219,435821
2016-03-11,206.6928,208.7331,204.9546,208.6169,542112
2016-03-14,208.0685,209.063,203.6067,205.5309,500283
2016-03-15,204.6385,205.8376,204.1274,205.7261,326167
2016-03-16,204.9638,207.1111,203.2442,206.3767,314978
2016-03-17,206.7393,211.1174,205.4751,210.4295,502277
2016-03-18,210.6991,213.4877,209.091,210.1414,976534
2016-03-21,210.1414,211.387,209.8532,210.3087,388538
2016-03-22,210.2251,213.432,209.4814,212.3816,442494
2016-03-23,212.4002,214.1291,212.0655,212.4095,533661
2016-03-24,211.6937,212.1399,208.9051,210.2715,319845
2016-03-28,210.2715,212.3444,209.3513,212.197,344147
2016-03-29,212.2813,218.9607,212.2813,218.7501,370839
2016-03-30,219.059,219.9483,217.3458,217.5143,354370
2016-03-31,217.3458,219.7845,216.3816,218.9279,483615
2016-04-01,218.2539,219.2322,216.8965,217.9543,356263
2016-04-04,218.2633,219.9811,217.3084,218.8624,373901
2016-04-05,217.2054,219.0449,216.1288,217.0556,295371
2016-04-06,216.6531,218.3569,215.6654,217.5612,498141
2016-04-07,216.6344,217.7765,214.6591,215.8761,347105
2016-04-08,217.4769,218.0292,216.391,216.6531,337037
2016-04-11,216.9339,216.9339,212.6183,212.637,381786
2016-04-12,212.8242,214.3221,209.7817,214.0506,527981
2016-04-13,215.1178,215.1178,207.9843,208.7145,861596
2016-04-14,208.4431,208.4431,203.5798,204.9138,511084
2016-04-15,204.8202,211.2609,204.3708,210.5119,445573
2016-04-18,210.3996,212.2251,208.9954,211.9817,577995
2016-04-19,212.4311,215.2208,211.7664,214.631,470135
2016-04-20,214.6778,214.7808,208.1341,208.5835,371407
2016-04-21,207.8439,211.3451,207.095,208.106,431199
2016-04-22,208.4711,211.0362,207.769,210.1749,269158
2016-04-25,209.5571,213.0161,209.5571,212.9366,268223
2016-04-26,212.8991,214.6216,210.3341,211.0362,408568
2016-04-27,209.4822,210.6336,206.8329,210.306,555951
2016-04-28,209.7724,213.3204,209.0984,210.0064,379005
2016-04-29,209.4635,210.3341,204.8763,206.3742,971178
2016-05-02,205.4099,209.3886,205.0167,208.6958,384884
2016-05-03,207.4507,209.5196,206.7439,209.2481,385324
2016-05-04,207.6754,213.0161,207.3571,211.4855,406915
2016-05-05,212.7868,215.3144,212.5902,214.2565,298137
2016-05-06,214.294,217.4956,211.3681,217.3365,305774
2016-05-09,217.5518,219.0496,217.5518,218.6003,377528
2016-05-10,219.9951,222.3355,218.3101,221.0343,518280
2016-05-11,221.0155,221.0155,215.2395,215.8761,335572
2016-05-12,216.0446,216.4284,213.0312,215.2489,323857
2016-05-13,215.0148,215.2021,212.5434,213.2081,242633
2016-05-16,214.0225,215.848,212.6276,214.837,306838
2016-05-17,214.4157,214.837,208.5835,209.9596,451879
2016-05-18,209.5009,210.6336,206.2805,209.2481,433738
2016-05-19,207.6941,207.7316,205.4474,207.1886,283051
2016-05-20,208.5179,209.3418,207.0388,208.6022,322288
2016-05-23,209.0516,209.7439,207.7971,207.9843,196557
2016-05-24,209.7443,210.3154,207.975,209.2201,349072
2016-05-25,209.5664,211.9162,208.0873,211.5698,426745
2016-05-26,211.2141,212.6932,210.1843,212.5808,273753
2016-05-27,212.9178,214.2191,210.9894,212.4123,262719
2016-05-31,212.3655,213.2081,210.0626,212.7213,371248
2016-06-01,211.1017,211.1392,204.1742,204.9512,805157
2016-06-02,204.7453,205.7937,202.6015,204.1274,541009
2016-06-03,204.3614,205.9529,199.2501,199.6245,1072513
2016-06-06,199.3437,200.5139,195.0187,196.5914,592750
2016-06-07,197.5182,198.8194,195.3557,195.8425,396693
2016-06-08,193.9983,196.245,193.9702,195.8331,437889
2016-06-09,195.8331,197.4527,195.337,195.8987,443478
2016-06-10,194.7285,196.6335,194.251,195.9735,403699
2016-06-13,196.2637,199.7743,195.9642,197.8646,636818
2016-06-14,197.7335,199.8305,196.8535,198.7165,407320
2016-06-15,199.1658,203.781,199.1658,202.564,530905
2016-06-16,202.0585,203.6874,201.2768,203.5844,291093
2016-06-17,203.313,204.9231,200.8228,204.118,714053
2016-06-20,206.1776,207.418,204.3802,204.6797,368289
2016-06-21,205.4567,206.6784,204.9231,205.8406,282205
2016-06-22,206.2712,207.6473,205.0448,206.1589,306214
2016-06-23,207.4882,207.5818,203.9308,204.5019,379596
2016-06-24,200.2798,205.5691,199.4326,203.0508,862405
2016-06-27,201.7589,205.3725,200.9352,204.6066,525466
2016-06-28,206.3891,210.5765,205.6818,210.5293,544896
2016-06-29,212.4344,214.1697,210.9255,211.7459,364149
2016-06-30,212.1986,215.1128,210.1332,215.1128,385004
2016-07-01,215.1128,216.5746,214.1603,215.6409,292602
2016-07-05,216.0748,219.2436,216.0748,218.0553,453897
2016-07-06,217.4234,218.7155,215.9522,216.9707,360914
2016-07-07,216.9613,216.9613,214.3536,215.7447,347274
2016-07-08,217.8478,219.3379,216.0748,218.1685,353137
2016-07-11,218.4608,219.0456,216.5746,218.1685,202807
2016-07-12,218.5551,219.7623,216.867,218.8664,326874
2016-07-13,219.9792,221.1487,218.6023,220.9318,231901
2016-07-14,222.0352,222.0352,215.8579,216.4803,299448
2016-07-15,215.8767,216.8104,212.1232,213.7076,448620
2016-07-18,213.4907,214.6507,211.4536,212.7928,483612
2016-07-19,212.4627,213.6981,211.3687,213.6981,383045
2016-07-20,213.8019,213.8019,211.5479,213.4718,257990
2016-07-21,213.0191,213.6227,211.5196,213.5567,274095
2016-07-22,213.6227,215.1034,213.6227,214.0754,402679
2016-07-25,214.4904,215.8767,212.8776,213.519,250827
2016-07-26,212.3967,213.0568,209.407,210.0578,345988
2016-07-27,207.7283,208.4262,204.8047,206.3608,918913
2016-07-28,206.3231,209.7748,205.6818,208.0395,446415
2016-07-29,208.8694,220.9412,208.8694,220.5734,1134629
2016-08-01,220.4413,223.1009,219.7623,221.2713,485970
2016-08-02,220.4036,221.1487,217.6639,218.3382,343615
2016-08-03,218.6683,218.6683,216.5793,217.3197,283724
2016-08-04,217.7912,217.7912,216.0748,216.452,236893
2016-08-05,216.7349,217.8667,215.358,217.4894,200190
2016-08-08,217.8478,222.5633,217.4894,219.9321,314138
2016-08-09,220.2244,220.762,218.6801,220.2999,367474
2016-08-10,220.6583,221.5118,218.3005,219.4699,248788
2016-08-11,219.3851,221.0544,213.6887,215.6692,449123
2016-08-12,215.6787,219.3096,214.6318,216.3671,384232
2016-08-15,216.2351,219.4039,216.2351,218.4703,279796
2016-08-16,217.4706,218.3005,215.9899,217.0084,279176
2016-08-17,217.1876,217.1876,212.3212,215.0562,301542
2016-08-18,214.4621,215.8673,213.3822,214.6413,212167
2016-08-19,213.8396,213.8396,210.5105,211.8025,287192
2016-08-22,212.2929,213.2643,210.3313,211.2744,180809
2016-08-23,211.8025,212.4155,210.6519,211.2744,192767
2016-08-24,211.6799,211.6799,208.8034,210.4822,169043
2016-08-25,210.8122,214.0377,209.4353,212.689,256844
2016-08-26,212.9342,214.5375,208.0395,209.3882,285310
2016-08-29,210.0389,213.9339,210.0389,212.5759,241812
2016-08-30,212.8305,213.0946,210.3124,212.9059,235141
2016-08-31,212.7362,214.8016,211.5941,214.1791,410587
2016-09-01,213.9339,214.6413,212.8022,213.9528,261688
2016-09-02,214.9148,218.2156,212.3401,213.038,325090
2016-09-06,213.0946,216.9424,211.8685,216.9047,244081
2016-09-07,216.6029,216.8858,214.1697,216.8387,227086
2016-09-08,216.4614,216.4614,213.7359,213.9245,516125
2016-09-09,207.634,212.2222,206.5871,207.4548,451179
2016-09-12,206.8418,213.3303,206.2297,212.2175,460340
2016-09-13,210.5199,210.8687,206.1863,206.54,466825
2016-09-14,206.9927,209.0109,205.8138,208.4451,295420
2016-09-15,207.8132,209.6381,206.8135,209.3316,337139
2016-09-16,208.5771,209.5296,207.8273,209.341,440546
2016-09-19,209.9635,212.5476,209.8173,212.2269,186468
2016-09-20,213.8773,216.7161,212.8116,213.1794,251463
2016-09-21,213.2549,217.9987,211.5856,217.131,602229
2016-09-22,218.9701,220.5074,216.9802,218.027,430207
2016-09-23,217.3857,220.0075,214.5564,217.7818,460966
2016-09-26,217.1593,219.3096,216.9283,217.7252,344576
2016-09-27,217.9798,218.9229,214.8959,215.226,437092
2016-09-28,215.3969,217.4009,214.3237,215.9858,442142
2016-09-29,214.9315,217.2205,212.8041,214.2952,346098
2016-09-30,215.8813,216.0428,211.4649,211.5124,376687
2016-10-03,210.9425,211.4459,206.7256,206.9535,321602
2016-10-04,207.077,207.0865,203.5439,206.6971,483168
2016-10-05,207.001,207.6468,202.5086,202.6036,549452
2016-10-06,202.0242,204.1992,200.0867,201.7963,254521
2016-10-07,202.822,205.3389,200.4476,201.6063,290327
2016-10-10,201.9293,202.9693,200.9795,201.6538,222032
2016-10-11,201.6823,202.4184,198.3392,199.7068,392628
2016-10-12,200.0582,201.3737,198.2632,201.008,326746
2016-10-13,195.0055,200.951,194.9675,198.0922,688411
2016-10-14,198.0922,198.5766,195.8888,198.2347,644461
2016-10-17,198.6526,198.6526,196.6391,196.8575,339214
2016-10-18,198.6906,199.061,197.1804,197.2659,186082
2016-10-19,197.1899,198.4151,196.1737,198.0922,257453
2016-10-20,197.7978,199.9158,196.6296,197.076,275750
2016-10-21,195.5848,197.7171,195.5848,196.2877,231829
2016-10-24,197.6173,200.6281,194.4641,195.034,341737
2016-10-25,193.2769,195.1646,189.9622,194.3407,435283
2016-10-26,193.7708,197.152,192.1529,197.057,448301
2016-10-27,196.6961,197.5888,191.4439,195.5089,1035649
2016-10-28,197.5604,204.1707,197.2184,198.7476,904190
2016-10-31,199.6688,203.5249,198.3582,203.3349,686222
2016-11-01,202.8125,204.0092,200.1912,202.5751,637283
2016-11-02,203.2494,206.4501,203.05,204.6076,594204
2016-11-03,204.3037,208.2452,203.3634,207.3809,689417
2016-11-04,207.2574,210.1732,206.4406,209.0715,708509
2016-11-07,211.085,212.3719,208.3497,208.9765,667022
2016-11-08,209.6224,212.1297,208.6631,211.5409,509678
2016-11-09,208.9765,209.1665,203.0338,205.8898,437009
2016-11-10,206.3932,206.3932,199.5549,202.6891,455360
2016-11-11,202.5466,207.9698,201.9768,204.5126,317098
2016-11-14,204.1327,210.4866,201.6063,209.1095,371358
2016-11-15,209.6888,210.0402,201.4829,203.9997,595813
2016-11-16,203.6103,206.3362,201.7488,204.4461,354769
2016-11-17,204.4461,206.4216,201.3594,202.0052,321292
2016-11-18,202.2902,203.7623,201.4354,202.2522,457340
2016-11-21,202.4611,204.5269,199.4504,199.7543,354975
2016-11-22,200.3242,203.8858,199.0325,203.5154,425241
2016-11-23,201.2929,202.4944,198.4246,200.97,322282
2016-11-25,200.5901,203.012,200.5901,202.1382,148757
2016-11-28,203.7243,207.096,202.1192,204.5411,375506
2016-11-29,203.5914,207.6421,203.3064,205.0255,314531
2016-11-30,204.8925,206.5071,202.4896,205.073,576047
2016-12-01,203.8858,204.94,200.4381,201.5684,363018
2016-12-02,202.8125,206.6876,201.9578,203.7243,310416
2016-12-05,203.5629,204.3702,201.7393,203.2304,345230
2016-12-06,203.5059,205.5479,202.1382,203.4109,330400
2016-12-07,203.5629,207.096,203.183,206.7256,411104
2016-12-08,205.9468,209.4894,204.3274,208.2072,345223
2016-12-09,208.6156,211.2464,206.925,207.7608,295432
2016-12-12,207.0485,209.6698,206.6496,207.9413,341260
2016-12-13,208.7771,209.8883,206.5166,207.9983,348896
2016-12-14,208.1312,210.7336,205.8233,208.7296,638915
2016-12-15,208.5206,213.1555,207.1245,210.3537,491489
2016-12-16,212.1392,216.9925,212.0442,215.5964,881888
2016-12-19,216.2707,219.6993,215.9098,217.4769,529438
2016-12-20,217.3819,219.9748,216.2042,218.0752,463565
2016-12-21,218.2652,219.3859,215.6439,216.1472,511871
2016-12-22,215.4254,218.5311,214.2999,218.0563,476333
2016-12-23,218.8351,220.1552,217.5624,219.082,359101
2016-12-27,219.2909,220.4497,217.5339,217.7713,235772
2016-12-28,218.02,218.02,215.8584,217.6374,270795
2016-12-29,217.8765,220.6406,217.054,219.5216,342688
2016-12-30,219.1868,223.8734,218.3308,222.3718,441642
2017-01-03,223.6151,223.6151,217.4653,219.2634,455836
2017-01-04,220.0668,222.8978,217.8861,220.9658,405550
2017-01-05,219.6746,222.7543,216.5136,222.6205,431184
2017-01-06,222.4579,224.5429,221.3866,223.5578,287604
2017-01-09,223.7682,224.1699,220.5163,220.6789,252443
2017-01-10,219.9807,221.2145,218.546,220.0763,442440
2017-01-11,220.172,221.0136,216.901,216.987,390465
2017-01-12,216.7957,218.7469,214.6055,218.4791,386266
2017-01-13,217.5896,219.4738,217.427,218.0678,254048
2017-01-17,218.0295,221.1571,218.0295,219.579,391143
2017-01-18,219.9233,220.2676,217.8,217.9722,377579
2017-01-19,217.3218,218.24,216.0019,216.7957,455778
2017-01-20,217.0922,219.7033,216.1549,218.5843,391411
2017-01-23,219.6746,221.7023,218.7086,221.0423,535276
2017-01-24,219.7798,221.7692,215.9541,216.834,469173
2017-01-25,216.6905,217.2022,214.7107,216.0115,317290
2017-01-26,216.4323,217.7809,215.0646,215.5619,316069
2017-01-27,216.3558,217.1974,214.462,215.5906,273810
2017-01-30,215.4185,216.8624,213.3621,213.5152,383137
2017-01-31,213.8882,216.2697,213.19,214.529,500424
2017-02-01,214.3568,217.1688,211.8892,212.0614,314074
2017-02-02,212.4535,218.1348,212.4535,216.4801,385997
2017-02-03,213.1326,215.7437,208.8956,213.3621,778858
2017-02-06,213.1708,215.1124,211.8031,213.4482,354415
2017-02-07,213.3239,214.9689,212.7691,214.2038,375992
2017-02-08,214.309,218.6417,214.2899,218.1348,356193
2017-02-09,218.4886,218.6608,216.1645,216.681,298907
2017-02-10,215.8106,219.5981,215.8106,218.4313,394106
2017-02-13,218.4408,218.7182,214.9116,216.834,330886
2017-02-14,215.0263,216.394,212.6639,216.1741,311127
2017-02-15,214.7203,216.7766,211.8414,215.6098,356047
2017-02-16,215.342,218.4695,215.275,217.953,302317
2017-02-17,218.1252,219.6746,216.2314,218.1634,375533
2017-02-21,217.9339,222.1231,217.4174,220.9084,373373
2017-02-22,221.6162,222.1614,218.9764,219.5025,266271
2017-02-23,220.7841,223.2804,220.0572,221.4919,355364
2017-02-24,222.63,222.7783,220.7554,222.2283,284016
2017-02-27,223.0987,224.4568,222.1757,224.1125,189778
2017-02-28,224.1125,225.6428,222.8596,224.4759,316956
2017-03-01,223.1082,224.6098,221.2432,222.4865,372366
2017-03-02,221.6066,223.3186,220.7411,221.6449,333813
2017-03-03,221.0997,221.6449,217.7809,220.5067,218062
2017-03-06,220.1433,222.4005,219.4259,221.3388,313781
2017-03-07,221.7405,223.5482,220.8606,223.5195,286720
2017-03-08,223.3665,223.749,220.2198,220.5641,382804
2017-03-09,220.851,221.9605,216.0306,216.088,445942
2017-03-10,217.867,219.7033,212.903,214.4812,393456
2017-03-13,214.7011,217.2644,214.0795,214.2803,319102
2017-03-14,214.5194,216.7575,212.8648,215.3037,228738
2017-03-15,215.6385,223.1943,215.6385,222.0179,421549
2017-03-16,221.3293,224.0934,221.0567,222.8117,343738
2017-03-17,223.2613,225.6141,221.9127,222.9935,741210
2017-03-20,222.9935,224.1125,221.9988,222.9552,211752
2017-03-21,223.6056,224.9637,222.2761,223.4239,420691
2017-03-22,224.7629,225.2889,221.7214,225.0594,360292
2017-03-23,224.7342,227.6322,224.7342,226.4558,383517
2017-03-24,227.0201,228.1774,226.0541,226.341,295754
2017-03-27,226.2167,227.0009,222.4865,223.29,231391
2017-03-28,223.4526,223.7777,219.9727,222.85,305678
2017-03-29,222.426,224.5124,221.6744,223.5728,252068
2017-03-30,223.5343,224.893,221.3997,224.1221,185378
2017-03-31,223.6017,225.2978,222.5128,223.1199,462888
2017-04-03,223.2163,223.3512,221.6551,222.4839,305860
2017-04-04,222.3875,225.1147,220.8167,222.5802,343032
2017-04-05,222.3875,224.1703,220.942,222.9657,345280
2017-04-06,222.5128,224.4112,221.3756,223.7945,296744
2017-04-07,223.9968,225.4809,223.6885,224.9412,214859
2017-04-10,224.893,227.0035,223.833,226.724,216858
2017-04-11,226.9168,229.085,226.4446,228.1888,273283
2017-04-12,228.3045,229.1139,225.982,226.2229,498340
2017-04-13,226.3097,226.6566,224.7099,225.0858,358333
2017-04-17,225.9916,227.5142,225.7507,227.5142,310039
2017-04-18,226.83,229.3452,226.83,228.3334,343806
2017-04-19,227.6492,228.8441,226.2711,226.6758,328786
2017-04-20,227.1866,227.2444,225.346,226.5217,253461
2017-04-21,226.1169,227.6395,226.1169,226.936,237555
2017-04-24,228.3045,229.3067,222.0984,225.7411,338716
2017-04-25,226.8397,229.8849,224.3052,229.7403,449464
2017-04-26,229.6922,233.436,228.0876,232.2748,606754
2017-04-27,232.7181,234.3853,230.6462,232.6699,500638
2017-04-28,234.366,237.5461,229.9138,235.5899,870447
2017-05-01,238.1243,240.2059,236.1777,238.9724,564055
2017-05-02,239.0687,240.8226,238.0761,239.5216,337485
2017-05-03,240.3793,240.3793,236.8041,238.5483,515972
2017-05-04,237.9027,242.2585,235.9079,241.3912,580725
2017-05-05,241.8827,242.8174,240.2251,241.2755,354695
2017-05-08,242.1718,242.1718,239.3096,240.7841,414932
2017-05-09,240.601,241.4201,238.8663,241.3334,347768
2017-05-10,241.2659,243.2125,240.6877,242.1718,351796
2017-05-11,240.9672,243.4342,239.4927,242.2007,336952
2017-05-12,242.3741,243.9449,241.8345,243.492,355815
2017-05-15,243.1451,245.2362,242.7789,244.7062,358641
2017-05-16,244.1184,246.0843,243.2318,245.0917,358049
2017-05-17,245.4964,248.6477,243.9546,244.5231,412421
2017-05-18,242.5572,247.7225,242.3934,246.5854,336039
2017-05-19,246.942,246.942,244.4942,245.3037,410704
2017-05-22,245.4001,248.0213,244.1184,245.3423,373462
2017-05-23,245.2459,245.2459,242.5669,242.7789,441526
2017-05-24,243.386,247.8767,243.0198,247.5009,456190
2017-05-25,248.4549,248.7248,244.9568,246.9805,328676
2017-05-26,246.7974,247.684,245.8819,246.9901,205268
2017-05-30,246.9516,247.3901,245.005,245.9205,239036
2017-05-31,246.701,248.0116,245.8915,247.5876,522243
2017-06-01,247.4816,249.197,245.5832,249.1006,353164
2017-06-02,250.1028,253.678,248.2815,253.0902,439766
2017-06-05,252.9167,256.5113,251.6158,256.4631,283498
2017-06-06,255.3452,256.8967,252.8204,253.1577,272340
2017-06-07,253.601,254.8923,252.6758,254.0057,273177
2017-06-08,254.4683,256.1643,251.7121,256.0294,275270
2017-06-09,255.962,257.022,254.8152,256.5594,213841
2017-06-12,253.4468,255.3693,252.3674,253.0998,392686
2017-06-13,253.2155,254.1117,250.6617,252.7818,229732
2017-06-14,253.4468,255.1428,252.1073,252.9746,337865
2017-06-15,252.9457,255.2777,252.4445,254.1888,314335
2017-06-16,254.7863,256.7522,254.2081,256.6269,515142
2017-06-19,257.0991,258.7952,256.0101,258.641,281081
2017-06-20,258.5639,259.1999,254.6995,257.4171,251396
2017-06-21,257.4749,257.5809,254.6032,256.81,317640
2017-06-22,256.5305,256.7522,253.5913,254.343,298483
2017-06-23,254.5935,256.6751,254.2112,256.1354,783872
2017-06-26,256.3378,257.2726,254.979,255.856,219198
2017-06-27,255.0272,256.2414,250.8352,251.0568,318182
2017-06-28,252.0464,253.0263,251.1101,252.4829,253545
2017-06-29,251.4837,252.9486,249.8149,252.4247,282533
2017-06-30,252.5509,254.8308,249.4948,249.6015,406230
2017-07-03,250.6978,253.7054,249.6791,253.4531,216614
2017-07-05,253.4725,255.2868,250.8918,251.9784,381063
2017-07-06,251.3672,251.5225,246.0603,246.4581,299620
2017-07-07,246.9917,249.2474,246.8655,248.1171,322983
2017-07-10,248.4275,248.9417,245.2453,245.5461,301751
2017-07-11,245.905,246.8655,242.8974,244.2266,351728
2017-07-12,246.2252,247.5253,245.4685,246.4289,360273
2017-07-13,246.5066,247.7969,244.6244,244.7408,249754
2017-07-14,246.0021,247.1372,243.8482,245.9633,348810
2017-07-17,245.905,250.2709,245.0804,250.1157,264315
2017-07-18,249.8634,251.4157,248.1462,251.0956,279847
2017-07-19,251.5807,255.6846,250.0672,255.6361,339418
2017-07-20,255.8592,258.1198,255.1316,256.2958,257891
2017-07-21,255.9659,257.4794,255.6846,256.9555,232598
2017-07-24,257.004,258.1974,254.6853,254.9278,339402
2017-07-25,255.5099,256.063,251.8475,253.6569,326238
2017-07-26,254.1323,260.5647,252.124,259.1773,326655
2017-07-27,258.1295,258.8668,254.7532,256.1697,329384
2017-07-28,255.801,258.081,253.7151,256.7712,441977
2017-07-31,255.6652,256.7712,252.7352,253.8994,672256
2017-08-01,255.3159,256.7518,253.7248,255.3547,386631
2017-08-02,254.3166,256.2327,252.7643,255.607,296867
2017-08-03,255.3159,257.8093,253.3076,255.4226,324809
2017-08-04,255.0637,257.5182,254.0644,254.1905,249679
2017-08-07,254.1032,255.2771,252.5606,253.7151,322701
2017-08-08,253.4337,254.986,253.196,254.8599,394297
2017-08-09,255.1801,257.3242,254.4185,256.7712,394257
2017-08-10,256.1018,256.4801,254.5301,254.7047,293602
2017-08-11,255.4905,255.5779,251.1344,251.4157,216120
2017-08-14,252.871,255.9781,252.871,255.607,340870
2017-08-15,255.4323,257.4794,253.6278,257.1787,444893
2017-08-16,258.1295,260.2639,254.3457,254.8696,338374
2017-08-17,254.1323,257.0332,253.7539,254.7823,373350
2017-08-18,254.3554,255.0491,252.6867,252.9874,670628
2017-08-21,253.2009,257.0283,252.6091,256.3249,218225
2017-08-22,256.6645,258.081,254.6756,257.3242,288397
2017-08-23,257.1302,260.1911,256.8585,259.1967,252017
2017-08-24,259.6333,260.5841,258.3041,258.469,396526
2017-08-25,258.5758,259.5168,257.7317,257.7317,226924
2017-08-28,257.9451,258.406,255.6652,258.1392,236526
2017-08-29,258.1295,259.8467,256.3831,256.7518,220722
2017-08-30,256.354,258.4108,255.1607,258.4108,201592
2017-08-31,258.8183,260.1766,257.6444,258.0422,428093
2017-09-01,259.1288,260.3221,257.3727,257.8481,275680
2017-09-05,258.1489,259.1191,255.8301,258.1586,318122
2017-09-06,258.9347,259.5168,254.8987,254.9375,426427
2017-09-07,255.2189,258.3332,254.8017,258.1198,345773
2017-09-08,257.8578,260.6908,257.7851,258.634,300607
2017-09-11,259.0609,261.9908,258.6437,261.3602,245486
2017-09-12,260.9333,261.6901,255.7137,256.7033,360229
2017-09-13,256.6839,256.7227,252.871,253.3949,384048
2017-09-14,253.2397,254.4621,251.8135,254.3457,404965
2017-09-15,254.3748,255.9659,253.0942,254.1808,562503
2017-09-18,254.4039,255.1704,252.0076,252.415,445410
2017-09-19,252.5412,253.3076,249.4559,249.7373,497234
2017-09-20,250.009,251.115,247.6514,248.4955,419357
2017-09-21,248.641,249.2716,247.4865,247.6611,344640
2017-09-22,248.1171,249.4074,246.6521,247.3991,393085
2017-09-25,248.3887,249.4656,247.1469,247.9521,530954
2017-09-26,248.1947,249.2813,247.0984,247.3118,287467
2017-09-27,246.2155,247.079,243.6833,243.9258,341372
2017-09-28,244.1993,247.4331,243.7201,247.228,319163
2017-09-29,246.5636,248.244,245.8016,248.1854,313599
2017-10-02,248.8498,248.8498,246.1826,246.5734,353324
2017-10-03,246.7004,248.4883,246.08,247.8532,212098
2017-10-04,247.7067,251.9224,247.1791,251.644,227124
2017-10-05,252.3865,253.4807,250.3153,251.1555,260123
2017-10-06,250.6768,251.4486,246.4073,251.0969,353900
2017-10-09,250.8233,251.8003,249.8561,251.6733,238457
2017-10-10,251.9859,253.9985,250.8966,252.7675,296126
2017-10-11,253.0802,253.5393,251.556,252.3572,186184
2017-10-12,252.2693,255.1025,252.1129,255.0928,167819
2017-10-13,256.1186,256.3922,253.9008,255.7962,193123
2017-10-16,255.9721,256.9295,253.7836,255.0146,206463
2017-10-17,254.4968,255.5813,254.0865,255.3663,158378
2017-10-18,254.956,255.5226,252.6307,255.2002,172103
2017-10-19,255.3272,255.5715,252.621,253.9594,201573
2017-10-20,254.2037,254.2037,252.1129,253.3733,206776
2017-10-23,253.8617,254.0083,252.4695,253.6663,252030
2017-10-24,252.875,253.1827,248.8107,251.6147,307292
2017-10-25,252.2204,254.0376,251.0177,251.6049,264240
2017-10-26,253.1192,254.2721,251.5854,253.6761,259229
2017-10-27,253.5687,256.8513,252.406,256.3628,276418
2017-10-30,256.1381,257.1542,254.2623,254.7997,297214
2017-10-31,255.1807,256.4117,254.0669,256.3922,388939
2017-11-01,256.91,257.9895,254.5652,256.4899,291605
2017-11-02,256.2163,257.1542,245.4596,247.9998,751307
2017-11-03,246.1826,249.3676,245.4205,248.1366,538295
2017-11-06,246.6613,252.7138,246.0751,247.9705,413244
2017-11-07,248.2929,250.2176,246.8372,249.1331,396456
2017-11-08,249.8365,252.9531,249.7975,252.8359,319557
2017-11-09,252.5917,253.3733,250.3055,251.0382,251726
2017-11-10,249.6216,252.3181,249.4311,250.4814,266956
2017-11-13,250.6865,252.9531,249.5239,252.6796,168634
2017-11-14,251.7808,252.9434,250.1492,250.9112,323813
2017-11-15,250.7745,253.8569,246.124,246.3487,352890
2017-11-16,246.1142,248.7521,245.4498,248.0975,299105
2017-11-17,248.1073,249.2601,244.4631,245.0786,233681
2017-11-20,245.2447,245.9774,241.962,244.4533,283081
2017-11-21,245.274,246.8665,244.3556,246.3096,305876
2017-11-22,245.2544,246.7639,243.9941,244.2188,196415
2017-11-24,245.2251,246.5734,244.3361,244.6096,81842
2017-11-27,244.6487,244.8539,241.8741,241.9131,362601
2017-11-28,241.8741,242.8022,238.9138,241.0925,519946
2017-11-29,241.1902,242.1378,238.5132,241.9815,360730
2017-11-30,242.6068,242.7338,240.3499,241.3074,421071
2017-12-01,241.9424,243.6424,239.6025,241.3562,388856
2017-12-04,242.4016,242.8364,239.5097,240.6137,348182
2017-12-05,240.9654,241.1657,237.3408,237.3994,383480
2017-12-06,237.2138,237.8,235.4357,236.3931,573334
2017-12-07,236.354,236.4713,234.2633,235.0742,498196
2017-12-08,235.2012,238.6891,234.8006,238.6891,345237
2017-12-11,240.0764,243.574,239.2655,243.4275,464605
2017-12-12,243.701,244.1798,240.0178,243.4177,368687
2017-12-13,245.8602,245.8602,241.7666,242.2746,367906
2017-12-14,241.8252,244.0918,241.6445,243.2712,426184
2017-12-15,245.3326,246.3291,243.6326,244.043,742174
2017-12-18,242.8804,245.3717,242.6166,244.1211,309514
2017-12-19,242.7143,245.2202,237.0575,237.2333,328980
2017-12-20,237.5997,238.8122,233.7894,234.7713,392447
2017-12-21,234.3512,235.6946,231.8696,232.1041,525398
2017-12-22,233.213,234.8495,232.3288,233.8823,349657
2017-12-26,234.0483,236.0316,232.915,235.0253,285743
2017-12-27,235.973,236.4908,234.4978,235.6799,261143
2017-12-28,236.29,237.6677,234.7744,237.0871,281231
2017-12-29,237.7858,238.2976,236.349,237.5398,257266
2018-01-02,238.1204,238.8389,235.5223,236.2703,311114
2018-01-03,237.3627,238.7405,236.3589,238.6912,322120
2018-01-04,239.39,240.9351,234.6957,234.9319,292633
2018-01-05,235.0795,236.5458,233.9576,235.5715,344191
2018-01-08,233.1703,235.2566,231.6645,234.3807,543780
2018-01-09,234.3906,235.4042,231.8909,232.5207,403626
2018-01-10,231.2709,231.4726,227.3048,228.535,389384
2018-01-11,229.0172,230.5426,227.8067,228.7515,359047
2018-01-12,228.5547,229.0566,223.0928,223.4963,435730
2018-01-16,223.8899,228.968,223.3191,223.9883,379091
2018-01-17,225.5236,225.7007,222.5515,223.7521,421024
2018-01-18,222.8172,222.8172,220.1108,221.0359,478753
2018-01-19,220.3766,221.8331,219.2448,220.0813,331504
2018-01-22,220.5832,223.452,220.0124,223.0042,463182
2018-01-23,223.762,228.4071,223.762,228.1512,433522
2018-01-24,227.7379,229.6569,226.8521,227.8756,271118
2018-01-25,227.6493,228.2201,224.874,227.5902,317443
2018-01-26,227.7969,227.8028,223.3043,226.1829,272712
2018-01-29,225.6909,226.1042,222.8763,224.1261,248329
2018-01-30,223.6537,225.061,222.6499,223.1518,283746
2018-01-31,222.7778,229.5683,222.1283,229.2829,898434
2018-02-01,229.3322,230.1047,223.4963,223.5651,520415
2018-02-02,220.5439,223.9145,219.3727,221.8035,366583
2018-02-05,222.4826,224.4017,214.5308,214.5308,547258
2018-02-06,212.6413,217.1584,210.6337,215.3476,1026001
2018-02-07,215.3476,219.9632,214.0683,214.3537,540263
2018-02-08,215.0327,222.4137,213.0153,214.8162,773169
2018-02-09,216.9124,226.4683,214.9865,224.3229,764544
2018-02-12,225.0709,225.9172,217.7489,224.2344,932798
2018-02-13,223.7423,225.9074,219.8993,224.6575,480683
2018-02-14,222.581,223.2601,218.4871,221.1934,426154
2018-02-15,221.4001,226.055,220.9572,225.9271,289076
2018-02-16,225.2874,227.1375,224.4804,226.0255,371254
2018-02-20,224.9036,227.5706,221.7937,221.8626,478625
2018-02-21,221.2131,222.0988,216.135,216.6565,663632
2018-02-22,217.1683,220.347,216.5384,218.0737,546428
2018-02-23,218.7331,223.6636,218.7331,223.6636,398339
2018-02-26,224.6575,224.6575,221.3115,223.5061,344119
2018-02-27,223.3978,224.6969,217.7096,218.3099,413125
2018-02-28,219.3432,224.1064,218.7921,220.2781,450896
2018-03-01,219.3334,223.8997,218.9299,220.4159,535610
2018-03-02,222.4137,223.6242,217.6407,218.6937,441556
2018-03-05,217.3651,222.7975,216.8238,222.1283,436460
2018-03-06,222.4728,227.0785,220.844,226.3994,665045
2018-03-07,226.1928,228.5645,225.3661,227.8067,482370
2018-03-08,228.9287,231.9598,227.3147,230.4344,543296
2018-03-09,230.828,234.489,229.5585,233.7509,503891
2018-03-12,233.3769,236.5458,233.3769,234.9515,691099
2018-03-13,235.7388,237.1658,232.6684,234.2725,417997
2018-03-14,234.5087,235.4042,232.8652,234.8827,516135
2018-03-15,235.5814,238.0811,234.6022,237.8744,579023
2018-03-16,237.1757,240.0395,237.0674,239.8033,473096
2018-03-19,239.4392,239.4392,236.4966,238.15,429161
2018-03-20,236.5262,239.1735,234.9614,235.6601,323912
2018-03-21,235.5912,235.8668,232.255,233.0325,338351
2018-03-22,232.383,235.6404,229.8045,229.8931,299001
2018-03-23,229.9522,230.9757,224.874,225.5334,421153
2018-03-26,226.9899,229.4404,226.4093,228.9385,244878
2018-03-27,228.6433,233.81,226.9506,230.2376,333544
2018-03-28,232.3306,238.3026,232.3306,237.7173,353891
2018-03-29,238.491,240.7032,233.4516,238.7589,432144
2018-04-02,238.7192,239.0763,233.6302,235.1083,404929
2018-04-03,235.2471,239.2251,233.5508,238.1835,299183
2018-04-04,236.7352,241.3679,236.4376,240.3759,266248
2018-04-05,240.5148,240.5148,237.2113,239.5723,212334
2018-04-06,239.8005,243.6386,239.6815,240.4453,475080
2018-04-09,240.0684,241.0306,238.5605,239.4533,284493
2018-04-10,241.2885,241.6655,239.0763,240.0188,311610
2018-04-11,239.6815,242.6972,238.9672,239.2847,378353
2018-04-12,240.7132,240.7132,236.7352,238.3422,395641
2018-04-13,238.0942,241.1794,237.7966,241.0505,357580
2018-04-16,241.4373,243.4611,239.493,240.5148,316557
2018-04-17,241.1893,245.2616,240.4205,244.2249,356308
2018-04-18,244.8896,245.0284,242.6972,243.3321,414396
2018-04-19,242.6278,242.6278,237.499,238.3224,337889
2018-04-20,238.7391,239.2946,236.011,237.4792,419232
2018-04-23,238.4811,238.4811,233.6401,235.4257,358397
2018-04-24,235.4257,237.6379,234.3147,235.7332,397908
2018-04-25,235.0289,237.9474,234.2155,234.7611,361926
2018-04-26,234.642,237.3105,234.6222,235.882,510616
2018-04-27,235.763,240.4751,235.763,239.2648,374819
2018-04-30,240.0485,241.2489,237.5387,237.7768,515778
2018-05-01,237.9851,239.3938,236.7947,238.9375,342592
2018-05-02,237.9256,239.4731,235.9019,238.372,558324
2018-05-03,236.9931,244.5225,235.1182,236.5269,608133
2018-05-04,235.9614,239.9196,235.3672,239.245,276596
2018-05-07,240.366,240.366,238.3621,239.6914,196520
2018-05-08,240.2965,240.2965,238.2629,239.5327,394082
2018-05-09,239.612,242.0226,238.8978,241.9532,253584
2018-05-10,243.0444,243.5107,240.4106,241.9631,357559
2018-05-11,242.3401,243.094,240.1973,240.4949,234063
2018-05-14,240.7727,241.3828,238.2331,240.1279,237815
2018-05-15,237.7173,237.7173,231.1501,231.914,394937
2018-05-16,232.8068,233.1738,227.9459,228.2931,335603
2018-05-17,227.9261,229.5331,225.079,225.5849,314078
2018-05-18,225.7139,227.5689,224.4143,227.0432,358885
2018-05-21,228.0649,231.4576,226.19,230.922,355677
2018-05-22,230.8723,231.5668,229.295,230.7235,365745
2018-05-23,231.2295,235.1827,231.2295,234.1956,263022
2018-05-24,234.6817,235.4456,230.2077,231.289,242646
2018-05-25,231.9933,233.4417,231.5767,232.3306,291498
2018-05-29,231.5568,234.6619,230.4904,232.529,406079
2018-05-30,231.4874,239.6914,231.4874,239.3739,390280
2018-05-31,237.8859,238.4315,236.2094,237.1221,509001
2018-06-01,237.8363,237.8363,236.0705,236.5963,529858
2018-06-04,237.6974,240.108,236.1896,239.9592,466991
2018-06-05,240.4552,241.1397,238.2629,238.997,494528
2018-06-06,237.9256,240.6933,237.9256,240.6735,422399
2018-06-07,241.1596,241.5465,237.6578,238.8085,498113
2018-06-08,239.5029,240.3461,236.5467,239.0664,359836
2018-06-11,239.6021,239.7311,237.0427,237.3701,349345
2018-06-12,237.6181,238.3422,235.882,236.7253,401922
2018-06-13,237.2907,238.3472,230.54,231.1303,546528
2018-06-14,231.9239,235.8711,231.289,232.9556,405579
2018-06-15,233.6996,235.4307,231.9884,232.6183,610185
2018-06-18,231.9536,232.2314,228.4518,230.6243,477167
2018-06-19,229.801,232.1818,229.176,230.664,502617
2018-06-20,230.8227,231.9735,228.6304,231.656,667562
2018-06-21,231.8842,232.9754,230.4259,232.7373,375999
2018-06-22,233.5508,235.8424,231.4725,233.5012,654510
2018-06-25,233.7988,235.6003,231.4279,232.5687,673074
2018-06-26,232.4794,235.4257,231.1997,232.7373,465991
2018-06-27,233.2135,233.6798,231.0112,231.17,439019
2018-06-28,231.28,236.11,231.28,235.59,524169
2018-06-29,234.79,239.95,232.86,239.07,742548
2018-07-02,238.77,239.45,233.5101,236.22,435065
2018-07-03,235.85,239.375,234.93,236.22,241103
2018-07-05,236.3,238.92,235.785,238.7,225509
2018-07-06,239.17,241.2,239.11,240.02,285287
2018-07-09,240.21,240.21,237.281,238.68,345510
2018-07-10,238.68,241.11,237.76,240.62,348984
2018-07-11,240.44,243.7,240.44,242.61,452713
2018-07-12,242.86,243.585,241.48,242.69,379249
2018-07-13,242.98,243.28,239.32,239.62,246357
2018-07-16,238.69,238.69,234.63,236.14,345585
2018-07-17,236.55,236.67,232.41,232.74,369328
2018-07-18,232.58,234.0,230.42,231.58,319646
2018-07-19,230.92,234.875,230.92,232.54,349338
2018-07-20,231.85,232.2,227.9,229.35,377111
2018-07-23,230.42,230.715,228.1,229.65,488731
2018-07-24,229.67,230.38,227.05,229.72,346869
2018-07-25,231.2,234.93,230.39,232.74,336258
2018-07-26,233.79,233.79,231.86,233.5,220078
2018-07-27,234.29,234.88,231.32,233.29,330669
2018-07-30,233.09,235.0,232.06,233.8,301955
2018-07-31,235.0,242.28,233.92,240.45,545633
2018-08-01,239.86,241.66,236.705,240.89,556257
2018-08-02,240.69,241.715,232.03,234.18,700909
2018-08-03,237.38,243.0,234.371,242.41,649161
2018-08-06,242.44,244.41,242.0,242.77,293780
2018-08-07,243.35,243.84,239.18,243.31,351134
2018-08-08,242.85,243.565,239.11,239.25,237275
2018-08-09,238.8,240.2699,238.445,239.54,189862
2018-08-10,239.43,240.12,236.0,236.62,174096
2018-08-13,236.5,237.58,235.19,236.13,190816
2018-08-14,237.02,238.025,234.99,236.8,273841
2018-08-15,236.75,240.14,236.02,239.7,446731
2018-08-16,239.82,241.1,238.65,240.99,226494
2018-08-17,240.97,243.39,240.8,243.34,266896
2018-08-20,243.9,244.57,242.605,243.0,297496
2018-08-21,242.45,242.59,240.14,241.23,279100
2018-08-22,241.51,241.91,240.15,241.69,266464
2018-08-23,241.87,242.75,241.395,242.17,192207
2018-08-24,241.74,244.875,241.06,244.14,273893
2018-08-27,244.51,244.52,242.53,244.38,324089
2018-08-28,243.94,247.21,243.05,246.79,381272
2018-08-29,247.03,248.56,246.25,247.29,322820
2018-08-30,247.79,248.31,244.77,245.29,258146
2018-08-31,245.39,247.685,244.73,246.28,302833
2018-09-04,245.24,246.86,242.99,243.89,228918
2018-09-05,242.96,246.5,241.78,245.17,296896
2018-09-06,245.94,246.64,245.45,246.31,193406
2018-09-07,245.82,246.38,243.77,246.14,266651
2018-09-10,246.94,250.175,246.58,249.3,428012
2018-09-11,248.33,250.94,248.01,250.24,365183
2018-09-12,250.15,250.15,247.62,248.0,326056
2018-09-13,249.29,250.49,247.74,248.28,398153
