date,open,high,low,close,volume
2013-09-16,50.7289,51.0942,50.3477,50.6415,1397477
2013-09-17,50.7289,50.9671,50.5065,50.6653,659379
2013-09-18,50.7924,52.2782,50.5859,52.1504,1228281
2013-09-19,52.1265,52.2536,51.3721,51.6342,741829
2013-09-20,51.6183,51.7295,50.3397,50.5303,1434057
2013-09-23,50.308,51.5627,50.2047,51.1736,1136793
2013-09-24,51.0386,51.4912,50.7527,50.8083,999533
2013-09-25,50.8877,51.0624,50.435,50.5303,885535
2013-09-26,50.6097,50.9671,50.3755,50.5224,888962
2013-09-27,50.3874,50.84,50.03,50.2842,527053
2013-09-30,50.0459,50.5462,49.9903,50.1809,1009973
2013-10-01,50.3397,50.8242,50.1889,50.57,876324
2013-10-02,50.435,50.9314,50.0539,50.848,1033822
2013-10-03,50.6018,50.6793,50.1094,50.435,1145429
2013-10-04,50.3556,50.5224,50.2603,50.4112,1103013
2013-10-07,50.173,50.7606,50.1571,50.3874,656444
2013-10-08,50.308,50.9433,50.2286,50.4668,806138
2013-10-09,50.6097,51.8248,50.2683,50.9909,1490909
2013-10-10,51.2212,51.8565,50.578,51.7056,1124181
2013-10-11,51.5706,51.9121,51.4357,51.8565,626805
2013-10-14,51.7215,51.8327,50.8639,51.5071,759071
2013-10-15,51.5071,51.5448,50.4906,50.5621,1195923
2013-10-16,50.8797,51.6501,50.8797,51.6342,1229378
2013-10-17,51.5786,53.0001,51.1974,52.8809,1163704
2013-10-18,52.9365,53.0,52.4442,52.6904,1265547
2013-10-21,52.7142,53.0318,52.2139,52.5236,896505
2013-10-22,52.6189,53.7227,52.5395,53.6274,1248106
2013-10-23,53.4924,54.501,53.4686,54.1039,1617255
2013-10-24,54.0721,54.223,53.5957,54.0801,1035684
2013-10-25,53.9927,54.2468,53.4924,54.2151,1030464
2013-10-28,54.1118,54.4454,53.8577,54.088,1534912
2013-10-29,53.7545,53.7545,52.0153,52.4601,3500824
2013-10-30,52.5792,52.8333,51.8565,51.9836,1708078
2013-10-31,51.8645,51.9201,51.1259,51.3959,1519573
2013-11-01,51.5548,51.8406,51.4356,51.7295,1214330
2013-11-04,51.9518,52.0069,51.3721,51.5945,1373851
2013-11-05,51.5864,51.8197,51.337,51.4899,1625528
2013-11-06,51.7714,52.3586,51.6588,52.2058,1428211
2013-11-07,52.4149,52.6241,51.7714,51.8036,1367500
2013-11-08,51.6508,51.8277,50.9348,51.8197,1065450
2013-11-11,51.2727,51.2727,50.6292,50.8544,1944773
2013-11-12,50.8383,50.9107,50.3637,50.6855,1767694
2013-11-13,50.3155,50.5166,49.8891,50.5085,1090715
2013-11-14,50.6774,51.1199,50.5246,51.0233,893036
2013-11-15,50.9107,51.3772,50.8061,51.2164,1170532
2013-11-18,51.3773,51.4094,51.0796,51.1199,995249
2013-11-19,51.1923,51.2485,50.7257,50.9027,990390
2013-11-20,51.1762,51.1762,50.5166,50.5407,1359865
2013-11-21,50.8061,50.8383,50.5246,50.5809,1011558
2013-11-22,50.4763,50.5809,50.1867,50.2994,1185200
2013-11-25,50.42,50.6292,50.1968,50.2913,864447
2013-11-26,50.2752,50.4039,49.7323,49.873,1519951
2013-11-27,49.8328,50.058,49.5513,49.6719,1135087
2013-11-29,49.688,50.0902,49.5674,49.7845,557764
2013-12-02,49.9213,50.1304,49.5915,50.0983,1578786
2013-12-03,49.8811,49.9937,49.5111,49.8489,1629580
2013-12-04,49.6076,50.1867,49.5513,50.0017,987920
2013-12-05,49.8972,50.1063,49.6719,50.0661,1215158
2013-12-06,50.3235,50.9509,50.1948,50.6855,1163115
2013-12-09,50.5246,50.6694,49.9696,50.1948,1317292
2013-12-10,49.9615,50.0299,48.4412,49.3099,4628891
2013-12-11,48.779,49.2939,48.6021,48.948,2502875
2013-12-12,48.948,49.6076,48.9399,49.2456,1550898
2013-12-13,49.2939,49.4145,48.7227,49.2295,1242412
2013-12-16,49.3019,50.0017,49.2939,49.7845,1673633
2013-12-17,49.6478,49.7926,49.318,49.5915,1209274
2013-12-18,49.495,50.2109,48.8836,50.042,1223013
2013-12-19,49.873,49.9655,49.1732,49.5191,986255
2013-12-20,49.6237,50.3315,49.6076,50.2672,2855810
2013-12-23,50.4683,50.7418,50.0983,50.3074,1275254
2013-12-24,50.2672,50.7418,50.1626,50.4602,395870
2013-12-26,50.3798,50.6533,50.0902,50.1707,583208
2013-12-27,50.2591,50.5729,50.1707,50.5407,731443
2013-12-30,50.782,51.0314,50.63,50.9348,1152632
2013-12-31,50.9429,51.1199,50.6774,50.8946,965775
2014-01-02,50.959,50.9912,49.6398,49.7443,1206645
2014-01-03,49.1088,49.4387,48.779,49.0928,1748263
2014-01-06,48.7549,49.0204,48.586,48.8032,1989859
2014-01-07,48.9319,49.3099,48.8032,49.2697,1496612
2014-01-08,49.1812,49.2939,48.7469,48.948,1999783
2014-01-09,49.0928,49.141,48.6825,48.6825,1628563
2014-01-10,49.0043,50.0178,48.9238,49.1169,2660964
2014-01-13,49.2536,49.4306,48.7066,48.763,1988092
2014-01-14,48.9801,49.3582,48.9319,49.1812,2068894
2014-01-15,49.2858,49.4226,48.8032,49.1973,2001951
2014-01-16,49.2536,49.5271,49.141,49.3743,1100276
2014-01-17,49.5513,49.688,49.318,49.5593,932592
2014-01-21,49.865,49.9532,49.503,49.865,1395553
2014-01-22,49.9937,50.2672,49.3421,49.5111,1803957
2014-01-23,49.2858,49.7041,49.0606,49.6398,1524024
2014-01-24,49.4708,50.1546,49.1893,49.2939,1300156
2014-01-27,49.4387,49.7443,49.2376,49.3019,1792400
2014-01-28,49.2697,49.5995,48.9641,49.1652,1673750
2014-01-29,49.0365,49.8811,49.0365,49.503,1935655
2014-01-30,49.68,50.9831,49.5111,50.8142,2622946
2014-01-31,50.3396,51.0716,50.2994,50.7016,1787073
2014-02-03,50.8624,51.4175,50.3597,50.4522,1894515
2014-02-04,50.8464,50.8946,50.1144,50.2511,1784173
2014-02-05,50.2109,50.5729,49.8811,50.3396,1957637
2014-02-06,50.3637,51.3531,50.3155,51.2807,3359854
2014-02-07,51.329,51.4014,50.8303,51.1279,1737185
2014-02-10,51.0153,51.4255,50.7257,51.1601,1875528
2014-02-11,51.698,51.7713,50.2635,51.0052,2934798
2014-02-12,50.9644,51.8895,50.9644,51.8039,2357010
2014-02-13,51.5268,52.6353,51.5268,52.513,2326050
2014-02-14,52.3663,52.7005,52.2441,52.5619,1477914
2014-02-18,52.5864,53.1243,52.5094,52.9042,1944862
2014-02-19,52.5375,53.2547,52.3174,52.5375,1692784
2014-02-20,52.5293,53.2221,52.5293,53.0184,1378756
2014-02-21,52.9368,53.2303,52.5212,52.5293,1369533
2014-02-24,52.8635,53.0184,52.2604,52.2604,943877
2014-02-25,52.4886,52.6353,52.1789,52.2522,1390751
2014-02-26,52.7412,52.8064,52.1666,52.2196,770193
2014-02-27,52.0485,52.3256,51.7795,51.9669,983096
2014-02-28,52.0729,52.293,51.861,52.0159,1535826
2014-03-03,51.8365,52.0729,51.5513,51.5757,1550617
2014-03-04,51.9262,51.9669,51.5268,51.7061,1771018
2014-03-05,51.7795,51.8039,51.1947,51.372,1439213
2014-03-06,51.429,51.6369,50.6384,50.8422,1406357
2014-03-07,50.777,51.0623,50.3858,50.9889,1683325
2014-03-10,50.9237,51.0623,50.5895,50.7362,1509101
2014-03-11,50.8585,50.9318,50.4999,50.7851,1303613
2014-03-12,50.671,51.3475,50.6058,51.3475,1571215
2014-03-13,51.4453,52.5538,51.4127,52.5049,1963037
2014-03-14,52.3663,52.9205,52.2441,52.6353,1389984
2014-03-17,52.6597,53.1406,52.2359,53.1406,1004224
2014-03-18,53.1977,53.3444,52.9776,52.9857,939939
2014-03-19,53.1325,53.4829,52.3419,52.6271,1138313
2014-03-20,52.4886,52.7738,52.0566,52.7738,1166377
2014-03-21,53.051,54.355,52.9531,53.8171,2710361
2014-03-24,53.9556,54.3061,53.6541,53.8497,1560196
2014-03-25,53.9556,54.0861,53.3199,53.866,1036782
2014-03-26,53.8904,53.9719,53.5237,53.6052,843661
2014-03-27,53.8252,54.3143,53.434,54.2817,1172977
2014-03-28,54.3469,54.452,53.8904,54.3224,917804
2014-03-31,54.4284,54.624,54.1024,54.4854,1370385
2014-04-01,54.4528,54.7381,54.2083,54.6566,1418299
2014-04-02,54.6158,54.9907,54.1268,54.6973,1218216
2014-04-03,54.7462,55.5368,54.461,55.5042,1749061
2014-04-04,55.6672,56.9876,55.545,56.2948,2810822
2014-04-07,56.2378,56.8735,56.1318,56.3519,1719569
2014-04-08,56.3193,57.2647,56.0666,57.2077,2322051
2014-04-09,57.4196,57.9656,56.7186,57.281,2964943
2014-04-10,57.3951,57.7782,57.0528,57.1343,1674077
2014-04-11,57.1343,57.8678,57.1343,57.3381,1808618
2014-04-14,57.5011,57.9004,57.2647,57.8271,2531954
2014-04-15,58.8703,59.1556,58.0634,58.6584,3795767
2014-04-16,58.8785,59.718,58.4302,58.691,2902635
2014-04-17,58.7562,59.0333,57.9249,58.0797,1861082
2014-04-21,57.9982,58.4954,57.7945,57.933,1512077
2014-04-22,57.9167,58.2102,57.5744,57.8841,1895682
2014-04-23,58.039,58.5199,57.8189,57.8841,1787737
2014-04-24,58.1939,58.3406,57.3381,58.2102,2013280
2014-04-25,58.039,58.6421,57.9738,58.5525,2001643
2014-04-28,58.6014,59.5224,58.4058,59.3512,2954433
2014-04-29,59.6039,60.0766,59.1964,59.4083,2505910
2014-04-30,59.6609,60.2478,59.0578,59.0904,2864768
2014-05-01,59.2453,59.7017,58.7522,59.4653,1677118
2014-05-02,59.229,59.4735,58.4221,58.8785,1606157
2014-05-05,58.8622,59.6039,58.7399,59.6039,1554543
2014-05-06,59.6691,60.0847,59.4979,59.6039,2153838
2014-05-07,59.7913,61.291,59.6691,61.2584,2693749
2014-05-08,61.1117,61.1851,60.5819,60.9568,2723074
2014-05-09,60.8998,61.3603,60.6145,60.8101,1660770
2014-05-12,60.8835,61.1606,60.37,60.6227,2812734
2014-05-13,60.6804,60.8123,59.9921,60.5073,2371986
2014-05-14,60.5485,61.2326,60.4578,61.2161,2113780
2014-05-15,61.2409,61.3398,60.6804,61.2326,2603720
2014-05-16,61.1419,61.5046,61.0018,61.4222,1461201
2014-05-19,61.3563,61.4222,60.2518,60.293,1500971
2014-05-20,60.293,60.7958,60.227,60.5732,1454766
2014-05-21,60.5897,60.7133,60.1694,60.7051,1607562
2014-05-22,60.5485,61.2821,60.5155,61.0266,1605803
2014-05-23,61.0101,61.2079,60.87,61.043,981643
2014-05-27,61.381,61.4922,60.8461,61.0843,1379934
2014-05-28,61.1419,61.5541,60.87,61.5046,1203978
2014-05-29,61.4139,62.2712,61.3068,62.2547,1868338
2014-05-30,62.1475,62.3865,61.8013,62.164,2236924
2014-06-02,62.2794,62.675,62.197,62.4525,1762552
2014-06-03,62.436,62.8646,62.164,62.8234,2033841
2014-06-04,62.7492,63.1778,62.5514,63.1448,1290785
2014-06-05,64.6367,64.9499,64.0927,64.7933,2560702
2014-06-06,65.2054,65.2219,64.5543,64.6285,1730644
2014-06-09,64.4059,64.9499,64.34,64.8593,1403444
2014-06-10,64.8263,64.9582,64.1504,64.5213,1406798
2014-06-11,64.5213,64.645,63.6724,63.8125,1715451
2014-06-12,63.7795,64.2534,63.1366,64.1669,1607380
2014-06-13,64.101,64.5048,63.5791,64.4554,1030130
2014-06-16,64.4554,65.3373,64.373,65.123,1972730
2014-06-17,64.6532,64.9582,64.1051,64.7191,1117113
2014-06-18,64.7191,66.108,64.645,66.0791,1507439
2014-06-19,66.1039,66.7138,66.0297,66.5902,1650330
2014-06-20,66.7632,67.2001,66.516,66.6231,2163520
2014-06-23,66.5407,66.6149,65.7659,66.3841,1572469
2014-06-24,66.3264,66.6891,66.2563,66.3099,1702361
2014-06-25,66.3594,66.9528,66.2687,66.9034,1090799
2014-06-26,66.8869,67.0352,66.483,66.6479,1136167
2014-06-27,66.4088,67.0105,66.1863,66.9116,1460352
2014-06-30,67.027,67.8348,66.8869,67.6617,1266118
2014-07-01,67.4886,67.9831,66.9363,67.0105,1412816
2014-07-02,66.9446,67.0105,64.3565,64.8345,3072998
2014-07-03,64.4636,64.6161,63.4416,63.4416,2087367
2014-07-07,63.6229,64.7274,63.6229,64.6202,2244321
2014-07-08,64.6779,65.2549,64.5131,64.6779,1781579
2014-07-09,64.6779,65.0324,63.7713,64.2658,1651662
2014-07-10,63.8784,64.9747,63.8207,64.8675,1617826
2014-07-11,64.8345,65.0653,64.1834,64.307,1077365
2014-07-14,64.6202,64.6532,63.6147,63.6311,1332171
2014-07-15,63.8042,63.9856,63.4663,63.9031,1622350
2014-07-16,63.9773,64.2988,63.557,64.2493,1638724
2014-07-17,63.5899,63.9691,62.7987,62.8646,1758961
2014-07-18,63.4663,63.6888,62.6009,63.6476,1544141
2014-07-21,63.5075,63.8578,63.2273,63.7548,1506011
2014-07-22,63.8867,64.1669,62.6173,62.6421,2177795
2014-07-23,62.741,62.8646,62.2876,62.3453,2310453
2014-07-24,62.197,62.9965,62.197,62.9305,2139185
2014-07-25,62.9635,63.285,62.1187,62.2135,1449853
2014-07-28,61.8261,62.2382,60.6309,61.1255,2102892
2014-07-29,63.0212,63.0212,61.3563,61.8096,2322364
2014-07-30,61.8261,62.2382,60.6309,61.1255,2102892
2014-07-31,60.9194,61.0843,60.0127,60.0292,1323906
2014-08-01,60.1034,60.1529,58.6198,59.6995,4022305
2014-08-04,60.1034,60.1529,58.6198,59.6995,4022305
2014-08-05,59.4935,60.2353,59.1926,59.444,2417859
2014-08-06,59.2627,59.2792,58.2736,58.3725,2524047
2014-08-07,58.5621,59.2709,58.5621,58.9907,1447965
2014-08-08,59.1391,59.9386,59.1391,59.9056,1286514
2014-08-11,59.8809,60.4578,59.7119,59.7984,1348952
2014-08-12,59.6567,59.9193,59.4149,59.5483,1128467
2014-08-13,59.5816,60.1069,59.3148,59.9652,1564306
2014-08-14,59.9068,61.0491,59.9068,60.874,1667015
2014-08-15,60.874,61.3993,60.3237,60.7156,1255196
2014-08-18,60.7823,61.0324,60.5072,60.6572,783910
2014-08-19,60.7739,61.6744,60.6989,61.6661,1120157
2014-08-20,61.7911,62.6833,61.3993,62.6249,2191705
2014-08-21,62.4832,63.2002,62.1497,62.3831,1199903
2014-08-22,62.4582,62.6499,61.7661,62.1747,936608
2014-08-25,62.2664,63.0627,62.1997,63.0168,1191179
2014-08-26,62.8917,63.1752,61.9662,62.0913,1287791
2014-08-27,62.4332,62.9834,62.1663,62.9334,929654
2014-08-28,62.85,63.6838,62.7166,63.6421,852419
2014-08-29,63.7255,64.576,63.6671,64.5426,1353884
2014-09-02,64.4759,64.5509,63.2753,63.6838,1959805
2014-09-03,63.8256,64.6176,63.8256,64.3175,887746
2014-09-04,64.2091,64.4384,63.7463,64.084,1804407
2014-09-05,64.1757,64.7344,63.8672,64.5426,1385609
2014-09-08,64.601,64.6662,63.417,63.6588,1194316
2014-09-09,63.467,63.959,63.0001,63.4754,1296984
2014-09-10,63.5171,63.6588,63.0168,63.5004,831937
2014-09-11,63.5254,64.2675,63.2836,64.2508,984874
2014-09-12,63.8172,63.9089,62.775,62.9334,844340
2014-09-15,63.1002,63.7255,62.9918,63.3253,1340370
2014-09-16,63.2419,64.6093,63.1252,64.2091,1194795
2014-09-17,64.3842,64.5843,63.5671,63.8005,1080284
2014-09-18,63.9423,64.2258,63.0335,63.2336,930224
2014-09-19,63.4754,64.1007,63.2503,64.0507,1591877
2014-09-22,63.8005,64.6677,63.6421,64.1924,1196769
2014-09-23,64.1674,64.2299,63.6671,63.7922,1762546
2014-09-24,63.9006,63.9673,63.3753,63.6255,859085
2014-09-25,63.6338,63.8089,63.2002,63.367,1222489
2014-09-26,63.4504,63.7422,62.8917,63.4837,934215
2014-09-29,63.367,64.009,63.2836,63.984,998041
2014-09-30,64.1507,65.343,64.0257,64.4759,1615800
2014-10-01,64.4759,65.6182,64.2008,65.0679,1463391
2014-10-02,64.8594,65.3013,64.4676,64.5926,1593674
2014-10-03,64.7677,65.0262,63.7922,64.8845,1149726
2014-10-06,64.9512,65.268,64.5926,64.7927,907247
2014-10-07,64.6176,65.7349,64.5093,64.8761,1612713
2014-10-08,65.0262,66.4019,64.8761,66.3853,1771716
2014-10-09,65.91,66.4186,64.5676,64.626,2109935
2014-10-10,64.8511,65.5848,64.7677,64.8928,1556071
2014-10-13,65.0262,66.3436,64.7927,65.6015,1942514
2014-10-14,65.91,68.0278,65.6515,67.5692,2777732
2014-10-15,65.8516,68.0862,64.7427,65.8266,2778952
2014-10-16,64.9128,66.2841,64.2293,66.1882,1965224
2014-10-17,66.5353,66.6854,65.0679,66.1435,2377032
2014-10-20,66.1101,66.6604,65.9517,66.5687,1271721
2014-10-21,66.7521,66.7605,66.2018,66.7021,1282578
2014-10-22,66.7021,67.8527,66.6687,67.4858,1256424
2014-10-23,67.9444,68.3363,67.3274,67.7777,1422417
2014-10-24,67.7693,68.5281,67.7361,68.4864,1089043
2014-10-27,68.4864,68.9116,68.1862,68.4614,1636183
2014-10-28,68.478,68.5531,67.6192,68.2696,1885754
2014-10-29,68.4113,69.1034,67.6859,68.4197,1382567
2014-10-30,69.3253,69.4684,67.8599,68.7358,2543361
2014-10-31,70.5041,70.5208,69.662,70.0539,2165376
2014-11-03,70.2873,70.2957,69.6036,69.9121,2165159
2014-11-04,67.3441,69.8287,66.7354,68.7615,1756960
2014-11-05,69.2618,70.1456,68.7698,69.7871,3751633
2014-11-06,69.8121,69.9121,67.5359,68.3363,3669621
2014-11-07,68.6865,68.9616,67.9611,68.9366,2325541
2014-11-10,69.116,70.1602,69.116,70.1349,2366733
2014-11-11,70.2949,70.3749,69.4528,69.857,1629900
2014-11-12,69.3181,69.4613,67.8529,68.7287,2543361
2014-11-13,68.9055,69.7223,68.6083,68.7792,1931013
2014-11-14,68.6361,69.0066,68.2824,68.5855,1633898
2014-11-17,68.4676,70.2696,68.3413,70.1181,1854348
2014-11-18,70.2781,71.1033,69.7812,70.6486,1237480
2014-11-19,70.4633,70.8338,69.9412,70.177,1444856
2014-11-20,69.8065,70.1265,69.0823,69.2423,1232139
2014-11-21,69.8149,69.8739,68.8802,69.3855,1542018
2014-11-24,69.5202,69.6558,68.514,68.6024,1233041
2014-11-25,68.5603,68.6613,68.1771,68.4676,1254424
2014-11-26,68.7708,69.4613,68.6613,69.1918,1378583
2014-11-28,69.3434,70.7412,69.3434,70.6486,915403
2014-12-01,70.0675,71.5664,69.6886,70.5896,2016828
2014-12-02,70.337,70.8254,70.1181,70.4802,1548214
2014-12-03,70.4802,70.6149,69.9749,70.2865,1033696
2014-12-04,70.1433,70.7244,70.0591,70.3623,1037058
2014-12-05,69.4697,69.8907,69.2002,69.6549,1635047
2014-12-08,69.7476,71.0022,69.5707,70.7665,1105538
2014-12-09,70.5896,71.398,70.1855,70.7159,2127612
2014-12-10,70.7244,71.1706,69.9244,69.9665,1205790
2014-12-11,70.0675,71.7517,69.9918,71.4906,1642516
2014-12-12,71.0191,74.0926,70.8591,72.7621,4041598
2014-12-15,72.8463,74.0336,72.3495,72.7284,3077907
2014-12-16,72.8379,73.6042,72.299,72.4169,2697106
2014-12-17,72.5727,73.8989,72.4843,73.5284,2248478
2014-12-18,73.5452,74.6989,73.3263,74.6904,1627491
2014-12-19,74.9936,75.7514,74.5726,74.9683,3446942
2014-12-22,72.8716,74.6483,72.5264,74.362,1965852
2014-12-23,74.522,74.8252,73.7137,74.1599,1379155
2014-12-24,74.2273,75.7767,73.9915,75.3893,1282887
2014-12-26,75.5914,76.6524,75.5914,76.1388,852200
2014-12-29,76.2482,77.4861,76.0798,76.7619,1229924
2014-12-30,76.7703,76.7703,75.5157,75.7262,1141732
2014-12-31,76.004,76.2567,73.5958,73.6631,1565904
2015-01-02,73.6631,74.1852,72.9726,73.8568,1945307
2015-01-05,73.941,74.3197,72.8884,73.301,1662065
2015-01-06,73.3516,74.7325,73.1158,73.1663,1838006
2015-01-07,73.2758,74.3588,72.9811,73.9073,1094190
2015-01-08,74.0505,74.7157,73.9326,74.3452,1018479
2015-01-09,74.5304,74.8487,73.1579,73.9242,1468234
2015-01-12,74.2105,74.2863,72.88,73.2926,1114882
2015-01-13,73.6968,74.6315,72.1727,72.4506,2595390
2015-01-14,72.0801,73.4274,71.718,73.3853,1521252
2015-01-15,73.6042,74.6399,73.2589,74.5136,1482739
2015-01-16,74.5641,74.9431,74.101,74.6652,1295743
2015-01-20,75.0273,75.4146,74.0505,74.6904,1196882
2015-01-21,74.4968,75.583,74.0421,75.5157,957553
2015-01-22,75.8188,76.063,74.6989,75.2967,1503876
2015-01-23,75.5072,75.6841,75.1283,75.4483,1255198
2015-01-26,75.3557,75.5493,74.4378,74.7999,1217345
2015-01-27,74.8504,75.1725,74.3873,74.4715,1145713
2015-01-28,74.4799,75.8862,74.4799,74.8841,2028579
2015-01-29,74.6652,75.8356,74.3284,75.7009,1200952
2015-01-30,75.423,75.6058,73.621,73.6884,1281377
2015-02-02,73.7305,74.581,73.0737,74.2273,1542265
2015-02-03,74.2778,75.3809,73.6547,75.2967,1757523
2015-02-04,74.9936,75.1536,73.3937,73.6547,1581846
2015-02-05,73.6631,74.2105,72.0801,72.8548,2212510
2015-02-06,72.5432,72.7284,69.0402,69.3939,2851671
2015-02-09,69.5034,70.0086,68.2319,68.4592,2098965
2015-02-10,68.6294,69.6673,68.5613,69.6247,2476638
2015-02-11,69.5907,69.5992,68.4677,68.8761,1725067
2015-02-12,68.9782,69.1483,68.2806,68.6123,1509757
2015-02-13,68.1955,68.2721,66.6556,67.3107,2088228
2015-02-17,67.2767,67.9232,66.4855,67.0895,1516703
2015-02-18,67.1235,68.3741,66.8088,68.2806,1303475
2015-02-19,68.4337,68.74,67.5915,67.8552,812706
2015-02-20,67.7871,67.9147,66.7832,67.4809,1160649
2015-02-23,67.8127,68.3146,67.4979,68.2976,999863
2015-02-24,68.2721,68.9697,67.9489,68.4507,1370560
2015-02-25,68.204,68.7485,67.3532,67.5319,1208582
2015-02-26,67.8127,67.9147,67.1661,67.3788,1028067
2015-02-27,67.4213,67.6935,66.7918,67.6425,1509468
2015-03-02,67.3618,67.5404,65.371,66.0771,2070320
2015-03-03,65.975,66.1707,65.2689,65.9155,1067737
2015-03-04,65.4221,65.7453,64.6649,65.0818,1146681
2015-03-05,65.371,65.7709,65.1839,65.5242,846204
2015-03-06,64.7415,64.7415,63.2118,63.5249,1245147
2015-03-09,63.6695,64.0778,63.3463,63.5504,1031747
2015-03-10,63.3207,64.5628,63.2527,64.214,1645030
2015-03-11,64.4097,64.4097,63.3037,63.5419,1108262
2015-03-12,63.9077,65.2434,63.9077,64.8776,1207781
2015-03-13,64.4352,64.4862,62.8528,63.5079,1916518
2015-03-16,63.7971,65.2051,63.7971,64.6564,1076329
2015-03-17,64.4012,64.9627,64.2906,64.6309,929584
2015-03-18,64.5203,66.9109,64.3757,66.477,1295442
2015-03-19,66.3153,67.1661,66.0771,66.3068,2430929
2015-03-20,66.6131,67.5191,66.3919,67.2512,3037019
2015-03-23,67.2001,67.3362,66.5876,66.7747,1214768
2015-03-24,66.511,66.9364,65.6518,65.7539,1219643
2015-03-25,66.0941,66.477,65.405,65.4561,1373019
2015-03-26,65.1243,65.8049,64.5713,65.0988,963379
2015-03-27,65.0477,65.7113,64.8691,65.2349,826027
2015-03-30,65.3965,66.2643,64.9712,65.7709,1193493
2015-03-31,65.7879,66.4259,65.3285,65.924,1308664
2015-04-01,65.7709,66.2116,64.8691,66.0941,951805
2015-04-02,65.9921,66.4259,65.7453,66.0771,841396
2015-04-06,66.2898,67.6,66.2898,67.5574,1134467
2015-04-07,67.5574,67.5744,66.3749,66.4515,832097
2015-04-08,66.3749,66.528,65.5769,66.3239,1040844
2015-04-09,66.1707,66.5025,65.2434,65.5156,1130128
2015-04-10,65.8644,66.6897,65.5922,66.4344,594388
2015-04-13,66.0941,66.443,65.6943,65.7453,566554
2015-04-14,65.975,66.4174,65.6518,66.1707,604817
2015-04-15,66.1707,67.013,66.1707,66.1962,638027
2015-04-16,66.1282,66.3136,65.2349,65.8134,849021
2015-04-17,65.5667,66.2218,65.5242,65.7539,1119005
2015-04-20,65.9921,67.1618,65.958,66.6641,862205
2015-04-21,66.7237,67.2894,66.2473,66.4089,1194674
2015-04-22,66.5536,66.6641,65.6007,66.2473,958689
2015-04-23,66.2388,67.3958,66.0856,66.8428,941200
2015-04-24,66.7747,67.9232,66.443,67.3277,1407517
2015-04-27,67.5574,67.5574,66.1962,66.477,1114053
2015-04-28,66.2983,67.3958,66.0006,67.2256,1365645
2015-04-29,66.0261,66.9449,65.3115,66.6982,1867335
2015-04-30,66.6471,66.6471,65.2009,65.6603,1249760
2015-05-01,65.6773,65.8644,65.1583,65.6688,894415
2015-05-04,65.6603,66.7492,65.5071,66.2047,906086
2015-05-05,65.89,66.2932,64.1715,64.2736,1284788
2015-05-06,64.3246,64.8521,63.7036,64.4692,1390868
2015-05-07,64.8351,65.4646,64.4624,65.0562,1139175
2015-05-08,65.6262,66.0091,64.6479,64.9967,1279666
2015-05-11,64.9967,65.2774,64.6649,64.733,1860084
2015-05-12,64.5179,64.6254,63.6062,63.847,1779863
2015-05-13,64.1395,64.6985,63.2191,63.4428,1585419
2015-05-14,63.7008,64.2083,63.5643,63.847,1156110
2015-05-15,64.0707,64.7674,63.9416,64.4921,1501412
2015-05-18,64.1825,64.8448,64.1481,64.7502,733774
2015-05-19,64.5351,65.6017,64.2943,65.5501,1161012
2015-05-20,65.4641,65.8941,65.1802,65.4039,1107505
2015-05-21,65.4383,65.7135,65.077,65.4727,830648
2015-05-22,65.3006,65.6103,64.8362,65.4039,659315
2015-05-26,65.4383,65.6275,64.4663,64.9222,1278360
2015-05-27,65.1114,65.8511,64.9824,65.7221,1134102
2015-05-28,65.5759,66.0747,65.3118,65.8425,1068511
2015-05-29,65.8425,66.2984,65.6189,65.7737,1077918
2015-06-01,65.8339,66.3672,65.7393,65.8683,1128837
2015-06-02,65.292,65.636,64.1481,64.6039,1422786
2015-06-03,64.3717,64.6899,63.1073,63.503,2053136
2015-06-04,63.2277,64.0621,63.1245,63.4428,1028227
2015-06-05,62.8235,62.8235,61.8687,62.0322,1235063
2015-06-08,62.1354,62.4363,61.8945,61.9117,1063707
2015-06-09,62.4708,62.4708,60.9656,60.9828,1459449
2015-06-10,61.3527,61.701,60.7592,60.8194,2708899
2015-06-11,61.2409,61.7138,60.8282,61.4301,1744112
2015-06-12,61.2064,61.5677,60.8108,60.8194,904538
2015-06-15,60.6302,61.0688,60.3128,61.0258,1475815
2015-06-16,60.9656,61.2322,60.5872,60.9226,782807
2015-06-17,60.871,61.6021,60.57,61.2322,1584561
2015-06-18,61.3441,62.2386,61.3441,61.9634,1953447
2015-06-19,61.6193,62.1268,61.4645,61.5591,1494124
2015-06-22,61.7741,61.8429,61.2839,61.4989,845741
2015-06-23,61.4645,61.5677,60.6732,60.8796,1066081
2015-06-24,60.9398,61.2236,60.6388,60.6474,1194541
2015-06-25,60.656,60.6646,59.7442,59.7528,786133
2015-06-26,59.684,60.7506,59.4002,60.6474,1986663
2015-06-29,60.6818,61.2322,60.0711,60.1657,1354880
2015-06-30,60.4667,61.4215,60.2001,60.6388,4553878
2015-07-01,60.7764,61.4989,60.6216,61.4559,2327968
2015-07-02,62.1354,62.5052,61.5591,61.8257,1394070
2015-07-06,61.7053,62.3332,61.4817,62.3332,1422026
2015-07-07,62.5826,63.6492,62.5052,63.3137,2686295
2015-07-08,63.0643,63.7265,62.9052,63.0471,1731980
2015-07-09,63.1933,63.417,62.2472,62.3762,1266202
2015-07-10,62.3504,62.9267,62.0236,62.3504,949515
2015-07-13,62.6343,62.7805,61.9461,62.144,839322
2015-07-14,62.1526,62.6687,61.9203,62.1784,1296916
2015-07-15,62.3074,62.3745,61.7053,62.144,1536900
2015-07-16,62.2386,63.1675,62.2386,62.7633,1482984
2015-07-17,62.8923,62.8923,62.1956,62.2472,866809
2015-07-20,62.2214,62.2988,61.6107,62.1698,905511
2015-07-21,62.1182,62.2653,61.0086,61.3269,1038645
2015-07-22,61.3613,61.7569,60.957,61.0688,1423368
2015-07-23,60.8022,60.8882,59.4776,59.9507,1705450
2015-07-24,60.0195,60.1141,59.4776,59.5292,921725
2015-07-27,59.5636,60.8968,59.5636,60.5528,1111070
2015-07-28,59.9937,60.613,59.8216,60.1915,1456056
2015-07-29,60.0625,60.3979,59.7184,60.3033,1184743
2015-07-30,60.1227,61.1462,59.9679,60.5183,1026709
2015-07-31,60.9742,61.4989,60.9742,61.086,1187894
2015-08-03,61.2839,61.5505,60.9742,61.2409,1603377
2015-08-04,60.2087,60.7248,58.6863,58.9873,2829100
2015-08-05,58.9873,58.9959,58.2734,58.3852,2976784
2015-08-06,58.368,59.77,57.8262,59.727,1771773
2015-08-07,59.6754,60.957,59.2282,60.4323,1381411
2015-08-10,60.4839,60.8194,58.9615,59.2712,1879382
2015-08-11,59.4801,60.5336,59.4192,60.0199,1904173
2015-08-12,59.75,61.1343,59.6368,60.9515,1937754
2015-08-13,60.9515,60.995,60.1418,60.7599,1243377
2015-08-14,60.5945,61.1169,60.4639,61.0298,1531278
2015-08-17,61.0124,61.7307,60.8644,61.5174,1782754
2015-08-18,61.3171,61.8308,61.143,61.4825,1331129
2015-08-19,61.1691,61.9353,61.0385,61.7002,1021837
2015-08-20,61.2649,62.3009,61.0385,61.4303,1180306
2015-08-21,61.2388,61.6915,60.4117,60.4117,1562529
2015-08-24,58.6792,60.49,57.0598,57.3733,2496884
2015-08-25,57.826,58.5225,55.3708,55.3708,2326937
2015-08-26,56.0238,56.1718,55.0226,55.9716,2101333
2015-08-27,56.137,57.382,56.137,57.2949,2375312
2015-08-28,57.2688,57.6954,56.6506,57.3733,1714567
2015-08-31,57.1295,57.1469,56.0935,56.877,1705067
2015-09-01,56.1196,56.1196,54.5525,54.9007,1639653
2015-09-02,55.3186,55.5624,54.3696,54.6395,1292298
2015-09-03,54.6831,55.2054,54.5176,54.8398,1111429
2015-09-04,54.3958,54.4219,53.3423,53.5687,1497145
2015-09-08,54.2129,54.6134,53.8429,54.3174,1986417
2015-09-09,54.6569,54.7353,53.7602,53.8821,1292765
2015-09-10,53.8299,54.6482,53.7689,54.004,1781759
2015-09-11,53.7602,54.5873,53.5992,54.5699,1185099
2015-09-14,54.5699,55.0922,54.4567,54.7005,1173073
2015-09-15,54.7788,55.2054,54.4567,55.0487,1258421
2015-09-16,55.1619,56.1457,55.0487,55.6756,1516582
2015-09-17,55.6581,56.9902,55.545,56.0847,1051754
2015-09-18,55.6407,56.4678,55.5101,55.9367,1976481
2015-09-21,56.0412,56.4069,55.5537,55.6581,1251501
2015-09-22,56.076,56.2676,55.4492,55.7539,1953690
2015-09-23,55.7539,55.7539,54.953,55.3186,1444476
2015-09-24,54.3174,55.4927,54.2391,55.3621,1633699
2015-09-25,55.3534,56.8074,55.1097,56.2328,1641716
2015-09-28,55.9977,56.6506,55.7191,55.7713,1066053
2015-09-29,55.841,56.5549,55.6581,56.0064,824905
2015-09-30,56.1718,56.7116,55.9367,56.6768,1382520
2015-10-01,56.729,56.8117,55.632,56.076,1236080
2015-10-02,56.5201,57.3994,56.076,57.3645,1414823
2015-10-05,57.617,58.4963,57.234,58.3048,1117082
2015-10-06,58.1568,58.3222,57.1425,57.5561,1240713
2015-10-07,57.5648,58.1394,57.5474,58.1394,1642710
2015-10-08,58.1133,59.3931,57.6693,58.9142,1426664
2015-10-09,58.9404,59.1667,58.5486,58.8185,1366268
2015-10-12,58.9665,60.1244,58.5312,59.4453,950859
2015-10-13,59.3582,59.7413,59.0622,59.2886,1348461
2015-10-14,59.3321,59.6978,58.9142,59.1319,1091107
2015-10-15,59.3582,60.2463,58.9316,60.1418,1094836
2015-10-16,60.5597,60.9428,60.1418,60.3333,1630371
2015-10-19,60.5162,60.7251,59.8806,60.403,1267231
2015-10-20,60.2376,61.3955,59.9938,61.0037,1340779
2015-10-21,61.1952,61.5261,60.3943,60.4378,729196
2015-10-22,60.6119,61.0559,60.3507,60.995,1037417
2015-10-23,60.8209,60.9602,59.7152,59.7674,996995
2015-10-26,59.9677,60.0547,59.0187,59.6281,1253754
2015-10-27,59.5498,59.811,59.0884,59.602,777176
2015-10-28,59.602,60.0025,58.505,58.9926,1115319
2015-10-29,58.6618,58.8881,57.4777,58.7662,1180273
2015-10-30,58.7662,59.515,58.5573,59.3408,1775654
2015-11-02,58.9839,60.0721,57.8347,59.6804,2510701
2015-11-03,59.6543,60.8818,59.5062,60.3246,1968029
2015-11-04,60.2637,60.6119,59.7674,60.255,1343163
2015-11-05,60.2463,60.551,59.0535,59.2538,1178546
2015-11-06,58.1046,58.8098,56.9554,57.1556,2564540
2015-11-09,57.182,57.6583,56.547,57.4555,1364800
2015-11-10,57.5084,58.1787,57.1027,57.1997,1730154
2015-11-11,57.2967,58.5756,57.0762,58.2669,1949696
2015-11-12,58.0729,58.6462,57.6671,58.0376,1778611
2015-11-13,58.0905,58.4698,57.3232,57.4643,1091917
2015-11-16,57.5084,58.9902,57.2879,58.9461,1188711
2015-11-17,58.805,59.0255,57.5966,57.7201,1085836
2015-11-18,57.7201,58.311,56.8821,57.9229,1215803
2015-11-19,58.1964,58.3992,57.5657,58.0729,1408257
2015-11-20,58.5139,59.1578,58.3287,59.0431,1284238
2015-11-23,59.0078,59.3606,58.7079,58.805,922963
2015-11-24,58.4345,58.8226,58.2405,58.6374,1197074
2015-11-25,58.805,58.805,57.6848,58.3375,780954
2015-11-27,58.2846,58.5668,58.0641,58.364,403420
2015-11-30,58.3287,59.3077,58.2316,58.7697,1406496
2015-12-01,58.8932,59.934,57.7377,59.44,1280529
2015-12-02,59.2724,59.2724,57.5348,57.6054,1107484
2015-12-03,57.3055,57.5525,56.6087,56.7675,1130101
2015-12-04,56.988,58.214,56.6705,58.1523,1187284
2015-12-07,57.9847,58.8402,57.5525,58.8226,1470291
2015-12-08,58.6638,58.902,58.3507,58.7079,1330106
2015-12-09,58.4257,60.5337,58.3154,60.0134,2327967
2015-12-10,59.9516,60.0134,57.9141,57.9582,1787283
2015-12-11,57.5966,58.5315,57.4025,57.9141,1891809
2015-12-14,57.8965,58.0552,56.6264,57.7201,1943253
2015-12-15,57.7554,58.0332,57.3849,57.526,1814386
2015-12-16,57.8612,59.3077,57.6583,59.2107,2028216
2015-12-17,59.1842,59.687,58.5492,59.2989,1315741
2015-12-18,59.0167,59.3959,58.2758,58.4433,4695492
2015-12-21,58.7785,58.7873,58.0111,58.3728,1521771
2015-12-22,58.5492,59.8193,57.9847,59.6958,971141
2015-12-23,59.9075,60.8336,59.8899,60.6749,792384
2015-12-24,60.4896,60.8072,60.2515,60.5867,396340
2015-12-28,60.3221,60.9397,60.1545,60.7366,674006
2015-12-29,60.9748,61.2217,60.7631,61.0365,752046
2015-12-30,61.1071,61.2923,60.8425,61.0806,702114
2015-12-31,60.9571,60.9571,59.6692,60.2956,878085
2016-01-04,59.8987,60.5073,58.8932,60.4896,1351145
2016-01-05,60.3926,61.0012,59.1225,60.816,1440638
2016-01-06,60.4632,60.6131,59.8193,60.4279,1265706
2016-01-07,59.8987,60.5161,59.343,59.5723,1443630
2016-01-08,59.6076,60.2339,59.4224,59.5547,1351100
2016-01-11,59.7487,60.1456,59.1578,59.5812,1039442
2016-01-12,60.2162,60.4367,59.1401,60.3309,1890754
2016-01-13,60.5249,60.9307,59.7135,60.1545,1666318
2016-01-14,60.225,61.3805,59.7664,60.9483,1157761
2016-01-15,60.4985,60.4985,59.4665,60.0575,1576907
2016-01-19,60.7102,61.0718,60.1192,60.7454,1556643
2016-01-20,60.3485,60.7772,57.6671,58.7079,1515130
2016-01-21,58.7256,59.1666,57.8965,58.8138,1114739
2016-01-22,59.3254,60.7278,58.9549,60.622,1322435
2016-01-25,60.5514,60.622,59.2989,59.6076,985214
2016-01-26,59.9163,61.3364,59.881,60.5955,834486
2016-01-27,60.4985,61.7598,60.3221,61.3452,1179941
2016-01-28,61.2923,62.5448,60.9659,62.2361,907892
2016-01-29,62.8711,63.1269,62.0861,62.2537,1958094
2016-02-01,62.289,63.3474,62.042,63.1534,1208987
2016-02-02,62.7124,63.4533,62.3772,63.2769,1256626
2016-02-03,63.4445,65.235,63.3474,64.6969,1576347
2016-02-04,64.4941,65.6936,63.6738,63.7708,1363058
2016-02-05,63.5503,64.0883,62.7565,63.7002,1656147
2016-02-08,63.8325,64.4059,62.1038,63.0211,1748311
2016-02-09,62.4587,63.6459,62.173,63.146,1755745
2016-02-10,62.9943,64.1369,61.8963,63.7709,1456246
2016-02-11,63.3781,63.8334,62.6729,62.9675,1509379
2016-02-12,62.7711,63.0032,61.8963,62.8782,1279040
2016-02-16,63.1103,63.4674,62.3337,63.1728,1762627
2016-02-17,63.1817,63.5477,62.4319,63.387,1583115
2016-02-18,63.8691,65.9936,63.1997,65.5562,2388095
2016-02-19,65.8686,65.9837,64.2708,65.1456,2232575
2016-02-22,65.5651,66.2703,65.1813,66.065,1009499
2016-02-23,65.9489,66.2614,65.1456,65.6008,1321499
2016-02-24,65.5383,66.0561,64.9581,65.5651,1012273
2016-02-25,65.7347,66.3506,65.2794,66.2792,933496
2016-02-26,65.9043,66.5738,63.9583,64.0387,1271586
2016-02-29,64.119,65.2616,63.8512,64.4582,1273499
2016-03-01,64.8956,65.1545,64.2261,64.4493,1125948
2016-03-02,64.1458,65.3866,63.03,65.3598,1169776
2016-03-03,65.3419,65.4357,64.0744,65.2884,1153329
2016-03-04,64.9759,66.2971,64.4671,66.2257,1015265
2016-03-07,66.0561,66.5827,65.6811,66.0025,1185782
2016-03-08,66.0918,66.6541,65.4669,66.5649,1250076
2016-03-09,66.6006,67.761,66.5738,67.1719,1501277
2016-03-10,67.2254,67.9663,67.0915,67.8235,1575005
2016-03-11,68.0377,68.4841,67.6093,67.7699,1284902
2016-03-14,67.8592,68.6537,67.395,68.3234,1140374
2016-03-15,68.011,69.0197,67.9842,68.3948,865712
2016-03-16,68.2966,69.832,67.6718,69.6445,1263944
2016-03-17,69.7605,70.6621,69.3946,70.4657,1109510
2016-03-18,70.4479,70.7425,69.5374,69.5642,2410067
2016-03-21,69.216,70.2426,69.1535,69.9837,1289205
2016-03-22,69.948,70.3765,69.2785,69.3589,1168704
2016-03-23,69.4303,70.1979,69.1178,69.7516,884802
2016-03-24,69.4838,70.5104,69.2607,70.3765,846449
2016-03-28,70.4836,70.8139,69.6624,69.7784,837471
2016-03-29,69.9391,71.0906,69.5731,71.0638,899099
2016-03-30,70.9388,71.1352,70.3408,70.7246,788927
2016-03-31,70.7246,71.1575,70.4166,70.7692,1648282
2016-04-01,70.8228,71.4655,70.4657,71.3852,2389290
2016-04-04,71.3673,71.412,70.2604,70.4657,1417064
2016-04-05,70.2872,70.4211,68.7072,68.8143,2338778
2016-04-06,68.8143,69.0911,68.3502,68.9215,1477725
2016-04-07,68.6894,69.3946,68.5955,68.9036,1373418
2016-04-08,69.1803,69.7248,68.5644,68.6983,2005245
2016-04-11,68.8858,69.4481,68.4394,68.5733,1239024
2016-04-12,68.0645,68.6447,67.9395,68.3412,3132656
2016-04-13,68.6537,68.6537,67.8503,68.3323,1287519
2016-04-14,68.1449,68.5555,67.5289,67.6985,1419531
2016-04-15,67.6628,68.2698,67.4664,67.9485,1439347
2016-04-18,67.6628,68.1716,67.5736,68.0645,1602473
2016-04-19,68.243,68.4841,67.9842,68.2252,1847167
2016-04-20,68.1984,68.3502,66.4488,66.6184,1640159
2016-04-21,66.4488,66.4488,65.3866,65.6187,2245708
2016-04-22,65.9043,66.6006,65.815,66.3685,1463562
2016-04-25,66.3506,66.5916,65.7704,66.3149,1403914
2016-04-26,66.7255,67.395,65.9132,66.6006,2382858
2016-04-27,66.4845,66.9219,65.6633,66.6898,2131735
2016-04-28,66.0114,66.6059,65.6276,66.4399,1524539
2016-04-29,66.0739,67.1094,65.7168,67.1094,1660076
2016-05-02,67.2344,67.8414,67.1897,67.4486,1455821
2016-05-03,67.3147,68.3859,67.2076,68.3055,2208434
2016-05-04,68.2609,69.5374,68.0824,68.7251,1828617
2016-05-05,68.6715,69.4124,68.3412,68.6001,1599976
2016-05-06,68.4662,68.4662,67.5289,67.9842,1054478
2016-05-09,68.0467,68.4126,67.7432,68.3234,1438930
2016-05-10,68.3053,68.892,68.0255,68.6032,1537482
2016-05-11,68.7025,69.2576,68.0842,69.1358,1735436
2016-05-12,69.226,69.736,68.9011,69.5691,1284944
2016-05-13,69.3885,69.5871,68.8469,69.1448,1301291
2016-05-16,69.0184,69.217,68.3324,68.9823,1176836
2016-05-17,68.6844,69.1313,68.1157,68.4407,1637452
2016-05-18,67.9803,68.0165,65.9945,66.2292,2154405
2016-05-19,65.9584,67.1454,65.5973,67.0867,1278844
2016-05-20,67.3124,67.3756,66.6715,67.0686,2919937
2016-05-23,67.177,67.3665,66.4729,66.518,835713
2016-05-24,66.6534,66.9332,66.3916,66.8701,1276585
2016-05-25,66.843,67.4117,66.3736,67.195,926546
2016-05-26,67.1409,68.2873,67.1409,68.2241,817047
2016-05-27,68.1248,68.3595,67.8811,68.2873,698222
2016-05-31,68.1067,68.5942,67.9081,68.531,1224771
2016-06-01,68.4858,69.1719,68.206,69.1719,1513536
2016-06-02,68.8469,69.4246,68.4588,69.4066,1351533
2016-06-03,70.0746,71.0855,70.0114,70.6252,1574287
2016-06-06,71.1758,71.582,70.4085,70.7064,1139187
2016-06-07,70.6703,71.1758,70.6613,70.7877,1439767
2016-06-08,70.8057,71.1036,70.5349,70.9592,1173823
2016-06-09,70.8599,71.1894,70.1829,71.0224,2088821
2016-06-10,70.8057,71.4105,70.5891,70.9953,1636574
2016-06-13,71.1758,71.591,70.6793,70.7245,1430515
2016-06-14,70.8689,71.3744,70.553,71.3202,1437831
2016-06-15,71.2661,71.3022,70.3544,70.4808,1249760
2016-06-16,70.4356,71.0404,70.1738,70.8147,909860
2016-06-17,70.6342,71.1126,70.3183,70.9953,1558696
2016-06-20,71.0043,71.3022,70.1648,70.5078,1293598
2016-06-21,70.3995,70.7786,70.1107,70.3634,1167817
2016-06-22,70.4808,70.6974,70.21,70.3002,843241
2016-06-23,70.2822,70.6793,69.8399,70.6703,1001626
2016-06-24,70.0294,71.2841,69.9933,70.3995,1251575
2016-06-27,70.3634,71.3925,70.1378,71.23,1316138
2016-06-28,71.2841,71.4827,70.4898,71.4466,1118015
2016-06-29,71.7264,71.9431,70.9321,71.1668,1525662
2016-06-30,71.4556,73.4415,71.2029,73.4325,2122948
2016-07-01,73.5047,73.6943,72.7194,73.6672,1326739
2016-07-05,73.6491,73.929,73.3603,73.7755,998559
2016-07-06,73.7484,74.096,73.1888,74.0463,1109367
2016-07-07,73.929,74.0283,72.3673,72.6652,1139043
2016-07-08,72.4757,73.0443,71.8979,73.0082,1123502
2016-07-11,72.7645,73.1707,72.0785,73.1256,1006863
2016-07-12,72.6201,73.595,72.3312,73.1707,1623495
2016-07-13,73.5769,73.8568,72.8458,73.0443,1702469
2016-07-14,72.6472,72.8999,71.8077,72.0243,1407169
2016-07-15,72.1597,72.6743,72.0916,72.4666,973625
2016-07-18,72.3493,72.8097,72.3493,72.5569,616108
2016-07-19,72.5569,72.584,72.1146,72.5659,1071908
2016-07-20,72.6111,72.7555,72.0514,72.1778,789803
2016-07-21,71.9882,72.4305,71.573,72.4215,803901
2016-07-22,72.4486,73.7755,72.4035,73.7033,759696
2016-07-25,73.5408,73.7845,73.0624,73.5318,657236
2016-07-26,73.5408,73.5408,72.8006,73.0082,630190
2016-07-27,72.8728,73.0263,71.7174,72.3493,655710
2016-07-28,72.25,72.8187,72.1507,72.6833,638793
2016-07-29,72.6291,73.5498,72.5208,73.4686,1169263
2016-08-01,73.3783,73.6672,73.0443,73.3603,1266363
2016-08-02,73.929,74.0192,72.0965,72.5388,1532731
2016-08-03,72.8367,73.1707,72.1056,72.5118,1383042
2016-08-04,72.5118,73.0534,71.9882,72.2229,956178
2016-08-05,72.0965,72.25,71.5549,71.8438,1272518
2016-08-08,71.8889,72.5659,71.7174,71.9882,1191194
2016-08-09,71.9882,72.3349,71.6689,71.9517,1258577
2016-08-10,72.0429,72.3167,71.5548,71.897,1339082
2016-08-11,72.0064,72.49,71.8331,72.3258,1009376
2016-08-12,72.5539,72.9917,72.4991,72.5539,803058
2016-08-15,72.5721,72.7181,71.3404,71.3586,720287
2016-08-16,71.3313,71.3586,70.1634,70.5557,1290455
2016-08-17,70.6013,71.4681,69.8897,71.3313,1352766
2016-08-18,71.1305,72.3532,71.0393,72.3349,1027632
2016-08-19,72.0156,72.2345,70.8659,71.1579,1066341
2016-08-22,71.6962,72.2893,71.386,72.0338,839388
2016-08-23,72.3075,72.7546,71.9791,71.9973,620534
2016-08-24,71.824,72.1021,71.3039,71.9243,643931
2016-08-25,71.9608,72.3532,71.7692,72.1524,620038
2016-08-26,72.1433,72.6634,70.4326,70.4919,737028
2016-08-29,70.7108,71.4864,70.6935,71.4681,852358
2016-08-30,71.3221,71.7783,70.7747,70.9024,664610
2016-08-31,70.9572,71.4134,70.7108,71.3495,1700975
2016-09-01,71.3039,71.5776,70.7382,70.8477,1586640
2016-09-02,70.9754,72.1159,70.9572,72.0521,883075
2016-09-06,72.4353,72.8869,72.0977,72.5995,1004916
2016-09-07,72.417,73.2838,72.0156,73.2382,1287409
2016-09-08,72.9462,74.1962,72.9462,73.7035,1855793
2016-09-09,73.2929,73.2929,70.6926,70.7656,1188637
2016-09-12,70.501,71.9517,70.501,71.7236,1183891
2016-09-13,71.3951,71.5776,69.8076,70.1543,1467141
2016-09-14,70.4006,70.9937,69.8349,70.1999,1273241
2016-09-15,70.1087,70.9389,69.8988,70.8294,681922
2016-09-16,70.5831,71.678,70.3915,71.5959,1407811
2016-09-19,71.8878,72.3349,71.678,72.2072,959728
2016-09-20,72.5356,72.782,72.2209,72.3075,1060789
2016-09-21,72.3075,73.9042,72.3075,73.8769,953107
2016-09-22,74.2874,74.6433,73.9772,74.5703,1032231
2016-09-23,74.4243,74.6615,74.0228,74.2966,1095226
2016-09-26,74.3878,74.4152,73.8312,73.886,1102693
2016-09-27,74.178,74.5612,72.5539,72.6269,1066776
2016-09-28,72.9736,73.0557,71.8148,72.0064,1936365
2016-09-29,71.7601,71.7601,70.4827,70.5557,1960359
2016-09-30,70.7747,71.1305,69.3331,70.0083,1753507
2016-10-03,69.8532,69.8532,68.7172,69.1233,1628281
2016-10-04,68.9225,68.9317,67.1342,67.5357,1969162
2016-10-05,67.5904,68.3021,66.8651,66.9244,2578344
2016-10-06,66.7145,67.8824,66.1124,67.3441,1698204
2016-10-07,67.7638,68.2017,66.71,66.7237,1952013
2016-10-10,66.9426,67.4992,66.824,67.4171,1444138
2016-10-11,67.4171,67.6452,66.824,66.8696,1517282
2016-10-12,66.897,67.6495,66.8331,67.5722,1895356
2016-10-13,67.6087,68.8952,67.4445,68.3204,1781194
2016-10-14,68.0558,68.4481,67.5631,67.6634,1118736
2016-10-17,67.5539,68.3021,67.5174,68.1014,1236736
2016-10-18,68.5211,68.8313,67.6269,68.366,944638
2016-10-19,68.4755,68.5439,67.8003,68.3295,958489
2016-10-20,68.2109,68.4937,67.8413,67.9828,782328
2016-10-21,67.6361,68.1014,67.4262,67.6726,976101
2016-10-24,67.5631,67.9554,67.0156,67.5813,1153716
2016-10-25,67.0704,67.2802,66.0941,66.1306,2218357
2016-10-26,66.012,66.1762,65.0084,65.9481,1846484
2016-10-27,65.2821,65.6562,64.689,65.5832,2170163
2016-10-28,65.7291,66.3405,65.4646,66.0211,1544256
2016-10-31,66.231,67.4353,66.0667,67.2255,2040757
2016-11-01,67.0977,67.2529,65.4281,65.6288,1920363
2016-11-02,65.4828,65.5375,64.7666,65.1635,1665304
2016-11-03,65.0722,65.4737,64.8624,65.1361,1395213
2016-11-04,65.4189,66.1032,64.5795,64.616,1229577
2016-11-07,64.9171,65.3003,64.3104,65.2456,1752554
2016-11-08,65.3933,66.4879,65.3841,66.2523,1758126
2016-11-09,64.9869,65.4026,63.5184,63.5923,1696316
2016-11-10,63.269,63.9987,61.6157,62.6871,2943356
2016-11-11,62.6963,63.3152,61.9944,62.2622,1134160
2016-11-14,62.0221,63.0935,61.6351,62.8349,2131904
2016-11-15,63.1212,63.5553,62.5208,63.3891,1824700
2016-11-16,63.4445,63.6154,62.4192,62.918,1045819
2016-11-17,62.7425,63.3687,62.5855,62.9734,1205198
2016-11-18,62.8903,63.2043,62.2484,62.6502,1298358
2016-11-21,62.9642,63.3179,62.7518,63.1951,1447516
2016-11-22,62.8903,63.7585,62.4008,63.1859,2100146
2016-11-23,62.7518,63.3244,62.6132,62.918,1162025
2016-11-25,63.1027,64.4328,63.1027,64.2203,740274
2016-11-28,64.4051,65.4257,64.3496,65.1901,1314039
2016-11-29,64.9408,66.0399,64.9038,65.9475,1857144
2016-11-30,65.2548,65.2548,63.463,63.4814,2280607
2016-12-01,63.112,63.6846,62.7979,63.62,1992730
2016-12-02,64.0633,64.7745,63.6107,63.9894,2052370
2016-12-05,63.7123,64.1003,62.6594,64.0818,1922432
2016-12-06,64.2388,64.2573,63.6107,63.971,1114967
2016-12-07,64.1834,65.1024,64.1834,65.0608,1137657
2016-12-08,64.5436,65.2825,64.2019,65.0331,1673709
2016-12-09,64.793,65.4118,64.6914,65.3564,1002061
2016-12-12,65.1532,66.1969,65.0054,66.0953,1457471
2016-12-13,66.3816,67.2314,66.2893,67.176,1276450
2016-12-14,67.5824,68.155,66.1323,66.1969,1757075
2016-12-15,65.9845,67.0624,65.7443,66.8619,1460494
2016-12-16,66.7141,67.6378,66.7141,67.5824,4669533
2016-12-19,67.8872,67.9241,66.9728,67.5916,1077920
2016-12-20,67.4346,68.0349,67.2729,67.6378,1127580
2016-12-21,67.647,68.0165,67.3145,67.333,965819
2016-12-22,67.296,67.804,67.2591,67.5916,1226408
2016-12-23,67.5824,67.7209,67.1298,67.3237,703983
2016-12-27,67.2314,67.6932,66.9358,67.4346,769864
2016-12-28,67.4808,67.4808,66.3909,66.4925,768726
2016-12-29,66.8435,67.9703,66.7465,67.8872,870423
2016-12-30,68.0257,68.1088,67.5916,67.8595,971074
2017-01-03,67.8872,68.0349,66.8712,67.3699,1263069
2017-01-04,67.5916,68.0719,67.3792,67.6655,1251210
2017-01-05,67.5824,67.804,66.8435,67.4253,2304422
2017-01-06,67.1852,68.2474,66.7511,67.647,2516141
2017-01-09,67.8133,67.9518,65.6058,65.6612,2162882
2017-01-10,65.9383,66.16,65.4765,65.7997,1515336
2017-01-11,66.0029,66.4463,65.8921,66.2246,1114980
2017-01-12,66.1138,66.4925,65.8644,66.3447,959548
2017-01-13,66.3816,66.4555,65.8921,66.1138,726642
2017-01-17,66.4463,67.0928,66.3539,66.631,1323286
2017-01-18,66.5756,66.9912,66.2939,66.4001,1217777
2017-01-19,66.2985,66.2985,65.5411,65.652,1260268
2017-01-20,65.7813,66.0399,65.1347,65.7351,961945
2017-01-23,65.8829,65.9383,65.2271,65.2825,787483
2017-01-24,65.3564,65.6427,65.0054,65.0608,1267695
2017-01-25,64.8761,65.2179,64.7191,65.1901,1211504
2017-01-26,65.3102,65.495,64.7837,65.144,828928
2017-01-27,65.4026,65.5781,64.8761,65.1624,916381
2017-01-30,65.4672,65.4672,64.6729,65.2179,1053946
2017-01-31,65.2179,66.4831,65.144,66.1692,2035944
2017-02-01,65.7259,66.1877,64.7468,65.3195,1329916
2017-02-02,65.3841,66.0029,65.0239,65.9845,1414693
2017-02-03,66.16,66.6033,66.0122,66.3355,936714
2017-02-06,66.4925,66.6772,66.1507,66.1969,1323378
2017-02-07,66.3933,66.5148,65.8229,66.0847,1048575
2017-02-08,66.1502,66.7953,66.1128,66.7579,943020
2017-02-09,66.6364,66.8608,66.0553,66.3839,1178785
2017-02-10,66.2904,67.0384,66.1689,66.9729,1023696
2017-02-13,67.0103,67.3189,66.8327,67.2815,778875
2017-02-14,67.0197,67.1412,65.9912,66.1876,1483252
2017-02-15,66.3465,67.1412,65.103,66.1689,1791263
2017-02-16,66.2624,68.1136,66.1629,68.0388,2363659
2017-02-17,68.2539,68.8803,68.123,68.7681,1711276
2017-02-21,68.5344,69.287,68.1697,69.1047,1225589
2017-02-22,68.9551,69.1795,68.3427,68.9177,1669960
2017-02-23,69.245,70.4417,69.0954,70.2547,1090463
2017-02-24,70.6287,70.9279,70.2267,70.8718,1259320
2017-02-27,70.8625,70.9279,70.2921,70.5726,1392559
2017-02-28,70.4791,71.7975,70.4511,71.6759,1900247
2017-03-01,70.9186,71.7133,70.5913,70.6661,1865353
2017-03-02,70.4698,71.2552,70.0958,70.6287,2009916
2017-03-03,70.7129,70.7877,70.0116,70.4791,1038580
2017-03-06,70.4324,70.5633,69.8901,70.0958,1366020
2017-03-07,70.0023,70.3763,69.9649,70.1238,1481844
2017-03-08,69.3385,69.7686,68.4876,68.525,2033767
2017-03-09,68.4876,68.8897,68.0529,68.3941,1879348
2017-03-10,68.871,68.9925,68.497,68.8242,971545
2017-03-13,68.7775,69.273,68.6746,69.2637,1355788
2017-03-14,69.2356,69.5068,68.9364,69.058,927403
2017-03-15,69.3104,70.5633,69.058,70.2921,1325488
2017-03-16,70.4324,70.5913,69.8621,70.0771,1543801
2017-03-17,69.8995,70.8438,69.8995,70.5072,2548430
2017-03-20,70.6287,70.769,69.9275,70.3108,1358244
2017-03-21,70.2641,70.9934,70.1566,70.8344,2043209
2017-03-22,71.0775,72.4707,71.0775,71.545,2513002
2017-03-23,71.3674,71.9845,71.1617,71.6479,1374990
2017-03-24,71.1056,72.0733,71.1056,71.8162,1293805
2017-03-27,72.0686,72.3359,71.1056,71.5076,1150924
2017-03-28,71.2926,71.5918,71.0588,71.5357,808653
2017-03-29,71.3674,71.5824,70.9279,71.2365,579312
2017-03-30,71.2365,71.2365,70.6007,70.9186,707825
2017-03-31,70.9373,71.358,70.8718,71.0214,826776
2017-04-03,70.8718,70.8718,70.3202,70.769,1045969
2017-04-04,70.769,71.2552,70.3763,70.8812,1199631
2017-04-05,70.8625,71.3019,70.5539,71.1804,2553636
2017-04-06,70.8718,71.1243,70.4978,70.9466,1079450
2017-04-07,71.0401,71.4796,70.8344,71.0121,1580335
2017-04-10,71.0401,71.1149,70.6007,70.9186,742003
2017-04-11,71.0775,71.7881,70.6661,71.6198,1129207
2017-04-12,71.3767,72.0967,71.1336,72.0686,1179926
2017-04-13,72.0125,72.1434,71.4889,71.9845,1415895
2017-04-17,72.1247,72.3727,71.9564,72.1154,610541
2017-04-18,72.0406,72.3678,71.7881,71.891,1062571
2017-04-19,71.919,71.9845,71.1056,71.3954,972326
2017-04-20,71.33,71.3721,70.5236,70.8718,737133
2017-04-21,70.9186,71.6292,70.9186,71.4422,1076481
2017-04-24,71.6479,71.7974,70.8625,71.4889,2042410
2017-04-25,71.4048,71.7975,71.0121,71.7227,1555047
2017-04-26,71.2926,71.6198,70.8157,71.0495,1377456
2017-04-27,70.956,72.1528,70.956,71.6946,1333658
2017-04-28,71.8442,71.891,70.9934,71.3019,1344374
2017-05-01,71.3674,71.4695,70.7409,70.8718,894811
2017-05-02,70.9373,71.3206,70.6007,71.3019,1053121
2017-05-03,71.1804,71.7601,70.8531,71.4702,1058903
2017-05-04,71.3487,71.7507,71.2692,71.5824,1171662
2017-05-05,71.7694,72.3865,71.7694,72.3304,858049
2017-05-08,72.3117,72.3398,71.8673,72.1247,1240750
2017-05-09,71.9167,72.1521,71.0845,71.1412,922888
2017-05-10,71.2263,71.633,71.0107,71.5668,1183145
2017-05-11,71.2547,71.6046,70.8859,71.2831,1227347
2017-05-12,71.2925,71.7654,71.2547,71.5857,972212
2017-05-15,71.5384,72.2949,71.425,71.6802,1003960
2017-05-16,71.6802,71.8505,71.0372,71.0561,707428
2017-05-17,71.075,71.7843,70.9332,71.2831,1127504
2017-05-18,71.3966,71.841,70.8102,71.6519,987867
2017-05-19,71.7464,71.7748,71.0467,71.5762,1108242
2017-05-22,71.4344,72.4746,71.3776,72.2098,1483475
2017-05-23,72.2287,72.8339,72.1483,72.3989,780798
2017-05-24,72.38,72.9001,72.2665,72.8339,822958
2017-05-25,73.0042,73.8694,72.5975,73.6283,1358457
2017-05-26,73.7512,73.8269,73.3162,73.4297,1065925
2017-05-30,73.4675,74.3186,73.3351,73.9876,1040625
2017-05-31,74.0917,75.1602,73.808,74.7631,2183658
2017-06-01,74.6496,75.652,74.243,75.529,1684251
2017-06-02,75.7655,76.191,75.6236,75.8789,976042
2017-06-05,75.8316,75.9073,75.4439,75.7749,1183200
2017-06-06,75.9073,75.9451,75.5149,75.6803,992004
2017-06-07,75.7276,76.2288,75.6425,76.0775,1218383
2017-06-08,75.8884,75.9357,74.5881,74.9995,1486825
2017-06-09,74.8482,75.1792,74.3186,74.9711,1105707
2017-06-12,74.9711,75.5763,74.3659,74.8482,1149571
2017-06-13,74.886,75.2737,74.5739,75.0657,789363
2017-06-14,75.3966,75.6614,74.9806,75.1035,1010125
2017-06-15,75.0657,75.7655,74.6685,75.6803,882716
2017-06-16,75.8222,75.8411,75.1602,75.6614,2052499
2017-06-19,75.7371,75.7371,74.9427,75.1792,700350
2017-06-20,75.217,75.5385,75.0278,75.4061,583582
2017-06-21,75.5952,75.5952,74.5739,75.0562,723137
2017-06-22,75.1319,75.4156,74.8387,74.886,691965
2017-06-23,74.886,75.3353,74.6685,74.6969,1033079
2017-06-26,74.9427,75.6425,74.6874,75.4345,747396
2017-06-27,75.0089,75.2926,73.8647,73.8836,911114
2017-06-28,74.2902,74.4132,73.5715,73.5999,901540
2017-06-29,72.9474,73.1356,72.3611,72.7015,865713
2017-06-30,72.9569,73.25,72.5692,72.5975,1298512
2017-07-03,72.8718,72.8812,72.2382,72.3138,529268
2017-07-05,72.3517,72.38,71.6802,71.8315,1045771
2017-07-06,71.737,71.9167,71.3114,71.4155,892991
2017-07-07,71.4155,72.0018,71.2878,71.6708,907816
2017-07-10,71.6141,72.1058,71.2074,71.2169,1142375
2017-07-11,71.3304,71.4438,70.763,71.0939,1134514
2017-07-12,71.7937,71.945,71.4438,71.5762,664249
2017-07-13,71.4155,71.51,70.8859,70.9805,888730
2017-07-14,71.4911,71.7181,71.302,71.3871,524256
2017-07-17,71.4155,71.6802,71.1412,71.5006,1176764
2017-07-18,71.6519,71.7559,71.3682,71.5289,730946
2017-07-19,71.6519,71.8505,71.3729,71.7748,718515
2017-07-20,71.8694,72.4368,71.4438,72.3138,1280844
2017-07-21,72.3611,72.9947,72.3044,72.9852,1018974
2017-07-24,72.711,72.9852,72.049,72.1625,718071
2017-07-25,72.1152,72.1814,71.1696,71.3209,891880
2017-07-26,71.1601,71.7086,71.075,71.5289,739752
2017-07-27,71.3114,72.0112,71.1885,72.0112,745826
2017-07-28,72.0207,72.3044,71.6424,72.1058,821855
2017-07-31,72.0963,72.7015,71.8694,72.5502,1699164
2017-08-01,72.3895,72.7205,71.841,72.7015,1068056
2017-08-02,72.8718,73.4581,71.9167,72.3706,1674972
2017-08-03,72.6164,73.0136,72.3327,72.6826,1120705
2017-08-04,72.3895,72.7205,71.841,72.7015,1068056
2017-08-07,72.6448,72.7772,72.3233,72.4273,1300616
2017-08-08,72.4751,74.1299,72.4369,74.1299,1747405
2017-08-09,74.2638,74.2925,73.4508,73.4699,1073115
2017-08-10,73.3934,73.6612,72.9821,73.4986,1241079
2017-08-11,73.6421,73.6421,72.6664,72.8864,807408
2017-08-14,73.0969,73.9099,72.7621,73.6995,670936
2017-08-15,73.2021,74.2255,73.0586,74.1968,1016211
2017-08-16,74.1682,74.8281,73.9864,74.7229,984129
2017-08-17,74.7612,74.9334,74.1203,74.1777,612303
2017-08-18,74.1203,74.6655,73.9386,74.4551,875719
2017-08-21,74.4742,75.0003,74.2829,74.8473,1480426
2017-08-22,74.8281,75.2634,74.6273,75.1821,1182508
2017-08-23,75.0768,75.7655,74.9716,75.7273,930939
2017-08-24,75.6125,75.8899,75.316,75.5551,889980
2017-08-25,75.909,76.6838,75.6728,76.3777,932219
2017-08-28,76.5212,76.5355,76.0047,76.3681,786728
2017-08-29,76.6264,76.7316,76.129,76.3777,995923
2017-08-30,76.2629,76.4064,75.8707,75.9281,636461
2017-08-31,76.0142,76.2342,75.6794,75.7273,1125638
2017-09-01,75.9186,76.1003,75.4977,75.8134,954671
2017-09-05,75.9473,76.349,75.6029,76.3203,882724
2017-09-06,76.4447,76.4542,75.2299,75.3064,1737686
2017-09-07,75.4308,76.0047,75.3638,75.7751,745474
2017-09-08,75.8516,76.4829,75.5503,76.3394,744491
2017-09-11,76.3012,76.9899,76.0477,76.8464,970600
2017-09-12,76.8368,76.9707,75.3542,75.6029,843091
2017-09-13,75.5551,75.5551,74.7708,74.8281,1229959
2017-09-14,74.7038,75.8421,74.5412,75.6986,854022
2017-09-15,75.5838,75.9473,75.1342,75.4403,1513207
2017-09-18,75.5551,75.6508,74.436,74.9621,851270
2017-09-19,75.0386,75.2108,74.3355,74.656,772411
2017-09-20,74.8951,75.0003,73.9864,74.4168,1661783
2017-09-21,75.1438,75.909,74.4934,74.5699,1088110
2017-09-22,74.7995,75.0673,73.2308,73.4125,880092
2017-09-25,73.5177,74.4073,73.4125,74.3786,923386
2017-09-26,74.369,74.546,74.0247,74.0821,756933
2017-09-27,73.6038,73.7473,72.7334,73.1351,1076316
2017-09-28,73.0203,73.4412,72.676,73.0203,843158
2017-09-29,72.9629,73.2786,72.6951,73.0395,1149643
2017-10-02,73.3073,73.556,72.9247,73.0969,961229
2017-10-03,73.1542,73.1542,71.7482,72.389,997402
2017-10-04,72.1786,75.0338,71.9777,75.0003,2598620
2017-10-05,74.9908,75.8803,74.4264,75.6508,1676854
2017-10-06,75.0768,75.7942,74.2542,75.2299,1925394
2017-10-09,75.3925,75.7607,75.2873,75.4308,1122906
2017-10-10,75.6125,76.3394,75.1916,76.1768,1015353
2017-10-11,76.0716,77.2194,76.0525,76.856,1642215
2017-10-12,76.8273,78.262,76.5212,78.2429,1392167
2017-10-13,78.4342,79.2281,78.3099,78.7116,1523198
2017-10-16,78.9507,80.2994,78.6925,79.7829,2092917
2017-10-17,79.8212,80.9211,79.7638,80.9211,1559887
2017-10-18,80.2994,81.0933,80.2994,80.9785,1421186
2017-10-19,81.3038,81.7151,80.859,81.6481,1516121
2017-10-20,81.5429,81.9924,81.2655,81.9351,1617487
2017-10-23,82.2029,82.2507,81.5142,81.5238,1725587
2017-10-24,81.9255,82.6429,80.9977,82.2411,1796695
2017-10-25,82.375,82.729,80.7011,82.6046,1203398
2017-10-26,82.9968,83.2168,82.3655,82.4324,1012807
2017-10-27,82.3942,83.0637,82.136,82.9968,1142415
2017-10-30,82.9298,82.9298,82.2794,82.6333,1146722
2017-10-31,82.442,82.8724,82.2985,82.509,979249
2017-11-01,82.5664,82.6046,81.5333,81.9446,1368664
2017-11-02,82.1646,82.9777,81.5716,82.8724,2217076
2017-11-03,82.7194,84.0298,82.5472,83.2168,1062341
2017-11-06,83.1498,83.4846,82.4898,82.6046,956047
2017-11-07,82.595,83.2837,82.289,83.0733,911719
2017-11-08,82.938,83.5846,82.7254,83.3439,1937939
2017-11-09,83.0733,83.6918,82.7448,83.5179,1282080
2017-11-10,83.0637,83.3923,82.2422,82.2712,1196622
2017-11-13,82.3679,83.7788,82.3679,83.7305,1476054
2017-11-14,83.5179,84.5616,83.2956,84.4843,1219673
2017-11-15,84.5616,84.9965,83.3826,83.5276,1581441
2017-11-16,83.3633,83.5855,82.9187,83.0154,875348
2017-11-17,82.7834,84.291,82.7834,83.6049,1216439
2017-11-20,83.6049,83.6049,82.3679,82.7738,1007723
2017-11-21,82.8414,83.2183,82.6191,82.7351,788488
2017-11-22,82.6481,82.8366,82.0006,82.6385,572538
2017-11-24,82.6771,83.0347,82.4065,82.5032,235103
2017-11-27,82.7254,83.4792,82.3872,83.1893,1463578
2017-11-28,83.5566,83.8851,83.228,83.4406,1218178
2017-11-29,83.1217,83.4599,82.5901,83.257,831648
2017-11-30,83.3343,83.8465,82.8704,83.5759,1405060
2017-12-01,83.9045,84.1654,82.2519,82.6481,1319732
2017-12-04,82.8124,82.8559,81.2371,81.5367,2665858
2017-12-05,81.7107,81.7493,79.9905,80.3384,1701765
2017-12-06,80.58,81.0052,80.2127,80.7829,1148476
2017-12-07,80.7249,80.9086,80.2127,80.8892,801164
2017-12-08,80.7346,81.4449,80.4833,81.2178,944958
2017-12-11,81.0245,81.788,80.8409,81.7397,2303628
2017-12-12,81.904,82.3679,80.3384,80.464,1540970
2017-12-13,80.5607,80.9859,80.1838,80.522,1228513
2017-12-14,79.6039,80.4543,79.1014,79.8842,1288603
2017-12-15,80.319,81.2661,80.1548,80.9859,4644377
2017-12-18,81.1405,81.2661,79.5556,79.9132,1789030
2017-12-19,79.6232,80.0871,78.2509,78.3089,1702625
2017-12-20,78.048,78.5505,77.4874,77.5068,978310
2017-12-21,77.1444,78.0866,76.9849,77.4295,978724
2017-12-22,77.5454,78.1253,77.4729,77.6131,1164611
2017-12-26,77.8257,78.1349,77.1395,77.2168,634836
2017-12-27,77.2845,77.9127,77.1241,77.7967,1021727
2017-12-28,78.0383,78.4442,77.7677,78.4345,790609
2017-12-29,78.7148,78.8598,78.3773,78.6568,777111
2018-01-02,78.9661,79.8552,78.1833,79.8262,1813171
2018-01-03,79.5556,80.1741,78.7824,78.9467,1474880
2018-01-04,78.7921,79.0144,77.729,77.8354,1095264
2018-01-05,77.9707,78.1929,77.0042,77.2362,1328504
2018-01-08,77.4005,78.1639,77.2893,78.1253,1110989
2018-01-09,78.0286,78.2992,77.1395,77.4295,938233
2018-01-10,77.0719,77.2265,76.3471,76.8109,981308
2018-01-11,76.6177,77.2168,76.3036,76.5114,1483632
2018-01-12,76.0958,76.5404,75.5643,75.5933,998700
2018-01-16,75.7576,75.9508,74.2789,75.0617,1352420
2018-01-17,75.3807,76.0765,75.168,75.8735,1347579
2018-01-18,75.9025,75.9677,74.7621,75.1777,1069089
2018-01-19,75.3323,75.6899,74.1823,74.4046,1382694
2018-01-22,74.8974,75.2357,74.076,74.2499,1348141
2018-01-23,74.3852,75.7672,74.2886,75.0521,1321203
2018-01-24,75.0134,75.0617,74.0373,74.1243,1945725
2018-01-25,74.1243,75.4773,73.9796,75.458,1061739
2018-01-26,75.6609,75.8929,74.8491,75.6609,1370052
2018-01-29,75.3807,75.5208,74.1436,74.2499,1055213
2018-01-30,74.2306,75.7431,74.2306,75.284,1786171
2018-01-31,75.255,76.1634,74.3273,76.0475,1632272
2018-02-01,75.8349,76.3277,74.2016,74.5302,1843430
2018-02-02,74.163,74.8588,73.3512,73.4285,1209803
2018-02-05,73.3222,74.0663,71.8919,71.9112,1697217
2018-02-06,71.1671,71.8532,69.5338,71.283,2439251
2018-02-07,71.2048,72.8384,71.0287,71.1852,1759927
2018-02-08,70.9896,72.0949,70.4222,70.4515,1572721
2018-02-09,70.7548,73.2297,70.5689,72.5156,1616980
2018-02-12,72.633,73.3666,71.821,73.0047,1249783
2018-02-13,72.9362,73.6405,72.046,73.4155,757855
2018-02-14,72.9069,73.2884,72.1243,72.3688,821031
2018-02-15,72.6721,74.7361,72.2417,74.6481,1626899
2018-02-16,74.5796,75.3231,74.5796,75.0492,1349620
2018-02-20,74.5894,75.0394,73.2101,73.7873,905033
2018-02-21,73.7775,74.3938,72.809,72.8188,1197966
2018-02-22,73.0732,74.1786,72.6819,73.396,1797459
2018-02-23,73.1808,76.1643,71.9482,76.047,2000542
2018-02-26,76.2622,76.3013,74.8829,75.2742,1118804
2018-02-27,75.3231,76.6535,74.3644,74.384,1873686
2018-02-28,74.7361,75.0416,74.1492,74.1688,1782260
2018-03-01,74.2177,75.5481,73.9242,74.2275,1797949
2018-03-02,74.159,75.1372,74.0123,74.8731,1660416
2018-03-05,74.7948,77.1328,74.3938,76.8589,1493560
2018-03-06,76.673,76.673,75.5187,76.0274,1452107
2018-03-07,75.7241,76.0274,74.5698,75.0883,1456628
2018-03-08,75.3622,75.3622,74.5698,74.9905,1437256
2018-03-09,75.147,75.2742,74.5307,75.1079,1600000
2018-03-12,75.2448,75.6165,74.922,75.5481,1054033
2018-03-13,75.7046,76.4872,75.1763,75.4111,826614
2018-03-14,75.6557,76.2121,75.3916,75.8122,998519
2018-03-15,75.8415,76.7073,75.5089,75.8415,1087095
2018-03-16,76.0959,77.2893,75.9589,77.1621,3495548
2018-03-19,77.1621,77.5143,76.4578,76.8295,1325366
2018-03-20,76.6535,77.2893,76.5067,77.0447,1520115
2018-03-21,77.035,77.2795,75.7633,76.5459,1172084
2018-03-22,76.6437,78.4045,76.2338,76.6437,1174969
2018-03-23,76.9078,77.4263,75.5089,75.6655,831670
2018-03-26,75.7926,76.5654,75.6165,76.4383,748508
2018-03-27,76.5165,78.3653,76.223,77.5632,1038526
2018-03-28,77.8371,78.3067,76.9371,77.2795,1299900
2018-03-29,77.4849,77.9643,77.0447,77.0643,1301651
2018-04-02,77.2404,78.1492,76.5752,77.1719,1222519
2018-04-03,77.0154,78.0034,76.7219,77.4654,1175225
2018-04-04,77.4752,78.2969,76.9274,77.5143,1156056
2018-04-05,77.5339,78.2186,76.1937,78.023,1311932
2018-04-06,78.2773,78.2773,77.0447,77.26,1041057
2018-04-09,77.2795,77.886,77.0252,77.2404,928172
2018-04-10,77.4458,77.9643,76.6143,76.8002,1497202
2018-04-11,76.7513,77.1621,76.4578,76.7415,753440
2018-04-12,76.8687,77.1007,75.4698,75.6655,709943
2018-04-13,75.8122,77.0545,75.8122,76.9371,1360652
2018-04-16,77.2208,78.0914,77.1034,77.8958,1255781
2018-04-17,77.8665,78.649,77.4458,78.4045,1247755
2018-04-18,78.561,78.8393,77.7589,77.8273,1457906
2018-04-19,77.7686,78.6099,77.2893,78.2773,1896901
2018-04-20,78.2675,78.3849,76.9078,77.26,1416409
2018-04-23,77.6023,78.0034,77.1426,77.5241,879397
2018-04-24,77.7686,79.1284,77.6512,78.3556,1386613
2018-04-25,77.6512,78.4045,76.5067,77.6904,1221633
2018-04-26,77.9056,79.5588,77.5339,79.5197,1715539
2018-04-27,79.3142,80.625,79.1773,80.3218,1949921
2018-04-30,80.3707,80.6442,79.7936,79.8131,1061438
2018-05-01,79.8425,80.0479,79.2262,79.461,935926
2018-05-02,79.2849,79.9403,79.0599,79.8327,1926989
2018-05-03,79.7251,80.8305,79.0599,80.5566,1596679
2018-05-04,80.5272,80.8207,80.2435,80.4098,972854
2018-05-07,80.3903,80.625,79.6175,79.774,917772
2018-05-08,79.1675,79.1968,77.2208,77.6708,1539068
2018-05-09,77.7994,78.0487,76.7409,77.186,1025270
2018-05-10,77.7796,78.2149,77.1959,78.116,727249
2018-05-11,78.304,78.3732,77.8291,78.0072,493225
2018-05-14,78.2149,78.2842,77.2751,77.7104,1228099
2018-05-15,77.3245,77.5422,76.266,76.7211,1015744
2018-05-16,76.8398,76.9387,75.7614,76.1473,894820
2018-05-17,76.1671,76.3253,75.2074,75.4449,1292529
2018-05-18,75.4844,75.6922,74.6435,75.3261,1012942
2018-05-21,75.613,75.6625,74.97,75.435,877697
2018-05-22,75.7417,76.266,75.2767,75.8604,989234
2018-05-23,76.0978,77.9478,75.9692,77.8983,1958781
2018-05-24,77.6807,78.6997,77.3542,78.6304,1252780
2018-05-25,78.6304,79.3032,78.6304,78.8778,1128167
2018-05-29,78.7195,79.6,78.393,78.7689,1607544
2018-05-30,78.6601,79.5505,78.3386,79.4615,1981992
2018-05-31,79.5505,80.2628,79.0361,80.0452,1740695
2018-06-01,79.8176,79.9165,78.7492,79.2537,1599104
2018-06-04,79.5109,79.6692,77.4136,77.4631,1651624
2018-06-05,77.4532,77.7796,76.7507,76.8794,1226615
2018-06-06,76.8794,77.008,75.4152,75.5834,877292
2018-06-07,75.0788,76.3847,75.0195,75.8109,5445749
2018-06-08,76.0088,76.2165,75.2173,76.0681,2166521
2018-06-11,76.0483,76.2363,75.0986,75.2371,3538450
2018-06-12,75.2866,76.3451,75.2371,76.1572,4268281
2018-06-13,76.1572,76.6914,75.4152,75.4943,1998602
2018-06-14,75.6625,76.1769,75.3855,75.89,1965984
2018-06-15,75.9098,77.4235,75.3558,77.374,2890294
2018-06-18,77.1663,78.1951,76.9684,77.562,3414826
2018-06-19,77.7994,79.1449,77.7994,79.1251,2606899
2018-06-20,79.1449,79.5406,78.6304,79.3922,3330876
2018-06-21,79.3328,79.9561,78.7294,78.9866,1844358
2018-06-22,79.3724,79.8572,78.8481,79.3526,2309335
2018-06-25,79.5406,80.3321,79.3328,80.154,2770299
2018-06-26,79.9462,80.8663,79.8176,80.0353,1613149
2018-06-27,80.0353,81.0345,79.9225,80.8663,1641021
2018-06-28,80.8366,81.262,80.2034,80.3914,3017574
2018-06-29,80.0847,80.3222,79.3526,79.9264,1988749
2018-07-02,80.2232,80.5893,79.6296,80.5596,1652071
2018-07-03,80.431,81.0641,80.1936,80.5101,574709
2018-07-05,80.6684,81.1235,80.1936,81.0839,1981960
2018-07-06,81.0641,81.8952,80.8861,81.6775,1224084
2018-07-09,81.7764,81.7764,79.0064,79.2933,1994261
2018-07-10,79.2933,80.4508,78.6997,80.0649,1222300
2018-07-11,80.1936,81.5291,80.0847,81.3313,1810035
2018-07-12,81.0345,81.5786,80.8564,81.3016,2107464
2018-07-13,81.0938,81.4895,80.6783,81.0147,1253869
2018-07-16,80.9157,81.1243,80.2925,80.9355,1224048
2018-07-17,81.0839,81.262,80.797,80.8267,921075
2018-07-18,80.8762,80.9553,79.4318,79.6791,2432156
2018-07-19,79.8473,80.6387,79.7879,80.1342,1293216
2018-07-20,80.154,80.3024,79.1548,79.6494,2501338
2018-07-23,79.7484,79.9957,78.3139,78.5612,1182987
2018-07-24,78.2743,78.2743,76.7606,78.1358,2224464
2018-07-25,78.0566,78.7096,77.8687,78.4029,1146203
2018-07-26,78.7393,80.2331,78.7393,79.5703,1903867
2018-07-27,79.6791,80.3172,79.3774,79.689,809781
2018-07-30,79.5901,79.8077,78.9866,79.412,2778755
2018-07-31,79.7583,80.5101,79.2339,80.4112,2256031
2018-08-01,80.1639,82.1029,79.8374,80.9454,2615530
2018-08-02,81.173,82.4888,80.4681,81.8754,1764477
2018-08-03,82.3008,83.389,81.5885,82.8746,1809284
2018-08-06,82.7262,83.2307,82.4294,82.558,1429570
2018-08-07,82.8647,82.9438,81.3708,82.37,1815626
2018-08-08,82.17,82.82,82.03,82.62,1122235
2018-08-09,82.6,83.43,82.42,83.33,1464816
2018-08-10,83.56,84.17,83.36,83.39,1170198
2018-08-13,83.4,83.73,83.02,83.65,2265364
2018-08-14,83.7,84.23,83.27,83.98,2907905
2018-08-15,84.24,85.11,83.82,84.14,2339589
2018-08-16,84.12,85.17,83.71,85.14,1939123
2018-08-17,84.97,85.62,84.81,85.32,1276719
2018-08-20,85.32,85.46,84.7781,85.23,962913
2018-08-21,85.16,85.16,84.37,84.89,1418091
2018-08-22,85.0,85.31,84.01,84.29,867481
2018-08-23,84.3,84.87,84.14,84.63,914017
2018-08-24,84.55,85.13,84.12,85.09,601929
2018-08-27,85.2,85.2,83.75,83.9,1216357
2018-08-28,83.87,83.98,83.295,83.62,1368524
2018-08-29,83.53,83.82,82.86,83.44,1566480
2018-08-30,83.78,84.52,83.6,84.33,1428927
2018-08-31,84.21,84.66,83.27,83.59,1340819
2018-09-04,83.55,84.3,83.54,84.3,1254513
2018-09-05,84.43,85.0299,84.12,84.96,907581
2018-09-06,85.1,85.81,84.73,85.53,905488
2018-09-07,84.88,85.39,84.57,84.71,904019
2018-09-10,84.98,85.62,84.67,85.19,852110
2018-09-11,85.33,85.56,84.4,84.49,1631642
2018-09-12,84.54,84.92,83.955,84.04,1290695
2018-09-13,84.06,84.415,83.48,84.22,1583840
