date,open,high,low,close,volume
2013-09-16,25.2449,25.4523,24.9793,25.0789,4808023
2013-09-17,25.0623,25.2988,24.9793,25.1785,4998763
2013-09-18,25.0208,25.8839,24.9544,25.7428,7667019
2013-09-19,25.7511,25.8756,25.361,25.5934,4835746
2013-09-20,25.6017,25.6432,24.9876,25.0042,8146488
2013-09-23,24.9461,25.4689,24.6722,25.2449,5134196
2013-09-24,25.278,25.4274,25.1038,25.3278,4732468
2013-09-25,25.2697,25.444,25.0706,25.1536,3999177
2013-09-26,25.2034,25.2697,24.7635,24.971,3895139
2013-09-27,24.9129,25.0208,24.5478,24.6805,3696503
2013-09-30,24.6224,24.7884,24.4151,24.5976,5293004
2013-10-01,24.6224,24.7262,24.4482,24.5976,3800138
2013-10-02,24.4814,24.805,24.3569,24.6556,4460636
2013-10-03,24.5229,24.5312,24.1494,24.2075,4836587
2013-10-04,24.2324,24.3486,24.1577,24.2573,2668626
2013-10-07,24.1245,24.4313,24.0664,24.1328,3547021
2013-10-08,24.083,24.5478,24.083,24.3154,4860647
2013-10-09,24.4233,24.888,24.3569,24.6556,6397911
2013-10-10,24.7137,25.0623,24.4233,25.0208,4712193
2013-10-11,25.0457,25.3859,24.9378,25.1785,4292684
2013-10-14,25.0457,25.0623,24.5644,24.9129,4465274
2013-10-15,24.8216,24.8548,24.4399,24.498,4814918
2013-10-16,24.0332,24.2822,23.7262,23.859,12641132
2013-10-17,23.8092,24.3984,23.5519,24.0996,8530672
2013-10-18,24.1162,24.1328,23.8258,23.859,8291107
2013-10-21,23.8922,24.0249,23.5436,23.7179,8486073
2013-10-22,23.7303,23.9005,23.4108,23.8092,13606787
2013-10-23,23.5519,23.6516,23.0208,23.2117,17272915
2013-10-24,23.1453,23.3527,22.888,23.0208,10766853
2013-10-25,23.0291,23.2034,22.9295,23.2034,7844480
2013-10-28,22.9461,23.3859,22.9461,23.2946,9437027
2013-10-29,23.2946,23.527,23.0955,23.278,8997449
2013-10-30,23.6598,23.9834,23.0789,23.693,13746526
2013-10-31,23.7428,23.9253,23.3444,23.6847,8674532
2013-11-01,23.776,23.8839,23.61,23.7926,5961596
2013-11-04,23.8258,23.8507,23.4938,23.7262,8123260
2013-11-05,23.7179,23.9876,23.444,23.444,7630469
2013-11-06,23.5851,24.1411,23.4938,24.0747,11405506
2013-11-07,24.0996,24.1826,23.6432,23.7013,19444533
2013-11-08,23.5353,23.5519,23.0125,23.5187,22260100
2013-11-11,23.4274,23.9751,23.4025,23.9419,6911023
2013-11-12,23.693,23.8341,23.2863,23.3776,28029647
2013-11-13,23.2853,23.6294,23.235,23.5455,6643959
2013-11-14,23.5622,23.7049,23.386,23.4112,8289603
2013-11-15,23.3692,23.7385,23.3357,23.5958,6205810
2013-11-18,23.7049,23.772,23.5119,23.5287,5301918
2013-11-19,23.4951,23.5874,23.1762,23.2602,6382000
2013-11-20,23.4112,23.6378,23.1427,23.1595,6054361
2013-11-21,23.1846,23.4364,23.1175,23.2014,5914638
2013-11-22,23.193,23.2769,22.9329,22.9497,4956357
2013-11-25,22.9497,22.9665,22.7231,22.849,8766452
2013-11-26,22.849,22.849,22.5889,22.614,5950935
2013-11-27,22.5805,22.698,22.5469,22.6057,5061540
2013-11-29,22.6057,22.8406,22.5637,22.5805,2697976
2013-12-02,22.614,22.7315,22.3539,22.5721,6551868
2013-12-03,22.4714,23.0084,22.4378,23.0,7430091
2013-12-04,22.9161,23.2853,22.8322,23.2434,6298867
2013-12-05,23.2266,23.3357,22.7567,23.3357,8978481
2013-12-06,23.3944,23.8895,23.3273,23.8643,10564783
2013-12-09,23.8559,23.9147,23.5958,23.8895,7622490
2013-12-10,23.8895,23.8979,23.579,23.6629,8036910
2013-12-11,23.6294,23.7301,23.428,23.5035,8752969
2013-12-12,23.428,23.6294,23.2937,23.4112,6389741
2013-12-13,23.386,23.5287,23.1007,23.2434,5259442
2013-12-16,23.235,23.5119,23.235,23.3105,7439439
2013-12-17,23.2937,23.3692,23.1511,23.2686,6961007
2013-12-18,23.2602,23.4615,22.8574,23.4364,8901437
2013-12-19,23.2769,23.2979,22.7567,22.8406,8953964
2013-12-20,22.8742,23.235,22.7147,22.8742,15041969
2013-12-23,22.9497,23.1217,22.7315,22.7735,7468061
2013-12-24,22.698,22.9497,22.698,22.8993,3008485
2013-12-26,22.9581,23.0336,22.7903,22.8154,4314410
2013-12-27,22.8658,23.0294,22.765,22.7819,5191422
2013-12-30,22.7903,23.1175,22.7903,23.0588,6644528
2013-12-31,23.1091,23.2266,22.891,22.9833,5993068
2014-01-02,23.042,23.1427,22.7903,22.7987,4983758
2014-01-03,22.5721,22.6308,22.1945,22.3371,10157328
2014-01-06,22.3287,22.5343,22.2784,22.4798,7421560
2014-01-07,22.6308,22.656,22.3959,22.5973,7045515
2014-01-08,22.6476,22.7316,22.4546,22.5469,5820157
2014-01-09,22.5553,22.7399,22.4882,22.6812,5646411
2014-01-10,22.7903,23.1511,22.7399,22.7987,5593009
2014-01-13,22.7735,22.807,22.5552,22.6392,4403118
2014-01-14,22.6476,22.8574,22.5301,22.5637,5425446
2014-01-15,22.5637,22.7189,22.4211,22.463,4731040
2014-01-16,22.5469,23.0252,22.4966,23.0,5249989
2014-01-17,23.0588,23.1175,22.7063,22.8238,4560881
2014-01-21,22.8826,23.3105,22.8574,23.3021,7407301
2014-01-22,23.2434,23.6378,23.2098,23.6042,7712254
2014-01-23,23.4783,23.8308,23.428,23.7636,8749472
2014-01-24,23.6713,24.4685,23.6629,23.7217,13805769
2014-01-27,23.8727,23.8727,23.5623,23.6629,8275201
2014-01-28,23.8224,23.8475,23.4112,23.579,5938006
2014-01-29,23.5455,23.7133,23.4532,23.6545,6116433
2014-01-30,23.7468,24.3972,23.6965,24.3258,9983226
2014-01-31,24.1664,24.5943,24.1496,24.3342,10412341
2014-02-03,24.4349,24.6699,24.0825,24.3091,14383308
2014-02-04,24.5104,24.544,24.1832,24.2587,9383593
2014-02-05,24.1412,24.4014,23.9734,24.2168,9930753
2014-02-06,24.1748,25.0726,24.1748,24.7454,13763414
2014-02-07,24.9216,24.9216,24.4014,24.7034,9390546
2014-02-10,24.6279,24.7957,24.5272,24.6699,7130167
2014-02-11,24.6111,24.8545,24.4517,24.7286,7617930
2014-02-12,24.7286,24.7371,24.4148,24.542,5453861
2014-02-13,24.4912,25.0933,24.4657,24.9321,9758902
2014-02-14,24.8812,25.2713,24.8134,25.2205,7361988
2014-02-18,25.2374,25.5936,25.1314,25.4834,8592493
2014-02-19,25.407,25.7208,25.2289,25.407,7017696
2014-02-20,25.3901,25.6784,25.212,25.636,6189211
2014-02-21,25.6614,26.0431,25.5258,25.7971,8391757
2014-02-24,25.7971,26.2466,25.7547,25.7717,10331880
2014-02-25,25.7462,26.0685,25.6021,25.7462,5712028
2014-02-26,25.8141,25.9922,25.7293,25.7971,3632197
2014-02-27,25.7462,25.848,25.407,25.5851,6059666
2014-02-28,25.6869,25.9286,25.653,25.7886,4558963
2014-03-03,25.6445,25.7293,25.4579,25.4664,3731141
2014-03-04,25.6699,25.865,25.4664,25.7802,5405788
2014-03-05,25.7886,25.865,25.5978,25.6784,3923230
2014-03-06,25.6106,25.7717,25.1102,25.2798,7124686
2014-03-07,25.1696,25.2925,24.7116,25.2883,8027872
2014-03-10,25.2798,25.407,25.1017,25.3392,4319143
2014-03-11,25.5597,25.5597,25.1696,25.3053,3017005
2014-03-12,25.2289,25.6021,25.1696,25.5936,3311804
2014-03-13,25.5851,26.0176,25.5682,25.8734,4760385
2014-03-14,25.8056,26.1787,25.7293,25.9837,5138045
2014-03-17,26.06,26.3356,25.8819,26.3059,5664281
2014-03-18,26.3653,26.5095,26.2127,26.4162,4165336
2014-03-19,26.4501,26.7384,26.2042,26.3399,8728501
2014-03-20,26.2296,26.6621,25.9328,26.6028,7417698
2014-03-21,27.6458,27.8748,27.0776,27.6034,14184870
2014-03-24,27.6119,27.9596,27.578,27.9257,9380261
2014-03-25,27.9087,28.0147,27.5357,27.9257,6488479
2014-03-26,27.9257,27.985,27.1879,27.5101,10412048
2014-03-27,27.5271,27.9087,27.2642,27.8324,6203770
2014-03-28,27.7815,28.2649,27.6713,28.231,7200764
2014-03-31,28.3243,28.7822,28.2564,28.4599,7783304
2014-04-01,28.4939,28.5532,28.0783,28.4006,4373977
2014-04-02,28.4091,28.6253,28.1801,28.4175,7751145
2014-04-03,28.4684,28.7228,28.3243,28.6465,5372914
2014-04-04,28.6889,29.5751,28.6465,29.2317,12336807
2014-04-07,29.2147,29.7066,29.2147,29.4182,8272738
2014-04-08,29.2741,30.1475,29.1172,30.139,11129026
2014-04-09,30.173,30.3171,29.5539,29.927,10072840
2014-04-10,29.9779,30.2323,29.6472,29.7574,6041860
2014-04-11,29.715,29.9525,29.6726,29.8168,6017669
2014-04-14,29.8083,29.9567,29.732,29.927,7474303
2014-04-15,30.0542,30.5291,30.0118,30.5291,7257857
2014-04-16,30.4528,30.7411,30.3341,30.7327,3607052
2014-04-17,30.6309,30.8005,30.3595,30.58,6481440
2014-04-21,30.5207,30.8726,30.3256,30.4783,4116134
2014-04-22,30.4359,30.6139,30.2323,30.4359,4297278
2014-04-23,30.5207,30.9023,30.385,30.4443,4688955
2014-04-24,30.5631,30.7242,30.2747,30.5376,5935549
2014-04-25,30.5376,30.7836,30.4443,30.7496,5107106
2014-04-28,30.792,31.038,30.7242,30.9616,4933832
2014-04-29,30.9023,30.9956,30.5122,30.6818,7561487
2014-04-30,29.0196,29.9864,29.0196,29.7066,22499087
2014-05-01,30.0627,30.6987,29.9864,30.5207,14724492
2014-05-02,30.5122,30.7751,29.9864,30.3935,10117056
2014-05-05,30.3341,30.8514,30.2493,30.7327,6138192
2014-05-06,31.0125,31.0295,30.5122,30.5631,8674506
2014-05-07,30.5122,31.2415,30.5122,31.1736,7082684
2014-05-08,31.0888,31.1143,30.6563,30.9362,5039571
2014-05-09,30.9277,31.1397,30.6903,30.6987,6544362
2014-05-12,30.7411,30.8684,29.9731,30.0203,7377623
2014-05-13,30.156,30.3256,29.9949,30.2154,6628941
2014-05-14,30.2838,30.3608,29.7107,29.7705,8136624
2014-05-15,29.7876,29.8732,29.531,29.5567,6663766
2014-05-16,29.5396,29.5909,29.3086,29.4027,9026608
2014-05-19,29.3685,29.5224,29.0006,29.0605,7408748
2014-05-20,29.0263,29.2658,28.8894,28.9921,6647880
2014-05-21,29.0263,29.053,28.6584,29.0006,7732391
2014-05-22,28.9407,29.4027,28.8808,29.2573,5910832
2014-05-23,29.146,29.454,29.1204,29.2145,5391389
2014-05-27,29.6593,30.7543,29.6508,30.2667,13649702
2014-05-28,30.0614,30.8655,30.0528,30.7886,11226498
2014-05-29,30.8741,31.3061,30.703,30.8484,13233453
2014-05-30,30.8998,31.5243,30.8484,31.5071,8227167
2014-06-02,31.3275,31.4088,31.0709,31.3104,5888573
2014-06-03,31.3361,31.8664,31.2248,31.8151,7580520
2014-06-04,31.721,31.9007,31.567,31.8836,5338844
2014-06-05,31.7381,32.1274,31.7296,32.0461,11936133
2014-06-06,32.0889,32.2771,31.9434,32.0033,5092104
2014-06-09,31.875,32.0352,31.6782,31.721,5266104
2014-06-10,31.8066,31.9948,31.7039,31.7895,4507619
2014-06-11,30.8741,31.6013,30.5576,30.5832,15367014
2014-06-12,29.9673,30.2325,29.7791,30.0015,44407688
2014-06-13,30.0101,30.6602,29.8304,30.5576,16372774
2014-06-16,30.7287,31.2206,30.6602,30.8912,16125632
2014-06-17,30.9939,31.2248,30.9254,31.0452,11725707
2014-06-18,31.0024,31.5884,31.0024,31.5243,9111937
2014-06-19,31.6013,31.8836,31.567,31.798,8169875
2014-06-20,31.8237,31.8493,31.3446,31.4473,7978068
2014-06-23,31.6055,31.7125,30.7543,31.0366,7060169
2014-06-24,30.9768,31.0834,30.8741,30.9768,7616701
2014-06-25,30.9254,31.1136,30.8142,30.9853,5481598
2014-06-26,31.0623,31.1479,30.78,30.8912,6052284
2014-06-27,30.7629,31.0794,30.7629,31.0452,4781446
2014-06-30,31.1821,31.4045,31.011,31.2077,6269621
2014-07-01,30.8655,31.0195,30.4121,30.5405,7031451
2014-07-02,30.4121,30.4464,29.3685,29.5909,11109836
2014-07-03,29.4027,29.4027,28.9151,29.0605,8016346
2014-07-07,29.1375,29.5224,29.1118,29.3941,10563147
2014-07-08,29.4968,29.531,29.2658,29.3599,7228978
2014-07-09,29.4027,29.4925,29.2145,29.3086,7582450
2014-07-10,29.2145,29.484,29.2102,29.3941,7476386
2014-07-11,29.223,29.4027,28.8466,28.898,9178267
2014-07-14,29.0434,29.0434,28.1109,28.1366,10240208
2014-07-15,28.1451,28.282,27.9826,28.1024,9073161
2014-07-16,28.1366,28.1879,27.9142,28.1794,8855119
2014-07-17,27.5292,27.6746,27.264,27.4522,10140043
2014-07-18,27.5292,27.6746,27.264,27.4522,10140043
2014-07-21,27.5805,27.649,27.2469,27.572,8363446
2014-07-22,27.5891,27.6318,27.1699,27.187,8779447
2014-07-23,27.2383,27.3495,27.1015,27.1699,4568737
2014-07-24,26.8277,27.3239,26.7507,27.2127,6165133
2014-07-25,27.1442,27.3666,26.8448,26.9047,3689022
2014-07-28,26.8705,27.4864,26.8465,27.3324,5683366
2014-07-29,27.3239,27.418,26.8876,26.9218,6294252
2014-07-30,27.0587,27.0843,26.3956,26.5283,7976802
2014-07-31,26.4598,26.9389,26.3486,26.5882,9238238
2014-08-01,26.9646,26.9689,26.2289,26.8277,10079611
2014-08-04,26.9646,26.9689,26.2289,26.8277,10079611
2014-08-05,26.7593,26.9988,26.5497,26.6309,6683861
2014-08-06,26.5539,26.7336,26.2888,26.6737,11411071
2014-08-07,26.7422,27.2041,26.6994,26.9988,7241825
2014-08-08,27.033,27.5035,26.9988,27.4779,5967958
2014-08-11,27.5292,27.6575,27.3838,27.4693,4956144
2014-08-12,27.4265,27.5121,27.2041,27.264,4970709
2014-08-13,27.2813,27.4022,27.0653,27.169,3471904
2014-08-14,27.2554,27.575,27.2122,27.4972,3248951
2014-08-15,27.5145,27.8169,27.3331,27.4713,5611261
2014-08-18,27.5836,27.7348,27.4065,27.4886,4037386
2014-08-19,27.5663,27.6441,27.3677,27.6095,4918532
2014-08-20,27.6268,27.6614,27.5145,27.6355,2562604
2014-08-21,27.5836,28.0674,27.5836,27.8601,5913018
2014-08-22,27.8082,28.1797,27.7996,27.981,5511159
2014-08-25,28.0415,28.4389,27.9552,28.3611,4532233
2014-08-26,28.3784,28.5425,27.886,27.9119,4106382
2014-08-27,27.9378,28.3179,27.9378,28.3093,4544604
2014-08-28,28.1797,28.6548,28.076,28.508,4007090
2014-08-29,28.5425,28.8708,28.4907,28.8708,3622189
2014-09-02,28.8794,28.9054,28.1581,28.3611,6541801
2014-09-03,28.5339,28.8103,28.4907,28.7326,4442345
2014-09-04,28.6203,28.9831,28.5512,28.9831,8163165
2014-09-05,28.9226,29.2768,28.8362,29.2077,6093163
2014-09-08,29.2077,29.3287,28.7801,28.8881,3519862
2014-09-09,28.7671,28.7671,28.5175,28.6116,4414945
2014-09-10,28.6289,28.6376,28.1539,28.5425,5686894
2014-09-11,28.5684,28.9399,28.5425,28.7239,4269210
2014-09-12,28.5857,28.6462,28.1452,28.387,5160166
2014-09-15,28.4216,28.8449,28.4216,28.7067,4612261
2014-09-16,28.6894,29.2768,28.5857,29.2164,4809034
2014-09-17,29.2768,29.3719,28.9917,29.0954,5923191
2014-09-18,29.0522,29.3675,29.0349,29.1818,5933063
2014-09-19,29.225,29.7347,29.2067,29.726,9055148
2014-09-22,29.5792,30.158,29.441,29.6224,8712167
2014-09-23,29.5533,29.7088,29.3287,29.4755,6179133
2014-09-24,29.5014,29.5144,29.2336,29.2941,7235091
2014-09-25,29.2941,29.4064,29.0263,29.0263,4063305
2014-09-26,29.1041,29.186,28.8362,29.1127,3452019
2014-09-29,28.9745,29.5187,28.8535,29.4669,5267273
2014-09-30,29.6137,29.8729,29.3805,29.4496,6897747
2014-10-01,29.536,30.5381,29.5187,29.8643,9393880
2014-10-02,29.7779,30.2098,29.7174,30.0025,6402390
2014-10-03,30.0543,30.158,29.6742,30.1321,3679303
2014-10-06,30.2185,30.266,29.8988,30.0543,2690409
2014-10-07,29.9766,30.5986,29.8815,30.0284,5998956
2014-10-08,30.1321,30.9787,30.0716,30.9528,7996049
2014-10-09,30.97,31.0823,30.0457,30.063,8928818
2014-10-10,30.2012,30.564,30.0457,30.0889,10466641
2014-10-13,30.1407,30.3653,29.4496,29.4669,8496797
2014-10-14,29.5274,30.1364,29.4237,29.9247,9050774
2014-10-15,30.0802,30.2444,28.7671,29.3114,12154146
2014-10-16,29.1286,30.0083,28.8063,29.6948,8453651
2014-10-17,29.6656,30.0284,29.32,29.7001,6156787
2014-10-20,29.6742,30.2444,29.6569,30.2271,4413022
2014-10-21,30.4085,30.5381,29.9507,30.2357,5633700
2014-10-22,30.0889,30.5813,30.063,30.1321,6219075
2014-10-23,30.2703,30.5035,30.0975,30.1321,5655531
2014-10-24,30.2271,31.0823,30.1666,30.8664,6678741
2014-10-27,30.7195,31.0046,30.2616,30.4085,5317288
2014-10-28,30.5208,30.875,30.3394,30.875,5821592
2014-10-29,30.9355,31.0564,30.1234,30.4776,6396726
2014-10-30,30.6677,31.7821,30.6331,31.7043,7745380
2014-10-31,31.8685,31.8685,31.2724,31.6093,6733386
2014-11-03,31.5747,31.8253,31.2551,31.4452,5616984
2014-11-04,31.3933,31.6179,31.1169,31.5056,5560868
2014-11-05,31.7648,32.5682,31.5661,32.4127,9276079
2014-11-06,32.3522,32.538,31.9894,32.3436,9413313
2014-11-07,32.3782,32.741,32.2918,32.6287,7367813
2014-11-10,32.5682,32.6114,32.0542,32.4818,6093785
2014-11-11,32.5077,32.7323,32.335,32.4386,4317523
2014-11-12,32.2273,32.2273,31.2257,31.2954,9901037
2014-11-13,31.4608,31.6873,30.6682,30.7989,7854982
2014-11-14,30.6682,30.9644,30.6421,30.8424,6540709
2014-11-17,30.7815,31.2431,30.7031,31.1037,5903489
2014-11-18,31.1995,31.4783,31.0689,31.1734,4759412
2014-11-19,31.0776,31.4173,30.8424,31.3999,5864162
2014-11-20,31.3737,31.426,31.1647,31.3041,4463663
2014-11-21,31.6089,31.6873,31.217,31.5741,6310920
2014-11-24,31.4783,31.5741,30.6595,30.7031,6313471
2014-11-25,30.7466,30.7902,30.2153,30.6421,7272961
2014-11-26,30.7815,31.1124,30.7466,31.0863,3625086
2014-11-28,31.3041,31.8354,31.0776,31.5654,6538340
2014-12-01,31.3041,31.8354,31.0776,31.5654,6538340
2014-12-02,31.5654,32.0793,31.4173,31.966,7609825
2014-12-03,31.9573,32.0967,31.1908,31.5479,6846376
2014-12-04,31.6002,31.8615,30.9731,31.0863,7208038
2014-12-05,30.7205,31.0863,30.5637,30.9992,5929838
2014-12-08,31.1124,31.3041,30.8686,31.2083,6076508
2014-12-09,31.1821,31.8615,31.1386,31.6699,7085554
2014-12-10,31.7134,32.0444,31.2962,31.3041,6630274
2014-12-11,31.3389,31.966,31.3041,31.5915,6106107
2014-12-12,31.3999,31.757,31.1821,31.2866,4831994
2014-12-15,31.4521,31.5088,30.7727,30.9295,5024380
2014-12-16,30.9034,31.5567,30.6856,30.9034,4986891
2014-12-17,31.0341,32.1402,31.0079,31.8615,6012883
2014-12-18,31.966,32.689,31.7831,32.689,7032972
2014-12-19,32.6977,33.0112,32.3754,32.7587,11473311
2014-12-22,32.419,32.6193,31.8441,32.236,7505378
2014-12-23,32.3493,32.7238,32.2012,32.4364,3387664
2014-12-24,32.4451,33.3161,32.4451,32.9677,4674567
2014-12-26,33.0025,33.6645,32.9067,33.2813,5896684
2014-12-29,33.2638,33.9084,33.2464,33.6471,6681541
2014-12-30,33.56,33.708,32.9851,33.1854,5195872
2014-12-31,33.2116,33.3161,32.236,32.297,5585569
2015-01-02,32.5235,32.7935,32.3319,32.7238,4975986
2015-01-05,32.4886,32.7151,31.5392,31.7918,8801390
2015-01-06,31.8964,32.3406,31.5045,31.5479,7603966
2015-01-07,31.6525,31.8354,31.426,31.5915,7522080
2015-01-08,31.7309,32.3493,31.5915,31.8354,5369338
2015-01-09,32.1577,32.2273,31.5915,31.7831,4250211
2015-01-12,32.027,32.1489,31.5305,31.9051,5081840
2015-01-13,32.1402,32.4277,31.6438,31.8005,5461049
2015-01-14,31.6089,32.2099,31.5654,32.1577,5926862
2015-01-15,32.3928,32.567,32.1229,32.4625,7523011
2015-01-16,32.4015,32.6933,32.3841,32.5583,6242398
2015-01-20,32.6628,32.7325,32.0444,32.4451,6483365
2015-01-21,32.3754,33.1158,32.1315,33.0896,6153902
2015-01-22,33.29,33.3161,32.2273,32.4451,6754010
2015-01-23,32.5496,32.7935,32.5061,32.5496,3209018
2015-01-26,32.4538,32.5932,32.1838,32.5235,4241286
2015-01-27,32.4451,32.837,32.4364,32.5844,3790877
2015-01-28,32.5583,32.898,32.2012,32.2273,3891089
2015-01-29,32.2273,32.4407,31.818,32.2535,4336795
2015-01-30,31.9835,32.2247,31.365,31.3912,6645071
2015-02-02,31.3563,31.7221,31.1037,31.3999,7152786
2015-02-03,31.4434,32.2143,31.3128,32.1664,8529580
2015-02-04,32.0357,32.0531,31.3912,31.5218,6137143
2015-02-05,31.6438,32.1577,31.3999,31.8789,5572395
2015-02-06,31.6699,31.7396,30.2327,30.4853,9248215
2015-02-09,30.4679,30.5463,29.8974,30.0324,7266072
2015-02-10,30.0063,30.5724,29.8582,30.4853,9576785
2015-02-11,30.3183,30.3535,29.9756,30.1074,7057152
2015-02-12,30.1602,30.4238,29.7911,30.2656,10372823
2015-02-13,28.7629,29.8877,28.6574,29.4483,15086784
2015-02-17,29.378,29.5099,28.9211,29.0792,10842373
2015-02-18,29.088,29.8921,29.0089,29.7911,7284925
2015-02-19,29.8702,29.8877,29.2023,29.3692,5242653
2015-02-20,29.3868,29.4835,29.088,29.3429,6656605
2015-02-23,29.4044,29.6856,29.2902,29.6856,7384746
2015-02-24,29.6856,30.7226,29.5889,30.5732,8546902
2015-02-25,30.5205,30.6874,30.2656,30.3096,8408945
2015-02-26,30.4238,30.4238,29.4308,29.8438,8003384
2015-02-27,29.7911,29.9229,29.6065,29.8086,5259177
2015-03-02,29.7559,29.8086,28.8068,28.8508,6958463
2015-03-03,28.9738,29.1232,28.6486,29.0177,9019083
2015-03-04,29.132,29.132,28.6047,28.6662,6757050
2015-03-05,29.2638,29.2638,28.8244,28.9738,7615509
2015-03-06,28.5608,28.6662,28.2268,28.3586,9210168
2015-03-09,28.4114,28.5168,27.9192,28.2092,5834439
2015-03-10,28.2356,28.6574,28.0598,28.2356,7370839
2015-03-11,28.3586,28.4597,27.8665,27.972,7506746
2015-03-12,28.1565,28.9914,28.1565,28.7277,7057261
2015-03-13,28.6486,28.6486,27.9895,28.4641,6460437
2015-03-16,28.6135,29.0705,28.6135,28.7277,4362976
2015-03-17,28.6838,29.2462,28.4915,28.9386,5904264
2015-03-18,28.8859,29.8745,28.7717,29.6329,7968320
2015-03-19,29.5099,29.8965,29.0617,29.2199,6306509
2015-03-20,29.378,29.7208,29.1495,29.1759,13007859
2015-03-23,29.2199,29.5889,29.1847,29.3165,6028433
2015-03-24,29.255,29.4571,28.9124,29.1847,5804328
2015-03-25,29.2023,29.3603,28.7805,28.8595,6295061
2015-03-26,28.7805,28.965,28.4729,28.5783,6625570
2015-03-27,28.7014,28.8903,28.4377,28.4992,5915751
2015-03-30,28.5608,29.6417,28.508,29.5011,10019332
2015-03-31,29.2814,29.6329,29.0792,29.5362,15554273
2015-04-01,28.6662,29.0441,28.385,28.8683,15764188
2015-04-02,28.8947,29.5099,28.8947,29.3341,7314657
2015-04-06,29.4132,29.9492,29.3253,29.7296,4219849
2015-04-07,29.712,29.8789,29.6417,29.7032,4823640
2015-04-08,29.6768,29.6812,29.2989,29.3517,6111950
2015-04-09,29.2989,29.4835,29.088,29.3956,4553761
2015-04-10,29.4483,29.6065,29.2462,29.3341,5221672
2015-04-13,29.2462,29.3692,29.0573,29.1144,5349638
2015-04-14,29.2111,29.4483,29.0836,29.4044,4408322
2015-04-15,29.4835,29.8965,29.4571,29.5889,6227659
2015-04-16,29.4483,29.4571,29.0441,29.3429,5686038
2015-04-17,29.1847,29.4396,28.8332,28.9914,6315539
2015-04-20,29.1232,29.9053,29.0705,29.5802,5495692
2015-04-21,29.5802,29.8262,28.9914,29.0968,5409979
2015-04-22,29.2638,29.3605,29.0002,29.0968,4660760
2015-04-23,29.1056,29.289,28.9562,29.0792,6611602
2015-04-24,29.088,30.1865,29.0529,29.9317,8896494
2015-04-27,29.9668,30.0283,29.132,29.3253,7503348
2015-04-28,29.1935,29.668,29.1021,29.6329,5970246
2015-04-29,29.4308,29.8526,29.1408,29.7208,6279149
2015-04-30,29.712,29.9141,29.3429,29.8965,8962654
2015-05-01,29.9317,30.0723,29.6153,29.9844,4652414
2015-05-04,29.9756,30.7402,29.8087,30.5908,8522548
2015-05-05,30.4502,30.6347,29.7296,29.8965,5815624
2015-05-06,29.958,30.0196,29.132,29.3868,7090157
2015-05-07,29.4308,29.8965,29.3868,29.7296,6089674
2015-05-08,30.0811,30.3447,29.6549,29.8174,5698505
2015-05-11,29.7471,30.0196,29.2199,29.3341,6456598
2015-05-12,29.255,29.6768,28.9562,29.5714,5837923
2015-05-13,29.6157,29.8197,29.2254,29.3496,4512243
2015-05-14,29.4383,29.7754,29.4294,29.7487,5125253
2015-05-15,29.8818,30.7954,29.6955,30.6002,10690784
2015-05-18,30.4761,30.6712,30.3341,30.5914,4534448
2015-05-19,30.4051,30.822,30.3341,30.7067,4895041
2015-05-20,30.6889,30.7688,30.3874,30.4494,6592624
2015-05-21,30.4672,30.7111,30.3697,30.5648,3902586
2015-05-22,30.4672,30.6446,30.2898,30.5115,3515032
2015-05-26,30.4761,30.4938,29.802,30.0592,5360274
2015-05-27,30.0681,30.2454,30.0148,30.1124,4382769
2015-05-28,30.1124,30.2366,29.8907,30.1124,4866448
2015-05-29,30.1479,30.1745,29.7842,30.006,5831062
2015-06-01,30.1656,30.3519,29.9439,30.1479,5153000
2015-06-02,29.9527,30.0636,29.5536,29.9173,5356677
2015-06-03,29.9616,30.0148,29.5536,29.6423,7582652
2015-06-04,29.5447,30.1834,29.5093,29.7931,6137740
2015-06-05,29.5802,29.7399,29.3407,29.6512,6446167
2015-06-08,29.731,29.7399,29.3053,29.3674,5518873
2015-06-09,29.3141,29.527,29.2077,29.3674,6235247
2015-06-10,30.2011,30.414,30.0237,30.3164,10598955
2015-06-11,30.5027,30.5293,30.2011,30.3785,5961908
2015-06-12,30.2366,30.4317,30.0414,30.0681,4317344
2015-06-15,29.9261,30.1479,29.802,29.9882,11695132
2015-06-16,29.9439,30.2321,29.7931,30.1567,3824010
2015-06-17,30.1567,30.4317,29.9794,30.3164,3781416
2015-06-18,30.343,30.6224,30.3253,30.3874,7200205
2015-06-19,30.2721,30.3696,29.7133,29.7399,9187222
2015-06-22,29.8729,29.9261,29.4294,29.6246,6092723
2015-06-23,29.5004,29.5714,29.0613,29.0924,4739122
2015-06-24,29.0924,29.2166,28.986,29.0747,9212983
2015-06-25,29.0569,29.0569,28.4094,28.4094,6473733
2015-06-26,28.4538,28.578,28.1433,28.4804,6203632
2015-06-29,28.4538,28.7553,28.1966,28.2054,4868190
2015-06-30,28.3385,28.4893,27.7442,27.8684,7108098
2015-07-01,27.9482,28.1522,27.8862,28.1433,4725160
2015-07-02,28.3296,28.6755,28.2675,28.4272,5545808
2015-07-06,28.3385,28.5691,28.0502,28.3296,4672378
2015-07-07,28.4626,29.1811,28.4538,29.0658,7060293
2015-07-08,28.884,29.1722,28.7376,28.915,6312679
2015-07-09,28.9771,29.1367,28.6977,28.8263,8915364
2015-07-10,28.8263,29.1811,28.7376,29.048,7911026
2015-07-13,29.1456,29.2166,28.782,29.0037,12455359
2015-07-14,29.0747,29.2254,28.8662,29.0658,5996230
2015-07-15,29.048,29.1633,28.8352,29.1367,2760016
2015-07-16,29.1367,29.8907,29.1367,29.7931,8909703
2015-07-17,29.7931,29.9661,29.5031,29.7044,8497541
2015-07-20,29.66,29.66,29.3496,29.6157,4751357
2015-07-21,29.5447,29.5891,29.0658,29.0747,10944361
2015-07-22,29.0835,29.2698,29.0037,29.0747,10607305
2015-07-23,28.9593,28.9682,27.5668,27.7087,17093351
2015-07-24,27.7087,27.9127,27.4072,27.416,11874852
2015-07-27,27.4072,27.7886,27.1677,27.1677,11910035
2015-07-28,27.3628,27.824,27.3007,27.4959,15265382
2015-07-29,27.8773,28.1478,27.181,27.62,12841203
2015-07-30,27.6023,28.1877,27.6023,28.0724,9999678
2015-07-31,28.3385,28.8086,28.2764,28.4626,8661638
2015-08-03,28.4449,28.8973,28.4272,28.782,7933362
2015-08-04,28.7908,28.8529,28.1256,28.1611,7201274
2015-08-05,28.303,28.5513,28.1256,28.1433,5449999
2015-08-06,28.1877,28.4183,27.7265,28.374,8024973
2015-08-07,28.303,28.9593,28.2143,28.7731,7886821
2015-08-10,28.782,28.8973,28.3473,28.5425,5871351
2015-08-11,28.5868,28.8618,28.3296,28.4626,6390271
2015-08-12,28.5164,29.3672,28.4895,29.2777,9580950
2015-08-13,29.1254,29.4568,28.8119,29.3314,5347626
2015-08-14,29.1881,29.6986,29.0896,29.6269,4358244
2015-08-17,29.5105,30.1643,29.4836,29.9225,5618665
2015-08-18,29.7613,30.1106,29.5866,30.0927,6873931
2015-08-19,29.9941,30.6972,29.8508,30.6121,10515579
2015-08-20,30.4509,30.8449,30.227,30.2718,7130690
2015-08-21,30.236,30.4061,29.4836,29.5553,11659811
2015-08-24,29.2508,30.0389,28.794,29.2329,20428093
2015-08-25,29.7075,29.9673,27.1998,27.2267,26465555
2015-08-26,27.9253,28.5074,27.473,28.1581,18015977
2015-08-27,28.3552,28.4716,27.9342,28.4089,7495048
2015-08-28,28.3014,28.5343,27.7014,28.1223,7408688
2015-08-31,27.9074,27.9432,27.1416,27.5491,10317629
2015-09-01,27.2356,27.4416,26.6445,26.8326,9394262
2015-09-02,27.0655,27.173,26.7162,26.8326,8101411
2015-09-03,26.958,27.1819,26.8147,27.1013,6765350
2015-09-04,26.8684,26.9579,26.5012,26.6177,5799533
2015-09-08,26.9311,27.164,26.8416,27.1282,3842826
2015-09-09,27.173,27.3252,26.6266,26.6804,4512090
2015-09-10,26.9132,26.967,26.546,26.6445,6509179
2015-09-11,26.5818,26.7162,26.4654,26.5998,4009060
2015-09-14,26.7699,27.2536,26.7699,27.0117,5358790
2015-09-15,27.1461,27.3924,26.958,27.3073,5180808
2015-09-16,27.3431,27.8715,27.2715,27.8178,7830703
2015-09-17,27.8088,28.6059,27.6924,28.2746,6882283
2015-09-18,27.7641,28.2566,27.6476,27.6835,9166321
2015-09-21,27.7014,27.9432,27.3163,27.3342,7578590
2015-09-22,27.2983,27.3879,25.4444,25.4892,22482429
2015-09-23,25.74,26.4117,25.4892,25.9907,14892396
2015-09-24,25.8564,26.1833,25.4802,26.0355,14645156
2015-09-25,26.3132,26.6177,26.0266,26.4206,10390384
2015-09-28,26.2415,26.7251,26.0445,26.152,9685478
2015-09-29,26.3221,26.4744,25.9146,26.1072,7098249
2015-09-30,26.2863,26.6535,26.0893,26.5998,6715874
2015-10-01,26.5729,26.6445,26.0266,26.152,7442199
2015-10-02,26.4117,26.7072,26.0803,26.7072,7145541
2015-10-05,26.8595,27.5402,26.7968,27.1371,9407003
2015-10-06,27.0834,27.2536,26.752,27.0565,7908067
2015-10-07,27.1461,27.3333,26.9132,26.9849,7169169
2015-10-08,26.9311,27.7461,26.7341,27.6566,8113103
2015-10-09,27.6476,27.782,27.4506,27.6029,7877571
2015-10-12,27.7103,28.091,27.6745,27.7909,6161339
2015-10-13,27.773,27.9253,27.3431,27.3969,7265573
2015-10-14,27.4506,27.4954,27.0744,27.2177,9707760
2015-10-15,27.3252,27.8984,26.6804,27.7282,12146337
2015-10-16,27.8447,27.8894,27.1819,27.2804,9455489
2015-10-19,27.1998,27.2804,26.8326,27.0297,7893804
2015-10-20,27.0565,27.5043,27.0117,27.3879,7233680
2015-10-21,27.4327,27.6297,27.2088,27.2804,4608810
2015-10-22,27.3879,27.8088,27.3431,27.773,5454147
2015-10-23,27.6387,27.6835,26.7251,26.7431,7759329
2015-10-26,26.752,26.8684,25.9549,26.1251,9366154
2015-10-27,26.0087,26.0803,25.4355,25.5698,7118471
2015-10-28,25.6504,25.946,25.2563,25.5788,9476355
2015-10-29,25.4892,25.6504,24.9966,25.6056,7659292
2015-10-30,25.6773,26.0579,24.8175,25.0056,13220536
2015-11-02,25.0503,25.4623,25.0503,25.4086,7919852
2015-11-03,25.3996,25.5967,25.1668,25.534,6290879
2015-11-04,25.5429,26.0624,25.4892,26.0624,10957429
2015-11-05,26.0893,26.1609,25.6862,25.74,6174547
2015-11-06,25.3907,25.5255,24.8354,25.1578,9663116
2015-11-09,25.2563,26.1609,25.2295,25.8027,13740924
2015-11-10,25.8479,26.2644,25.8027,26.0199,6872245
2015-11-11,26.1105,26.2372,25.9656,26.1376,6160045
2015-11-12,25.9928,26.2372,25.8479,25.857,6872767
2015-11-13,25.866,26.1467,25.5854,25.6578,14599091
2015-11-16,25.6578,25.9475,25.5944,25.9385,7055333
2015-11-17,25.8841,26.0833,24.9878,25.0693,9481241
2015-11-18,25.0784,25.5084,24.8882,25.4586,9515207
2015-11-19,25.522,25.8841,25.4496,25.4948,5961552
2015-11-20,25.6035,25.7936,24.9652,25.35,9698192
2015-11-23,25.3319,25.4134,24.9969,25.0512,6351485
2015-11-24,24.9607,25.2278,24.8068,25.1508,8228517
2015-11-25,25.1236,25.187,24.8792,25.0784,4534686
2015-11-27,25.1236,25.2051,24.9516,25.0059,2248837
2015-11-30,25.0059,25.1055,24.6981,24.7253,8702795
2015-12-01,24.8792,25.2368,24.8249,25.2142,7261867
2015-12-02,25.1236,25.1958,24.68,24.7524,6722626
2015-12-03,24.6438,24.8792,24.4808,24.5714,5566795
2015-12-04,24.7524,24.852,24.1277,24.1821,11246155
2015-12-07,24.1821,24.3541,23.7928,24.2273,9614584
2015-12-08,24.0825,24.173,23.7384,24.0282,5723210
2015-12-09,23.8833,24.4989,23.8243,24.0553,5832858
2015-12-10,24.0915,24.2183,23.8245,23.9738,6954845
2015-12-11,23.7747,24.0282,23.4306,23.4849,7303256
2015-12-14,23.5302,23.5484,22.7154,23.0504,10904651
2015-12-15,23.0866,23.5845,23.0504,23.2224,10699090
2015-12-16,23.2496,24.0734,23.1998,23.9376,11191867
2015-12-17,23.9376,24.2545,23.7294,24.0825,8133295
2015-12-18,23.9919,24.4808,23.7747,24.3541,17123613
2015-12-21,24.508,24.9064,24.2998,24.8339,9824829
2015-12-22,24.7887,25.0059,24.6257,24.9154,6229681
2015-12-23,24.9245,25.2187,24.8294,25.1599,5226214
2015-12-24,25.0512,25.2232,25.0331,25.1236,1830268
2015-12-28,25.0331,25.187,24.7706,25.1327,4582523
2015-12-29,25.2685,25.35,25.0874,25.3047,4773532
2015-12-30,25.1146,25.3047,24.8973,25.0693,4437098
2015-12-31,25.0241,25.2142,24.7343,25.1417,5603876
2016-01-04,24.8792,25.3455,24.7434,25.3228,7318177
2016-01-05,25.2413,25.522,24.8249,25.4948,5588420
2016-01-06,25.2504,25.6035,25.1327,25.522,6714469
2016-01-07,25.187,25.522,25.0512,25.2051,5509685
2016-01-08,25.2594,25.3319,24.8475,25.187,7965873
2016-01-11,25.3047,25.6759,25.187,25.4043,8189794
2016-01-12,25.5129,25.5129,24.9607,25.2957,6827673
2016-01-13,25.3138,25.4949,24.7615,24.9335,8058348
2016-01-14,24.9245,25.4405,24.6076,25.2685,9442114
2016-01-15,24.7706,25.3228,24.4084,24.8611,10234455
2016-01-19,25.015,25.2866,24.8656,25.0241,8888294
2016-01-20,24.8158,24.852,23.7747,24.2454,10755055
2016-01-21,24.336,24.9245,24.0644,24.8249,9040401
2016-01-22,24.9064,25.4315,24.8611,25.3771,7102640
2016-01-25,25.35,25.4405,24.5714,24.5895,8437051
2016-01-26,24.6619,25.35,24.6438,25.2051,6930176
2016-01-27,25.3228,25.7302,25.0241,25.3952,6107432
2016-01-28,25.4043,26.1965,25.2142,25.9928,6801609
2016-01-29,26.2553,26.8619,26.2191,26.7714,11951169
2016-02-01,26.6175,27.2603,26.4907,27.1607,9496263
2016-02-02,26.8891,27.3055,26.6265,27.2874,9865566
2016-02-03,27.378,28.727,27.2965,28.6183,15097412
2016-02-04,28.6636,29.3517,28.6183,29.1977,14215689
2016-02-05,29.3879,29.8315,29.0031,29.7862,10945447
2016-02-08,29.6595,29.9854,29.071,29.2973,10060630
2016-02-09,29.071,29.3299,28.7632,28.9171,9553501
2016-02-10,28.3411,28.7251,27.9297,28.4508,11043013
2016-02-11,28.14,28.4143,27.4269,27.7103,9973364
2016-02-12,27.7012,27.9937,27.4086,27.8474,8523670
2016-02-16,28.1491,28.4691,27.8383,28.3594,9254144
2016-02-17,28.46,28.5971,28.1034,28.4234,7477447
2016-02-18,28.4326,28.9262,28.396,28.7525,7687226
2016-02-19,28.6337,28.6657,28.2883,28.5605,7164042
2016-02-22,28.7891,29.0085,28.5423,28.9719,6908504
2016-02-23,28.4234,28.908,28.3411,28.5148,8711331
2016-02-24,28.524,29.1182,28.4143,29.0268,8638989
2016-02-25,29.0177,29.2371,28.8531,29.2371,6092633
2016-02-26,29.1274,29.3834,28.4874,29.0085,12901075
2016-02-29,29.0085,29.3834,28.7525,28.7891,9706277
2016-03-01,29.0451,29.2188,28.5285,29.0451,9942295
2016-03-02,28.8988,29.5753,28.2223,29.5479,7379153
2016-03-03,29.5936,30.261,29.2736,30.2427,9165415
2016-03-04,30.0416,30.7456,29.9136,30.4987,8438621
2016-03-07,30.6084,31.1295,30.4439,31.0107,6904563
2016-03-08,30.9924,31.3764,30.5261,31.2941,8925782
2016-03-09,31.1478,31.4129,31.0381,31.2392,7158600
2016-03-10,31.3124,31.8609,31.1844,31.7512,7670843
2016-03-11,31.9341,31.9798,31.4861,31.7512,5709869
2016-03-14,31.6964,31.8792,31.5318,31.6781,4753128
2016-03-15,31.5501,31.7695,31.3307,31.5409,5020860
2016-03-16,31.4404,31.8563,31.1204,31.7969,4999897
2016-03-17,31.8701,31.9981,31.5866,31.9158,5451458
2016-03-18,31.9798,32.0986,31.6872,31.8518,10125264
2016-03-21,31.7695,32.0712,31.6964,31.8883,5840400
2016-03-22,31.8609,32.1809,31.6598,31.9981,3895816
2016-03-23,31.9798,32.4552,31.5455,31.7421,11565310
2016-03-24,31.7421,32.3272,31.4038,32.2815,6011640
2016-03-28,32.2449,32.446,31.9478,32.1443,4532635
2016-03-29,32.2175,32.702,31.8609,32.6289,7564316
2016-03-30,32.6837,32.6929,32.3729,32.3912,4239906
2016-03-31,32.4917,32.8666,32.4917,32.7843,7228537
2016-04-01,32.6746,32.8666,32.318,32.6014,7634548
2016-04-04,32.6289,32.702,32.3637,32.4643,4469026
2016-04-05,32.2997,32.3089,31.5866,31.6324,6123967
2016-04-06,31.5409,31.6415,31.1661,31.3672,8075909
2016-04-07,31.3672,31.6324,31.2941,31.4038,4498712
2016-04-08,31.6049,32.0346,31.6049,31.7238,4890247
2016-04-11,31.7421,32.0438,31.5318,31.5775,3712097
2016-04-12,31.5592,32.1123,31.4632,32.0712,6072337
2016-04-13,32.0803,32.0803,31.6415,31.7786,3613869
2016-04-14,31.7786,32.1078,31.7329,31.9432,3804283
2016-04-15,31.9432,31.9432,31.4129,31.4221,10508687
2016-04-18,31.2301,31.5684,30.965,31.4769,5019978
2016-04-19,31.6232,31.9706,31.4678,31.8152,6451740
2016-04-20,31.8152,31.9066,30.8553,30.9284,4683810
2016-04-21,30.8553,30.9284,30.3342,30.4987,5733710
2016-04-22,30.6907,31.23,30.6541,31.1661,4671317
2016-04-25,30.9833,31.2941,30.8553,31.2392,4263729
2016-04-26,31.3672,31.7512,31.2941,31.6506,5578760
2016-04-27,31.7421,32.5466,31.7146,32.318,5209999
2016-04-28,32.0255,32.4734,31.8975,32.1443,4237930
2016-04-29,31.8975,32.1718,31.6324,32.0803,5352291
2016-05-02,32.2358,32.3455,31.8335,32.0803,3817106
2016-05-03,32.0072,32.1672,31.5866,31.7969,6374347
2016-05-04,31.7786,32.4643,31.7695,32.2358,5857851
2016-05-05,32.1718,32.7386,32.126,32.3455,6663407
2016-05-06,32.1535,32.862,32.1352,32.6197,5875972
2016-05-09,32.6197,32.7111,32.1809,32.2266,4962886
2016-05-10,32.2906,32.3729,32.0355,32.1809,5166684
2016-05-11,32.1975,32.668,32.0914,32.6034,4083975
2016-05-12,32.5942,32.8248,32.2621,32.7141,4991837
2016-05-13,32.6219,32.6496,32.096,32.2344,3297793
2016-05-16,32.1421,32.305,31.8562,32.0314,4656131
2016-05-17,32.0314,32.1329,31.4963,31.6809,4522121
2016-05-18,31.5517,31.6624,31.0535,31.2288,6343835
2016-05-19,30.9982,31.6071,30.952,31.5333,4812302
2016-05-20,31.6255,31.6532,31.3487,31.6163,3774955
2016-05-23,31.6624,31.727,31.0904,31.1181,4264248
2016-05-24,31.0996,31.358,31.0858,31.358,5451942
2016-05-25,31.0535,31.3903,30.6937,31.2565,7127880
2016-05-26,31.2842,31.644,31.2011,31.524,3545972
2016-05-27,31.5609,31.6993,31.4318,31.6716,3248998
2016-05-31,31.6809,31.7454,31.3303,31.6163,6070201
2016-06-01,31.6255,31.8192,31.5425,31.7454,4429807
2016-06-02,31.644,32.0407,31.5425,32.0314,4468631
2016-06-03,32.2252,32.5757,32.2067,32.2529,6505392
2016-06-06,32.3359,32.5204,32.1237,32.3082,3349204
2016-06-07,32.3636,32.382,31.93,32.0314,2934578
2016-06-08,32.0776,32.3543,32.0038,32.3359,2616889
2016-06-09,32.3267,32.4743,31.9207,32.4189,4182036
2016-06-10,32.3359,32.4743,31.6716,31.9207,6099278
2016-06-13,31.9853,32.1421,31.7362,31.7362,3840635
2016-06-14,31.7362,31.7731,31.0074,31.2288,7535282
2016-06-15,31.2842,31.8562,31.2196,31.5425,6146714
2016-06-16,31.5333,31.7593,31.3949,31.5609,3648229
2016-06-17,31.441,31.9669,31.3672,31.9669,7031862
2016-06-20,32.0499,32.1329,31.7501,31.7731,4645719
2016-06-21,31.8008,32.2344,31.5794,32.0683,3565047
2016-06-22,32.1421,32.179,31.727,31.7639,3011527
2016-06-23,31.8838,32.2436,31.7178,32.2436,4466180
2016-06-24,31.7823,32.299,31.524,31.727,9643208
2016-06-27,31.6163,32.0176,31.3026,31.9115,7964402
2016-06-28,32.0314,32.1883,31.7362,32.179,6935602
2016-06-29,32.2898,32.5198,32.1052,32.4005,7386937
2016-06-30,32.4835,33.5537,32.2159,33.5444,8834899
2016-07-01,33.6275,33.6367,33.2584,33.5906,4525993
2016-07-05,33.2584,33.5122,33.1016,33.4061,4415922
2016-07-06,33.4153,33.8397,33.2077,33.7935,5411747
2016-07-07,33.6275,33.7013,32.8248,32.9355,4205707
2016-07-08,32.9817,33.3415,32.6343,33.3138,4925255
2016-07-11,33.2677,33.609,33.0001,33.5813,4174922
2016-07-12,33.5813,33.8397,33.4983,33.609,6281773
2016-07-13,33.7659,33.9227,33.4615,33.9042,5767452
2016-07-14,33.7105,33.8304,33.4614,33.5721,5638435
2016-07-15,33.6459,33.7659,33.5029,33.6644,3234730
2016-07-18,33.6644,33.9965,33.5629,33.8304,4696927
2016-07-19,33.729,33.812,33.5813,33.7474,2813852
2016-07-20,33.7197,33.7659,33.4337,33.443,3166486
2016-07-21,33.4891,33.6828,33.443,33.6367,5197638
2016-07-22,33.7659,34.5593,33.7566,34.5131,5397343
2016-07-25,34.4393,34.5962,34.3009,34.5962,4605158
2016-07-26,34.5962,34.6423,34.1349,34.2179,2768699
2016-07-27,34.0057,34.1533,33.4614,33.7566,4032275
2016-07-28,33.729,34.0749,33.609,34.0057,3151879
2016-07-29,33.9688,34.5039,33.8581,34.3932,4709518
2016-08-01,34.3194,34.7807,34.2087,34.5593,6176351
2016-08-02,34.3563,34.4117,33.8766,33.9319,5497832
2016-08-03,33.9688,34.0611,33.609,33.7382,4390245
2016-08-04,33.729,33.9596,33.443,33.5168,4137896
2016-08-05,33.4891,33.5813,33.24,33.3415,5256291
2016-08-08,33.4706,33.5075,33.1939,33.3138,5399371
2016-08-09,33.5906,33.6551,33.0555,33.0739,4428260
2016-08-10,33.2031,33.3048,32.4097,32.7814,7980057
2016-08-11,32.7795,32.975,32.2116,32.4071,10155503
2016-08-12,32.6771,33.0216,32.5095,32.5282,8397639
2016-08-15,32.4909,32.6585,32.2303,32.2396,4053343
2016-08-16,32.1092,32.2116,31.8579,31.8672,5527415
2016-08-17,31.8299,32.2675,31.4482,32.193,6249005
2016-08-18,32.0813,32.4071,31.9603,32.314,6161599
2016-08-19,32.2396,32.2582,31.7834,31.9975,4797401
2016-08-22,32.1092,32.1558,31.8951,32.0534,2267346
2016-08-23,32.1558,32.4351,32.1558,32.2023,4157019
2016-08-24,32.1558,32.3885,32.072,32.314,3634883
2016-08-25,32.3233,32.3327,32.0813,32.1278,2706981
2016-08-26,32.1744,32.4351,31.5413,31.56,3669707
2016-08-29,31.6996,31.8392,31.5413,31.6996,3441506
2016-08-30,31.6344,31.7461,31.3644,31.4762,3169381
2016-08-31,31.4575,31.6717,31.29,31.6531,3947480
2016-09-01,31.5693,31.6717,31.411,31.4762,4717413
2016-09-02,31.4482,31.8486,31.3924,31.7182,3300076
2016-09-06,31.9044,32.072,31.8579,32.072,3509111
2016-09-07,32.0347,32.2675,31.9277,32.1744,2937237
2016-09-08,32.1092,32.5747,32.0798,32.4351,3388028
2016-09-09,32.1372,32.1651,31.0852,31.0945,5267154
2016-09-12,31.0479,31.4389,31.0107,31.3086,6809089
2016-09-13,31.1783,31.2434,30.5917,30.7686,5951568
2016-09-14,30.8431,31.1457,30.629,30.8338,5006427
2016-09-15,30.7593,31.4063,30.7407,31.3272,5018787
2016-09-16,31.2807,31.6158,31.0665,31.4948,7247794
2016-09-19,31.5413,31.8486,31.5413,31.802,2903255
2016-09-20,31.8858,32.0441,31.5041,31.5693,6034775
2016-09-21,31.7089,32.4537,31.6624,32.4444,5209309
2016-09-22,32.5561,32.8354,32.4351,32.7888,4484009
2016-09-23,32.7423,32.7888,32.3699,32.3978,3946652
2016-09-26,32.3792,32.5468,32.2209,32.4164,3545719
2016-09-27,32.4258,32.5561,31.7648,31.8206,4765713
2016-09-28,31.8765,31.9603,31.3458,31.6624,4405793
2016-09-29,31.5786,31.5786,30.901,30.9921,5315208
2016-09-30,31.1783,31.3272,30.7314,30.9921,5529887
2016-10-03,30.9548,30.9548,30.3218,30.508,5005935
2016-10-04,30.4428,30.4521,29.4932,29.6608,5729058
2016-10-05,29.7259,30.1076,29.5584,29.9121,7851680
2016-10-06,29.8097,29.9866,29.577,29.847,3880767
2016-10-07,30.0983,30.3772,29.9494,29.9587,4578610
2016-10-10,30.1542,30.3311,29.982,30.2566,2473484
2016-10-11,30.1821,30.3031,29.8842,29.9308,4751385
2016-10-12,29.9866,30.3031,29.9214,30.2659,4362338
2016-10-13,30.2287,30.9548,30.1914,30.5824,6366649
2016-10-14,30.5638,30.899,30.4242,30.4428,4521006
2016-10-17,30.5359,30.7314,30.4428,30.4893,3133948
2016-10-18,30.7686,30.9734,30.3031,30.8059,3726268
2016-10-19,30.7314,30.8152,30.48,30.6104,3761266
2016-10-20,30.6662,30.7407,30.4009,30.5731,3584916
2016-10-21,30.3869,30.5824,30.1551,30.2566,3905431
2016-10-24,30.3683,30.4893,30.0657,30.3962,3727665
2016-10-25,30.2566,30.7035,30.2007,30.629,4430509
2016-10-26,30.7221,31.1736,30.4149,30.9641,5789519
2016-10-27,31.0572,31.2341,30.4893,30.9734,4955953
2016-10-28,30.9921,31.141,30.7314,30.9362,5195611
2016-10-31,31.0386,31.7741,31.0386,31.7182,7058021
2016-11-01,31.6717,31.7089,30.8245,30.9641,5438596
2016-11-02,30.871,30.899,30.1728,30.4428,5310738
2016-11-03,30.4149,30.6988,30.2659,30.5173,3262688
2016-11-04,30.6197,30.8524,30.4055,30.4335,3392769
2016-11-07,30.7035,31.1224,30.508,31.1131,4440616
2016-11-08,30.9921,31.4855,30.1542,31.3365,4298803
2016-11-09,30.6848,30.6848,29.8004,29.8563,9113328
2016-11-10,29.7604,29.7698,28.1712,28.3875,16608244
2016-11-11,28.444,28.7825,28.0396,28.2089,9987675
2016-11-14,28.1149,29.0645,28.0537,28.9329,12622409
2016-11-15,29.0834,30.2399,29.0834,30.1553,12255857
2016-11-16,30.1929,30.2587,29.3043,29.7134,5090677
2016-11-17,29.5535,29.9014,29.5535,29.6099,4103916
2016-11-18,29.9202,30.2822,29.671,29.8356,6027551
2016-11-21,29.9578,30.5408,29.9578,30.5408,5358349
2016-11-22,30.4938,30.8511,30.2493,30.522,7001802
2016-11-23,30.1365,30.4938,30.0895,30.381,4333652
2016-11-25,30.4844,30.9075,30.4562,30.6348,1779125
2016-11-28,30.7853,31.6504,30.7571,31.3965,6831106
2016-11-29,31.2648,31.7162,31.2554,31.6504,6590174
2016-11-30,31.152,31.2742,30.569,30.569,8384126
2016-12-01,30.3904,30.7195,29.8732,30.2493,8699486
2016-12-02,30.7665,31.4153,30.7195,31.0392,7811789
2016-12-05,31.0298,31.3918,30.7853,31.3307,6736401
2016-12-06,31.5845,31.6316,31.0016,31.0768,5639378
2016-12-07,31.2648,31.6504,31.2648,31.5281,5509283
2016-12-08,31.2836,32.1581,31.105,32.1581,6403196
2016-12-09,32.1017,32.901,32.1017,32.8163,10118837
2016-12-12,32.5907,32.9104,32.2898,32.4496,6497551
2016-12-13,32.5907,33.3617,32.5483,33.3429,9421846
2016-12-14,33.4745,34.1657,32.8445,32.995,10511830
2016-12-15,32.8069,33.7942,32.6847,33.5968,9980979
2016-12-16,33.625,34.1892,33.3993,33.5874,10927021
2016-12-19,33.719,33.7754,33.0796,33.6156,5033252
2016-12-20,33.5404,33.7378,33.2677,33.3429,5630177
2016-12-21,33.3899,33.5874,32.995,33.042,7947777
2016-12-22,33.1924,33.5592,33.089,33.2019,11759613
2016-12-23,33.2865,33.3711,32.995,33.1924,4878424
2016-12-27,33.136,33.4463,33.0279,33.2865,5649734
2016-12-28,33.3429,33.3993,33.0232,33.0984,3460021
2016-12-29,33.2207,33.7378,33.1736,33.5874,4074184
2016-12-30,33.6156,33.672,33.2583,33.3711,3487420
2017-01-03,33.5404,33.5592,32.8257,33.089,7296274
2017-01-04,33.2301,33.6438,33.1548,33.3711,6651754
2017-01-05,33.3805,33.5216,33.1548,33.3805,5148930
2017-01-06,33.2771,34.0481,33.2113,33.9259,6322944
2017-01-09,33.9353,34.0105,33.1454,33.1642,4680781
2017-01-10,33.3053,33.3711,32.9198,32.9668,5340534
2017-01-11,33.0984,33.3429,33.0232,33.2771,7248196
2017-01-12,33.3053,33.3711,33.1172,33.3241,3591749
2017-01-13,33.2771,33.5122,33.1313,33.3241,5052922
2017-01-17,33.4275,33.8977,33.3993,33.7378,3931725
2017-01-18,33.6626,33.8413,33.4745,33.578,3016309
2017-01-19,33.4839,33.8977,33.3053,33.6062,5024610
2017-01-20,33.6438,33.7472,33.4275,33.6626,5318136
2017-01-23,33.7096,33.7378,33.136,33.1924,3636885
2017-01-24,33.1642,33.2912,33.0044,33.0326,5209127
2017-01-25,33.2301,33.3335,33.0796,33.2395,3905913
2017-01-26,33.2865,33.5404,33.0514,33.183,4521791
2017-01-27,33.3241,33.4087,32.9292,32.9856,3247216
2017-01-30,33.042,33.0514,32.7223,32.948,6187282
2017-01-31,32.948,33.7378,32.901,33.7378,8093719
2017-02-01,33.531,33.672,32.948,33.3335,6461018
2017-02-02,33.3241,33.7566,33.249,33.6814,3924715
2017-02-03,33.6438,33.766,33.531,33.6438,4284494
2017-02-06,33.7472,33.8507,33.531,33.672,4029880
2017-02-07,33.7002,33.9165,33.625,33.8601,3843896
2017-02-08,33.1642,34.1327,32.8822,33.1266,9603845
2017-02-09,33.0514,33.0796,32.412,32.7693,7608778
2017-02-10,32.6753,32.9762,32.6283,32.9292,7374140
2017-02-13,33.0027,33.4299,33.0027,33.316,4848784
2017-02-14,33.6387,33.7051,33.1356,33.5627,5540773
2017-02-15,33.2685,33.4488,33.0787,33.4299,4043727
2017-02-16,33.4299,33.6387,33.3444,33.6197,3519095
2017-02-17,33.6577,33.8095,33.3065,33.7716,4962991
2017-02-21,33.5912,34.1892,33.4583,34.0943,4476728
2017-02-22,34.0278,34.0943,33.5912,33.876,4302347
2017-02-23,34.0089,34.3411,33.9139,34.1512,5224872
2017-02-24,34.3126,35.2997,34.1228,35.2902,8184779
2017-02-27,35.2048,35.2143,34.5451,34.7112,4554701
2017-02-28,34.6163,34.996,34.5973,34.8441,6048348
2017-03-01,34.474,34.6163,34.1797,34.2367,4748836
2017-03-02,34.1607,34.7682,34.0373,34.5689,4467944
2017-03-03,34.5594,34.5594,34.0868,34.474,3186531
2017-03-06,34.3601,34.4502,34.1512,34.2367,3668195
2017-03-07,34.3506,34.5119,34.1892,34.2936,4397779
2017-03-08,33.9899,34.0848,33.7051,33.9044,3954861
2017-03-09,33.8855,34.1512,33.838,33.9614,3319207
2017-03-10,34.1228,34.3125,33.9044,34.1417,3525877
2017-03-13,34.1417,34.2367,33.9756,34.1133,2899338
2017-03-14,34.0468,34.0468,33.7526,33.8285,2925972
2017-03-15,33.9709,34.6733,33.8855,34.436,5205215
2017-03-16,34.2272,34.3885,34.0658,34.1512,3584464
2017-03-17,34.2319,34.379,34.1038,34.1797,8375920
2017-03-20,34.2746,34.2746,33.6387,33.7621,3690296
2017-03-21,33.6861,34.3031,33.5817,34.1322,5446071
2017-03-22,34.2651,34.5689,34.2651,34.455,5441651
2017-03-23,34.3601,34.5916,34.0943,34.1322,6282744
2017-03-24,34.0563,34.5499,34.0468,34.2841,3605565
2017-03-27,34.417,34.474,33.8475,34.0183,2349314
2017-03-28,33.7146,33.876,33.5722,33.857,5913161
2017-03-29,33.8855,34.2841,33.5058,34.1038,4624209
2017-03-30,33.9709,34.0848,33.6861,33.8855,4002134
2017-03-31,33.9329,34.5784,33.838,34.1512,7149268
2017-04-03,34.1228,34.1512,33.7241,33.9994,4660366
2017-04-04,33.9804,34.5309,33.9044,34.3031,5037817
2017-04-05,34.0563,34.3221,33.9424,34.2272,4620945
2017-04-06,34.1702,34.4882,33.9234,34.4265,5709665
2017-04-07,34.4645,34.6163,34.1038,34.1417,6055370
2017-04-10,34.1702,34.1702,33.876,33.9899,5195889
2017-04-11,33.9329,34.4597,33.7621,34.3031,5238489
2017-04-12,34.1417,34.417,33.9424,34.3506,4755740
2017-04-13,34.3031,34.3506,33.9994,34.1417,3607320
2017-04-17,34.1512,34.2841,34.0183,34.0753,3149840
2017-04-18,34.0848,34.2272,33.8997,33.9614,4456701
2017-04-19,33.9709,34.0468,33.5627,33.6577,4743741
2017-04-20,33.5817,33.6007,33.0597,33.2685,4361989
2017-04-21,33.2685,33.5438,33.2305,33.2495,4469740
2017-04-24,33.4109,33.8095,33.1926,33.6956,4433549
2017-04-25,33.5438,33.7099,33.0692,33.297,5341048
2017-04-26,33.259,33.6292,33.1261,33.1261,4041020
2017-04-27,33.1451,33.3871,33.0312,33.0692,3901630
2017-04-28,33.0692,33.1071,32.7749,32.8698,4112349
2017-05-01,32.8888,32.9363,32.4712,32.5851,4269066
2017-05-02,32.642,32.7749,32.3858,32.7085,5067810
2017-05-03,32.8319,32.8319,31.9681,32.2529,6640380
2017-05-04,32.2244,32.5566,32.158,32.3193,7059296
2017-05-05,32.4427,32.7844,32.4237,32.5946,4030105
2017-05-08,32.6326,32.7275,32.4332,32.5187,4791762
2017-05-09,32.4522,32.4617,31.8637,31.8827,5082724
2017-05-10,31.9586,32.0725,31.7498,32.0441,6002489
2017-05-11,32.0704,32.2334,31.9171,32.1088,7576166
2017-05-12,32.2525,32.8276,32.1088,32.7126,6341512
2017-05-15,32.9331,33.3835,32.9139,33.2589,7363356
2017-05-16,33.1727,33.2685,32.8564,33.0768,6011490
2017-05-17,33.0193,33.5033,33.0001,33.4027,7043083
2017-05-18,33.5081,33.8628,33.0864,33.6232,7903097
2017-05-19,33.6998,33.6998,33.3356,33.604,6212874
2017-05-22,33.4602,34.1599,33.4602,34.0545,5684386
2017-05-23,34.0449,34.112,33.8244,33.9011,10759814
2017-05-24,33.9778,34.342,33.8724,34.3228,7918364
2017-05-25,34.4379,34.5816,34.2174,34.5337,4420724
2017-05-26,34.5145,34.5816,34.2462,34.3324,5699892
2017-05-30,34.2366,34.6966,34.1791,34.5625,3836713
2017-05-31,34.5816,34.9363,34.4858,34.8021,6339264
2017-06-01,34.7446,35.2142,34.6008,35.2046,4479546
2017-06-02,35.2717,35.3005,34.9075,35.08,3311739
2017-06-05,35.0417,35.2142,34.8692,35.1088,4369804
2017-06-06,35.2238,35.3292,35.0225,35.1663,4482759
2017-06-07,35.1567,35.3196,35.0321,35.0896,3950124
2017-06-08,35.08,35.0896,34.7398,34.8883,4130880
2017-06-09,34.8883,35.1567,34.8117,35.0992,4057913
2017-06-12,35.1375,35.3388,34.8809,34.965,5442105
2017-06-13,34.965,35.08,34.8596,35.0321,3980724
2017-06-14,35.2621,35.3676,35.0714,35.1663,3140768
2017-06-15,35.1471,35.3292,34.9938,35.2909,3228382
2017-06-16,35.3484,35.5784,35.334,35.5401,5540407
2017-06-19,35.5976,35.6072,35.1308,35.3101,3879418
2017-06-20,35.2813,35.588,35.1663,35.358,3970964
2017-06-21,35.4155,35.588,34.9842,35.1471,3445128
2017-06-22,35.0896,35.5401,35.0896,35.1375,4253469
2017-06-23,35.1375,35.2621,34.9363,34.9842,4374746
2017-06-26,35.1375,35.8851,35.0609,35.6647,4874561
2017-06-27,35.4251,35.5784,35.0609,35.2334,3978813
2017-06-28,35.3388,35.3867,34.6296,34.6871,4919260
2017-06-29,34.4954,34.7254,34.3133,34.3516,4829240
2017-06-30,34.4283,34.7733,34.342,34.572,4505762
2017-07-03,34.6966,34.7446,34.112,34.3516,2314238
2017-07-05,34.3516,34.4762,33.9107,34.0449,4002960
2017-07-06,33.9682,34.2462,33.9011,34.1982,5980475
2017-07-07,34.2174,34.4091,34.0257,34.1024,4383479
2017-07-10,34.112,34.5145,34.112,34.2749,4393236
2017-07-11,34.3324,34.3612,34.0353,34.2366,4268963
2017-07-12,34.5145,34.7062,34.4475,34.572,3481538
2017-07-13,34.4762,34.5241,34.1791,34.2366,3468368
2017-07-14,34.4666,34.7676,34.4474,34.5625,3073777
2017-07-17,34.9746,35.5209,34.9363,35.4922,7360173
2017-07-18,35.5113,35.6455,35.3773,35.6168,4829224
2017-07-19,35.703,35.8564,35.5209,35.8372,3317967
2017-07-20,35.8947,36.1248,35.7605,36.0385,3379606
2017-07-21,36.0002,36.1919,35.7701,35.9235,4373348
2017-07-24,35.9235,35.9331,35.5689,35.6551,4827922
2017-07-25,35.7222,35.7989,35.3963,35.4826,3904490
2017-07-26,35.4826,36.1439,35.4184,36.1152,4667900
2017-07-27,36.1631,36.4602,35.981,36.4123,5253671
2017-07-28,36.3931,36.8436,36.3069,36.8053,5686790
2017-07-31,36.7957,36.9011,36.6519,36.7478,8144584
2017-08-01,36.6328,36.7765,36.3836,36.5848,3888697
2017-08-02,36.604,37.0161,36.1535,36.8244,6033582
2017-08-03,36.7861,36.8724,36.5992,36.8436,3869929
2017-08-04,36.6328,36.7765,36.3836,36.5848,3888697
2017-08-07,36.5657,36.6807,36.4698,36.6328,2558561
2017-08-08,36.5465,36.7813,36.4506,36.6232,3391520
2017-08-09,36.8244,36.882,36.1343,36.1343,5622888
2017-08-10,36.1439,36.3452,35.9954,36.1727,3928153
2017-08-11,36.2573,36.325,36.0156,36.2573,3652964
2017-08-14,36.3153,36.383,36.1703,36.354,2775252
2017-08-15,36.1606,36.6924,36.1606,36.586,4521508
2017-08-16,36.586,36.8761,36.5329,36.8664,4175308
2017-08-17,36.7987,36.9196,36.3443,36.354,3654219
2017-08-18,36.325,36.9196,36.238,36.7311,3853849
2017-08-21,36.7987,36.8761,36.586,36.7021,3094604
2017-08-22,36.7311,37.0018,36.7021,36.9631,1899469
2017-08-23,36.9341,37.1178,36.8075,37.0501,2752448
2017-08-24,37.0405,37.2338,36.8664,37.0695,5958665
2017-08-25,37.2145,37.3112,37.0211,37.0308,3193260
2017-08-28,37.0985,37.1468,36.7214,37.0018,3883171
2017-08-29,37.0211,37.1661,36.8906,36.9534,2429776
2017-08-30,36.9534,36.9534,36.5425,36.586,4002276
2017-08-31,36.7407,36.8761,36.5667,36.615,6435502
2017-09-01,36.6924,36.7021,36.1799,36.296,5859462
2017-09-05,36.3443,36.4313,36.1993,36.354,6423655
2017-09-06,36.5087,36.5667,36.238,36.3056,5036457
2017-09-07,36.4023,36.8374,36.3298,36.7697,4234716
2017-09-08,36.7117,37.0211,36.645,36.9051,4466711
2017-09-11,36.8761,37.2242,36.7794,37.1952,3289240
2017-09-12,37.0791,37.1758,36.296,36.6247,4713606
2017-09-13,36.6537,36.8567,36.528,36.5474,5369144
2017-09-14,39.5137,39.6988,38.5977,38.6074,4473218
2017-09-15,36.8567,37.1275,36.2476,36.3637,15250725
2017-09-18,36.3443,36.615,35.8512,36.1606,6811964
2017-09-19,36.1606,36.3056,35.8029,36.0446,5360586
2017-09-20,36.1413,36.1413,35.4161,35.6868,7924549
2017-09-21,35.6772,36.1703,35.6385,35.9189,3446887
2017-09-22,36.0156,36.0833,35.7062,35.8899,3383822
2017-09-25,35.9092,36.412,35.7932,36.354,4546787
2017-09-26,36.2766,36.2766,35.9237,35.9382,3971960
2017-09-27,35.7739,36.0494,35.6578,35.9189,5833880
2017-09-28,35.7739,36.3637,35.6095,36.1606,4253414
2017-09-29,36.238,36.7021,36.1993,36.4217,6891931
2017-10-02,36.557,37.1178,36.4023,36.8761,8714505
2017-10-03,36.8567,36.8761,36.3056,36.586,5183193
2017-10-04,36.5957,36.9438,36.441,36.9244,4971860
2017-10-05,36.9341,37.113,36.7311,37.0791,5434521
2017-10-06,36.8567,36.9824,36.673,36.8858,4122048
2017-10-09,36.8954,37.0501,36.7166,36.7794,2484584
2017-10-10,36.9051,37.1371,36.7504,37.0308,2403374
2017-10-11,36.673,37.2242,36.673,37.1855,4909203
2017-10-12,37.1275,37.6592,36.9824,37.6496,4733762
2017-10-13,37.7076,38.1233,37.6302,37.9396,6376659
2017-10-16,37.8526,38.4231,37.6883,38.3554,8556000
2017-10-17,38.249,38.4037,37.9203,38.2877,4238792
2017-10-18,38.2684,38.3651,38.046,38.307,2726499
2017-10-19,38.2877,38.5584,38.133,38.4521,4810929
2017-10-20,38.4327,38.4907,38.0363,38.2684,4235605
2017-10-23,38.278,38.5004,38.0798,38.4231,3653023
2017-10-24,38.4231,38.6744,38.2877,38.6358,3808619
2017-10-25,38.5488,38.8485,38.0073,38.7325,4692319
2017-10-26,38.9162,39.0032,38.5488,38.5584,3993835
2017-10-27,38.4907,38.9887,38.4231,38.9162,2783561
2017-10-30,38.7421,38.9355,38.6164,38.9065,4885574
2017-10-31,38.8872,39.0419,38.7711,38.8775,3692376
2017-11-01,38.9838,39.0225,38.6551,38.8195,5209993
2017-11-02,38.7711,39.4576,38.162,39.3706,7794392
2017-11-03,39.3996,40.1828,39.2159,39.5833,5709327
2017-11-06,39.6123,39.7767,39.2739,39.3416,3895554
2017-11-07,39.3803,40.1151,39.3126,39.9024,4183768
2017-11-08,39.9217,40.0957,39.4866,39.9507,3815502
2017-11-09,39.8444,40.1634,39.6703,39.7767,3580308
2017-11-10,39.506,40.0571,39.506,39.9314,3881589
2017-11-13,40.0087,40.7822,39.9314,40.6952,5310225
2017-11-14,40.683,41.37,40.5271,41.3067,5277986
2017-11-15,41.3749,41.5795,40.6148,40.7025,5777193
2017-11-16,40.5368,40.5856,40.0594,40.186,6987052
2017-11-17,40.1373,40.303,40.0106,40.2055,4821277
2017-11-20,40.264,40.5758,40.1568,40.2932,3799828
2017-11-21,40.4004,40.6002,40.2835,40.3322,3081803
2017-11-22,40.3809,40.4881,40.1568,40.4394,3058883
2017-11-24,40.4394,40.6781,40.4102,40.5661,1432571
2017-11-27,40.6343,40.7512,40.4004,40.5856,4359227
2017-11-28,40.7122,41.0338,40.6733,40.8876,3857257
2017-11-29,40.761,40.8376,40.4248,40.6245,4487208
2017-11-30,40.683,40.8876,40.3722,40.644,7346092
2017-12-01,40.8194,41.0143,40.2055,40.761,5908711
2017-12-04,40.8194,40.9266,40.3614,40.4979,4939457
2017-12-05,40.5174,40.644,39.9035,40.1958,6139685
2017-12-06,40.4199,40.5856,39.7388,40.0691,5384084
2017-12-07,40.0886,40.1178,38.5392,39.767,6814267
2017-12-08,39.5819,40.0204,39.3383,40.0009,7950218
2017-12-11,40.0399,40.8779,40.0399,40.8487,8716519
2017-12-12,40.7122,40.8194,39.9132,39.9619,7944133
2017-12-13,39.9522,40.4297,39.8158,40.0789,8641586
2017-12-14,40.0155,40.2055,39.5721,39.767,4694922
2017-12-15,39.806,39.9668,39.6404,39.6988,9017425
2017-12-18,39.9424,40.0301,39.3578,39.4455,4976653
2017-12-19,39.5137,39.6988,38.5977,38.6074,4474052
2017-12-20,38.4613,38.7049,37.9741,38.0423,6077680
2017-12-21,37.9156,38.3541,37.7694,38.0715,4014729
2017-12-22,38.1787,38.2177,37.9741,38.013,3529779
2017-12-26,38.1202,38.2274,37.7889,37.8181,2040908
2017-12-27,37.9741,38.0228,37.7792,37.9935,5023533
2017-12-28,37.9351,38.32,37.9351,38.2956,3743997
2017-12-29,38.432,38.4905,38.2469,38.4028,3118349
2018-01-02,38.5295,38.6757,38.2566,38.5782,5153123
2018-01-03,38.3638,38.8608,37.7792,38.0618,4814780
2018-01-04,37.9741,38.1397,37.5063,37.5258,4729444
2018-01-05,37.7304,37.8376,37.0922,37.214,7142138
2018-01-08,37.3017,37.8766,37.253,37.6135,10782363
2018-01-09,37.5648,37.6817,36.7755,37.1848,7664272
2018-01-10,37.0483,37.3555,36.8534,36.9801,4914842
2018-01-11,37.2432,37.7499,37.0776,37.4284,7431905
2018-01-12,37.3504,37.6038,37.0386,37.4089,5095182
2018-01-16,37.4868,37.8279,37.1263,37.4868,7737250
2018-01-17,37.6038,38.1982,37.5648,38.091,5930963
2018-01-18,38.0033,38.0812,37.1945,37.6038,7048419
2018-01-19,37.7597,37.8084,36.9314,36.9996,8464712
2018-01-22,37.2432,37.6427,36.9558,37.0776,9460781
2018-01-23,37.4381,37.9448,37.3407,37.5453,6438444
2018-01-24,37.4868,37.5356,37.1458,37.2335,5488693
2018-01-25,37.3602,37.7792,37.2768,37.6915,6889741
2018-01-26,37.8571,37.9546,37.4576,37.8669,7514717
2018-01-29,37.7207,37.7207,37.1848,37.3504,4653977
2018-01-30,37.3504,37.633,37.1165,37.3114,4606868
2018-01-31,37.3212,37.6038,37.1263,37.5258,10075663
2018-02-01,37.5453,37.7207,36.7999,36.8729,4895147
2018-02-02,36.7852,37.175,36.678,36.756,5533555
2018-02-05,36.756,37.0971,35.8929,35.9764,7002333
2018-02-06,35.5769,35.879,34.661,35.538,12572976
2018-02-07,35.538,36.7268,35.1677,35.2261,8553380
2018-02-08,35.2359,35.9082,35.0312,35.0605,11328568
2018-02-09,35.2261,36.1519,34.9533,35.918,10826831
2018-02-12,35.957,36.376,35.6208,36.2201,7420658
2018-02-13,36.0934,36.2298,35.4892,36.0641,7408582
2018-02-14,35.9707,36.4527,35.6264,36.0002,7662806
2018-02-15,36.1183,36.8953,36.0199,36.8855,6799241
2018-02-16,36.9838,37.3576,36.8166,37.1609,9447642
2018-02-20,37.1117,37.4756,36.856,37.0625,9892085
2018-02-21,37.0625,37.1412,36.4133,36.4527,14813750
2018-02-22,36.5707,36.9051,36.3248,36.6297,8085344
2018-02-23,36.7478,37.6527,36.5707,37.6133,5400486
2018-02-26,37.6625,37.7707,37.2396,37.4068,5324226
2018-02-27,37.4068,37.8543,36.6297,36.6297,6734508
2018-02-28,36.6888,37.0429,36.433,36.433,7601992
2018-03-01,36.5707,36.9347,36.0494,36.3347,5238368
2018-03-02,36.3642,36.5314,35.9019,36.315,5339856
2018-03-05,36.2461,37.1314,36.0691,37.0625,5684546
2018-03-06,37.0724,37.1117,36.4133,36.5609,6533954
2018-03-07,36.4428,36.5904,35.9707,36.2166,4875134
2018-03-08,36.256,36.9051,36.1379,36.8363,4566077
2018-03-09,36.8756,36.9543,36.3986,36.8855,7714849
2018-03-12,36.9347,37.033,36.6101,36.915,8515030
2018-03-13,37.0527,37.4068,36.5953,36.8265,6515823
2018-03-14,36.8953,37.456,36.8953,37.2101,5338449
2018-03-15,37.2101,37.5838,37.0773,37.2494,5461079
2018-03-16,37.3379,37.9084,37.274,37.7511,11779549
2018-03-19,37.8002,37.933,37.2888,37.5937,6116979
2018-03-20,37.6625,37.9576,37.5199,37.6822,9898786
2018-03-21,37.7314,38.0953,37.3281,37.4461,7642665
2018-03-22,37.4756,38.4396,37.4756,37.7412,5613353
2018-03-23,37.7904,37.9478,37.0133,37.092,4704858
2018-03-26,37.2789,37.5347,37.1314,37.4756,3397114
2018-03-27,37.515,38.2133,37.3674,37.8396,5743184
2018-03-28,37.9478,38.3314,37.8297,37.9084,7685256
2018-03-29,38.174,38.6756,38.1248,38.3707,6223842
2018-04-02,38.4593,38.5184,37.3478,37.633,7398704
2018-04-03,37.6232,38.292,37.5543,38.115,6064150
2018-04-04,38.0265,38.1642,37.6232,38.1445,4286123
2018-04-05,38.1642,38.4789,37.7806,38.3609,4427988
2018-04-06,38.3412,38.4494,37.8156,37.997,3475642
2018-04-09,38.0756,38.2527,37.8592,37.9576,3835251
2018-04-10,37.9478,38.2133,37.7806,38.0363,5598181
2018-04-11,38.0166,38.0166,37.7609,37.8494,3765381
2018-04-12,37.4953,37.9035,36.8394,37.1412,9585065
2018-04-13,37.4363,38.0855,37.408,37.7117,5489899
2018-04-16,37.8888,38.0512,37.6429,37.9576,4767873
2018-04-17,38.0658,38.5183,37.9871,38.4297,4972972
2018-04-18,38.5379,38.892,38.3019,38.3019,4157449
2018-04-19,38.2625,38.3904,37.9478,38.3215,3196216
2018-04-20,38.3511,38.3609,37.7707,37.9674,4593102
2018-04-23,38.0855,38.4199,37.8543,38.0265,4383282
2018-04-24,38.2035,38.9707,38.1052,38.5379,5237632
2018-04-25,38.3707,38.5478,38.0658,38.5183,3818549
2018-04-26,38.5773,39.0002,38.5084,38.8625,4011043
2018-04-27,38.774,39.3052,38.7642,39.197,3301544
2018-04-30,39.2658,39.3347,38.9609,39.0297,6805284
2018-05-01,39.3445,39.7675,39.2265,39.492,14136045
2018-05-02,39.7183,39.9248,39.2658,39.7183,8072866
2018-05-03,39.6396,40.5101,39.3838,40.1806,8154002
2018-05-04,40.2298,40.5298,40.2101,40.4068,4187142
2018-05-07,40.456,40.8789,40.4265,40.6232,6937907
2018-05-08,40.4953,40.515,39.9052,40.0724,9582960
2018-05-09,40.0429,40.1216,39.256,39.315,6292873
2018-05-10,39.6396,39.9543,39.5019,39.9347,4839529
2018-05-11,39.8855,40.0921,39.6839,39.974,3392956
2018-05-14,40.1278,40.227,39.7607,40.0187,4226823
2018-05-15,39.7607,39.9889,39.5524,39.8897,8295860
2018-05-16,39.7905,39.9492,39.2647,39.473,4343638
2018-05-17,39.5226,39.6814,38.9373,39.0365,6401714
2018-05-18,39.106,39.349,38.7935,39.1258,6491563
2018-05-21,39.225,39.3937,38.7985,39.3242,4903840
2018-05-22,39.3143,39.7954,39.3044,39.5524,5331018
2018-05-23,39.6318,40.0286,39.5822,39.979,6601515
2018-05-24,39.8599,40.227,39.6169,40.2071,6119197
2018-05-25,40.1675,40.5593,40.098,40.346,4390173
2018-05-29,40.1675,40.5643,40.0087,40.3857,6144225
2018-05-30,40.3559,41.0603,40.1278,40.8916,6727140
2018-05-31,40.842,41.3827,40.584,41.0603,6176581
2018-06-01,41.0603,41.0702,40.0881,40.6635,6910550
2018-06-04,40.7627,41.0107,40.098,40.2171,6684668
2018-06-05,40.3758,40.4254,39.9095,40.1079,4926430
2018-06-06,40.3262,40.3262,39.3341,39.3937,6190366
2018-06-07,39.4234,40.2071,39.3093,39.8202,6096995
2018-06-08,39.7607,39.9889,39.4234,39.6814,5415304
2018-06-11,39.6814,39.8996,39.4086,39.6119,4346327
2018-06-12,39.6119,40.2369,39.5921,40.1675,7251344
2018-06-13,40.2865,40.7974,40.0385,40.1972,5449404
2018-06-14,40.1972,40.7875,40.0782,40.7428,5081679
2018-06-15,40.6436,41.2389,40.2567,41.1595,11009624
2018-06-18,41.1,41.5067,41.1,41.3877,4843900
2018-06-19,41.4174,41.8043,40.9164,41.2785,6770706
2018-06-20,41.3678,41.6059,41.0752,41.467,3896691
2018-06-21,41.3777,41.5803,40.8619,41.1,6894976
2018-06-22,41.2587,41.3976,41.0206,41.1694,5138103
2018-06-25,41.2587,41.7696,41.1595,41.5166,6911176
2018-06-26,41.6158,41.8787,41.467,41.6952,10904010
2018-06-27,41.6952,42.0077,41.5662,41.8638,5636528
2018-06-28,41.9928,42.2706,41.7746,41.9432,7746861
2018-06-29,42.0027,42.3747,41.6952,42.2606,10091484
2018-07-02,42.3301,42.5781,42.0126,42.5583,4362329
2018-07-03,42.5483,42.7418,42.2408,42.469,3059605
2018-07-05,42.5583,42.6426,42.3003,42.5781,4142643
2018-07-06,42.5682,42.841,42.4402,42.7467,3729057
2018-07-09,42.8162,42.8556,41.348,41.5166,5951849
2018-07-10,41.1694,42.0325,41.1297,41.8341,5310644
2018-07-11,41.9432,42.2557,40.8718,42.1118,5569575
2018-07-12,42.1515,42.2606,41.6257,42.0126,6071339
2018-07-13,42.1317,42.1912,41.7051,42.0523,4771342
2018-07-16,41.9432,42.0622,41.6257,41.8142,5423228
2018-07-17,41.8638,41.9928,41.5563,41.5861,7740319
2018-07-18,41.6257,41.6853,41.2637,41.5861,4893718
2018-07-19,41.6654,42.1317,41.6605,41.9035,6098052
2018-07-20,41.715,41.9134,41.4373,41.715,5877406
2018-07-23,41.8341,41.844,41.1297,41.2785,4235186
2018-07-24,41.1694,41.3777,40.6436,41.3182,5165838
2018-07-25,41.2885,41.9035,41.2686,41.5464,5545033
2018-07-26,41.7547,41.9531,41.6059,41.9333,5699849
2018-07-27,41.963,42.2408,41.6952,41.8638,3011613
2018-07-30,41.8242,41.9195,41.3182,41.467,3420343
2018-07-31,41.6257,42.1813,41.3976,42.1614,8493153
2018-08-01,41.844,41.8738,41.3877,41.6654,5461449
2018-08-02,41.8242,42.5384,41.6257,41.9531,5087362
2018-08-03,42.0226,42.3053,41.8043,42.1515,4424854
2018-08-06,42.1019,42.4392,42.0325,42.2706,3964249
2018-08-07,42.3202,42.6178,41.9134,42.4293,6130857
2018-08-08,42.3599,42.5781,42.1614,42.5087,3428858
2018-08-09,42.5285,43.084,42.4095,43.0245,4579329
2018-08-10,43.1237,43.3916,42.717,42.7864,4463115
2018-08-13,42.8261,43.0245,42.6674,42.965,4431469
2018-08-14,43.06,43.52,43.0001,43.35,4348973
2018-08-15,43.44,43.97,43.38,43.63,5868473
2018-08-16,43.62,44.44,43.57,44.33,8266499
2018-08-17,44.3,45.05,44.24,44.53,8284176
2018-08-20,44.29,44.49,44.09,44.26,6398112
2018-08-21,44.32,44.3609,43.82,44.09,4388097
2018-08-22,44.2,44.2,43.63,43.93,3020169
2018-08-23,43.92,44.23,43.78,43.9,3377662
2018-08-24,43.92,44.08,43.605,44.03,3374516
2018-08-27,44.12,44.18,43.415,43.65,2722673
2018-08-28,43.52,43.6,43.27,43.4,4561921
2018-08-29,43.84,43.94,43.58,43.82,3054524
2018-08-30,43.89,44.1286,43.75,43.94,2868321
2018-08-31,43.93,44.05,43.45,43.71,6528025
2018-09-04,44.09,44.13,43.85,43.99,3128424
2018-09-05,44.04,44.38,43.99,44.2,7031497
2018-09-06,44.45,44.58,44.18,44.36,6306103
2018-09-07,44.11,44.44,43.86,44.07,4752244
2018-09-10,44.27,44.85,44.17,44.62,5083139
2018-09-11,44.29,44.48,43.97,44.2,5325269
2018-09-12,44.25,44.46,44.06,44.12,4665590
2018-09-13,44.11,44.45,43.86,44.44,4495532
