date,open,high,low,close,volume
2013-09-16,43.0956,43.4113,43.0186,43.2628,715313
2013-09-17,43.3556,43.5971,43.2813,43.5042,750913
2013-09-18,43.6342,43.7828,43.1978,43.5599,948532
2013-09-19,43.5692,43.9221,43.4949,43.7642,756800
2013-09-20,43.7921,43.9499,43.4671,43.5042,1323074
2013-09-23,43.3185,43.5599,43.0399,43.1792,528215
2013-09-24,43.2256,43.7642,43.1551,43.4856,897758
2013-09-25,43.4763,43.7364,43.0956,43.3649,944512
2013-09-26,43.3742,43.6435,43.1235,43.2999,1447853
2013-09-27,43.0492,43.2999,43.0028,43.2163,802621
2013-09-30,42.9563,43.156,42.7149,43.1235,1070148
2013-10-01,43.1513,43.6435,43.0771,43.5321,1212681
2013-10-02,43.3463,43.7085,43.2303,43.6899,1198732
2013-10-03,43.5413,43.5692,42.6917,42.7799,1789197
2013-10-04,42.7985,43.2442,42.7335,43.2256,1469424
2013-10-07,42.8728,42.9099,42.622,42.622,837581
2013-10-08,42.5942,42.7056,41.9999,42.0092,1517872
2013-10-09,42.0556,42.0742,41.2849,41.6935,1699408
2013-10-10,41.9906,42.6499,41.9906,42.6499,1111346
2013-10-11,42.4456,42.9285,42.4363,42.8728,647658
2013-10-14,42.7335,43.0771,42.6406,42.9749,669902
2013-10-15,42.7985,42.9006,42.362,42.3713,926401
2013-10-16,42.7242,43.3371,42.6313,43.2813,974893
2013-10-17,43.1328,43.3278,42.9656,43.3278,1211487
2013-10-18,43.5135,44.2239,43.2721,43.9778,1330260
2013-10-21,44.0149,44.2424,43.8571,44.1728,646767
2013-10-22,44.2192,44.6557,44.2006,44.5164,791785
2013-10-23,44.3121,44.4606,44.0056,44.2006,964496
2013-10-24,44.2192,44.3956,44.0149,44.0892,817319
2013-10-25,44.1264,44.2285,43.9314,44.0521,915182
2013-10-28,44.0521,44.1078,43.5785,43.5878,1722852
2013-10-29,43.9221,46.0857,43.6342,45.7514,2136982
2013-10-30,45.7607,45.965,45.2499,45.3057,1753991
2013-10-31,45.2314,45.6957,44.9992,45.2685,1170750
2013-11-01,45.4542,45.5192,45.0457,45.0828,1019193
2013-11-04,45.1478,45.236,44.8971,45.0735,828236
2013-11-05,45.0178,45.1385,44.7764,45.0178,824960
2013-11-06,45.0364,45.1664,44.7485,45.0364,963323
2013-11-07,45.1942,45.2592,44.1914,44.2471,797972
2013-11-08,44.1078,45.0364,44.0149,44.8692,1740251
2013-11-11,44.7114,45.0271,44.6185,44.7485,1062756
2013-11-12,44.6092,45.3521,44.4978,45.2314,957524
2013-11-13,44.9157,45.9278,44.8878,45.9185,913662
2013-11-14,45.8442,46.8843,45.7421,46.7635,1537624
2013-11-15,46.5778,47.33,46.4757,47.3021,1759066
2013-11-18,47.395,47.46,46.8843,46.9771,996700
2013-11-19,46.9864,47.8128,46.8378,47.0143,1220094
2013-11-20,47.4043,47.4135,46.94,47.0514,1004499
2013-11-21,47.1443,47.3671,46.9678,47.3393,1174470
2013-11-22,47.2743,47.3671,46.9539,47.3393,1464740
2013-11-25,47.525,47.6457,46.9168,47.1721,839353
2013-11-26,47.2557,47.3671,46.6521,47.2,2198248
2013-11-27,47.2835,47.3578,46.9585,47.2093,787854
2013-11-29,47.1814,47.33,46.9957,47.0607,657274
2013-12-02,47.1721,47.265,46.9307,46.9864,1469191
2013-12-03,46.8843,47.4878,46.7659,47.0607,1967421
2013-12-04,46.7914,47.135,46.4385,46.8471,1146487
2013-12-05,46.745,46.8843,46.1878,46.2435,1097239
2013-12-06,46.6428,47.4043,46.6057,47.2464,832903
2013-12-09,47.3671,47.6828,47.0607,47.2278,1020998
2013-12-10,47.0793,47.6085,46.9957,47.5807,1616025
2013-12-11,47.59,47.6643,46.7728,46.8935,1273285
2013-12-12,46.8469,47.2479,46.7256,47.0987,878780
2013-12-13,47.2293,47.5837,47.1453,47.3598,834029
2013-12-16,47.5557,47.9008,47.5277,47.8168,632668
2013-12-17,47.9101,47.9101,47.3785,47.6117,923540
2013-12-18,47.8262,48.8054,47.3412,48.7775,993762
2013-12-19,48.7868,48.9453,48.5256,48.6749,869371
2013-12-20,48.9453,49.1225,48.563,49.1132,1555104
2013-12-23,49.2438,49.3091,48.8428,48.9547,904547
2013-12-24,48.8987,49.0479,48.7961,48.936,766414
2013-12-26,49.2158,49.2158,48.8428,49.1132,1146225
2013-12-27,49.3277,49.4956,49.1039,49.1972,518443
2013-12-30,49.3091,49.7847,49.2904,49.7008,795753
2013-12-31,49.7661,50.1112,49.7661,50.0645,713317
2014-01-02,49.8034,49.9433,49.2345,49.4303,986757
2014-01-03,49.4396,50.0002,49.3091,49.5702,969344
2014-01-06,49.6448,49.8314,49.2269,49.2904,790694
2014-01-07,49.3464,49.5282,49.2251,49.3837,855700
2014-01-08,49.449,49.5609,49.2811,49.4303,1771845
2014-01-09,49.5236,49.6635,49.3464,49.449,621863
2014-01-10,49.5889,49.6448,49.1505,49.4303,697147
2014-01-13,49.2624,49.5049,48.4324,48.535,1213360
2014-01-14,48.7122,49.3091,48.535,48.908,2001103
2014-01-15,49.0013,49.1972,48.7588,48.8707,2230087
2014-01-16,48.8334,49.1225,48.7122,49.0013,1403406
2014-01-17,49.0666,49.2578,48.8241,49.1878,1426944
2014-01-21,49.4303,49.7194,49.1132,49.6635,2048647
2014-01-22,49.6168,49.9433,49.5795,49.8966,1780075
2014-01-23,49.4303,49.8966,49.1972,49.6635,2691978
2014-01-24,49.1505,49.2811,47.2852,47.4158,2761736
2014-01-27,47.565,47.5688,46.9588,46.9868,2005611
2014-01-28,46.9775,47.5837,46.8189,47.5277,863626
2014-01-29,47.0894,48.1433,47.08,47.5744,2440566
2014-01-30,48.1153,48.5163,47.9661,48.2365,1012262
2014-01-31,47.6023,47.649,47.08,47.2852,2404999
2014-02-03,47.3132,47.4251,45.5692,45.5785,1988361
2014-02-04,45.9702,47.8728,44.9256,47.5184,2950622
2014-02-05,47.5184,48.3111,47.1267,47.9194,3040518
2014-02-06,48.022,48.9453,47.8915,48.9453,2249965
2014-02-07,49.2811,50.1205,49.1599,50.0925,3217299
2014-02-10,49.9713,50.0627,49.0573,49.4583,1619905
2014-02-11,49.5795,49.7987,49.0852,49.5422,1699722
2014-02-12,49.6635,49.9899,49.5795,49.9433,1748312
2014-02-13,49.7288,50.4283,49.7288,50.4283,979488
2014-02-14,50.2324,50.5308,49.9713,50.2324,916393
2014-02-18,50.2697,50.7034,50.0738,50.6521,925695
2014-02-19,50.4562,51.0718,50.2604,50.2884,778247
2014-02-20,50.3816,50.9599,50.279,50.6148,835092
2014-02-21,50.8386,51.0251,50.6754,50.6801,807175
2014-02-24,50.6707,51.5894,50.6707,51.2023,1004185
2014-02-25,51.1464,51.4542,50.9412,51.249,859013
2014-02-26,51.3702,51.692,51.165,51.4448,952653
2014-02-27,51.2583,52.2656,51.2583,52.2469,1341775
2014-02-28,52.1816,52.4148,51.5847,51.8645,1319669
2014-03-03,51.2956,51.7618,50.8946,51.5101,840743
2014-03-04,52.2096,52.8625,52.107,52.7412,1201544
2014-03-05,52.8158,52.8158,51.7433,51.7899,1461927
2014-03-06,51.8552,52.2096,51.6827,51.9018,1324137
2014-03-07,52.1443,52.2096,51.622,51.734,992497
2014-03-10,51.6873,51.706,51.2956,51.4355,779214
2014-03-11,51.5101,51.7713,51.1557,51.2583,1190955
2014-03-12,51.0718,51.1371,50.792,51.0625,1170381
2014-03-13,51.3341,51.4184,49.9571,49.9571,1600910
2014-03-14,49.8915,50.0882,49.3669,49.4138,1787479
2014-03-17,49.7229,50.1913,49.7229,50.0695,1456531
2014-03-18,50.0695,50.8002,50.0508,50.7533,930492
2014-03-19,50.8658,51.0531,50.1445,50.4723,902043
2014-03-20,50.4442,50.9782,50.3505,50.8564,986441
2014-03-21,51.3529,51.5871,50.4957,50.744,2529272
2014-03-24,50.8751,51.0718,49.6948,49.7885,911354
2014-03-25,50.1257,50.1922,49.47,49.7135,1025190
2014-03-26,49.9196,50.0601,49.1492,49.189,1057676
2014-03-27,48.9829,49.292,48.7112,49.0204,1463932
2014-03-28,49.1328,49.8166,48.936,49.5449,1124632
2014-03-31,49.826,50.4442,49.8166,50.0695,1947538
2014-04-01,50.1819,50.5473,49.9852,50.5098,1041638
2014-04-02,50.5004,50.9032,50.3412,50.7346,1206611
2014-04-03,50.8002,50.9126,50.6035,50.7346,1064526
2014-04-04,51.1187,51.1374,49.7042,49.8072,1265965
2014-04-07,49.6667,49.8915,48.9267,49.5637,3280749
2014-04-08,49.5449,49.5918,49.0475,49.3482,1267711
2014-04-09,49.573,49.6948,49.0578,49.6573,1094219
2014-04-10,49.7323,49.7979,48.5332,48.5332,877633
2014-04-11,48.1772,48.6363,47.7651,48.0368,1474243
2014-04-14,48.3834,48.5239,47.9337,48.4115,1220276
2014-04-15,48.6456,49.1328,48.3272,48.8517,1968741
2014-04-16,49.2639,49.5305,49.0531,49.1796,1299218
2014-04-17,48.9079,49.6199,48.7862,49.3482,1408793
2014-04-21,49.5543,49.6292,48.8705,49.189,702062
2014-04-22,49.1515,49.3669,48.9641,49.189,1011086
2014-04-23,49.189,50.0695,49.189,49.929,2126074
2014-04-24,50.107,50.107,49.0859,49.2264,1598538
2014-04-25,48.9548,48.9735,48.4864,48.5239,758237
2014-04-28,48.8798,49.2826,48.1211,48.6175,962297
2014-04-29,48.9267,49.47,48.6925,49.4606,1579045
2014-04-30,49.5637,50.21,49.2452,50.0508,1904799
2014-05-01,50.1257,50.388,48.833,50.2194,1843727
2014-05-02,50.3786,51.0625,50.285,50.922,1565712
2014-05-05,50.7065,51.306,50.5192,51.0437,1192606
2014-05-06,50.9407,50.9501,50.2756,50.3131,1258991
2014-05-07,50.5473,50.6222,50.0133,50.3224,1289168
2014-05-08,50.1913,50.6035,49.9665,50.0976,1254640
2014-05-09,50.2381,50.4161,49.9477,50.3505,1405058
2014-05-12,50.5098,51.4934,50.4817,51.4372,2331155
2014-05-13,51.4465,51.4465,51.1796,51.2124,994892
2014-05-14,51.1468,51.2779,50.8189,50.8564,765961
2014-05-15,50.8096,50.8096,50.2381,50.3974,1057749
2014-05-16,50.3224,50.5192,49.7979,50.0227,2583389
2014-05-19,49.8541,50.4536,49.7135,50.3786,2318835
2014-05-20,50.463,50.5379,49.8353,49.8728,923837
2014-05-21,49.9477,50.1164,49.7698,49.8634,829028
2014-05-22,49.8915,49.9102,49.6948,49.7698,761853
2014-05-23,49.8541,50.1445,49.7229,50.0039,663548
2014-05-27,50.2381,50.5192,49.9946,50.2475,830903
2014-05-28,50.3318,50.7627,50.1445,50.5285,1179689
2014-05-29,50.8189,50.8189,50.5285,50.6409,1162139
2014-05-30,50.6128,50.7814,50.5098,50.7252,823913
2014-06-02,50.6878,50.9032,50.3693,50.7252,846263
2014-06-03,50.463,50.7627,50.4442,50.5847,502880
2014-06-04,50.5192,50.7908,50.3318,50.7627,1029239
2014-06-05,50.7159,51.1093,50.5285,51.0999,842718
2014-06-06,51.0999,51.6526,51.0672,51.5871,891223
2014-06-09,51.5777,51.9233,51.4934,51.662,683499
2014-06-10,51.6714,51.7463,51.4934,51.6339,660628
2014-06-11,51.4934,51.4934,50.9594,50.9875,594791
2014-06-12,50.9969,50.9969,50.263,50.4888,685522
2014-06-13,50.47,50.8087,50.4512,50.6676,697560
2014-06-16,50.5359,50.677,50.2912,50.4888,678816
2014-06-17,50.4418,51.0534,50.4324,50.884,1089976
2014-06-18,50.7899,50.9311,50.4888,50.7711,935657
2014-06-19,50.8276,51.1192,50.7241,50.9969,1363502
2014-06-20,51.044,51.5709,51.0063,51.2227,2063700
2014-06-23,51.2133,51.4392,51.0157,51.3733,854972
2014-06-24,51.2416,51.6132,51.2227,51.3357,1105305
2014-06-25,51.1851,52.126,51.1192,52.0225,1682690
2014-06-26,51.9661,51.9849,51.091,51.4392,2085018
2014-06-27,51.2886,51.6556,51.171,51.5709,1394418
2014-06-30,51.4956,51.6461,51.0346,51.505,1105420
2014-07-01,51.6461,52.1542,51.5709,51.6744,1169124
2014-07-02,51.5615,51.8908,51.4862,51.6838,730405
2014-07-03,51.7591,52.2201,51.665,52.1636,542547
2014-07-07,51.9284,52.1355,51.7873,51.9566,527583
2014-07-08,51.9755,52.0507,51.5521,51.8437,934841
2014-07-09,51.9755,52.0319,51.7496,51.9472,736486
2014-07-10,51.4768,52.2577,51.4297,51.8437,1126442
2014-07-11,51.9096,52.3424,51.6461,52.3048,1091244
2014-07-14,52.4647,52.8505,52.3424,52.8317,1235361
2014-07-15,52.8223,53.2269,52.7376,53.1798,1470408
2014-07-16,53.3021,53.4997,53.0575,53.415,2122754
2014-07-17,53.161,53.5185,52.8881,52.8976,1542634
2014-07-18,53.001,53.5844,52.8599,53.5468,1035639
2014-07-21,53.321,53.4339,53.0951,53.1892,578790
2014-07-22,53.3774,53.6126,53.2833,53.5374,946332
2014-07-23,53.4809,53.5185,53.1798,53.2363,605792
2014-07-24,53.3774,53.3962,53.1045,53.2363,1019201
2014-07-25,52.9634,53.3962,52.9634,53.2457,1027004
2014-07-28,53.161,53.3492,52.6953,53.2175,1298314
2014-07-29,53.528,53.5703,52.2766,53.0199,2102787
2014-07-30,53.1328,53.6973,53.001,53.6503,1742429
2014-07-31,53.2175,53.4245,52.9822,53.0669,1883924
2014-08-01,52.8976,52.9728,52.4083,52.6341,1274010
2014-08-04,52.8976,52.9728,52.4083,52.6341,1274010
2014-08-05,52.5024,52.8599,52.0601,52.1448,1140349
2014-08-06,52.1166,52.3387,51.7214,51.7685,1135235
2014-08-07,51.9096,52.3801,51.5474,51.6179,1418396
2014-08-08,51.7308,52.0131,51.6461,51.9378,1350381
2014-08-11,52.1731,52.6153,52.0696,52.1166,1088949
2014-08-12,52.0037,52.333,51.872,51.9849,1048099
2014-08-13,52.2577,52.6811,52.2107,52.5965,1282127
2014-08-14,52.7,52.8411,52.5494,52.6153,1081669
2014-08-15,52.8129,53.0293,52.1542,52.5024,1937428
2014-08-18,52.7941,53.4715,52.7846,53.3304,1649724
2014-08-19,53.368,53.9231,53.3586,53.5468,1714100
2014-08-20,53.575,53.8385,53.4056,53.8102,1285040
2014-08-21,53.8196,54.2336,53.6032,53.9325,948129
2014-08-22,53.8102,53.942,53.5374,53.7632,624279
2014-08-25,53.9608,54.243,53.7914,54.0925,1446915
2014-08-26,54.1019,54.2336,53.8855,53.9137,583673
2014-08-27,53.8667,53.9514,53.4715,53.6126,627731
2014-08-28,53.4433,53.6408,53.3304,53.3586,641116
2014-08-29,53.2551,53.4997,53.0857,53.3962,654782
2014-09-02,53.5468,53.9137,53.3398,53.6879,884523
2014-09-03,53.7726,53.9655,53.6315,53.8855,691830
2014-09-04,54.1019,54.7041,53.9702,54.403,1440893
2014-09-05,54.3465,55.0899,54.3371,55.0522,1370805
2014-09-08,55.0428,55.3815,54.7888,54.9017,1540128
2014-09-09,54.7982,54.9111,54.1866,54.2524,1536072
2014-09-10,54.1772,54.7229,54.1492,54.6194,1047000
2014-09-11,54.3465,54.4689,53.9702,54.0925,1605282
2014-09-12,54.272,54.3287,53.6248,53.8752,1084403
2014-09-15,53.913,53.998,53.6106,53.7618,791554
2014-09-16,53.6295,54.0075,53.3744,53.8469,1078057
2014-09-17,53.8752,54.1114,53.5917,53.7524,1015577
2014-09-18,53.828,54.0736,53.7902,53.8091,1132656
2014-09-19,54.0736,54.3004,53.9697,54.102,2767854
2014-09-22,53.9791,54.1492,53.6673,53.998,1262894
2014-09-23,53.8752,54.1776,53.7618,53.7618,1209232
2014-09-24,53.7335,54.5697,53.554,54.4516,1182952
2014-09-25,54.2909,54.3854,53.4028,53.4122,1575017
2014-09-26,53.4311,53.6862,53.261,53.5445,907850
2014-09-29,52.8548,53.5445,52.6563,53.3744,1012446
2014-09-30,53.3461,53.5445,53.0876,53.1949,906169
2014-10-01,53.0154,53.1288,52.5524,52.628,876296
2014-10-02,52.7319,52.9115,52.2123,52.5619,971925
2014-10-03,52.7319,53.5634,52.7319,53.3744,2191491
2014-10-06,53.5351,53.6673,53.2516,53.365,962355
2014-10-07,52.9398,53.0154,52.165,52.1745,1460978
2014-10-08,52.1272,53.4689,52.1272,53.3933,1834105
2014-10-09,53.3272,53.3555,52.011,52.0516,949986
2014-10-10,52.0894,52.4485,51.2863,51.2958,1259937
2014-10-13,51.3619,51.3619,50.247,50.2942,1282523
2014-10-14,50.521,50.7005,50.2753,50.3698,1658293
2014-10-15,49.6612,49.8927,48.5463,49.51,1606900
2014-10-16,48.6974,49.6423,48.603,49.4911,1009061
2014-10-17,50.0486,50.7383,49.7746,50.4643,1566254
2014-10-20,50.1053,50.8044,50.1053,50.7761,1068206
2014-10-21,51.0123,51.7965,50.8989,51.6832,1565015
2014-10-22,51.6832,52.1461,51.4375,51.4564,1208874
2014-10-23,52.1367,52.3729,51.9099,52.1934,1184659
2014-10-24,52.1839,52.817,52.0516,52.6941,906263
2014-10-27,52.6186,52.7225,52.2123,52.5052,923395
2014-10-28,52.8453,53.45,52.6186,53.4311,1307586
2014-10-29,53.5445,53.6484,52.6847,53.1004,1653531
2014-10-30,55.1224,55.6799,55.1224,55.661,1213801
2014-10-31,54.9807,55.9728,54.9523,55.1696,2369159
2014-11-03,55.387,55.5098,54.9334,55.113,1062416
2014-11-04,54.9712,55.3208,54.8295,55.0185,1168981
2014-11-05,55.3681,55.6232,54.9901,55.5476,1087897
2014-11-06,55.661,55.7743,55.4247,55.6704,613694
2014-11-07,55.6988,55.7271,55.0563,55.1602,961171
2014-11-10,55.009,55.4247,54.0358,55.3492,899862
2014-11-11,55.3397,55.4436,55.0846,55.2641,922227
2014-11-12,55.1224,55.6799,55.1224,55.661,1213801
2014-11-13,55.7932,56.0389,55.5665,56.0295,1154195
2014-11-14,56.0767,56.2846,55.7366,55.8594,3000120
2014-11-17,55.7649,56.2562,55.5665,56.1806,936293
2014-11-18,56.0861,56.6531,55.9822,56.5019,1203600
2014-11-19,56.4641,56.5491,56.072,56.483,763980
2014-11-20,56.2562,56.5113,56.0861,56.4074,657786
2014-11-21,56.8326,56.9271,56.5113,56.5964,957243
2014-11-24,56.6436,56.8987,56.6247,56.7948,682375
2014-11-25,56.9743,57.3428,56.7003,57.1255,999104
2014-11-26,57.1727,57.5507,57.0404,57.4089,835149
2014-11-28,57.5412,58.2593,57.3333,57.8152,599227
2014-12-01,57.4751,58.2876,57.3333,58.042,963098
2014-12-02,58.1459,58.2546,57.938,58.0325,834021
2014-12-03,57.9569,58.4199,57.8247,58.3349,702771
2014-12-04,58.3821,58.5427,58.023,58.2498,640241
2014-12-05,58.2498,58.4766,58.0231,58.2215,624136
2014-12-08,58.1081,58.3916,57.5602,57.9002,700088
2014-12-09,57.2767,58.0136,57.1633,57.9664,698975
2014-12-10,57.768,57.8908,57.2389,57.4845,1291252
2014-12-11,57.5696,58.1459,57.4184,57.6262,870539
2014-12-12,57.1899,57.6262,57.133,57.2278,1410088
2014-12-15,57.2753,57.5883,56.6397,57.3417,1452357
2014-12-16,57.2468,57.9962,56.8674,57.0666,1121793
2014-12-17,57.1614,58.3472,56.9527,58.3377,1208377
2014-12-18,58.9543,60.3297,58.7835,60.3202,1371572
2014-12-19,60.4815,60.9937,59.6847,59.8269,2939804
2014-12-22,60.0072,60.4815,59.9977,60.2823,1143317
2014-12-23,60.4909,60.8514,60.4246,60.7471,583073
2014-12-24,60.6996,60.8514,60.287,60.3487,471913
2014-12-26,60.6238,60.6332,60.1969,60.2443,366576
2014-12-29,60.1684,60.4151,59.9597,60.2917,612942
2014-12-30,60.0925,60.1874,59.8696,59.9123,423993
2014-12-31,60.1495,60.1969,58.9827,59.0017,661893
2015-01-02,59.125,59.789,58.6412,59.2009,666711
2015-01-05,58.9637,59.0396,57.6168,58.1764,952943
2015-01-06,58.2333,58.5558,57.2563,58.1005,1190042
2015-01-07,58.6223,59.0965,58.2049,59.0586,925175
2015-01-08,59.5993,59.9384,59.4855,59.8933,907227
2015-01-09,60.0261,60.1495,59.4001,59.6941,569568
2015-01-12,59.6562,59.9218,59.2104,59.5044,666198
2015-01-13,59.808,60.6902,59.0112,59.6372,946821
2015-01-14,58.8973,59.1345,58.3851,59.0207,585043
2015-01-15,59.2199,59.4191,58.6886,59.0965,749894
2015-01-16,58.9637,60.0831,58.9163,60.0356,846587
2015-01-20,60.1874,60.509,59.4285,60.0356,654867
2015-01-21,59.6372,59.9408,59.2009,59.5044,753318
2015-01-22,59.77,60.6695,59.2863,60.5574,644936
2015-01-23,60.5763,61.1075,60.371,60.7186,773642
2015-01-26,60.5858,60.9083,60.2159,60.7566,640354
2015-01-27,60.0261,60.1684,59.2578,59.8933,1048144
2015-01-28,60.434,60.4815,59.1535,59.2009,1080242
2015-01-29,59.1914,60.2348,59.0017,60.102,1104118
2015-01-30,59.7985,59.9882,59.1535,59.2199,1439579
2015-02-02,59.6277,59.77,58.48,59.7605,1124577
2015-02-03,59.9977,61.0791,59.7511,61.0222,1101671
2015-02-04,60.9842,61.5249,60.5289,61.1739,1378737
2015-02-05,61.136,61.4585,59.8364,60.7186,1842076
2015-02-06,60.7566,61.2783,60.3582,60.6427,1493747
2015-02-09,60.2064,60.5953,59.9692,60.3392,1231074
2015-02-10,60.5858,61.5059,60.472,61.3542,687967
2015-02-11,61.4111,61.9992,61.3636,61.8,969012
2015-02-12,61.9992,62.7865,61.9992,62.7865,762647
2015-02-13,62.796,63.147,62.6442,63.0995,702450
2015-02-17,62.8434,63.5169,62.8434,63.4695,902955
2015-02-18,63.1565,63.9343,63.147,63.792,1075322
2015-02-19,63.8679,64.2236,63.6308,64.2094,973207
2015-02-20,64.1335,65.4331,63.9628,65.1485,2837121
2015-02-23,65.1485,65.2528,64.3327,64.7026,1208860
2015-02-24,64.5604,64.8829,64.437,64.6552,865587
2015-02-25,64.475,64.9303,64.4181,64.5129,998135
2015-02-26,64.5509,64.7935,64.3801,64.6362,751253
2015-02-27,64.3991,64.5319,63.9722,64.1145,1104331
2015-03-02,64.0102,64.788,63.8821,64.7311,765215
2015-03-03,64.4086,64.494,63.8205,64.1335,948414
2015-03-04,63.8679,64.0292,63.2703,63.5644,788691
2015-03-05,63.8205,63.9058,63.4126,63.792,578551
2015-03-06,63.46,63.5738,62.5778,62.7011,808991
2015-03-09,62.6253,63.3367,62.6253,63.1944,675195
2015-03-10,62.8529,62.8814,61.7431,61.7526,940511
2015-03-11,61.6862,61.8806,61.1834,61.2783,1016810
2015-03-12,61.4111,62.8624,61.4111,62.8434,1087440
2015-03-13,62.872,63.0244,61.8531,62.1864,812063
2015-03-16,62.5673,63.472,62.4816,63.4625,885082
2015-03-17,63.0434,63.4434,62.9006,63.1863,584813
2015-03-18,62.9863,64.5624,62.9482,64.2719,972432
2015-03-19,64.2815,64.5291,63.9862,64.3862,659656
2015-03-20,64.929,65.4671,64.4719,65.0719,1571834
2015-03-23,65.0338,65.6052,64.8148,65.2623,920031
2015-03-24,65.129,65.329,64.7386,64.8909,1293343
2015-03-25,64.8719,64.9386,64.31,64.3196,2031369
2015-03-26,64.091,64.491,63.691,64.2053,946983
2015-03-27,64.0434,64.4624,63.5577,63.872,1150138
2015-03-30,64.3576,65.31,64.3291,65.0243,759955
2015-03-31,64.8052,65.31,64.5957,64.8148,736205
2015-04-01,64.7005,64.7957,63.9672,64.4719,1009078
2015-04-02,64.5767,65.1862,64.3196,64.8338,924748
2015-04-06,64.1958,65.2052,64.1291,64.9005,1185916
2015-04-07,64.8338,65.0719,64.5957,64.6529,727390
2015-04-08,64.6052,65.2433,64.6052,65.2433,762501
2015-04-09,65.2623,65.2814,64.5195,64.8338,920483
2015-04-10,62.7292,62.9196,60.2532,62.3768,6919086
2015-04-13,62.1007,62.6054,61.4721,61.6054,2452959
2015-04-14,61.5483,61.9007,61.1483,61.2912,2167784
2015-04-15,61.4912,61.8626,60.8817,61.2436,2473608
2015-04-16,61.1483,61.5435,60.7769,61.0245,1749597
2015-04-17,60.5769,60.6817,59.9389,60.3103,2382156
2015-04-20,60.596,61.2245,60.5388,60.8912,2001835
2015-04-21,60.996,61.7578,60.996,61.0341,1915344
2015-04-22,61.0531,61.5959,60.7103,61.215,1622560
2015-04-23,61.1007,61.5874,60.9388,61.434,1325552
2015-04-24,61.4436,61.4531,60.9293,61.0531,1146263
2015-04-27,61.3102,61.3102,60.796,60.9579,1393247
2015-04-28,60.815,61.3388,60.4912,61.215,1462697
2015-04-29,61.0531,61.5102,60.9579,61.0912,1636402
2015-04-30,58.0438,60.7465,57.8914,59.5104,4084395
2015-05-01,59.7103,60.1389,59.2151,60.1008,2016433
2015-05-04,60.3198,60.6436,60.0627,60.2341,1630339
2015-05-05,60.0151,60.5198,59.9865,60.3484,2109255
2015-05-06,60.5484,60.9103,60.1008,60.4531,1354856
2015-05-07,60.4722,61.2531,60.3865,61.0055,1373175
2015-05-08,61.6531,62.5673,61.6531,61.9769,1308086
2015-05-11,61.7769,62.1673,61.4626,61.4626,882084
2015-05-12,60.9864,61.2626,60.6246,60.9483,1579069
2015-05-13,60.9579,61.5578,60.7198,60.815,1038334
2015-05-14,61.1102,61.5293,60.9579,61.4721,1346128
2015-05-15,61.4912,61.7578,61.196,61.3769,1050355
2015-05-18,61.2721,61.6816,61.1388,61.5674,866445
2015-05-19,61.7197,61.8721,61.4797,61.6912,839672
2015-05-20,61.8816,62.0816,61.5483,61.6912,646301
2015-05-21,61.5197,61.7388,61.4055,61.4626,663862
2015-05-22,61.3388,61.634,61.215,61.3007,794634
2015-05-26,61.0817,61.1674,60.1246,60.2341,1027589
2015-05-27,60.4817,60.6341,60.177,60.5484,1538977
2015-05-28,60.4341,60.6246,60.0722,60.377,877706
2015-05-29,60.2817,60.4246,59.5961,59.7103,1547987
2015-06-01,59.758,60.0341,59.1199,59.6341,1606565
2015-06-02,59.4342,59.6056,59.0913,59.4627,1277940
2015-06-03,59.7484,59.9056,59.4151,59.5389,931903
2015-06-04,59.2247,59.4246,58.7771,58.8342,1213734
2015-06-05,58.7485,59.3389,58.6056,59.2342,1599317
2015-06-08,59.1294,59.4913,58.8913,59.0151,1060415
2015-06-09,59.0532,59.2056,58.6914,58.8437,1019470
2015-06-10,59.0532,59.7199,59.0151,59.5484,559183
2015-06-11,60.2817,61.315,60.0913,61.1007,1744301
2015-06-12,60.919,61.0605,60.4218,60.4887,879422
2015-06-15,59.8863,60.2,59.4274,60.1063,1049891
2015-06-16,60.0871,60.4887,59.8863,60.2688,1168980
2015-06-17,60.4696,60.527,59.896,60.1828,648191
2015-06-18,60.3166,60.7087,60.0967,60.6226,1452845
2015-06-19,60.6895,61.2441,60.6895,61.1389,1356551
2015-06-22,61.4354,62.0856,61.3015,61.7605,959857
2015-06-23,61.8274,61.8752,61.3397,61.4545,882312
2015-06-24,61.3397,61.3732,60.527,60.527,691303
2015-06-25,60.7278,60.8043,60.2688,60.3644,780801
2015-06-26,60.4792,60.6513,60.2784,60.5939,2518287
2015-06-29,60.2306,60.4218,59.5995,59.676,1456888
2015-06-30,60.1445,60.1445,58.9875,59.0927,1313772
2015-07-01,59.4274,59.7429,59.2648,59.5899,861340
2015-07-02,59.7716,59.7811,59.2839,59.6377,697028
2015-07-06,59.1023,59.8385,58.9588,59.7811,943321
2015-07-07,59.8768,60.0154,59.064,59.9533,727985
2015-07-08,59.4082,59.7238,58.8823,58.8823,832459
2015-07-09,59.6855,59.9915,59.5039,59.5995,884893
2015-07-10,60.2401,60.986,60.1541,60.7852,964053
2015-07-13,61.1485,61.2919,60.9477,61.2154,1244875
2015-07-14,61.225,61.4594,60.9573,61.3493,711667
2015-07-15,61.4258,61.6649,61.2154,61.3397,677549
2015-07-16,61.6553,61.837,61.2154,61.6744,2172475
2015-07-17,61.8178,61.8178,61.1103,61.2824,681762
2015-07-20,61.378,61.8561,61.3111,61.4449,865285
2015-07-21,61.3397,61.6553,60.8712,61.0051,966336
2015-07-22,60.9955,61.4736,60.8617,61.3206,1111796
2015-07-23,61.1294,61.531,59.3556,59.8385,2976613
2015-07-24,59.7716,60.1923,59.4369,59.8959,1291827
2015-07-27,59.5899,59.6282,58.8728,59.4082,1531648
2015-07-28,59.6568,59.7716,59.1309,59.6855,1387490
2015-07-29,59.6282,60.5652,59.5708,60.4696,890085
2015-07-30,60.3357,63.7302,59.8481,62.9653,7446623
2015-07-31,63.2713,63.2713,62.229,62.5637,1691187
2015-08-03,62.6306,62.841,61.837,62.621,1005651
2015-08-04,62.621,62.9653,62.3246,62.4202,756030
2015-08-05,62.6306,63.0896,62.5924,62.8601,753120
2015-08-06,62.8792,62.9079,61.7318,61.8465,586104
2015-08-07,61.7605,61.9995,61.4927,61.9326,644188
2015-08-10,62.3055,62.8123,62.1525,62.6497,799901
2015-08-11,62.0665,62.4201,61.7605,62.2194,990117
2015-08-12,65.5661,67.7845,65.088,67.6506,6375212
2015-08-13,67.6602,67.8514,66.8857,67.0865,2395725
2015-08-14,66.9143,67.2873,66.6466,67.1916,1274802
2015-08-17,67.2203,68.4921,67.1247,68.3199,1850606
2015-08-18,68.3486,68.5972,68.1096,68.5781,1117098
2015-08-19,68.4729,69.0753,67.9757,68.712,1861976
2015-08-20,68.5399,69.1279,68.1861,68.1861,1842718
2015-08-21,67.8419,68.3582,66.2163,66.2833,2968333
2015-08-24,63.3669,65.3558,62.3437,63.08,3148855
2015-08-25,64.8107,64.8394,62.4585,62.5063,2468077
2015-08-26,64.1892,66.5127,63.5007,66.4076,2928206
2015-08-27,66.9526,67.4785,65.9677,67.2108,1485537
2015-08-28,67.163,67.3924,66.6466,67.2012,1833344
2015-08-31,66.6275,66.8474,65.8817,66.0346,1237897
2015-09-01,64.7629,65.4514,63.625,64.1414,2179787
2015-09-02,64.8394,65.0498,64.0266,64.8681,1838118
2015-09-03,65.2506,65.6617,64.9063,65.1645,1677446
2015-09-04,64.3518,64.9446,63.8641,64.1223,1268313
2015-09-08,65.1167,66.3215,64.9063,66.3215,991562
2015-09-09,66.6179,66.9335,64.8585,64.9542,823202
2015-09-10,64.9063,66.0872,64.8921,65.7095,1614904
2015-09-11,65.6617,66.6562,65.1645,66.5701,1232866
2015-09-14,66.5701,66.6853,65.7639,65.9751,1147147
2015-09-15,66.215,67.3284,65.8887,67.0596,803166
2015-09-16,67.0212,67.4435,66.9061,67.1172,918661
2015-09-17,67.146,67.6451,66.3494,66.5126,1433070
2015-09-18,65.7543,66.6565,65.3032,65.4376,2347753
2015-09-21,65.7447,67.1172,65.6967,66.7813,1138308
2015-09-22,66.0903,66.119,65.0729,65.4664,1439816
2015-09-23,65.5048,66.5845,65.1689,66.4646,1333325
2015-09-24,65.8215,66.0807,65.1209,65.5528,1146165
2015-09-25,66.0519,66.263,65.1017,65.476,1116734
2015-09-28,65.2648,65.476,63.1725,63.2013,1491339
2015-09-29,63.2973,63.9212,63.1054,63.8252,1514794
2015-09-30,64.593,65.0153,63.6812,64.3819,1499456
2015-10-01,65.0249,65.0249,64.0555,64.8617,1424579
2015-10-02,63.7484,65.6584,63.4989,65.6008,882383
2015-10-05,65.7639,66.7285,65.7639,66.5414,1083041
2015-10-06,66.3494,66.6661,65.9079,66.6469,1219319
2015-10-07,67.0116,67.4531,66.5701,67.3188,1345161
2015-10-08,67.2804,68.5089,67.1364,68.4321,1584386
2015-10-09,68.3937,68.768,67.2804,67.6643,1507825
2015-10-12,67.6643,68.2977,67.4435,67.9714,697451
2015-10-13,67.6067,68.0386,66.8005,67.0308,1242188
2015-10-14,67.1172,67.5107,66.4166,66.5893,1104984
2015-10-15,67.05,67.0596,66.3398,67.002,1669664
2015-10-16,67.242,67.5203,66.7813,67.5203,996344
2015-10-19,67.1748,67.8466,66.9541,67.7699,1026675
2015-10-20,67.6643,67.9666,67.2996,67.7987,853928
2015-10-21,67.9618,68.2018,66.8773,66.9253,823537
2015-10-22,67.3188,68.1442,67.0308,67.7315,1038274
2015-10-23,68.3361,68.4705,67.7555,68.3649,1018361
2015-10-26,68.269,68.5185,67.9762,68.4705,944895
2015-10-27,68.0866,68.5089,67.8622,68.1346,1197947
2015-10-28,68.4417,69.8718,68.1538,69.8622,1046938
2015-10-29,69.7374,69.939,69.4783,69.8142,1155123
2015-10-30,69.9006,70.0733,69.488,69.987,2016013
2015-11-02,69.3727,70.6396,67.7411,70.5436,2812383
2015-11-03,63.3837,66.4646,61.4833,61.8768,9437527
2015-11-04,61.8864,65.0441,61.848,62.9038,5650526
2015-11-05,63.0766,64.0171,62.827,63.5181,3622573
2015-11-06,63.5085,64.7178,63.4797,64.4874,2282490
2015-11-09,64.2475,64.7562,63.4029,63.6812,1181340
2015-11-10,63.4701,64.0075,63.3741,63.8348,1807010
2015-11-11,63.7484,64.6602,63.5277,64.3819,1833084
2015-11-12,64.0843,64.3243,63.5564,63.6428,1690853
2015-11-13,63.5468,63.662,62.4719,62.4815,1084537
2015-11-16,62.5199,62.971,62.2799,62.8654,1466144
2015-11-17,63.0766,63.4557,62.7982,62.971,999853
2015-11-18,63.2685,63.5948,62.8654,63.4605,1303590
2015-11-19,63.5852,63.854,63.2205,63.4221,1308767
2015-11-20,63.7292,63.9308,63.5277,63.7388,2693665
2015-11-23,63.806,63.9596,62.7502,62.9134,2406666
2015-11-24,62.5295,62.8366,61.3873,62.1744,2116043
2015-11-25,62.3951,62.3951,61.5409,61.9344,2030001
2015-11-27,62.0304,62.2799,61.8864,62.1168,969640
2015-11-30,62.2032,62.2895,61.0226,61.109,3073651
2015-12-01,61.3969,62.1552,61.109,61.896,4092712
2015-12-02,61.7617,63.3069,61.5697,62.3663,8466693
2015-12-03,62.5583,62.6351,61.0514,61.4929,4312157
2015-12-04,61.7425,62.6735,61.4449,62.4239,3141584
2015-12-07,62.2032,62.3854,60.5907,60.9554,2116971
2015-12-08,60.466,60.5715,59.7845,60.514,2539049
2015-12-09,60.2164,61.5217,60.1588,60.8979,2529099
2015-12-10,60.8595,61.0418,60.2548,60.3508,1960214
2015-12-11,59.0551,59.5638,58.4984,58.7384,2256844
2015-12-14,58.2323,59.8564,58.1986,58.9022,2139561
2015-12-15,59.3456,59.6637,58.8636,59.3938,1917916
2015-12-16,59.8468,60.0878,58.6615,59.789,1380238
2015-12-17,59.7504,60.2323,57.5913,57.7166,2062507
2015-12-18,57.4468,57.4949,56.3769,56.4058,2737042
2015-12-21,56.8492,57.6106,56.6564,57.0227,1682319
2015-12-22,57.2251,57.8805,57.0516,57.6877,1711632
2015-12-23,57.8709,59.2974,57.7456,58.9793,2187879
2015-12-24,58.9215,59.201,58.6034,58.9022,411329
2015-12-28,58.6227,58.7962,58.0925,58.7962,1365624
2015-12-29,59.1432,59.895,59.0275,59.3649,755066
2015-12-30,59.1143,59.3938,58.7576,58.7865,584894
2015-12-31,58.5745,59.1383,58.3239,58.4106,871122
2016-01-04,57.3696,57.8034,56.8588,57.7456,2164097
2016-01-05,58.0154,58.8829,57.5142,58.1118,2283615
2016-01-06,57.2154,57.5721,56.772,57.0419,1743722
2016-01-07,56.3865,57.4564,55.9817,57.0516,2160638
2016-01-08,57.3696,57.5046,55.9431,56.0299,1960841
2016-01-11,56.4925,57.1287,55.972,56.8106,1726304
2016-01-12,57.7937,58.0154,56.8106,57.8227,2757544
2016-01-13,58.0347,58.507,56.801,56.9841,2533031
2016-01-14,57.2636,58.4299,56.801,58.1215,3068265
2016-01-15,56.454,57.1287,55.5383,56.3479,2995296
2016-01-19,57.013,57.1961,56.1937,56.5889,1383415
2016-01-20,55.8274,56.2419,54.7479,55.7985,2399669
2016-01-21,56.0395,56.8106,55.5865,55.9528,2661905
2016-01-22,56.9263,57.3986,56.801,57.3022,1972818
2016-01-25,57.0323,57.4949,56.6371,56.7239,1271781
2016-01-26,56.8781,57.9191,56.5985,57.8709,1269184
2016-01-27,57.707,58.2034,56.3383,56.6853,2111509
2016-01-28,57.1576,57.3118,55.9624,56.107,1657123
2016-01-29,56.4829,57.5962,56.2034,57.5721,2198769
2016-02-01,57.2347,58.8299,57.0708,58.4781,1810216
2016-02-02,57.8323,57.948,57.1576,57.3696,1614279
2016-02-03,57.4468,57.7841,56.7335,57.4949,1523243
2016-02-04,57.3118,58.0829,57.3118,57.9769,1453571
2016-02-05,57.6877,58.2179,56.1841,56.425,1919437
2016-02-08,55.654,55.654,53.1142,54.0154,4212421
2016-02-09,55.5672,57.1865,54.3431,55.8371,5576212
2016-02-10,55.7985,56.56,55.2491,55.3262,3098642
2016-02-11,54.1696,54.825,53.9672,54.4009,1965321
2016-02-12,55.0371,55.5479,54.7768,55.4901,1538457
2016-02-16,56.3865,56.8395,56.1166,56.5311,2774697
2016-02-17,56.9745,57.3986,56.7046,57.3889,2644273
2016-02-18,57.36,57.601,56.801,57.0323,1233499
2016-02-19,57.0323,57.5913,56.5407,57.5528,1690068
2016-02-22,57.7456,58.507,57.4998,57.8227,1767476
2016-02-23,57.5046,57.8227,56.7719,56.8492,1753088
2016-02-24,56.3961,57.0901,55.7118,57.0419,1605831
2016-02-25,57.1865,57.8998,56.801,57.8709,1556002
2016-02-26,58.0058,58.4203,57.2492,57.3407,1806578
2016-02-29,57.2829,57.5335,56.1262,56.1455,2735727
2016-03-01,56.6853,57.8419,56.5793,57.8323,2165345
2016-03-02,57.7937,57.8227,56.9925,57.7552,1565640
2016-03-03,57.6877,58.2853,57.2829,58.1504,2195541
2016-03-04,58.1504,58.642,57.7841,58.613,3087666
2016-03-07,58.2564,58.4685,57.6733,57.8998,1848524
2016-03-08,57.3793,57.601,56.9937,57.0419,1470808
2016-03-09,57.3696,57.8805,56.9745,57.8516,1873594
2016-03-10,58.0636,59.5191,57.8998,59.3359,4338544
2016-03-11,59.5865,60.7336,59.0468,60.5408,3870986
2016-03-14,60.4731,60.6473,59.9214,60.5311,2386499
2016-03-15,60.0472,60.686,59.8343,60.4247,1397450
2016-03-16,60.3182,60.9764,60.2117,60.7441,1528202
2016-03-17,60.715,61.3345,60.5215,61.0344,2297101
2016-03-18,59.9407,60.8215,59.2826,60.5311,9141239
2016-03-21,60.3569,60.9067,60.1924,60.7344,2248771
2016-03-22,60.4924,60.7344,60.3666,60.444,1448056
2016-03-23,60.4827,61.0054,60.2021,60.8699,2280015
2016-03-24,60.657,60.7054,59.9601,60.6086,1567778
2016-03-28,60.9764,60.9764,60.2505,60.415,1044979
2016-03-29,60.2311,60.928,60.0569,60.8989,1105290
2016-03-30,60.9764,61.3703,60.8989,61.1506,1397306
2016-03-31,61.0054,61.6926,60.8215,61.2764,1665455
2016-04-01,61.5958,63.0186,61.3538,62.9218,2804135
2016-04-04,63.0186,63.2509,62.1862,62.2733,1468557
2016-04-05,61.9346,62.1185,61.3345,61.4022,1204903
2016-04-06,61.3054,62.5056,61.2667,62.4282,1454011
2016-04-07,61.9926,62.312,61.4409,61.8378,1483973
2016-04-08,62.3314,62.3653,61.7023,61.9249,1746614
2016-04-11,62.1669,62.7379,61.8571,62.0507,1737560
2016-04-12,62.041,62.3217,61.6926,61.9733,1417215
2016-04-13,62.3024,62.4342,61.7216,62.2152,1815373
2016-04-14,62.1185,62.4088,61.8765,62.1281,1176389
2016-04-15,62.1862,62.4959,61.9394,62.0023,1641675
2016-04-18,61.983,62.9508,61.8668,62.9218,1086518
2016-04-19,63.1347,63.7251,62.9121,63.3864,1658193
2016-04-20,63.4541,64.6446,63.2218,64.3155,2881011
2016-04-21,64.0929,64.5382,62.9024,63.1444,2024393
2016-04-22,62.825,63.338,62.2927,63.1444,1436830
2016-04-25,62.8734,63.7445,62.6121,63.5896,1575260
2016-04-26,63.7155,64.0929,63.0379,63.88,1375326
2016-04-27,63.3089,64.4849,63.3089,64.2672,1473002
2016-04-28,63.8994,64.3252,63.4057,63.5606,1617682
2016-04-29,63.1928,63.9865,62.7573,63.6864,2995260
2016-05-02,63.88,65.1963,63.609,65.0221,4016680
2016-05-03,67.3353,69.9099,67.2869,69.0001,8604527
2016-05-04,68.7678,69.1065,68.2451,68.7678,3866172
2016-05-05,68.6129,69.2033,67.6838,68.129,2919982
2016-05-06,67.887,68.9807,67.7999,68.9614,2242113
2016-05-09,69.5227,70.6358,69.242,69.4163,2666675
2016-05-10,69.6389,71.5262,69.6389,71.4778,3698456
2016-05-11,71.7489,71.8069,70.839,71.0713,2757887
2016-05-12,69.7357,70.6358,69.0098,69.4647,4720101
2016-05-13,69.5131,70.6842,69.4937,69.9873,7523660
2016-05-16,69.9583,70.6406,69.6098,70.4519,2619559
2016-05-17,70.3357,70.6551,69.6002,69.8131,2094523
2016-05-18,69.7357,70.5245,69.3001,70.0647,2440025
2016-05-19,69.7357,70.4035,69.4259,70.2777,1753941
2016-05-20,70.7519,70.7519,70.3164,70.6358,2399678
2016-05-23,70.5293,70.5584,70.1373,70.2099,1378354
2016-05-24,70.6455,71.594,70.4809,71.5359,5103261
2016-05-25,71.594,71.7295,71.0713,71.3133,2135954
2016-05-26,71.1391,72.107,70.9068,71.6521,1813925
2016-05-27,71.5262,72.1747,71.5069,72.0199,1476358
2016-05-31,72.0876,72.1941,71.4778,71.8844,3217920
2016-06-01,71.8069,72.3489,71.2939,72.3199,1354537
2016-06-02,72.2521,73.0361,71.8747,72.9587,1346818
2016-06-03,72.5619,72.7361,71.8844,72.5812,1256001
2016-06-06,72.5425,73.3652,72.3489,72.8619,1800928
2016-06-07,72.8619,73.3168,72.7265,73.0265,1589821
2016-06-08,72.8909,73.2781,72.6683,72.9587,1210521
2016-06-09,72.6587,72.9781,72.5164,72.7264,1190063
2016-06-10,72.165,72.2328,71.6811,71.9521,1794884
2016-06-13,71.7489,72.2521,71.0423,71.081,1796049
2016-06-14,71.013,71.7706,70.8098,71.6346,1533426
2016-06-15,71.6638,71.8775,71.3238,71.5084,1902419
2016-06-16,71.2073,71.7803,70.8382,71.6444,2308508
2016-06-17,71.5278,71.5278,70.3914,70.7022,4453689
2016-06-20,71.3044,71.8872,70.6828,70.7993,2648600
2016-06-21,71.0227,71.4501,70.6536,71.1878,2600317
2016-06-22,71.3044,71.5569,70.9256,71.0324,1203369
2016-06-23,71.4792,71.7998,71.2073,71.7901,1603346
2016-06-24,69.2452,70.0417,68.6041,68.643,5526697
2016-06-27,67.9436,67.9825,66.0787,66.3992,2764589
2016-06-28,67.0695,69.0024,67.0597,69.0024,2322278
2016-06-29,69.352,70.4691,69.2646,70.3719,2005234
2016-06-30,70.4302,71.5666,70.1971,71.5666,2288315
2016-07-01,71.6832,72.4214,71.6832,72.3631,2797239
2016-07-05,71.9455,72.5283,71.6638,72.47,2904756
2016-07-06,72.0912,72.4991,71.7221,72.1203,2066919
2016-07-07,72.1009,72.6788,72.1009,72.6157,1672230
2016-07-08,72.9071,73.9949,72.8488,73.8492,2184183
2016-07-11,74.1115,74.6457,73.7715,73.8298,1888041
2016-07-12,74.1698,74.8594,73.8201,74.7429,1871889
2016-07-13,75.0634,75.2188,74.7137,74.9274,1371838
2016-07-14,75.3159,75.5199,74.6457,74.6846,1964532
2016-07-15,74.9371,75.0343,74.3058,74.3446,1556887
2016-07-18,74.4418,74.7331,74.2183,74.6749,1286666
2016-07-19,74.4029,74.976,74.2183,74.9468,1170722
2016-07-20,75.4325,75.8016,75.1632,75.7627,1595654
2016-07-21,75.8113,75.957,75.1605,75.5976,1773467
2016-07-22,75.4616,75.855,75.4616,75.7433,1011986
2016-07-25,75.8113,75.8113,75.2188,75.6656,2230707
2016-07-26,77.7054,78.9584,77.2294,78.5213,5673806
2016-07-27,78.6767,79.0749,78.1036,78.4727,2700516
2016-07-28,78.3659,78.4096,77.4723,78.0551,1418726
2016-07-29,78.0745,78.1813,77.0546,77.2489,1890454
2016-08-01,77.4431,77.5985,76.6661,76.9283,1389647
2016-08-02,76.87,76.9575,75.9473,76.2193,1592937
2016-08-03,76.2387,76.2775,75.5005,75.9084,1467869
2016-08-04,76.0153,76.5495,75.9084,75.9764,1549180
2016-08-05,76.3358,77.0934,76.229,76.9575,1030778
2016-08-08,77.4723,77.4723,76.87,77.1323,1040706
2016-08-09,77.2197,77.6568,76.9575,77.4431,1663795
2016-08-10,77.5111,77.6277,77.1712,77.5597,915401
2016-08-11,77.8511,78.4047,77.8511,78.191,1491887
2016-08-12,77.9288,77.9676,77.448,77.7442,1334131
2016-08-15,77.8316,78.0648,77.5985,77.7928,1145412
2016-08-16,77.4237,77.4237,76.6272,76.6272,1237060
2016-08-17,76.8215,77.0255,76.2678,76.8798,1166038
2016-08-18,76.7535,77.176,76.7049,76.9672,1453007
2016-08-19,76.7632,77.0449,76.433,77.006,1417066
2016-08-22,76.938,77.2391,76.7049,77.2294,832993
2016-08-23,77.4917,77.8171,77.4237,77.7734,891154
2016-08-24,77.6568,77.8025,76.9866,77.278,1144740
2016-08-25,77.2294,77.4625,76.9283,77.3266,1031758
2016-08-26,77.5597,78.0453,76.8215,77.2391,789487
2016-08-29,77.2391,77.6957,77.0449,77.1032,1117917
2016-08-30,77.2294,77.414,76.9477,77.2391,825790
2016-08-31,77.21,77.21,76.7535,77.0546,1314953
2016-09-01,77.1323,77.5014,76.7826,77.3557,1407634
2016-09-02,77.7054,78.1425,77.3751,78.1328,1615465
2016-09-06,79.3275,79.3275,77.5403,78.1036,1808436
2016-09-07,78.0842,78.0842,77.3751,77.7539,1427986
2016-09-08,77.3848,77.7734,76.8312,76.9866,2070645
2016-09-09,76.5786,77.0303,75.1702,75.18,2025114
2016-09-12,74.8011,75.9667,74.5195,75.8113,2129734
2016-09-13,75.1217,75.4519,74.4223,74.4903,2026992
2016-09-14,74.5975,74.8899,73.847,74.1297,2751358
2016-09-15,73.9835,75.0166,73.5839,74.7047,2161661
2016-09-16,74.4416,74.4513,72.9699,73.1843,12346474
2016-09-19,73.9932,74.2174,73.5352,73.9737,2786468
2016-09-20,74.4513,74.9776,74.2759,74.6267,1978825
2016-09-21,74.9094,75.3187,74.1443,75.1628,2127280
2016-09-22,75.7573,75.9132,75.0458,75.5526,1370889
2016-09-23,75.0653,75.4454,75.0458,75.1238,1088211
2016-09-26,74.8119,75.309,74.8022,74.9191,943679
2016-09-27,75.0263,75.7963,74.9094,75.767,1272578
2016-09-28,75.9035,75.9035,74.6267,75.27,1702718
2016-09-29,75.2213,75.9132,74.8412,74.8899,1183023
2016-09-30,74.9776,75.348,74.3441,75.0751,1816037
2016-10-03,74.8509,75.3577,74.7827,74.9581,1059083
2016-10-04,74.9581,75.2115,74.003,74.5195,1114821
2016-10-05,74.9289,75.8938,74.4026,74.9191,1761587
2016-10-06,74.9581,76.3421,74.924,76.2933,1888410
2016-10-07,76.4688,76.6929,75.3285,75.6598,1691463
2016-10-10,75.9035,76.1666,75.4064,75.4454,1114978
2016-10-11,75.1238,75.1335,74.0907,74.5488,1394691
2016-10-12,74.6462,75.3285,74.3392,75.231,964769
2016-10-13,74.7339,74.9776,74.003,74.3928,1508508
2016-10-14,74.7242,75.4844,74.5488,74.5585,904803
2016-10-17,74.7339,74.7827,73.8373,73.886,1156071
2016-10-18,74.5098,74.6657,73.9543,74.0225,1174008
2016-10-19,74.2759,74.5878,74.0907,74.3831,986257
2016-10-20,74.3733,74.4221,72.9504,73.3792,2186131
2016-10-21,72.9212,73.3987,72.5216,73.1063,1086906
2016-10-24,73.6034,74.1102,73.3208,73.9737,1478072
2016-10-25,73.8665,73.9299,73.5254,73.6424,1511494
2016-10-26,73.4572,73.9728,73.1161,73.2428,888424
2016-10-27,73.0576,73.1307,71.703,72.2097,3173817
2016-10-28,72.3461,73.0868,72.2584,72.4826,1866285
2016-10-31,72.5411,72.7262,71.391,72.044,1785073
2016-11-01,72.0343,75.1482,72.0148,74.8996,4195859
2016-11-02,74.6657,74.8607,72.9796,73.1453,2216426
2016-11-03,73.1453,73.4669,72.8578,73.0674,1101455
2016-11-04,72.9991,73.9737,72.9601,73.5059,1433385
2016-11-07,74.4416,74.8607,74.2954,74.5585,1776055
2016-11-08,74.5585,75.0458,74.081,74.656,967563
2016-11-09,73.7593,75.192,73.0576,74.9484,1567660
2016-11-10,75.2408,75.4357,73.9348,75.0946,1999281
2016-11-11,74.7145,75.4357,74.2759,74.3831,1732011
2016-11-14,74.5098,75.0215,72.9114,73.2818,2011490
2016-11-15,73.6229,73.9348,72.736,72.8432,1909508
2016-11-16,72.8529,73.3159,72.5508,73.1941,1442311
2016-11-17,73.428,74.0225,73.0186,73.9445,1800451
2016-11-18,74.0225,75.5916,73.8763,75.1628,2242406
2016-11-21,75.2797,75.9035,75.2115,75.5624,1506744
2016-11-22,75.4942,75.7953,75.0263,75.6696,1484507
2016-11-23,75.7086,76.9951,75.7086,76.9951,2044889
2016-11-25,77.0536,77.2192,76.5662,76.7612,682647
2016-11-28,76.7904,76.9951,76.3469,76.6734,1303000
2016-11-29,76.8489,77.0974,76.5662,76.8976,1174470
2016-11-30,76.8391,77.0828,75.2115,75.231,1867090
2016-12-01,75.2115,75.2408,73.4767,73.8081,1672812
2016-12-02,73.8373,73.964,73.0479,73.0966,1742652
2016-12-05,73.6326,73.847,73.2038,73.3695,2022444
2016-12-06,73.6034,73.7106,73.0771,73.5936,1812374
2016-12-07,72.8334,73.7398,72.0927,73.7009,2811351
2016-12-08,73.6326,73.6375,72.8139,73.2135,1787429
2016-12-09,73.2135,73.7983,73.0771,73.6424,1456379
2016-12-12,73.5254,74.1687,73.4572,73.8568,1813279
2016-12-13,74.1297,74.4538,73.389,73.428,1590729
2016-12-14,73.5747,74.9145,73.3791,74.2495,2777181
2016-12-15,74.4353,76.0685,73.9365,75.648,2132676
2016-12-16,75.8436,76.0294,74.5918,74.9536,7858259
2016-12-19,75.0221,75.2568,74.2495,74.406,1740481
2016-12-20,74.5722,74.8754,74.0148,74.7776,1692343
2016-12-21,74.6113,75.5209,74.3571,75.0025,960249
2016-12-22,74.8363,74.8363,73.9267,74.1321,2082270
2016-12-23,74.3571,75.1297,74.1126,74.3473,993118
2016-12-27,74.4353,75.2177,74.1909,74.983,1186458
2016-12-28,74.9145,75.1786,74.4451,74.895,1561931
2016-12-29,74.9634,75.4231,74.8265,75.3057,1471959
2016-12-30,75.3057,75.4426,73.7409,73.9756,1610119
2017-01-03,74.6016,75.3546,74.2104,75.2861,1646556
2017-01-04,75.1688,76.5282,75.1688,76.5184,1556527
2017-01-05,76.5282,77.0563,76.0392,76.3326,1150149
2017-01-06,76.7825,77.2813,75.9707,77.1541,973712
2017-01-09,77.1835,77.2079,76.3033,76.3228,963590
2017-01-10,76.3522,76.6064,75.9316,75.9414,796031
2017-01-11,75.7262,76.0074,75.3057,75.6871,1201347
2017-01-12,75.2861,75.5306,74.4157,75.3546,2217267
2017-01-13,75.2568,75.7458,75.0123,75.6676,1228319
2017-01-17,75.56,77.0172,75.3888,76.9683,2186977
2017-01-18,77.1346,77.7898,76.4402,77.7116,2633158
2017-01-19,77.516,77.5647,76.8509,77.4084,1590928
2017-01-20,77.8094,78.2201,77.4964,78.0343,3061399
2017-01-23,78.0441,78.5771,77.8681,78.3082,2794749
2017-01-24,78.2397,78.3179,77.7262,78.269,1901666
2017-01-25,78.2397,78.5135,77.9659,78.1223,1741571
2017-01-26,78.1419,78.2006,77.5355,77.8094,1703239
2017-01-27,78.1419,78.1712,77.78,78.0539,952077
2017-01-30,78.1321,78.1321,77.1541,77.8485,670488
2017-01-31,77.8192,78.0637,77.1346,77.6725,1308313
2017-02-01,77.9267,78.0343,77.027,77.2813,1315169
2017-02-02,77.1248,77.6333,76.8314,77.3204,1022956
2017-02-03,77.8289,78.5331,77.3497,77.6529,1601488
2017-02-06,77.6431,77.8289,77.1639,77.604,2472739
2017-02-07,75.071,76.0196,73.8583,75.5991,6833976
2017-02-08,76.2837,78.5918,75.9218,78.0832,4695971
2017-02-09,78.0245,79.2177,77.8974,78.9732,2147246
2017-02-10,79.1786,79.5991,78.6896,78.6896,1924927
2017-02-13,79.0906,79.3351,78.6994,79.1297,1068805
2017-02-14,79.0221,79.1786,78.5429,78.7287,1168516
2017-02-15,78.7287,79.6871,78.6113,79.6187,1620389
2017-02-16,79.5404,79.9414,79.0319,79.9219,1052790
2017-02-17,79.7752,80.2446,79.2568,80.2446,1028137
2017-02-21,79.9414,80.5576,79.9317,80.3619,1294280
2017-02-22,80.1077,81.1639,80.0099,80.9976,1131298
2017-02-23,81.1737,81.3693,80.6876,81.2617,1508917
2017-02-24,80.1957,82.0148,79.9296,81.9952,2348316
2017-02-27,81.9072,81.956,80.4304,80.8118,2054390
2017-02-28,80.8705,80.9292,80.2446,80.4597,1752869
2017-03-01,80.8607,81.5355,80.6945,81.1932,1535505
2017-03-02,80.8803,81.1443,80.4109,80.4597,1080497
2017-03-03,80.4206,81.2519,80.1957,81.1248,1112443
2017-03-06,80.6162,81.1737,80.5087,80.8803,1198269
2017-03-07,80.6651,81.1541,80.5967,80.8216,974001
2017-03-08,80.8803,80.9096,80.2348,80.4109,1335987
2017-03-09,80.4402,80.7923,79.8534,80.1761,1453848
2017-03-10,80.4402,80.8118,79.7263,80.4206,2445922
2017-03-13,80.3913,81.0661,80.2201,80.8998,1315021
2017-03-14,80.7727,81.0808,80.2935,80.6456,848623
2017-03-15,80.9891,81.1658,80.5376,80.9891,1494814
2017-03-16,80.9695,81.0823,80.3217,80.4297,1095279
2017-03-17,80.8222,80.8615,80.2334,80.3119,1929899
2017-03-20,80.4002,80.4002,79.0458,79.5169,1651988
2017-03-21,79.2814,79.6052,78.3588,78.5649,1813943
2017-03-22,78.771,78.9869,78.3392,78.4177,1352811
2017-03-23,78.3195,78.6827,77.9859,78.3392,1249575
2017-03-24,78.4177,78.8888,78.3245,78.6336,1188863
2017-03-27,78.1527,78.9967,77.8975,78.9182,1818689
2017-03-28,78.0644,79.193,77.6423,78.8005,2350327
2017-03-29,78.3294,78.7023,77.5344,78.5453,1067533
2017-03-30,78.3195,78.9477,78.2116,78.5649,1458827
2017-03-31,78.614,78.9869,78.1036,78.1429,1727933
2017-04-03,78.3883,78.8937,77.4853,77.9662,3242646
2017-04-04,77.927,78.1821,77.4215,77.662,1850510
2017-04-05,77.8583,78.6778,77.7896,78.0251,1755369
2017-04-06,77.9466,78.3294,77.7699,78.1233,2364925
2017-04-07,78.1625,78.6238,77.9564,78.3883,1228577
2017-04-10,78.4177,79.1145,78.349,79.0458,2171578
2017-04-11,78.7612,78.8103,78.241,78.5944,1174761
2017-04-12,78.2803,79.0753,78.0398,79.0262,1345402
2017-04-13,78.8888,79.3599,78.6729,78.6729,1057989
2017-04-17,78.8986,79.2372,78.8986,79.1342,1754799
2017-04-18,78.9673,79.301,78.8495,79.2519,801101
2017-04-19,79.3108,79.5856,79.0164,79.1538,1031353
2017-04-20,79.5169,80.145,79.1636,80.0567,1002109
2017-04-21,80.0273,81.2345,79.988,80.9989,2399561
2017-04-24,81.5878,82.0294,81.4307,81.7742,1312715
2017-04-25,82.0687,82.4809,81.892,82.3042,1235104
2017-04-26,82.2846,82.5398,82.1079,82.3239,929861
2017-04-27,82.4416,83.0109,82.319,82.53,949094
2017-04-28,82.5103,82.7361,81.7546,82.6281,1472350
2017-05-01,82.6968,83.3544,82.4514,82.8538,2962358
2017-05-02,82.8538,83.3936,80.4984,81.7154,3248570
2017-05-03,80.7437,81.4602,80.2039,81.4406,2527291
2017-05-04,81.8135,82.5349,81.5292,81.9705,1813813
2017-05-05,82.1963,82.2061,81.0185,81.5093,1542428
2017-05-08,81.4209,81.8528,81.313,81.7939,1158081
2017-05-09,81.6957,81.7497,81.1265,81.6074,1544224
2017-05-10,81.2835,82.0392,81.1461,82.0294,1633501
2017-05-11,81.7644,82.0589,81.5093,82.0491,1255808
2017-05-12,81.8233,82.0,81.5093,81.5681,1152145
2017-05-15,81.5289,82.0491,81.4798,81.8626,1204729
2017-05-16,82.0883,82.3337,81.8724,82.2257,1332086
2017-05-17,81.7154,82.157,81.2541,81.313,1943240
2017-05-18,81.313,81.8969,81.048,81.2737,1478084
2017-05-19,81.6467,81.9705,81.4013,81.6565,1330016
2017-05-22,81.892,82.7361,81.7055,82.4711,1452472
2017-05-23,82.5888,82.9324,82.0,82.1079,1467909
2017-05-24,82.0589,82.4858,81.9314,82.3926,1432803
2017-05-25,82.7361,83.9727,82.4416,83.7764,1421121
2017-05-26,83.4722,84.0512,83.4722,83.6979,1392999
2017-05-30,83.4231,83.8058,83.217,83.7077,1518061
2017-05-31,83.9432,84.3653,83.6979,84.2769,2401398
2017-06-01,84.2769,85.1602,84.2769,85.1602,1628011
2017-06-02,85.0817,85.7,84.7873,85.0621,1360780
2017-06-05,85.0621,85.3762,84.8854,84.9443,1169141
2017-06-06,84.4242,85.2191,84.4242,84.6499,1091767
2017-06-07,84.8167,85.0277,84.5223,84.9443,1112623
2017-06-08,84.9541,85.0228,83.2759,83.7077,2027352
2017-06-09,83.7175,84.0512,82.3827,83.0403,1309672
2017-06-12,82.795,83.3544,81.8135,83.3544,1918084
2017-06-13,83.4918,84.3947,83.4918,84.1493,1452907
2017-06-14,84.5826,84.9716,83.9425,84.4251,1516646
2017-06-15,83.9031,84.947,83.3713,84.7205,1922516
2017-06-16,84.691,84.9962,83.7062,83.8933,2316426
2017-06-19,84.2084,84.3266,83.2827,83.7751,1563127
2017-06-20,83.588,83.9721,83.332,83.8539,2021663
2017-06-21,83.9425,84.2084,83.4107,83.6963,1152250
2017-06-22,83.716,83.913,83.1547,83.5683,847472
2017-06-23,83.5978,83.8145,83.1842,83.5486,1351798
2017-06-26,83.7751,83.8342,83.0956,83.6077,1117718
2017-06-27,83.4501,84.3069,83.1941,83.9228,1937351
2017-06-28,84.2281,84.7599,83.4895,84.6713,1132129
2017-06-29,84.4349,84.5285,82.7115,83.5191,1511699
2017-06-30,83.7062,84.4448,83.5092,84.1001,1470882
2017-07-03,84.4054,84.7697,84.0607,84.1493,826270
2017-07-05,84.366,85.0061,84.1493,84.7993,1646107
2017-07-06,84.494,84.5334,83.9327,84.2478,1521423
2017-07-07,84.4645,85.6265,84.4645,85.4591,1808762
2017-07-10,85.4886,86.2074,85.1735,85.9712,1486423
2017-07-11,85.9515,86.5522,85.6856,86.4832,1971759
2017-07-12,86.6605,87.3105,86.6014,87.2514,1803636
2017-07-13,87.5173,87.985,87.1135,87.8915,1725993
2017-07-14,88.1377,88.4036,87.9013,88.2165,1142341
2017-07-17,88.2558,88.3839,87.9506,88.2657,1149329
2017-07-18,88.1771,88.4823,87.8324,88.4823,949330
2017-07-19,88.5316,88.896,88.2854,88.502,1272413
2017-07-20,88.4823,88.7384,88.1869,88.443,1476356
2017-07-21,88.4134,88.8763,88.3937,88.6301,1033350
2017-07-24,88.6202,88.9157,88.0195,88.7482,958528
2017-07-25,88.7187,88.8467,88.2017,88.3346,1297782
2017-07-26,88.6301,89.3096,88.3445,89.3096,1120516
2017-07-27,89.5361,89.6739,88.8763,89.6641,2895199
2017-07-28,89.6148,89.7429,88.955,89.4474,1330194
2017-07-31,89.7921,90.1663,89.605,89.8315,1856626
2017-08-01,89.2406,89.4868,88.6202,88.9944,2748857
2017-08-02,90.5011,91.3678,89.5065,89.8512,2262715
2017-08-03,89.6739,90.1269,88.4823,89.0338,2176515
2017-08-04,89.2406,89.4868,88.6202,88.9944,2748857
2017-08-07,88.8172,89.2209,88.7975,89.1717,2385506
2017-08-08,89.0535,89.28,88.5316,88.6202,953960
2017-08-09,88.0786,88.2657,87.7536,88.0293,1140358
2017-08-10,87.9112,88.3642,87.6945,87.9013,1637843
2017-08-11,87.7044,88.2755,87.6847,87.8619,780605
2017-08-14,88.6301,89.2308,88.4725,89.0732,728028
2017-08-15,89.0929,89.4967,89.0535,89.28,842807
2017-08-16,88.7975,90.5258,88.6301,90.058,1508698
2017-08-17,90.0481,90.1368,88.1377,88.2066,1183399
2017-08-18,88.1377,88.7532,87.6157,88.4627,3093610
2017-08-21,88.4627,89.5164,88.4331,89.477,1377720
2017-08-22,89.7429,90.2648,89.4917,90.186,1218491
2017-08-23,89.9595,90.0974,89.6641,89.9497,976197
2017-08-24,90.186,90.186,89.6641,89.861,1185190
2017-08-25,90.1959,90.3534,89.7921,89.9497,830378
2017-08-28,90.2451,90.4618,89.9694,90.3928,671562
2017-08-29,89.9497,90.8261,89.8906,90.5405,931362
2017-08-30,90.5504,91.0822,90.3239,90.9837,883042
2017-08-31,91.3087,91.6386,91.0772,91.5056,1430376
2017-09-01,91.7321,91.87,90.5898,90.9344,1022404
2017-09-05,90.6981,90.9148,90.3042,90.8064,1007708
2017-09-06,90.9837,91.2003,90.4618,91.0625,966534
2017-09-07,91.2397,91.4268,90.8261,91.1216,956812
2017-09-08,91.1019,91.3087,90.7276,90.8951,1061118
2017-09-11,91.3874,91.9685,91.0723,91.9685,1101078
2017-09-12,92.0768,92.3033,91.5352,91.9094,771948
2017-09-13,91.6632,91.7617,91.0034,91.0132,874824
2017-09-14,94.2868,94.6732,93.7219,94.1381,1357646
2017-09-15,90.9441,91.2108,90.6082,90.8947,2102054
2017-09-18,91.0725,92.4753,90.9797,92.4062,2223601
2017-09-19,92.337,92.5445,91.5368,91.6455,1272277
2017-09-20,91.7443,91.9962,91.0626,91.6751,1136570
2017-09-21,91.5467,91.8035,91.2306,91.5961,849200
2017-09-22,91.5566,91.9912,91.4183,91.9221,968942
2017-09-25,91.9221,92.0802,91.0231,91.7048,1361975
2017-09-26,91.8035,92.0367,91.3886,91.5269,933099
2017-09-27,91.8529,92.3172,91.6554,91.8727,955465
2017-09-28,91.4479,92.258,91.3985,92.2086,892247
2017-09-29,92.2283,92.5148,91.8727,92.258,1076553
2017-10-02,92.3271,92.7223,92.011,92.1987,867480
2017-10-03,92.1987,92.4555,91.932,92.2678,520125
2017-10-04,92.3074,92.8013,92.1394,92.5741,1107182
2017-10-05,92.7717,92.8112,92.2283,92.6828,733348
2017-10-06,92.6235,92.8507,92.3666,92.7717,1380378
2017-10-09,92.8606,93.3051,92.6729,93.2063,742387
2017-10-10,93.3644,93.7991,93.1767,93.4632,1332528
2017-10-11,93.4335,93.5718,93.1965,93.4928,858647
2017-10-12,93.4138,93.8386,93.2755,93.4632,1051638
2017-10-13,93.7497,93.9868,93.4928,93.8089,1043485
2017-10-16,93.9077,94.1152,93.6064,94.0559,1019658
2017-10-17,94.0855,94.0855,92.989,93.236,963990
2017-10-18,93.2261,94.0559,93.1477,93.6608,652581
2017-10-19,93.6311,94.0559,93.0384,93.9966,1166536
2017-10-20,94.3325,94.3424,93.6509,94.1251,976680
2017-10-23,94.3424,94.8363,94.3325,94.5498,743414
2017-10-24,94.6783,94.8067,94.0855,94.1152,813296
2017-10-25,94.1547,94.7869,93.8781,94.377,637239
2017-10-26,94.9351,95.192,94.5795,94.7771,888029
2017-10-27,94.9746,95.4982,94.7178,95.4488,994549
2017-10-30,95.2809,95.2908,94.5795,94.9055,1241192
2017-10-31,90.1439,92.1691,89.6994,91.6356,4394177
2017-11-01,92.9791,93.7398,91.3491,91.9814,2849764
2017-11-02,92.3074,92.4951,91.7838,92.2283,1489378
2017-11-03,91.8826,92.3172,91.4677,92.0505,1264354
2017-11-06,92.1888,92.5642,91.8727,92.0011,1620879
2017-11-07,91.8134,91.8628,88.2274,89.3734,4748852
2017-11-08,89.3141,90.9885,88.9091,90.5391,2400635
2017-11-09,90.3909,91.6652,89.8574,91.3985,2704666
2017-11-10,91.2108,91.8431,91.0034,91.6356,1800164
2017-11-13,90.7169,91.764,90.4008,91.7245,1561595
2017-11-14,91.2306,92.579,90.5489,92.2975,2111031
2017-11-15,92.1394,92.6778,91.0231,92.4062,2414646
2017-11-16,92.6729,93.0977,92.0406,92.0703,2711890
2017-11-17,91.8628,92.0999,90.7169,90.9441,1692916
2017-11-20,91.2701,91.4677,90.6774,90.8552,1429412
2017-11-21,91.0231,91.1318,90.46,90.628,1924365
2017-11-22,90.4798,90.6971,90.2229,90.4798,792579
2017-11-24,90.4798,91.0824,90.3859,90.9935,469189
2017-11-27,91.2207,91.2503,90.4205,90.8552,1154971
2017-11-28,90.8848,91.7146,90.8058,91.5961,938780
2017-11-29,91.9023,91.9023,90.7959,91.5961,1068905
2017-11-30,91.9616,93.2557,91.7443,93.1866,1802852
2017-12-01,92.989,93.236,91.7245,92.6136,1488769
2017-12-04,93.3743,93.4434,92.4555,92.4951,1668404
2017-12-05,92.6729,94.0757,92.1691,94.0164,2017187
2017-12-06,93.8089,94.3819,93.2854,94.1448,1817093
2017-12-07,94.2732,94.8462,94.046,94.7079,2004017
2017-12-08,95.0043,95.271,94.3523,94.6882,1683521
2017-12-11,94.6486,94.8363,93.9769,94.5498,1188263
2017-12-12,94.2436,94.7079,92.9692,93.0977,2546528
2017-12-13,92.9297,94.0263,92.8408,93.1174,1496521
2017-12-14,93.3057,93.5981,92.7211,92.7508,1487882
2017-12-15,92.8004,94.1084,92.6715,93.9697,2734979
2017-12-18,94.5543,94.8813,94.2025,94.3859,1579582
2017-12-19,94.2868,94.6732,93.7219,94.1381,1357646
2017-12-20,94.5147,95.0101,94.0985,94.2174,984142
2017-12-21,94.1877,94.6385,93.8507,93.9994,964670
2017-12-22,94.0489,94.1877,93.4544,93.4643,881900
2017-12-26,93.3553,93.5237,93.0184,93.276,692189
2017-12-27,93.603,93.7517,92.9837,93.1472,674263
2017-12-28,93.3553,93.6129,93.0035,93.4246,1371917
2017-12-29,93.7021,93.7021,93.2364,93.2364,808341
2018-01-02,93.4544,93.7616,92.404,92.8499,1231737
2018-01-03,92.7905,93.5931,92.7211,93.3949,1370610
2018-01-04,93.4742,94.698,93.4742,94.0886,1673905
2018-01-05,94.2768,94.6237,93.5733,94.6237,1721007
2018-01-08,94.5147,95.4759,94.1976,94.8615,1186173
2018-01-09,94.921,95.2975,94.6633,95.1687,1338549
2018-01-10,95.1588,96.4073,94.584,96.3974,2110920
2018-01-11,96.447,96.9127,96.1794,96.8929,1239274
2018-01-12,96.9722,97.101,96.0308,96.7244,1773403
2018-01-16,96.9127,97.4676,96.0704,96.2884,1448584
2018-01-17,96.883,97.0762,96.3677,96.7145,1407576
2018-01-18,97.0614,97.1704,96.6253,96.6551,1235480
2018-01-19,96.9821,97.6955,96.7483,97.5766,1627054
2018-01-22,97.7352,98.3,97.5172,98.2901,1111924
2018-01-23,98.1316,98.9045,98.0424,98.2306,971557
2018-01-24,98.6964,99.8954,98.3198,99.6477,1542895
2018-01-25,99.7468,100.8764,99.6266,100.5791,1195337
2018-01-26,100.8764,102.1349,100.6584,101.9466,1419726
2018-01-29,101.9764,102.7096,101.5602,101.7584,1248384
2018-01-30,101.4313,102.1448,101.253,101.7286,1222105
2018-01-31,101.7385,102.2439,101.2431,101.4313,1500377
2018-02-01,101.3719,101.9466,100.7972,101.1836,1530797
2018-02-02,100.6386,101.2951,99.8657,99.8954,1612556
2018-02-05,99.6774,100.49,96.1497,96.3182,2636020
2018-02-06,94.4849,95.3396,91.6079,94.8516,5946276
2018-02-07,94.8714,97.319,94.6138,95.8921,3099796
2018-02-08,95.9416,97.101,91.8491,91.8986,3058332
2018-02-09,92.5427,94.8516,91.2842,94.1678,2572010
2018-02-12,94.9011,95.5056,94.039,94.2868,1789938
2018-02-13,94.2174,95.4164,93.5683,95.2975,1144098
2018-02-14,94.8119,95.5304,94.4651,95.129,1590831
2018-02-15,95.4461,95.6939,94.6633,95.684,1538136
2018-02-16,95.6641,97.2695,95.6641,96.9325,1098098
2018-02-20,96.3578,97.1208,95.4174,96.4371,1501178
2018-02-21,96.665,98.0226,96.2587,96.2686,1215760
2018-02-22,96.7542,98.2505,96.3776,97.1406,2315304
2018-02-23,97.7154,98.9342,97.1902,98.9144,1805316
2018-02-26,99.1027,100.1828,98.8054,99.0135,2047911
2018-02-27,99.0432,99.3108,97.537,97.5469,1253399
2018-02-28,97.6064,98.5874,96.2686,96.2983,1987170
2018-03-01,96.3677,96.6848,94.6534,95.0894,1350759
2018-03-02,94.4156,96.1794,93.8904,96.0209,1260836
2018-03-05,95.3669,98.7261,95.3669,98.6865,2357011
2018-03-06,98.9144,99.2711,97.5469,97.8145,1419539
2018-03-07,97.0217,97.8541,96.9028,97.6757,1398498
2018-03-08,98.2406,98.4487,97.6361,98.3793,1220650
2018-03-09,98.9937,99.9152,98.4883,99.8558,1703128
2018-03-12,99.8657,100.6683,99.39,100.3116,2355197
2018-03-13,100.3017,100.7674,99.0828,99.499,1501172
2018-03-14,99.4792,100.0639,98.9441,99.4099,1233046
2018-03-15,99.7976,100.4537,99.2608,99.5093,782978
2018-03-16,99.6882,100.2847,99.6683,100.0461,1700811
2018-03-19,99.7976,100.1057,98.7935,99.4596,715767
2018-03-20,99.7479,100.4537,99.2608,100.3244,962596
2018-03-21,100.5133,101.1396,99.887,99.9865,1023464
2018-03-22,99.38,99.38,96.8352,96.9445,1754292
2018-03-23,97.0539,97.7149,94.2803,94.3002,1665417
2018-03-26,95.2247,95.7814,93.992,95.5925,1942434
2018-03-27,95.9703,96.2188,93.5248,94.1213,1356766
2018-03-28,94.3002,95.4434,93.3956,94.7575,1644714
2018-03-29,95.1651,96.6364,94.3897,95.7317,1244759
2018-04-02,95.3341,96.0001,93.3658,94.1511,2329864
2018-04-03,94.2207,94.7774,93.316,94.4394,2589172
2018-04-04,93.2465,95.6422,93.157,95.4335,2107539
2018-04-05,96.0697,97.4167,95.9206,96.8849,1870510
2018-04-06,96.0101,96.5071,94.5587,94.9663,1480698
2018-04-09,95.4732,96.7855,94.8371,95.4335,1688909
2018-04-10,96.517,97.0439,95.9703,96.2586,1054889
2018-04-11,95.513,96.8451,95.4832,95.7715,1212716
2018-04-12,96.348,96.5966,95.993,96.1095,665034
2018-04-13,96.7357,96.8352,95.2943,95.6621,972172
2018-04-16,96.4872,96.9644,95.9305,96.7159,793742
2018-04-17,97.3024,97.3024,96.6463,97.034,2055618
2018-04-18,97.4217,97.4217,96.7556,96.9544,1599040
2018-04-19,96.855,97.2229,96.0299,96.4872,908693
2018-04-20,96.2685,96.6463,95.2148,95.4434,1155952
2018-04-23,95.8609,96.0598,94.8967,95.1352,1158108
2018-04-24,95.3838,95.7118,93.8106,94.2107,1355349
2018-04-25,94.2406,94.2754,93.316,93.5546,1571409
2018-04-26,94.1411,94.9364,93.9622,94.4394,1798710
2018-04-27,94.5288,95.0259,93.9821,94.1411,2038594
2018-04-30,94.5686,95.7416,94.335,94.4096,2914459
2018-05-01,96.4276,99.1216,95.8013,99.0719,4051831
2018-05-02,99.1713,99.5292,97.531,97.9088,2866199
2018-05-03,97.4217,98.8731,97.193,98.8234,2282434
2018-05-04,98.4357,100.2449,98.0231,100.066,2020921
2018-05-07,100.056,101.6466,99.8821,101.6068,2203500
2018-05-08,101.1993,102.8892,101.1098,102.581,2751938
2018-05-09,102.7799,103.3167,102.3325,103.2968,3287541
2018-05-10,103.088,104.4002,103.0284,104.2909,1965741
2018-05-11,104.112,104.3804,103.436,104.271,2149333
2018-05-14,104.3804,104.3804,103.4956,104.0821,1926333
2018-05-15,103.5354,104.102,102.75,104.0821,1580891
2018-05-16,104.0821,104.3605,103.5553,104.2213,1329156
2018-05-17,103.8933,104.3307,102.9389,103.2073,1686650
2018-05-18,103.1377,103.933,102.9886,103.5056,1338697
2018-05-21,104.102,104.2859,103.605,103.8336,824620
2018-05-22,103.8734,103.8734,102.5115,102.8892,1348229
2018-05-23,102.3922,103.3167,102.094,103.257,1022739
2018-05-24,103.3465,103.5751,102.6904,103.1874,1299831
2018-05-25,103.1477,103.2372,102.7401,102.8495,837610
2018-05-29,102.2828,102.4021,101.2191,101.7758,902908
2018-05-30,101.9349,103.0185,101.9349,102.6506,1161833
2018-05-31,102.7103,102.9489,101.5274,101.6168,1639976
2018-06-01,102.3425,102.7833,102.0442,102.6109,1108528
2018-06-04,102.3126,103.3266,102.3126,103.1576,2946426
2018-06-05,103.3863,104.281,103.1874,104.1418,1619509
2018-06-06,104.3307,106.4282,104.0324,106.299,2699612
2018-06-07,106.299,106.299,104.0821,104.8476,1110431
2018-06-08,104.8476,105.5435,104.5096,105.5136,915775
2018-06-11,105.4639,105.5036,105.0365,105.2353,721713
2018-06-12,105.4142,106.5674,104.8078,106.5376,2442104
2018-06-13,106.5376,107.2434,106.1697,106.468,1313520
2018-06-14,106.6076,107.495,106.5129,107.4052,1372437
2018-06-15,107.0164,107.146,106.2486,107.1261,2173499
2018-06-18,106.4281,107.0363,105.8299,106.9566,1891215
2018-06-19,106.139,107.146,105.8299,107.0762,1659639
2018-06-20,107.2856,107.475,106.5079,106.6873,966524
2018-06-21,106.8469,107.5847,106.6774,107.0762,1223475
2018-06-22,107.2657,107.6844,106.5577,107.3155,2646706
2018-06-25,106.9566,107.1759,105.7501,106.2686,1741205
2018-06-26,106.2187,106.7372,105.7501,105.79,1634205
2018-06-27,106.1489,106.2885,104.4938,104.5536,1425105
2018-06-28,104.4539,106.3683,104.4539,105.4011,1422273
2018-06-29,105.5906,106.4879,105.4909,105.7202,1689921
2018-07-02,104.9026,106.3882,104.8577,106.3882,1574360
2018-07-03,106.7472,107.0961,106.1489,106.2885,945064
2018-07-05,106.1888,107.3952,106.0093,107.2258,1413886
2018-07-06,107.1959,108.512,106.822,108.0533,1569682
2018-07-09,108.3425,108.8311,107.6844,107.9038,1645213
2018-07-10,107.9237,108.2727,107.0563,107.3255,1243944
2018-07-11,106.8369,107.9835,106.7472,107.4152,1046291
2018-07-12,108.0733,108.5419,107.824,108.2328,1618800
2018-07-13,108.173,108.3753,107.5049,107.814,1020706
2018-07-16,107.8938,108.183,107.0264,107.3853,1233389
2018-07-17,107.4651,108.183,107.1061,108.0234,907387
2018-07-18,108.0234,108.7214,107.7045,108.6516,1234103
2018-07-19,108.6516,108.6915,107.8938,108.4023,1300785
2018-07-20,108.2328,108.8211,107.9287,108.5818,588121
2018-07-23,108.2827,109.0405,108.1929,109.0205,826575
2018-07-24,109.2698,109.6287,107.9536,108.3525,1545459
2018-07-25,108.2528,109.2498,108.0633,109.1701,1231913
2018-07-26,109.0504,109.2997,108.5718,108.8111,888554
2018-07-27,109.0504,109.0604,106.8568,107.1261,867447
2018-07-30,107.0164,107.5648,104.3342,104.753,1480382
2018-07-31,103.1976,105.441,102.0709,102.8287,3882131
2018-08-01,102.9682,104.7929,102.1058,102.6492,3051584
2018-08-02,102.1806,103.367,101.9313,102.9682,1694928
2018-08-03,103.0879,103.9653,102.3899,103.9155,1415735
2018-08-06,103.8656,104.5636,103.726,104.4738,1192054
2018-08-07,104.5835,105.0571,104.3991,104.8527,1526302
2018-08-08,105.0023,105.8797,104.8428,105.5606,1279918
2018-08-09,105.5008,106.8868,105.3712,106.6375,1529576
2018-08-10,106.1888,107.2557,105.8797,106.5677,1424777
2018-08-13,106.5478,107.0563,105.77,105.8299,757069
2018-08-14,105.9595,106.8868,105.6504,106.3783,2009584
2018-08-15,105.9395,106.2686,105.3121,105.7102,1158871
2018-08-16,106.3085,106.6375,105.822,106.0293,791353
2018-08-17,106.1888,106.9765,106.0891,106.7871,1283030
2018-08-20,106.6973,107.3925,106.2985,107.1659,2076230
2018-08-21,107.5847,107.7243,107.1759,107.2657,1355617
2018-08-22,107.156,108.1929,106.9665,107.9337,968004
2018-08-23,107.9835,108.5319,107.9138,108.0633,969383
2018-08-24,108.1531,108.6017,107.824,108.5519,644125
2018-08-27,108.841,109.0704,107.5,107.5847,1195087
2018-08-28,107.9736,108.4023,107.1659,107.2756,983418
2018-08-29,107.3654,107.9835,107.2657,107.7442,973832
2018-08-30,107.6645,107.8838,107.1759,107.3853,603868
2018-08-31,107.2457,107.9636,107.2457,107.8539,863720
2018-09-04,107.7143,107.9935,107.0463,107.5548,1008724
2018-09-05,107.2357,107.4252,105.7999,106.2287,1121515
2018-09-06,106.2287,107.5049,105.9545,107.2856,785340
2018-09-07,107.0662,107.6645,106.807,107.136,1066685
2018-09-10,107.6844,108.5718,107.3803,108.4023,862506
2018-09-11,108.2627,109.1501,107.9138,108.841,1077486
2018-09-12,108.8311,109.4094,108.4621,109.18,807491
2018-09-13,109.76,110.25,108.98,110.05,1338551
