date,open,high,low,close,volume
2013-09-16,29.9353,30.0255,29.4387,29.6103,2272678
2013-09-17,29.6915,30.1384,29.6825,30.1158,1410482
2013-09-18,30.0255,30.4589,29.7367,30.3957,1237176
2013-09-19,30.4227,30.4769,30.1068,30.1248,1407890
2013-09-20,30.2873,30.2873,29.6464,29.7637,2191587
2013-09-23,29.7276,29.8134,29.3936,29.5019,1176278
2013-09-24,29.5019,29.9353,29.2492,29.863,2059446
2013-09-25,29.7998,29.863,28.9783,29.3756,2616670
2013-09-26,29.5019,29.9714,29.4207,29.5742,1498188
2013-09-27,30.7387,30.987,30.2512,30.7838,3353130
2013-09-30,30.4498,30.7477,30.2693,30.6394,2095437
2013-10-01,30.5943,31.0276,30.5627,30.7026,2275486
2013-10-02,30.5762,30.6936,30.3415,30.5943,1767800
2013-10-03,30.522,30.5943,29.9082,30.2332,1452566
2013-10-04,30.1971,30.3325,29.9623,30.2512,1014589
2013-10-07,29.9714,30.0797,29.6012,29.6373,1713170
2013-10-08,29.6554,29.6825,29.0054,29.2131,1629126
2013-10-09,29.3575,29.6464,29.1047,29.3846,1510620
2013-10-10,29.7728,30.0797,29.6012,29.8179,1464281
2013-10-11,29.7096,29.7908,29.2943,29.6735,1762540
2013-10-14,29.5832,29.7728,29.3846,29.7096,1725060
2013-10-15,29.7276,29.836,29.4658,29.6373,1293724
2013-10-16,29.9462,30.2822,29.7918,30.2096,1205908
2013-10-17,30.1551,30.3458,29.8917,30.1097,1162562
2013-10-18,30.3276,30.809,30.2096,30.7,1499210
2013-10-21,30.7545,30.809,30.3513,30.4548,1100280
2013-10-22,30.4276,30.7636,30.3549,30.691,1917651
2013-10-23,30.6274,30.8817,30.5275,30.8363,1727401
2013-10-24,30.9634,31.1814,30.7455,31.0543,1467737
2013-10-25,31.1179,31.2268,30.7455,31.0634,1712853
2013-10-28,31.1179,31.5447,31.1179,31.4085,1409687
2013-10-29,31.572,31.9081,31.4721,31.8808,1593227
2013-10-30,31.7627,31.9807,31.5266,31.5629,1811074
2013-10-31,31.5538,31.6628,31.1814,31.5175,1367410
2013-11-01,31.6265,31.9443,31.5176,31.7809,1670100
2013-11-04,31.7718,31.8536,31.0724,31.4721,3412422
2013-11-05,31.4267,31.7082,30.9644,31.6356,3295548
2013-11-06,31.5629,32.3259,31.354,32.2895,3204201
2013-11-07,32.4803,32.8799,31.9671,32.0261,1903691
2013-11-08,31.9807,32.6801,31.9716,32.671,1402807
2013-11-11,32.6801,33.0253,32.5984,32.9526,1359956
2013-11-12,32.8799,33.1161,32.5439,32.6347,1991925
2013-11-13,32.6074,33.4249,32.5257,33.3704,1907656
2013-11-14,33.3341,33.8155,33.1978,33.7246,1561437
2013-11-15,33.7246,33.7882,33.1206,33.7337,2476042
2013-11-18,33.9517,34.0244,33.6247,33.7519,1847220
2013-11-19,33.7519,33.9971,33.5066,33.6066,2274058
2013-11-20,33.6066,33.7246,33.1025,33.2069,2489279
2013-11-21,33.2887,33.434,32.5802,33.3886,3344736
2013-11-22,35.414,35.5594,34.5058,34.7601,6764673
2013-11-25,35.1779,35.5367,34.9508,34.9781,3119519
2013-11-26,35.0507,35.2142,34.8918,35.0235,1230678
2013-11-27,35.2233,35.4561,35.187,35.3959,1525648
2013-11-29,35.5775,35.6229,35.2324,35.3232,642725
2013-12-02,35.2415,35.6956,35.2142,35.3959,1775054
2013-12-03,35.187,35.5866,35.0144,35.5321,1832686
2013-12-04,35.2596,35.4867,34.8782,35.2051,2092186
2013-12-05,35.2142,35.4867,35.0144,35.2778,1141594
2013-12-06,35.2506,35.6865,35.2506,35.6139,1735860
2013-12-09,35.6956,35.8773,35.078,35.1688,1252762
2013-12-10,35.2051,35.2415,34.7964,35.078,2022550
2013-12-11,35.2596,35.6593,35.2233,35.2506,1513877
2013-12-12,35.1688,35.3141,34.8418,35.0326,1349318
2013-12-13,35.1052,35.6048,35.0507,35.2506,1459392
2013-12-16,35.4595,35.741,35.296,35.3686,1230797
2013-12-17,35.2778,35.7047,35.2778,35.4958,1549187
2013-12-18,35.5775,36.4495,35.4958,36.3768,2306910
2013-12-19,36.1225,36.3405,35.8137,36.0408,1518891
2013-12-20,36.5585,37.3487,36.3496,37.3396,4783549
2013-12-23,37.4849,37.5667,36.949,37.1943,1598095
2013-12-24,37.2851,37.6484,37.2851,37.4577,745356
2013-12-26,37.4668,37.6938,37.2488,37.2851,900230
2013-12-27,37.5303,37.6575,37.1035,37.2215,968178
2013-12-30,37.1489,37.6393,36.9763,37.4849,1236980
2013-12-31,37.5848,37.8119,37.5213,37.6393,729874
2014-01-02,37.5667,37.712,36.8673,37.0399,1559184
2014-01-03,36.8673,37.6484,36.8673,37.4668,1567472
2014-01-06,37.5213,37.9027,37.4032,37.4668,1444406
2014-01-07,37.5485,37.8028,37.3214,37.4668,1597467
2014-01-08,37.3941,37.4577,36.8491,37.3396,1576226
2014-01-09,37.6121,37.6121,37.0035,37.2851,1543817
2014-01-10,37.3124,37.5485,36.949,37.4759,1536681
2014-01-13,37.4304,37.4304,36.6947,36.8945,1505548
2014-01-14,36.9036,37.3714,36.7174,37.1125,1341412
2014-01-15,37.2951,37.4046,36.6288,36.6744,1618515
2014-01-16,36.7657,36.7657,35.926,36.0446,1772127
2014-01-17,36.1998,36.1998,35.4057,35.497,2266503
2014-01-21,35.5335,35.8438,34.8398,35.3327,2974748
2014-01-22,35.424,35.6065,35.1319,35.2231,1705837
2014-01-23,35.1227,35.1227,34.6025,34.8763,1326504
2014-01-24,34.6481,34.6664,34.1917,34.2009,1870599
2014-01-27,34.7759,35.4422,34.6846,34.6938,2477688
2014-01-28,34.7576,35.3509,34.5386,34.8489,2046254
2014-01-29,34.6116,34.9858,34.3058,34.3469,1714740
2014-01-30,34.6755,35.4742,34.5842,35.3783,1836488
2014-01-31,34.9767,35.5152,34.7485,35.2323,1334940
2014-02-03,35.1136,35.1958,33.4524,33.5254,2570121
2014-02-04,33.7719,34.3469,33.4524,34.2648,2518365
2014-02-05,34.1644,34.7942,34.0001,34.639,1537230
2014-02-06,34.7029,35.5152,34.5477,35.0041,1042415
2014-02-07,35.287,35.7891,35.0406,35.2962,878890
2014-02-10,35.3966,35.5791,34.8124,35.1136,1105630
2014-02-11,35.0589,35.9351,34.9219,35.8438,1400109
2014-02-12,35.8529,36.0903,35.5335,35.7343,1371396
2014-02-13,35.3966,35.9077,35.3327,35.7891,1076988
2014-02-14,35.5974,35.6887,35.3966,35.5517,838906
2014-02-18,35.5974,35.6339,35.0954,35.4605,1302717
2014-02-19,35.3874,36.3276,35.287,35.9625,1577792
2014-02-20,36.0081,36.6105,35.9716,36.5649,1375723
2014-02-21,36.5831,36.7383,36.2911,36.5101,648644
2014-02-24,36.5466,37.1217,36.5101,36.93,1337327
2014-02-25,36.9574,37.8701,36.6836,37.7606,2644292
2014-02-26,37.8793,38.4452,37.7697,38.3174,2051785
2014-02-27,38.1622,38.4269,37.8884,38.1805,986542
2014-02-28,38.2444,38.3585,37.7789,38.0709,1167538
2014-03-03,37.6967,38.3721,37.6511,38.144,1227288
2014-03-04,38.5638,39.2301,38.5638,39.0567,1966162
2014-03-05,39.1115,39.1115,38.2626,38.6734,1789846
2014-03-06,38.8559,39.2393,38.3083,39.0019,3024704
2014-03-07,41.1287,42.7169,40.9826,42.4339,7030748
2014-03-10,42.5526,42.6073,41.7676,41.9593,3723641
2014-03-11,41.9593,42.3883,41.6307,42.1418,2425542
2014-03-12,41.8315,42.4065,41.4618,41.7037,3089646
2014-03-13,41.7585,42.3061,41.2838,41.5211,2387169
2014-03-14,41.4207,41.7585,41.1195,41.1378,1772035
2014-03-17,41.2747,41.4755,41.1378,41.439,3359176
2014-03-18,41.5303,42.6621,41.4755,42.1875,3941559
2014-03-19,42.224,42.5845,42.0241,42.2787,1372217
2014-03-20,42.1601,42.5617,42.109,42.4795,975964
2014-03-21,42.4065,42.8446,41.8406,41.8406,2354774
2014-03-24,41.9775,42.2148,41.3569,42.1053,1417276
2014-03-25,42.2331,42.4156,41.6581,42.0414,1711442
2014-03-26,42.1875,42.1875,41.1469,41.1469,1378010
2014-03-27,41.2199,41.5029,40.8457,41.3112,1692673
2014-03-28,41.1834,42.4978,41.1834,42.1053,1670202
2014-03-31,42.443,43.1093,42.1601,42.8811,2444048
2014-04-01,43.1367,43.9582,42.9725,43.1732,2336764
2014-04-02,43.3284,44.1316,43.0272,44.1134,2072688
2014-04-03,44.1225,44.4602,43.082,43.1185,1574416
2014-04-04,43.4562,43.7939,41.9684,42.2696,2309945
2014-04-07,41.9593,42.0779,40.9644,41.2838,2972093
2014-04-08,41.2838,41.8817,41.0921,41.8589,1347424
2014-04-09,42.0232,42.2422,41.3203,42.1053,989222
2014-04-10,42.0505,42.0962,40.7727,40.8366,1116022
2014-04-11,40.4076,40.8366,39.9466,40.1794,1438879
2014-04-14,40.5536,40.9644,40.1064,40.6175,1230008
2014-04-15,40.645,41.278,40.324,40.9294,1155247
2014-04-16,41.1954,41.7274,41.012,41.4614,1012395
2014-04-17,41.4156,41.865,41.2963,41.4981,1338548
2014-04-21,41.6265,41.865,41.2871,41.6265,830536
2014-04-22,41.6357,42.2686,41.5623,41.7917,1174547
2014-04-23,41.865,42.6722,41.8559,41.9476,1086193
2014-04-24,42.1861,42.4796,41.9843,42.3237,969150
2014-04-25,42.1677,42.4429,41.9659,42.0485,569006
2014-04-28,42.2778,43.2731,41.8742,42.4521,1411088
2014-04-29,42.5347,42.819,42.2411,42.6906,865496
2014-04-30,42.6631,42.7548,42.1402,42.6814,872907
2014-05-01,42.8832,43.1034,42.553,42.6814,856011
2014-05-02,42.7365,43.7088,42.6172,43.2043,710486
2014-05-05,43.1217,43.6538,42.7273,43.4336,859805
2014-05-06,43.241,43.3052,42.6998,43.03,938970
2014-05-07,43.0575,43.3272,42.3787,42.8832,682884
2014-05-08,42.9658,44.2592,42.9291,43.2593,1092261
2014-05-09,43.241,43.8922,42.9566,43.8739,914358
2014-05-12,44.1949,45.1764,44.1583,44.6628,1172494
2014-05-13,44.9746,45.525,44.7545,44.8187,1007934
2014-05-14,44.8554,45.1122,44.5435,44.7728,875636
2014-05-15,44.5986,44.5986,43.7638,44.3601,852330
2014-05-16,44.3601,44.9471,44.2225,44.9471,794689
2014-05-19,44.9013,45.0572,44.5527,44.782,926158
2014-05-20,44.5252,44.5527,43.6629,43.8739,1249512
2014-05-21,44.1124,44.3417,43.1768,43.6262,1530147
2014-05-22,43.8005,44.4151,43.7363,44.1858,1692162
2014-05-23,45.0755,45.4058,43.8739,44.8737,3088458
2014-05-27,45.0389,45.0389,44.4059,44.4243,1444441
2014-05-28,44.3509,44.5619,43.8647,44.4701,1655889
2014-05-29,44.5068,44.6261,43.6996,44.0298,1575420
2014-05-30,44.039,44.5665,43.9289,44.1949,1213944
2014-06-02,44.2592,44.6628,43.5712,44.5343,909085
2014-06-03,44.4243,44.938,44.2683,44.8095,1125701
2014-06-04,44.6995,45.5113,44.6123,45.1306,1138650
2014-06-05,45.1764,45.7131,44.6903,45.6993,1221145
2014-06-06,45.8644,45.9699,45.4218,45.4975,1106010
2014-06-09,45.7543,45.9378,45.314,45.4333,813663
2014-06-10,45.47,45.8094,45.1673,45.8094,1117929
2014-06-11,45.5801,45.736,45.0939,45.5067,1168257
2014-06-12,45.6718,45.8736,45.1764,45.3966,967405
2014-06-13,45.5984,45.6718,45.1306,45.3507,940511
2014-06-16,45.4333,45.7819,45.314,45.7268,1117247
2014-06-17,45.8094,45.9561,45.1994,45.2407,1898921
2014-06-18,45.3966,45.8736,45.2773,45.8461,1323217
2014-06-19,45.8644,45.9837,45.5617,45.7085,1446918
2014-06-20,45.7085,45.9928,45.4975,45.525,2363657
2014-06-23,45.4792,45.8919,45.47,45.8552,1160419
2014-06-24,45.6993,45.9745,45.3691,45.3783,1186238
2014-06-25,46.1121,46.1671,45.259,45.736,1270505
2014-06-26,45.6626,45.736,44.9471,45.2407,1325072
2014-06-27,45.4516,46.7817,45.4516,46.4331,2761168
2014-06-30,46.3597,46.5524,46.1488,46.5249,1713144
2014-07-01,46.534,47.3825,46.534,47.3321,1507292
2014-07-02,47.3046,47.6531,47.0477,47.1578,759371
2014-07-03,47.2403,47.7632,47.2128,47.4605,553731
2014-07-07,47.2128,47.3321,46.7634,46.8276,1234328
2014-07-08,46.5799,46.8276,46.3964,46.5157,1273609
2014-07-09,46.7267,46.9376,46.4148,46.5432,1472563
2014-07-10,46.0662,46.5616,45.3416,46.424,1757922
2014-07-11,46.1946,46.3781,45.6167,45.8461,1553348
2014-07-14,46.1213,46.2405,45.5801,45.6534,1354307
2014-07-15,45.6167,45.8551,45.3507,45.4425,1565271
2014-07-16,45.5438,45.553,44.0328,44.4105,4089525
2014-07-17,44.3645,44.3921,43.4062,43.4246,2105454
2014-07-18,43.5905,44.9173,43.4661,44.8436,1527752
2014-07-21,44.4934,44.733,44.1525,44.6685,1576902
2014-07-22,44.9265,44.9726,44.2539,44.2907,1007601
2014-07-23,44.4566,44.8344,44.1433,44.6593,1122386
2014-07-24,44.8528,45.7281,44.6869,45.636,1342025
2014-07-25,45.4609,45.553,44.604,44.6224,914420
2014-07-28,44.6777,44.8159,44.2262,44.6685,1058879
2014-07-29,44.7238,45.2121,44.5764,44.6962,848815
2014-07-30,44.8804,45.0831,44.6777,44.9265,912829
2014-07-31,44.4934,44.5764,43.5721,43.7932,1428111
2014-08-01,43.8393,44.3645,43.7656,44.3368,1797350
2014-08-04,44.4566,44.9818,44.1341,44.8989,1114442
2014-08-05,44.5487,45.1753,44.3184,44.6593,822947
2014-08-06,44.4842,45.3135,44.3645,45.1753,813422
2014-08-07,45.4793,45.4793,44.3829,44.4566,1684026
2014-08-08,44.6962,46.3086,44.3276,46.2533,1784541
2014-08-11,46.4191,46.5297,45.7189,45.8571,1167745
2014-08-12,45.9032,46.8061,45.7742,46.3362,1465008
2014-08-13,46.4283,46.7693,45.8939,46.2533,960921
2014-08-14,46.4191,46.9904,46.3915,46.7232,1296382
2014-08-15,46.6218,46.7048,45.2674,45.8939,2498540
2014-08-18,46.2625,46.714,46.1335,46.714,1441104
2014-08-19,47.2852,48.0223,47.0917,47.8749,2355645
2014-08-20,47.6446,48.5475,47.3497,48.308,2320028
2014-08-21,48.4646,48.7871,48.0684,48.437,2442806
2014-08-22,50.768,50.98,49.0266,49.8651,5585103
2014-08-25,49.6808,50.4787,49.6808,50.2889,1699506
2014-08-26,50.3626,51.2564,50.3626,51.0168,1761918
2014-08-27,51.3209,52.0856,51.0997,51.9106,2257871
2014-08-28,51.542,51.8322,51.155,51.5881,1168156
2014-08-29,51.6894,52.0557,51.2932,51.6986,891972
2014-09-02,51.8645,52.9794,51.7355,52.749,2465421
2014-09-03,53.1268,53.3479,52.3528,52.6292,2766297
2014-09-04,52.749,53.394,52.6016,52.8227,1472808
2014-09-05,52.574,52.7628,51.9382,52.6937,1524586
2014-09-08,52.749,53.0162,52.3989,52.7029,1851577
2014-09-09,52.6753,52.749,51.8921,52.0488,1619408
2014-09-10,52.0672,52.5279,51.8069,52.3252,1364266
2014-09-11,52.1962,52.6569,52.0395,52.6569,1008296
2014-09-12,52.749,53.2151,52.5002,52.6108,1050110
2014-09-15,52.6845,52.8504,52.4265,52.6384,816383
2014-09-16,52.5002,53.8086,52.3943,53.4216,1700790
2014-09-17,53.4124,53.44,52.6845,52.8043,1652736
2014-09-18,52.9425,53.0254,52.6845,52.8688,1645861
2014-09-19,53.136,53.1452,52.1501,52.3528,4537367
2014-09-22,52.7951,52.878,52.0948,52.1685,1606910
2014-09-23,52.058,52.7982,51.5512,51.8184,1860186
2014-09-24,51.8921,52.5371,51.6434,52.4818,1154176
2014-09-25,52.2975,52.3436,51.4683,51.6526,1597678
2014-09-26,52.362,53.652,52.2238,52.4818,3299732
2014-09-29,51.8276,52.2699,51.6249,52.1133,1661478
2014-09-30,52.0856,52.2883,50.9984,51.2748,1987153
2014-10-01,51.2011,51.2844,50.3074,50.5101,1999935
2014-10-02,50.464,50.8878,50.1231,50.6206,1635162
2014-10-03,50.9892,52.0948,50.6851,51.7539,1903256
2014-10-06,51.9474,52.0856,51.284,51.3669,1518406
2014-10-07,51.1274,51.4314,50.6667,50.6667,1161163
2014-10-08,50.6667,51.3485,50.0033,51.2287,2764938
2014-10-09,51.0352,51.3577,50.7404,50.768,1894417
2014-10-10,50.7035,51.2287,50.6759,50.8141,2101557
2014-10-13,50.6851,50.8049,49.5703,49.6163,1901178
2014-10-14,50.0309,50.2429,49.2662,49.6532,2200819
2014-10-15,49.0426,49.6439,48.3394,49.3016,2802329
2014-10-16,48.5707,49.0796,47.7566,48.7373,2947611
2014-10-17,49.3386,50.2823,48.9408,49.4681,2266672
2014-10-20,49.4311,50.3193,49.3201,50.3008,1908110
2014-10-21,50.4765,51.7903,50.3378,51.2537,1858145
2014-10-22,51.3277,51.3647,50.4118,50.5968,2150642
2014-10-23,51.1242,51.4942,50.8929,51.0131,1379907
2014-10-24,50.9761,51.0427,50.3841,50.6061,1460816
2014-10-27,50.458,51.0316,50.162,50.9299,1508936
2014-10-28,51.0224,51.3092,50.5321,51.3092,1675316
2014-10-29,51.2814,52.0031,51.2259,51.5035,1206013
2014-10-30,51.5775,52.0216,51.0686,51.5035,1598387
2014-10-31,52.4286,52.5119,51.707,51.818,1260080
2014-11-03,51.818,52.2528,51.5867,51.966,1215068
2014-11-04,50.1157,50.1157,48.3394,49.6161,7334904
2014-11-05,49.9585,50.014,48.1359,48.765,4376743
2014-11-06,48.9778,50.4303,48.9038,50.3933,2283916
2014-11-07,50.1342,51.0316,50.0787,50.421,3089945
2014-11-10,50.5136,50.8374,50.31,50.6708,1986119
2014-11-11,50.6708,50.8142,50.3933,50.6061,1735398
2014-11-12,50.5506,51.7533,50.5506,51.559,3641251
2014-11-13,51.5775,52.0216,51.0686,51.5035,1598387
2014-11-14,51.3462,52.1048,51.3462,51.7995,1695272
2014-11-17,51.8088,51.9568,50.6616,50.6986,2319590
2014-11-18,50.8004,50.9114,50.3655,50.7263,3137865
2014-11-19,50.8651,52.0771,50.6246,51.9845,3503153
2014-11-20,52.2714,52.9005,52.0586,52.7339,3805093
2014-11-21,54.7415,54.7594,50.4118,50.4673,8965477
2014-11-24,50.8374,52.5026,50.6153,52.2066,3808013
2014-11-25,52.5304,52.919,52.2251,52.6507,7141388
2014-11-26,52.6137,52.993,52.3639,52.4841,1587011
2014-11-28,52.5489,53.2983,52.5119,53.0022,1159481
2014-12-01,53.1965,53.1965,52.0771,52.1326,1676433
2014-12-02,52.5026,52.8079,52.1326,52.6414,2215478
2014-12-03,52.3639,53.3168,52.3639,53.2058,1688528
2014-12-04,52.9467,53.1965,52.4286,53.0207,1610519
2014-12-05,53.1965,53.1965,52.2991,52.4564,1653149
2014-12-08,52.2436,53.1502,52.1418,52.3084,1490333
2014-12-09,51.4757,52.3731,51.4591,52.2621,1353733
2014-12-10,52.1973,52.8542,51.7349,51.8273,2052996
2014-12-11,52.2528,53.104,52.0586,52.1603,1624295
2014-12-12,51.9198,52.7339,51.7366,51.9475,1814278
2014-12-15,52.3269,53.0762,52.1187,52.8635,2289362
2014-12-16,52.6784,52.9652,51.6052,51.6052,1973062
2014-12-17,51.7903,52.4286,51.4665,52.1141,2746373
2014-12-18,52.7617,53.5481,52.2991,53.5481,2271505
2014-12-19,53.141,53.252,48.7558,49.8289,11244345
2014-12-22,49.9862,50.8929,49.9585,50.5691,2617286
2014-12-23,50.7078,51.4851,50.4488,51.0871,2405084
2014-12-24,51.1519,51.744,51.0409,51.1704,1105636
2014-12-26,51.5775,51.6515,50.9761,51.3092,867175
2014-12-29,51.2074,52.4934,51.1704,52.3176,1440175
2014-12-30,52.2899,52.5674,52.0401,52.1326,971923
2014-12-31,52.3084,52.7339,51.966,51.9753,1041353
2015-01-02,52.2066,52.4749,51.2259,51.8458,949937
2015-01-05,51.4757,51.8967,51.0501,51.707,2045620
2015-01-06,51.8365,51.9522,49.8891,50.3655,2715623
2015-01-07,50.9299,52.9837,50.9114,52.6599,3255544
2015-01-08,53.1873,53.3075,52.6877,53.1965,2266556
2015-01-09,52.4749,52.6414,51.6607,52.0123,1749278
2015-01-12,52.2621,52.7524,52.0956,52.5396,1866834
2015-01-13,52.8172,52.8681,50.9391,51.4665,2210114
2015-01-14,49.8596,49.8596,47.9741,49.4231,5715096
2015-01-15,49.3395,49.4695,48.0855,48.4199,3303127
2015-01-16,48.4106,48.7822,47.4818,48.3642,3130700
2015-01-20,48.6614,48.7357,47.9276,48.1506,2340524
2015-01-21,48.0577,48.8379,47.8812,48.7729,1597929
2015-01-22,48.5871,49.9711,48.5871,49.6738,2305178
2015-01-23,49.7481,50.1568,49.2234,49.646,1886510
2015-01-26,49.5345,50.2683,49.2373,50.1475,1360378
2015-01-27,49.5717,50.6027,49.4463,50.2311,1286462
2015-01-28,50.4541,50.8442,49.776,49.9618,1386089
2015-01-29,50.2683,50.5376,49.5995,50.4819,1527688
2015-01-30,50.8999,51.0021,49.3627,49.4323,1795210
2015-02-02,49.5624,49.8596,48.4106,49.5438,2147345
2015-02-03,49.6831,50.807,49.4231,50.7699,2139697
2015-02-04,50.1568,50.7141,49.7389,50.4633,2216737
2015-02-05,50.5841,51.4293,50.3705,50.5284,2748319
2015-02-06,50.7141,50.807,49.1165,49.3209,2998835
2015-02-09,49.0794,49.2373,48.4849,48.6986,1793407
2015-02-10,49.0237,49.5252,48.8193,49.4974,1498227
2015-02-11,49.4602,49.9525,49.4185,49.581,1473005
2015-02-12,49.9618,50.3426,49.4509,50.2404,1990093
2015-02-13,50.1754,50.6119,49.9525,50.1197,1050845
2015-02-17,50.0082,50.2869,49.3487,49.8317,1069380
2015-02-18,49.6088,50.2869,49.6088,49.9432,1681768
2015-02-19,50.6305,51.3922,50.5376,51.16,2466957
2015-02-20,51.1971,51.6522,50.8256,51.6058,2104417
2015-02-23,51.7451,52.191,51.6104,52.0052,1311299
2015-02-24,52.0145,52.191,51.4572,51.838,1265168
2015-02-25,51.7173,52.1724,51.4572,51.903,1200723
2015-02-26,51.8659,52.3024,51.6522,51.8659,1206274
2015-02-27,51.968,52.3767,51.8845,52.1724,1283994
2015-03-02,52.2095,52.5161,51.8752,52.1631,1422318
2015-03-03,52.256,52.7483,51.8009,52.4232,2587801
2015-03-04,52.4975,53.5099,52.0702,53.3984,4106499
2015-03-05,53.6399,53.7328,52.4603,52.9712,3523554
2015-03-06,54.4016,55.5905,53.9743,55.1446,6211260
2015-03-09,55.5905,56.8258,55.5905,56.7144,4634934
2015-03-10,56.38,56.6029,55.9713,56.315,2465131
2015-03-11,56.1849,56.7887,56.1849,56.7701,2239723
2015-03-12,57.1323,57.4946,56.8165,57.1138,1776703
2015-03-13,57.0859,57.3088,56.5936,56.9466,1223554
2015-03-16,57.2624,57.6618,56.25,56.3893,2382029
2015-03-17,56.3893,57.346,56.2592,56.8723,2742873
2015-03-18,56.6401,56.9559,55.9342,56.8165,1791860
2015-03-19,56.7887,57.7547,56.7887,57.6618,1668944
2015-03-20,58.2562,58.8321,57.9404,58.2377,3514112
2015-03-23,58.2469,58.5163,57.8475,57.894,1334702
2015-03-24,58.0147,58.3584,57.5875,58.2098,1578098
2015-03-25,58.1726,58.507,57.6107,57.6896,1767055
2015-03-26,57.3367,57.5503,56.863,56.9373,1703077
2015-03-27,57.2159,58.0333,57.2159,57.4481,1192876
2015-03-30,57.8568,59.1293,57.6339,59.0829,2273096
2015-03-31,58.8971,59.0086,58.0612,58.5163,2469229
2015-04-01,58.4048,58.8135,57.6525,58.0705,1800741
2015-04-02,58.4513,58.6556,57.9218,58.1355,1436937
2015-04-06,57.829,58.7392,57.7547,58.089,1425068
2015-04-07,58.0426,58.1931,57.1045,57.1695,1798691
2015-04-08,57.2252,58.3027,57.2252,58.1726,2276245
2015-04-09,58.0054,58.4141,57.6896,58.1076,1812709
2015-04-10,58.0519,58.089,57.1881,57.606,1444115
2015-04-13,57.5132,57.6664,57.2252,57.3831,1185325
2015-04-14,57.3181,57.5225,56.2407,56.51,1776663
2015-04-15,56.7245,57.1349,56.3515,56.7525,1888450
2015-04-16,56.7712,57.3028,56.566,56.6592,1450977
2015-04-17,56.3142,56.4634,55.0364,55.3162,2583713
2015-04-20,55.5774,56.039,55.083,55.8012,1427732
2015-04-21,55.9597,56.3235,55.8105,56.0344,1485313
2015-04-22,56.0996,56.2582,55.2416,55.9597,1244910
2015-04-23,55.9877,56.8551,55.9877,56.6313,1060534
2015-04-24,56.7152,57.0976,56.5753,56.7618,1189090
2015-04-27,56.8924,57.0789,55.9092,56.025,1221015
2015-04-28,55.7825,56.594,55.5494,55.9691,1275799
2015-04-29,55.8292,56.053,55.0457,55.4561,1576993
2015-04-30,55.2509,56.0996,55.2509,55.4468,1679319
2015-05-01,55.596,56.3794,55.5121,56.2209,1177560
2015-05-04,56.6313,56.8738,56.2582,56.5007,1161528
2015-05-05,56.2769,56.7991,56.0903,56.6313,1322548
2015-05-06,56.6779,57.0323,56.137,56.8085,1563993
2015-05-07,56.9204,57.6852,56.7618,57.4613,1635093
2015-05-08,57.8344,58.1795,57.154,57.3028,1754471
2015-05-11,57.5453,57.8008,57.3867,57.5173,1683199
2015-05-12,57.1815,57.1815,56.3515,56.7339,1695054
2015-05-13,56.7805,57.2748,56.4447,57.2188,1698031
2015-05-14,57.4427,57.508,56.5567,57.1722,1752584
2015-05-15,57.3121,57.7411,56.9484,57.5173,1197770
2015-05-18,57.7971,58.6551,57.6385,58.5526,1810190
2015-05-19,59.0189,59.4293,58.1142,59.1774,3473449
2015-05-20,59.0282,59.4386,58.0676,59.2147,3692111
2015-05-21,59.0748,60.0448,58.7671,59.6904,4092392
2015-05-22,60.679,61.3692,58.3847,59.1868,6914595
2015-05-26,59.4106,59.5878,58.1049,58.338,2911322
2015-05-27,58.366,59.2054,58.2541,59.1401,1467460
2015-05-28,59.0842,59.3826,58.823,58.879,1194196
2015-05-29,58.8697,59.0935,58.4126,58.9443,1700955
2015-06-01,59.0562,59.6717,58.7764,58.9629,1398649
2015-06-02,58.7671,59.2241,58.2961,58.3847,2170526
2015-06-03,58.4406,59.5318,58.3101,59.3173,1442467
2015-06-04,58.9163,59.2987,58.6085,58.6738,1105798
2015-06-05,58.7391,58.7671,58.1329,58.45,1155375
2015-06-08,58.5712,58.9908,58.2168,58.2914,1411426
2015-06-09,58.3101,58.4779,57.1815,57.8251,1632116
2015-06-10,58.0676,58.4593,57.8344,58.2914,1278071
2015-06-11,58.394,58.907,58.2261,58.907,1186930
2015-06-12,58.4779,59.4572,58.4779,59.1308,1129162
2015-06-15,58.7018,58.7018,58.0676,58.3567,1357100
2015-06-16,58.2448,59.0562,58.2448,58.7671,1036062
2015-06-17,58.7671,59.1121,58.5339,58.9256,864702
2015-06-18,58.9256,59.6158,58.9256,59.4386,958522
2015-06-19,59.4479,60.4085,59.1588,59.8676,4643665
2015-06-22,60.0914,60.6231,59.709,60.5111,987616
2015-06-23,60.9308,61.5044,60.6137,61.4158,1414221
2015-06-24,61.2946,62.0034,60.8516,61.136,1417641
2015-06-25,61.3412,61.8075,61.1827,61.6117,1491523
2015-06-26,62.2459,63.2252,62.1153,62.7775,4122871
2015-06-29,62.535,63.0107,61.5091,61.5837,1709833
2015-06-30,62.0967,62.7029,61.8262,62.4977,1522383
2015-07-01,62.992,63.5236,62.6283,63.3931,1790796
2015-07-02,63.4117,64.1765,62.8568,62.964,2662689
2015-07-06,62.5723,64.0646,62.5723,63.4117,2308042
2015-07-07,63.6076,64.4097,62.9547,64.2325,1767725
2015-07-08,63.962,64.4656,63.6542,64.2884,2118067
2015-07-09,64.7454,65.1745,64.0926,64.3071,1563399
2015-07-10,64.82,65.1185,64.0366,64.876,1300247
2015-07-13,65.2864,66.219,64.9413,65.7434,1488748
2015-07-14,65.7061,66.1631,65.389,65.4636,1752503
2015-07-15,65.267,65.5572,64.902,64.9956,1623650
2015-07-16,65.1547,65.5759,64.5838,65.4542,1023537
2015-07-17,65.2015,65.4168,64.8084,65.0143,849765
2015-07-20,65.1922,65.838,64.9675,65.5291,767154
2015-07-21,65.6134,66.0065,64.6867,65.1547,1017681
2015-07-22,65.1734,65.8567,64.9862,65.7631,1821109
2015-07-23,66.1188,66.5213,65.3606,65.4262,1291327
2015-07-24,65.4355,65.5946,64.8271,64.9862,949803
2015-07-27,64.5182,64.8271,64.0222,64.3872,826039
2015-07-28,64.5931,64.9862,64.1158,64.5931,1235770
2015-07-29,64.7897,65.4542,64.4714,64.9675,1353277
2015-07-30,64.9675,66.0907,64.9582,65.7912,967298
2015-07-31,66.072,66.4557,65.5666,66.0345,823212
2015-08-03,66.1469,66.2686,65.1922,65.6882,744830
2015-08-04,65.9222,67.3449,65.7444,67.139,1418137
2015-08-05,67.373,68.1442,67.2513,67.8129,1221946
2015-08-06,67.8129,68.0657,66.5306,66.7459,998944
2015-08-07,66.6523,66.6617,65.6134,66.4838,1097449
2015-08-10,66.6991,68.8706,66.6429,68.5243,1592042
2015-08-11,68.1967,68.8613,67.7474,68.6273,1348826
2015-08-12,68.1218,68.6179,66.8863,67.5977,2359162
2015-08-13,66.9612,68.6085,66.9612,68.0095,1417205
2015-08-14,68.0937,68.777,67.8504,68.5337,785585
2015-08-17,68.6741,69.3386,67.7474,69.3012,1288125
2015-08-18,69.5539,70.1529,69.0953,69.3761,1655607
2015-08-19,69.2918,69.7224,68.5992,69.3199,1854828
2015-08-20,68.777,68.9081,67.1297,67.1297,2502954
2015-08-21,65.9035,67.6819,64.5182,64.6025,4942379
2015-08-24,60.9053,64.8833,59.9319,63.4044,3567017
2015-08-25,65.2764,65.7069,63.5542,63.6197,2005290
2015-08-26,65.033,66.3341,64.2187,66.1562,2400451
2015-08-27,66.8676,67.3449,66.1843,67.2326,2240910
2015-08-28,67.1577,67.4011,66.671,67.0361,1087274
2015-08-31,66.7459,67.1109,66.0533,66.2592,1729103
2015-09-01,65.267,66.4277,65.0518,65.8942,2128450
2015-09-02,66.4745,67.0829,66.1562,66.8676,1566536
2015-09-03,67.2045,67.5696,66.1469,66.3528,1359123
2015-09-04,65.5198,66.6196,65.5198,66.2779,1569660
2015-09-08,67.4105,67.6913,66.9556,67.6632,1560022
2015-09-09,67.8504,68.2435,66.4885,66.5774,1509437
2015-09-10,66.4838,67.6445,66.2686,67.0548,1177074
2015-09-11,66.8021,67.5883,66.2779,67.5789,1195066
2015-09-14,67.8597,67.9627,67.5321,67.6819,1425252
2015-09-15,67.7193,68.3277,67.1765,67.9908,1346469
2015-09-16,67.7755,68.7957,67.4011,68.6647,1678158
2015-09-17,68.8238,69.713,68.6273,68.7957,1484767
2015-09-18,68.0282,69.3948,68.0282,68.646,2232357
2015-09-21,69.3293,69.4509,68.3933,68.5992,1840821
2015-09-22,68.075,68.4494,67.6445,68.3933,1126311
2015-09-23,68.6928,69.4135,68.4026,69.1233,1120290
2015-09-24,68.6834,69.8441,68.6553,69.6194,1465132
2015-09-25,70.9953,72.3057,70.4057,70.9111,3423463
2015-09-28,70.5461,71.1357,68.9923,69.1514,2236475
2015-09-29,68.777,69.2075,66.8114,67.3075,1972438
2015-09-30,67.6819,67.6819,65.6935,67.3637,2625118
2015-10-01,67.2794,67.7849,65.9878,66.5961,2014207
2015-10-02,65.707,66.3434,64.303,66.3434,2474972
2015-10-05,66.8863,67.6632,66.5119,67.5321,1735686
2015-10-06,67.7381,67.8223,65.8006,66.2124,1775457
2015-10-07,66.2592,66.4464,63.966,64.7242,3344568
2015-10-08,65.2109,67.1202,64.9582,66.7365,3237159
2015-10-09,66.9144,67.0829,65.9971,66.4932,1362219
2015-10-12,66.6523,66.7365,65.9129,66.2405,1576558
2015-10-13,66.1656,66.4651,65.0705,65.5104,1659993
2015-10-14,65.5855,65.872,63.9886,64.3644,1941678
2015-10-15,64.7307,64.8059,63.1291,64.3926,2245793
2015-10-16,64.665,66.0363,64.6368,65.811,1437152
2015-10-19,65.8674,66.7316,65.6137,66.5437,1282846
2015-10-20,66.4685,66.694,65.4709,65.5292,1513850
2015-10-21,65.9613,66.4263,65.5793,65.9237,1462373
2015-10-22,66.1961,66.3651,64.6838,65.1347,1778226
2015-10-23,65.4822,65.7171,59.198,59.7522,7001311
2015-10-26,59.7991,62.0301,59.2449,61.4994,4369079
2015-10-27,62.0442,62.4387,60.9076,62.1099,2831705
2015-10-28,61.6027,64.2611,61.6027,63.8947,2282884
2015-10-29,63.4532,64.0544,63.0963,63.7538,1382522
2015-10-30,63.5472,64.0356,62.0254,63.6411,2219387
2015-11-02,63.8571,64.1859,62.326,64.1014,2282624
2015-11-03,64.2423,65.7415,64.1577,64.9938,1627553
2015-11-04,64.8153,65.0514,63.9511,64.2517,1655373
2015-11-05,64.5992,64.9374,63.4626,64.7777,1203951
2015-11-06,64.4301,64.6509,61.9503,62.9178,1975625
2015-11-09,62.8051,63.5565,62.1945,63.1432,2241797
2015-11-10,61.9127,61.9972,60.5318,61.6684,4477435
2015-11-11,61.5463,61.6591,58.0895,58.4089,3990127
2015-11-12,58.841,58.841,56.765,57.6292,4839401
2015-11-13,56.4644,56.5396,54.3274,54.52,4950938
2015-11-16,54.1348,55.7036,53.7591,55.5533,4669436
2015-11-17,54.0127,56.4644,54.0127,55.8914,2861177
2015-11-18,55.9384,58.2492,55.9008,57.4132,5341784
2015-11-19,58.2398,58.2398,57.3005,57.7983,5076493
2015-11-20,62.4105,63.5659,59.5737,61.0767,8838732
2015-11-23,61.1988,61.9127,60.7009,61.1142,3150197
2015-11-24,60.7385,61.9503,60.3627,61.2833,3420826
2015-11-25,61.5088,62.3354,60.8888,62.0348,2567632
2015-11-27,61.9972,62.5702,61.5651,62.2321,970355
2015-11-30,62.1193,62.2227,60.7479,61.0579,2088547
2015-12-01,61.5839,62.5702,61.3324,61.6966,2409788
2015-12-02,61.8469,63.0681,61.7624,61.8939,2429726
2015-12-03,62.1475,62.2978,59.2637,60.034,2713439
2015-12-04,61.1706,62.3166,60.6352,61.8845,2096507
2015-12-07,62.0912,62.5326,60.9076,62.3072,2460518
2015-12-08,61.4336,63.3969,61.396,62.5326,2147905
2015-12-09,62.2978,64.0074,61.6872,62.4105,3040804
2015-12-10,62.9835,64.1014,62.589,63.0023,2767455
2015-12-11,62.6923,62.9554,61.9409,62.373,2129824
2015-12-14,62.4763,63.6881,61.3303,62.0254,2820232
2015-12-15,62.4293,62.5796,59.8273,59.9776,3528675
2015-12-16,60.5788,61.4336,60.1185,61.133,3116705
2015-12-17,61.5745,62.2978,60.0997,60.1279,1741702
2015-12-18,59.94,61.4242,59.6301,60.3815,4246881
2015-12-21,60.344,61.0297,59.6958,60.1279,2748654
2015-12-22,60.87,63.1057,60.5413,62.6078,2519341
2015-12-23,63.6411,63.6505,62.0461,62.9366,2058146
2015-12-24,62.4857,62.5796,60.4755,61.0485,1199248
2015-12-28,60.7761,61.8751,60.4755,61.3021,1181068
2015-12-29,61.6027,62.1757,61.2551,61.706,881066
2015-12-30,61.7624,62.0348,60.9639,61.0015,811994
2015-12-31,60.823,62.1381,60.6258,61.1424,1728016
2016-01-04,60.5506,61.3679,60.1655,61.3491,2304423
2016-01-05,61.6027,62.899,61.396,62.2133,2045383
2016-01-06,61.2927,62.5233,60.5506,61.2739,2446217
2016-01-07,60.1373,62.2415,60.1195,60.5318,3245734
2016-01-08,61.4806,61.5275,58.8598,58.8974,3755894
2016-01-11,59.104,59.8179,58.0238,58.8222,2682062
2016-01-12,59.5173,59.9025,58.3525,59.5267,1652594
2016-01-13,59.8191,59.8191,57.8481,58.1404,2314274
2016-01-14,57.7255,58.81,56.9238,58.0461,2840505
2016-01-15,56.7635,57.5085,55.6507,57.1973,3006625
2016-01-19,57.7726,60.1209,57.7537,59.3098,4083579
2016-01-20,58.4799,59.2438,56.358,58.6968,5040501
2016-01-21,58.3007,61.3657,58.197,60.8847,3176265
2016-01-22,61.262,61.875,60.8282,61.4883,2129331
2016-01-25,61.6298,61.7618,60.6395,60.7999,1650300
2016-01-26,61.9976,62.9595,61.5072,62.3654,2603311
2016-01-27,61.9033,63.0915,61.6722,61.9787,2340869
2016-01-28,62.9972,63.6857,62.0824,63.4782,2289359
2016-01-29,63.7988,64.6004,63.3933,63.714,2532382
2016-02-01,63.7328,65.5435,63.4027,65.1663,2156038
2016-02-02,64.9777,65.685,64.7891,65.204,2217913
2016-02-03,65.1097,65.6001,63.1892,64.591,2711732
2016-02-04,63.5159,64.7985,63.2273,64.1761,2019394
2016-02-05,64.0252,64.1289,61.9976,62.0636,2535522
2016-02-08,61.6675,61.7146,59.5244,60.8376,2606045
2016-02-09,60.0171,61.2903,59.1589,60.0171,1886554
2016-02-10,60.6207,61.1771,60.1869,60.3283,1724545
2016-02-11,59.7059,60.7904,59.4041,60.3378,2244736
2016-02-12,60.9696,62.3465,60.3755,62.1956,1604972
2016-02-16,62.818,64.1572,62.4314,63.8271,1764887
2016-02-17,64.0912,64.3835,62.9595,63.8083,1970464
2016-02-18,63.8271,63.9418,62.488,63.1858,1960775
2016-02-19,62.7143,63.9026,61.9127,63.6574,2655706
2016-02-22,64.3364,64.5533,63.2236,63.4216,2052933
2016-02-23,63.8083,64.2327,61.5449,62.4408,3568794
2016-02-24,62.4597,63.2519,60.8376,62.9689,3735083
2016-02-25,63.5348,64.1289,62.4597,63.2141,6323734
2016-02-26,62.0164,63.0416,60.1491,60.4887,8698771
2016-02-29,60.4887,60.7999,58.7251,58.942,6851168
2016-03-01,59.0175,60.1397,58.876,59.8568,3850292
2016-03-02,60.0266,60.4132,59.6776,59.9794,2461199
2016-03-03,59.9511,59.9511,58.81,59.6399,2473358
2016-03-04,59.6399,59.8474,58.4893,59.4136,2792902
2016-03-07,58.9043,59.8662,58.5176,58.81,1953605
2016-03-08,58.5271,60.3566,58.4988,59.8285,3225300
2016-03-09,59.9322,60.0643,58.9703,59.1401,1773983
2016-03-10,59.3287,60.7809,59.2249,59.7719,1821454
2016-03-11,60.036,60.583,59.729,60.4887,1597753
2016-03-14,60.1397,60.7056,59.9417,60.6207,1262499
2016-03-15,60.5924,61.2337,59.4984,59.5362,1819390
2016-03-16,59.4796,60.1586,59.3381,59.9134,2247265
2016-03-17,59.7248,61.5732,59.5644,61.4129,2060721
2016-03-18,60.5358,61.6769,59.9511,61.5072,2157429
2016-03-21,61.5072,63.3179,61.2997,62.8558,3483920
2016-03-22,62.8463,63.4405,62.4031,62.422,2038987
2016-03-23,61.1582,61.1582,59.1401,60.1586,4126224
2016-03-24,60.102,60.1963,59.5267,59.8568,1788350
2016-03-28,60.0831,61.9976,59.8851,61.4883,1835663
2016-03-29,61.4129,62.1862,61.1488,62.0636,2717043
2016-03-30,62.1296,62.6672,61.925,61.9976,2470971
2016-03-31,62.073,62.2428,60.7056,60.8282,2916426
2016-04-01,60.8187,61.0356,59.6588,60.1209,31760760
2016-04-04,60.2246,60.7716,59.7248,59.8945,2776482
2016-04-05,59.8002,59.97,58.4233,59.2249,3155776
2016-04-06,59.4701,59.687,58.5271,59.6588,2393299
2016-04-07,59.4041,59.6305,58.2441,58.8194,3750805
2016-04-08,58.4139,59.2532,57.9895,58.3856,3015052
2016-04-11,57.9989,58.2724,56.0656,56.0751,4463418
2016-04-12,56.0845,56.8861,54.8585,56.5655,3697385
2016-04-13,58.3229,59.043,58.1619,58.7114,3910413
2016-04-14,58.8061,59.1282,58.0956,58.1903,1889516
2016-04-15,56.826,58.2661,56.5702,58.1714,4261714
2016-04-18,58.0387,59.2893,57.7924,59.2135,3503672
2016-04-19,59.2419,59.2419,58.304,58.5124,2288809
2016-04-20,58.7398,58.7682,57.9629,58.0956,2096734
2016-04-21,58.5029,58.6261,57.1766,57.2808,2182944
2016-04-22,57.366,57.8398,57.1766,57.2334,2469631
2016-04-25,57.0345,57.2192,56.4944,57.186,1377912
2016-04-26,57.5934,58.2945,57.5271,58.0577,1409418
2016-04-27,57.9819,58.7872,57.5366,58.6735,1413798
2016-04-28,58.124,59.0146,58.0671,58.2377,1306866
2016-04-29,57.9913,58.2566,57.3945,58.2092,1982152
2016-05-02,58.3608,58.9198,58.2187,58.7777,1333338
2016-05-03,58.6166,58.6924,57.8492,58.285,1758153
2016-05-04,57.944,58.6924,57.4418,58.5977,986634
2016-05-05,58.3229,58.5503,57.1292,57.2429,1830194
2016-05-06,57.2429,57.6029,56.6081,57.584,1540615
2016-05-09,57.7545,59.1661,57.6503,58.8914,2509242
2016-05-10,58.8156,59.043,57.745,57.8208,2211765
2016-05-11,56.9681,56.9681,55.4333,55.6796,2942860
2016-05-12,55.7554,56.3049,55.367,55.9355,2301651
2016-05-13,55.3386,55.3386,54.2206,54.4385,3619395
2016-05-16,54.4764,56.2197,54.249,56.1913,3885481
2016-05-17,56.2102,56.3855,54.9407,55.5281,3224550
2016-05-18,54.8554,54.8649,53.709,54.1164,3452735
2016-05-19,53.9364,55.8881,53.5385,55.4712,6286107
2016-05-20,52.4869,53.548,50.9994,51.89,12511046
2016-05-23,51.6247,52.0321,51.0752,51.2363,5024075
2016-05-24,51.3215,51.691,50.8431,51.2647,3359289
2016-05-25,51.2173,52.1458,51.0752,51.9563,3380562
2016-05-26,52.1553,52.4963,51.6626,51.8331,2197316
2016-05-27,51.6437,52.1932,51.4257,52.1553,1791419
2016-05-31,52.4395,53.0364,52.1837,52.9795,5203518
2016-06-01,52.3353,52.7521,52.0037,52.0131,3559960
2016-06-02,51.6626,52.4869,51.6342,52.1837,2782849
2016-06-03,52.2879,52.3732,51.8047,51.9658,1750461
2016-06-06,51.9374,52.0416,51.3026,51.7194,1399599
2016-06-07,51.5015,52.7142,51.3879,52.2784,2490005
2016-06-08,52.4111,52.6432,52.1268,52.3732,1485809
2016-06-09,52.1742,52.8185,52.1079,52.7237,1489461
2016-06-10,52.4679,53.1027,52.1932,52.7616,2389979
2016-06-13,52.3826,52.8279,52.1174,52.1268,1965217
2016-06-14,51.9089,52.2879,51.4921,51.7668,1494927
2016-06-15,51.9563,52.0984,51.3121,51.3879,2559427
2016-06-16,51.3689,51.4068,50.0804,50.4973,2719046
2016-06-17,50.431,50.9141,49.9275,50.8289,3420427
2016-06-20,51.3879,51.9279,50.8478,50.8952,1798813
2016-06-21,51.0563,51.4542,50.7247,51.1226,1438488
2016-06-22,51.2836,51.6342,50.6679,50.7341,1505630
2016-06-23,51.1984,51.2742,50.2036,50.3457,2230858
2016-06-24,48.9909,50.5257,48.7446,50.3173,3193768
2016-06-27,49.7393,49.9952,48.2235,49.0667,2850562
2016-06-28,49.3035,49.8104,49.0667,49.4362,2067812
2016-06-29,49.9004,52.2595,49.9004,52.1837,3895452
2016-06-30,52.2026,52.2974,51.8426,51.9753,3926413
2016-07-01,51.8995,52.3826,51.8237,52.0321,1935336
2016-07-05,51.8426,52.0747,51.151,52.0226,2126450
2016-07-06,51.8995,52.9511,51.8521,52.9132,3067237
2016-07-07,52.6195,53.1879,52.3163,52.4395,1752750
2016-07-08,53.1595,54.4954,52.9511,54.3912,2836008
2016-07-11,54.3154,55.2249,54.1069,55.0544,2333713
2016-07-12,55.0544,55.4523,54.9217,55.3019,2201930
2016-07-13,54.9355,55.2591,54.7831,55.1734,1991403
2016-07-14,55.202,55.5352,54.8783,54.945,1543841
2016-07-15,55.1068,55.5685,54.8212,54.8783,1636260
2016-07-18,55.0687,56.0111,55.0687,55.9826,1390989
2016-07-19,56.0111,56.3919,55.4019,55.6304,2154957
2016-07-20,55.6684,55.8112,55.3829,55.5161,1267033
2016-07-21,55.5447,55.9254,55.5447,55.8017,1396568
2016-07-22,55.4209,56.3824,54.9926,56.3348,1644919
2016-07-25,56.3919,56.6489,56.0968,56.3824,1518159
2016-07-26,56.2491,57.0011,56.2063,56.6299,1706080
2016-07-27,56.687,57.0487,56.3062,56.7346,2405108
2016-07-28,56.5823,56.5823,55.6922,56.4204,1362206
2016-07-29,56.2681,56.8203,56.2301,56.7536,1907314
2016-08-01,56.8298,57.5437,56.6584,56.944,1606447
2016-08-02,56.8107,56.8107,55.4114,55.4209,2197670
2016-08-03,54.8022,55.7446,54.0692,55.7446,2419360
2016-08-04,55.8017,56.2491,55.3638,55.4971,1615975
2016-08-05,55.9159,56.173,55.4971,55.9635,1924334
2016-08-08,56.1444,56.5347,55.6875,56.1158,1544709
2016-08-09,55.7827,55.9254,54.6213,55.5637,1610129
2016-08-10,55.7827,56.3462,55.4209,55.6304,1194765
2016-08-11,56.7155,57.9055,56.0397,57.4485,2347463
2016-08-12,58.0102,58.9811,57.8198,58.2005,2428991
2016-08-15,58.2767,58.5432,57.5913,58.2386,1758702
2016-08-16,58.5432,58.6004,57.6579,57.9626,1688171
2016-08-17,57.5913,57.8912,57.3057,57.4961,1963395
2016-08-18,57.8769,58.7907,57.8103,58.7146,3124661
2016-08-19,61.4752,65.6827,61.0278,65.1972,11839703
2016-08-22,65.616,66.1681,64.2691,64.9687,3449763
2016-08-23,65.3495,65.6446,64.6451,65.1496,2171533
2016-08-24,65.0258,65.4542,64.7498,64.9402,1738443
2016-08-25,64.7974,64.9782,63.4647,63.6931,2219038
2016-08-26,63.5504,64.2262,63.0078,63.3409,1952910
2016-08-29,63.4837,63.5884,62.9792,63.2457,1594761
2016-08-30,62.6841,63.141,62.1891,62.4461,1542715
2016-08-31,62.5508,62.9792,62.3224,62.4842,1387922
2016-09-01,62.6365,62.6365,61.9035,62.3795,1029727
2016-09-02,62.1796,63.1886,62.1225,62.8269,1158977
2016-09-06,62.865,63.1696,62.0939,62.8174,1187070
2016-09-07,62.4271,63.3838,61.9987,63.2362,1498730
2016-09-08,62.9506,63.4447,62.6746,62.7317,2049612
2016-09-09,62.5318,62.627,61.4847,61.4847,1724432
2016-09-12,61.4466,62.408,61.2086,62.2272,1819757
2016-09-13,61.8179,62.0749,61.4656,61.6084,1363905
2016-09-14,62.0558,62.7507,61.7417,61.9511,1379514
2016-09-15,61.7036,63.0173,61.399,62.7317,1483749
2016-09-16,62.5508,63.2077,62.1605,62.9221,1741166
2016-09-19,62.8745,63.4837,62.7888,63.4171,1722314
2016-09-20,63.3219,63.3219,62.3286,62.6365,1605924
2016-09-21,62.9316,63.379,62.1986,63.3219,1156728
2016-09-22,63.4171,63.9502,63.4171,63.8645,1432774
2016-09-23,63.4837,64.4452,63.36,63.8454,1409133
2016-09-26,63.8454,64.7022,63.8264,64.3309,2544270
2016-09-27,64.35,64.9973,64.0168,64.8069,2150778
2016-09-28,64.5594,65.4875,64.0549,64.5879,2323514
2016-09-29,64.3309,64.5689,63.5979,63.617,1710317
2016-09-30,64.0073,64.6022,63.7598,64.4642,1849988
2016-10-03,64.2357,64.7498,64.1691,64.2738,1157999
2016-10-04,64.3309,64.5118,63.6122,63.7788,1203150
2016-10-05,63.9882,65.0449,63.8359,64.7212,1460509
2016-10-06,64.3214,64.7688,64.0073,64.6831,1248177
2016-10-07,65.2448,66.2633,65.0782,65.7303,2590461
2016-10-10,66.0539,66.2395,65.3876,65.5589,1205966
2016-10-11,65.3209,65.4447,64.7974,65.2353,1406261
2016-10-12,65.2687,66.4825,65.0489,66.1671,1260864
2016-10-13,65.89,65.9473,65.1923,65.4599,1380328
2016-10-14,65.5363,66.062,65.4885,65.5554,1028437
2016-10-17,65.3643,65.5554,64.81,64.8864,919777
2016-10-18,65.1158,65.4121,64.81,64.8864,953839
2016-10-19,65.1062,65.307,64.3034,65.1062,1200646
2016-10-20,65.1253,65.3834,64.657,65.0107,854914
2016-10-21,64.4468,65.0489,63.8064,64.9246,1261642
2016-10-24,65.3547,66.0238,65.3069,65.8135,1144423
2016-10-25,64.6092,65.0393,63.902,64.9915,2490823
2016-10-26,64.6761,66.3296,64.6761,65.8039,1720744
2016-10-27,65.6415,65.8135,63.5675,63.8064,1533620
2016-10-28,63.7395,64.81,63.7016,64.1792,1220661
2016-10-31,64.2461,64.5519,63.3476,63.816,1394813
2016-11-01,63.4241,64.3512,62.497,62.8889,2004095
2016-11-02,62.8506,64.5423,62.6691,64.2078,1773313
2016-11-03,64.3034,64.3225,62.5305,62.7168,1223659
2016-11-04,63.1469,63.9976,62.8411,63.2425,1120014
2016-11-07,63.9689,64.3512,63.6917,64.2747,1142236
2016-11-08,64.1983,64.5806,63.7204,64.4754,1229102
2016-11-09,63.4623,66.5208,62.8506,66.2054,1916275
2016-11-10,66.4921,68.7525,66.4921,68.4609,2896058
2016-11-11,67.811,68.5661,66.7597,68.3654,2162997
2016-11-14,68.6903,70.124,68.2794,68.2889,3062103
2016-11-15,68.5565,69.0535,66.8467,66.9604,2988055
2016-11-16,66.9986,67.3427,66.2723,66.6354,3163795
2016-11-17,66.5303,68.2889,66.2149,68.1933,4404699
2016-11-18,66.4921,69.388,65.4503,68.6043,5405723
2016-11-21,68.1933,70.3247,68.0261,69.8659,3344538
2016-11-22,70.2195,71.2518,69.9233,70.0857,2687668
2016-11-23,69.5792,71.3999,68.9102,70.9077,1693668
2016-11-25,71.1084,71.4334,70.4107,70.6592,546613
2016-11-28,70.5063,70.6114,69.3594,69.8659,1402334
2016-11-29,69.971,70.3247,69.0822,69.2351,1080187
2016-11-30,68.8432,69.6174,67.8588,68.4992,1941076
2016-12-01,68.4418,70.6496,68.0882,70.4203,2509291
2016-12-02,70.3725,71.2708,70.2195,70.9459,1984693
2016-12-05,71.4142,72.695,71.1657,72.695,3380245
2016-12-06,73.3066,73.4596,71.9399,73.4213,2892722
2016-12-07,73.2971,75.2182,73.2971,75.0557,1883710
2016-12-08,75.1321,75.9159,75.0939,75.696,2098080
2016-12-09,75.5718,75.8585,74.2624,74.6447,1572543
2016-12-12,74.1859,74.5013,73.3735,74.1573,1619953
2016-12-13,74.4631,74.7202,73.622,73.6507,1830274
2016-12-14,73.947,74.3914,72.8765,72.9626,1508563
2016-12-15,73.3449,73.3831,72.6567,72.8861,1160727
2016-12-16,73.0008,73.3162,71.8443,72.1024,2185563
2016-12-19,72.3031,73.0868,71.9017,71.9973,2100602
2016-12-20,72.3222,72.9817,72.0403,72.2649,1656330
2016-12-21,71.1753,72.5038,70.9172,71.7583,2136408
2016-12-22,71.4429,71.4525,68.805,68.9388,2302601
2016-12-23,68.7859,69.2447,68.4801,68.5756,1159718
2016-12-27,68.805,69.1395,68.3367,68.7286,1264627
2016-12-28,68.6903,69.0487,67.7537,67.9926,851713
2016-12-29,68.1073,68.5374,67.5339,67.7537,765609
2016-12-30,67.8301,68.3463,67.4383,67.7537,1050520
2017-01-03,68.2794,69.2064,67.9544,68.5565,2397692
2017-01-04,68.9484,70.3247,68.7286,69.7703,1658304
2017-01-05,68.6234,69.1204,67.7824,68.5948,1781721
2017-01-06,68.7286,68.7477,67.6103,67.6581,1452111
2017-01-09,67.7441,67.9544,67.4096,67.7346,1012840
2017-01-10,67.6008,68.0978,67.4096,67.8015,1694966
2017-01-11,68.0366,68.1613,66.9236,67.5185,1406441
2017-01-12,67.5281,67.9064,66.9907,67.4993,1079945
2017-01-13,67.3362,67.9454,67.173,67.6912,831730
2017-01-17,67.6912,68.9385,66.6453,66.9044,1824134
2017-01-18,66.7797,67.2882,66.204,66.5398,1773627
2017-01-19,66.5398,66.8276,65.5227,65.7722,1802215
2017-01-20,65.8586,66.6616,65.753,66.3383,1136336
2017-01-23,65.9545,66.2328,65.5036,66.0025,1647796
2017-01-24,65.6475,66.3287,65.5323,66.0696,1475148
2017-01-25,66.6837,66.818,66.0505,66.3959,1525859
2017-01-26,66.5206,67.0195,66.2328,66.3863,1451013
2017-01-27,66.3575,66.6453,65.1773,65.2541,881872
2017-01-30,64.9758,65.2769,64.2754,65.1677,1955535
2017-01-31,63.4119,65.8298,63.2104,65.7626,1790398
2017-02-01,65.8682,66.0792,64.8319,65.5419,1950795
2017-02-02,66.607,67.1251,65.8778,66.4726,1891495
2017-02-03,66.463,67.3074,66.3575,66.7221,1653690
2017-02-06,66.2328,66.6645,65.7146,65.9353,1450367
2017-02-07,66.2711,66.5014,65.2925,65.5611,1640150
2017-02-08,65.5323,67.1443,64.4577,66.8468,1602877
2017-02-09,66.9428,69.1208,66.9044,68.4012,2235842
2017-02-10,68.4587,68.9097,67.8831,68.334,1750565
2017-02-13,68.5163,68.7178,67.4801,67.576,1231728
2017-02-14,67.5664,68.3244,67.0771,67.7775,1696288
2017-02-15,67.5856,68.1133,67.2498,67.5185,1237181
2017-02-16,67.7487,69.1112,67.269,67.6432,1704762
2017-02-17,67.5856,68.1229,67.173,68.1229,1358174
2017-02-21,68.7082,69.1784,67.8351,68.3148,2497062
2017-02-22,68.5643,68.5835,67.5856,68.1421,2219529
2017-02-23,68.1229,68.2764,65.7338,65.801,4304007
2017-02-24,68.0654,72.3159,67.5185,71.9704,9185970
2017-02-27,71.9129,73.496,71.7785,72.9299,3685868
2017-02-28,72.6805,72.7956,71.7663,72.6037,2220941
2017-03-01,72.8532,73.2465,72.076,72.9107,1730366
2017-03-02,73.0834,74.0621,72.738,73.496,1424249
2017-03-03,73.6399,73.8798,72.9779,73.4672,1169355
2017-03-06,73.0259,73.1986,72.5077,72.9491,1525275
2017-03-07,72.7956,73.2657,72.4022,72.6517,1136136
2017-03-08,73.0163,74.5514,72.6325,74.1293,1695441
2017-03-09,74.0717,74.302,73.3041,73.3809,1187794
2017-03-10,73.6783,74.0429,73.0738,73.8702,1221784
2017-03-13,73.6016,73.676,72.5557,72.8915,1313508
2017-03-14,73.1218,73.3617,72.6133,72.786,1077620
2017-03-15,72.6805,73.3521,72.0856,73.1506,1168196
2017-03-16,73.0163,73.3617,72.4934,72.7284,993052
2017-03-17,73.0259,73.1122,71.721,72.6037,2240355
2017-03-20,72.7668,72.8359,70.7519,70.9822,2563270
2017-03-21,71.3276,71.4523,69.4662,70.4737,1856807
2017-03-22,69.4182,69.9651,68.7466,69.8788,2225481
2017-03-23,70.0707,70.3681,69.495,69.9076,1030702
2017-03-24,69.543,70.1474,69.2263,69.6485,1191027
2017-03-27,69.0728,70.0995,68.5163,69.85,1518423
2017-03-28,69.85,70.3969,69.543,70.1762,1134476
2017-03-29,70.3969,72.4982,70.3585,72.335,2590025
2017-03-30,71.8169,72.5845,71.5483,72.3159,1349679
2017-03-31,72.2775,72.5749,71.6154,71.7785,1127672
2017-04-03,71.7402,71.9033,70.2818,71.3372,2406384
2017-04-04,70.8862,71.3372,69.447,69.5142,2723987
2017-04-05,69.8212,70.0419,68.2764,68.3148,1546127
2017-04-06,68.7946,70.4065,68.6219,69.3607,2383801
2017-04-07,69.2743,69.5813,68.6123,69.3319,2726960
2017-04-10,69.5046,70.6655,69.4758,69.6197,1849225
2017-04-11,69.5522,69.8895,69.0223,69.8413,1670389
2017-04-12,70.3809,70.4869,69.3884,69.957,2212160
2017-04-13,69.9473,70.246,69.3884,69.4655,1469978
2017-04-17,69.4462,69.9714,69.003,69.8895,1327639
2017-04-18,69.8317,70.2653,69.2728,69.9473,1489794
2017-04-19,70.0244,70.4484,69.5522,70.0051,1310092
2017-04-20,71.7878,74.192,71.6625,73.7631,6486173
2017-04-21,73.5223,73.5704,72.7803,73.079,3016162
2017-04-24,73.9173,74.1004,73.1272,73.6379,1524308
2017-04-25,74.004,74.3124,73.4741,73.8113,1255631
2017-04-26,74.2739,74.7942,73.7728,74.1197,1380277
2017-04-27,74.5822,74.5822,73.7535,73.8981,1303489
2017-04-28,73.9751,75.0255,73.4259,74.5244,1906763
2017-05-01,74.4955,74.5822,73.6668,73.6764,1037649
2017-05-02,73.5126,73.9559,73.1272,73.9366,1005697
2017-05-03,74.033,74.3558,73.6475,74.033,830281
2017-05-04,74.0715,74.2343,73.0115,73.3584,1146564
2017-05-05,73.6957,74.1582,73.079,73.9655,822654
2017-05-08,74.0715,74.0715,73.2814,73.7439,718257
2017-05-09,73.9751,74.3606,73.7439,73.8788,910951
2017-05-10,73.8595,74.8809,73.6614,74.534,1731268
2017-05-11,73.715,74.004,72.0094,73.0501,1326442
2017-05-12,72.6165,72.7514,71.412,72.1539,1630543
2017-05-15,72.1636,72.2985,70.2846,70.5447,2150819
2017-05-16,69.4752,69.9473,68.1454,69.1764,2711617
2017-05-17,68.5694,68.95,68.0876,68.2803,2669658
2017-05-18,68.5308,69.2053,67.654,67.8852,2770873
2017-05-19,58.2975,59.1647,56.0137,56.5823,16898634
2017-05-22,56.9773,58.7793,56.3703,58.0758,7049640
2017-05-23,58.1144,58.4227,57.2857,57.6904,3760005
2017-05-24,57.6037,57.7771,56.5148,57.4591,3740721
2017-05-25,57.9891,58.7503,57.2664,57.488,3293948
2017-05-26,57.4013,57.7675,56.9195,57.6422,1214301
2017-05-30,57.8157,58.4324,57.1026,57.488,1901029
2017-05-31,57.4688,57.4688,56.476,57.2471,4180608
2017-06-01,57.3339,57.5266,56.8906,57.199,2836601
2017-06-02,57.2857,57.382,55.5319,55.927,4012921
2017-06-05,55.4163,56.0908,54.6647,55.503,3418813
2017-06-06,55.3103,55.4934,52.8242,53.0748,5706406
2017-06-07,53.1422,53.6529,52.3328,53.2771,5500664
2017-06-08,53.2771,53.6208,51.8558,51.9185,3708971
2017-06-09,51.9859,52.9399,51.1765,52.7857,3776415
2017-06-12,52.6604,53.8073,52.3906,52.8628,4205581
2017-06-13,52.0919,53.3446,51.3548,53.0941,3028992
2017-06-14,53.4795,53.4795,51.639,51.8125,3527638
2017-06-15,51.5523,52.0245,50.3671,50.9067,3980956
2017-06-16,50.8103,50.9163,48.7482,50.1455,6714121
2017-06-19,50.2996,50.3158,49.0566,49.5769,3440362
2017-06-20,49.2493,49.4613,48.3869,48.4977,3486855
2017-06-21,45.3082,46.426,43.2365,46.0791,12895336
2017-06-22,46.6861,47.5052,45.7226,45.7707,4297568
2017-06-23,45.7418,46.9945,45.5298,46.2814,7534600
2017-06-26,46.4549,46.956,46.1754,46.6091,3223322
2017-06-27,46.4934,47.1679,46.2622,46.7343,2986360
2017-06-28,46.7343,47.1487,46.5705,46.9367,2264932
2017-06-29,46.9945,47.6497,46.5031,46.927,2873629
2017-06-30,47.351,47.9533,46.8981,47.4859,3694203
2017-07-03,47.7846,48.8639,47.7751,48.7964,2163325
2017-07-05,49.1048,49.7215,48.2279,48.4688,8688969
2017-07-06,48.2183,48.4592,47.7461,48.2568,5044036
2017-07-07,48.2568,48.5459,47.8666,48.1604,4129058
2017-07-10,47.881,47.9774,46.5898,46.638,4487577
2017-07-11,46.638,46.7343,45.7418,46.5609,2586088
2017-07-12,46.8228,47.5113,46.5512,46.784,3183710
2017-07-13,47.0167,47.2689,46.6676,47.104,3655030
2017-07-14,47.2107,47.3852,46.7937,46.9585,1953856
2017-07-17,46.9585,47.8314,46.7937,47.4725,2438028
2017-07-18,47.3755,47.7053,47.007,47.1137,2050919
2017-07-19,47.1913,47.4143,46.8712,47.0749,1711629
2017-07-20,47.0846,47.2883,46.0469,46.5318,3095262
2017-07-21,46.6094,46.6191,44.8928,45.785,3775107
2017-07-24,44.1752,44.5146,43.2441,43.6902,5160244
2017-07-25,44.1073,44.6407,43.4478,44.3691,3310748
2017-07-26,44.3691,44.854,43.7775,44.7086,2130832
2017-07-27,44.854,46.0372,44.5013,45.8238,2507442
2017-07-28,45.8626,45.9111,44.5728,44.631,2259968
2017-07-31,44.8734,45.9063,44.6892,45.7657,2799611
2017-08-01,45.6493,45.7269,44.597,45.4553,2592591
2017-08-02,45.4262,46.5221,45.3845,46.2118,4064606
2017-08-03,46.27,47.521,46.0954,47.0846,4273647
2017-08-04,47.1816,47.8217,47.0167,47.521,2802515
2017-08-07,47.3755,47.5113,46.4251,47.3658,3764463
2017-08-08,48.9757,49.7419,48.4472,48.5296,5053931
2017-08-09,48.1708,48.7333,47.5986,48.2969,2516277
2017-08-10,47.6956,47.9865,46.7161,47.6083,3072731
2017-08-11,47.1331,48.5287,46.9876,47.812,2545323
2017-08-14,47.9671,48.2678,47.4628,47.8314,2860384
2017-08-15,45.7269,46.59,44.9981,45.7075,6236791
2017-08-16,46.1827,47.5889,46.1148,47.104,5584618
2017-08-17,46.8809,47.8411,46.1827,46.2603,5557212
2017-08-18,35.4468,35.6893,33.255,33.3423,36216618
2017-08-21,32.9738,33.0417,30.7626,30.8596,23093567
2017-08-22,30.9566,32.2803,30.6074,32.1785,10510197
2017-08-23,32.033,34.2636,31.9749,34.186,8630201
2017-08-24,34.5255,35.1753,33.6817,33.7205,7686783
2017-08-25,33.769,34.9134,33.7496,34.797,5206849
2017-08-28,34.8358,34.8358,33.9921,34.6225,3763764
2017-08-29,33.7981,34.3509,33.4102,34.0988,4668947
2017-08-30,34.3024,34.3509,33.8369,34.1763,3936544
2017-08-31,34.2248,34.6158,33.866,34.1666,4801654
2017-09-01,34.4188,35.5438,34.3024,35.2431,4046208
2017-09-05,34.8261,35.3401,34.4234,35.2334,5560054
2017-09-06,35.2722,35.7474,34.8455,35.5923,6193341
2017-09-07,35.6214,35.7377,34.9328,35.0686,3346892
2017-09-08,35.0104,35.1946,34.2442,34.6516,2392080
2017-09-11,34.7291,34.9425,33.8757,33.9339,3946355
2017-09-12,34.1182,34.9425,33.8175,34.6225,3456696
2017-09-13,34.6709,35.1559,34.6128,35.0104,4727652
2017-09-14,35.0783,35.6262,34.3703,35.5147,4666408
2017-09-15,35.408,35.9317,35.2722,35.8153,3977521
2017-09-18,35.8929,36.0287,34.9425,35.1656,2824976
2017-09-19,35.1656,35.2334,33.8272,33.9921,3552376
2017-09-20,33.8369,34.0891,33.2841,33.5266,4378204
2017-09-21,33.6332,33.6817,32.6634,32.6828,4181909
2017-09-22,32.6343,33.1483,32.2464,32.5858,5525634
2017-09-25,32.6537,33.8369,32.6149,33.6138,4297301
2017-09-26,33.8078,34.1472,33.1968,34.06,2781321
2017-09-27,33.6623,34.123,33.2453,34.0115,2386185
2017-09-28,34.0212,34.2539,33.2938,33.8078,2309042
2017-09-29,33.8078,34.2151,33.546,34.1569,2788972
2017-10-02,34.1182,34.1182,33.0901,33.7011,4221139
2017-10-03,33.7302,34.0212,33.0126,33.3423,3521649
2017-10-04,33.3132,33.546,32.7701,32.8283,2441298
2017-10-05,32.7992,33.6041,32.5567,33.3423,2610775
2017-10-06,33.2065,33.7496,33.1289,33.3714,2779679
2017-10-09,33.3714,33.5266,32.3045,32.3822,1770275
2017-10-10,32.4598,32.8865,32.3725,32.5858,2397503
2017-10-11,32.5858,32.7022,31.7906,31.9361,3914297
2017-10-12,31.9556,32.0046,30.7221,30.771,4098376
2017-10-13,30.957,31.7598,30.7514,30.9864,2835704
2017-10-16,30.9668,31.2116,30.2619,30.3011,3031854
2017-10-17,30.3207,30.5361,29.9388,30.3696,2922440
2017-10-18,30.5458,31.2507,30.4029,30.5263,3636415
2017-10-19,30.2815,30.6535,30.0857,30.3402,2392170
2017-10-20,30.6535,31.0017,30.2717,30.6242,2663651
2017-10-23,30.1053,31.2312,29.7626,30.957,3600993
2017-10-24,31.241,31.2997,30.4381,30.4773,2498943
2017-10-25,30.35,31.427,29.2634,30.634,5921649
2017-10-26,30.7661,32.5137,30.6731,32.3766,5548389
2017-10-27,31.8088,32.0633,30.8591,30.8885,4684993
2017-10-30,30.6829,30.7759,29.792,29.9388,2747526
2017-10-31,29.5668,29.6941,29.0773,29.4493,3790922
2017-11-01,29.557,30.2423,29.0773,29.2829,3000303
2017-11-02,29.2144,29.7822,29.1262,29.3808,2949068
2017-11-03,29.2731,29.42,28.6269,29.2241,2505673
2017-11-06,29.1556,29.5668,28.95,29.0283,2739811
2017-11-07,28.9892,29.0283,28.2451,28.6269,3238334
2017-11-08,28.4605,29.3416,27.8241,29.2535,3012717
2017-11-09,29.1067,30.7123,29.0185,29.9682,4814297
2017-11-10,29.9486,30.8396,29.4542,29.7039,3786832
2017-11-13,29.7039,29.8801,28.5976,29.0185,3615684
2017-11-14,28.4507,29.3808,28.0787,29.371,3895044
2017-11-15,29.1165,30.9668,28.9304,30.5458,4970894
2017-11-16,30.6633,31.5836,30.35,31.1822,6309605
2017-11-17,40.4634,40.8551,37.4578,39.9641,30583604
2017-11-20,39.9641,40.904,38.6718,39.8369,11052346
2017-11-21,39.6998,40.4634,39.2886,39.8369,5810150
2017-11-22,39.7977,40.1208,39.4647,39.69,3007626
2017-11-24,39.8564,39.924,39.1515,39.2592,1884645
2017-11-27,39.4942,40.0523,38.1431,38.5739,5660096
2017-11-28,38.6914,39.7977,37.8592,39.6019,4544756
2017-11-29,39.6117,42.3824,39.6019,41.697,7587669
2017-11-30,41.0802,43.4593,40.9334,41.9418,15926862
2017-12-01,41.746,42.9012,40.8844,42.4019,5987336
2017-12-04,43.3712,45.2803,43.1264,44.8006,6918514
2017-12-05,44.6243,44.6243,42.0984,42.49,5042650
2017-12-06,42.3432,42.5782,41.4327,41.9222,3583713
2017-12-07,42.1376,42.6614,41.5893,42.3138,5177657
2017-12-08,42.4705,44.0957,42.1278,44.0271,3540630
2017-12-11,43.9488,44.125,42.8817,43.4789,3320162
2017-12-12,43.6355,44.4775,43.5866,43.6355,2921763
2017-12-13,43.5278,44.9514,43.4593,44.3992,3756672
2017-12-14,43.8803,44.6146,43.0481,43.4005,4004607
2017-12-15,45.1334,46.2495,44.595,44.6929,7738236
2017-12-18,45.2803,45.9852,45.1041,45.5936,3817266
2017-12-19,45.6915,45.9265,44.8789,45.2411,4535675
2017-12-20,45.4271,45.7013,44.5656,45.3195,3923131
2017-12-21,45.7894,47.0699,45.4859,46.974,4043258
2017-12-22,45.9656,46.4747,45.7796,46.2691,2350880
2017-12-26,46.3181,48.0999,46.1467,47.5321,2297157
2017-12-27,47.4929,47.5908,46.4062,46.6803,2952996
2017-12-28,46.6216,46.8859,45.946,46.1027,1681979
2017-12-29,46.3572,46.8467,45.8873,45.8971,2062364
2018-01-02,46.4551,47.1698,46.1614,46.8859,3215836
2018-01-03,47.0328,47.4342,46.4062,46.8663,3482047
2018-01-04,46.8663,46.974,44.0467,45.339,3980480
2018-01-05,45.8579,46.1027,45.0355,45.9754,3101827
2018-01-08,46.3083,46.8761,44.9083,45.9852,3675472
2018-01-09,45.8383,45.9754,44.7712,45.0355,3057804
2018-01-10,44.967,45.5055,44.1936,45.3097,3497773
2018-01-11,45.5251,45.5251,44.595,45.3292,2445792
2018-01-12,45.6034,46.6509,45.4369,46.4551,3281041
2018-01-16,46.5335,47.8552,45.6621,45.9754,3684310
2018-01-17,46.0146,47.4342,45.9656,47.0621,2963590
2018-01-18,47.0917,48.1362,46.9143,47.88,3075758
2018-01-19,49.1216,49.7127,48.624,49.4763,4012287
2018-01-22,48.9541,49.9001,48.7767,49.634,4033417
2018-01-23,50.4322,50.8854,49.5266,50.7672,2753323
2018-01-24,50.846,51.7723,50.6145,51.4865,3819575
2018-01-25,52.0383,52.3931,51.2599,51.6738,4206069
2018-01-26,51.7033,51.7033,49.8606,50.8362,3330611
2018-01-29,50.4322,51.1515,50.0676,50.5307,2135225
2018-01-30,50.1957,50.7081,48.9738,49.1709,2898122
2018-01-31,50.8953,50.8953,47.8702,48.4318,3882949
2018-02-01,48.0377,49.2793,47.8406,48.4909,1951101
2018-02-02,48.0475,48.2643,47.2198,47.6731,3464544
2018-02-05,47.072,47.8504,44.8253,44.9633,4434488
2018-02-06,44.1454,47.2592,43.5443,46.9439,3971181
2018-02-07,47.003,48.2347,46.7074,47.3085,3217191
2018-02-08,47.5154,47.7913,45.1998,45.2096,3230002
2018-02-09,45.8304,46.3724,43.3965,45.5643,4477864
2018-02-12,46.1063,46.3132,44.2439,45.6629,3269176
2018-02-13,45.456,46.9932,45.2884,45.9585,3205501
2018-02-14,45.4658,48.2446,45.1308,47.8702,3675608
2018-02-15,48.3826,48.5747,47.4169,48.5205,2037190
2018-02-16,48.5205,49.2201,48.1165,48.4515,2790785
2018-02-20,47.8406,48.3924,46.9537,47.4661,2619806
2018-02-21,47.7913,48.7964,47.5647,47.7125,1804417
2018-02-22,48.1165,48.1584,47.2001,47.5548,3843173
2018-02-23,47.7913,48.0869,46.8552,47.545,2952483
2018-02-26,48.3037,48.8654,47.5647,48.5993,3187872
2018-02-27,49.1512,49.8705,46.7961,46.8454,4253251
2018-02-28,47.2888,47.7125,45.1406,45.2392,5247211
2018-03-01,45.2293,45.8895,44.0424,45.2096,6700590
2018-03-02,40.056,40.4009,37.6123,39.4549,22782902
2018-03-05,39.3367,41.3962,39.3367,41.0217,8893229
2018-03-06,40.8345,41.5144,40.4108,41.4848,3533309
2018-03-07,40.9035,41.2188,39.7752,40.125,3699607
2018-03-08,40.3122,41.002,39.9082,40.2531,2993746
2018-03-09,40.529,41.9529,40.3319,41.9381,4880482
2018-03-12,42.1155,42.9629,41.8593,42.687,5439895
2018-03-13,43.1994,43.7217,43.0418,43.2191,4889422
2018-03-14,43.5049,43.9079,42.5504,42.6279,2170585
2018-03-15,42.8545,43.2585,42.6033,42.825,2483291
2018-03-16,42.7954,43.968,42.7314,43.4655,3986124
2018-03-19,43.2388,43.4359,42.8447,43.1797,3684329
2018-03-20,43.2585,43.4162,42.8053,42.9826,2721882
2018-03-21,42.9728,43.633,42.9629,43.1206,2441764
2018-03-22,42.9629,43.0319,41.1794,41.2681,2783834
2018-03-23,41.9874,43.7315,41.7903,43.1009,5114401
2018-03-26,43.6133,44.7662,42.9629,44.5987,3154854
2018-03-27,44.4804,44.5198,43.2043,43.4655,2571353
2018-03-28,43.7217,44.7662,43.2093,44.1257,2119890
2018-03-29,44.2144,45.1456,44.1257,44.8746,2075172
2018-04-02,44.8056,44.8352,42.5195,43.1797,2494228
2018-04-03,43.3965,45.1998,43.2782,45.1702,3545782
2018-04-04,44.6381,47.2198,44.6381,47.0917,2934203
2018-04-05,47.1804,47.4661,46.5645,47.2099,2235756
2018-04-06,46.7173,46.737,45.249,45.7811,1954234
2018-04-09,46.0472,46.2738,44.8647,44.9436,2483824
2018-04-10,45.5249,46.5497,45.456,45.9585,2171292
2018-04-11,45.5348,45.9684,45.2293,45.4362,1582514
2018-04-12,45.4954,45.6136,44.8524,45.2589,1454806
2018-04-13,45.5151,46.0432,44.3228,44.5395,2118039
2018-04-16,44.3425,44.3622,42.6575,42.7166,4533683
2018-04-17,43.229,43.229,41.741,41.7509,4113277
2018-04-18,42.1155,43.1501,41.677,41.8002,2168158
2018-04-19,41.8747,41.9243,40.6527,41.368,3084922
2018-04-20,41.1693,41.5568,40.4242,40.613,3347092
2018-04-23,40.8514,41.3481,40.1858,40.9408,2615651
2018-04-24,41.2687,42.0436,40.762,41.4376,2343902
2018-04-25,41.3581,41.9045,41.0203,41.666,1801672
2018-04-26,41.8945,43.2804,41.2289,42.8781,1774549
2018-04-27,42.9278,44.5471,42.8383,44.1199,2469130
2018-04-30,44.2093,44.2193,42.7787,42.7986,2707899
2018-05-01,42.7191,42.7688,41.2786,42.3317,2089148
2018-05-02,42.123,42.7589,41.7058,42.3217,1584474
2018-05-03,42.1528,42.2522,41.1594,41.3779,1726478
2018-05-04,41.1296,41.6561,40.4341,41.3978,1812711
2018-05-07,41.3581,41.3581,39.7586,40.2553,3390222
2018-05-08,40.2355,41.8051,40.156,41.6561,3280271
2018-05-09,41.5468,41.6859,40.8514,41.1892,2527009
2018-05-10,41.1693,41.7157,40.5037,41.5866,2407181
2018-05-11,41.4674,42.4509,40.9905,42.3118,2415886
2018-05-14,42.3416,43.3847,41.7952,43.1562,2911390
2018-05-15,43.037,43.5139,42.8483,43.3351,2009321
2018-05-16,43.6132,44.6763,43.0569,43.8616,2560600
2018-05-17,43.8219,44.2689,43.4444,43.643,1981507
2018-05-18,43.345,43.6132,43.0569,43.1562,2679962
2018-05-21,43.504,44.5372,43.4146,43.802,3240919
2018-05-22,44.1298,44.6763,43.8318,43.9808,2419786
2018-05-23,43.8219,44.8153,43.5536,44.7359,3255698
2018-05-24,44.5074,46.395,44.3583,46.087,6836216
2018-05-25,52.0279,55.9124,50.3688,55.3759,30792196
2018-05-29,55.0779,55.3064,53.4386,54.2036,6192907
2018-05-30,54.6805,55.0679,53.3592,54.2036,3710417
2018-05-31,54.3725,54.6606,53.4287,53.6175,2262883
2018-06-01,53.7566,54.4917,53.0909,54.3427,2877199
2018-06-04,54.5613,55.5349,54.2036,55.3858,3062542
2018-06-05,55.207,56.9049,54.8792,56.6873,3767019
2018-06-06,57.1244,57.6808,55.9422,56.6277,2228683
2018-06-07,56.4787,57.6509,56.2899,57.2734,1905895
2018-06-08,57.7106,58.8034,57.2536,58.5351,2810862
2018-06-11,58.7636,59.012,57.2635,57.6311,3524602
2018-06-12,58.0781,58.1775,56.7175,57.5615,2435527
2018-06-13,57.6708,57.9987,56.6674,56.8462,2535586
2018-06-14,56.7171,57.4324,55.9819,57.2734,2250423
2018-06-15,56.8462,57.7404,56.3892,56.4985,4424547
2018-06-18,56.0614,56.6177,55.2666,55.5349,3243218
2018-06-19,55.1871,56.2601,54.7003,55.664,2534820
2018-06-20,56.1409,56.4787,55.2865,56.3396,1416645
2018-06-21,55.9322,56.9158,55.7932,56.4389,1873212
2018-06-22,55.8428,56.2005,53.9652,54.2235,3692893
2018-06-25,53.8162,54.2135,52.5296,52.8227,3076234
2018-06-26,52.8227,53.5777,52.4551,53.379,2350682
2018-06-27,53.5678,54.6696,52.7533,52.9916,2207371
2018-06-28,53.0214,53.8559,52.6737,53.7168,2336445
2018-06-29,55.9124,56.1607,52.2564,52.3061,4930340
2018-07-02,51.9782,52.0975,50.5675,51.7001,3659534
2018-07-03,51.9584,52.5942,51.5511,51.8392,1034305
2018-07-05,52.1173,52.4452,51.1437,51.7895,2477935
2018-07-06,52.0478,53.1803,51.7796,51.9584,2120632
2018-07-09,52.0577,53.1605,52.0577,53.1108,2416967
2018-07-10,53.0512,53.2598,52.3558,52.6737,2115806
2018-07-11,51.9782,52.5147,51.2828,51.6901,3055925
2018-07-12,51.6802,51.9981,50.9252,51.5809,1880168
2018-07-13,51.6007,53.081,51.6007,52.326,2619106
2018-07-16,52.3359,52.6637,51.6504,52.465,1924217
2018-07-17,52.3856,53.1207,52.0776,52.2167,1610744
2018-07-18,52.2365,52.7134,51.859,52.475,1867002
2018-07-19,52.36,53.28,52.19,53.1,2062078
2018-07-20,52.85,53.21,52.23,52.41,1587833
2018-07-23,52.09,52.43,51.45,51.72,1942388
2018-07-24,51.98,52.19,49.51,49.62,2843015
2018-07-25,49.72,49.98,48.12,49.21,3502763
2018-07-26,49.37,50.44,48.32,48.6,2506539
2018-07-27,48.79,49.05,47.2,47.35,1745533
2018-07-30,47.5,48.56,47.5,48.29,2700058
2018-07-31,48.81,49.41,48.14,48.81,2078372
2018-08-01,48.52,48.7,47.28,47.85,3029123
2018-08-02,47.16,48.24,46.76,47.66,2679921
2018-08-03,47.01,48.44,46.84,47.16,2189158
2018-08-06,47.1,47.54,46.6,46.99,3005939
2018-08-07,47.21,47.71,46.81,47.56,1802274
2018-08-08,47.68,47.9809,46.95,47.0,2074039
2018-08-09,47.15,48.64,47.025,47.61,2600033
2018-08-10,47.36,48.36,47.24,47.97,2619336
2018-08-13,48.06,48.31,47.32,48.09,2167729
2018-08-14,47.92,49.05,47.67,48.89,3037950
2018-08-15,48.55,48.8,47.27,48.35,3527349
2018-08-16,49.34,50.31,48.711,49.75,5117355
2018-08-17,49.45,50.98,49.16,50.7,3020399
2018-08-20,51.15,51.97,50.59,51.76,3915523
2018-08-21,52.16,52.56,50.97,52.33,3131859
2018-08-22,52.07,52.94,51.8,52.13,3082267
2018-08-23,52.58,53.5,52.32,53.2,5619055
2018-08-24,48.83,49.09,46.01,48.32,18518011
2018-08-27,48.09,48.95,46.69,48.94,6571444
2018-08-28,49.2,49.24,47.96,48.23,4222232
2018-08-29,48.05,49.9,47.48,49.81,4128928
2018-08-30,49.53,50.31,48.6546,48.79,3534925
2018-08-31,48.97,49.6,48.64,49.3,3053808
2018-09-04,48.96,49.21,47.93,48.34,3993555
2018-09-05,48.21,49.31,48.055,49.16,3152888
2018-09-06,49.3,49.53,48.055,48.12,2161849
2018-09-07,47.94,48.59,46.68,46.74,3154751
2018-09-10,48.22,49.26,47.98,49.09,5410392
2018-09-11,49.03,49.3,48.07,48.7,2897331
2018-09-12,48.66,48.66,47.63,48.35,1987929
2018-09-13,47.82,48.23,46.41,47.04,4108362
