date,open,high,low,close,volume
2013-09-16,30.1683,30.1962,29.4777,29.7577,1356611
2013-09-17,29.907,29.935,29.5244,29.7297,1203165
2013-09-18,29.6644,29.8323,29.4217,29.7763,1364381
2013-09-19,29.8603,30.1589,29.6644,30.0003,751030
2013-09-20,29.9723,30.1309,29.4497,29.4777,1254676
2013-09-23,29.8696,29.8696,29.0018,29.0858,679386
2013-09-24,29.1605,29.6457,28.9458,29.4684,953805
2013-09-25,29.4311,29.5804,29.0858,29.0951,626180
2013-09-26,29.2351,29.767,29.1045,29.3751,666430
2013-09-27,29.1885,29.3844,29.0951,29.2258,390955
2013-09-30,29.0392,29.4917,28.8619,29.3004,910288
2013-10-01,29.1885,29.5897,28.9832,29.5431,817019
2013-10-02,29.3098,29.599,29.1885,29.5804,528715
2013-10-03,29.4124,30.2149,29.4031,30.1962,2019297
2013-10-04,30.1962,30.3549,29.9256,30.2429,777086
2013-10-07,29.879,30.2056,29.6084,29.9723,585383
2013-10-08,29.991,30.0469,29.5524,29.6644,866114
2013-10-09,29.6177,29.7483,29.3004,29.5431,781689
2013-10-10,29.8417,30.1776,29.5524,30.0469,784135
2013-10-11,29.935,30.4948,29.7203,30.4855,572118
2013-10-14,30.7561,30.9801,30.1962,30.9521,729273
2013-10-15,28.4046,28.7406,26.6317,26.6783,8334059
2013-10-16,26.5943,26.6877,26.0438,26.473,2714775
2013-10-17,26.4264,27.0889,26.3144,27.0516,2106137
2013-10-18,27.1729,27.4808,26.865,27.4622,1124436
2013-10-21,27.4995,27.6395,26.837,26.9676,1082539
2013-10-22,27.0143,27.4435,27.0143,27.0889,1388661
2013-10-23,27.0143,27.1076,26.6223,26.8556,953648
2013-10-24,26.8556,27.1448,26.1744,26.7436,1099263
2013-10-25,26.669,26.8183,26.2957,26.6317,1454775
2013-10-28,26.6317,26.7436,26.2118,26.2864,1016217
2013-10-29,26.4077,26.6877,26.2864,26.6783,998797
2013-10-30,26.7903,26.8183,26.5105,26.6223,737636
2013-10-31,26.613,26.8836,26.5104,26.5757,997983
2013-11-01,26.5757,26.8836,26.3517,26.4824,965728
2013-11-04,26.6037,26.7157,26.417,26.5757,695506
2013-11-05,26.4637,26.8463,26.2677,26.669,823288
2013-11-06,26.7063,26.7343,26.3517,26.4637,749107
2013-11-07,26.5663,26.9863,26.3051,26.3331,1146510
2013-11-08,26.3611,27.1496,26.3237,27.1169,830472
2013-11-11,27.1636,27.4808,27.0609,27.3129,1068597
2013-11-12,27.2102,27.4715,27.0143,27.0982,648962
2013-11-13,27.0143,27.5461,26.9583,27.5461,495391
2013-11-14,27.5742,27.6304,27.2653,27.621,470003
2013-11-15,27.5836,27.6397,27.4432,27.6397,950068
2013-11-18,27.6772,27.7989,27.4993,27.5087,828969
2013-11-19,27.4525,27.5087,27.2841,27.3028,1185917
2013-11-20,27.3402,27.4806,27.1998,27.2186,518925
2013-11-21,27.3777,27.7427,27.3777,27.7053,858888
2013-11-22,27.7053,27.9814,27.5368,27.8363,469441
2013-11-25,27.8737,28.0141,27.724,27.8176,491092
2013-11-26,27.8831,28.0609,27.7427,27.9486,625281
2013-11-27,27.9861,28.0797,27.7708,27.8644,452035
2013-11-29,27.855,28.0048,27.724,27.7708,317370
2013-12-02,27.7146,27.7146,27.4432,27.4713,703398
2013-12-03,28.0797,28.0797,27.5836,27.6772,1457692
2013-12-04,27.5742,27.7895,27.504,27.5274,1101429
2013-12-05,27.4245,27.5462,27.125,27.1811,936157
2013-12-06,27.4151,27.5742,27.2466,27.4993,632494
2013-12-09,27.5742,27.6959,27.0875,27.125,707481
2013-12-10,27.0688,27.2934,27.036,27.1811,817924
2013-12-11,27.1624,27.3777,26.7038,26.7599,699199
2013-12-12,26.7318,27.022,26.5727,26.9378,766904
2013-12-13,26.9846,27.0875,26.7318,26.8629,841036
2013-12-16,26.9471,27.0337,26.4791,26.6382,1229660
2013-12-17,26.5353,26.9565,26.2358,26.8816,914345
2013-12-18,26.9565,26.9752,26.4791,26.9284,987891
2013-12-19,26.8535,26.9471,26.7131,26.8348,585272
2013-12-20,26.9565,27.3028,26.6944,27.2747,1711146
2013-12-23,27.4993,27.972,27.3556,27.6772,578701
2013-12-24,27.6304,27.855,27.5462,27.5929,191793
2013-12-26,27.6117,27.9486,27.6117,27.7708,458759
2013-12-27,27.7801,27.958,27.7333,27.855,307672
2013-12-30,27.8176,27.8831,27.7614,27.8457,360521
2013-12-31,27.8831,28.2013,27.8363,28.1733,489601
2014-01-02,28.0048,28.089,27.2092,27.2466,781424
2014-01-03,27.2186,27.3309,26.9658,27.1624,730534
2014-01-06,27.1718,27.256,27.0126,27.1437,686180
2014-01-07,27.1905,29.7832,27.0782,29.7691,3273940
2014-01-08,30.0172,31.5709,29.9236,30.794,4505427
2014-01-09,30.897,31.2059,30.3635,30.4196,1818494
2014-01-10,30.5226,30.5693,30.0359,30.2324,1663246
2014-01-13,30.2324,30.663,30.092,30.3822,1324648
2014-01-14,30.56,30.5975,30.3167,30.4384,1483043
2014-01-15,30.5507,31.7909,30.3841,31.1123,1417759
2014-01-16,30.9999,31.2246,30.794,31.1123,843316
2014-01-17,31.131,31.5896,30.9999,31.2995,1047921
2014-01-21,31.4867,31.7113,31.1871,31.7019,943012
2014-01-22,31.6739,32.0015,31.4399,31.9827,769915
2014-01-23,31.8236,31.9359,31.6458,31.8236,1422248
2014-01-24,31.7487,31.7487,30.5132,30.5787,1125436
2014-01-27,30.7192,30.9344,30.2886,30.4103,928522
2014-01-28,30.4571,30.6536,30.3635,30.5975,524244
2014-01-29,30.2792,30.5413,29.7364,30.1201,1020998
2014-01-30,30.3541,30.7472,30.2512,30.6723,626485
2014-01-31,30.1856,30.3635,29.6521,29.6896,1557388
2014-02-03,29.7176,29.9423,28.7723,28.7817,1390691
2014-02-04,28.894,29.259,28.5757,29.1841,921851
2014-02-05,28.9876,29.1935,28.6132,28.9782,710111
2014-02-06,28.9782,30.1529,28.6665,30.1295,1713252
2014-02-07,29.1935,29.5515,27.7362,28.7442,2975144
2014-02-10,28.9969,29.0905,28.4166,28.5289,1171220
2014-02-11,28.5196,29.4556,28.426,29.1373,1512733
2014-02-12,29.1186,29.3713,28.9876,29.1186,1012691
2014-02-13,28.8191,29.2543,28.8097,28.9689,1207285
2014-02-14,28.997,29.1379,28.6684,29.0064,1376679
2014-02-18,28.8186,29.551,28.8186,29.5041,1598840
2014-02-19,29.4947,29.6919,29.1097,29.2787,1015911
2014-02-20,29.2975,30.4572,29.2975,30.1896,1308826
2014-02-21,30.2835,30.9032,30.0769,30.7906,1210947
2014-02-24,30.8563,31.1051,30.6535,30.9877,1183540
2014-02-25,30.9877,31.0253,30.6779,30.8187,1186790
2014-02-26,30.8845,31.5042,30.7718,31.2788,1299288
2014-02-27,31.2507,31.2695,30.9643,31.1662,926988
2014-02-28,31.1849,32.1897,31.0629,32.0582,1531946
2014-03-03,31.8235,32.1991,31.523,32.1334,1981889
2014-03-04,32.5559,33.0442,32.3775,32.5841,2335317
2014-03-05,32.631,33.1851,32.4004,32.8658,2129825
2014-03-06,32.8752,33.2813,32.8188,33.0724,1379279
2014-03-07,33.1381,33.1569,32.8095,33.0348,933403
2014-03-10,32.9785,33.0743,32.8001,32.9973,1245348
2014-03-11,33.0066,33.0442,32.5653,32.7719,2352001
2014-03-12,32.5935,32.8095,32.3306,32.7437,935936
2014-03-13,32.8658,32.9409,32.0864,32.185,1600651
2014-03-14,32.1991,32.4479,32.0207,32.0488,1211526
2014-03-17,32.2085,32.5277,32.0676,32.246,859318
2014-03-18,32.2836,32.8001,32.1146,32.4996,959003
2014-03-19,32.509,32.847,32.1427,32.293,702139
2014-03-20,32.1991,32.5465,32.0019,32.5371,585367
2014-03-21,32.9221,33.4809,32.4996,33.0348,1921343
2014-03-24,33.1193,33.232,32.8846,33.0442,1371692
2014-03-25,33.1663,33.3071,32.8564,33.0536,1078324
2014-03-26,33.1945,33.2977,32.7531,32.8752,813340
2014-03-27,32.7719,32.9034,32.4151,32.6498,1464086
2014-03-28,32.7719,33.1851,32.6498,33.1005,619666
2014-03-31,33.2414,33.8424,33.0254,33.8048,1354723
2014-04-01,33.8612,34.5466,33.8048,34.4903,1008771
2014-04-02,34.5842,34.6969,34.218,34.556,1575947
2014-04-03,34.5748,34.8284,34.387,34.7438,1629864
2014-04-04,34.8753,35.0725,34.1992,34.3307,2101502
2014-04-07,34.3025,34.4434,33.1663,33.2977,1216212
2014-04-08,33.2226,33.4104,32.5653,32.7719,2330581
2014-04-09,32.8658,33.4104,32.8282,33.3447,989554
2014-04-10,33.401,33.5325,32.2179,32.3681,990803
2014-04-11,32.1615,32.3775,31.8986,32.1615,1127050
2014-04-14,32.4432,32.631,32.1146,32.4432,724798
2014-04-15,32.5841,33.1851,32.2837,32.9597,1056998
2014-04-16,33.2132,33.2786,32.8658,33.1757,683011
2014-04-17,33.1381,33.6921,33.0442,33.5231,1234271
2014-04-21,33.6921,34.2368,33.6076,34.1523,1092215
2014-04-22,34.1241,34.9786,33.8799,34.9598,1673772
2014-04-23,34.9598,34.9598,34.4527,34.603,1651674
2014-04-24,34.8284,35.1382,34.4997,34.9223,1913848
2014-04-25,34.3025,34.7532,32.8658,32.9127,2402002
2014-04-28,32.631,32.9785,31.5981,31.8704,2721455
2014-04-29,32.0488,32.0488,31.5418,31.7953,977142
2014-04-30,31.6451,32.124,31.6451,31.9643,1037927
2014-05-01,32.0207,32.5841,31.9549,32.4526,959833
2014-05-02,32.4057,33.0066,32.3024,32.894,957497
2014-05-05,32.7531,33.1475,32.6123,32.6686,1060694
2014-05-06,32.5465,32.631,32.1521,32.293,613024
2014-05-07,32.3212,32.7437,31.523,31.6826,1507071
2014-05-08,31.6545,32.2366,31.5418,31.8235,945830
2014-05-09,31.8141,32.1052,31.523,32.0676,835629
2014-05-12,32.2273,32.5559,31.9268,32.4057,706792
2014-05-13,32.4057,32.4338,31.9456,32.0582,441291
2014-05-14,32.0207,32.0488,31.5699,31.5981,460169
2014-05-15,31.7577,31.7765,31.0723,31.4197,781267
2014-05-16,31.4385,31.5516,31.1748,31.4762,600047
2014-05-19,31.448,32.0507,31.3538,31.7682,669455
2014-05-20,31.7588,31.9283,31.4574,31.5421,424956
2014-05-21,31.6081,32.0225,31.5327,31.8341,478470
2014-05-22,31.8247,32.1732,31.561,32.1449,736722
2014-05-23,32.1732,32.4369,31.9189,32.3804,616482
2014-05-27,32.4463,32.8984,32.2674,32.7383,639417
2014-05-28,32.6818,32.9549,32.3663,32.9172,757386
2014-05-29,32.9078,33.0962,32.6629,32.9078,633279
2014-05-30,32.8701,32.9549,32.3615,32.8796,1057896
2014-06-02,32.9172,32.9549,32.4181,32.7948,919538
2014-06-03,32.71,33.115,32.597,32.7948,393370
2014-06-04,32.7571,33.0679,32.5782,32.8701,340071
2014-06-05,32.9643,33.2751,32.7854,33.2657,557428
2014-06-06,33.3222,33.812,33.294,33.6801,508348
2014-06-09,33.699,34.2452,33.6895,34.0286,647212
2014-06-10,33.8779,33.9156,33.6424,33.8591,694091
2014-06-11,33.7272,33.9391,33.6707,33.7743,355667
2014-06-12,33.7084,33.8591,33.3128,33.5577,680495
2014-06-13,33.6424,33.7649,33.3834,33.6801,632428
2014-06-16,33.699,33.8685,33.4918,33.5483,301294
2014-06-17,33.4635,33.9156,33.3693,33.8026,306623
2014-06-18,33.812,33.8873,33.3599,33.6707,504304
2014-06-19,33.6895,33.8308,32.9125,33.4541,562635
2014-06-20,33.5483,33.8402,33.3599,33.3599,820656
2014-06-23,33.4635,33.52,33.1197,33.2375,344324
2014-06-24,33.1056,33.4164,32.6347,32.6818,604243
2014-06-25,32.5593,32.8513,32.3615,32.5122,751483
2014-06-26,32.5405,32.7364,32.371,32.3757,649316
2014-06-27,32.2485,32.5075,32.0978,32.4039,704880
2014-06-30,32.3333,32.8136,32.3145,32.71,592385
2014-07-01,32.8607,33.0679,32.6818,32.9643,686408
2014-07-02,32.9643,33.0585,32.8325,32.8984,485531
2014-07-03,32.9361,33.2375,32.7948,33.0962,795610
2014-07-07,33.0491,33.2375,32.889,32.9643,785614
2014-07-08,32.9643,33.0773,32.2768,32.2956,888157
2014-07-09,32.3804,32.6535,32.0602,32.1685,640152
2014-07-10,31.674,32.1402,31.5987,31.9283,548578
2014-07-11,31.6928,31.9754,31.5987,31.7211,361081
2014-07-14,31.8153,32.0037,31.4574,31.6081,679800
2014-07-15,31.0053,32.1261,31.0053,31.6552,585681
2014-07-16,31.7399,31.7729,31.2549,31.3632,478532
2014-07-17,31.1466,31.3349,30.6097,30.638,1205547
2014-07-18,30.9959,32.0696,30.751,31.5704,1536988
2014-07-21,31.3444,31.9,31.3349,31.674,508605
2014-07-22,31.8435,32.305,31.8435,32.2297,630721
2014-07-23,32.2956,32.6535,31.8624,32.1261,705032
2014-07-24,32.2956,33.2186,32.0413,32.5876,1165933
2014-07-25,32.4934,32.6912,32.2297,32.6158,1345020
2014-07-28,32.6347,32.71,32.4746,32.5688,1838148
2014-07-29,32.597,32.7383,32.2109,32.2956,1194374
2014-07-30,32.4181,32.6818,32.2485,32.4369,599899
2014-07-31,32.0978,32.4934,31.3161,31.3444,650338
2014-08-01,31.1089,31.3255,30.8169,31.0618,723007
2014-08-04,31.1748,31.448,31.0995,31.3915,723877
2014-08-05,31.2313,31.674,31.1842,31.4009,484518
2014-08-06,31.2313,31.8624,31.2031,31.6457,820220
2014-08-07,31.8247,31.853,31.4998,31.5045,705829
2014-08-08,31.5421,31.787,31.2313,31.7682,571611
2014-08-11,31.9283,32.1732,31.7494,31.7776,476605
2014-08-12,31.6269,31.8812,31.448,31.5987,294693
2014-08-13,31.674,32.0131,31.5045,31.9989,439152
2014-08-14,32.0696,32.1355,31.6834,31.8012,312005
2014-08-15,31.9287,32.0893,31.4091,31.6925,555725
2014-08-18,31.8815,32.1932,31.8626,32.1082,464415
2014-08-19,32.1176,32.3538,31.9759,32.1082,631624
2014-08-20,31.9759,32.2499,31.9287,32.1176,736432
2014-08-21,32.1554,32.2782,31.9665,31.9948,800003
2014-08-22,31.872,32.0515,31.6453,31.702,997351
2014-08-25,31.9665,32.2404,31.8815,32.042,631932
2014-08-26,32.0704,32.2121,32.0137,32.1082,1123884
2014-08-27,32.1082,32.2026,31.872,31.9098,329352
2014-08-28,31.7303,31.8909,31.5414,31.7964,256072
2014-08-29,31.9192,31.9948,31.7587,31.9192,388157
2014-09-02,31.9287,32.1271,31.7681,31.8815,487929
2014-09-03,32.042,32.146,31.8342,31.9192,925303
2014-09-04,31.9381,32.1176,31.7114,31.7587,367329
2014-09-05,31.6736,31.8484,31.4847,31.5886,485673
2014-09-08,31.4753,31.5886,31.2674,31.5792,506881
2014-09-09,31.4942,31.6736,31.428,31.4753,1043058
2014-09-10,31.4658,31.787,31.343,31.7681,676619
2014-09-11,31.617,31.872,31.5036,31.7303,515647
2014-09-12,31.7398,31.7398,31.2674,31.5839,690138
2014-09-15,31.4658,31.5933,31.1069,31.3241,415209
2014-09-16,31.173,31.3808,31.1069,31.3147,478074
2014-09-17,31.3147,31.7775,31.1824,31.5697,421267
2014-09-18,31.6547,31.7681,31.5792,31.6642,446589
2014-09-19,31.8248,31.8248,31.0313,31.2013,1048777
2014-09-22,31.0407,31.0974,30.7998,30.8235,637674
2014-09-23,30.7857,30.899,30.3417,30.3984,491975
2014-09-24,30.4078,30.5779,30.2378,30.5306,439643
2014-09-25,30.5495,30.6695,29.9638,29.9686,507437
2014-09-26,29.8599,30.1339,29.841,29.9166,412916
2014-09-29,29.6238,30.0489,29.5104,29.9166,376171
2014-09-30,29.9355,30.03,29.4726,29.6049,548744
2014-10-01,29.4632,29.5577,28.8303,28.9153,677353
2014-10-02,28.8114,29.1892,28.4619,29.0476,794439
2014-10-03,29.227,29.4537,28.7925,28.9578,765221
2014-10-06,29.1137,29.2554,28.7548,28.8964,493523
2014-10-07,28.7831,28.8396,28.0651,28.0746,575547
2014-10-08,27.999,28.273,27.5267,28.1596,1136189
2014-10-09,28.1501,28.3107,27.4228,27.5645,780429
2014-10-10,27.5172,27.6023,26.9835,27.0449,898025
2014-10-13,27.0922,27.215,26.7521,26.7899,755362
2014-10-14,27.0544,27.4606,26.9599,27.1819,970834
2014-10-15,26.8938,27.9896,26.8654,27.7062,1526431
2014-10-16,27.3,27.8668,26.7521,27.5834,1380920
2014-10-17,27.7156,27.744,27.2055,27.4417,1325360
2014-10-20,27.3283,27.6023,27.1205,27.5786,956653
2014-10-21,27.8006,28.2068,27.4983,28.1501,1177366
2014-10-22,28.1785,28.4052,27.8668,27.8857,633896
2014-10-23,28.1785,28.6225,28.0085,28.443,963095
2014-10-24,29.3687,30.5401,29.0476,30.2661,1862970
2014-10-27,30.6818,30.6818,30.1717,30.2756,1116961
2014-10-28,30.3417,30.8518,30.3039,30.7101,801523
2014-10-29,30.7007,30.8707,30.2756,30.7668,599784
2014-10-30,30.5306,31.258,30.474,31.1163,595201
2014-10-31,31.5319,31.7681,31.2202,31.6736,914692
2014-11-03,31.7398,31.9192,31.6453,31.9004,735132
2014-11-04,31.8059,32.4199,31.7398,31.957,709271
2014-11-05,32.0609,32.2782,31.8437,32.1601,460438
2014-11-06,32.2215,32.4955,32.0798,32.4199,650619
2014-11-07,32.4482,32.486,31.8342,31.9098,655643
2014-11-10,31.8626,31.9192,31.3336,31.3714,1033035
2014-11-11,31.5131,31.5131,31.1258,31.1635,721277
2014-11-12,31.088,31.4091,31.0785,31.1541,804098
2014-11-13,31.2202,31.2958,30.6156,30.644,888176
2014-11-14,30.6061,30.9283,30.4166,30.4734,735037
2014-11-17,30.4829,30.6582,30.3503,30.4829,724861
2014-11-18,30.4545,30.6629,30.246,30.2934,523430
2014-11-19,30.2934,30.3692,29.9997,30.1513,430886
2014-11-20,29.9712,30.1607,29.8101,29.8433,598425
2014-11-21,30.0849,30.3124,29.8054,29.8575,716610
2014-11-24,29.9807,30.1418,29.7817,29.9712,816915
2014-11-25,30.2365,30.3218,29.9144,30.1607,1598493
2014-11-26,30.1607,30.2365,29.886,30.1134,712751
2014-11-28,30.1892,30.2934,30.0091,30.066,332723
2014-12-01,29.886,29.9997,29.3174,29.3411,649229
2014-12-02,29.3932,29.5164,29.2037,29.4217,963287
2014-12-03,29.4406,30.1228,29.3458,29.6964,1981081
2014-12-04,29.6301,30.9377,29.6017,29.9049,1361497
2014-12-05,29.9049,30.3171,29.8386,30.1797,702834
2014-12-08,30.066,30.3882,29.7343,29.7912,879073
2014-12-09,30.6535,31.2599,30.0944,31.0041,2017404
2014-12-10,30.8809,30.9283,30.3882,30.4545,1347192
2014-12-11,30.6061,31.042,30.246,30.6819,1212051
2014-12-12,30.4545,30.6847,30.2555,30.265,1121509
2014-12-15,30.3218,30.4424,29.8386,30.0849,855291
2014-12-16,29.9902,30.5587,29.8433,29.8575,771266
2014-12-17,29.8954,30.7103,29.5666,30.6724,925377
2014-12-18,31.1652,31.3452,30.644,31.3452,692781
2014-12-19,31.402,31.9232,31.3641,31.6674,2738307
2014-12-22,31.5726,31.7905,31.5158,31.7053,443985
2014-12-23,31.8474,32.1411,31.6058,31.6389,646223
2014-12-24,31.6579,31.7147,31.3736,31.5916,162895
2014-12-26,31.62,31.8095,31.5442,31.5726,229344
2014-12-29,31.3641,31.5346,31.2789,31.3073,362138
2014-12-30,31.2883,31.3547,31.0704,31.1273,322015
2014-12-31,31.2978,31.4968,30.5966,30.6156,425880
2015-01-02,30.7577,30.7956,30.1228,30.5019,580339
2015-01-05,30.3408,30.3692,29.6396,29.8291,887713
2015-01-06,29.8386,30.0576,28.8721,29.0426,821791
2015-01-07,29.2985,29.3549,29.0521,29.2795,857499
2015-01-08,29.5827,29.7154,29.2795,29.6112,813572
2015-01-09,29.6206,29.7533,29.27,29.2985,561970
2015-01-12,29.27,29.27,28.711,28.8436,575790
2015-01-13,28.9952,29.1942,28.4078,28.6541,882635
2015-01-14,28.2751,28.6636,28.1709,28.5594,623663
2015-01-15,28.6162,28.7205,28.2183,28.2372,622340
2015-01-16,28.1804,28.5594,28.1804,28.4362,970734
2015-01-20,28.5309,28.7678,28.0003,28.5688,989823
2015-01-21,28.4741,28.8436,28.1709,28.7205,531517
2015-01-22,28.8436,29.4122,28.4933,29.2795,494564
2015-01-23,29.2511,29.3364,29.0426,29.2416,485175
2015-01-26,29.2227,29.469,28.9194,29.4406,517953
2015-01-27,29.0995,29.6964,28.9943,29.668,960210
2015-01-28,29.7438,29.9333,28.9242,28.9384,605610
2015-01-29,28.8531,28.9763,28.3983,28.9147,497614
2015-01-30,28.5594,28.9763,28.3888,28.6162,1126412
2015-02-02,28.6826,28.8626,28.1424,28.7963,541791
2015-02-03,29.09,29.6017,29.09,29.5638,447959
2015-02-04,29.5543,29.9997,29.4984,29.5543,860353
2015-02-05,29.6301,30.2536,29.6301,30.1323,752072
2015-02-06,30.464,32.397,30.4166,32.1885,1520913
2015-02-09,32.2359,32.6528,31.7716,31.8379,939612
2015-02-10,32.018,32.018,31.1083,31.5347,923856
2015-02-11,31.4305,31.6674,30.9567,31.023,714469
2015-02-12,31.0894,31.5252,31.0325,31.4968,707522
2015-02-13,31.5347,31.9137,31.241,31.2789,567180
2015-02-17,31.2125,31.2599,30.5398,30.7956,1244161
2015-02-18,30.7861,30.9953,30.5674,30.596,560436
2015-02-19,30.4724,30.691,30.1966,30.2917,642013
2015-02-20,30.2061,30.6102,30.0635,30.5389,610346
2015-02-23,30.5769,30.6055,30.2347,30.5151,573022
2015-02-24,30.5769,30.71,30.4058,30.5674,743585
2015-02-25,30.5674,30.7671,30.4628,30.672,714614
2015-02-26,30.7671,30.8051,30.4724,30.596,422924
2015-02-27,30.6245,30.8051,30.5579,30.691,560677
2015-03-02,30.6625,31.2235,30.653,31.2045,666801
2015-03-03,31.0048,31.271,30.8336,31.1189,769823
2015-03-04,31.0809,31.214,30.1301,30.2252,758007
2015-03-05,29.783,30.4106,29.783,30.3773,569387
2015-03-06,30.1206,30.4343,29.997,30.1111,573761
2015-03-09,30.054,30.4058,29.9494,30.3012,373814
2015-03-10,29.9304,30.1016,29.5019,29.7308,749198
2015-03-11,29.7498,29.8829,29.4836,29.5881,432411
2015-03-12,29.6547,29.997,29.5121,29.9589,482172
2015-03-13,29.9494,29.9875,29.4455,29.6642,335874
2015-03-16,29.7498,30.7005,29.7117,30.691,885963
2015-03-17,30.5294,30.5294,30.2537,30.3678,487553
2015-03-18,29.6262,30.1348,29.2078,29.9589,1086156
2015-03-19,29.9399,30.1111,29.5881,29.726,545640
2015-03-20,29.8163,30.3392,29.8163,30.2537,923202
2015-03-23,30.2917,30.4819,30.1396,30.3202,615810
2015-03-24,30.3012,30.421,29.8353,29.8401,496171
2015-03-25,29.8924,30.0445,29.3504,29.3599,714555
2015-03-26,29.1603,29.5311,29.0177,29.436,578731
2015-03-27,29.3599,29.6927,29.3124,29.5976,653388
2015-03-30,29.6737,30.073,29.6737,30.016,394152
2015-03-31,29.9399,30.035,29.5026,29.7403,802839
2015-04-01,29.7593,29.7878,29.3599,29.6214,556673
2015-04-02,29.6642,29.9114,29.3219,29.4455,541356
2015-04-06,29.2363,29.6737,29.1803,29.6072,1011676
2015-04-07,29.6072,29.8924,29.4836,29.6452,468494
2015-04-08,29.5976,29.8353,29.3124,29.3885,1072865
2015-04-09,29.3885,29.7688,29.3029,29.7403,413963
2015-04-10,29.7403,29.8924,29.6072,29.6594,388853
2015-04-13,29.6357,29.8258,29.0367,29.0937,670311
2015-04-14,29.0367,29.379,29.0367,29.3124,451103
2015-04-15,29.379,29.8544,29.3504,29.7022,417799
2015-04-16,29.5691,29.6642,29.1223,29.1318,521948
2015-04-17,28.9416,28.9606,28.4567,28.6088,530826
2015-04-20,28.6944,28.9226,28.6278,28.7324,449272
2015-04-21,28.8275,29.1888,28.6183,28.7277,346782
2015-04-22,28.8941,28.9701,28.6278,28.9511,365358
2015-04-23,28.837,29.4931,28.818,29.3885,873260
2015-04-24,29.5691,30.1871,27.9813,29.0272,1673488
2015-04-27,29.0652,29.7403,28.9987,29.3695,872168
2015-04-28,29.4455,29.6357,29.1555,29.6167,899316
2015-04-29,29.398,29.5121,29.0177,29.4645,993297
2015-04-30,29.2268,29.417,29.0462,29.3695,1111583
2015-05-01,29.4265,29.7308,29.2554,29.7212,806692
2015-05-04,29.5976,29.997,29.5976,29.9684,815212
2015-05-05,29.8544,30.035,29.5691,29.7212,2458211
2015-05-06,29.8068,29.8068,29.3504,29.474,905745
2015-05-07,29.5501,29.8163,29.4455,29.7403,861900
2015-05-08,29.8639,30.0635,29.6737,29.997,658579
2015-05-11,29.9589,30.0635,29.7926,29.978,733856
2015-05-12,29.7783,30.1681,29.7783,30.054,843132
2015-05-13,30.0635,30.4724,29.9114,30.2347,688878
2015-05-14,30.3488,30.4248,30.1016,30.3488,413051
2015-05-15,30.3868,30.3868,30.0207,30.1586,414399
2015-05-18,30.1111,30.4248,30.054,30.3583,354449
2015-05-19,30.3488,30.3583,30.1871,30.2917,442882
2015-05-20,30.244,30.4347,30.1391,30.3394,601736
2015-05-21,30.2917,30.4157,30.1009,30.1868,713586
2015-05-22,30.0723,30.2726,30.0341,30.1486,699734
2015-05-26,30.0914,30.1582,29.4903,29.5762,848157
2015-05-27,29.6048,29.8242,29.3949,29.643,556026
2015-05-28,29.538,29.7193,29.3186,29.5475,703141
2015-05-29,29.5285,29.5285,29.0323,29.1468,969876
2015-06-01,29.2613,29.6334,29.0991,29.123,800660
2015-06-02,29.0991,29.2899,28.9369,29.0896,331942
2015-06-03,29.1468,29.6907,29.1278,29.5953,433785
2015-06-04,29.4808,29.5475,29.0562,29.1755,417649
2015-06-05,29.185,29.3806,29.0228,29.309,522293
2015-06-08,29.3281,29.4235,29.1468,29.2709,484848
2015-06-09,29.2899,29.4903,29.1755,29.4521,664445
2015-06-10,29.5762,29.996,29.4044,29.9101,402673
2015-06-11,30.0055,30.0055,29.767,29.8815,455676
2015-06-12,29.8528,29.8528,29.4998,29.7193,686677
2015-06-15,29.4998,29.6334,29.1182,29.538,345146
2015-06-16,29.4808,29.6048,29.4331,29.5189,324016
2015-06-17,29.643,29.8051,29.4331,29.6334,235762
2015-06-18,29.7002,30.1677,29.5285,30.0055,473607
2015-06-19,29.9292,30.12,29.8147,29.9578,769468
2015-06-22,28.7557,30.0818,28.7557,29.8147,348523
2015-06-23,29.8528,29.8624,29.5666,29.6334,359422
2015-06-24,29.6239,29.643,29.3377,29.4521,352183
2015-06-25,29.4998,29.8528,29.3281,29.8147,729242
2015-06-26,29.8624,30.1486,29.7384,30.1009,1125254
2015-06-29,30.0246,30.2345,29.538,29.7765,1392562
2015-06-30,29.9769,30.1963,29.3281,29.4044,911422
2015-07-01,29.5953,29.7002,29.3567,29.643,511429
2015-07-02,29.643,29.8815,29.2518,29.4331,784718
2015-07-06,29.1659,29.4998,29.0991,29.4712,634693
2015-07-07,29.4617,29.6334,29.0514,29.6143,749384
2015-07-08,29.4617,29.6143,28.9656,28.9846,879312
2015-07-09,29.185,29.3567,28.6793,28.6984,553138
2015-07-10,28.9846,29.1945,28.7747,29.1659,354372
2015-07-13,29.3567,29.6811,29.2136,29.662,586793
2015-07-14,29.6334,29.6716,29.5285,29.6,459221
2015-07-15,29.5953,29.6239,29.2136,29.309,386136
2015-07-16,29.3854,29.4664,28.9942,29.2327,640829
2015-07-17,29.1755,29.2518,28.6507,28.8129,366423
2015-07-20,28.9179,28.9179,28.6507,28.7747,431181
2015-07-21,28.8225,28.8225,28.3025,28.3645,792800
2015-07-22,28.2596,28.5458,28.2596,28.4981,551436
2015-07-23,28.4981,28.8129,28.479,28.4981,796031
2015-07-24,28.25,29.4617,28.1737,29.3567,1063585
2015-07-27,29.1945,29.1945,28.7747,28.8606,1025585
2015-07-28,28.8797,29.2136,28.4408,28.9179,1145511
2015-07-29,28.7938,29.2327,28.7366,29.2041,525049
2015-07-30,29.061,29.4331,29.0133,29.414,412814
2015-07-31,29.4426,29.638,29.3567,29.3758,491596
2015-08-03,29.4235,29.5666,28.956,29.309,619477
2015-08-04,29.2995,29.3501,28.9942,29.0419,347718
2015-08-05,29.0896,29.5571,29.0896,29.3377,465907
2015-08-06,29.4617,29.5953,29.2709,29.3377,812763
2015-08-07,29.3758,29.6716,29.3758,29.643,1096878
2015-08-10,29.9292,30.6256,29.8528,30.5207,882021
2015-08-11,30.3585,30.3871,29.662,29.8719,686901
2015-08-12,29.7097,29.7765,28.9942,29.2804,903714
2015-08-13,29.1755,29.4711,29.0037,29.0419,579149
2015-08-14,28.9274,29.2041,28.9083,29.1373,505738
2015-08-17,29.0896,29.2518,28.8415,29.1659,421690
2015-08-18,29.2422,29.2899,28.9656,28.9751,493245
2015-08-19,28.8219,29.0038,28.7357,28.7549,673725
2015-08-20,28.6304,28.6974,28.3431,28.3431,787252
2015-08-21,28.0559,28.4293,27.5196,27.5292,953029
2015-08-24,26.294,26.7919,25.2254,26.3323,1862735
2015-08-25,26.8685,27.2898,25.8823,25.911,1294078
2015-08-26,26.5813,26.6962,25.9445,26.4568,1527052
2015-08-27,26.6483,27.7016,26.6387,27.4047,2017160
2015-08-28,27.2803,27.4813,27.1117,27.3569,1223574
2015-08-31,27.1271,27.5723,27.0217,27.4143,1031905
2015-09-01,26.8877,27.0696,26.7632,26.8302,1514339
2015-09-02,27.0983,27.1711,26.8781,27.0888,1488757
2015-09-03,27.1175,27.5484,27.0888,27.1749,1127217
2015-09-04,26.8015,27.0791,26.6387,26.7153,1096573
2015-09-08,27.1654,27.759,27.0026,27.7399,920029
2015-09-09,27.9697,27.9888,27.376,27.443,751165
2015-09-10,27.4047,27.577,27.0888,27.3664,689549
2015-09-11,27.2611,27.4574,27.108,27.2037,688731
2015-09-14,27.2515,27.2515,26.9499,27.0074,435985
2015-09-15,27.1654,27.376,27.0409,27.3569,659407
2015-09-16,27.2803,27.5996,27.2803,27.5388,903839
2015-09-17,27.5579,27.7303,27.3186,27.443,1327352
2015-09-18,27.1654,27.3186,27.0409,27.1558,1467738
2015-09-21,27.2898,27.5005,26.9834,27.1079,757057
2015-09-22,26.6483,26.8015,26.5717,26.6291,912989
2015-09-23,26.7536,26.8972,26.3514,26.5765,1850451
2015-09-24,26.294,26.4185,25.8248,26.294,1266692
2015-09-25,26.4568,26.5908,26.2365,26.4089,563871
2015-09-28,26.2174,26.3036,25.9445,25.9493,551973
2015-09-29,26.0738,26.6196,25.9493,26.2844,967618
2015-09-30,26.4472,26.8589,26.4472,26.8015,998082
2015-10-01,26.8206,26.9451,26.3132,26.3897,755908
2015-10-02,26.0067,27.0026,26.0019,27.0026,597508
2015-10-05,27.1749,27.5962,27.1079,27.4047,976053
2015-10-06,27.4335,27.4718,26.7728,27.2132,639137
2015-10-07,27.3377,27.692,27.1845,27.3569,920752
2015-10-08,27.2611,27.7638,27.2037,27.5484,621891
2015-10-09,27.5867,27.7112,27.3473,27.4526,494683
2015-10-12,27.4813,27.4813,27.2037,27.3281,679710
2015-10-13,27.2898,27.443,26.9547,27.0313,463532
2015-10-14,27.0313,27.2132,26.7919,26.8494,833053
2015-10-15,26.9068,27.1462,26.6196,27.0696,778150
2015-10-16,27.06,27.06,26.3802,26.6387,1005974
2015-10-19,26.5621,26.6387,26.3802,26.4759,454522
2015-10-20,26.3802,26.6196,26.3802,26.5238,991873
2015-10-21,26.5908,26.5908,26.1982,26.2844,727022
2015-10-22,26.4664,26.6291,26.3993,26.5238,1006687
2015-10-23,26.7345,26.7345,26.4328,26.4951,1007989
2015-10-26,26.5621,26.5646,26.227,26.294,2063837
2015-10-27,26.1121,26.2653,25.7961,25.8535,1671979
2015-10-28,24.4172,25.7003,24.0534,24.9056,3743460
2015-10-29,24.7715,25.4897,24.7141,25.346,2954446
2015-10-30,25.4035,25.729,25.3508,25.5375,2130575
2015-11-02,25.5375,26.4376,25.4705,26.3514,2783446
2015-11-03,26.3227,26.5142,26.0355,26.2365,845885
2015-11-04,26.2557,26.294,25.9972,26.1599,968287
2015-11-05,26.1695,26.2557,25.9589,26.1791,537083
2015-11-06,26.0833,26.4089,25.9493,26.4089,1127499
2015-11-09,26.3514,26.3514,25.3939,25.5758,1127441
2015-11-10,25.5663,25.5998,25.145,25.5854,704023
2015-11-11,25.7482,25.7673,25.5375,25.6429,688625
2015-11-12,25.4418,25.528,25.0588,25.1066,1105373
2015-11-13,25.0875,25.2503,24.7715,24.9247,1411060
2015-11-16,25.0205,27.625,25.0205,27.5005,4084397
2015-11-17,27.625,28.2953,27.2037,27.8644,2426461
2015-11-18,28.047,28.5852,27.8355,28.4891,1931253
2015-11-19,28.5083,28.7775,28.2969,28.691,1420678
2015-11-20,28.7679,28.975,28.6045,28.7294,898132
2015-11-23,28.6814,28.8255,28.4218,28.7486,797069
2015-11-24,28.691,29.0466,28.5756,28.9985,1161328
2015-11-25,28.9505,29.3157,28.8544,29.037,591501
2015-11-27,29.0562,29.2869,28.9024,29.0947,281137
2015-11-30,29.1139,29.4695,28.8736,29.3734,982410
2015-12-01,29.4599,29.7386,29.2196,29.3734,1031898
2015-12-02,29.2677,29.5464,28.8448,29.2196,1051129
2015-12-03,29.2004,29.4118,27.7682,28.7679,1066779
2015-12-04,28.8063,29.3157,28.7486,29.2484,834807
2015-12-07,29.1139,29.257,28.6237,28.7102,710862
2015-12-08,28.0662,28.7679,27.8836,28.5468,1079743
2015-12-09,28.2969,28.7294,28.0855,28.3449,911202
2015-12-10,28.3738,28.4026,27.9124,28.2104,1254968
2015-12-11,27.9316,28.2969,27.922,28.0374,1113153
2015-12-14,28.095,28.2008,27.2877,27.4222,1146369
2015-12-15,27.6145,28.0854,27.5183,27.8932,1054041
2015-12-16,28.0374,28.1527,27.6145,28.1047,646240
2015-12-17,28.0662,28.1047,27.3453,27.3453,832940
2015-12-18,27.3838,27.5568,26.8167,26.8936,1805859
2015-12-21,27.0666,27.5376,26.6533,27.105,1106713
2015-12-22,27.1531,27.5279,27.0089,27.5183,631391
2015-12-23,27.6241,27.922,27.3549,27.8547,550731
2015-12-24,27.749,27.9124,27.4751,27.5568,234096
2015-12-28,27.4895,27.4895,27.1147,27.3453,458613
2015-12-29,27.4895,27.7298,27.2492,27.5568,428731
2015-12-30,27.4799,27.6241,27.1915,27.2348,347898
2015-12-31,27.1531,27.2204,26.9166,26.9801,475388
2016-01-04,27.2492,27.7106,26.9705,27.6337,1339543
2016-01-05,29.0081,30.2,28.7968,29.1331,2527513
2016-01-06,28.6333,29.3349,28.4507,29.2677,1747082
2016-01-07,28.7294,29.0562,28.6429,28.8544,1461344
2016-01-08,29.0562,29.4503,28.8068,29.1043,2182094
2016-01-11,29.1715,30.051,29.1043,29.9501,2797978
2016-01-12,30.1135,30.2577,29.6185,29.8924,1943582
2016-01-13,29.902,30.4307,29.8924,30.0654,3159932
2016-01-14,30.1135,30.6229,29.9309,30.5028,2410502
2016-01-15,29.9982,30.5364,29.8059,30.0462,2470412
2016-01-19,30.5364,30.7575,28.715,29.0466,2393604
2016-01-20,28.7679,29.2254,28.1431,29.0081,2271387
2016-01-21,29.0754,29.5464,28.6621,28.6621,1979115
2016-01-22,29.1043,29.5032,28.9313,29.2388,1126319
2016-01-25,29.1908,29.5176,28.9313,28.9985,1321730
2016-01-26,29.0754,29.4503,28.1431,28.3642,1964199
2016-01-27,28.1719,28.3065,27.6433,27.7682,1953907
2016-01-28,27.9797,28.0758,27.1531,27.3838,1464085
2016-01-29,27.4895,28.1431,26.8936,28.1047,2977564
2016-02-01,27.9701,28.3449,27.6241,28.2104,1522833
2016-02-02,28.0374,28.1431,27.4414,27.4703,669621
2016-02-03,27.7394,27.874,27.1915,27.3838,1255450
2016-02-04,27.4318,27.874,27.3838,27.5664,892223
2016-02-05,27.4799,27.576,27.0474,27.2588,702102
2016-02-08,25.7978,26.7206,25.4518,26.5283,1486886
2016-02-09,26.3649,27.725,26.2592,27.6433,1952798
2016-02-10,27.8163,28.0374,27.3934,27.4222,1937377
2016-02-11,26.7302,28.0566,25.5768,27.5087,2011225
2016-02-12,27.4799,28.4507,26.8936,28.1623,2193848
2016-02-16,28.4795,29.2388,28.1864,29.085,1159395
2016-02-17,29.2684,29.8667,28.9794,29.7992,1130870
2016-02-18,29.915,30.3106,29.3746,29.4035,890314
2016-02-19,29.2684,30.0211,28.1104,29.7509,1509068
2016-02-22,30.5905,30.7042,29.7027,30.0887,1039200
2016-02-23,29.8667,30.4168,29.6641,30.0597,970994
2016-02-24,29.886,30.1948,29.5241,30.1466,656159
2016-02-25,30.1369,30.3878,29.3842,29.9343,824361
2016-02-26,30.1176,30.301,29.7413,29.9632,579567
2016-02-29,29.9632,30.2334,29.6737,29.8764,877748
2016-03-01,30.0501,31.0344,29.8764,30.8028,1152144
2016-03-02,30.7159,30.9765,30.4891,30.687,629952
2016-03-03,30.6484,31.2467,30.5383,31.1695,743234
2016-03-04,31.0826,31.4686,31.0151,31.2274,636152
2016-03-07,31.1405,31.4232,30.7835,31.2949,654499
2016-03-08,31.044,31.0971,30.3685,30.465,774465
2016-03-09,30.6677,31.0151,30.6677,30.88,529548
2016-03-10,30.8993,31.1309,29.9053,30.2817,648002
2016-03-11,30.4843,30.9958,30.4843,30.9475,520562
2016-03-14,30.851,30.9958,30.7256,30.8317,754315
2016-03-15,30.6194,30.7063,30.3782,30.6387,499576
2016-03-16,30.4747,31.0247,30.4747,30.8993,511580
2016-03-17,30.8414,31.3239,30.8414,31.266,410270
2016-03-18,31.3721,31.6327,30.9379,31.3239,788876
2016-03-21,31.3142,32.2599,31.1791,32.1924,747358
2016-03-22,31.9897,32.5591,31.845,32.5301,1182961
2016-03-23,32.5687,32.5687,31.9656,32.202,826229
2016-03-24,32.038,32.1634,31.7629,31.9511,598594
2016-03-28,32.0862,32.2599,31.8932,32.1248,387547
2016-03-29,31.8932,32.0138,31.6423,31.9704,560627
2016-03-30,32.2889,32.7617,32.0573,32.5977,843274
2016-03-31,32.5494,32.588,31.5603,31.7967,1012641
2016-04-01,31.623,31.8836,31.266,31.8257,1036344
2016-04-04,31.8643,32.1682,31.4445,31.4879,677962
2016-04-05,31.5941,31.6134,31.102,31.266,775891
2016-04-06,31.1791,31.5555,30.6098,31.5458,688547
2016-04-07,31.459,31.459,30.3299,30.9958,1617614
2016-04-08,31.237,31.459,30.7931,30.9379,646581
2016-04-11,31.0344,31.4011,30.9186,31.2563,645643
2016-04-12,31.3721,31.6037,31.0151,31.3432,856377
2016-04-13,31.5844,31.8353,31.3432,31.7678,548018
2016-04-14,31.816,31.845,31.5458,31.6713,368155
2016-04-15,31.6809,31.6809,31.3432,31.5362,398389
2016-04-18,31.5362,31.6906,31.4493,31.6809,263011
2016-04-19,31.6906,31.9994,31.541,31.816,660523
2016-04-20,31.7678,31.9801,31.5265,31.845,541260
2016-04-21,31.8836,32.1248,31.5941,31.6327,536484
2016-04-22,31.7002,32.202,31.7002,32.1441,509249
2016-04-25,32.1634,32.892,31.7292,32.7328,1224793
2016-04-26,32.3082,32.7617,29.8088,30.2141,3292387
2016-04-27,29.8281,30.2817,29.1044,29.7509,2506167
2016-04-28,29.693,30.0404,29.4711,29.6737,1101027
2016-04-29,29.722,29.722,29.0175,29.1526,744155
2016-05-02,29.143,29.8088,29.0368,29.4904,945598
2016-05-03,28.9693,30.079,28.9693,30.0694,1477016
2016-05-04,29.7606,29.915,29.307,29.3456,751659
2016-05-05,29.4518,29.7895,29.2202,29.4132,676046
2016-05-06,29.4132,29.6544,29.143,29.3167,593302
2016-05-09,29.3746,29.6641,29.3167,29.5,654312
2016-05-10,29.6255,29.6641,29.2877,29.6158,722161
2016-05-11,29.5579,29.8185,29.4711,29.5386,465014
2016-05-12,29.6158,29.7743,28.9307,29.2877,552934
2016-05-13,29.3553,29.7992,29.1237,29.1719,548657
2016-05-16,29.2009,29.5579,29.2009,29.4132,493397
2016-05-17,29.2974,29.4228,28.5157,28.5447,1609019
2016-05-18,28.5544,28.9032,28.4478,28.6416,503786
2016-05-19,28.5156,28.9129,28.3606,28.816,663658
2016-05-20,28.9322,29.2229,28.7675,29.0098,673625
2016-05-23,29.0291,29.2326,28.9225,29.0776,412863
2016-05-24,29.2423,29.7461,29.2423,29.6783,443854
2016-05-25,29.7364,29.7849,29.4361,29.6299,597914
2016-05-26,29.6396,29.8236,29.4845,29.688,351520
2016-05-27,29.8915,29.9302,29.6347,29.9302,352680
2016-05-31,29.9205,30.1918,29.6977,30.1822,906434
2016-06-01,29.9787,30.0949,29.8527,30.0174,550705
2016-06-02,30.0271,30.5988,29.9641,30.2597,787552
2016-06-03,30.0756,30.1918,29.9205,30.1337,438785
2016-06-06,30.2597,30.4535,29.9787,30.2694,552588
2016-06-07,30.2597,30.6182,30.2597,30.5891,579419
2016-06-08,30.5213,30.5988,30.0943,30.5503,502662
2016-06-09,30.4825,30.5697,30.3226,30.4341,522469
2016-06-10,30.2112,30.3469,29.9302,30.0077,560102
2016-06-13,29.9109,30.6957,29.9109,30.3759,885635
2016-06-14,30.2984,30.5232,29.9884,30.2597,786804
2016-06-15,30.2112,30.4341,30.1143,30.1531,694913
2016-06-16,30.0949,30.3178,29.843,30.279,625189
2016-06-17,30.1434,30.2694,29.5911,29.6105,1146404
2016-06-20,29.843,29.9787,29.7268,29.8043,806750
2016-06-21,29.8624,30.0562,29.7268,29.9399,553067
2016-06-22,29.9496,30.3469,29.9012,30.1918,643100
2016-06-23,30.4825,30.5697,30.2209,30.5697,689604
2016-06-24,29.3295,29.688,28.4381,28.9032,3288496
2016-06-27,28.5931,28.6319,28.099,28.1765,991994
2016-06-28,28.3509,29.0582,28.1862,28.7675,959457
2016-06-29,29.2229,29.5039,28.9322,29.2326,1099498
2016-06-30,29.2617,30.0077,29.2617,29.9884,829632
2016-07-01,30.0271,30.25,29.8672,30.0853,485051
2016-07-05,30.1046,30.3372,29.7752,29.9981,681356
2016-07-06,29.9884,30.4244,29.9205,30.3662,654922
2016-07-07,30.3759,30.7538,30.2887,30.4631,480366
2016-07-08,30.7054,30.8798,30.5697,30.812,411160
2016-07-11,30.8507,31.0445,30.6763,31.0251,597522
2016-07-12,31.248,31.5968,31.1317,31.5968,716603
2016-07-13,31.5871,31.5871,31.0057,31.1026,534061
2016-07-14,31.3352,31.4902,31.0639,31.0736,497192
2016-07-15,31.2383,31.2383,30.9767,31.0348,566294
2016-07-18,31.1898,31.684,31.0639,31.558,892143
2016-07-19,31.403,31.6452,31.403,31.6162,659994
2016-07-20,31.5871,31.8778,31.277,31.839,866718
2016-07-21,31.7324,32.1588,31.7324,31.8293,625364
2016-07-22,31.8875,32.2169,31.7324,32.1975,809086
2016-07-25,31.3933,31.684,30.9379,31.2674,1407950
2016-07-26,31.1802,31.7373,31.1133,31.7228,1175944
2016-07-27,31.7228,31.7228,29.7752,31.4321,1794813
2016-07-28,31.4321,32.1394,31.3933,31.8778,1027500
2016-07-29,31.8681,31.8778,31.4515,31.5677,718675
2016-08-01,31.4999,31.7228,31.1705,31.2577,1117548
2016-08-02,31.122,31.122,30.7732,30.8798,1212031
2016-08-03,30.8992,30.9573,30.279,30.6182,1457566
2016-08-04,30.6957,30.9961,30.6182,30.6666,582398
2016-08-05,30.8313,30.967,30.7344,30.812,772165
2016-08-08,30.841,30.9573,30.3953,30.4438,776692
2016-08-09,30.5116,30.6763,30.405,30.56,549199
2016-08-10,30.5503,30.8895,30.4922,30.6085,684354
2016-08-11,30.6472,30.7151,30.3226,30.3856,886107
2016-08-12,30.2694,30.3662,29.814,29.9593,1469948
2016-08-15,29.9593,30.1143,29.9012,30.0174,755694
2016-08-16,29.8624,29.8786,29.4264,29.6008,1037556
2016-08-17,29.4452,29.9802,29.3868,29.8051,1770554
2016-08-18,29.8634,30.2914,29.5132,29.5813,775993
2016-08-19,29.5522,30.058,29.5132,30.0337,1123625
2016-08-22,29.9315,30.0288,29.7175,29.844,892028
2016-08-23,29.9023,30.0191,29.6689,29.7856,558807
2016-08-24,29.7662,30.4568,29.7662,30.4471,1126022
2016-08-25,30.4179,30.5444,30.1844,30.3012,485058
2016-08-26,30.2623,30.5346,30.0774,30.2234,337326
2016-08-29,30.2428,30.5444,30.2428,30.379,323073
2016-08-30,30.3985,30.4568,29.9607,29.9996,492779
2016-08-31,29.8926,30.1164,29.7856,29.9899,558754
2016-09-01,29.9315,30.0677,29.6106,30.0191,467188
2016-09-02,30.0969,30.2136,29.9218,30.2039,453151
2016-09-06,30.2428,30.2769,30.0677,30.2525,564205
2016-09-07,30.2914,30.2914,29.878,30.2039,514630
2016-09-08,30.1747,30.2914,30.0872,30.1747,476739
2016-09-09,29.9899,30.272,29.7467,29.8634,1307715
2016-09-12,29.8634,30.3693,29.6786,30.2428,821766
2016-09-13,30.0288,30.165,29.8245,29.9899,789462
2016-09-14,30.0969,30.0969,29.5619,29.63,1137928
2016-09-15,29.4938,30.1358,29.4938,30.1164,779586
2016-09-16,30.0385,30.3206,29.7953,30.1553,1098444
2016-09-19,30.3206,30.5152,30.2525,30.4763,758360
2016-09-20,30.5541,30.6222,30.1553,30.2914,444607
2016-09-21,30.379,30.7,30.3206,30.6027,419521
2016-09-22,30.807,30.8556,30.6222,30.6514,541963
2016-09-23,30.5638,30.7292,30.5103,30.6903,450176
2016-09-26,30.5735,30.7399,30.5055,30.5735,440108
2016-09-27,30.5541,30.9237,30.5055,30.914,361527
2016-09-28,30.8459,31.0405,30.6805,30.8362,396918
2016-09-29,30.8654,30.9724,30.379,30.4568,355437
2016-09-30,30.5735,30.7388,30.3304,30.5638,694019
2016-10-03,30.5541,30.8362,30.5055,30.7292,809626
2016-10-04,30.7681,30.8362,29.8732,29.951,671131
2016-10-05,29.9315,30.1796,29.8343,29.9996,733627
2016-10-06,29.8148,29.9023,29.2798,29.8537,857688
2016-10-07,30.058,30.4374,29.4062,29.5424,651712
2016-10-10,29.63,29.8926,29.5035,29.5911,416289
2016-10-11,29.5813,29.5813,28.8907,29.0561,414606
2016-10-12,29.1533,29.1533,28.6864,28.6961,662093
2016-10-13,28.5113,28.5794,28.307,28.4432,574687
2016-10-14,28.4821,28.7934,28.4238,28.4821,452335
2016-10-17,27.5094,28.2973,27.4899,28.1903,956583
2016-10-18,28.2681,28.56,28.2292,28.5113,659179
2016-10-19,28.6572,28.7253,28.4821,28.5016,419500
2016-10-20,28.414,28.8226,28.4043,28.4238,431279
2016-10-21,28.3265,28.3362,28.1125,28.1806,577379
2016-10-24,28.2681,28.5016,28.2487,28.3849,388408
2016-10-25,28.4432,28.9393,28.2292,28.5697,922183
2016-10-26,29.1825,31.8576,28.2389,31.449,1871397
2016-10-27,31.7117,31.8089,31.1864,31.5268,1132040
2016-10-28,31.6144,32.3731,31.2058,31.7992,1126604
2016-10-31,31.9549,32.519,31.8576,32.0229,1335364
2016-11-01,32.0619,32.1494,31.77,31.9354,983914
2016-11-02,31.8089,32.1105,31.77,31.8284,980867
2016-11-03,31.984,31.984,31.2642,31.2934,571067
2016-11-04,31.2642,31.4393,31.0113,31.0599,661033
2016-11-07,31.556,31.5638,31.1669,31.3128,625981
2016-11-08,31.3226,31.6436,31.0502,31.449,338995
2016-11-09,31.021,32.6552,30.9432,32.5482,865244
2016-11-10,32.6261,33.4042,32.6261,33.2681,1098866
2016-11-11,33.0832,33.9684,32.772,33.7447,902208
2016-11-14,34.0463,34.9898,34.0074,34.5035,1368477
2016-11-15,34.5035,34.5035,33.8031,34.3186,1033570
2016-11-16,34.4065,34.7676,34.2113,34.3967,982712
2016-11-17,34.4553,34.7969,34.1625,34.5236,830195
2016-11-18,34.2796,34.465,33.8794,34.2405,668165
2016-11-21,34.3089,34.6114,34.1234,34.6017,764191
2016-11-22,34.6017,34.8652,34.3967,34.5041,747145
2016-11-23,34.5138,34.7969,34.2991,34.67,554730
2016-11-25,34.6212,35.0214,34.2942,34.7871,269974
2016-11-28,34.6505,34.9482,34.3089,34.426,1050324
2016-11-29,34.5431,34.67,34.3967,34.4065,604658
2016-11-30,34.3284,35.2459,34.2893,35.0507,1514535
2016-12-01,35.08,35.3825,34.4065,34.7383,910364
2016-12-02,34.7774,34.8408,34.4245,34.6798,669632
2016-12-05,34.8262,35.0214,34.6602,34.8555,536079
2016-12-06,34.8652,35.0702,34.7344,35.0604,528312
2016-12-07,35.0019,35.5046,34.8652,35.4704,640303
2016-12-08,35.4313,35.7925,35.3777,35.773,638218
2016-12-09,35.8901,36.2805,35.7144,35.8901,481254
2016-12-12,35.8315,35.9096,35.2068,35.8706,703307
2016-12-13,35.9096,36.2512,35.7242,35.8022,649089
2016-12-14,35.7144,35.8364,35.1971,35.3337,509903
2016-12-15,35.3533,35.812,35.1971,35.6461,520487
2016-12-16,35.6754,36.017,35.324,35.3533,1349506
2016-12-19,35.2068,35.4118,34.8652,35.2947,886374
2016-12-20,35.5094,35.7534,35.2557,35.4899,383372
2016-12-21,35.5485,35.6266,35.2068,35.324,517921
2016-12-22,35.2947,35.4216,35.0019,35.2068,520652
2016-12-23,35.2849,35.9584,34.9628,35.6949,797359
2016-12-27,35.7827,36.017,35.6266,35.8413,386024
2016-12-28,35.8315,35.8608,35.3337,35.4118,414583
2016-12-29,35.363,35.6266,35.3533,35.4899,273058
2016-12-30,35.5778,35.6607,35.2264,35.324,392702
2017-01-03,35.5485,35.5875,35.0604,35.2264,467657
2017-01-04,35.2166,35.7827,35.2166,35.7242,612544
2017-01-05,35.773,35.9779,35.3728,35.5387,807625
2017-01-06,35.5094,35.7534,35.0312,35.0604,599771
2017-01-09,35.0604,35.2849,34.6895,34.7676,626876
2017-01-10,34.8359,35.2361,34.7286,34.914,417134
2017-01-11,34.9238,35.2849,34.8164,34.9335,328559
2017-01-12,34.7579,35.119,34.343,34.6407,681793
2017-01-13,34.7774,35.08,34.6993,34.7871,533085
2017-01-17,34.6017,34.8164,34.2113,34.4065,620301
2017-01-18,34.5236,34.5724,34.2601,34.5529,550368
2017-01-19,34.3772,34.7286,34.1332,34.2015,514355
2017-01-20,34.3381,34.3381,33.8013,33.8599,1081781
2017-01-23,33.7427,34.016,33.5963,33.772,777886
2017-01-24,33.733,34.0551,33.6451,33.8696,759788
2017-01-25,33.9282,34.5041,33.8403,34.3577,1196217
2017-01-26,34.2796,34.8847,34.1917,34.8067,643312
2017-01-27,34.9335,35.0995,34.6212,34.6505,406524
2017-01-30,34.4846,34.5626,33.9868,34.5431,511132
2017-01-31,34.4846,34.5138,34.1527,34.4846,644076
2017-02-01,34.67,34.7676,34.2308,34.5724,453257
2017-02-02,34.4162,34.914,34.3479,34.9043,517948
2017-02-03,35.1385,35.5192,34.8652,35.4704,649096
2017-02-06,35.4997,35.568,35.1971,35.2166,669615
2017-02-07,35.3533,35.4021,34.7188,34.8067,585567
2017-02-08,34.8164,34.9628,34.6505,34.8555,507262
2017-02-09,34.9335,35.5485,34.7959,35.2264,363778
2017-02-10,35.2947,35.4411,35.0995,35.2849,586297
2017-02-13,35.4313,35.8803,35.2947,35.529,982875
2017-02-14,35.1776,36.3293,32.9424,33.3328,3548158
2017-02-15,33.733,36.2512,33.5378,36.0463,2898442
2017-02-16,35.8803,36.1146,35.3825,35.529,1247381
2017-02-17,35.5778,35.9389,35.3533,35.7437,1137429
2017-02-21,35.9389,36.0658,35.6266,35.8803,814169
2017-02-22,35.9392,36.096,35.6941,35.949,645223
2017-02-23,35.7431,35.9392,35.4197,35.6843,969447
2017-02-24,35.5961,36.0127,35.5373,35.9882,750624
2017-02-27,36.0568,36.1352,35.7627,35.8902,497217
2017-02-28,35.9098,36.2528,35.5373,35.9784,935761
2017-03-01,36.3018,36.6938,36.2099,36.3116,943634
2017-03-02,36.4096,36.586,35.8019,35.8706,484458
2017-03-03,35.8215,35.9686,35.5667,35.7137,985901
2017-03-06,35.6059,36.0176,35.5177,35.7725,663715
2017-03-07,36.3508,36.3508,35.6353,35.7725,588854
2017-03-08,35.7529,35.8902,35.5079,35.5373,699216
2017-03-09,35.6843,35.9245,35.5961,35.7137,607856
2017-03-10,35.7137,36.047,35.3609,35.4785,576120
2017-03-13,35.5177,35.6941,35.3364,35.6843,672360
2017-03-14,35.5863,35.6843,35.1649,35.6647,559218
2017-03-15,35.7725,36.096,35.5373,35.9686,455211
2017-03-16,35.9686,36.2234,35.7921,35.8608,357194
2017-03-17,35.8902,36.1744,35.6745,36.0078,943165
2017-03-20,36.0372,36.0862,35.7431,35.8608,324677
2017-03-21,35.9,36.145,35.1649,35.2335,597808
2017-03-22,35.3609,35.4001,34.9101,35.3119,426751
2017-03-23,35.2237,35.6843,35.1796,35.5765,617070
2017-03-24,35.8313,35.9784,35.1845,35.3413,311433
2017-03-27,34.9983,35.1943,34.8023,35.1159,306252
2017-03-28,35.0963,35.6598,34.8023,35.5765,461368
2017-03-29,35.4295,35.5471,35.1747,35.4393,262774
2017-03-30,35.4393,35.9,35.4393,35.851,383617
2017-03-31,35.7235,35.7529,35.5275,35.5569,483575
2017-04-03,35.5863,35.6745,34.8227,34.8905,1262207
2017-04-04,34.9297,35.4295,34.8807,35.1061,833844
2017-04-05,35.2041,35.3805,34.5475,34.6651,862336
2017-04-06,34.5475,35.0914,34.2044,35.0179,781759
2017-04-07,34.9591,35.161,34.8121,35.0375,510869
2017-04-10,35.0669,35.3119,34.7729,34.8415,574350
2017-04-11,34.7337,35.1012,34.5965,34.9493,1277134
2017-04-12,34.9297,35.1355,34.5279,34.6063,530072
2017-04-13,34.5867,34.6945,34.224,34.273,386523
2017-04-17,34.4299,34.5181,34.2338,34.4593,381971
2017-04-18,34.4004,34.7435,34.3318,34.7141,441956
2017-04-19,34.8611,35.3021,34.8611,35.1257,580408
2017-04-20,35.3119,35.8313,35.1453,35.7039,621220
2017-04-21,35.6647,35.851,35.4785,35.6451,700028
2017-04-24,36.1156,36.6007,35.8902,36.4978,566966
2017-04-25,36.7526,36.9878,36.5321,36.7624,700995
2017-04-26,33.4302,36.7232,33.4302,36.0176,2633196
2017-04-27,36.145,36.439,35.6745,35.9686,696525
2017-04-28,35.851,36.0666,35.6941,35.998,1089309
2017-05-01,36.0274,36.3116,35.6549,36.243,657371
2017-05-02,36.1646,36.5223,35.8225,36.4782,630403
2017-05-03,36.2528,36.4194,36.047,36.3312,578221
2017-05-04,36.4684,36.5664,36.0862,36.1744,479221
2017-05-05,36.2332,36.3606,35.7823,36.2136,770840
2017-05-08,36.1548,36.39,36.0666,36.1254,643999
2017-05-09,36.0666,36.5577,36.0666,36.341,1062604
2017-05-10,36.3704,36.782,36.194,36.6938,985466
2017-05-11,36.7036,36.7526,36.3312,36.6546,671354
2017-05-12,36.5076,36.88,36.4978,36.7428,587072
2017-05-15,36.7722,37.027,36.6056,36.6938,716814
2017-05-16,36.8114,37.1339,36.635,37.0662,907932
2017-05-17,36.8114,37.0368,36.4782,36.5566,742715
2017-05-18,36.4782,36.8114,36.3214,36.6056,693569
2017-05-19,36.7722,36.8212,36.2822,36.3312,1157867
2017-05-22,36.4586,36.5174,35.9686,36.0176,763200
2017-05-23,36.194,36.4537,35.9,36.0666,908926
2017-05-24,36.1354,36.5094,36.0666,36.2437,614798
2017-05-25,36.3224,36.4553,36.1847,36.3323,647086
2017-05-26,35.9485,36.5291,35.8107,36.4602,1009847
2017-05-30,36.4996,37.2671,36.4897,37.1687,850062
2017-05-31,37.1491,37.6313,37.1392,37.2868,912695
2017-06-01,37.4246,38.325,37.1441,38.3201,879557
2017-06-02,38.3103,38.32,37.897,38.0741,983115
2017-06-05,38.1233,38.1233,37.5033,37.5427,861064
2017-06-06,37.2081,37.464,36.9129,36.9326,1193081
2017-06-07,37.1195,37.1884,36.6275,36.7554,632561
2017-06-08,36.7751,36.9178,36.5488,36.7554,912612
2017-06-09,36.7062,36.8341,35.8796,36.2634,1100179
2017-06-12,36.224,36.3027,35.2006,35.5647,1478564
2017-06-13,35.545,35.7221,35.1612,35.3875,1883484
2017-06-14,35.3974,35.6434,35.1317,35.4171,1069119
2017-06-15,35.2695,35.4072,34.9939,35.112,826183
2017-06-16,35.112,35.1514,34.7184,34.8758,1258364
2017-06-19,34.9841,35.1218,34.9152,35.0923,1670522
2017-06-20,34.9546,35.2498,34.9546,34.9841,758075
2017-06-21,35.0431,35.1612,34.7085,34.7479,699276
2017-06-22,34.6495,34.8069,34.3936,34.679,1137171
2017-06-23,34.7381,34.9152,33.9016,34.4724,3009711
2017-06-26,34.6495,34.8463,34.5511,34.6101,1682604
2017-06-27,34.5904,34.7084,34.3936,34.4133,757255
2017-06-28,34.5314,34.62,34.3641,34.4133,822002
2017-06-29,34.5216,34.6396,33.9705,34.187,639309
2017-06-30,34.3444,34.5019,33.9016,34.1082,1360423
2017-07-03,34.4527,34.5511,34.0098,34.0295,513878
2017-07-05,34.1181,34.2017,33.4292,33.7343,1385523
2017-07-06,33.567,33.7146,33.4095,33.5572,1558316
2017-07-07,33.754,34.1673,33.754,34.1476,1232453
2017-07-10,34.6889,35.609,34.679,35.171,2001654
2017-07-11,35.1415,35.9682,35.0333,35.9682,1978767
2017-07-12,36.0272,36.6766,36.0174,36.657,1550683
2017-07-13,36.7062,37.1441,36.3913,37.09,1598019
2017-07-14,37.2179,37.3163,36.9227,37.1589,975810
2017-07-17,37.1687,37.5624,37.0998,37.5427,1167698
2017-07-18,37.5427,37.7887,37.2868,37.6411,1115649
2017-07-19,37.8084,37.8773,37.5624,37.6608,1537913
2017-07-20,37.7395,37.9658,37.6067,37.7985,719363
2017-07-21,37.6509,37.8576,37.4935,37.5132,627184
2017-07-24,37.5328,37.7493,37.3852,37.6805,790760
2017-07-25,37.8379,38.1823,37.6313,38.1627,1039002
2017-07-26,38.0839,38.1627,36.7653,37.7592,2343836
2017-07-27,37.8182,37.8182,36.411,36.6472,1612729
2017-07-28,36.6176,36.8243,35.8747,35.919,1134452
2017-07-31,35.8501,37.1884,35.8501,36.7259,1490392
2017-08-01,36.7948,37.1687,36.3618,36.4897,1059595
2017-08-02,36.4799,36.8046,36.3519,36.7062,1054873
2017-08-03,36.7653,37.031,36.5684,37.0113,798482
2017-08-04,37.0605,37.1687,36.8538,36.9522,769235
2017-08-07,36.9818,37.0506,36.7357,37.0014,802757
2017-08-08,36.8834,37.2179,36.8243,37.1097,718965
2017-08-09,37.0506,37.1786,36.8341,37.0605,500148
2017-08-10,36.9916,37.1983,36.6373,36.6865,815267
2017-08-11,36.8834,36.9621,36.7013,36.8145,639431
2017-08-14,37.0408,37.277,36.844,37.1097,587845
2017-08-15,37.1392,37.4443,37.0506,37.2868,736133
2017-08-16,37.2671,37.7493,37.2671,37.71,852430
2017-08-17,37.6214,37.7493,37.1884,37.1983,1050700
2017-08-18,37.2475,37.7789,37.0605,37.2278,760860
2017-08-21,37.0998,37.2573,36.6275,36.7751,722922
2017-08-22,36.8341,37.3459,36.8145,37.2967,684900
2017-08-23,37.2769,37.4151,37.0003,37.0892,852828
2017-08-24,37.1485,37.2572,36.9015,37.0497,998225
2017-08-25,37.2374,37.7215,37.2275,37.4745,736457
2017-08-28,37.5239,37.5535,36.8521,37.0299,1955945
2017-08-29,36.8126,37.3066,36.7318,37.2572,613441
2017-08-30,37.2868,38.0673,37.2868,38.008,919306
2017-08-31,38.0673,38.0871,37.514,37.5437,968683
2017-09-01,37.5634,38.3044,37.5437,37.7907,991619
2017-09-05,37.8104,37.9981,37.5338,37.7215,788005
2017-09-06,37.8895,37.8895,37.3461,37.682,1380923
2017-09-07,37.7017,37.7017,37.2374,37.4646,635877
2017-09-08,37.3856,37.6128,37.2078,37.6029,917511
2017-09-11,37.7709,38.5613,37.5535,38.5119,1136753
2017-09-12,38.5514,39.0257,38.5317,38.8676,758728
2017-09-13,38.6897,38.7984,38.3835,38.67,811961
2017-09-14,38.6502,38.7688,38.4921,38.7688,463168
2017-09-15,38.6305,39.4406,38.3242,39.3616,1574175
2017-09-18,39.4505,40.2458,39.164,40.1717,2763428
2017-09-19,40.2705,40.2705,39.0059,39.2924,2580652
2017-09-20,39.3517,39.3517,39.0553,39.2331,828444
2017-09-21,39.2628,39.3221,38.67,39.0355,1163509
2017-09-22,39.0355,39.0355,38.6996,38.7391,989860
2017-09-25,38.7787,39.1146,38.502,38.8281,1932840
2017-09-26,38.9466,38.9664,38.5119,38.5218,1044496
2017-09-27,38.6403,38.8972,38.5613,38.6107,1153130
2017-09-28,38.4625,38.7589,38.2056,38.5317,2057131
2017-09-29,38.6008,38.8182,38.3835,38.4427,1052635
2017-10-02,38.6107,40.5076,38.4823,40.5076,1393720
2017-10-03,40.5076,40.7744,40.1026,40.557,960255
2017-10-04,40.6163,40.9621,40.3002,40.5175,542259
2017-10-05,40.5966,40.725,40.3891,40.5768,476621
2017-10-06,40.4484,40.9127,40.3496,40.7942,807737
2017-10-09,40.6855,40.7942,40.4286,40.6163,930913
2017-10-10,40.7448,41.051,40.6262,41.0115,706765
2017-10-11,41.1103,42.4836,41.051,42.0687,1988658
2017-10-12,42.1279,42.454,42.0785,42.1675,1830812
2017-10-13,42.3157,42.8887,42.1576,42.2663,1111243
2017-10-16,42.286,42.5627,42.0588,42.0884,756738
2017-10-17,42.2366,42.2959,41.8217,41.9896,691459
2017-10-18,42.207,42.6615,41.9896,42.5923,1005164
2017-10-19,42.5725,42.8195,42.4836,42.7306,727232
2017-10-20,43.0369,43.0369,42.5429,42.7998,983979
2017-10-23,43.0171,43.6495,42.948,43.2345,1290525
2017-10-24,43.4222,43.6198,43.2641,43.3728,887768
2017-10-25,43.7581,46.0206,43.7581,45.9614,3569779
2017-10-26,46.2973,47.4829,46.154,47.1469,2788925
2017-10-27,47.1766,47.2359,46.3664,46.6036,1725481
2017-10-30,46.3664,46.6925,46.0898,46.1886,1585386
2017-10-31,46.3862,46.6925,46.1985,46.2578,1299380
2017-11-01,46.5048,46.5838,45.6748,45.991,1341039
2017-11-02,46.07,46.4307,45.7144,46.159,1328407
2017-11-03,46.1392,46.4356,45.9021,46.406,905084
2017-11-06,46.4356,46.811,46.1738,46.4949,623835
2017-11-07,46.4652,46.732,46.1491,46.7023,693537
2017-11-08,46.5245,46.9296,46.0404,46.4257,776248
2017-11-09,46.2479,46.406,45.5859,45.7835,734765
2017-11-10,45.6748,46.3121,45.6748,46.1688,616866
2017-11-13,46.1293,46.6332,45.9811,46.5443,636965
2017-11-14,46.4158,46.6332,45.9526,46.5245,712751
2017-11-15,46.4652,46.7419,46.1787,46.6332,813995
2017-11-16,46.7518,47.4631,46.7122,46.9098,998605
2017-11-17,46.7518,46.9098,45.8922,45.9712,1410191
2017-11-20,46.1194,46.7122,45.7934,46.317,918723
2017-11-21,46.5344,47.0481,46.4455,46.6134,993566
2017-11-22,46.6431,46.8017,46.3359,46.4251,760294
2017-11-24,46.5936,47.0396,46.3954,46.6531,437529
2017-11-27,46.6531,47.0594,46.4152,46.663,811477
2017-11-28,46.7819,47.223,46.772,47.1288,796856
2017-11-29,46.8315,47.3469,45.7709,46.1476,1012857
2017-11-30,46.326,46.8017,45.9394,46.1674,2394748
2017-12-01,46.0881,46.4945,44.9483,46.0187,949147
2017-12-04,46.3954,46.4647,45.8205,45.8403,1696130
2017-12-05,45.8403,46.0832,45.6025,45.6322,904189
2017-12-06,45.5826,45.9791,45.3646,45.7511,603008
2017-12-07,45.7313,46.1575,45.652,45.7809,554049
2017-12-08,45.989,46.1971,45.8403,45.9791,574057
2017-12-11,45.9692,46.1773,45.7115,45.8304,734322
2017-12-12,46.1575,46.9306,45.989,46.4846,1384518
2017-12-13,46.4747,47.1784,46.4747,46.9603,1470373
2017-12-14,47.0495,47.4014,46.3062,46.7224,1160051
2017-12-15,47.0693,47.4757,46.8017,46.9603,1778273
2017-12-18,47.2874,47.5946,47.0495,47.3865,1157696
2017-12-19,47.4856,48.001,46.8909,47.0495,873312
2017-12-20,47.2477,47.3568,46.4747,46.7224,933035
2017-12-21,46.6729,47.4162,46.6233,46.9504,820638
2017-12-22,46.9702,47.1338,46.7918,46.9405,506542
2017-12-26,46.9702,46.9702,46.2467,46.4053,396533
2017-12-27,46.3458,46.8315,46.2566,46.7621,759585
2017-12-28,46.881,47.0693,46.3359,46.5936,419745
2017-12-29,46.6531,46.8602,46.1971,46.207,529008
2018-01-02,46.3557,46.7026,46.1525,46.6927,778768
2018-01-03,46.7125,47.1486,46.5341,47.0594,1023198
2018-01-04,47.109,47.3221,46.8414,47.1883,989492
2018-01-05,47.3469,47.9614,47.2378,47.8226,757242
2018-01-08,49.1607,50.0279,48.9723,49.23,1416388
2018-01-09,49.4679,49.4679,48.903,48.9525,850029
2018-01-10,48.9129,49.3093,48.5858,49.2697,824412
2018-01-11,49.3093,49.8346,49.2102,49.8148,647410
2018-01-12,49.9139,50.013,49.5472,49.8346,664298
2018-01-16,50.0329,50.3897,49.6959,49.8941,1024000
2018-01-17,50.1914,50.6375,49.8842,50.3996,539270
2018-01-18,50.5483,50.9348,50.132,50.8952,1249369
2018-01-19,51.361,51.9755,51.0438,51.9358,1469912
2018-01-22,51.807,51.9458,51.133,51.4205,1071594
2018-01-23,51.3412,51.3709,50.578,50.8654,913907
2018-01-24,51.133,51.4205,50.8654,51.3808,1070009
2018-01-25,51.5889,52.0251,51.2916,51.7674,761080
2018-01-26,52.0449,52.4116,51.5889,52.3323,1000814
2018-01-29,52.0548,52.3125,51.5602,51.9755,935062
2018-01-30,51.6484,52.0845,50.5978,51.024,1076324
2018-01-31,51.252,51.6286,50.5879,50.7564,944091
2018-02-01,50.5978,51.2321,50.3401,50.9645,653015
2018-02-02,50.7366,50.9249,49.4877,49.4976,919329
2018-02-05,49.1507,49.6416,47.5054,47.555,1323111
2018-02-06,46.5639,48.2488,45.1564,47.9812,1191945
2018-02-07,47.6938,48.784,47.6938,47.9713,865531
2018-02-08,47.9812,48.1299,46.0286,46.0485,962538
2018-02-09,46.663,46.9801,44.8095,46.6233,1196302
2018-02-12,46.8909,47.5847,46.4945,47.2577,996568
2018-02-13,46.99,47.8722,46.6035,47.783,761003
2018-02-14,46.5242,48.6948,45.7115,48.6353,1907761
2018-02-15,48.9624,50.3599,48.6552,49.0417,1184750
2018-02-16,48.8138,49.567,48.1794,48.6552,866071
2018-02-20,48.338,49.1706,48.2587,48.3876,1251208
2018-02-21,48.5263,49.2796,47.8424,47.8821,1756104
2018-02-22,48.1506,48.7274,47.544,47.5937,1142184
2018-02-23,47.6633,48.2848,47.4545,48.2202,761247
2018-02-26,48.5185,49.4831,48.3992,49.3638,750192
2018-02-27,49.3737,49.4433,48.7075,48.7671,1449526
2018-02-28,49.0655,49.324,48.4887,48.8268,1464915
2018-03-01,48.9561,49.2345,48.3296,48.8865,1144152
2018-03-02,48.5981,48.787,48.2202,48.6577,1042502
2018-03-05,48.3395,49.4831,48.0412,49.4135,886342
2018-03-06,49.6522,50.2986,49.4433,50.219,1350218
2018-03-07,49.8511,50.0599,49.4632,49.7616,1138444
2018-03-08,49.9903,50.0301,49.6323,50.0002,1015432
2018-03-09,50.1892,51.2632,49.9207,51.2532,930950
2018-03-12,51.3825,51.4123,50.3682,50.5372,1150308
2018-03-13,50.8952,51.2333,50.8554,51.0842,964690
2018-03-14,51.3328,51.3328,50.2886,50.3682,843897
2018-03-15,50.4676,50.6267,49.8013,50.1295,1196434
2018-03-16,50.1295,50.4079,49.6422,49.6522,1753256
2018-03-19,49.3638,49.7914,48.7174,49.1649,1101327
2018-03-20,49.1848,49.9306,49.1848,49.8212,778805
2018-03-21,49.9406,50.7162,49.5726,50.3284,916280
2018-03-22,49.9605,50.3184,49.2842,49.2842,1166701
2018-03-23,49.2445,49.8312,48.7671,48.9163,1227829
2018-03-26,49.4533,50.4378,49.155,50.3085,1228288
2018-03-27,50.4776,50.5869,49.324,49.6522,1374157
2018-03-28,49.7715,50.0301,48.7274,48.8964,1141482
2018-03-29,49.145,50.0201,49.145,49.7317,1232042
2018-04-02,49.7715,49.9207,48.5803,49.2544,967756
2018-04-03,49.3638,50.3383,49.2842,50.2588,1567816
2018-04-04,49.503,50.5273,49.2146,50.4477,681837
2018-04-05,50.7659,51.3129,50.6566,50.9947,582071
2018-04-06,50.5671,50.6665,49.6621,49.9107,850192
2018-04-09,50.0997,50.7162,49.9107,49.9505,683340
2018-04-10,50.5472,51.1836,50.5074,50.9151,552241
2018-04-11,50.5671,51.2433,50.5671,50.9847,811612
2018-04-12,51.1339,51.7703,51.1289,51.2333,789296
2018-04-13,51.4223,51.7803,50.7958,51.0842,731405
2018-04-16,51.5416,52.0687,51.2234,51.8698,643522
2018-04-17,52.2377,52.9438,51.3199,52.6554,663909
2018-04-18,52.7946,53.1228,52.5062,52.7747,394583
2018-04-19,52.4963,52.6852,52.2377,52.4167,554717
2018-04-20,52.4664,52.6653,52.1482,52.2874,693712
2018-04-23,52.4764,52.6951,51.6112,51.7504,1619936
2018-04-24,52.0786,52.357,50.4974,50.7858,1417580
2018-04-25,50.7759,52.2974,50.6665,51.8897,1933138
2018-04-26,52.4068,52.8344,51.7703,52.6156,1003685
2018-04-27,52.8145,54.515,52.8145,54.0874,1790390
2018-04-30,54.157,54.3061,53.1924,53.252,1487028
2018-05-01,52.894,53.4111,52.5559,53.3018,1205313
2018-05-02,53.3018,53.8387,53.2321,53.5603,1160851
2018-05-03,53.262,53.4907,52.6753,53.3813,820211
2018-05-04,53.1725,54.3061,52.9139,54.2166,882207
2018-05-07,53.7194,54.4056,53.6051,54.1371,830384
2018-05-08,54.1271,55.3205,53.9879,54.8133,1062940
2018-05-09,54.9426,55.1763,54.5846,55.0818,1085667
2018-05-10,55.3602,55.3602,54.8431,54.9923,1074116
2018-05-11,55.052,55.1912,54.7884,54.9525,1133239
2018-05-14,55.1017,55.1613,54.6244,54.9426,1274876
2018-05-15,54.7139,54.9625,54.3459,54.6741,1045340
2018-05-16,54.7735,55.0609,54.3161,54.4354,1255005
2018-05-17,54.4255,54.6442,54.0575,54.1371,990170
2018-05-18,54.1072,54.4354,53.9282,54.0774,846735
2018-05-21,54.2365,54.7437,54.1122,54.3857,770488
2018-05-22,54.3857,54.6045,53.6647,53.789,667235
2018-05-23,53.5305,53.8487,53.3922,53.8487,633216
2018-05-24,53.8188,54.517,53.7589,54.507,714524
2018-05-25,54.2776,54.3973,53.4398,53.6891,1291489
2018-05-29,53.3301,53.6143,52.9411,53.1306,969156
2018-05-30,53.36,54.0681,53.2802,53.9185,637401
2018-05-31,53.9086,54.2876,53.5794,53.7589,1005830
2018-06-01,54.1479,54.8635,54.0183,54.5868,714963
2018-06-04,54.7962,55.4844,54.3773,55.1752,919938
2018-06-05,55.3248,55.5742,54.6865,55.0755,601269
2018-06-06,55.1154,55.3448,54.7663,55.1852,758436
2018-06-07,55.2949,55.2949,54.5568,54.9658,433192
2018-06-08,54.886,55.0057,54.508,54.9159,600238
2018-06-11,55.0057,55.0755,54.6865,54.6965,420675
2018-06-12,54.8062,54.9109,54.0781,54.118,695836
2018-06-13,54.2776,54.5269,53.9883,54.3275,1953408
2018-06-14,54.5967,55.0855,53.9584,54.1579,960483
2018-06-15,53.9983,54.8062,53.319,54.7164,2150669
2018-06-18,54.4272,54.8261,53.8188,54.5768,740912
2018-06-19,54.0282,54.7263,53.3899,53.8587,714144
2018-06-20,54.1579,54.4671,53.9285,54.2177,733595
2018-06-21,54.3474,54.4771,53.739,54.0781,824678
2018-06-22,54.2676,54.2676,53.2802,53.3001,1932907
2018-06-25,53.3899,53.3899,51.6545,51.9138,1031207
2018-06-26,53.37,53.37,51.9896,52.0734,1300736
2018-06-27,52.1532,52.7217,51.824,51.8639,875495
2018-06-28,51.844,52.0135,50.9962,51.814,1050136
2018-06-29,52.0135,52.2828,51.8041,51.834,869006
2018-07-02,51.5846,52.3427,50.9762,52.2828,545250
2018-07-03,52.2828,52.4923,51.445,51.465,507540
2018-07-05,51.844,51.9238,51.2755,51.7143,1655057
2018-07-06,51.7143,51.844,51.3353,51.6345,1324628
2018-07-09,51.8938,52.2978,51.7243,52.2629,822187
2018-07-10,52.1033,52.9012,52.1033,52.8214,997961
2018-07-11,52.6718,52.7416,52.2728,52.3526,643395
2018-07-12,52.5222,52.9112,52.1631,52.5421,943644
2018-07-13,52.6319,53.1306,52.592,52.6917,433420
2018-07-16,52.7017,52.7616,52.3227,52.5022,479445
2018-07-17,52.5022,53.1904,52.4424,53.1406,458095
2018-07-18,53.1505,54.0582,53.0009,54.0183,1515844
2018-07-19,53.9584,54.4571,53.6792,54.3574,901501
2018-07-20,54.2676,54.2676,53.7689,53.8587,694382
2018-07-23,53.7889,53.8387,52.8513,52.8912,799191
2018-07-24,52.9012,53.2004,52.1532,52.2728,1630905
2018-07-25,53.8487,58.6262,53.3201,58.4367,3183476
2018-07-26,58.7558,60.5511,58.5264,59.1249,2277205
2018-07-27,59.2346,59.5537,58.3369,58.8057,1445854
2018-07-30,58.9753,59.2661,57.6088,57.7585,1456875
2018-07-31,57.928,58.6361,57.8382,58.4466,1050077
2018-08-01,58.4965,59.8829,58.4965,59.454,2030334
2018-08-02,59.2844,59.5637,58.5374,58.6162,971383
2018-08-03,58.5165,58.6461,57.7086,57.9679,926550
2018-08-06,57.8582,58.2172,57.7485,58.0477,646135
2018-08-07,58.0078,58.686,57.9978,58.6361,788856
2018-08-08,58.6561,59.464,58.5464,59.3443,833460
2018-08-09,59.4241,59.7033,59.2645,59.444,638284
2018-08-10,59.2246,59.4939,59.0052,59.2146,530029
2018-08-13,59.3742,60.0125,59.2146,59.3942,743285
2018-08-14,59.4739,60.3915,59.1947,60.2619,953006
2018-08-15,59.9228,60.1123,59.5637,59.7033,747473
2018-08-16,59.843,60.4913,59.5737,59.7632,757441
2018-08-17,59.5138,60.1422,59.2781,60.0125,715105
2018-08-20,61.3191,61.4587,60.5212,61.1595,775486
2018-08-21,61.4587,61.5984,60.8404,61.2194,508663
2018-08-22,61.1795,61.2992,60.9501,60.98,507800
2018-08-23,60.94,61.22,60.72,61.15,458009
2018-08-24,61.29,61.4,60.94,61.33,389434
2018-08-27,61.59,61.9,61.51,61.82,341181
2018-08-28,61.88,62.11,61.45,61.78,799377
2018-08-29,62.0,62.75,61.84,62.62,791159
2018-08-30,62.4,62.83,62.21,62.37,609156
2018-08-31,62.32,62.91,62.27,62.74,903396
2018-09-04,62.7,63.36,62.385,63.31,1068311
2018-09-05,63.17,63.3,62.44,62.95,675059
2018-09-06,63.01,63.36,62.56,63.05,918576
2018-09-07,62.69,62.93,62.0,62.08,630462
2018-09-10,62.43,62.8202,62.13,62.66,490739
2018-09-11,62.68,63.08,62.19,62.85,621646
2018-09-12,61.29,62.8,61.29,62.64,477043
2018-09-13,62.86,63.26,62.82,63.24,388264
