date,open,high,low,close,volume
2013-09-16,67.1905,67.2189,66.3668,66.613,516763
2013-09-17,66.613,67.0011,66.5183,66.8307,507106
2013-09-18,66.7455,67.4745,66.3952,67.4556,635602
2013-09-19,67.5976,68.2887,67.5692,68.0047,391364
2013-09-20,67.9857,68.497,67.4556,67.5597,761247
2013-09-23,67.5408,67.8532,67.0437,67.3325,598779
2013-09-24,67.2378,67.8911,67.2378,67.6165,545008
2013-09-25,67.6923,68.052,67.3136,67.6733,512871
2013-09-26,67.8488,68.2487,67.441,67.9532,505288
2013-09-27,67.5358,67.9769,67.403,67.8393,560181
2013-09-30,67.1849,68.2188,67.1564,68.029,649299
2013-10-01,67.9437,68.399,67.4125,67.6781,791055
2013-10-02,67.2797,68.067,66.9762,67.9057,964474
2013-10-03,67.6401,67.8014,67.071,67.2038,855438
2013-10-04,67.2038,68.5033,67.0805,68.4085,600544
2013-10-07,67.8109,68.086,67.422,67.5548,412745
2013-10-08,67.4694,67.735,66.8529,66.9762,683833
2013-10-09,67.071,67.2228,66.4071,66.7865,468700
2013-10-10,67.6117,68.3136,67.422,68.0006,626911
2013-10-11,67.8868,68.5555,67.6307,68.5223,550726
2013-10-14,68.067,68.6456,67.9603,68.4654,426803
2013-10-15,68.2946,68.5792,67.8583,68.0575,354398
2013-10-16,68.6456,69.1863,68.4559,68.8543,613037
2013-10-17,68.693,69.689,68.5413,69.6226,497138
2013-10-18,69.7744,69.8313,69.3665,69.6321,593226
2013-10-21,69.5562,69.9546,69.1768,69.4234,433676
2013-10-22,69.5941,70.7229,69.5941,70.6755,632868
2013-10-23,70.4952,70.6565,69.7838,70.3245,364165
2013-10-24,70.2961,70.7324,69.9546,70.5616,340102
2013-10-25,70.5616,70.5616,69.6131,70.5142,601379
2013-10-28,70.3625,70.5901,69.7174,69.7364,645525
2013-10-29,69.6131,69.6131,67.5168,69.4803,1749769
2013-10-30,69.063,70.1253,68.9871,69.2716,952040
2013-10-31,69.3001,69.9925,68.9776,69.0155,747919
2013-11-01,69.044,69.4044,68.2093,69.0724,574018
2013-11-04,69.044,69.6036,68.4654,69.1009,790467
2013-11-05,68.9207,69.1958,68.4559,69.0914,577207
2013-11-06,69.2242,69.5941,69.025,69.2811,412244
2013-11-07,69.3096,69.6036,68.2852,68.4464,898036
2013-11-08,68.4369,69.651,68.0973,69.6416,689621
2013-11-11,69.5847,69.7364,69.172,69.2432,314284
2013-11-12,68.8922,69.1958,68.6171,68.8353,544703
2013-11-13,68.6456,69.7744,68.5697,69.7554,532439
2013-11-14,69.9546,70.2486,69.6842,70.0399,395958
2013-11-15,70.1063,71.2541,70.1063,71.2351,579405
2013-11-18,71.2256,71.4533,69.8692,70.0494,653535
2013-11-19,70.0305,70.2012,69.5562,69.7269,510175
2013-11-20,69.7649,69.9641,68.8068,68.9112,437443
2013-11-21,69.1673,69.3191,68.9064,69.0345,553301
2013-11-22,69.1483,69.5657,68.9966,69.1673,1067713
2013-11-25,69.2716,69.376,68.4369,68.6646,604172
2013-11-26,68.7594,69.2242,68.7215,68.8922,551757
2013-11-27,68.8638,69.5372,68.7405,69.2337,667831
2013-11-29,69.2527,69.6321,69.025,69.1104,262508
2013-12-02,69.1388,69.67,68.9586,69.063,551080
2013-12-03,68.5697,69.0724,68.0243,68.6741,798020
2013-12-04,68.5507,69.4708,68.2282,69.1863,1369830
2013-12-05,68.9396,69.6842,68.7784,69.3665,804907
2013-12-06,70.0684,70.5711,69.6605,70.5711,702145
2013-12-09,70.5522,71.0075,70.5522,70.998,540508
2013-12-10,70.9695,71.643,70.7893,71.1972,950984
2013-12-11,71.2161,71.3157,70.0779,70.3719,889989
2013-12-12,70.1348,70.1443,69.5183,69.6605,657555
2013-12-13,69.6416,70.2012,69.4519,69.5372,734165
2013-12-16,69.6795,70.1443,69.044,69.0724,1246073
2013-12-17,68.9112,69.5467,68.7974,69.2906,755103
2013-12-18,69.063,69.3001,68.2093,68.9776,1788624
2013-12-19,68.9681,69.4044,68.7594,69.2622,1528734
2013-12-20,69.2052,69.8408,69.0724,69.2811,1976565
2013-12-23,69.4898,69.7933,69.2337,69.67,810392
2013-12-24,70.002,70.685,69.558,70.628,225762
2013-12-26,70.9316,71.6145,70.2297,71.5197,555660
2013-12-27,71.3343,71.9092,71.2868,71.7049,582376
2013-12-30,71.6954,71.8,71.0398,71.5054,508272
2013-12-31,71.6669,71.838,71.1918,71.7049,454745
2014-01-02,71.5244,71.6289,70.6312,70.8212,605886
2014-01-03,70.6312,71.0873,70.4696,70.5741,381450
2014-01-06,70.9447,70.9447,70.08,70.118,588313
2014-01-07,70.2986,71.0018,69.9945,70.6027,768462
2014-01-08,70.5837,71.0018,70.156,70.7167,822517
2014-01-09,70.9637,71.4104,70.4791,70.6597,508496
2014-01-10,70.8402,71.0018,70.2986,70.5266,811544
2014-01-13,70.1655,70.4506,69.1488,69.2248,664274
2014-01-14,69.2533,70.4126,69.2533,70.3936,780301
2014-01-15,71.1063,72.0043,71.0018,71.9615,973407
2014-01-16,71.8285,72.2086,71.8,71.9615,556720
2014-01-17,72.0375,72.1705,71.5576,71.7619,437054
2014-01-21,72.2181,72.8167,71.7905,72.0185,980939
2014-01-22,72.066,72.2181,71.5719,72.1515,667870
2014-01-23,71.5244,71.7239,70.0135,70.4506,918683
2014-01-24,69.7855,69.909,68.056,68.056,825305
2014-01-27,67.9135,68.7877,67.2388,68.1225,889110
2014-01-28,68.1605,68.5691,67.9515,68.1035,439361
2014-01-29,67.6664,68.8067,67.6284,68.094,640225
2014-01-30,68.5406,68.5977,67.8565,68.2841,566154
2014-01-31,67.4099,68.018,67.0488,67.1153,992337
2014-02-03,67.0678,67.4954,65.1103,65.4429,1341625
2014-02-04,65.8325,66.8112,65.3098,66.0605,1054095
2014-02-05,65.7089,66.3456,64.4261,66.032,1577658
2014-02-06,65.8325,68.9302,63.9605,67.999,3118495
2014-02-07,68.1605,68.6072,66.8967,67.961,1537631
2014-02-10,67.6854,68.0465,67.1248,67.942,810680
2014-02-11,68.1415,69.0158,68.018,68.6072,980310
2014-02-12,68.7687,69.1773,68.17,68.2461,777768
2014-02-13,67.9135,68.7402,67.5334,68.5691,520720
2014-02-14,68.5311,69.6429,68.3221,69.3008,767003
2014-02-18,69.1298,69.5194,68.9587,69.1583,843054
2014-02-19,69.1583,69.8425,68.7877,69.0443,873235
2014-02-20,69.1393,69.6334,68.7212,69.4434,504371
2014-02-21,69.6524,69.7474,69.0063,69.0823,458856
2014-02-24,68.9587,69.4719,68.6357,68.7212,824138
2014-02-25,68.7687,69.3673,68.4741,69.0538,748632
2014-02-26,69.2438,71.5244,69.1488,71.4674,1412299
2014-02-27,71.4769,73.0353,71.4675,72.4556,1835695
2014-02-28,72.7502,74.4321,72.6457,73.3393,1718969
2014-03-03,72.5601,73.1683,72.0328,73.0353,754172
2014-03-04,73.7669,74.2896,73.3108,74.1946,849060
2014-03-05,74.071,74.2421,73.5294,73.8905,1082677
2014-03-06,73.919,74.5176,73.881,74.1946,902819
2014-03-07,74.4226,74.6602,73.938,73.995,968673
2014-03-10,79.7629,79.7629,77.3874,78.9647,3500960
2014-03-11,78.081,78.4421,76.7507,77.1023,1776771
2014-03-12,76.6557,76.8077,76.019,76.2566,1709600
2014-03-13,76.6652,77.2353,75.6484,76.152,1169721
2014-03-14,76.1615,76.5606,75.0498,75.0593,753894
2014-03-17,75.2588,76.2946,74.9794,75.81,1397085
2014-03-18,75.6199,76.3516,74.2706,75.1733,1957866
2014-03-19,75.2303,75.428,73.6624,74.052,1148801
2014-03-20,73.9855,75.2398,73.8373,75.2018,1225764
2014-03-21,75.848,76.2851,74.9737,74.9737,3437133
2014-03-24,75.5344,75.867,74.166,74.5746,875905
2014-03-25,75.0783,75.5867,74.2896,74.3561,572834
2014-03-26,74.6032,74.8217,72.7027,72.7312,1078515
2014-03-27,74.0356,74.0356,72.7693,73.4548,1170283
2014-03-28,73.5405,74.0832,72.655,72.7883,1079162
2014-03-31,73.074,73.2739,72.3123,72.8931,1774649
2014-04-01,73.4929,73.769,72.8169,73.6167,1195715
2014-04-02,73.4453,74.6925,73.3596,74.5878,1156414
2014-04-03,74.7211,75.121,74.0737,74.4926,994916
2014-04-04,75.0543,75.3495,72.9502,73.0549,817210
2014-04-07,72.9216,73.3786,71.9219,72.1219,1113632
2014-04-08,72.3313,73.1025,71.9695,72.8359,893615
2014-04-09,72.9883,73.9023,72.7312,73.9023,620833
2014-04-10,73.788,73.988,71.9124,71.9124,761383
2014-04-11,71.6363,71.741,70.6747,70.7413,1281498
2014-04-14,71.4078,71.9124,70.846,71.3411,790688
2014-04-15,71.5411,71.9505,70.8841,71.8172,499285
2014-04-16,72.4551,73.3405,72.3123,73.1311,522031
2014-04-17,72.874,73.5595,72.7026,73.074,622438
2014-04-21,72.9597,73.3786,72.7407,73.112,414762
2014-04-22,73.112,73.4072,72.855,73.2263,416108
2014-04-23,73.2358,73.531,73.074,73.2453,337644
2014-04-24,73.3786,73.4834,72.1314,72.198,682319
2014-04-25,72.0933,72.5027,71.7696,71.979,553357
2014-04-28,72.4551,72.6055,71.265,71.6934,683062
2014-04-29,72.0647,72.8455,72.0552,72.5122,439668
2014-04-30,72.5789,73.4738,72.3123,73.312,418436
2014-05-01,73.0644,73.312,72.4646,73.0454,565718
2014-05-02,72.9788,73.4738,72.4646,72.5217,698420
2014-05-05,72.1885,72.7026,71.8457,72.4837,956870
2014-05-06,72.6265,72.9121,71.96,72.3599,789193
2014-05-07,72.5217,72.7883,69.0466,69.7797,3486251
2014-05-08,69.694,70.8841,69.4464,69.5321,1465722
2014-05-09,69.4655,69.9415,69.0942,69.4369,911937
2014-05-12,69.7035,70.608,69.656,69.9891,719167
2014-05-13,70.0463,70.3224,69.2941,69.3608,767756
2014-05-14,69.3988,69.913,68.7514,69.6083,758978
2014-05-15,69.4084,69.4845,68.0278,68.8276,1037282
2014-05-16,68.5515,69.0085,67.5232,68.9609,1146104
2014-05-19,68.6848,70.2843,68.5705,69.8178,776366
2014-05-20,69.6178,70.2177,69.4084,70.0844,1308105
2014-05-21,70.3319,70.9841,70.1986,70.8936,991121
2014-05-22,70.7508,72.3218,70.389,72.1504,1919959
2014-05-23,71.6934,72.2075,71.603,72.1123,1405430
2014-05-27,72.4741,72.9407,72.3313,72.6074,932145
2014-05-28,72.6074,73.1787,72.4075,72.8264,775333
2014-05-29,73.093,73.312,72.2932,73.3025,484709
2014-05-30,73.2168,73.2925,72.7598,72.8931,696192
2014-06-02,72.9597,73.3215,72.5955,73.1501,725255
2014-06-03,72.8359,73.2358,72.5551,72.6646,880481
2014-06-04,72.636,73.5215,72.2837,73.4072,542210
2014-06-05,73.5024,74.7211,73.093,74.5021,911097
2014-06-06,74.4355,74.7021,74.0261,74.6925,390032
2014-06-09,74.6068,74.7401,74.0737,74.3212,371037
2014-06-10,74.007,74.5307,73.2168,74.4926,516484
2014-06-11,74.0546,74.7306,73.55,74.2546,468506
2014-06-12,74.1403,74.2546,73.2073,73.2739,415684
2014-06-13,73.312,73.5691,73.1692,73.55,467568
2014-06-16,73.4262,73.7023,72.7788,72.8931,483756
2014-06-17,72.9121,72.9407,72.1123,72.1695,1282037
2014-06-18,72.3599,72.4551,71.1793,71.4078,1862571
2014-06-19,71.5887,72.0171,71.284,71.2935,1523176
2014-06-20,71.2078,71.5316,70.8841,71.1698,3577123
2014-06-23,69.9035,69.9035,67.5518,67.6946,3390943
2014-06-24,67.5898,68.1421,66.9138,67.5422,1757103
2014-06-25,67.5708,67.9421,66.9234,67.2376,1216727
2014-06-26,67.0944,67.7576,66.3121,67.7433,2000017
2014-06-27,67.5524,67.6383,67.104,67.5715,1271124
2014-06-30,67.5238,68.144,67.1995,67.9245,1721865
2014-07-01,67.9532,68.1297,67.5333,67.7433,1147432
2014-07-02,67.581,67.9427,67.1612,67.3234,1012375
2014-07-03,67.562,68.2489,67.3998,68.1058,447120
2014-07-07,67.8768,67.977,67.2662,67.5143,599186
2014-07-08,67.5047,67.5047,66.541,66.6365,1046553
2014-07-09,66.999,67.104,66.5315,66.8559,826209
2014-07-10,66.1022,66.4838,65.5488,65.9686,1463885
2014-07-11,66.064,66.1999,65.8351,66.0831,637391
2014-07-14,65.3961,65.8732,65.3388,65.6728,805806
2014-07-15,66.999,67.333,65.6919,65.9399,2003705
2014-07-16,66.417,66.4361,65.7491,66.064,905172
2014-07-17,65.7205,66.1117,65.2339,65.2625,1032404
2014-07-18,65.3293,66.0544,64.9763,65.9686,716167
2014-07-21,65.9113,66.2453,65.3675,65.3961,507229
2014-07-22,65.7873,65.9209,65.4152,65.6442,600724
2014-07-23,65.6346,65.7777,65.4247,65.6442,537734
2014-07-24,65.835,65.835,65.2816,65.3388,810481
2014-07-25,65.2434,65.7682,65.0955,65.148,648316
2014-07-28,65.3007,65.7396,64.8904,65.3007,2358909
2014-07-29,65.4247,65.5965,64.9095,64.919,875410
2014-07-30,64.919,65.2339,63.8219,63.9458,1673457
2014-07-31,63.879,64.3656,62.0185,62.2284,1649071
2014-08-01,62.4955,62.8295,62.2475,62.5814,1242948
2014-08-04,62.4955,62.8295,62.2475,62.5814,1242948
2014-08-05,62.3333,62.4383,61.5128,61.8372,1111574
2014-08-06,61.7322,62.0089,61.5414,61.8276,743526
2014-08-07,61.9421,62.0471,61.112,61.2361,516485
2014-08-08,61.5509,62.0742,61.341,61.9898,734550
2014-08-11,62.1902,62.5909,61.8849,61.9231,609545
2014-08-12,61.8754,62.2093,61.5796,61.8181,599089
2014-08-13,62.1234,62.5337,61.7227,61.7227,974527
2014-08-14,62.0089,63.3495,62.0089,62.9726,3628500
2014-08-15,63.5832,63.7645,62.2952,63.0108,1785237
2014-08-18,63.3638,63.8027,63.2875,63.3638,1483921
2014-08-19,63.3447,63.5069,63.1825,63.297,805238
2014-08-20,63.297,63.8027,63.0807,63.3733,1026540
2014-08-21,63.5165,63.5165,62.8676,62.9154,1219665
2014-08-22,62.8295,63.2111,62.0566,62.362,1136348
2014-08-25,62.7341,62.8123,62.3715,62.5242,852587
2014-08-26,62.7054,62.9535,62.2856,62.4001,994657
2014-08-27,62.5242,62.9535,62.5146,62.7054,1189732
2014-08-28,62.5909,63.3161,62.5337,63.1062,1790670
2014-08-29,63.1157,63.5069,62.8772,63.1062,764474
2014-09-02,63.2302,63.2875,62.5051,62.944,1051717
2014-09-03,63.0871,63.2779,62.5719,62.6864,679812
2014-09-04,62.7341,62.944,62.3906,62.4383,1087806
2014-09-05,62.3429,62.61,62.133,62.5909,540728
2014-09-08,62.6005,63.5928,62.6005,63.0871,1569877
2014-09-09,62.7245,63.2016,60.9403,61.0739,1497921
2014-09-10,61.0739,61.0834,60.1102,60.5968,1768399
2014-09-11,60.3487,61.2361,60.2629,60.6731,1359332
2014-09-12,60.7399,60.7495,59.2324,59.5664,1625247
2014-09-15,59.5473,60.7399,59.4089,60.4728,1962507
2014-09-16,60.4728,60.5205,60.0073,60.3201,1000922
2014-09-17,60.5873,60.6159,58.4691,58.4882,3480006
2014-09-18,58.5645,58.9175,57.9539,58.0779,2468166
2014-09-19,58.2306,58.2449,57.6867,57.8394,1552310
2014-09-22,57.9825,58.0779,57.5913,57.6295,1084672
2014-09-23,57.639,57.7726,57.2574,57.2764,860457
2014-09-24,57.2478,57.3623,56.7612,56.7803,1415354
2014-09-25,56.5704,56.6276,55.4159,55.5495,1952129
2014-09-26,55.6068,55.9129,55.5303,55.6929,1103185
2014-09-29,55.3581,55.5494,54.8224,54.9564,1164519
2014-09-30,54.8798,55.2529,54.5068,54.7076,3674298
2014-10-01,54.2293,54.6789,53.7223,53.8658,2137473
2014-10-02,53.665,54.6311,53.5693,54.4589,2330621
2014-10-03,54.765,54.9181,54.3633,54.4972,1533619
2014-10-06,54.7363,55.1381,54.5115,54.5163,1355935
2014-10-07,54.0093,54.0189,52.584,52.5936,2352764
2014-10-08,52.6797,52.7944,51.9813,52.4883,2193317
2014-10-09,52.5362,52.6797,50.9674,51.1682,1566874
2014-10-10,51.0343,51.5796,50.3551,50.4604,1163933
2014-10-13,50.4891,50.9195,49.3411,49.3603,1298522
2014-10-14,49.2455,51.2352,48.8246,50.5273,1987716
2014-10-15,50.4221,52.144,49.3316,51.9526,2632019
2014-10-16,51.7326,54.038,51.417,53.7032,2593083
2014-10-17,54.1911,55.1764,53.6841,54.038,1752233
2014-10-20,53.8945,54.3728,53.885,54.3346,1215961
2014-10-21,54.765,56.4582,54.5853,56.4008,1618032
2014-10-22,57.013,57.08,55.8077,55.9129,2326590
2014-10-23,56.5826,56.7069,55.492,55.6547,1650783
2014-10-24,55.6068,55.846,54.7937,55.5973,1036089
2014-10-27,55.0711,55.0807,53.9424,54.325,1051373
2014-10-28,54.6311,55.2816,54.4015,55.272,1397959
2014-10-29,55.1955,55.4825,54.0954,54.9755,2195914
2014-10-30,53.0814,55.9321,52.7562,55.5973,2971119
2014-10-31,56.0182,56.1808,54.612,54.8607,2731689
2014-11-03,54.9851,55.2051,53.6554,53.818,1355675
2014-11-04,53.9519,54.0285,53.2823,53.3588,1317383
2014-11-05,53.6171,54.2102,53.3588,54.1624,1038471
2014-11-06,54.2772,54.7746,53.9806,54.7555,1225297
2014-11-07,54.7555,54.9659,54.3441,54.5259,1380858
2014-11-10,54.4589,54.8416,54.2198,54.325,1018775
2014-11-11,54.3346,54.7459,54.2102,54.3537,1374099
2014-11-12,54.2198,54.3537,53.8945,54.2963,660322
2014-11-13,54.4302,54.5833,53.6363,53.9424,728431
2014-11-14,53.9424,54.3728,53.885,54.1624,768590
2014-11-17,54.1528,54.5737,53.8276,53.8754,1064550
2014-11-18,53.9806,54.4876,53.8467,54.325,1461270
2014-11-19,54.3346,54.3346,53.7032,53.9232,751856
2014-11-20,53.6171,53.9519,53.3875,53.5406,1488706
2014-11-21,54.4207,54.6885,53.885,54.0476,1191093
2014-11-24,54.0476,54.3537,53.6841,54.2676,1567200
2014-11-25,54.3346,54.3633,53.7415,53.7702,918133
2014-11-26,53.5597,53.7683,53.1006,53.2727,849354
2014-11-28,53.0336,53.311,51.9335,52.0387,545992
2014-12-01,51.9335,52.3449,51.3691,51.417,1517909
2014-12-02,51.2735,51.8953,51.1969,51.7231,1158164
2014-12-03,51.6465,52.7179,51.3691,52.651,1883999
2014-12-04,52.4979,53.1197,52.4883,52.8518,973718
2014-12-05,53.0049,54.9277,52.871,54.4876,2187110
2014-12-08,54.4207,54.4589,53.6267,53.7702,1197792
2014-12-09,53.4832,53.9424,53.2249,53.8945,910934
2014-12-10,53.6267,53.9232,52.5936,52.7658,1259174
2014-12-11,52.6223,53.7893,52.6223,53.3971,1934456
2014-12-12,53.0336,53.1006,52.5936,52.6127,1887092
2014-12-15,53.244,53.5789,52.4979,52.6031,1644908
2014-12-16,52.4309,53.2536,51.8857,51.9431,1292672
2014-12-17,52.1822,53.5789,51.9909,53.5693,1054314
2014-12-18,55.2051,55.2146,52.9877,54.0476,1805721
2014-12-19,54.3728,54.6885,54.0189,54.4876,2470900
2014-12-22,54.3154,54.6407,53.4067,54.0572,1405407
2014-12-23,54.1432,55.4347,54.0954,55.406,1249997
2014-12-24,55.3199,55.4729,54.9851,55.2338,361247
2014-12-26,55.4442,55.4825,55.0233,55.0616,518255
2014-12-29,54.9753,55.521,54.9657,55.2726,670885
2014-12-30,55.1287,55.5315,55.004,55.1959,602892
2014-12-31,55.2534,55.5699,54.6012,54.6971,944749
2015-01-02,54.7451,54.7451,53.6613,54.6396,1001208
2015-01-05,54.2272,54.3135,53.1434,53.4407,1054775
2015-01-06,53.5558,54.6204,53.2968,53.786,1440861
2015-01-07,54.1409,54.4094,53.6901,54.1888,739663
2015-01-08,54.5629,55.5555,54.4765,55.5315,1156338
2015-01-09,55.8001,55.9248,54.9944,55.1863,976613
2015-01-12,56.0974,57.0066,54.9081,56.7784,1965594
2015-01-13,57.0373,57.632,56.0303,56.999,1770040
2015-01-14,56.1645,56.5578,55.4452,56.5098,1143594
2015-01-15,56.7112,56.9798,55.7521,55.7521,1340577
2015-01-16,55.7425,56.0015,55.1671,55.9056,1175939
2015-01-20,55.8289,56.1933,55.0616,55.5315,608029
2015-01-21,55.3397,56.1358,55.1824,55.9919,670941
2015-01-22,56.0111,57.0949,55.9248,56.9606,696005
2015-01-23,57.0085,57.0085,55.4836,55.5507,608123
2015-01-26,55.4548,56.1166,55.1383,55.848,643201
2015-01-27,55.0424,56.3659,54.9561,56.0015,706689
2015-01-28,56.4235,56.4235,54.7067,54.8122,573362
2015-01-29,54.9657,55.3397,54.2463,54.7643,832374
2015-01-30,54.2559,55.7406,54.1025,55.1479,1054157
2015-02-02,55.5507,55.6658,54.6108,55.4644,771797
2015-02-03,55.6179,57.2004,55.5891,57.0277,1602865
2015-02-04,56.8743,57.2963,56.0782,56.4714,1292086
2015-02-05,54.7643,60.375,53.4695,59.5214,3838240
2015-02-06,59.32,59.8858,58.2458,59.1953,1717908
2015-02-09,58.8788,59.6844,58.8788,59.1377,1171815
2015-02-10,59.0706,59.2816,58.5815,59.0418,696979
2015-02-11,58.8596,59.5717,58.6965,59.3679,888536
2015-02-12,59.531,60.8545,59.531,60.6531,1214960
2015-02-13,60.6531,61.1902,60.586,61.0751,1096470
2015-02-17,60.7202,61.9191,60.5188,61.7944,1405678
2015-02-18,61.6697,61.9766,61.2669,61.4108,1286908
2015-02-19,60.9216,61.3628,60.7202,61.1231,956974
2015-02-20,61.0655,61.4012,60.6339,61.3916,637958
2015-02-23,61.2094,61.3341,60.9504,61.1326,577632
2015-02-24,61.1998,61.641,60.9696,61.2286,817452
2015-02-25,61.3628,61.804,60.9984,61.6314,701832
2015-02-26,61.4587,61.6525,60.7874,61.0176,734403
2015-02-27,61.0176,61.1135,60.6531,60.8161,674496
2015-03-02,60.9025,61.9575,60.3656,61.9479,581063
2015-03-03,61.6314,62.0726,61.1614,61.382,464796
2015-03-04,60.9408,61.1039,60.4613,60.6723,637249
2015-03-05,60.6915,60.7011,59.5118,59.7803,547207
2015-03-06,59.3104,59.4542,58.4568,58.7061,1128297
2015-03-09,58.7541,59.2816,58.4855,58.802,1048475
2015-03-10,58.217,58.5239,57.3826,57.4881,1255954
2015-03-11,57.4881,57.9676,57.325,57.7566,569658
2015-03-12,57.9868,58.169,57.5744,58.1403,650030
2015-03-13,57.8334,58.1211,57.4305,57.7854,887762
2015-03-16,57.7375,57.9686,57.2004,57.632,949970
2015-03-17,57.2387,57.7758,56.7256,56.9222,1025748
2015-03-18,56.6153,57.2004,55.7425,56.7784,1324730
2015-03-19,56.529,56.8551,56.2413,56.5386,913728
2015-03-20,56.8359,57.2963,56.2988,57.1908,1185773
2015-03-23,57.2579,57.8909,56.999,57.3634,911960
2015-03-24,57.2483,57.2483,56.4906,56.6153,856248
2015-03-25,56.6345,56.74,55.5891,55.5891,834741
2015-03-26,55.5315,55.9535,55.2438,55.7809,1188916
2015-03-27,55.4202,55.8482,54.7277,54.8431,1336658
2015-03-30,55.0547,55.6991,54.9393,55.5933,967868
2015-03-31,55.401,55.603,54.9201,55.0643,1488477
2015-04-01,55.1221,55.199,54.2564,54.8431,1196388
2015-04-02,54.6027,54.9201,54.5257,54.545,663709
2015-04-06,54.3814,55.1605,54.3814,54.9874,1526801
2015-04-07,55.0259,55.5453,54.997,55.074,739644
2015-04-08,55.3144,55.4957,54.9585,55.1221,809881
2015-04-09,55.2086,55.2663,54.795,55.1701,1691802
2015-04-10,55.3625,56.1512,55.1221,56.1512,2573090
2015-04-13,55.9973,57.0313,55.8511,56.4686,916905
2015-04-14,56.0646,56.5455,55.7376,56.2859,1237936
2015-04-15,56.4782,57.6036,56.3628,57.392,1270631
2015-04-16,57.2284,57.315,56.8149,56.9207,883462
2015-04-17,56.3243,56.6225,55.7472,55.8049,1006068
2015-04-20,55.9204,56.3003,55.6895,55.8819,822206
2015-04-21,55.8819,56.2378,55.2182,55.7376,972353
2015-04-22,55.7472,55.9107,55.4972,55.8915,755119
2015-04-23,55.93,56.5359,55.7665,56.3628,712260
2015-04-24,56.4109,56.6802,56.257,56.3339,767140
2015-04-27,56.5552,56.7235,56.2185,56.6033,1755118
2015-04-28,56.6513,56.9303,56.2281,56.8437,1035988
2015-04-29,56.5744,57.8777,56.3436,57.642,819323
2015-04-30,57.4497,57.7094,56.8149,57.0457,647268
2015-05-01,57.315,58.0748,57.2765,57.9306,838170
2015-05-04,57.9306,58.5173,57.921,58.0652,673488
2015-05-05,58.248,58.5942,57.0457,57.0746,490448
2015-05-06,57.392,57.5651,56.7091,57.2284,450055
2015-05-07,57.0361,57.3823,56.6513,57.1804,523410
2015-05-08,57.7094,58.777,57.7094,58.6231,1514813
2015-05-11,57.113,58.4307,57.0168,58.3634,2105760
2015-05-12,57.7767,57.8825,54.8239,55.5645,3899811
2015-05-13,55.5741,56.8341,54.6219,56.6225,2572807
2015-05-14,56.9303,56.9303,55.8242,56.0646,1128428
2015-05-15,55.9396,56.1512,55.7569,56.132,624306
2015-05-18,56.0743,56.0743,55.199,55.4875,728278
2015-05-19,55.3529,55.6703,54.8624,55.1509,674625
2015-05-20,55.3048,55.3048,54.8525,55.0643,438359
2015-05-21,55.0163,55.6703,54.8415,55.5837,610102
2015-05-22,55.5645,56.1704,55.4395,56.0358,673149
2015-05-26,55.728,55.9877,55.3817,55.5164,772692
2015-05-27,55.5356,55.8723,55.2086,55.7376,680856
2015-05-28,55.5356,55.7472,55.3721,55.7088,740345
2015-05-29,55.6222,55.6895,54.7662,54.9874,1055533
2015-06-01,55.1124,55.1124,54.2853,54.4392,981561
2015-06-02,54.343,54.7181,54.0256,54.2756,1945336
2015-06-03,54.4584,55.401,54.1179,55.3433,842728
2015-06-04,54.9105,55.2086,54.2468,54.3141,624239
2015-06-05,54.2276,54.5353,53.7178,53.9294,630704
2015-06-08,53.7755,53.9294,53.3427,53.4581,839290
2015-06-09,53.535,53.6986,52.9002,53.0253,820217
2015-06-10,53.5158,53.6793,52.9387,53.4292,1117110
2015-06-11,53.5447,53.9871,53.1984,53.4004,714744
2015-06-12,53.2754,53.3619,52.8233,52.958,726695
2015-06-15,52.679,52.8425,52.4578,52.8041,696257
2015-06-16,52.7175,53.3619,52.5444,53.2561,513222
2015-06-17,53.3908,53.8236,52.958,53.5062,486299
2015-06-18,53.7178,54.0063,53.4004,53.6793,590163
2015-06-19,53.5158,53.8621,52.8137,52.8425,996961
2015-06-22,53.0734,53.1696,52.8473,53.1118,456897
2015-06-23,53.1311,53.2273,52.7848,52.9099,669512
2015-06-24,52.8618,53.1215,51.4671,51.496,1208284
2015-06-25,51.698,51.8711,51.1016,51.1786,982191
2015-06-26,51.3571,51.7623,51.3378,51.5983,1431055
2015-06-29,51.1545,51.2799,49.9291,49.9484,735957
2015-06-30,50.373,50.8554,49.3792,50.701,1691075
2015-07-01,50.8843,50.8843,49.8471,49.9677,1400895
2015-07-02,50.1318,50.2186,49.2441,49.6494,868321
2015-07-06,48.9257,49.3792,48.4337,48.5302,1008420
2015-07-07,48.5302,48.5977,47.4013,48.2311,1246557
2015-07-08,47.8066,47.8837,46.9189,47.0058,623524
2015-07-09,47.6232,47.8355,46.8803,46.9575,767442
2015-07-10,47.4592,47.8451,47.3049,47.7776,634458
2015-07-13,48.0381,48.4433,47.8886,48.4144,498307
2015-07-14,48.289,49.1187,48.0252,49.1091,867163
2015-07-15,48.81,49.1573,48.4144,48.5302,936296
2015-07-16,48.6363,48.7521,48.3671,48.5012,547864
2015-07-17,48.289,48.3179,47.8644,47.9995,964398
2015-07-20,47.9127,48.1925,47.6522,47.7197,957245
2015-07-21,47.7583,48.0574,47.1987,47.2663,576291
2015-07-22,47.1987,47.4496,46.9768,47.1119,588304
2015-07-23,47.3724,47.4708,46.9189,47.1408,698331
2015-07-24,47.0058,47.2605,45.9445,46.1374,866598
2015-07-27,45.7515,46.0506,45.4138,45.5585,757870
2015-07-28,45.7226,46.6295,45.5585,46.5427,735404
2015-07-29,46.7453,46.9382,46.2436,46.3786,774690
2015-07-30,46.4172,47.0202,46.0024,46.6681,655473
2015-07-31,46.89,47.0058,46.3979,46.8321,724056
2015-08-03,46.8417,47.0637,46.1374,46.7549,1151494
2015-08-04,46.7163,47.5171,46.3111,46.9768,724259
2015-08-05,47.2663,47.7101,46.7549,46.7935,842781
2015-08-06,46.6584,48.5109,46.2532,47.3434,1492103
2015-08-07,47.1698,47.3241,45.6454,45.7033,944420
2015-08-10,46.0409,47.6039,45.7901,47.4882,1184584
2015-08-11,46.9189,46.9189,46.4835,46.6102,850093
2015-08-12,46.0409,46.34,45.5489,45.7226,939436
2015-08-13,45.5392,45.5585,44.6613,44.8446,1087963
2015-08-14,44.8735,45.0279,44.6516,44.8639,992391
2015-08-17,45.4331,46.1278,44.8639,46.0409,663599
2015-08-18,45.9155,46.1567,45.5682,45.7901,682519
2015-08-19,45.4621,45.5971,44.7288,45.3077,834960
2015-08-20,45.0182,45.0954,44.285,44.285,599195
2015-08-21,43.9087,44.256,43.0597,43.0693,1356137
2015-08-24,41.2458,43.079,40.7779,41.6221,1910118
2015-08-25,42.7606,42.7992,38.718,38.8434,2801366
2015-08-26,39.5092,39.5767,38.0619,38.8531,3731357
2015-08-27,39.5477,41.3616,39.461,40.8213,1789500
2015-08-28,40.2038,40.9853,39.1618,40.9081,1462992
2015-08-31,40.831,41.2265,40.0687,40.8213,1134204
2015-09-01,39.8082,40.2424,38.9592,39.1136,1279175
2015-09-02,39.4513,40.2424,38.6601,40.2424,1830057
2015-09-03,40.5029,41.1011,40.1652,40.8213,1340816
2015-09-04,40.2617,40.3485,39.7793,40.0205,1320743
2015-09-08,40.7248,41.0529,40.4354,40.8406,1026135
2015-09-09,41.1686,41.4677,39.7793,39.8758,794731
2015-09-10,39.7504,40.088,39.1715,39.8758,1144158
2015-09-11,39.7311,40.3485,39.6201,40.1363,1108466
2015-09-14,40.0398,40.1363,38.6987,38.882,1061601
2015-09-15,39.0846,39.2969,38.6215,38.8434,1905746
2015-09-16,38.911,39.3306,38.6601,38.7084,2415114
2015-09-17,38.7759,38.9399,37.3383,37.4252,2690268
2015-09-18,37.3962,37.5409,36.2529,36.4314,4183084
2015-09-21,36.5858,36.827,36.0069,36.1805,2172781
2015-09-22,35.6499,35.8911,35.428,35.7464,3650600
2015-09-23,36.0937,36.4313,34.9311,35.071,2445153
2015-09-24,34.4921,34.5597,33.1993,33.7396,2895048
2015-09-25,34.058,34.2702,33.0642,33.2475,1573843
2015-09-28,32.8161,33.8146,31.5849,31.9824,2641599
2015-09-29,31.9824,32.787,31.677,31.9242,2195886
2015-09-30,32.2344,33.1554,32.2296,32.8743,1980809
2015-10-01,32.9615,33.2523,32.5446,32.8355,2160903
2015-10-02,32.3798,33.9891,32.2732,33.9794,1540270
2015-10-05,34.2121,35.2058,34.1442,34.7259,1851474
2015-10-06,34.7162,35.6508,34.5805,35.1331,2407634
2015-10-07,35.0265,36.248,34.949,36.1898,2813457
2015-10-08,36.0735,37.9833,35.9959,37.518,2850177
2015-10-09,37.5858,37.8573,36.849,37.3047,1624579
2015-10-12,37.2174,37.2562,35.9765,36.3837,1132700
2015-10-13,33.7468,35.5306,33.7468,35.2397,5934965
2015-10-14,35.0846,37.8282,34.9198,37.3628,3061312
2015-10-15,37.3241,37.6537,35.676,36.8878,2799924
2015-10-16,37.0526,37.0526,36.4128,36.6454,1176605
2015-10-19,36.1898,36.9751,35.9959,36.3158,1437750
2015-10-20,36.2674,37.0429,36.0347,36.3837,1854940
2015-10-21,36.4709,36.4709,35.2397,35.2979,2069395
2015-10-22,35.7342,36.5194,35.6275,36.2189,1623481
2015-10-23,36.5873,36.723,36.2577,36.3546,1115871
2015-10-26,36.248,36.5097,35.7148,35.7923,895735
2015-10-27,36.151,36.151,34.7938,35.1816,1373333
2015-10-28,35.327,36.4322,35.0555,36.374,1730861
2015-10-29,35.928,38.7976,35.2979,38.5553,4248059
2015-10-30,38.7007,40.2179,38.5649,39.4666,3771784
2015-11-02,39.5441,40.2518,39.5344,39.9222,2289673
2015-11-03,39.8156,40.8044,39.5926,40.1064,1550982
2015-11-04,40.1355,41.1403,39.9707,40.2421,1291076
2015-11-05,40.087,40.6687,39.9901,40.2034,1367535
2015-11-06,39.9028,40.2615,39.1854,39.7574,1101818
2015-11-09,39.6217,39.8834,38.8703,39.3599,969922
2015-11-10,39.1951,39.3405,38.5407,38.9334,693867
2015-11-11,38.9818,39.0788,38.2596,38.5456,766975
2015-11-12,38.0705,38.9237,37.867,38.5359,1061447
2015-11-13,38.5165,39.8447,38.4244,39.3502,1007775
2015-11-16,39.3308,40.31,39.2533,40.213,1222402
2015-11-17,40.2906,41.0856,39.8737,40.6396,1591262
2015-11-18,40.7656,42.0356,40.7462,41.7157,3215928
2015-11-19,41.5703,41.9678,41.2019,41.3085,698729
2015-11-20,41.4152,41.5412,40.5427,40.6299,898356
2015-11-23,40.5524,41.0565,40.2324,40.6202,997972
2015-11-24,40.5136,41.5121,40.0967,41.3473,1184543
2015-11-25,41.231,41.7642,41.008,41.4249,728612
2015-11-27,41.2988,41.7157,40.6687,40.9014,259024
2015-11-30,41.0662,42.045,40.9304,41.6575,1501931
2015-12-01,41.8514,41.8514,40.3488,40.6881,1173545
2015-12-02,40.5717,41.5121,39.7477,39.8834,1499032
2015-12-03,40.0579,41.1728,39.9319,40.6396,1631605
2015-12-04,40.6493,41.3861,40.213,41.1437,1146352
2015-12-07,40.8141,40.9111,39.7768,40.1452,1295064
2015-12-08,39.738,39.9707,38.7686,38.7879,1524826
2015-12-09,39.1369,40.4263,38.9043,39.2533,1863407
2015-12-10,39.0497,39.3599,38.1869,38.2741,1179270
2015-12-11,37.3725,37.6246,36.7133,36.849,1399157
2015-12-14,36.8199,36.8199,35.3173,35.928,2257652
2015-12-15,36.3546,36.8006,36.0638,36.7327,1499887
2015-12-16,36.8781,37.6343,36.6261,37.4986,1205648
2015-12-17,37.4404,37.5722,36.2674,36.3934,1415103
2015-12-18,36.2092,37.1785,36.1122,36.7715,2243372
2015-12-21,37.0526,37.8379,36.7715,37.072,1221993
2015-12-22,37.2756,38.4002,37.1399,38.0512,892500
2015-12-23,38.4777,39.9662,38.4099,39.5344,958552
2015-12-24,39.6023,39.6992,39.0497,39.3405,363400
2015-12-28,39.0788,39.1951,38.5844,38.7104,710218
2015-12-29,39.0462,39.5524,38.6179,39.3188,724251
2015-12-30,39.0949,39.4746,38.6179,38.6374,628128
2015-12-31,38.4427,38.8515,38.0922,38.0922,699493
2016-01-04,36.8072,37.0993,36.009,36.9727,1749421
2016-01-05,37.0311,37.5276,36.3497,36.5833,1413958
2016-01-06,35.9116,36.0041,34.8311,35.0647,1450050
2016-01-07,34.5585,35.2691,33.9744,34.7824,2157464
2016-01-08,34.9868,35.5563,34.6461,34.724,1548589
2016-01-11,34.8603,35.016,33.9452,34.2275,1502993
2016-01-12,34.7435,34.8895,33.7505,34.6072,1266404
2016-01-13,34.6558,35.0598,33.2346,33.4195,1259863
2016-01-14,33.5461,34.5877,32.9425,34.4222,1478878
2016-01-15,33.3514,34.3054,33.2832,34.1107,1453186
2016-01-19,34.5293,34.578,33.0837,33.8868,1689733
2016-01-20,33.4195,34.101,32.5629,33.8868,1700857
2016-01-21,33.6726,34.87,33.6726,34.1788,1593656
2016-01-22,34.6948,35.162,33.6726,34.3151,1731315
2016-01-25,33.9841,34.1691,32.7381,32.7576,949479
2016-01-26,33.0691,34.0425,32.9377,33.9063,1250615
2016-01-27,33.6532,34.8213,33.5363,33.7894,1125448
2016-01-28,34.1691,34.3249,33.2784,33.7018,669691
2016-01-29,33.9257,34.8213,33.6726,34.7727,975184
2016-02-01,34.3151,34.8116,33.4303,34.724,1101611
2016-02-02,34.2762,34.393,33.4001,33.6142,1198977
2016-02-03,34.0815,35.1328,33.0496,35.1231,897001
2016-02-04,35.3081,38.1993,35.2789,36.6028,1917960
2016-02-05,36.4762,37.2745,35.8045,35.97,1029099
2016-02-08,35.5612,35.6245,33.3416,34.0231,1753030
2016-02-09,33.6337,34.1886,32.9425,33.6142,3426624
2016-02-10,33.9063,34.8116,33.254,33.3027,1297451
2016-02-11,32.631,33.439,31.385,32.6407,2171040
2016-02-12,32.631,34.1788,32.0469,34.1107,1225143
2016-02-16,34.1788,35.8727,33.6532,35.8143,1995148
2016-02-17,36.2621,37.5665,36.1258,36.8559,1361629
2016-02-18,37.0798,37.1479,35.5904,36.1063,1224737
2016-02-19,35.9506,35.9506,34.9089,34.9966,686211
2016-02-22,35.347,36.8364,35.2789,36.8267,1290915
2016-02-23,36.4762,37.109,35.4444,35.6683,936248
2016-02-24,35.0842,36.155,34.7337,36.009,684035
2016-02-25,36.0576,36.4081,35.2886,36.3886,643994
2016-02-26,36.7488,37.4205,36.5444,37.0506,940907
2016-02-29,36.9825,37.4887,36.6417,36.6417,1344832
2016-03-01,37.0993,37.4887,36.817,37.3621,943332
2016-03-02,36.7878,37.3913,36.5785,36.9922,1332987
2016-03-03,36.778,37.6931,36.5639,37.586,1376516
2016-03-04,37.7612,40.7401,37.6444,39.4064,2103488
2016-03-07,39.4356,40.6865,39.2409,39.7277,1420953
2016-03-08,39.2993,39.5135,37.1966,37.6834,1531615
2016-03-09,37.9462,38.7298,37.8829,37.9073,1433922
2016-03-10,38.063,38.7444,37.5933,38.1701,953969
2016-03-11,38.7444,39.5622,38.7444,39.0852,1204752
2016-03-14,38.8807,39.3675,38.5984,39.0073,923766
2016-03-15,38.6179,38.7834,37.8878,38.0825,710934
2016-03-16,38.0241,39.1923,37.9754,39.1144,660740
2016-03-17,39.2117,40.487,39.1874,40.2144,877243
2016-03-18,40.448,40.818,39.6985,39.8055,1062073
2016-03-21,39.825,40.5454,39.8153,40.2241,754427
2016-03-22,39.8347,40.8374,39.7861,40.6233,1138605
2016-03-23,40.341,40.7206,40.1365,40.2923,1043458
2016-03-24,39.9224,40.1657,39.0365,39.4746,1288509
2016-03-28,39.533,40.7011,39.1825,39.7666,1193725
2016-03-29,39.5271,40.1625,38.8429,40.1331,867388
2016-03-30,40.6218,41.0812,40.27,40.3482,1373681
2016-03-31,40.3482,40.3825,39.1166,39.4587,1086432
2016-04-01,39.0091,39.4392,38.5302,39.3805,969404
2016-04-04,39.1948,39.3121,38.0219,38.3151,1163880
2016-04-05,37.9437,38.3347,37.2399,37.2986,1534308
2016-04-06,37.1813,37.4354,36.0866,37.0151,1545564
2016-04-07,36.8588,36.8588,35.8911,36.067,1414046
2016-04-08,36.5557,37.064,36.3309,36.6339,1173660
2016-04-11,36.8783,37.1422,36.37,36.546,1035953
2016-04-12,36.6828,37.3181,36.5557,37.1422,787232
2016-04-13,37.6407,38.7501,37.5234,38.7256,1094091
2016-04-14,38.882,38.9504,38.1392,38.6279,2376737
2016-04-15,38.7647,39.273,38.5399,38.9993,1621952
2016-04-18,38.9504,39.3414,38.6377,39.2241,1333497
2016-04-19,39.3903,40.8662,39.2828,40.8662,1803867
2016-04-20,40.8564,42.2053,40.6707,41.8339,1639293
2016-04-21,41.4429,42.9188,41.4233,41.8339,2120552
2016-04-22,42.0293,42.6256,41.7605,41.9805,941925
2016-04-25,41.8436,42.4008,41.5602,41.7068,994587
2016-04-26,41.7948,42.3714,41.7068,42.2932,962711
2016-04-27,42.2248,43.3391,42.215,43.1045,1252168
2016-04-28,42.5376,43.1436,42.3069,42.5376,1121955
2016-04-29,42.3128,42.6158,41.8143,42.2835,1563678
2016-05-02,42.2737,42.6549,41.7752,42.6353,1613874
2016-05-03,42.6353,46.3496,42.6353,46.2518,4246420
2016-05-04,46.0368,46.7503,45.6263,46.3691,2115548
2016-05-05,46.8383,47.3661,46.3496,46.4669,1928757
2016-05-06,46.418,47.1022,46.2909,46.9165,1410431
2016-05-09,46.633,46.7796,45.509,45.5481,1413451
2016-05-10,45.7338,46.33,45.4406,46.0759,2811176
2016-05-11,46.0857,46.418,45.8608,45.939,1887017
2016-05-12,46.9751,47.542,45.8022,45.9293,1970398
2016-05-13,45.9293,46.0954,44.9616,44.9616,1275459
2016-05-16,45.2255,46.1541,45.0251,45.939,1960853
2016-05-17,45.8804,46.8175,45.8022,46.0857,2359673
2016-05-18,45.7631,46.1443,44.5609,44.6097,1893078
2016-05-19,44.3752,45.0496,43.8864,44.6782,1977812
2016-05-20,45.0691,45.9684,45.0105,45.4503,1626888
2016-05-23,45.4503,47.024,45.3477,46.3691,2307508
2016-05-24,46.7699,46.9165,46.0759,46.2616,1867845
2016-05-25,46.4571,47.7082,46.3007,47.2879,2346180
2016-05-26,47.4834,47.7082,46.5157,46.7699,1314030
2016-05-27,46.7112,47.1511,46.5059,47.0338,841848
2016-05-31,47.1022,47.1999,46.3984,46.418,1069299
2016-06-01,46.2225,46.633,45.1962,46.6135,1398545
2016-06-02,46.418,46.9458,45.9586,46.9262,904197
2016-06-03,47.0142,47.8939,46.8969,47.7473,1701299
2016-06-06,47.9428,48.8713,47.7571,48.5488,1379395
2016-06-07,48.6172,49.0864,48.236,48.6074,1094527
2016-06-08,48.9104,49.4285,48.627,49.3112,2674582
2016-06-09,48.8322,49.36,48.3914,49.2134,1882877
2016-06-10,48.4804,48.6758,47.4541,48.539,1260778
2016-06-13,48.3826,48.8909,47.2781,47.2977,1269442
2016-06-14,47.0631,47.5616,46.545,47.0533,927397
2016-06-15,47.3563,48.1578,47.0533,47.4834,814337
2016-06-16,47.0533,47.9232,46.3691,47.8939,889916
2016-06-17,48.0894,48.3435,47.1315,47.1999,1795144
2016-06-20,47.8548,48.8225,47.4638,47.5225,1811570
2016-06-21,47.5225,47.5225,46.6819,47.1413,1664282
2016-06-22,47.3856,48.3044,47.327,47.63,1502396
2016-06-23,48.1089,48.4901,47.8548,48.1871,1651595
2016-06-24,46.4473,46.9751,43.9646,44.1015,1876581
2016-06-27,43.6812,43.6812,40.8564,41.2578,2402415
2016-06-28,42.1458,43.0192,41.8122,42.9407,1912101
2016-06-29,43.608,44.7266,43.4411,44.5009,1342259
2016-06-30,44.6579,45.4429,43.9122,45.4429,1327162
2016-07-01,45.3448,46.2672,45.021,45.1976,1132229
2016-07-05,44.8836,44.8836,43.6914,43.8631,1604196
2016-07-06,43.6276,43.7257,42.45,43.3332,2541408
2016-07-07,43.6178,44.599,43.5589,43.9612,768058
2016-07-08,44.5794,45.7569,44.5794,45.6098,1023303
2016-07-11,45.8256,46.2476,45.5313,45.5509,761931
2016-07-12,46.12,47.5331,46.12,47.1798,1248453
2016-07-13,47.3859,47.5429,46.8118,47.3859,1182677
2016-07-14,48.0041,48.269,47.4546,47.7293,1074338
2016-07-15,47.8274,48.2003,47.5232,47.9452,958422
2016-07-18,47.7489,48.1022,47.063,48.0629,728746
2016-07-19,47.8961,48.0826,47.4349,47.5134,1176555
2016-07-20,47.5429,47.8273,47.1994,47.7686,1517229
2016-07-21,47.6508,47.8471,46.8069,47.0915,723786
2016-07-22,46.9639,47.6116,46.6983,47.2289,652802
2016-07-25,47.219,47.4251,46.7824,47.0522,1088102
2016-07-26,47.17,47.9943,47.0522,47.8863,1187458
2016-07-27,47.8569,48.0914,46.8511,47.3172,818420
2016-07-28,47.1405,47.4349,46.5714,47.1602,659491
2016-07-29,46.8952,46.8952,45.9238,46.6499,1061391
2016-08-01,46.6008,46.6499,45.7275,46.3751,922544
2016-08-02,46.3653,46.4438,45.3448,45.7766,1103084
2016-08-03,45.6196,47.9354,44.7855,47.2976,2193649
2016-08-04,47.2485,47.6606,47.0032,47.484,1205194
2016-08-05,47.8765,47.9648,47.2976,47.3466,930563
2016-08-08,47.4742,47.85,47.2289,47.5429,663406
2016-08-09,47.6901,47.7587,46.9099,47.0228,864072
2016-08-10,47.2583,47.4153,46.748,46.9835,495073
2016-08-11,47.1209,47.5723,46.8854,47.4447,754916
2016-08-12,47.2092,47.5232,46.6107,46.7578,1095121
2016-08-15,47.0522,47.6704,46.8069,47.3859,851425
2016-08-16,47.5232,47.7784,46.5812,46.6401,816088
2016-08-17,46.6303,46.699,45.5999,46.12,990966
2016-08-18,46.2083,46.7873,46.1396,46.6597,540432
2016-08-19,46.3653,47.0081,46.1936,46.9149,767277
2016-08-22,46.699,46.9345,46.4046,46.6892,535469
2016-08-23,47.1504,47.5919,47.1111,47.2877,529744
2016-08-24,47.1209,47.219,46.0121,46.1298,601537
2016-08-25,46.1298,46.6302,46.12,46.2868,608836
2016-08-26,46.6303,46.7775,45.5116,45.6883,958179
2016-08-29,45.6392,46.5518,45.6392,46.3457,1198791
2016-08-30,46.3555,47.2976,46.3163,46.5125,849450
2016-08-31,46.2672,46.2672,45.4528,46.0611,908287
2016-09-01,46.12,46.2607,45.4331,45.8256,695162
2016-09-02,46.3261,46.6597,46.0808,46.6205,750333
2016-09-06,46.699,46.905,45.649,45.8354,522187
2016-09-07,45.6098,46.1495,45.5165,46.0317,595335
2016-09-08,46.0317,46.5223,45.649,46.5027,1072278
2016-09-09,46.1004,46.3457,43.7257,44.0201,1581113
2016-09-12,43.6963,45.3056,43.5687,45.2467,970933
2016-09-13,44.5892,45.0161,43.8042,44.079,1235623
2016-09-14,44.236,45.6294,43.971,45.6294,1894692
2016-09-15,45.2565,46.6303,45.1682,46.542,1738794
2016-09-16,46.0611,47.3368,46.0611,46.8952,3597526
2016-09-19,47.3761,47.4447,46.8462,46.8854,1071178
2016-09-20,47.1994,47.3564,46.4438,46.4537,808934
2016-09-21,46.9345,47.7784,46.8177,47.6704,745616
2016-09-22,48.0041,48.2101,47.8471,47.9844,542480
2016-09-23,47.7097,48.0826,47.4251,47.6803,736008
2016-09-26,47.6017,47.8569,47.0915,47.1307,531575
2016-09-27,46.905,47.5232,46.8462,47.4447,757962
2016-09-28,47.4694,47.8583,46.8786,47.7943,1178765
2016-09-29,47.5285,48.1389,47.3315,47.4989,795792
2016-09-30,47.814,48.3556,47.5678,47.5974,765517
2016-10-03,47.4694,47.5974,46.8984,47.3709,602472
2016-10-04,47.3512,47.5777,46.3863,46.4946,669929
2016-10-05,46.9574,47.6269,46.5783,47.046,650575
2016-10-06,46.8589,47.4005,46.8392,47.3118,543209
2016-10-07,47.5481,47.6269,46.6423,46.9672,648091
2016-10-10,47.4989,47.942,47.0755,47.1051,336793
2016-10-11,46.7407,46.8786,46.1303,46.5241,552200
2016-10-12,46.5241,46.5931,46.209,46.2878,593208
2016-10-13,45.6872,45.8841,45.0669,45.6478,1070023
2016-10-14,46.1007,46.6915,45.8447,45.8447,895558
2016-10-17,46.8687,46.8687,45.6576,45.697,1182863
2016-10-18,46.278,46.7703,46.0023,46.4946,1151035
2016-10-19,46.662,47.3315,46.2878,47.1838,490912
2016-10-20,46.8687,47.5777,46.7752,47.3512,460400
2016-10-21,46.8097,47.046,46.4847,46.7211,607748
2016-10-24,47.046,47.1838,46.7309,47.1149,655061
2016-10-25,47.0164,47.1641,46.406,46.6127,601432
2016-10-26,46.3272,46.79,46.1303,46.4454,664856
2016-10-27,46.6521,46.6915,45.8644,46.2681,546056
2016-10-28,46.337,46.8294,45.9432,46.4257,600943
2016-10-31,46.662,46.8294,46.1303,46.1697,567815
2016-11-01,46.5143,46.5734,45.5099,46.4749,1125466
2016-11-02,46.2681,46.4257,45.2047,45.3819,970488
2016-11-03,47.6269,50.5611,47.6269,50.1476,2500612
2016-11-04,50.3347,52.5796,50.2165,51.6541,3108815
2016-11-07,52.619,53.1015,52.1464,52.7667,1652524
2016-11-08,52.3926,53.1114,52.2941,52.5403,2229789
2016-11-09,51.7033,53.5249,51.4473,53.4166,2200329
2016-11-10,54.6572,54.6966,52.9833,53.2689,2426357
2016-11-11,53.131,53.3477,51.4769,51.5852,1549498
2016-11-14,51.8904,52.1464,51.4375,51.9495,1575022
2016-11-15,52.4221,53.1901,51.6295,53.1704,1312849
2016-11-16,53.2,53.3083,52.491,52.6781,779468
2016-11-17,52.9243,53.2886,52.5501,52.9735,656784
2016-11-18,52.8455,53.3378,52.8061,53.1901,1059939
2016-11-21,54.7754,54.7754,53.4757,53.6234,692591
2016-11-22,53.8991,54.1452,53.0917,53.712,677515
2016-11-23,53.6431,54.6769,53.387,54.4406,965422
2016-11-25,54.4406,54.6277,54.0861,54.2634,226713
2016-11-28,54.7557,54.8345,54.1748,54.2929,933919
2016-11-29,54.0468,54.7941,53.9089,53.9581,854537
2016-11-30,54.3225,55.3612,53.9581,55.2579,1046274
2016-12-01,55.7305,56.0357,55.2086,55.4745,1321960
2016-12-02,55.376,56.2326,55.0314,55.6616,804780
2016-12-05,56.1637,56.469,55.8191,56.0357,863833
2016-12-06,55.7502,56.0948,54.9329,55.7699,1219201
2016-12-07,55.8979,57.365,55.8979,57.3256,830969
2016-12-08,57.493,58.1428,57.3354,58.0936,528933
2016-12-09,58.0739,58.3989,57.3945,57.9065,551307
2016-12-12,58.5859,59.0783,57.8228,57.8671,879184
2016-12-13,58.1428,58.4185,57.1484,57.1779,755428
2016-12-14,56.9121,57.2173,56.2425,56.4,703312
2016-12-15,56.2031,57.4241,55.9374,57.3945,691439
2016-12-16,57.3551,57.6702,56.4591,56.597,1301196
2016-12-19,56.4591,56.9317,56.0259,56.2622,645404
2016-12-20,56.3803,56.528,55.7994,56.144,504206
2016-12-21,56.2425,56.6954,55.8782,56.3016,481118
2016-12-22,56.1637,56.2917,55.5139,56.1046,444102
2016-12-23,56.085,56.1627,55.5139,55.8191,408271
2016-12-27,56.0062,56.5379,55.9077,56.4394,821539
2016-12-28,56.9579,57.0764,55.8914,55.9506,407359
2016-12-29,56.0889,56.5628,55.6445,56.0494,456537
2016-12-30,56.237,56.5825,55.6445,55.8519,595358
2017-01-03,56.5135,57.0369,55.7137,56.316,690124
2017-01-04,56.6221,57.5701,56.5135,57.4812,698077
2017-01-05,57.3232,58.4391,57.1949,57.6985,794897
2017-01-06,57.738,58.0342,57.3232,57.5899,669495
2017-01-09,57.5602,58.0441,57.1257,57.2245,623359
2017-01-10,57.3627,57.5504,56.6814,56.9776,743161
2017-01-11,57.0961,58.0046,56.8591,57.9947,797959
2017-01-12,58.1824,58.607,57.4516,58.5477,779282
2017-01-13,58.6168,58.8045,58.3601,58.528,747783
2017-01-17,58.5576,58.7156,57.7182,58.0145,535584
2017-01-18,58.0935,58.5773,57.7281,57.817,515419
2017-01-19,58.528,58.8835,58.212,58.5971,940055
2017-01-20,58.8637,60.2166,58.7551,59.555,2404475
2017-01-23,59.2686,60.0487,59.2488,59.9796,899858
2017-01-24,60.1771,61.4904,59.9796,60.8584,1832039
2017-01-25,61.2238,61.7373,60.8683,61.5892,915196
2017-01-26,61.7274,62.0533,61.0164,61.3719,1163691
2017-01-27,61.3324,61.5793,60.7202,60.9769,809075
2017-01-30,60.8189,60.8189,59.1501,59.7426,1260648
2017-01-31,59.6833,60.0487,59.1698,59.4068,1096006
2017-02-01,59.6241,60.0882,59.1303,59.8413,820204
2017-02-02,59.8512,60.1525,59.1106,59.7228,779334
2017-02-03,59.9006,60.1474,59.3081,59.5451,947207
2017-02-06,59.5451,60.1178,59.1402,59.9104,1504722
2017-02-07,57.5899,58.7452,55.9506,56.316,3778070
2017-02-08,57.343,57.343,55.8223,56.5234,1899495
2017-02-09,56.8789,57.1652,56.3456,56.5728,1127815
2017-02-10,56.9381,57.2146,56.3654,57.1159,1600232
2017-02-13,57.4319,58.5675,57.4319,58.0145,1502155
2017-02-14,57.6787,58.133,57.1554,57.3331,1372280
2017-02-15,57.0171,57.8071,56.9085,57.1751,1464712
2017-02-16,57.2047,57.9074,56.8986,57.106,1259382
2017-02-17,57.2739,57.7281,56.869,57.501,2525877
2017-02-21,57.6294,57.986,56.948,57.185,1336002
2017-02-22,56.9085,58.0046,56.8394,57.7084,2570515
2017-02-23,58.0935,58.3601,57.0468,57.264,1138549
2017-02-24,56.8591,57.4417,56.6034,57.4022,1136335
2017-02-27,57.3726,57.5504,56.79,56.9085,504485
2017-02-28,56.7406,57.3924,56.5728,56.8986,1036407
2017-03-01,57.659,59.0513,57.5652,58.4786,1783658
2017-03-02,58.3008,58.923,58.2614,58.7057,1521369
2017-03-03,58.7946,59.0316,58.3107,58.5378,1133378
2017-03-06,58.2317,58.5675,57.7775,58.4095,1126063
2017-03-07,58.291,58.7748,57.8762,58.3502,1360413
2017-03-08,58.3107,58.528,57.5405,57.58,1239755
2017-03-09,57.7577,58.686,57.7577,58.0935,1765317
2017-03-10,58.6267,59.4068,58.37,59.2982,1032301
2017-03-13,59.4167,59.8117,59.0711,59.6043,810472
2017-03-14,59.1106,59.4661,58.6958,58.8341,655228
2017-03-15,59.2686,59.7919,58.8341,59.6438,856476
2017-03-16,59.8314,59.9993,59.2241,59.6339,1069187
2017-03-17,59.8314,60.8387,59.7524,60.4239,1393311
2017-03-20,60.4338,60.8683,59.9312,60.5918,658595
2017-03-21,60.5918,60.7597,58.7255,58.8538,820527
2017-03-22,58.7551,60.5622,58.5181,60.4536,2581448
2017-03-23,59.8413,61.2534,59.5253,60.7794,1733078
2017-03-24,60.8189,61.2337,60.0487,60.3844,1049153
2017-03-27,59.6043,60.7794,59.2587,60.6807,681904
2017-03-28,60.4634,61.2929,60.2758,61.0362,1179419
2017-03-29,60.8926,61.3084,60.7243,60.7738,562854
2017-03-30,60.645,61.4866,60.645,60.8926,641598
2017-03-31,70.9225,71.3285,68.5561,68.9027,14122220
2017-04-03,70.2987,70.9423,69.1205,69.6849,4719599
2017-04-04,69.9126,70.7344,69.7641,70.675,3108739
2017-04-05,70.8928,72.0122,70.774,71.1403,2140800
2017-04-06,71.2592,72.3087,70.774,72.279,1461767
2017-04-07,71.8631,75.1801,71.8631,74.4969,4166096
2017-04-10,74.3582,74.7147,73.8582,74.487,3068269
2017-04-11,74.3781,74.7543,73.7741,74.6355,2242699
2017-04-12,74.1701,74.487,71.9126,72.1701,2672554
2017-04-13,72.0513,72.5463,71.3483,71.8433,1930377
2017-04-17,71.9622,72.7642,71.7443,72.7542,1615496
2017-04-18,72.3483,73.8137,72.3384,73.1206,1557785
2017-04-19,73.1503,73.4176,72.4671,72.7642,1461797
2017-04-20,72.9721,73.2493,72.4325,72.6849,1112667
2017-04-21,72.8335,73.2196,71.9225,71.9523,1521266
2017-04-24,72.5265,73.0414,71.9423,72.9226,1429182
2017-04-25,72.9622,73.5463,72.8929,73.0117,1145101
2017-04-26,72.8632,73.0859,72.378,72.7741,1545654
2017-04-27,72.279,73.3087,71.5364,72.8038,1767299
2017-04-28,73.0117,73.0117,72.1057,72.5067,590520
2017-05-01,72.6255,73.4374,72.3681,72.784,1047059
2017-05-02,72.6354,73.4572,72.5265,73.0414,1163052
2017-05-03,72.9028,73.6553,69.972,70.5958,3932658
2017-05-04,70.3879,70.5661,69.2393,70.0314,2365284
2017-05-05,70.1799,72.5958,69.7641,72.5661,1990998
2017-05-08,71.7542,72.5661,71.1751,72.1305,1224434
2017-05-09,72.2295,72.5166,71.7641,71.8829,1034036
2017-05-10,72.0612,73.5463,71.8631,73.3582,1679094
2017-05-11,73.2196,73.4671,71.9721,72.8137,951011
2017-05-12,72.1602,72.9325,71.982,72.0315,731444
2017-05-15,73.3384,74.5266,73.3384,74.1107,1656645
2017-05-16,74.4276,75.2692,74.0414,74.9226,1565960
2017-05-17,74.0711,74.18,72.9523,72.982,1615260
2017-05-18,70.7839,71.9176,69.2484,71.6255,1871229
2017-05-19,72.1602,74.3186,72.0315,73.5761,1546888
2017-05-22,73.9721,74.3186,72.8335,73.8533,858731
2017-05-23,73.9622,74.2592,73.0711,73.784,1268881
2017-05-24,74.1008,74.5662,73.4869,73.9226,649724
2017-05-25,74.2394,74.6454,73.8137,74.5761,681323
2017-05-26,74.5365,74.8731,74.4078,74.5068,685195
2017-05-30,74.4672,74.9523,74.0414,74.2592,549302
2017-05-31,74.1899,74.784,73.5959,74.6256,1977355
2017-06-01,74.7048,75.9226,74.4474,75.3781,897260
2017-06-02,75.2692,75.8533,75.0315,75.7147,755437
2017-06-05,75.3781,75.8335,74.982,75.0612,500748
2017-06-06,74.8632,75.3583,74.3582,75.2494,1194497
2017-06-07,75.4375,75.6355,74.5761,75.4375,983465
2017-06-08,75.3286,75.8335,75.081,75.4969,967627
2017-06-09,75.5068,76.6157,75.3088,75.8632,707264
2017-06-12,75.685,76.2494,74.5662,74.6751,851295
2017-06-13,74.8038,76.0415,74.5266,76.0118,1306880
2017-06-14,76.1504,76.1652,74.7642,75.0711,1513131
2017-06-15,74.2592,75.1008,73.7345,75.0711,1282478
2017-06-16,75.2593,75.8236,74.7246,75.3979,1772468
2017-06-19,75.7147,76.2296,74.8335,74.8632,1681705
2017-06-20,74.5068,75.4276,74.5068,75.081,959986
2017-06-21,75.1503,75.586,74.7939,74.8434,1067526
2017-06-22,74.8533,75.2296,73.5166,73.5265,716546
2017-06-23,73.2889,74.4474,72.6503,74.0414,1135108
2017-06-26,74.4375,74.6751,73.8533,74.0315,477568
2017-06-27,74.4078,74.685,73.279,73.279,534702
2017-06-28,73.7206,74.8419,73.6213,74.445,510416
2017-06-29,74.4351,74.5144,72.0534,72.7977,994490
2017-06-30,72.0634,73.1549,70.8825,72.4901,3335164
2017-07-03,73.0557,73.2641,72.0931,73.0061,551592
2017-07-05,73.0855,73.3931,72.2618,72.9862,922494
2017-07-06,72.6687,73.3336,72.2817,73.0359,743465
2017-07-07,73.274,74.3557,72.9962,74.0183,682479
2017-07-10,73.7801,75.8938,73.4725,75.2885,1052674
2017-07-11,74.9808,75.0106,73.3633,73.661,1308302
2017-07-12,74.3954,75.0801,74.2961,74.9511,793092
2017-07-13,75.3182,76.4594,74.8221,76.2411,1402243
2017-07-14,76.3999,76.6281,75.8045,75.9037,894203
2017-07-17,75.864,76.5884,75.864,76.1915,738957
2017-07-18,75.5663,75.8938,75.2686,75.4175,661522
2017-07-19,75.4869,75.9037,75.2984,75.5961,731865
2017-07-20,75.5862,75.735,74.827,75.2091,435798
2017-07-21,75.2587,75.606,74.9114,75.477,454821
2017-07-24,75.4175,76.6182,75.3678,76.2113,649068
2017-07-25,76.6877,77.5212,76.1854,77.3922,847993
2017-07-26,77.4716,77.6998,76.3304,76.4098,748603
2017-07-27,76.6678,77.1838,75.1992,76.0426,487565
2017-07-28,76.2312,76.6976,75.4383,76.0625,588905
2017-07-31,76.4098,76.5884,75.4671,75.7946,706229
2017-08-01,76.0724,76.8564,75.1793,76.7571,1072165
2017-08-02,80.9845,83.4951,80.0219,83.2073,4997914
2017-08-03,83.1974,84.408,82.344,82.7012,2496943
2017-08-04,83.4355,83.8324,82.4333,83.7035,1097534
2017-08-07,84.1798,84.4477,83.4455,83.9515,1205446
2017-08-08,83.634,84.2492,83.2074,83.7233,1191507
2017-08-09,83.763,84.3485,83.4653,83.9615,1263916
2017-08-10,83.6042,84.0607,82.3241,82.4134,1164788
2017-08-11,82.3638,83.2073,81.8776,82.0959,774942
2017-08-14,82.5424,83.2867,82.1653,82.7111,777438
2017-08-15,82.7409,84.1699,82.3737,83.9119,920809
2017-08-16,84.0806,84.5172,83.8622,84.0905,1083425
2017-08-17,83.9912,84.2096,82.076,82.1455,1061898
2017-08-18,82.0363,82.6714,81.3119,81.9966,885445
2017-08-21,82.0264,82.9294,81.9371,82.8203,428427
2017-08-22,83.1775,84.0409,83.0088,83.8126,571440
2017-08-23,83.5645,83.9119,83.5596,83.7729,584302
2017-08-24,84.0607,84.2393,83.0386,83.4653,796227
2017-08-25,84.279,84.3485,83.6241,83.6538,588858
2017-08-28,83.7035,84.1599,83.4355,83.892,542004
2017-08-29,83.3363,83.8523,82.9046,83.7828,633195
2017-08-30,83.5348,83.9069,83.4058,83.8325,591496
2017-08-31,87.5041,87.514,85.192,85.5591,2516511
2017-09-01,86.0156,86.8988,85.3706,86.74,1056872
2017-09-05,86.9286,87.3751,84.9141,84.9637,782259
2017-09-06,85.45,85.8072,84.7553,85.6385,927640
2017-09-07,85.966,87.1469,85.5095,86.9881,860293
2017-09-08,86.6606,87.0576,86.1545,86.4721,774829
2017-09-11,87.3255,89.5185,87.127,88.2881,1477050
2017-09-12,89.0323,89.9849,88.05,89.0125,1170578
2017-09-13,88.9728,89.3002,88.4369,88.9529,853398
2017-09-14,88.814,89.3102,88.5609,89.1216,2113344
2017-09-15,89.0125,89.2109,88.0896,88.8735,1362888
2017-09-18,89.2109,91.1658,89.1712,90.6597,1537848
2017-09-19,90.9674,91.6918,90.1915,91.4338,1578737
2017-09-20,92.1284,92.7238,90.501,91.2452,1273730
2017-09-21,91.017,91.3246,89.6674,89.7468,1234207
2017-09-22,90.1834,91.1757,88.4468,89.2605,1300882
2017-09-25,89.0521,89.3002,85.1126,85.3507,2605322
2017-09-26,85.6981,86.869,84.8347,85.053,1354117
2017-09-27,85.7774,87.4148,85.2317,86.5217,1093365
2017-09-28,86.8547,88.0378,86.7155,87.4513,1079767
2017-09-29,87.7793,89.221,87.1232,88.7934,1250700
2017-10-02,88.7934,89.2707,87.5208,88.3361,1051133
2017-10-03,88.5747,90.066,88.3162,89.7877,1376926
2017-10-04,89.9766,90.5333,89.4099,90.4339,1302252
2017-10-05,90.8813,91.2989,90.3643,91.1895,1056129
2017-10-06,90.5134,90.9211,89.2906,90.6327,1055322
2017-10-09,90.8117,91.0304,89.8771,90.2351,458893
2017-10-10,90.3444,90.5035,89.6385,90.1555,675825
2017-10-11,90.7819,92.0445,90.7421,91.8954,802460
2017-10-12,91.6568,92.7304,91.3386,92.3925,934782
2017-10-13,93.1382,93.8739,92.7802,93.1779,1045987
2017-10-16,93.3768,94.5201,93.1083,94.4605,1107613
2017-10-17,94.3014,94.3014,93.536,93.8739,962466
2017-10-18,93.9733,94.5301,93.4364,93.516,871849
2017-10-19,93.2078,93.7546,92.1241,93.5756,758084
2017-10-20,94.1026,94.2616,93.4066,94.0031,832994
2017-10-23,94.4207,94.4903,93.4861,93.6651,642927
2017-10-24,93.7446,94.2517,93.3579,93.6253,716956
2017-10-25,93.4762,93.9634,91.5772,92.7206,874318
2017-10-26,93.3271,93.4563,92.1141,92.6013,730344
2017-10-27,92.651,93.0288,91.0603,91.9749,944051
2017-10-30,91.9749,92.3627,91.3983,91.8159,1080229
2017-10-31,91.9352,92.8001,91.9153,92.3229,997560
2017-11-01,93.2972,93.3668,90.7222,91.3685,1282058
2017-11-02,91.1199,91.448,87.1132,89.6286,1914082
2017-11-03,89.4795,90.7222,88.8829,90.583,1532397
2017-11-06,90.7918,91.3088,89.8622,90.4339,1428601
2017-11-07,90.931,94.0131,90.9211,92.9692,2484969
2017-11-08,93.0387,94.3213,92.5913,92.7007,1407565
2017-11-09,92.0147,92.4422,91.2989,91.627,1127347
2017-11-10,91.3784,92.7206,91.3784,92.6808,733667
2017-11-13,92.4124,94.6991,91.9203,94.3312,1419383
2017-11-14,93.5657,93.9534,91.9749,92.472,1471264
2017-11-15,91.965,92.0744,89.4795,91.5872,1445572
2017-11-16,91.7761,93.2972,91.3486,92.7802,1002690
2017-11-17,93.0089,93.2774,92.2235,92.4024,800093
2017-11-20,92.4422,92.8697,92.0246,92.134,865515
2017-11-21,92.7604,93.9733,92.303,93.8739,711221
2017-11-22,94.1324,94.192,92.5317,92.6311,458130
2017-11-24,93.2873,94.1523,93.0885,94.0628,427651
2017-11-27,94.0628,94.6792,93.168,93.2674,901287
2017-11-28,93.4961,93.9932,92.473,93.9534,701345
2017-11-29,93.7148,94.0429,91.5474,92.6709,1062545
2017-11-30,92.8399,94.3909,92.6709,93.854,1152818
2017-12-01,93.9534,94.3909,91.4778,93.3867,1335271
2017-12-04,94.1026,94.4207,90.8912,90.941,1350621
2017-12-05,90.7322,91.2094,88.7339,89.3303,1141524
2017-12-06,88.9127,89.5093,87.4513,87.4811,1307105
2017-12-07,87.1729,88.863,87.0536,87.7396,1345882
2017-12-08,88.4455,89.7181,88.0577,88.2963,1008370
2017-12-11,88.4654,89.4496,88.356,89.1215,934587
2017-12-12,89.1215,90.1356,88.6543,89.6286,760949
2017-12-13,89.6286,90.6129,89.2508,90.1853,915354
2017-12-14,90.2748,90.8912,89.0619,89.3403,1064167
2017-12-15,90.2947,92.0048,90.0462,91.6667,2635699
2017-12-18,92.7107,93.5557,92.1638,93.4066,1261145
2017-12-19,93.8043,94.6494,93.2177,93.9236,1098192
2017-12-20,94.4406,95.225,93.6253,94.371,652832
2017-12-21,94.9377,95.1564,94.2318,94.5897,710216
2017-12-22,94.893,94.9576,94.202,94.9079,445857
2017-12-26,95.2061,95.4646,94.5301,94.9874,490913
2017-12-27,95.1266,95.2857,94.2318,94.2517,730281
2017-12-28,94.2667,94.6651,94.0276,94.6153,528816
2017-12-29,94.8842,95.3174,94.2567,94.2766,647413
2018-01-02,94.9937,95.5614,94.7049,95.3423,1181263
2018-01-03,95.5415,96.6769,94.9539,96.5673,946096
2018-01-04,97.2047,98.2903,96.7167,97.0553,1021049
2018-01-05,97.5732,98.0812,96.9059,97.6828,1120496
2018-01-08,98.1011,98.2505,97.0155,97.7724,773478
2018-01-09,97.9716,98.2903,97.4288,97.7326,809107
2018-01-10,97.394,98.1708,96.5374,97.1251,741811
2018-01-11,97.394,97.6728,96.6271,97.4836,945027
2018-01-12,98.3003,98.3003,96.8561,97.4836,679403
2018-01-16,97.8919,98.1509,94.1372,94.5953,1048085
2018-01-17,95.4319,95.4319,93.1313,93.4799,1333608
2018-01-18,89.5857,90.6115,86.7473,89.8048,5214582
2018-01-19,90.5916,90.8008,88.9085,89.4961,2133027
2018-01-22,89.3566,90.0638,89.1077,89.4861,1926233
2018-01-23,89.5359,89.7849,88.291,88.52,1473921
2018-01-24,88.9682,89.6156,88.0569,89.3666,1818272
2018-01-25,89.8845,92.7927,89.8347,91.5975,1364131
2018-01-26,91.8366,92.5238,91.1693,91.6573,964827
2018-01-29,91.2091,91.5179,89.9443,91.0,957063
2018-01-30,90.1733,91.7768,89.8845,91.1693,1536037
2018-01-31,91.6672,92.2349,90.4422,90.9601,1028545
2018-02-01,90.6016,91.2589,88.5898,88.8587,995455
2018-02-02,88.1416,88.3707,85.2234,85.3728,1778954
2018-02-05,84.7155,86.9763,82.4348,82.7535,1956357
2018-02-06,80.9907,85.0442,80.3533,84.6458,1702407
2018-02-07,84.5263,85.6119,83.4208,83.6299,905383
2018-02-08,83.7295,84.6757,80.4827,80.5425,1319099
2018-02-09,81.4787,82.9626,79.2975,82.3452,1425824
2018-02-12,83.4805,85.3828,82.6439,84.8749,2411423
2018-02-13,85.6816,86.515,81.4388,81.5285,2918423
2018-02-14,81.7177,85.6119,81.2098,84.9147,2156996
2018-02-15,86.568,87.1456,84.2474,84.8948,1235901
2018-02-16,84.6956,84.7454,82.8332,83.0124,1297350
2018-02-20,82.9029,84.1877,82.7236,83.2116,991719
2018-02-21,83.2116,83.4706,81.7775,81.7874,1448242
2018-02-22,82.4945,83.7494,81.8672,83.2017,1083434
2018-02-23,83.7196,85.4027,83.6498,85.3728,1240617
2018-02-26,85.333,85.3529,80.6222,83.3112,2139480
2018-02-27,83.4307,84.2823,82.2157,82.2555,1327824
2018-02-28,82.8332,83.4507,78.1622,78.1622,2697057
2018-03-01,78.1622,78.5904,76.2599,78.3215,3407784
2018-03-02,78.0924,79.8553,77.0367,79.3274,2127961
2018-03-05,78.7896,80.9907,78.5506,80.403,1526017
2018-03-06,81.0106,82.4248,80.5923,82.0862,1730846
2018-03-07,81.1998,82.7137,80.7816,82.4547,1196507
2018-03-08,82.5941,83.3212,80.9608,81.9169,1099162
2018-03-09,82.6838,83.5503,82.2306,83.2116,1149672
2018-03-12,83.3013,84.1777,82.2456,83.5403,1292271
2018-03-13,84.0383,84.3869,83.2116,83.4407,919070
2018-03-14,83.7395,84.1578,82.0563,82.3551,926016
2018-03-15,82.4746,82.8332,80.7018,80.7417,1042252
2018-03-16,80.5923,82.6141,80.2438,81.9567,1469312
2018-03-19,81.4986,81.8671,80.7118,80.9907,830441
2018-03-20,81.2994,81.4986,79.427,79.666,1140189
2018-03-21,79.5465,80.9907,78.7697,80.0246,1445766
2018-03-22,79.3573,80.0744,77.0168,77.0467,2219993
2018-03-23,77.2061,77.9331,75.1395,75.2042,1106407
2018-03-26,76.3595,76.9869,74.8656,75.6723,1317514
2018-03-27,76.1105,76.6682,74.5568,74.9751,1596431
2018-03-28,74.8903,75.4393,72.5946,72.9739,1409629
2018-03-29,75.0799,76.9764,74.8603,76.4274,3012076
2018-04-02,76.7768,78.0045,74.4611,74.8504,1534769
2018-04-03,75.6688,76.2577,74.4811,76.098,2012007
2018-04-04,74.6607,76.1679,73.5628,76.0382,1735267
2018-04-05,76.647,79.861,76.647,79.3919,2487421
2018-04-06,78.6133,79.6015,77.3557,77.9845,2147678
2018-04-09,78.3538,78.9228,77.6551,77.8448,964828
2018-04-10,78.9627,79.9309,78.3239,79.1024,1102879
2018-04-11,78.4337,79.1224,78.0893,78.284,776873
2018-04-12,79.7812,80.7793,79.362,79.851,1096698
2018-04-13,80.3601,80.6296,79.7712,80.1804,1053252
2018-04-16,80.6096,80.7893,79.6215,80.4699,740400
2018-04-17,81.0388,81.9571,80.6496,81.6776,1108331
2018-04-18,82.3065,83.3595,81.7375,82.5859,1640755
2018-04-19,82.5859,82.9253,81.0688,81.9671,733139
2018-04-20,81.9871,82.7906,81.5978,82.1567,1509071
2018-04-23,82.1168,82.7257,81.8573,82.2466,1721114
2018-04-24,82.7456,83.1348,79.2522,80.5298,1022804
2018-04-25,80.4699,81.2084,79.5516,80.41,1114617
2018-04-26,80.8192,81.5878,79.9808,81.0987,916152
2018-04-27,81.0488,81.5778,80.42,81.0787,1164942
2018-04-30,80.9789,81.5628,79.5616,79.5815,1169132
2018-05-01,79.0925,79.7013,78.2141,79.6614,977661
2018-05-02,79.5915,80.8085,79.5915,80.2004,1351971
2018-05-03,83.8336,84.4325,81.0787,83.5741,3848528
2018-05-04,85.0314,87.8461,84.7519,87.2672,2786092
2018-05-07,87.4868,87.906,86.5286,87.6565,1848992
2018-05-08,87.2672,88.1555,86.6384,87.2273,1414412
2018-05-09,87.4569,87.7962,85.8299,86.2192,1383366
2018-05-10,86.319,87.5666,85.5404,87.2672,1572584
2018-05-11,87.4668,89.6627,87.4369,88.7345,1504951
2018-05-14,91.0901,91.2398,89.3533,89.6228,2052157
2018-05-15,89.0339,90.7108,88.1655,89.8324,1531070
2018-05-16,89.4232,91.8287,89.4232,91.5991,1563390
2018-05-17,91.8287,92.6572,91.3696,92.228,1564426
2018-05-18,91.5891,92.7769,90.8904,91.3396,835935
2018-05-21,91.9684,92.4525,90.7407,91.1599,789651
2018-05-22,91.2099,92.0682,90.8805,90.9204,1231335
2018-05-23,90.3215,90.7807,89.4032,90.3315,950960
2018-05-24,89.3633,89.3633,87.8057,88.1655,1787423
2018-05-25,88.8942,89.6028,88.0957,89.503,1258978
2018-05-29,88.8043,89.2186,87.0077,87.1674,1359238
2018-05-30,87.5467,88.6546,87.2872,88.2055,788350
2018-05-31,88.3452,88.4051,86.7681,86.9278,1006047
2018-06-01,87.3371,88.445,87.0476,88.1056,957071
2018-06-04,88.425,88.5478,87.0476,87.357,987002
2018-06-05,87.4569,88.5149,87.4369,88.1056,836091
2018-06-06,88.4849,90.7307,88.0058,90.7108,1384996
2018-06-07,90.7307,91.1899,88.3951,88.6247,1152461
2018-06-08,88.6047,89.0738,87.4269,88.475,1254809
2018-06-11,88.5548,89.6328,88.2055,88.7245,982243
2018-06-12,88.8443,90.0812,88.5448,89.7027,1285865
2018-06-13,89.8224,90.4014,89.4232,89.7526,1257428
2018-06-14,89.8324,90.581,89.8324,90.1319,1008026
2018-06-15,89.8324,90.062,88.7345,89.7027,1884648
2018-06-18,88.7245,89.4631,88.3352,88.455,1293111
2018-06-19,87.1973,87.3371,85.2759,86.0395,1034382
2018-06-20,86.4787,86.828,85.4306,86.6084,921906
2018-06-21,86.5386,87.0277,86.1792,86.4288,1209889
2018-06-22,87.0376,89.2335,86.8081,88.7744,2466425
2018-06-25,88.435,89.1038,86.7282,88.2354,2596415
2018-06-26,88.0458,88.7694,87.387,88.1855,1075997
2018-06-27,89.0439,89.7378,88.3156,88.455,1681749
2018-06-28,88.5,88.54,87.12,88.31,915443
2018-06-29,88.56,90.11,88.17,89.21,1394101
2018-07-02,88.54,88.99,87.62,87.99,843299
2018-07-03,88.93,89.99,88.7101,89.16,618234
2018-07-05,89.39,89.82,87.61,88.91,1228060
2018-07-06,88.66,90.41,88.5,89.78,714767
2018-07-09,90.25,90.87,89.88,90.19,1166234
2018-07-10,90.19,91.08,89.94,91.01,877505
2018-07-11,89.88,90.0,88.33,88.58,971440
2018-07-12,89.23,89.3631,87.92,88.99,793424
2018-07-13,88.8,89.7631,88.29,88.34,715116
2018-07-16,88.24,88.82,86.35,86.72,1029947
2018-07-17,86.05,88.36,86.0,87.75,1693228
2018-07-18,87.75,88.15,86.81,87.0,1299351
2018-07-19,86.55,86.94,85.6,86.61,942031
2018-07-20,86.02,86.96,85.84,86.65,797773
2018-07-23,86.5,86.5,85.48,85.88,703608
2018-07-24,86.66,87.44,86.09,86.39,796604
2018-07-25,85.87,87.63,85.87,87.58,795728
2018-07-26,87.56,88.65,87.215,88.48,598940
2018-07-27,88.84,89.63,88.01,88.68,817548
2018-07-30,88.89,89.84,88.67,89.15,1477097
2018-07-31,89.56,90.3,88.78,89.88,1075561
2018-08-01,89.88,90.1899,88.085,88.27,1423936
2018-08-02,85.0,87.89,84.3,86.54,1894041
2018-08-03,86.92,88.52,86.5,87.79,884105
2018-08-06,87.32,88.53,86.91,88.09,777386
2018-08-07,88.62,88.89,86.89,87.0,781190
2018-08-08,87.5,89.33,87.5,89.12,1307987
2018-08-09,89.15,91.49,89.14,90.24,1507958
2018-08-10,89.24,89.25,87.35,87.76,1095788
2018-08-13,87.44,87.65,84.91,85.83,1110435
2018-08-14,86.05,86.68,85.25,85.63,713476
2018-08-15,84.74,85.23,82.46,83.79,1025953
2018-08-16,84.54,85.2,84.355,84.52,694609
2018-08-17,84.23,85.0,83.31,84.44,747308
2018-08-20,84.56,85.65,84.485,85.11,717707
2018-08-21,85.1,86.14,84.82,85.59,744929
2018-08-22,85.75,86.1095,85.18,85.43,893420
2018-08-23,85.17,85.23,82.96,84.58,1241560
2018-08-24,85.12,86.14,84.55,85.54,599516
2018-08-27,85.92,87.15,85.72,86.36,671520
2018-08-28,86.56,87.11,85.87,86.37,622136
2018-08-29,86.4,87.22,85.715,86.59,818085
2018-08-30,86.14,86.75,84.63,85.06,1322224
2018-08-31,85.14,86.59,85.0,85.45,919876
2018-09-04,84.42,84.89,82.595,83.02,1206661
2018-09-05,83.14,84.35,82.5,83.48,1104369
2018-09-06,83.48,83.88,82.3564,82.94,1016754
2018-09-07,82.41,83.11,81.58,82.17,1025280
2018-09-10,82.49,83.3467,81.9,82.1,796631
2018-09-11,81.17,82.79,81.01,82.49,739193
2018-09-12,82.47,83.75,82.22,83.28,764485
2018-09-13,83.8,84.76,83.765,84.75,943428
