date,open,high,low,close,volume
2013-09-16,32.132,32.8356,31.8066,31.9428,2265216
2013-09-17,31.9428,32.2001,31.4586,31.5948,1662073
2013-09-18,31.6402,33.282,31.1711,33.2517,3470963
2013-09-19,33.3274,33.6754,32.8053,32.8129,3308133
2013-09-20,32.7448,32.7978,31.8369,31.8445,3811922
2013-09-23,31.7234,32.0185,31.451,31.504,2244617
2013-09-24,31.5418,31.6099,31.2846,31.3224,2584427
2013-09-25,31.3149,31.6251,31.2316,31.5267,2982607
2013-09-26,31.5267,31.6175,31.3338,31.6175,1610235
2013-09-27,31.3981,31.6251,31.1499,31.4359,2272565
2013-09-30,31.2316,31.6478,30.8458,30.982,2697239
2013-10-01,30.9441,31.8596,30.8836,31.7083,2545738
2013-10-02,31.7234,31.7575,31.156,31.6024,2400380
2013-10-03,31.4662,31.4964,29.779,30.127,8955426
2013-10-04,30.0287,30.2103,29.1889,29.5445,7791408
2013-10-07,29.4007,30.3464,29.3251,30.1573,3734963
2013-10-08,30.1422,30.7323,30.1422,30.3843,4359472
2013-10-09,30.3843,30.755,30.3843,30.4221,2999469
2013-10-10,30.6415,30.9593,30.5356,30.9214,2631732
2013-10-11,30.8912,31.4359,30.7777,31.4284,2217342
2013-10-14,31.2316,31.4889,31.0122,31.3603,2653160
2013-10-15,31.1257,31.4586,30.9668,31.1635,2196032
2013-10-16,31.33,31.958,31.2922,31.8293,2604131
2013-10-17,31.8066,32.5027,31.7461,32.4119,2649419
2013-10-18,32.5708,32.6616,32.0185,32.2076,5016607
2013-10-21,32.1168,32.1849,31.6251,31.8293,2074028
2013-10-22,32.1622,32.3816,31.905,32.1698,2155294
2013-10-23,32.1093,32.2606,31.9126,32.2152,2704988
2013-10-24,32.2833,32.306,32.0412,32.0714,1989299
2013-10-25,32.1698,32.6313,32.0412,32.5708,2206352
2013-10-28,32.6843,32.7523,32.0714,32.4195,1931347
2013-10-29,32.533,32.7448,31.7007,31.8899,2695483
2013-10-30,31.9428,32.1622,31.6478,32.0109,3383703
2013-10-31,32.3058,32.3058,31.5781,31.7926,2794085
2013-11-01,31.7926,32.1756,31.6738,31.9535,2241383
2013-11-04,32.0454,32.1756,31.647,32.0837,1855859
2013-11-05,31.8845,32.0301,31.1567,31.2487,2791209
2013-11-06,31.2257,31.6623,31.2257,31.3789,1843587
2013-11-07,31.4708,31.5474,30.9614,30.9882,2438157
2013-11-08,30.8043,30.8426,29.6245,30.36,3282952
2013-11-11,30.383,30.6971,30.2144,30.2451,1756312
2013-11-12,30.2374,30.2949,29.9846,30.0995,2233595
2013-11-13,29.9923,30.2527,29.9616,30.2221,2115796
2013-11-14,30.3293,30.7201,30.3064,30.3217,2250413
2013-11-15,30.2757,30.6588,30.2221,30.4979,2504037
2013-11-18,30.4902,30.6817,30.3906,30.4213,2834440
2013-11-19,30.1302,30.1915,29.7165,29.8314,3252762
2013-11-20,30.383,30.4519,29.5786,29.7471,3797847
2013-11-21,29.7471,29.9999,29.5709,29.8161,2113597
2013-11-22,29.8927,29.9003,29.1572,29.3181,3626430
2013-11-25,29.3871,29.4177,28.8431,28.8814,2972561
2013-11-26,28.8814,28.8814,28.3911,28.3911,3995254
2013-11-27,28.4065,28.6861,28.2686,28.6286,1905028
2013-11-29,28.6516,28.7129,28.146,28.169,1482948
2013-12-02,28.3069,28.3069,27.74,27.8396,2430781
2013-12-03,27.717,27.8779,27.4259,27.6251,2731593
2013-12-04,27.3569,28.1077,27.3263,27.9545,3310192
2013-12-05,27.7706,28.1077,27.648,27.9545,2555419
2013-12-06,28.1537,28.2149,27.8396,28.0158,2331160
2013-12-09,28.0081,28.2762,27.6021,28.2456,2193625
2013-12-10,28.2303,28.529,28.1766,28.2379,2795495
2013-12-11,28.3069,28.3069,27.4335,27.4565,3123831
2013-12-12,27.4565,27.5025,27.1961,27.3186,3393520
2013-12-13,27.3799,27.7859,27.3186,27.4029,1870705
2013-12-16,27.4029,28.2609,27.3493,27.6251,3140779
2013-12-17,27.5944,27.8396,27.4565,27.8242,3185087
2013-12-18,27.9315,28.2533,27.3876,28.2226,5084823
2013-12-19,28.1383,28.1383,27.2727,27.4259,2926792
2013-12-20,27.4489,27.7093,27.2956,27.6404,3693989
2013-12-23,27.7706,27.9315,27.6787,27.7476,2581734
2013-12-24,27.7323,27.9545,27.6864,27.8549,966608
2013-12-26,27.9392,28.0924,27.8472,27.9468,1940361
2013-12-27,27.9238,28.0311,27.7859,27.9621,2242511
2013-12-30,27.9775,28.0924,27.8855,28.0388,1628280
2013-12-31,28.0158,28.0636,27.7476,27.8242,2540899
2014-01-02,27.8319,27.9085,27.5791,27.74,2100032
2014-01-03,27.7017,27.8779,27.5408,27.717,2014262
2014-01-06,27.717,28.6133,27.7017,28.1996,4266293
2014-01-07,28.1996,28.7129,28.0082,28.6823,4243611
2014-01-08,28.7206,28.7589,28.3069,28.621,3789490
2014-01-09,28.9197,28.9734,28.4448,28.6593,3674615
2014-01-10,28.9504,29.9157,28.9351,29.7778,4337936
2014-01-13,29.6858,29.8467,29.1228,29.1955,4069386
2014-01-14,29.2875,29.3334,29.073,29.1036,3015640
2014-01-15,29.1113,29.4254,29.1036,29.1419,3399743
2014-01-16,29.0883,29.4196,29.0883,29.4177,2953341
2014-01-17,29.4637,29.5096,29.027,29.1419,3957633
2014-01-21,29.3411,29.5403,29.1419,29.41,3296700
2014-01-22,29.4867,29.6399,29.3105,29.4483,2083818
2014-01-23,29.3794,29.5403,29.3028,29.5173,3409925
2014-01-24,29.5096,29.6399,29.3128,29.5709,3092710
2014-01-27,29.5709,29.7701,29.4254,29.4254,2883534
2014-01-28,29.525,29.9923,29.525,29.9693,2670497
2014-01-29,29.7854,29.9693,29.6169,29.7471,2347499
2014-01-30,29.885,30.0459,29.7624,29.7931,2529814
2014-01-31,29.5173,30.1378,29.4943,29.9923,3152777
2014-02-03,30.0689,30.1148,29.7088,29.7471,4537929
2014-02-04,29.7624,29.9157,29.5096,29.8927,3094428
2014-02-05,29.8161,29.9769,29.4024,29.5709,2586891
2014-02-06,29.5593,29.9633,29.5359,29.637,3197630
2014-02-07,29.7768,29.9089,29.5437,29.8545,2973142
2014-02-10,29.8934,30.2431,29.6681,30.1654,2519000
2014-02-11,29.567,29.9167,28.9737,29.3728,5551254
2014-02-12,29.3961,29.567,29.0464,29.2174,3565259
2014-02-13,29.1397,29.5204,29.1163,29.4349,2452511
2014-02-14,29.3728,29.4893,29.2018,29.2873,2417670
2014-02-18,29.3339,29.4349,28.9298,29.4272,2925666
2014-02-19,29.3728,30.1032,29.3417,29.6292,3688367
2014-02-20,29.6681,29.9478,29.2407,29.4039,2277779
2014-02-21,29.1163,29.1552,28.7589,28.8366,4455504
2014-02-24,28.8988,29.5903,28.8366,29.3883,2863721
2014-02-25,29.4116,29.4505,29.0231,29.093,2900926
2014-02-26,29.1863,29.5515,29.0697,29.5359,2459808
2014-02-27,29.5593,29.8157,29.5437,29.8001,2309307
2014-02-28,29.7846,30.2664,29.7147,30.1265,4064861
2014-03-03,29.9866,30.1887,29.8001,30.0643,1976845
2014-03-04,30.3441,30.6394,30.1964,30.6316,3180056
2014-03-05,30.585,30.7637,30.2975,30.4995,2099294
2014-03-06,30.4917,30.5539,29.8856,29.9789,1909863
2014-03-07,29.9322,29.9633,29.1319,29.2795,3442676
2014-03-10,29.2484,29.3059,28.8832,28.8988,3007576
2014-03-11,28.9998,29.2562,28.9804,29.1008,5159884
2014-03-12,29.0853,29.3805,29.0775,29.2174,4215013
2014-03-13,29.2951,29.2951,28.8521,28.8599,3719965
2014-03-14,28.8677,29.1205,28.8288,28.8755,3495472
2014-03-17,29.0231,29.1397,28.7589,28.7977,2607137
2014-03-18,28.7744,28.8716,28.689,28.7977,2670559
2014-03-19,28.8288,28.992,28.1372,28.215,4667954
2014-03-20,28.1606,28.3858,27.9761,28.1606,3925434
2014-03-21,28.246,28.7744,28.1217,28.6501,5864695
2014-03-24,28.7744,28.7744,28.4869,28.518,3082488
2014-03-25,28.6501,28.9532,28.5802,28.8988,2019936
2014-03-26,29.2951,29.2951,28.7822,28.8444,3015695
2014-03-27,28.8521,29.3961,28.7589,29.3495,2719007
2014-03-28,29.3961,29.7147,29.3495,29.6603,2263499
2014-03-31,29.7535,30.1654,29.4505,30.1421,3661285
2014-04-01,30.0954,30.1731,29.9089,30.1654,2740259
2014-04-02,30.111,30.3285,29.9905,30.313,2700795
2014-04-03,30.3752,30.3752,30.0721,30.313,1798126
2014-04-04,30.4451,30.8298,30.2742,30.6705,2849213
2014-04-07,30.7015,31.3776,30.6705,31.2455,3727973
2014-04-08,31.1678,31.6418,31.1367,31.6185,3114546
2014-04-09,31.7117,31.7195,31.2338,31.4087,3776645
2014-04-10,31.4475,31.6962,31.0668,31.1134,3154819
2014-04-11,30.9968,31.5563,30.8336,31.2532,4062696
2014-04-14,31.4941,31.5019,31.1678,31.4941,2649814
2014-04-15,31.463,32.1158,31.4009,32.0381,3333305
2014-04-16,32.1779,32.209,31.7816,31.9215,2312430
2014-04-17,31.8749,31.9106,31.1367,31.4941,4893200
2014-04-21,31.805,31.8516,31.4708,31.7195,2396422
2014-04-22,31.7195,31.7428,31.2222,31.5796,2462353
2014-04-23,31.6107,31.7039,31.3387,31.7039,2860162
2014-04-24,31.735,32.0225,31.6573,31.7816,2361078
2014-04-25,31.8205,32.0381,31.6029,31.6729,2206713
2014-04-28,31.836,32.3334,31.8205,32.3334,3187465
2014-04-29,32.4577,32.5587,32.209,32.4888,4333503
2014-04-30,32.3955,32.5587,32.2479,32.5276,2203086
2014-05-01,32.5199,32.7918,32.2401,32.7763,2582856
2014-05-02,32.6131,32.8144,32.4655,32.6908,2574290
2014-05-05,32.5898,32.9161,32.5742,32.7918,2071634
2014-05-06,32.5432,32.9705,32.4111,32.6131,2251622
2014-05-07,32.7607,33.1726,32.7374,32.9939,2520855
2014-05-08,33.0923,33.3599,33.0057,33.3599,3369152
2014-05-09,33.3599,33.7062,33.0686,33.1474,4638963
2014-05-12,33.1789,33.2576,32.9033,32.9978,2232342
2014-05-13,33.0529,33.3048,32.8404,32.927,2266495
2014-05-14,32.9348,33.3323,32.8089,33.2182,2120011
2014-05-15,33.1474,33.2891,32.9663,33.2654,2239741
2014-05-16,33.1631,33.5882,32.9663,33.5882,2276452
2014-05-19,33.5331,33.5331,33.1159,33.2969,1528401
2014-05-20,33.4307,33.6433,33.234,33.3048,1501864
2014-05-21,33.3835,33.3914,32.8797,32.9427,1293561
2014-05-22,32.9506,33.0529,32.7774,32.8089,1447843
2014-05-23,32.9821,33.1998,32.864,33.1474,1210037
2014-05-27,33.3048,33.3914,32.9671,33.1474,1681866
2014-05-28,33.1238,33.1238,32.4775,32.6278,2345208
2014-05-29,32.7066,32.8561,32.6593,32.7538,1980178
2014-05-30,32.7774,33.045,32.7538,32.864,3542521
2014-06-02,32.8404,33.2065,32.7617,33.0923,2796857
2014-06-03,33.1395,33.2497,32.7931,33.1946,3232401
2014-06-04,33.0923,33.1395,32.7931,32.927,2390900
2014-06-05,32.9191,33.5803,32.9191,33.5646,2545483
2014-06-06,33.6511,33.6669,33.2812,33.3993,1702061
2014-06-09,33.3914,33.5567,32.6987,32.8404,2612405
2014-06-10,32.738,32.8325,32.4625,32.557,2145321
2014-06-11,32.4625,32.6672,32.2736,32.6278,2365175
2014-06-12,32.5491,32.6593,32.25,32.62,1881607
2014-06-13,32.5806,32.6869,32.2815,32.6593,1440923
2014-06-16,32.5885,32.7066,32.2972,32.3602,1630719
2014-06-17,32.2736,32.3208,31.6203,31.8407,3331956
2014-06-18,31.8407,32.069,31.4604,31.9981,3133572
2014-06-19,31.9902,32.2543,31.9194,32.006,5126948
2014-06-20,31.9509,32.4389,31.7777,32.4153,4416468
2014-06-23,32.2736,32.7696,32.2657,32.4232,2914579
2014-06-24,32.4547,32.5845,32.3602,32.4547,1818685
2014-06-25,32.4468,32.5885,32.1792,32.2815,2129569
2014-06-26,32.2343,32.6042,32.0926,32.5885,2483823
2014-06-27,32.5255,32.7617,32.4232,32.5176,2190496
2014-06-30,32.5255,32.6121,32.2461,32.5727,2397169
2014-07-01,32.6829,32.7459,32.3996,32.6357,1615223
2014-07-02,32.5727,32.6357,32.25,32.4862,1434770
2014-07-03,32.4389,32.4389,31.8328,32.1083,1754737
2014-07-07,32.0926,32.3051,32.0611,32.2343,2103110
2014-07-08,32.3287,32.6672,32.2736,32.4153,2314060
2014-07-09,32.5176,32.5727,32.1792,32.5334,1249772
2014-07-10,32.3681,32.9584,32.3681,32.6987,2083937
2014-07-11,32.6987,32.6987,32.3602,32.431,1693817
2014-07-14,32.4389,32.62,32.2736,32.62,1478069
2014-07-15,32.5885,32.7223,32.5176,32.7066,1421618
2014-07-16,32.7066,32.9742,32.6278,32.9584,1663248
2014-07-17,32.9112,33.0372,32.8404,32.9427,1832769
2014-07-18,33.0293,33.2143,32.9033,33.2025,1963513
2014-07-21,33.1238,33.2497,32.9978,33.1867,1626721
2014-07-22,33.3599,33.4307,33.1238,33.1946,1941796
2014-07-23,33.3284,33.4071,33.2025,33.2733,1918683
2014-07-24,33.3914,33.4307,33.2497,33.415,1724761
2014-07-25,33.3835,33.5488,33.2812,33.3127,1805309
2014-07-28,33.352,33.6354,33.3127,33.5567,1422052
2014-07-29,33.5488,33.6275,33.3756,33.4622,1668466
2014-07-30,33.4229,33.6118,32.8876,33.0057,2596089
2014-07-31,32.9112,33.1789,32.6908,32.6908,2258291
2014-08-01,32.9033,32.9427,32.5491,32.8482,1748480
2014-08-04,32.9033,32.9427,32.5491,32.8482,1748480
2014-08-05,32.7223,32.9742,32.3287,32.3838,2002409
2014-08-06,32.3445,32.5413,32.2343,32.3602,2042463
2014-08-07,32.5317,32.6195,32.3562,32.4759,1965699
2014-08-08,32.5477,32.787,32.3482,32.6274,1517211
2014-08-11,32.6195,32.795,32.5903,32.6753,1393189
2014-08-12,32.5716,32.779,32.5318,32.6833,1394957
2014-08-13,32.7551,33.2816,32.7311,33.2098,1949342
2014-08-14,33.3534,33.5927,33.2975,33.505,1972768
2014-08-15,33.473,33.7363,33.4012,33.4172,2002453
2014-08-18,33.5209,33.7443,33.497,33.7044,1688794
2014-08-19,33.7443,34.0394,33.6645,33.8799,1195698
2014-08-20,33.7762,33.9996,33.6007,33.9278,1248122
2014-08-21,33.9756,34.2389,33.9198,33.9437,1312950
2014-08-22,33.9517,34.0315,33.5688,33.7044,1296841
2014-08-25,33.848,33.8639,33.6565,33.7523,1847365
2014-08-26,33.8879,33.9278,33.7044,33.9198,2142249
2014-08-27,33.9118,34.1671,33.9038,34.1591,1604378
2014-08-28,34.0554,34.4144,34.0554,34.3825,2365699
2014-08-29,34.4463,34.6058,34.3585,34.5659,2146241
2014-09-02,34.6696,34.6696,34.3107,34.3745,1653492
2014-09-03,34.5261,34.5819,34.3346,34.55,1694391
2014-09-04,34.4622,34.7734,34.3426,34.6457,2167628
2014-09-05,34.6058,34.9887,34.5101,34.885,2292927
2014-09-08,34.885,34.901,34.6058,34.6218,1776682
2014-09-09,34.6218,34.6218,34.3506,34.4383,1496416
2014-09-10,34.3665,34.3665,33.7602,33.824,2378000
2014-09-11,33.7682,34.0753,33.6406,33.8639,2336071
2014-09-12,33.5847,33.6964,32.2366,32.3482,4937787
2014-09-15,32.436,32.6274,32.0291,32.3083,4038522
2014-09-16,32.2924,32.6913,32.2924,32.5078,2930261
2014-09-17,32.6673,32.8269,32.2445,32.2924,2877881
2014-09-18,32.3881,32.4041,31.7499,31.7739,2891466
2014-09-19,31.9653,31.9972,31.6542,31.9015,3913622
2014-09-22,31.9095,32.0212,31.6781,31.6861,2463506
2014-09-23,31.734,31.7938,31.5026,31.5266,2528307
2014-09-24,31.5106,31.734,31.391,31.4867,3201290
2014-09-25,31.4069,31.7818,31.383,31.6861,3223751
2014-09-26,31.6781,32.069,31.5266,31.9254,2378196
2014-09-29,31.8457,31.9494,31.5904,31.9095,2432415
2014-09-30,31.8536,32.0371,31.6622,31.6781,2922257
2014-10-01,31.726,32.061,31.6781,31.9095,3111661
2014-10-02,31.9095,31.9813,31.6382,31.8297,2078217
2014-10-03,31.8935,32.0531,31.6382,31.9893,1598886
2014-10-06,32.0531,32.1888,31.9374,32.069,1973641
2014-10-07,31.9653,32.3642,31.9254,32.0451,2186333
2014-10-08,32.0132,32.6593,32.0132,32.6593,2599424
2014-10-09,32.6913,33.1779,32.6593,32.8189,2545077
2014-10-10,33.0024,33.7363,32.9226,33.4332,3208913
2014-10-13,33.4332,34.0554,33.3534,33.6964,3210659
2014-10-14,33.8799,34.3984,33.8001,34.2309,3318238
2014-10-15,34.0793,34.4862,33.7499,34.0873,3706476
2014-10-16,33.8376,34.1645,33.6302,33.9811,3147846
2014-10-17,34.2867,34.3027,33.4332,33.9038,3364545
2014-10-20,33.9278,34.2708,33.8001,34.2309,1732563
2014-10-21,33.9836,34.0315,33.6805,33.9676,3149258
2014-10-22,33.848,34.2708,33.7921,33.9756,2564229
2014-10-23,34.1192,34.199,33.7283,34.1511,2915684
2014-10-24,34.0713,34.2468,33.9517,34.199,1580815
2014-10-27,34.2149,34.5819,34.1591,34.5659,2094443
2014-10-28,34.5021,34.5979,34.2628,34.5979,1711186
2014-10-29,34.5021,34.5899,34.1272,34.4224,1943272
2014-10-30,34.973,35.1184,34.6581,34.9649,1839737
2014-10-31,35.1164,35.1164,34.7734,35.0765,2780589
2014-11-03,35.1004,35.1802,34.7734,35.0605,3085002
2014-11-04,35.1802,35.5711,35.0207,35.4036,2866976
2014-11-05,35.5392,35.5392,35.1004,35.4913,2361583
2014-11-06,35.4358,35.5247,34.7496,34.8142,2424420
2014-11-07,34.903,35.0322,34.6406,34.8707,2002269
2014-11-10,34.7819,35.1452,34.7657,35.0967,2006574
2014-11-11,35.1371,35.1371,34.6769,35.016,1261079
2014-11-12,34.9676,35.1129,34.6527,34.9595,1839737
2014-11-13,35.4116,35.5085,35.0645,35.4601,2534271
2014-11-14,35.3874,35.3955,35.0241,35.1856,2183133
2014-11-17,35.234,35.6781,35.2179,35.6619,2115354
2014-11-18,35.6942,35.779,35.4924,35.557,2269810
2014-11-19,35.6781,35.6781,34.8545,34.8949,3425498
2014-11-20,34.9111,34.9676,34.6042,34.8626,2936893
2014-11-21,35.016,35.4036,34.9595,35.4036,2327491
2014-11-24,35.3309,35.5247,35.2663,35.3067,1509449
2014-11-25,35.4278,35.4762,35.0887,35.339,3299002
2014-11-26,35.4601,35.9651,35.4197,35.9041,2285524
2014-11-28,36.001,36.4822,35.8961,36.1706,1292135
2014-12-01,36.1383,36.7721,36.0656,36.6711,3383345
2014-12-02,36.5339,36.7357,36.1544,36.6792,3319093
2014-12-03,36.7519,36.7922,36.437,36.7034,2549754
2014-12-04,36.7034,36.8891,36.4935,36.7922,2507495
2014-12-05,36.5339,36.5339,35.5327,35.7669,3430136
2014-12-08,35.8315,36.332,35.7669,36.1948,3394503
2014-12-09,35.9687,36.5097,35.9122,36.3563,2151851
2014-12-10,36.332,36.6631,36.1625,36.542,2810252
2014-12-11,36.6711,36.8165,36.4572,36.5743,2279450
2014-12-12,36.5016,37.1959,36.5016,36.6146,2923053
2014-12-15,36.6388,36.7761,36.0575,36.0817,2853803
2014-12-16,36.1625,36.3563,35.888,35.9445,2396057
2014-12-17,36.0252,36.6065,35.8961,36.4854,3555971
2014-12-18,36.6388,36.6388,36.001,36.2513,3941522
2014-12-19,36.3966,36.6308,36.1907,36.4047,5279294
2014-12-22,36.4612,36.8972,36.324,36.8003,3845903
2014-12-23,36.8326,36.9214,35.783,35.888,3444362
2014-12-24,35.888,36.0495,35.4036,35.5247,1697134
2014-12-26,35.6135,35.8476,35.5327,35.7427,1531312
2014-12-29,35.7588,36.1221,35.7588,35.9929,2137008
2014-12-30,36.0091,36.2674,35.8072,36.0817,1535518
2014-12-31,36.2513,36.4774,35.4924,35.5489,2157027
2015-01-02,35.7507,36.4128,35.6538,36.2109,2204594
2015-01-05,35.9929,36.6792,35.9849,36.5743,3947265
2015-01-06,36.7599,37.4866,36.7357,37.2686,5033402
2015-01-07,37.4624,38.2052,37.2202,38.0598,3902540
2015-01-08,38.2132,38.4877,37.3493,37.5512,5943256
2015-01-09,37.5915,37.8822,37.091,37.5915,3443326
2015-01-12,37.745,38.294,37.6642,38.189,2661821
2015-01-13,38.302,38.5443,37.9791,38.1163,2975401
2015-01-14,37.9064,38.5927,37.7611,38.5443,3607292
2015-01-15,38.5927,39.0691,38.2617,38.8834,3792874
2015-01-16,38.9156,39.1821,38.5964,38.9237,3457433
2015-01-20,40.0137,40.0541,38.7219,38.8914,4408839
2015-01-21,38.7945,38.7945,38.0356,38.3343,4241414
2015-01-22,38.5523,38.8511,38.2213,38.7784,4044333
2015-01-23,38.9237,39.1094,38.6573,38.8753,3548133
2015-01-26,38.6815,38.8756,38.3989,38.8268,2689031
2015-01-27,38.6896,38.956,38.6371,38.7219,2004714
2015-01-28,38.8511,39.2467,38.6331,38.6573,3041823
2015-01-29,38.73,38.9318,38.4724,38.7138,2855954
2015-01-30,38.8995,38.9867,38.1244,38.1809,6476818
2015-02-02,38.1567,38.1729,37.2605,38.0921,3156937
2015-02-03,38.0679,38.189,37.3655,37.7934,3169993
2015-02-04,37.5593,37.5754,36.5743,36.6227,5656535
2015-02-05,36.7576,36.9783,36.3815,36.9538,3701136
2015-02-06,37.0274,37.0274,35.6621,35.8256,4603073
2015-02-09,35.8256,36.0872,35.6531,35.6784,2866283
2015-02-10,35.1633,35.2369,33.9697,34.8936,8771681
2015-02-11,35.0571,35.3841,34.5829,34.82,3866851
2015-02-12,34.8772,35.1143,34.681,34.8854,3221544
2015-02-13,34.9181,35.0734,34.5747,35.0489,3287805
2015-02-17,35.1879,35.6375,34.9426,35.1388,3404703
2015-02-18,35.2042,35.6048,34.8118,35.6048,2825293
2015-02-19,35.5558,35.6048,35.0407,35.1225,2799181
2015-02-20,35.2042,35.6048,35.1144,35.5313,4602766
2015-02-23,35.474,35.7602,35.3596,35.752,3528654
2015-02-24,35.3759,35.4495,34.3744,34.4684,5307246
2015-02-25,34.8854,34.9344,34.234,34.5829,3373432
2015-02-26,34.5992,34.5992,34.0515,34.1577,3062605
2015-02-27,34.2477,34.6565,33.9779,34.6319,2561223
2015-03-02,34.6646,35.0244,34.4194,34.4848,2861590
2015-03-03,34.3948,34.6156,34.1577,34.5175,2217741
2015-03-04,34.5011,34.6646,34.0678,34.1577,1975448
2015-03-05,34.3131,34.9508,34.264,34.2886,3103630
2015-03-06,33.7735,33.7735,32.8496,32.9805,4254641
2015-03-09,33.144,33.3974,33.0377,33.2257,2320541
2015-03-10,33.3892,33.4955,33.1113,33.2176,2200221
2015-03-11,33.2176,33.2666,32.6044,32.6861,5168486
2015-03-12,32.9069,33.1685,32.8088,32.9723,14000692
2015-03-13,32.9723,33.0745,32.7597,32.8578,3242194
2015-03-16,32.9886,33.4955,32.9886,33.1603,3847589
2015-03-17,33.1603,33.5568,32.9314,33.3157,2991715
2015-03-18,33.3402,34.1577,33.1113,34.0596,4176922
2015-03-19,33.937,34.3131,33.7122,33.7163,2740773
2015-03-20,33.659,34.7464,33.5528,34.6973,4874658
2015-03-23,34.7464,35.1306,34.6483,34.681,2633035
2015-03-24,34.6401,34.8483,34.3785,34.7137,3760114
2015-03-25,34.681,34.9263,34.0392,34.1823,3231178
2015-03-26,34.1005,34.4357,34.0269,34.215,4148741
2015-03-27,34.2804,34.5992,34.1904,34.4602,3216552
2015-03-30,34.8036,35.8256,34.6156,35.8174,5549022
2015-03-31,35.891,36.1771,35.286,35.3269,4580856
2015-04-01,35.2778,35.7683,34.9835,35.6457,4154507
2015-04-02,35.6212,36.2057,35.5313,35.9646,3635664
2015-04-06,36.3079,36.6145,36.0545,36.4551,3682364
2015-04-07,36.4796,36.5287,36.0054,36.1608,3713853
2015-04-08,35.9891,36.1117,35.7765,35.9073,2658043
2015-04-09,35.7602,35.8583,34.869,35.008,2851855
2015-04-10,35.2533,35.4331,34.7055,34.8608,2433740
2015-04-13,34.8772,34.9336,34.6483,34.6483,1985383
2015-04-14,34.9671,35.1061,34.8118,34.9099,1671896
2015-04-15,34.9099,35.4904,34.8281,35.1633,5494271
2015-04-16,34.9671,35.4004,34.8281,35.2042,3226730
2015-04-17,35.1552,35.613,35.0734,35.335,3512360
2015-04-20,35.3432,35.5967,35.1633,35.425,2899101
2015-04-21,35.335,35.5394,34.8363,35.0325,2819962
2015-04-22,34.9753,35.0325,34.358,34.4929,4274362
2015-04-23,34.4929,34.9181,34.3948,34.8036,2525065
2015-04-24,34.8363,34.9508,34.6074,34.7055,1653692
2015-04-27,34.681,34.9753,34.5706,34.6728,2687418
2015-04-28,34.5502,34.6973,34.3458,34.6401,1897922
2015-04-29,34.2395,34.4357,33.5773,33.749,3129384
2015-04-30,33.4873,33.7081,32.6534,32.9396,6386917
2015-05-01,32.9151,33.4628,32.866,33.193,3400995
2015-05-04,33.3647,33.4792,33.1113,33.3157,3012762
2015-05-05,33.3238,33.4792,32.2447,32.3346,3483107
2015-05-06,32.3346,32.3346,31.7132,32.0484,3882245
2015-05-07,32.1438,32.766,32.1438,32.5503,3663261
2015-05-08,33.0148,33.7199,32.9236,33.0314,3513599
2015-05-11,32.3595,33.0065,32.3429,32.4922,3238977
2015-05-12,32.2102,32.6789,31.9613,32.5586,3015370
2015-05-13,32.7743,33.0646,31.9945,32.0194,4714905
2015-05-14,32.2931,32.6166,32.2434,32.5669,2653288
2015-05-15,32.7328,33.33,32.6913,33.0148,5115932
2015-05-18,32.7991,33.0812,32.6784,33.0314,2093632
2015-05-19,32.8406,33.3508,32.8157,33.0397,2426604
2015-05-20,33.2388,33.3134,32.9485,32.9982,1641624
2015-05-21,33.0729,33.189,32.6581,32.8074,2358022
2015-05-22,32.7494,32.9319,32.4093,32.7991,2026342
2015-05-26,32.8406,32.8406,32.1853,32.4507,3185006
2015-05-27,32.5171,32.7908,32.3512,32.7245,1818884
2015-05-28,32.6332,32.7411,32.2641,32.4507,1511824
2015-05-29,32.4756,32.5918,32.0609,32.1189,4674772
2015-06-01,32.2682,32.6166,32.1189,32.4425,2517070
2015-06-02,32.3512,32.3927,32.0194,32.2765,1964431
2015-06-03,32.0941,32.2434,31.6046,31.7208,2789372
2015-06-04,31.7291,31.8867,31.447,31.7622,2711107
2015-06-05,31.3309,31.4636,30.8415,30.9908,4324852
2015-06-08,30.9659,31.1816,30.7585,30.9078,3112783
2015-06-09,30.9078,31.1069,30.5843,30.8498,2754616
2015-06-10,30.8995,31.5134,30.8174,31.3558,3847003
2015-06-11,31.5134,31.6461,31.4056,31.5632,2970949
2015-06-12,31.5549,31.8369,31.5383,31.5715,2824624
2015-06-15,31.5715,31.7291,31.1401,31.1484,2832712
2015-06-16,31.1816,31.4014,31.082,31.3309,3291155
2015-06-17,31.3143,31.6793,31.1069,31.6378,5564606
2015-06-18,31.6876,32.036,31.5549,31.8784,4642754
2015-06-19,32.1687,32.1687,31.0862,31.2977,5538889
2015-06-22,31.3973,31.5798,31.1401,31.165,2711183
2015-06-23,31.2231,31.4056,30.8725,30.941,2268234
2015-06-24,30.941,31.0489,30.5511,30.5511,3788246
2015-06-25,30.5677,30.6417,30.1281,30.1447,3708751
2015-06-26,30.1696,30.6756,30.0286,30.6009,2696461
2015-06-29,30.576,30.9742,30.4599,30.4765,3803766
2015-06-30,30.6092,30.7088,30.1696,30.2525,4128922
2015-07-01,30.377,30.6839,30.1447,30.6258,3065670
2015-07-02,30.8581,31.1069,30.5511,30.6756,2449637
2015-07-06,30.4848,30.8664,30.4848,30.8083,2886857
2015-07-07,30.9493,31.588,30.9493,31.4802,3072956
2015-07-08,31.2314,31.6295,31.2314,31.4138,2729271
2015-07-09,31.6378,31.7042,31.2065,31.2231,2134684
2015-07-10,31.4221,31.671,31.1567,31.3475,2224608
2015-07-13,31.6378,31.7291,31.2148,31.4719,2286693
2015-07-14,31.4553,31.5217,31.2562,31.3641,1692199
2015-07-15,31.306,31.4968,30.9742,31.0654,4568313
2015-07-16,31.2231,31.4304,31.1567,31.3558,2454680
2015-07-17,31.2977,31.3807,30.9908,31.1069,1959614
2015-07-20,31.0737,31.3226,30.9161,31.2977,1861219
2015-07-21,31.2479,31.389,31.1152,31.1401,2429057
2015-07-22,31.1401,31.5383,31.1401,31.4885,2635086
2015-07-23,31.4802,31.4802,31.082,31.2977,2497963
2015-07-24,31.1567,31.7374,31.1567,31.5383,2427181
2015-07-27,31.6212,32.007,31.6212,31.7871,2870327
2015-07-28,31.8618,32.1189,31.7291,32.0526,3909454
2015-07-29,32.0028,32.2765,31.7788,32.1521,2442991
2015-07-30,32.0775,32.1936,31.53,31.7291,2517430
2015-07-31,31.9862,32.3429,31.9364,32.0526,4792199
2015-08-03,32.0111,32.3305,31.9779,32.2351,2116297
2015-08-04,32.2351,32.6001,31.9945,32.2351,2714355
2015-08-05,32.2931,32.318,31.8452,32.0028,3247479
2015-08-06,31.9565,32.1165,31.3883,31.9481,3117420
2015-08-07,31.906,32.2259,31.6787,32.0154,3134514
2015-08-10,32.167,32.268,31.7208,31.8471,2776403
2015-08-11,31.8218,32.1754,31.8218,32.0239,7798656
2015-08-12,31.9481,33.3539,31.906,33.3287,11140211
2015-08-13,33.2614,33.5223,32.7647,33.4213,4487350
2015-08-14,33.3876,33.8422,33.1603,33.817,3654923
2015-08-17,33.7665,34.2884,33.657,34.28,3856803
2015-08-18,34.1201,34.2547,34.0022,34.2211,3754099
2015-08-19,33.9938,34.4315,33.817,34.2632,4633106
2015-08-20,34.1116,34.3095,33.8843,34.1032,3497364
2015-08-21,33.9769,34.2968,33.6149,33.6149,5000557
2015-08-24,32.2596,33.4971,31.5945,32.3185,8624792
2015-08-25,32.7899,32.8152,30.9463,30.98,6148994
2015-08-26,31.4009,31.6366,30.9463,31.5777,5949427
2015-08-27,31.8302,32.2343,31.384,31.9397,5865661
2015-08-28,31.9397,31.9523,31.5103,31.7376,3590053
2015-08-31,31.6787,31.704,31.1904,31.1988,4844354
2015-09-01,30.8705,31.1315,30.5675,30.8369,4036494
2015-09-02,31.0978,31.1652,30.6264,30.921,2270698
2015-09-03,31.081,31.1147,30.6516,30.7948,2347938
2015-09-04,30.5422,30.6264,29.7761,30.0371,3419460
2015-09-08,30.3149,30.82,30.2391,30.7611,3266186
2015-09-09,30.9126,31.0726,30.256,30.3317,2620658
2015-09-10,30.2728,30.5422,30.0371,30.1802,2298385
2015-09-11,30.1802,30.5843,30.0539,30.3823,3102738
2015-09-14,30.4749,30.6769,30.4328,30.6685,2774706
2015-09-15,30.719,31.1946,30.5422,31.1568,2219480
2015-09-16,31.1231,31.7713,31.0726,31.7208,2584119
2015-09-17,31.6619,32.891,31.5524,32.3101,3568785
2015-09-18,31.8639,33.2866,31.8218,32.4953,5464246
2015-09-21,32.1165,32.7226,32.0828,32.5374,3348430
2015-09-22,32.167,32.5374,32.1501,32.2427,2994219
2015-09-23,32.2596,32.6131,32.2006,32.4616,2260306
2015-09-24,32.2427,32.7057,32.2427,32.3353,2748498
2015-09-25,32.5205,32.5626,32.1585,32.3269,2858591
2015-09-28,32.0828,32.2175,30.6853,30.9968,5349884
2015-09-29,31.0052,31.4935,30.8958,31.4093,2673202
2015-09-30,31.6282,31.7966,31.2073,31.3588,2810776
2015-10-01,31.4935,31.6366,31.1062,31.3925,2470863
2015-10-02,31.1315,31.6113,31.0641,31.6113,2518956
2015-10-05,31.8723,32.3943,31.7208,32.369,2237452
2015-10-06,32.3438,32.5626,32.2343,32.4532,1916341
2015-10-07,32.4195,32.7142,32.3438,32.7057,2375468
2015-10-08,32.6973,33.1183,32.5205,33.0846,2925573
2015-10-09,33.0677,33.1014,32.8404,32.9246,2479489
2015-10-12,33.0257,33.253,32.9246,33.0088,2570572
2015-10-13,32.832,33.0088,32.5879,32.7394,1911879
2015-10-14,32.6721,32.7563,32.0912,32.2175,2206215
2015-10-15,32.1754,32.4869,32.0702,32.4364,2792634
2015-10-16,32.5037,32.8573,32.4532,32.8236,3445994
2015-10-19,32.8152,33.1098,32.8068,33.093,3173242
2015-10-20,32.9667,33.1519,32.7815,32.992,2802588
2015-10-21,33.1435,33.295,32.992,33.1688,2151091
2015-10-22,33.2109,33.5308,32.9583,33.4802,3254039
2015-10-23,33.3624,33.3624,32.3522,32.529,3794974
2015-10-26,32.529,32.5668,32.0659,32.4616,2668874
2015-10-27,32.4111,32.5711,32.1543,32.4364,2653794
2015-10-28,32.4616,32.6081,31.7208,32.0491,3582668
2015-10-29,31.9228,32.2259,31.6703,32.1922,3348275
2015-10-30,32.1333,32.2764,31.2662,31.3167,5186956
2015-11-02,31.2914,31.7797,31.0866,31.746,4485244
2015-11-03,31.6113,31.6282,30.7779,30.921,4431175
2015-11-04,30.8958,30.9379,30.3065,30.4075,4571100
2015-11-05,30.3947,30.6512,30.1638,30.6256,4326831
2015-11-06,30.1809,30.2322,28.8211,29.052,6527886
2015-11-09,28.9579,29.052,28.1112,28.2737,4735487
2015-11-10,28.2823,28.6842,28.154,28.3592,3815102
2015-11-11,28.5046,28.5901,28.1882,28.2908,2874244
2015-11-12,28.2737,28.5388,28.1728,28.3336,3647555
2015-11-13,28.4106,28.7612,27.9744,28.0086,2735054
2015-11-16,28.0171,28.6286,28.0171,28.6244,2819721
2015-11-17,28.5217,28.6842,28.3934,28.573,2824439
2015-11-18,28.7184,29.1717,28.4961,29.1717,3279335
2015-11-19,29.3427,29.8131,29.1803,29.625,3133122
2015-11-20,29.7276,30.0013,29.6164,29.8986,2729270
2015-11-23,29.9157,30.369,29.9157,30.2322,3163364
2015-11-24,30.0697,30.2407,29.8473,30.198,2644735
2015-11-25,30.198,30.4332,30.1381,30.3177,2278620
2015-11-27,30.2664,30.7539,30.2664,30.5657,1235042
2015-11-30,30.6341,30.9761,30.2749,30.3861,7566895
2015-12-01,30.5999,31.0404,30.523,30.8993,3909500
2015-12-02,30.7539,31.0617,30.3263,30.3861,4213967
2015-12-03,30.3263,30.4289,29.8986,30.0098,6664350
2015-12-04,30.2236,30.771,30.1039,30.5999,4121401
2015-12-07,30.5315,30.9548,30.369,30.9078,3712065
2015-12-08,30.8052,31.3183,30.7881,31.0275,3386455
2015-12-09,30.8052,31.2071,30.4973,30.7453,3085314
2015-12-10,30.771,30.8394,30.0868,30.1039,3502725
2015-12-11,29.8901,30.4887,29.8815,30.4374,3707879
2015-12-14,30.3263,30.7282,30.1809,30.6854,4438698
2015-12-15,30.865,31.19,30.8308,31.0019,4337665
2015-12-16,31.1302,31.8143,31.0104,31.7716,4940169
2015-12-17,31.8058,32.1308,31.4551,31.8486,4860743
2015-12-18,31.7288,31.8485,31.0275,31.0275,7869512
2015-12-21,31.344,31.5116,31.1302,31.438,2651213
2015-12-22,31.5407,32.0367,31.4466,31.6775,2641283
2015-12-23,31.7117,32.2762,31.7117,32.2591,2132386
2015-12-24,32.2762,32.4729,32.1564,32.3446,930869
2015-12-28,32.2762,32.7252,32.1137,32.6781,2241343
2015-12-29,32.738,33.1656,32.6901,33.0202,2583265
2015-12-30,33.0459,33.2768,32.9347,33.0544,1772508
2015-12-31,33.0886,33.1998,32.7038,32.7038,2852691
2016-01-04,32.1564,32.7209,31.9597,32.6952,3628304
2016-01-05,32.7209,33.5676,32.6781,33.4051,2850248
2016-01-06,32.6183,32.9518,31.8058,32.0624,11658308
2016-01-07,31.4723,31.8657,31.0617,31.2071,9349906
2016-01-08,31.3012,31.6433,31.0617,31.1216,3540112
2016-01-11,31.344,31.8058,31.3098,31.6091,4266501
2016-01-12,31.4038,31.6433,31.0361,31.515,4414617
2016-01-13,31.5578,31.8913,30.9195,30.9591,3288371
2016-01-14,31.0275,31.1729,30.6854,30.7539,3592631
2016-01-15,30.4203,31.0575,30.044,30.9933,3499899
2016-01-19,31.1558,31.6048,31.1131,31.267,3391632
2016-01-20,31.0446,31.2584,29.5394,29.9072,5195605
2016-01-21,30.3348,30.9933,29.8131,30.4716,3378798
2016-01-22,30.865,31.8229,30.8137,31.6091,3113907
2016-01-25,31.6091,31.7716,31.096,31.3354,3345924
2016-01-26,31.3867,31.9384,31.267,31.6861,4490200
2016-01-27,31.4808,31.6176,29.6848,30.1124,5436718
2016-01-28,30.2664,30.3776,29.8559,29.9328,3513551
2016-01-29,30.4716,31.0622,29.9552,30.7368,5754048
2016-02-01,30.6085,31.2756,30.292,30.9848,3231689
2016-02-02,30.6769,30.8993,30.2151,30.6512,3131456
2016-02-03,30.8907,31.5255,30.7368,31.3354,4390844
2016-02-04,31.4875,31.583,30.7386,31.1225,3004246
2016-02-05,31.0009,31.1834,30.6012,30.9314,3693886
2016-02-08,30.8271,30.9835,28.655,29.5325,6381387
2016-02-09,27.9338,27.9425,23.7721,24.6148,14594945
2016-02-10,24.6235,24.7017,23.0769,23.6417,11164875
2016-02-11,22.3731,22.8858,21.8174,22.7033,10991862
2016-02-12,23.0248,23.2072,22.6164,22.8162,5994398
2016-02-16,23.0943,23.6069,22.6338,23.3897,9752363
2016-02-17,23.4679,24.1804,23.4592,23.7807,4727638
2016-02-18,23.8676,24.6191,23.6243,24.3976,4766437
2016-02-19,24.2412,24.8059,24.0587,24.6756,4259009
2016-02-22,24.9971,25.4054,24.9363,25.1709,3759792
2016-02-23,25.084,25.1969,24.5366,24.8146,4053013
2016-02-24,24.7451,25.2577,24.3715,25.1013,4214325
2016-02-25,25.0927,25.7964,25.0145,25.7704,4508223
2016-02-26,25.7791,26.3786,25.7356,25.9789,4264805
2016-02-29,26.005,26.3612,25.6313,25.7009,4770212
2016-03-01,25.9181,26.7174,25.8833,26.7087,2961709
2016-03-02,26.6045,26.9303,26.509,26.9173,4005023
2016-03-03,26.9694,27.2996,26.8114,27.2648,2485339
2016-03-04,27.3169,27.6819,27.0302,27.3691,4804629
2016-03-07,27.2822,28.2466,27.0959,28.2119,4475405
2016-03-08,28.2119,28.2119,27.6297,27.873,4187966
2016-03-09,27.9078,28.2944,27.8947,28.0642,2621763
2016-03-10,28.1076,28.125,27.2214,27.5515,3655593
2016-03-11,27.8991,28.403,27.8122,28.3856,3233718
2016-03-14,28.2553,28.3769,27.9686,28.3509,3340044
2016-03-15,28.1076,28.1424,27.3256,27.9338,2251449
2016-03-16,27.621,28.0902,27.23,28.0294,4091692
2016-03-17,28.0555,28.681,27.8991,28.6115,4343771
2016-03-18,28.6463,28.9591,28.5333,28.8114,6379645
2016-03-21,28.7506,28.8374,28.0555,28.1771,3271245
2016-03-22,28.0207,28.0642,27.5515,27.9599,4053207
2016-03-23,27.9599,28.012,27.3517,27.482,4144265
2016-03-24,27.3169,27.6297,26.8999,27.5342,3161263
2016-03-28,27.5863,28.1597,27.2648,27.9599,3600773
2016-03-29,27.8035,28.6637,27.3604,28.6202,4872632
2016-03-30,28.6724,28.8635,28.1597,28.1858,3171978
2016-03-31,28.2292,28.6289,27.6819,28.3074,5285521
2016-04-01,28.2205,28.3509,27.7253,28.3335,4323128
2016-04-04,28.4725,28.8722,28.3596,28.6463,2667870
2016-04-05,28.4986,28.7592,28.3509,28.7419,2462505
2016-04-06,28.7679,29.3414,28.7506,29.2545,4221969
2016-04-07,29.2371,29.6368,28.9069,29.576,4308305
2016-04-08,29.6976,30.384,29.6976,30.106,4447056
2016-04-11,30.2276,30.4101,29.9843,30.132,2485165
2016-04-12,30.2276,30.636,30.1538,30.3927,3079381
2016-04-13,30.5143,30.6273,30.2711,30.497,2543974
2016-04-14,30.4883,30.5752,30.397,30.4535,2823393
2016-04-15,30.4361,30.5491,30.1581,30.3493,3468636
2016-04-18,30.3145,30.5317,30.1234,30.523,2889843
2016-04-19,30.6012,31.1052,30.5056,30.6186,3332850
2016-04-20,30.6881,30.7229,29.6976,29.7237,5422590
2016-04-21,29.7497,29.7497,28.5116,28.7071,5552991
2016-04-22,28.8027,29.5847,28.7245,29.3327,4425439
2016-04-25,29.3153,29.5499,29.1502,29.5499,2805575
2016-04-26,29.6629,30.2233,29.6213,29.9756,3629799
2016-04-27,30.0104,30.0712,29.4022,29.7411,3515900
2016-04-28,29.5499,29.6281,29.2979,29.463,3218256
2016-04-29,29.2892,29.437,28.8114,29.3935,9443463
2016-05-02,29.6281,29.9583,29.5412,29.8453,3391963
2016-05-03,29.8019,30.2797,29.6194,30.2711,3457580
2016-05-04,30.0886,31.1399,30.0712,30.7316,5580025
2016-05-05,30.7271,30.789,30.1089,30.2237,4634336
2016-05-06,30.1354,30.6477,29.9587,30.5152,3935857
2016-05-09,31.7517,32.5907,31.628,31.787,13376276
2016-05-10,31.999,32.1403,30.1001,30.6565,10369294
2016-05-11,30.365,30.6035,29.42,30.1177,6258391
2016-05-12,30.1089,30.4533,29.7821,30.2414,3036356
2016-05-13,30.1354,30.2679,29.9322,30.206,2607284
2016-05-16,30.1354,30.6344,30.0736,30.3474,3265448
2016-05-17,30.259,30.3562,29.5083,29.6585,3156965
2016-05-18,29.6231,29.6761,28.4308,28.7311,4055060
2016-05-19,28.4573,28.6516,28.2541,28.4926,2583722
2016-05-20,28.6869,28.7399,28.3425,28.5633,2762556
2016-05-23,28.6163,28.8636,28.369,28.6692,2494627
2016-05-24,28.8989,29.1462,28.6869,28.7576,3518265
2016-05-25,28.7929,28.8812,28.2409,28.7752,2959781
2016-05-26,28.8106,29.0314,28.6692,28.8636,2052622
2016-05-27,28.8724,29.314,28.8724,29.1815,2098089
2016-05-31,29.1815,29.2345,28.8106,29.0314,8894094
2016-06-01,28.943,29.2698,28.8901,29.2433,2860156
2016-06-02,29.1727,29.4906,29.0049,29.473,1944796
2016-06-03,29.6055,30.0294,29.4641,29.6496,2720061
2016-06-06,29.6761,29.8086,29.1992,29.5171,2501668
2016-06-07,29.5348,30.184,29.5348,30.0824,2896832
2016-06-08,30.0294,30.3739,29.8174,30.3562,2400216
2016-06-09,30.3297,30.4798,30.0912,30.4533,2013761
2016-06-10,30.2767,30.471,30.1619,30.4092,2188710
2016-06-13,30.4092,30.8941,30.4092,30.5505,2432488
2016-06-14,30.524,30.6353,30.2997,30.471,2630020
2016-06-15,30.4798,31.0186,30.4798,30.736,3071824
2016-06-16,30.6477,30.895,30.5858,30.8596,2730543
2016-06-17,30.8331,31.1953,30.7095,31.0716,4685921
2016-06-20,31.2129,31.2924,30.789,30.7978,3916840
2016-06-21,30.895,31.0628,30.7139,30.9215,2957892
2016-06-22,29.7998,30.3739,29.7909,30.0736,5045065
2016-06-23,30.259,30.577,29.9764,30.1266,3734563
2016-06-24,29.6231,30.895,29.5171,30.2325,5904724
2016-06-27,30.0912,30.3076,29.6761,30.1884,4699600
2016-06-28,30.4092,30.895,30.2149,30.8861,4899140
2016-06-29,30.948,31.4602,30.895,31.2394,3731136
2016-06-30,31.3189,31.4249,30.7625,31.2482,3531159
2016-07-01,31.3366,31.6634,31.1423,31.1953,2349369
2016-07-05,31.1776,31.5662,31.0981,31.5574,3400030
2016-07-06,31.4602,31.5927,31.0186,31.3807,2768503
2016-07-07,31.2836,31.3542,30.524,30.8066,3553982
2016-07-08,31.2482,31.7428,30.9038,31.7428,4030116
2016-07-11,31.7958,32.3788,31.6104,32.2728,4078590
2016-07-12,32.3169,32.944,32.1845,32.7056,5675477
2016-07-13,32.8027,33.0588,32.3523,33.0588,3416767
2016-07-14,32.9264,32.9794,32.3788,32.6349,2530190
2016-07-15,32.6526,33.1207,32.4847,33.0588,3757192
2016-07-18,33.0942,33.2134,32.8248,33.0058,2799506
2016-07-19,33.1207,33.7124,32.9705,33.6771,2919117
2016-07-20,33.6329,33.8626,33.4298,33.8626,3472556
2016-07-21,33.7654,34.1894,33.6418,34.048,3180903
2016-07-22,33.9686,34.4455,33.8979,34.3572,2622250
2016-07-25,34.3572,34.5162,34.0931,34.5162,2803969
2016-07-26,34.3395,34.4278,34.1099,34.2865,3180832
2016-07-27,34.26,34.3218,33.8449,34.154,2777263
2016-07-28,34.1717,34.6045,33.8891,34.4632,3320497
2016-07-29,34.4897,34.9754,34.4808,34.6486,4811095
2016-08-01,34.6486,34.8694,34.4632,34.8429,2290773
2016-08-02,34.7458,34.8606,34.2865,34.4102,2464179
2016-08-03,34.4455,34.5603,33.9156,34.525,2662977
2016-08-04,34.4488,34.5788,34.2247,34.5115,2339113
2016-08-05,34.5115,34.6819,34.3323,34.4309,1855528
2016-08-08,34.4578,34.6729,34.3054,34.4578,2026001
2016-08-09,34.5026,35.0673,34.0633,34.9149,4504669
2016-08-10,35.0315,35.7396,35.0315,35.408,4581424
2016-08-11,35.399,35.4976,34.3681,34.5653,4229031
2016-08-12,34.6191,35.39,34.5653,35.0763,2668372
2016-08-15,35.0763,35.4124,35.0135,35.399,3807247
2016-08-16,35.2287,35.278,35.0001,35.1659,4875548
2016-08-17,35.2376,35.6276,34.9822,35.5066,5660115
2016-08-18,35.399,35.8203,35.399,35.7127,3992844
2016-08-19,35.6052,35.8203,35.1928,35.3811,4020665
2016-08-22,35.39,35.5962,35.1749,35.3362,3575612
2016-08-23,35.5245,35.8472,35.3811,35.6589,2403030
2016-08-24,35.6679,35.7844,35.1659,35.3721,1567750
2016-08-25,35.3721,35.762,35.2914,35.4797,1728679
2016-08-26,35.5603,35.6679,34.4488,34.7267,2944714
2016-08-29,34.7267,35.3004,34.7267,35.0763,1869769
2016-08-30,35.1659,35.3542,34.8432,35.3362,2187663
2016-08-31,35.3452,35.4886,35.0494,35.2556,3067950
2016-09-01,35.2735,35.3093,34.5923,34.7805,2668167
2016-09-02,34.8791,35.4797,34.7186,35.0315,1958958
2016-09-06,35.1211,35.9906,34.9687,35.9727,3650044
2016-09-07,35.8741,36.2416,35.8382,36.152,3140098
2016-09-08,35.9279,35.9279,35.3004,35.4976,7247472
2016-09-09,35.1301,35.1301,33.902,34.1799,6581048
2016-09-12,33.9737,34.4667,33.7675,34.153,5210847
2016-09-13,33.9737,34.0723,32.9966,33.1221,3853931
2016-09-14,33.2745,33.4538,32.8891,33.1132,2999996
2016-09-15,33.0683,33.3552,32.8532,33.1938,2387086
2016-09-16,33.0594,33.3642,32.8532,33.3104,4296804
2016-09-19,33.4448,33.6241,33.3552,33.5614,2643731
2016-09-20,33.8213,34.0185,33.651,33.7406,2531551
2016-09-21,33.7317,34.2516,33.2745,34.1978,2588861
2016-09-22,34.4219,34.9418,34.3592,34.8791,2910589
2016-09-23,34.7894,35.4348,34.4757,35.2107,3202143
2016-09-26,35.0673,35.5872,34.9956,35.4976,3432298
2016-09-27,35.4976,35.5066,34.6551,34.7446,3713458
2016-09-28,34.888,35.2869,34.7894,35.2645,2109075
2016-09-29,35.1121,35.2466,34.5295,34.5474,2922586
2016-09-30,34.7984,35.0494,33.9916,34.0185,4186165
2016-10-03,33.8661,34.1439,33.6241,33.7137,3046523
2016-10-04,33.8482,33.8975,32.6829,33.0235,4279993
2016-10-05,33.1401,33.3373,32.3243,32.5484,2929889
2016-10-06,32.4319,32.6201,31.9837,32.2257,2583897
2016-10-07,32.3691,32.9025,32.1361,32.1899,2707135
2016-10-10,32.2257,32.5305,32.1809,32.3243,1434608
2016-10-11,32.2347,32.396,31.8492,32.0464,2083220
2016-10-12,32.0195,32.3772,31.9353,32.3512,2200423
2016-10-13,32.2078,32.8532,32.0554,32.6918,2851180
2016-10-14,32.6918,32.8711,32.3871,32.4857,1634999
2016-10-17,32.5036,32.8353,32.3516,32.5574,2529854
2016-10-18,32.7725,33.2467,32.6112,32.8891,2473668
2016-10-19,32.907,33.4807,32.8084,33.0325,2909013
2016-10-20,32.9608,33.158,32.7815,32.8622,2378123
2016-10-21,32.6112,32.8084,32.0688,32.1361,4302719
2016-10-24,32.3512,32.7367,32.0913,32.3423,2855849
2016-10-25,32.3871,32.405,31.894,31.903,3194840
2016-10-26,31.8582,31.9299,31.2576,31.4369,3815023
2016-10-27,31.3741,31.3741,30.4912,30.5494,3996162
2016-10-28,30.666,30.8901,30.5315,30.6032,3324457
2016-10-31,30.7198,30.8811,30.5943,30.7018,5307394
2016-11-01,27.7437,28.9718,27.1162,27.3134,10682701
2016-11-02,27.2596,27.2955,26.1929,26.2019,6656556
2016-11-03,26.2019,26.2019,25.4399,25.6999,6363124
2016-11-04,25.7895,26.5067,25.6461,26.4618,7522357
2016-11-07,26.8383,27.1431,26.5873,27.1252,5102050
2016-11-08,27.0616,27.0798,26.5671,26.9618,4476953
2016-11-09,26.0997,26.6623,25.3102,26.1632,6493744
2016-11-10,26.0089,26.1269,25.0561,25.3555,7961215
2016-11-11,25.2739,25.7821,25.2739,25.5007,4526285
2016-11-14,25.3918,26.7803,25.2739,26.6805,5546027
2016-11-15,26.7803,27.1887,26.2993,26.6896,4668698
2016-11-16,26.626,26.8711,26.381,26.6079,2261120
2016-11-17,26.5081,26.6351,26.018,26.0997,2695172
2016-11-18,26.1178,26.263,25.8456,26.0271,3052653
2016-11-21,26.3356,26.617,25.9545,26.018,3473203
2016-11-22,26.3447,26.7077,25.9046,26.6805,3896923
2016-11-23,26.4627,26.8348,26.2449,26.7803,4957785
2016-11-25,26.8529,26.9074,26.4355,26.5534,2109091
2016-11-28,26.5444,27.0253,26.499,26.6623,4247361
2016-11-29,26.6623,27.1342,26.617,26.862,4169214
2016-11-30,26.617,26.9255,26.3266,26.7985,5586518
2016-12-01,26.617,26.6351,25.7911,25.9636,4239792
2016-12-02,26.0997,26.7349,26.0997,26.3901,2709346
2016-12-05,26.4536,26.5534,26.1541,26.5262,3194474
2016-12-06,26.5716,26.8892,26.4899,26.7077,3374450
2016-12-07,26.8166,27.3974,26.7712,27.343,3792246
2016-12-08,27.107,27.6198,26.9527,27.3248,4606975
2016-12-09,27.3974,27.7513,27.1796,27.2613,4324442
2016-12-12,27.1433,27.5517,26.98,27.5426,4224629
2016-12-13,27.7241,27.8421,27.2568,27.5789,4855191
2016-12-14,27.588,27.6402,26.2903,26.3266,6635886
2016-12-15,26.2903,26.3629,25.6822,25.7821,7020854
2016-12-16,25.8274,26.5534,25.7821,26.4445,8264271
2016-12-19,26.6896,27.6107,26.6896,27.4972,4574482
2016-12-20,27.4156,27.6061,27.0526,27.2431,3538107
2016-12-21,27.2431,27.4882,26.617,26.6533,2778250
2016-12-22,26.626,26.7077,26.2177,26.4808,3367665
2016-12-23,26.5716,26.6805,26.381,26.5534,2149379
2016-12-27,26.5534,26.7621,26.4536,26.6533,2449557
2016-12-28,26.6805,26.6805,26.136,26.3266,3728232
2016-12-29,26.4082,26.744,26.2767,26.6442,3982153
2016-12-30,26.7531,27.0798,26.617,26.9709,3985080
2017-01-03,27.1161,27.1524,26.7894,27.0253,3083541
2017-01-04,27.1252,27.7423,27.0526,27.6243,5343094
2017-01-05,27.7241,28.3684,27.4473,28.2686,4948866
2017-01-06,28.2505,28.5681,27.7876,28.3321,5003807
2017-01-09,28.3412,28.4501,27.9601,27.9601,4373517
2017-01-10,27.8693,27.9056,27.1796,27.2704,4303000
2017-01-11,27.3157,27.6651,27.1978,27.588,5660024
2017-01-12,27.588,27.6787,27.2137,27.5971,2942681
2017-01-13,27.5335,27.6878,27.2159,27.4246,2694970
2017-01-17,27.5245,27.8875,27.5245,27.8421,2849139
2017-01-18,27.7241,28.0554,27.706,27.7241,3027653
2017-01-19,27.5971,27.5971,26.9943,27.1887,4535313
2017-01-20,27.1796,27.3611,27.107,27.2885,3125078
2017-01-23,27.3248,27.5562,27.1887,27.5245,2467184
2017-01-24,27.5335,27.6606,27.2522,27.4428,3119309
2017-01-25,27.6787,27.7786,26.9301,27.1161,6138955
2017-01-26,27.1705,27.2885,26.7985,26.862,5315976
2017-01-27,26.9255,26.9709,26.6714,26.8257,4119380
2017-01-30,26.8529,27.343,26.6442,27.2885,6767951
2017-01-31,27.352,27.9238,27.0072,27.5154,23569805
2017-02-01,27.5245,27.7967,27.0526,27.2613,5473939
2017-02-02,27.225,27.8784,27.1161,27.8602,4155206
2017-02-03,27.951,28.1325,27.7513,27.9056,3843761
2017-02-06,27.9056,28.069,27.715,28.0599,3455020
2017-02-07,28.1325,28.2142,27.8421,27.9056,3173194
2017-02-08,28.0054,28.2505,27.9238,28.0508,2260636
2017-02-09,28.0962,28.1869,27.7876,27.8421,4713452
2017-02-10,27.7786,27.9555,27.7241,27.8602,3180285
2017-02-13,28.0164,28.4022,27.8419,28.3379,2809254
2017-02-14,28.2277,28.3195,27.7592,27.9337,2640497
2017-02-15,27.8511,27.9797,27.4285,27.9429,2894593
2017-02-16,28.0164,28.7421,28.0164,28.4573,3035762
2017-02-17,28.4481,28.5767,28.246,28.54,2224252
2017-02-21,28.4757,28.9442,28.2369,28.8431,3314364
2017-02-22,28.9166,29.3116,28.8707,29.0636,4138631
2017-02-23,29.1922,29.5412,29.0636,29.5137,2589202
2017-02-24,29.431,30.0281,29.3483,29.9821,3834950
2017-02-27,30.0648,30.221,29.9178,30.0648,3066635
2017-02-28,30.0832,30.2853,29.9454,30.1199,4523047
2017-03-01,29.9362,29.9362,29.532,29.578,3902307
2017-03-02,29.5229,29.6331,29.183,29.4953,3166917
2017-03-03,29.431,29.6239,29.0268,29.578,3525704
2017-03-06,29.4402,29.5412,28.8339,28.935,3538824
2017-03-07,28.8064,28.8707,28.4481,28.7513,3883738
2017-03-08,28.5308,28.5308,27.8419,27.8878,2939583
2017-03-09,27.8786,27.9888,27.1805,27.3275,2532544
2017-03-10,27.502,27.8327,27.1254,27.3367,3360685
2017-03-13,27.401,27.5571,27.1529,27.355,3476586
2017-03-14,27.2999,27.3596,27.0152,27.107,3089360
2017-03-15,27.2724,27.7776,27.1713,27.6306,3854092
2017-03-16,27.5663,27.7684,27.4377,27.5755,2618029
2017-03-17,27.5847,27.9291,27.4836,27.6673,4622429
2017-03-20,27.9429,27.998,27.6306,27.7133,2659252
2017-03-21,27.7868,27.8331,27.4836,27.5663,4782872
2017-03-22,27.6582,28.1542,27.5984,28.0072,7017073
2017-03-23,27.9613,28.3563,27.9613,28.0807,7918638
2017-03-24,28.2277,28.292,28.0485,28.1174,5256585
2017-03-27,27.9337,28.5584,27.9337,28.2828,5362445
2017-03-28,28.3012,28.5216,28.1358,28.4757,3061530
2017-03-29,28.4757,28.5859,28.3012,28.4941,2577822
2017-03-30,28.4941,28.5308,28.0807,28.4665,3509651
2017-03-31,28.5032,28.8247,28.4849,28.7329,3792328
2017-04-03,28.8339,28.8523,28.3195,28.5675,5670993
2017-04-04,28.6778,28.8064,28.4573,28.5216,5830869
2017-04-05,28.5308,28.6227,28.3057,28.6043,7767875
2017-04-06,28.5767,28.8799,28.3838,28.8431,4053047
2017-04-07,28.9258,29.2748,28.788,29.2014,6028278
2017-04-10,29.2014,29.3759,29.1371,29.3116,3118834
2017-04-11,29.1371,29.3024,29.036,29.2197,3862813
2017-04-12,29.1738,29.3254,29.1095,29.3024,2373185
2017-04-13,29.3391,29.5045,29.2105,29.3024,2610718
2017-04-17,29.4126,29.6423,29.3024,29.6423,2785709
2017-04-18,29.6423,30.1291,29.5504,30.1199,4965662
2017-04-19,30.1016,30.1107,29.6515,29.7617,4623176
2017-04-20,29.7984,30.0556,29.6698,29.8719,2378242
2017-04-21,29.7892,29.9454,29.7158,29.8535,3065510
2017-04-24,29.8811,29.8995,28.7978,29.4034,5106657
2017-04-25,29.3943,29.5412,29.2657,29.431,3678206
2017-04-26,29.33,29.3759,28.9717,29.0544,3608776
2017-04-27,29.1095,29.3483,28.9074,28.9442,3969740
2017-04-28,28.8982,28.935,28.4022,28.7972,3689171
2017-05-01,28.8156,29.1279,28.641,28.889,3322027
2017-05-02,28.935,29.1049,28.416,28.7145,5010167
2017-05-03,28.9166,28.9442,27.9245,28.044,3738981
2017-05-04,27.8859,28.0161,27.4767,27.8022,4657871
2017-05-05,27.8208,28.0904,27.7929,27.9789,5199636
2017-05-08,28.0904,28.1183,27.7836,28.0161,4007454
2017-05-09,28.0254,28.0625,27.6255,27.7929,3700764
2017-05-10,27.8022,28.3508,27.7929,28.2578,4254268
2017-05-11,28.1276,28.8622,27.9231,28.7878,3106962
2017-05-12,28.8622,29.2275,28.7878,29.0947,3791754
2017-05-15,29.1226,29.3969,28.8436,28.918,2295429
2017-05-16,28.9087,29.011,28.653,28.825,2370731
2017-05-17,28.8157,29.4759,28.8157,29.1598,3331962
2017-05-18,29.1412,29.5503,28.8281,29.4945,3251811
2017-05-19,29.5317,29.6154,29.0668,29.4945,3273453
2017-05-22,29.4759,29.6805,29.3364,29.6433,2515572
2017-05-23,29.6712,29.8013,29.4666,29.5038,2454434
2017-05-24,29.5038,29.7177,29.4015,29.4666,3551393
2017-05-25,29.4108,29.4945,29.2806,29.3271,2468988
2017-05-26,29.3643,29.4201,28.8622,29.0389,2670315
2017-05-30,29.011,29.2062,28.9459,29.0296,1851272
2017-05-31,29.011,29.2806,28.9273,29.1412,4421928
2017-06-01,29.0947,29.2992,28.5833,29.262,2854147
2017-06-02,29.4201,29.8711,29.4201,29.6619,3440625
2017-06-05,29.5224,29.5503,29.262,29.5131,2041451
2017-06-06,29.4852,29.5968,29.2806,29.3178,1858881
2017-06-07,29.3085,29.4666,29.1505,29.197,2371311
2017-06-08,29.1598,29.197,28.5182,28.7878,3382042
2017-06-09,28.6948,29.1319,28.5647,28.9924,2416939
2017-06-12,29.0668,29.4015,28.8576,29.4015,4001213
2017-06-13,29.355,29.4666,29.183,29.4387,3207815
2017-06-14,29.8292,30.2384,29.634,29.727,5060416
2017-06-15,29.5131,30.1082,29.4945,29.9129,2560537
2017-06-16,29.9966,30.2756,29.8106,30.2291,4214558
2017-06-19,30.2105,30.5359,30.071,30.5359,3678451
2017-06-20,30.5173,30.8428,30.4708,30.7684,2644875
2017-06-21,30.7405,30.945,30.5545,30.7312,2954121
2017-06-22,30.7219,30.9915,30.603,30.8521,2175714
2017-06-23,30.88,31.2658,30.88,31.0473,3099982
2017-06-26,31.131,31.3077,30.9915,31.038,1881246
2017-06-27,30.9172,31.0845,30.4336,30.4522,4143375
2017-06-28,30.4522,30.5266,30.3035,30.4429,3161736
2017-06-29,30.1454,30.2477,29.6805,29.7363,3331117
2017-06-30,29.8478,30.0617,29.5431,29.7177,2813946
2017-07-03,29.8478,30.3128,29.7735,30.2663,1094126
2017-07-05,30.3592,30.3592,29.7735,29.8943,2311130
2017-07-06,29.7549,29.7827,28.9645,28.9645,4374302
2017-07-07,29.0203,29.1226,28.6855,29.0203,2197441
2017-07-10,29.0668,29.1226,28.7134,28.7227,2086180
2017-07-11,28.7785,28.8901,28.5554,28.7785,1702415
2017-07-12,29.0203,29.4108,28.9552,29.262,2517328
2017-07-13,29.2434,29.3736,29.104,29.1319,2005766
2017-07-14,29.2155,29.5689,29.2155,29.5317,2362530
2017-07-17,29.5596,29.8013,29.4201,29.7642,3126556
2017-07-18,29.7363,29.9966,29.5968,29.8106,2249349
2017-07-19,29.8013,30.071,29.6805,29.9036,2493602
2017-07-20,29.9501,29.9966,29.5131,29.5131,3643086
2017-07-21,29.4945,29.5131,29.2155,29.3736,3303960
2017-07-24,29.2992,29.4387,29.0482,29.1412,4416547
2017-07-25,29.1505,29.5038,28.8994,29.4759,3002233
2017-07-26,29.4108,29.8618,29.3922,29.7456,3315420
2017-07-27,29.5782,29.7549,29.1877,29.6712,3082358
2017-07-28,29.6991,29.8199,29.4294,29.5968,3144336
2017-07-31,29.6061,29.7967,29.3085,29.4294,9972117
2017-08-01,28.1584,28.2432,27.8854,28.1019,2142910
2017-08-02,28.0161,28.1276,27.6348,27.9231,5740591
2017-08-03,27.8478,28.3091,27.7254,28.2714,2967174
2017-08-04,28.1584,28.2432,27.8854,28.1019,2143210
2017-08-07,28.0737,28.149,27.7065,27.8289,3501049
2017-08-08,27.6877,27.8948,27.5371,27.876,4181082
2017-08-09,27.9325,28.0266,27.6501,27.6595,2901998
2017-08-10,27.6124,27.7724,27.4382,27.4806,2368366
2017-08-11,27.4618,27.5747,27.2358,27.5559,3230845
2017-08-14,27.6406,28.1208,27.5747,28.0549,2821085
2017-08-15,27.9325,27.9325,27.3017,27.4429,4051062
2017-08-16,27.5088,27.7348,27.5088,27.6218,3256604
2017-08-17,27.6312,27.6971,27.4665,27.49,2796264
2017-08-18,27.5277,27.5371,27.1228,27.1605,2694241
2017-08-21,27.2076,27.7442,27.104,27.6595,2386815
2017-08-22,27.6783,27.716,27.0852,27.2546,3134872
2017-08-23,27.33,27.763,27.2076,27.7348,2316948
2017-08-24,27.7442,27.9607,27.6124,27.6877,3109627
2017-08-25,27.8007,27.9607,27.6783,27.8101,2389127
2017-08-28,27.8289,27.8572,27.4712,27.5653,1639758
2017-08-29,27.6406,27.876,27.5842,27.7819,3439597
2017-08-30,27.7348,27.8572,27.5653,27.8101,2782085
2017-08-31,27.8572,28.1302,27.8478,28.0643,3045571
2017-09-01,28.0737,28.4126,28.0737,28.375,2500890
2017-09-05,28.3467,28.6103,28.2055,28.4032,2904655
2017-09-06,28.4409,28.648,28.2996,28.3561,4136217
2017-09-07,28.3938,28.5162,28.3044,28.3844,2519252
2017-09-08,28.3655,28.7986,28.2714,28.4409,4924277
2017-09-11,28.4785,28.761,28.4032,28.5538,4214371
2017-09-12,28.5068,28.6197,27.8995,28.0549,2545907
2017-09-13,28.036,28.0925,27.6406,27.7442,5297801
2017-09-14,27.8195,27.9701,27.603,27.7536,8135031
2017-09-15,27.8101,28.0549,27.716,27.7254,7466018
2017-09-18,27.7536,27.9042,27.5771,27.716,3817499
2017-09-19,27.7536,27.8948,27.3488,27.3959,5575821
2017-09-20,27.4994,27.6564,27.2594,27.3394,2746270
2017-09-21,27.3864,27.4335,26.8969,26.8969,3170060
2017-09-22,26.7839,26.8781,26.2097,26.2379,4057353
2017-09-25,26.4074,26.6333,26.3077,26.4921,2964250
2017-09-26,26.445,26.4733,26.1908,26.3791,4825583
2017-09-27,26.2473,26.3415,25.8613,26.0402,4138427
2017-09-28,26.0402,26.2708,25.9555,26.2191,3178842
2017-09-29,26.1438,26.3415,26.0402,26.2002,3756945
2017-10-02,25.6636,25.8237,25.1223,25.1458,6679788
2017-10-03,25.1364,25.4659,24.9199,25.4188,4799022
2017-10-04,25.4188,25.5318,25.1741,25.4753,3385752
2017-10-05,25.4753,25.6824,25.4753,25.5506,3901555
2017-10-06,25.4377,25.4753,25.0423,25.3435,3510297
2017-10-09,25.3059,25.4659,25.2306,25.2588,2468502
2017-10-10,25.287,25.4377,24.741,24.8916,4228781
2017-10-11,24.9481,25.2117,24.8963,24.9105,2293005
2017-10-12,24.8916,25.014,24.7222,24.8822,3373565
2017-10-13,24.9952,25.1176,24.8116,24.8257,2850190
2017-10-16,24.8728,24.9199,24.6469,24.6845,3152529
2017-10-17,24.6375,24.9858,24.581,24.9293,3285876
2017-10-18,24.9293,25.0658,24.854,24.9199,2745444
2017-10-19,24.9199,25.0799,24.7881,24.8163,1816059
2017-10-20,24.8163,24.8822,24.628,24.8163,2047129
2017-10-23,24.8728,24.9011,24.3927,24.4586,2229480
2017-10-24,24.4492,24.4868,24.0161,24.1291,3090768
2017-10-25,24.1008,24.1667,23.6584,23.8843,2947129
2017-10-26,24.0914,24.1479,23.696,23.7337,2462910
2017-10-27,23.6866,24.1573,23.616,24.0726,3767007
2017-10-30,24.0914,24.1338,23.9596,24.1008,3332582
2017-10-31,24.1102,24.3362,23.8278,24.3268,4634488
2017-11-01,24.355,24.6092,24.2515,24.4962,5109705
2017-11-02,25.3906,26.0025,25.1458,25.3718,8229914
2017-11-03,25.305,25.9159,25.305,25.9063,4215912
2017-11-06,25.9349,26.1163,25.6199,25.6199,4193310
2017-11-07,25.5818,25.849,25.5384,25.7727,3548435
2017-11-08,25.6868,25.8395,25.5722,25.7631,5084411
2017-11-09,25.6104,25.9827,25.6104,25.7918,3623813
2017-11-10,25.6295,26.1163,25.5436,25.7822,3328422
2017-11-13,25.8204,26.0686,25.7822,25.9922,3267031
2017-11-14,25.9445,26.0972,25.7918,25.7918,3800656
2017-11-15,21.7927,22.7533,21.766,22.6466,4502864
2017-11-16,25.7345,25.7822,25.4481,25.6199,4430451
2017-11-17,25.534,25.6772,25.5254,25.5818,2769715
2017-11-20,25.5818,25.6438,25.3336,25.5818,3212549
2017-11-21,25.6486,25.7059,25.5436,25.5818,3468473
2017-11-22,25.5436,25.7059,25.4959,25.4959,2552649
2017-11-24,25.5054,25.7727,25.5054,25.6581,880694
2017-11-27,25.6486,25.7059,25.4768,25.4768,3106585
2017-11-28,25.4863,25.5627,25.2095,25.3431,2566572
2017-11-29,25.3336,25.7249,25.1809,25.6772,3357969
2017-11-30,25.6104,25.6295,25.1045,25.2381,5115148
2017-12-01,25.3336,25.5531,25.2715,25.4481,3453781
2017-12-04,25.4577,25.5722,25.1809,25.2,3283526
2017-12-05,25.5722,25.7345,25.3288,25.3527,3769840
2017-12-06,25.4195,25.4386,25.1856,25.4004,1935242
2017-12-07,25.3431,25.6295,25.305,25.5531,2283103
2017-12-08,25.5913,25.8109,25.4672,25.5627,2763703
2017-12-11,25.5627,25.6104,25.4768,25.5054,3070857
2017-12-12,25.5531,26.059,25.4863,25.9063,6450496
2017-12-13,25.9922,26.1825,25.6963,25.744,5779256
2017-12-14,25.8299,25.849,25.577,25.5913,3960415
2017-12-15,25.7536,26.0018,25.6009,25.6104,9652946
2017-12-18,25.7918,26.059,25.6868,25.7536,4185871
2017-12-19,25.7249,25.7727,24.8086,24.9136,5205513
2017-12-20,24.8945,25.0281,24.6463,24.6654,4922188
2017-12-21,24.6177,24.7227,24.36,24.4363,4396550
2017-12-22,24.4077,24.5413,24.3504,24.5031,2935933
2017-12-26,24.5318,24.8659,24.465,24.7704,2547343
2017-12-27,24.8563,24.9327,24.6368,24.694,2332169
2017-12-28,24.6845,24.8563,24.5318,24.8468,3186642
2017-12-29,24.8181,25.0568,24.7895,24.8945,3010650
2018-01-02,24.8945,24.9661,24.6177,24.7322,3661700
2018-01-03,24.799,24.9327,24.6177,24.7227,2804287
2018-01-04,24.7227,24.7704,24.0736,24.1118,3702824
2018-01-05,24.064,24.0831,23.625,23.8731,4060802
2018-01-08,23.9209,24.0354,23.7777,23.8922,3631662
2018-01-09,23.9018,23.9256,23.3672,23.3863,4296793
2018-01-10,23.3386,23.3386,23.0904,23.2527,3465303
2018-01-11,23.31,23.4913,23.0045,23.0713,5543966
2018-01-12,23.0236,23.0522,22.5368,22.5654,5104205
2018-01-16,22.6704,22.9854,22.6227,22.6418,3902398
2018-01-17,22.7754,22.7754,22.4256,22.6418,3859981
2018-01-18,22.5368,22.5845,22.2456,22.2695,4207187
2018-01-19,22.2886,22.3745,22.1072,22.3554,3574090
2018-01-22,22.3268,22.6513,22.2981,22.575,3710279
2018-01-23,22.6322,23.2527,22.6322,23.1763,5175402
2018-01-24,23.1477,23.2431,23.014,23.1095,4408028
2018-01-25,23.1,23.2813,23.014,23.2718,3170854
2018-01-26,23.2527,23.31,22.9186,23.1286,2699460
2018-01-29,22.995,23.0331,22.6704,22.9186,2883888
2018-01-30,22.8422,22.9854,22.4986,22.5081,3833299
2018-01-31,22.5463,23.119,22.4986,22.9854,7906244
2018-02-01,23.0331,23.2002,22.4509,22.4986,3552678
2018-02-02,22.3268,22.8327,22.0977,22.7754,4547463
2018-02-05,22.6609,22.9281,22.1836,22.1931,7181401
2018-02-06,22.0118,22.5177,21.7636,22.3936,7721367
2018-02-07,22.3268,22.804,22.1836,22.3172,5312359
2018-02-08,22.26,22.4318,21.6013,21.6109,5892325
2018-02-09,21.6968,22.3077,21.21,22.155,7007019
2018-02-12,22.1645,22.174,21.2672,21.8113,6324376
2018-02-13,21.7445,21.859,20.9809,21.7636,6820632
2018-02-14,21.3076,21.4628,20.9971,21.1232,6160422
2018-02-15,21.1717,21.6344,21.065,21.6278,7607410
2018-02-16,21.6763,22.1711,21.6763,22.0062,7993609
2018-02-20,21.88,22.239,21.7733,21.783,4370375
2018-02-21,21.7345,21.8218,21.1329,21.1523,4475058
2018-02-22,21.2202,21.7005,21.1572,21.2396,3035239
2018-02-23,21.3561,21.6957,21.259,21.6957,2542638
2018-02-26,21.6957,21.8121,21.4628,21.7733,2725651
2018-02-27,21.7927,21.9674,21.0844,21.1038,3610714
2018-02-28,21.2008,21.3755,20.9777,20.9971,5951191
2018-03-01,20.9583,21.6277,20.8418,21.2784,3653246
2018-03-02,21.2784,21.3367,21.0068,21.1911,3170433
2018-03-05,21.1038,21.8073,21.1038,21.5986,4284046
2018-03-06,21.5404,21.7054,21.2299,21.6278,2505572
2018-03-07,21.5598,21.9868,21.4143,21.9577,3957730
2018-03-08,22.307,22.3943,21.8849,22.1808,3699835
2018-03-09,22.1517,22.1905,21.7151,21.9285,4256162
2018-03-12,21.9285,22.4816,21.8121,22.4331,5227510
2018-03-13,22.4622,22.6174,22.1323,22.3167,3979364
2018-03-14,22.2875,22.4331,22.0062,22.2681,3990236
2018-03-15,22.1905,22.4041,22.0644,22.2681,2579783
2018-03-16,22.2584,22.5689,22.1517,22.501,6596306
2018-03-19,22.501,22.535,22.2584,22.3846,4716054
2018-03-20,22.3555,22.5204,21.8315,22.0062,4706061
2018-03-21,22.0159,22.1129,21.618,21.8509,4371085
2018-03-22,21.8218,22.4525,21.783,21.9382,4708003
2018-03-23,21.9965,22.1323,21.5501,21.6278,3809291
2018-03-26,21.7248,21.7733,21.3755,21.6472,3153720
2018-03-27,21.686,22.4428,21.3464,22.1129,4407624
2018-03-28,22.2778,22.9231,22.2778,22.6951,5593758
2018-03-29,22.6272,22.7727,22.3652,22.5398,5051298
2018-04-02,22.5689,22.7533,22.3361,22.4913,5082241
2018-04-03,22.4816,22.4913,21.7539,22.2681,5602952
2018-04-04,22.1517,22.7824,22.0838,22.6757,3989935
2018-04-05,22.6854,22.6854,22.268,22.4719,2706637
2018-04-06,22.5107,22.8116,22.4864,22.5107,3723382
2018-04-09,22.5398,22.6757,22.2681,22.4525,2870480
2018-04-10,22.598,22.598,22.2487,22.3361,4692648
2018-04-11,22.2973,22.5592,22.142,22.2002,2689768
2018-04-12,22.1905,22.2002,21.5404,21.5792,3389603
2018-04-13,21.6278,21.7636,21.4094,21.7539,1937007
2018-04-16,21.7733,22.0159,21.5598,21.8606,2825064
2018-04-17,21.8606,22.239,21.7684,22.1032,2440736
2018-04-18,22.2099,22.2584,21.9528,21.9965,2343373
2018-04-19,21.9091,21.9479,21.3949,21.6957,2659253
2018-04-20,21.6957,21.7926,21.1766,21.2299,2865138
2018-04-23,21.2396,21.3949,21.1475,21.2687,1944674
2018-04-24,21.3173,21.7345,21.1523,21.6472,4994295
2018-04-25,21.521,21.7151,21.327,21.6763,4133649
2018-04-26,21.783,21.9091,21.6435,21.7151,2786528
2018-04-27,21.7927,22.7533,21.766,22.6466,4502864
2018-04-30,22.6466,22.8018,22.4331,22.666,4859771
2018-05-01,22.7048,23.0347,22.4282,22.9668,4352187
2018-05-02,22.86,22.9959,22.5398,22.7436,3899244
2018-05-03,22.7436,22.8794,22.404,22.8309,3187642
2018-05-04,22.7521,23.1267,22.7521,23.1069,3255009
2018-05-07,23.1069,23.4815,23.0675,23.4421,2700781
2018-05-08,23.4224,23.521,23.0872,23.1858,3544162
2018-05-09,23.1168,23.5604,23.0774,23.5407,2754532
2018-05-10,23.5998,23.797,23.585,23.7181,1943123
2018-05-11,23.8069,23.9301,23.6924,23.7378,2274927
2018-05-14,23.6984,23.7576,23.3386,23.452,2908053
2018-05-15,23.3435,23.3632,22.9591,23.0379,2860248
2018-05-16,23.2844,23.3435,22.9295,22.9985,3107765
2018-05-17,23.0577,23.1168,22.7361,22.8112,2663817
2018-05-18,22.8704,22.9394,22.6141,22.6929,2607938
2018-05-21,22.545,22.895,22.1703,22.8013,2840477
2018-05-22,22.8802,22.8999,22.5549,22.7718,2773815
2018-05-23,22.8605,23.1759,22.8358,22.8802,3193845
2018-05-24,22.9196,23.0084,22.5746,22.7816,3767095
2018-05-25,22.8901,23.2154,22.8704,23.1858,2634509
2018-05-29,23.1267,23.3977,22.9689,23.3632,2671185
2018-05-30,23.3238,23.8364,23.1661,23.6294,3674813
2018-05-31,23.521,23.6491,23.4125,23.6294,5880271
2018-06-01,23.6491,24.0237,23.5308,23.9843,3881304
2018-06-04,24.0533,24.073,23.6393,23.9744,2348529
2018-06-05,24.0829,24.2061,23.8069,23.8463,3887640
2018-06-06,23.9251,23.9251,23.4766,23.6886,4985626
2018-06-07,23.6984,24.004,23.59,23.935,3326989
2018-06-08,23.9843,24.073,23.8364,23.9942,2250945
2018-06-11,23.9942,24.0336,23.8364,23.8364,2293731
2018-06-12,23.8069,24.0829,23.7576,23.9251,3632064
2018-06-13,23.9942,24.0336,23.1513,23.1858,3277215
2018-06-14,23.1858,23.5653,23.1858,23.5308,2520562
2018-06-15,23.59,23.8315,23.4815,23.6787,5175233
2018-06-18,23.6688,23.7871,23.383,23.6097,2529783
2018-06-19,23.6294,23.8808,23.5998,23.659,2862447
2018-06-20,23.5998,24.1716,23.5998,24.1519,2404882
2018-06-21,24.1124,24.4082,24.0927,24.2702,2573694
2018-06-22,24.3293,24.6448,24.2258,24.4673,3398107
2018-06-25,24.487,24.7434,24.349,24.6152,2515878
2018-06-26,24.6053,24.9109,24.4723,24.7631,4039086
2018-06-27,24.8025,24.8715,24.6251,24.7138,4389475
2018-06-28,24.7532,25.4137,24.7532,25.3348,5588446
2018-06-29,25.325,25.5418,25.0884,25.4531,4181161
2018-07-02,25.4433,25.5517,24.9602,25.187,3071935
2018-07-03,25.1672,25.9121,24.9898,25.4827,2516449
2018-07-05,25.5517,25.8967,25.2855,25.8179,3500396
2018-07-06,25.9164,26.1037,25.7883,25.8672,4463669
2018-07-09,25.8573,25.9263,25.3743,25.5616,4128992
2018-07-10,25.5221,25.7193,25.4728,25.6404,3565951
2018-07-11,25.6306,25.7686,25.4827,25.5616,4392069
2018-07-12,25.5517,25.5813,25.4137,25.5123,3723332
2018-07-13,25.5221,25.7193,25.3151,25.4728,2506449
2018-07-16,25.4137,25.4728,25.1377,25.4137,2344468
2018-07-17,25.5024,25.5517,25.1623,25.2067,2844029
2018-07-18,25.1771,25.3348,25.0095,25.1377,3060247
2018-07-19,25.1081,25.8179,25.0391,25.6503,8227154
2018-07-20,25.5911,25.67,25.2855,25.6108,2678224
2018-07-23,25.6108,25.6897,25.3743,25.6601,2182230
2018-07-24,25.6108,25.6355,25.181,25.5024,2678467
2018-07-25,25.5616,25.9263,25.4926,25.8573,2762674
2018-07-26,25.9559,26.089,25.739,25.9756,2849357
2018-07-27,26.0249,26.0643,24.8124,25.0884,3968920
2018-07-30,25.0292,25.2116,24.8222,25.118,2587238
2018-07-31,25.2658,25.7094,25.0982,25.532,5411607
2018-08-01,25.2067,25.6404,24.7335,25.6306,3820905
2018-08-02,25.601,25.9263,25.256,25.67,3691790
2018-08-03,25.78,26.59,25.74,26.46,3387646
2018-08-06,26.5,26.625,26.19,26.26,2589371
2018-08-07,26.25,26.48,26.109,26.47,2424901
2018-08-08,26.5,26.52,26.03,26.09,1630250
2018-08-09,26.15,26.25,26.06,26.16,1851098
2018-08-10,26.13,26.25,25.92,25.98,1856827
2018-08-13,26.02,26.06,25.815,26.05,1937414
2018-08-14,26.05,26.4,26.01,26.28,1848079
2018-08-15,26.23,27.0662,26.23,26.86,3086120
2018-08-16,26.77,27.0,26.565,26.98,2820988
2018-08-17,27.03,27.225,27.02,27.22,2597568
2018-08-20,27.3,27.435,27.03,27.07,2377017
2018-08-21,27.05,27.11,26.85,26.93,2137045
2018-08-22,26.96,27.0,26.68,26.74,1627723
2018-08-23,26.8,26.88,26.69,26.71,2446352
2018-08-24,26.63,26.75,26.48,26.72,1082895
2018-08-27,26.72,26.73,26.42,26.72,1604180
2018-08-28,26.65,27.03,26.56,27.03,3087431
2018-08-29,27.08,27.2,27.04,27.06,1978550
2018-08-30,27.13,27.13,26.895,26.93,1713546
2018-08-31,26.97,27.12,26.86,27.03,2162825
2018-09-04,26.94,27.04,26.51,26.54,1974390
2018-09-05,26.47,26.84,26.28,26.64,2296610
2018-09-06,26.71,27.02,26.7,26.98,2407200
2018-09-07,26.75,26.8,26.4,26.45,1672356
2018-09-10,26.88,27.03,26.63,26.63,2190692
2018-09-11,26.47,26.775,26.38,26.66,1635252
2018-09-12,26.68,26.78,26.545,26.63,1537869
2018-09-13,26.79,26.93,26.55,26.82,1761611
