date,open,high,low,close,volume
2013-09-16,56.6248,56.7549,55.7304,56.0313,1060008
2013-09-17,56.0069,56.698,55.5434,56.1126,738981
2013-09-18,56.2183,56.8166,55.7141,56.6248,628273
2013-09-19,56.8769,57.6981,56.3309,57.5843,1427220
2013-09-20,57.9421,58.0234,57.0151,57.1777,1301496
2013-09-23,56.9175,56.9338,56.0394,56.4378,1184245
2013-09-24,56.4703,56.5435,55.8524,55.9418,948192
2013-09-25,56.0069,56.6121,55.5027,56.137,1268766
2013-09-26,56.4622,56.763,56.1451,56.4866,669952
2013-09-27,56.2183,56.4134,55.7385,56.1613,706339
2013-09-30,55.6897,56.1613,55.2507,56.0638,844567
2013-10-01,56.0313,58.0071,55.9987,57.6656,1087149
2013-10-02,57.4298,58.4787,56.885,58.4706,1187113
2013-10-03,58.4624,59.1251,57.8542,59.0479,1170017
2013-10-04,59.1292,60.4058,58.6088,59.926,1334201
2013-10-07,58.9828,59.2756,58.4868,58.6169,847540
2013-10-08,58.6982,59.8773,58.3323,58.3974,1334076
2013-10-09,58.6169,58.6495,57.3987,57.8201,1035413
2013-10-10,58.6169,59.4951,58.5031,59.4951,1260321
2013-10-11,59.3569,60.3245,58.8121,60.1537,897020
2013-10-14,59.6577,61.1864,59.4951,61.0725,783801
2013-10-15,60.7635,61.2921,60.235,60.6416,964608
2013-10-16,61.2351,61.6336,60.6578,61.1945,768575
2013-10-17,61.105,61.7474,60.9018,61.6661,976636
2013-10-18,62.3654,63.2029,62.0239,62.4141,1172813
2013-10-21,62.4711,62.5442,61.9832,62.1946,731975
2013-10-22,62.528,63.3336,62.1743,62.5199,634972
2013-10-23,62.2434,62.3898,60.6253,60.9831,1044311
2013-10-24,60.8774,61.7474,60.6009,61.6986,1022171
2013-10-25,62.097,62.8776,61.658,62.2597,674514
2013-10-28,62.4711,62.9752,62.2922,62.7475,861722
2013-10-29,62.7475,63.9834,62.6987,63.9591,1061611
2013-10-30,64.1135,64.3331,62.4548,63.024,992157
2013-10-31,62.9752,63.7395,62.6743,63.0565,792614
2013-11-01,63.1297,63.4387,62.2922,62.9589,1070668
2013-11-04,63.2516,63.4224,62.8939,63.3004,675281
2013-11-05,62.9427,63.3574,62.3816,63.2435,697593
2013-11-06,63.6501,63.8452,62.641,63.1378,707395
2013-11-07,63.5037,63.5932,61.2351,61.5279,1283204
2013-11-08,61.8612,63.4793,61.5848,63.4387,1009021
2013-11-11,63.5444,63.9753,63.276,63.7314,1079494
2013-11-12,63.8208,63.8208,62.1377,62.3816,1082708
2013-11-13,62.0297,63.1346,61.5222,62.9873,1397060
2013-11-14,64.0021,64.2477,62.7908,63.8875,1341361
2013-11-15,64.7224,65.0825,63.9448,64.8779,1481159
2013-11-18,65.017,65.1168,64.0021,64.4932,1212293
2013-11-19,64.4605,64.9188,63.5192,64.2886,1360629
2013-11-20,64.6405,64.927,64.2395,64.5341,846717
2013-11-21,64.7387,64.9188,64.174,64.6569,878601
2013-11-22,65.1725,65.1725,64.4113,64.6323,952955
2013-11-25,64.4605,64.6241,62.8236,63.2164,1240982
2013-11-26,63.0937,64.485,63.0937,64.4277,1379545
2013-11-27,64.2722,64.388,62.5617,63.3064,757274
2013-11-29,63.2328,63.5684,62.4553,63.02,324896
2013-12-02,63.2655,64.7878,62.4962,63.8794,1078860
2013-12-03,63.8957,65.3362,63.6027,65.2052,1466302
2013-12-04,65.2707,66.3674,64.575,66.2692,1581692
2013-12-05,66.2938,66.2938,65.197,65.6636,1172665
2013-12-06,66.5802,66.5802,65.0743,65.3362,788828
2013-12-09,65.4262,65.9296,64.6978,65.0579,1138954
2013-12-10,65.238,66.3183,64.8206,64.9351,1227001
2013-12-11,65.0743,65.328,63.9939,64.1822,1008128
2013-12-12,64.264,66.0237,64.264,65.3198,1350293
2013-12-13,65.1643,65.4999,64.3541,65.0825,973819
2013-12-16,65.7863,66.613,65.6554,66.5066,1250121
2013-12-17,66.4002,66.5066,65.5408,66.1628,838597
2013-12-18,66.3183,66.8012,65.4999,66.7194,1181779
2013-12-19,66.7439,66.9968,66.0319,66.8421,754013
2013-12-20,66.8094,67.4396,66.5802,67.1368,1549459
2013-12-23,67.6606,67.6851,66.6539,66.7275,613889
2013-12-24,66.572,68.3644,66.572,67.9552,501700
2013-12-26,68.1025,68.2908,67.636,68.0452,420493
2013-12-27,68.0534,68.88,67.947,68.7163,938103
2013-12-30,68.7736,69.191,68.1966,68.7736,814150
2013-12-31,68.8146,69.4611,68.4544,68.8146,581602
2014-01-02,68.7082,68.9782,67.1368,67.3168,953505
2014-01-03,67.5951,68.5117,67.3823,67.9716,746649
2014-01-06,67.5787,67.947,66.9444,67.0713,969951
2014-01-07,66.6539,68.4217,66.572,68.4053,1552379
2014-01-08,69.2565,69.9849,68.7655,69.1174,1936902
2014-01-09,69.5184,69.5921,69.0601,69.5021,1223785
2014-01-10,69.412,70.6066,69.322,70.0177,1362237
2014-01-13,69.6739,70.1322,68.1107,68.5036,1671929
2014-01-14,68.7163,70.0585,68.7163,69.7394,982708
2014-01-15,69.7394,69.8998,69.3465,69.5512,853488
2014-01-16,69.6657,70.2059,68.9046,69.4775,683671
2014-01-17,69.7476,70.3778,69.4734,70.0995,870381
2014-01-21,70.787,71.54,70.5742,71.409,1144123
2014-01-22,71.4499,72.1047,70.7625,72.0965,928038
2014-01-23,71.72,72.0556,70.6466,71.3927,1011977
2014-01-24,71.0489,71.0489,69.8294,70.3942,1027279
2014-01-27,70.5497,70.877,69.5962,70.2305,938052
2014-01-28,70.3041,70.8116,70.165,70.6806,1124607
2014-01-29,70.1241,70.3942,69.4366,69.6657,1330010
2014-01-30,71.3517,72.2684,69.6248,71.7773,2008997
2014-01-31,70.9671,72.4975,70.8034,72.0556,1099115
2014-02-03,72.1211,73.1564,70.3942,70.6069,1805903
2014-02-04,69.5757,70.0118,68.0452,69.6003,2180613
2014-02-05,69.3875,69.8704,68.7,69.4939,1103290
2014-02-06,70.0259,71.1389,69.8376,71.098,1761951
2014-02-07,71.6136,72.162,71.098,71.3435,1431163
2014-02-10,71.4254,71.4819,69.5675,70.165,1860583
2014-02-11,70.476,72.2029,70.2059,72.0965,1133995
2014-02-12,72.4468,73.0074,71.7379,72.216,1085516
2014-02-13,71.944,73.9718,71.7627,73.9058,1140989
2014-02-14,74.1614,74.829,73.7245,74.6724,1133206
2014-02-18,74.9115,77.0793,74.9115,76.6837,1604748
2014-02-19,76.7496,78.1344,76.6837,77.4255,1435060
2014-02-20,77.2277,78.2746,77.2277,78.0273,1472544
2014-02-21,78.3075,78.4147,76.7661,77.7635,1051405
2014-02-24,78.2746,80.3806,78.2746,79.4615,1115715
2014-02-25,80.055,80.3353,78.4312,80.1127,1236841
2014-02-26,79.9314,80.7392,79.0824,79.3544,1341325
2014-02-27,79.3791,79.9561,78.6043,79.8819,1106659
2014-02-28,80.2199,81.8932,79.8407,81.3986,1310726
2014-03-03,79.0659,81.6789,78.3982,81.1266,1284097
2014-03-04,81.9509,82.429,80.698,81.6377,1269578
2014-03-05,81.8108,82.7917,80.8463,81.7613,1307200
2014-03-06,82.3795,83.175,81.8108,83.1049,1086618
2014-03-07,83.1626,83.2698,81.9591,82.8411,1036940
2014-03-10,82.8411,83.2121,81.8355,82.7092,1000689
2014-03-11,82.8411,83.1791,80.8463,81.1513,1089230
2014-03-12,80.5578,81.7366,80.1984,81.1101,1101482
2014-03-13,81.1678,81.2832,78.9093,79.5522,1551923
2014-03-14,79.5028,80.9865,79.2143,80.7392,1149266
2014-03-17,80.904,83.4511,80.904,83.3357,1428196
2014-03-18,83.1791,84.7947,82.7092,84.4897,1238032
2014-03-19,84.8771,86.4927,84.3166,84.77,1633666
2014-03-20,84.3578,86.0723,84.296,85.8828,972664
2014-03-21,86.6246,88.0012,85.9734,87.9023,3289574
2014-03-24,87.8693,88.2814,86.4103,87.0532,1488825
2014-03-25,87.6797,88.7018,87.2593,88.199,1194456
2014-03-26,88.6029,88.9821,87.4984,87.5231,1455916
2014-03-27,87.6715,88.9574,87.0697,87.2758,1059011
2014-03-28,87.6055,89.3777,87.3154,88.776,871508
2014-03-31,89.114,89.3613,88.0836,88.6606,1202547
2014-04-01,88.9986,89.3777,88.3804,89.1634,766257
2014-04-02,89.0233,89.6415,88.4793,88.842,863479
2014-04-03,89.0151,89.386,88.0424,88.9244,1022071
2014-04-04,89.4602,90.2103,87.8701,88.4381,964915
2014-04-07,88.2567,88.3846,85.9405,86.0559,1097801
2014-04-08,86.0559,88.4874,85.8086,88.232,1585264
2014-04-09,88.5617,88.776,87.2181,88.5452,800974
2014-04-10,88.5452,89.0233,86.7483,86.7647,830035
2014-04-11,86.6741,88.232,86.6329,87.3005,1006665
2014-04-14,87.7869,88.8172,86.8637,88.4958,704231
2014-04-15,88.3062,90.0784,88.1825,89.7487,838949
2014-04-16,90.573,90.9769,89.4931,90.301,842519
2014-04-17,91.2406,92.1061,89.6745,91.3643,977647
2014-04-21,91.7682,93.5239,91.5456,93.2519,968971
2014-04-22,93.2519,93.6228,92.4359,93.3591,983231
2014-04-23,93.6723,94.9499,93.5981,93.8124,1271815
2014-04-24,93.969,96.4419,87.5561,88.2155,3115899
2014-04-25,87.8528,88.7925,86.3691,88.199,1615215
2014-04-28,88.6689,88.8749,87.1934,88.2237,1350075
2014-04-29,88.7101,89.9712,88.6359,88.8584,1394963
2014-04-30,88.6112,89.5838,87.2099,89.5591,1367442
2014-05-01,88.6194,89.2294,86.74,86.9873,1511561
2014-05-02,87.0532,89.3942,86.9873,88.7513,945766
2014-05-05,87.6138,88.0012,86.1548,87.8198,1589377
2014-05-06,87.9682,89.6085,87.383,88.7843,1206434
2014-05-07,89.4602,90.4741,88.2484,90.4081,1537731
2014-05-08,90.3586,91.0511,88.6524,88.9986,1051902
2014-05-09,89.0728,89.2294,86.9886,87.6797,1182350
2014-05-12,88.3309,89.7075,87.7209,88.9738,974489
2014-05-13,89.4008,89.8734,88.638,89.4837,978691
2014-05-14,89.6495,90.8185,89.3925,90.0392,691812
2014-05-15,89.6495,89.8236,86.4575,87.5271,1325371
2014-05-16,87.4027,87.4027,85.844,86.698,1143763
2014-05-19,87.7759,89.2503,87.3236,88.3707,772577
2014-05-20,87.4524,87.7012,86.4741,86.9301,987155
2014-05-21,87.353,88.0908,86.7892,87.5519,665014
2014-05-22,87.6348,88.837,87.6017,88.1986,675268
2014-05-23,88.2484,88.2981,87.4441,87.8421,530967
2014-05-27,87.8255,89.0526,87.576,88.7956,840455
2014-05-28,88.7458,90.5532,88.3576,90.2382,991686
2014-05-29,90.404,91.1833,89.1309,91.1004,835104
2014-05-30,90.7439,91.515,90.1636,91.1585,775302
2014-06-02,91.117,91.4652,90.3874,90.5284,563436
2014-06-03,90.1719,90.5864,89.0028,90.4289,1107241
2014-06-04,90.1055,91.5647,89.3096,91.3989,992506
2014-06-05,91.5399,92.3192,91.1087,92.1865,933975
2014-06-06,92.427,92.9576,92.0539,92.5431,761525
2014-06-09,92.5928,94.4665,92.2363,93.6209,1217139
2014-06-10,93.2561,93.339,92.1534,92.5348,792977
2014-06-11,92.2777,92.6674,91.772,92.2777,475284
2014-06-12,92.3026,94.2095,92.3026,92.9161,702005
2014-06-13,93.1483,93.7701,92.17,93.7535,565952
2014-06-16,93.654,94.2344,92.9327,94.2178,955664
2014-06-17,93.9276,94.6572,93.4468,94.0769,627862
2014-06-18,94.3671,94.9308,93.9028,94.7982,529632
2014-06-19,95.42,96.3652,94.5246,96.3486,1075361
2014-06-20,97.0616,97.8451,96.589,96.7714,2061250
2014-06-23,96.1828,96.9953,95.4615,95.9257,1201548
2014-06-24,95.6439,95.9672,92.6011,92.6425,1096902
2014-06-25,92.6011,94.8728,92.5679,94.5826,941773
2014-06-26,94.9474,96.0584,93.9276,95.6356,804041
2014-06-27,95.1298,96.0501,94.7816,95.7433,1605591
2014-06-30,95.6687,96.3652,95.221,96.2657,711459
2014-07-01,96.9289,97.8492,96.4647,96.5973,848398
2014-07-02,96.788,98.6203,96.788,97.6254,1076979
2014-07-03,98.3384,98.3384,96.8377,98.0731,426042
2014-07-07,97.186,97.3435,95.6024,95.7185,825214
2014-07-08,95.7848,96.1413,94.6821,95.7599,1061846
2014-07-09,96.2574,96.3652,95.2625,95.9672,1182742
2014-07-10,94.6489,95.5808,93.7204,95.022,949562
2014-07-11,94.9225,94.9806,93.3556,94.0852,784884
2014-07-14,94.7153,95.6604,94.2095,94.6241,693527
2014-07-15,94.4665,95.0386,92.7503,93.6292,979202
2014-07-16,94.45,96.4066,94.1598,96.3652,943558
2014-07-17,96.0004,96.5806,93.9691,94.1183,751289
2014-07-18,94.2759,95.0801,93.5214,94.707,735429
2014-07-21,94.5495,95.1464,94.0437,94.9308,520784
2014-07-22,95.5444,96.4564,95.3537,96.2076,543718
2014-07-23,96.332,96.7465,94.9557,96.3817,513132
2014-07-24,96.9207,97.8907,96.0916,96.9704,810226
2014-07-25,96.5559,97.1777,95.5278,96.8377,649768
2014-07-28,97.1279,97.4181,95.1215,96.3569,589126
2014-07-29,96.1662,96.2823,95.4117,95.4863,709280
2014-07-30,96.6553,96.7051,94.3588,94.9308,911454
2014-07-31,94.1017,94.11,86.897,88.0991,2641112
2014-08-01,87.3861,89.0443,86.1082,88.9282,1440587
2014-08-04,87.3861,89.0443,86.1082,88.9282,1440587
2014-08-05,88.182,88.4474,85.8357,86.3166,1356914
2014-08-06,85.5455,88.0577,85.4792,86.2171,814140
2014-08-07,86.4658,86.814,83.6303,84.5092,1737765
2014-08-08,84.6584,85.8108,83.9039,85.587,1293969
2014-08-11,85.8523,86.2171,84.6501,85.0978,1125345
2014-08-12,85.4792,85.4792,83.622,83.9205,974312
2014-08-13,84.8951,85.8217,84.653,85.3626,1066894
2014-08-14,86.0471,86.3309,82.0903,82.3324,1281550
2014-08-15,82.5327,83.4176,82.2656,82.9584,1817081
2014-08-18,83.3424,83.5829,82.0653,82.9167,1214797
2014-08-19,83.1838,83.6513,82.7915,82.875,885555
2014-08-20,83.3424,84.4694,82.2739,84.3525,1238267
2014-08-21,84.1355,84.2189,82.6412,83.5094,1207802
2014-08-22,83.476,83.6889,82.2072,83.3758,820455
2014-08-25,83.5762,84.7532,83.3758,84.4276,905068
2014-08-26,84.5779,86.6648,84.5779,85.1038,908664
2014-08-27,85.2457,86.5563,84.4777,85.8634,793681
2014-08-28,85.3292,86.3476,85.012,86.0387,824024
2014-08-29,86.2224,87.8251,85.2791,87.6915,1055537
2014-09-02,87.4328,87.6498,85.7883,86.6648,1220179
2014-09-03,86.815,88.0672,86.6731,87.75,1035534
2014-09-04,87.775,87.8919,84.9201,85.6965,1289204
2014-09-05,85.6965,86.7316,84.7448,86.7316,764125
2014-09-08,86.1723,86.214,84.3692,85.012,962411
2014-09-09,84.9869,85.3903,83.4843,84.0102,1072427
2014-09-10,84.2607,84.6113,82.9918,84.3108,872080
2014-09-11,84.1772,85.9636,83.3257,85.8718,904821
2014-09-12,85.8384,85.8467,83.9852,84.1605,960618
2014-09-15,84.0186,85.3125,83.5344,84.8283,820863
2014-09-16,84.7615,87.6498,84.7198,86.8484,942794
2014-09-17,87.3159,87.3159,85.7465,86.2057,1069878
2014-09-18,86.7316,86.8902,85.8133,85.8718,795491
2014-09-19,86.2724,86.7483,84.3441,84.4109,1184264
2014-09-22,84.2189,84.2189,81.122,81.9901,1551167
2014-09-23,81.9567,83.0586,81.6485,82.2739,1006689
2014-09-24,82.5494,83.6596,80.7964,83.3758,1311453
2014-09-25,83.4676,83.5344,81.0301,81.531,930730
2014-09-26,81.556,83.2423,81.0577,82.6412,1086442
2014-09-29,81.531,82.6412,80.93,82.4743,764253
2014-09-30,82.7998,83.5428,81.1721,81.698,1258097
2014-10-01,81.8065,82.1988,78.6344,78.9516,1342397
2014-10-02,78.2337,78.2421,74.0265,75.9715,2290582
2014-10-03,76.2637,77.0066,74.7444,75.4957,1466225
2014-10-06,76.055,77.1569,75.1117,75.6042,1532575
2014-10-07,75.4122,76.9565,74.0182,74.0432,1455337
2014-10-08,73.6843,74.7528,71.0715,74.6359,2292899
2014-10-09,74.5691,74.5691,70.5372,71.2551,2039201
2014-10-10,71.397,71.6892,68.6173,70.0113,2209534
2014-10-13,69.7108,71.1967,65.8292,65.8876,2288624
2014-10-14,66.906,69.1098,64.7022,65.4201,2968684
2014-10-15,64.5186,69.068,64.2348,68.7842,3368052
2014-10-16,67.6302,73.2682,66.915,72.8643,2629661
2014-10-17,73.3754,74.9281,69.9195,70.6875,2107836
2014-10-20,70.8795,73.2669,70.4704,73.0165,1487512
2014-10-21,73.8512,75.5792,73.3671,75.479,1378870
2014-10-22,76.9565,76.9565,71.6808,71.7476,2049763
2014-10-23,73.0832,74.5441,71.7309,73.9681,1381169
2014-10-24,73.5841,73.701,71.0965,72.6074,1294197
2014-10-27,71.1049,71.1049,68.1164,68.684,1700772
2014-10-28,68.1248,71.66,67.8326,71.5974,2157155
2014-10-29,72.1733,73.7677,70.4287,71.5306,1821944
2014-10-30,71.0214,73.5627,70.8615,71.9975,1887891
2014-10-31,71.1049,72.5991,69.7275,72.4739,1342140
2014-11-03,72.8662,73.2502,70.0531,70.3619,2064829
2014-11-04,68.8093,68.9595,67.2149,67.3568,1775898
2014-11-05,68.659,71.5389,67.6156,70.3369,1695222
2014-11-06,69.5522,71.5807,68.8553,71.5556,1371364
2014-11-07,71.3219,73.3253,71.3219,72.3737,1377093
2014-11-10,73.342,74.5858,71.5742,72.1233,1560709
2014-11-11,72.0398,72.5156,70.6374,71.7977,1531429
2014-11-12,71.0168,73.5579,70.8569,71.9928,1887892
2014-11-13,69.0646,71.0757,65.0678,67.1378,4410310
2014-11-14,67.1378,68.2485,65.4381,66.4814,2787743
2014-11-17,66.229,66.6077,64.5125,65.842,3433094
2014-11-18,64.1675,66.4646,64.1675,65.5475,2326691
2014-11-19,65.8335,66.0523,64.8238,65.6064,1470851
2014-11-20,65.6064,67.8109,65.4717,67.6174,1540200
2014-11-21,68.9553,70.7812,67.9876,68.8375,1918641
2014-11-24,68.4504,69.2834,67.3397,67.7773,1895021
2014-11-25,68.0213,68.5009,66.4814,66.8853,1626331
2014-11-26,67.0284,67.6595,65.0426,65.4044,2008494
2014-11-28,62.1313,62.2575,57.882,58.5215,2847442
2014-12-01,57.9578,58.7066,56.3674,58.1176,3036778
2014-12-02,57.2341,60.1118,57.2341,57.9157,2571493
2014-12-03,58.2438,59.4807,57.9157,58.8917,1845070
2014-12-04,58.0587,58.9927,57.4697,57.983,1707243
2014-12-05,57.6128,58.0503,55.7111,56.7461,2066754
2014-12-08,55.7532,55.7532,52.2865,52.5221,2618941
2014-12-09,52.48,54.5373,51.6975,54.2975,3437779
2014-12-10,53.1616,53.1616,51.5218,52.1519,3937326
2014-12-11,53.8011,54.0114,51.6218,51.891,2521741
2014-12-12,51.1085,52.4969,50.7719,50.7719,2015161
2014-12-15,51.0664,52.1687,50.5616,50.8308,1826874
2014-12-16,50.4858,53.4561,49.8464,50.8981,2667100
2014-12-17,51.748,55.6943,51.4703,54.7098,2595677
2014-12-18,56.7882,57.2526,54.4826,55.8962,2198606
2014-12-19,56.9565,60.5073,56.3843,60.4568,3408888
2014-12-22,59.7837,59.7837,57.1606,58.8413,2759591
2014-12-23,58.6898,59.2451,56.2522,57.1416,2042274
2014-12-24,56.9565,57.1247,55.2568,56.5862,820043
2014-12-26,56.7629,57.882,55.9551,56.5357,1201970
2014-12-29,57.0322,58.3196,56.6283,57.4192,1344206
2014-12-30,57.1079,57.2257,56.0056,56.3422,1165745
2014-12-31,55.9299,57.7811,54.9034,56.7293,1777305
2015-01-02,56.3927,57.4361,55.526,56.6619,1312795
2015-01-05,55.5428,55.7027,54.2723,55.0969,1995048
2015-01-06,54.6846,55.7784,52.5642,53.5655,2171153
2015-01-07,52.5137,52.8755,49.1396,50.0315,5164995
2015-01-08,50.57,52.0762,50.4269,51.159,4431851
2015-01-09,51.2095,51.5292,49.779,51.159,3109994
2015-01-12,50.2082,50.225,48.9629,49.9557,2731026
2015-01-13,49.9642,51.6807,49.7117,51.3273,2786774
2015-01-14,50.7803,51.6218,49.7706,51.5208,3192353
2015-01-15,52.236,52.5894,50.5868,50.6373,2079891
2015-01-16,51.2011,53.5907,51.0706,53.4056,2019902
2015-01-20,53.3888,53.3888,51.1927,52.0257,1734299
2015-01-21,52.6904,53.8516,52.194,53.7843,1755136
2015-01-22,54.0872,54.2723,52.7914,54.0788,2073965
2015-01-23,53.9525,54.693,52.7241,52.9765,2560613
2015-01-26,53.1279,54.0872,52.7073,54.0535,1451426
2015-01-27,53.6917,54.4574,53.0438,53.6917,2355461
2015-01-28,53.616,53.616,49.8632,50.2082,4188863
2015-01-29,46.9518,48.702,45.4373,48.3486,6594968
2015-01-30,48.0878,51.0159,47.6586,50.1156,3929266
2015-02-02,51.0496,53.8516,50.8897,53.5991,3758141
2015-02-03,55.2399,57.2762,55.0212,57.0911,5642516
2015-02-04,55.5597,57.5875,54.0199,55.2988,5031461
2015-02-05,56.2917,56.6363,54.7014,56.4432,3404388
2015-02-06,56.9144,57.8063,55.8373,57.2341,2728097
2015-02-09,57.8568,59.1358,57.6843,58.5468,2792562
2015-02-10,58.0082,58.0082,54.9875,55.8289,4100537
2015-02-11,54.543,55.9458,54.2114,55.5292,1996364
2015-02-12,56.5155,57.6038,55.8863,56.0819,1830426
2015-02-13,57.1362,59.2023,57.1107,59.1598,2555103
2015-02-17,58.7346,60.8347,57.8802,60.4861,2405703
2015-02-18,59.2023,60.1971,58.6241,60.129,2059170
2015-02-19,58.2755,60.8347,58.0885,59.7209,2206776
2015-02-20,59.8315,60.1546,58.7019,59.2873,1484534
2015-02-23,58.3605,58.7176,56.9236,57.4763,2798968
2015-02-24,58.0034,58.2245,56.2519,57.2212,2371720
2015-02-25,57.5358,57.8759,55.8608,57.5188,2347659
2015-02-26,57.1617,57.5613,56.0394,56.286,2264941
2015-02-27,56.507,57.3828,56.49,57.0172,1931333
2015-03-02,56.7366,56.7621,55.1976,55.8693,2310471
2015-03-03,55.9289,57.5443,55.5122,57.2467,1835505
2015-03-04,57.0767,57.1447,55.3507,56.6516,2139903
2015-03-05,56.354,58.0119,55.3847,57.9184,1647091
2015-03-06,57.4338,58.318,57.0087,57.1192,1952509
2015-03-09,56.7876,57.2722,55.3932,55.9118,1960657
2015-03-10,55.0021,55.7588,54.645,54.696,2124928
2015-03-11,54.8916,54.9511,53.8798,54.8405,2340053
2015-03-12,55.3847,55.3847,53.5057,53.7947,2042647
2015-03-13,53.2336,53.3271,51.8562,53.1316,2301742
2015-03-16,52.6809,54.5515,51.8392,54.5089,3537000
2015-03-17,53.8628,54.679,53.6162,54.4409,1607347
2015-03-18,54.1178,57.4423,53.5482,56.9151,2066879
2015-03-19,55.9203,56.2604,55.1296,56.1584,1849721
2015-03-20,57.1872,57.9609,56.7876,57.9524,7755228
2015-03-23,57.9524,59.2448,57.8164,58.25,2194952
2015-03-24,58.3095,58.6241,56.7281,57.9269,2417793
2015-03-25,58.301,59.2958,57.6889,58.7261,2138118
2015-03-26,59.6869,59.993,58.1225,58.7602,2083762
2015-03-27,58.267,58.2755,57.2467,57.8164,1641620
2015-03-30,58.3435,58.9472,57.3318,58.4371,2594621
2015-03-31,57.9184,58.5306,57.3318,57.8759,1782072
2015-04-01,58.1905,58.7091,57.5783,57.9949,2517894
2015-04-02,57.6293,59.5509,57.4763,58.8537,2363349
2015-04-06,59.4318,62.3142,59.0237,61.9401,2857066
2015-04-07,62.0166,63.1942,61.1663,62.0846,2053056
2015-04-08,62.2291,62.9433,60.5117,60.6052,1887711
2015-04-09,60.9623,63.1389,60.9623,62.8583,2123977
2015-04-10,63.0284,63.0284,61.6425,62.1356,1656607
2015-04-13,62.1526,62.5947,61.0771,61.2259,2124286
2015-04-14,61.6425,64.4483,61.6425,64.3547,3170371
2015-04-15,64.6183,66.5314,63.8531,66.0212,2601096
2015-04-16,65.7066,66.2508,64.1592,64.4313,2147892
2015-04-17,64.2017,64.2017,62.2802,62.6117,2107179
2015-04-20,63.1899,64.2272,62.8413,62.9433,1743041
2015-04-21,63.1134,63.5215,60.9495,61.2599,2405704
2015-04-22,61.1918,62.8753,61.1918,62.5182,2735439
2015-04-23,62.3992,64.3802,61.2003,64.0487,2884398
2015-04-24,63.8106,64.2612,62.7818,63.2749,1527335
2015-04-27,65.324,66.1062,64.4143,64.5163,2308647
2015-04-28,64.2867,65.0859,63.7936,64.9159,1593696
2015-04-29,64.6948,67.2626,64.0827,66.6674,1779611
2015-04-30,66.931,67.4155,65.6301,66.2933,2283999
2015-05-01,66.0807,66.999,65.103,66.7184,1660159
2015-05-04,67.067,67.067,65.2985,65.9022,1114468
2015-05-05,66.6929,67.9343,65.6471,65.9872,1918463
2015-05-06,67.135,67.3859,65.7661,66.4463,1915954
2015-05-07,65.7576,65.7576,64.2017,64.6098,2591448
2015-05-08,65.324,66.2168,64.1082,66.0297,1395155
2015-05-11,66.0212,66.0297,64.0316,64.1847,1571484
2015-05-12,64.3632,65.1285,63.2503,64.6778,1504360
2015-05-13,65.2591,65.5766,64.2724,65.0446,1240743
2015-05-14,64.6071,65.4222,63.1571,63.7319,1583557
2015-05-15,63.526,63.9207,62.6338,63.3544,1519380
2015-05-18,63.3716,64.2123,62.9083,63.9807,1270671
2015-05-19,63.0198,63.4145,61.278,62.1789,1511395
2015-05-20,62.4621,63.6118,61.9301,63.2171,1485227
2015-05-21,64.1609,65.6452,64.0751,64.7958,1500365
2015-05-22,64.0665,65.4745,63.8006,64.5813,982681
2015-05-26,63.629,64.354,62.1789,62.342,1334149
2015-05-27,61.8872,63.4402,61.5183,63.0455,1738525
2015-05-28,62.4278,63.0284,61.647,62.7109,1271808
2015-05-29,62.7452,63.5517,62.5736,62.6251,1574462
2015-06-01,62.6165,62.6937,61.5526,61.7843,1500598
2015-06-02,62.1789,63.8949,62.1446,63.3287,1221421
2015-06-03,63.3716,64.1695,62.505,63.0112,1429807
2015-06-04,62.4878,62.8911,61.6641,61.9301,1398195
2015-06-05,61.6127,64.1094,61.544,63.1914,1485681
2015-06-08,62.9254,63.9979,62.505,62.7366,1093199
2015-06-09,63.4059,64.1437,62.3591,62.3677,1132161
2015-06-10,64.2467,64.5642,63.3287,64.4526,1307896
2015-06-11,64.2724,64.5041,63.1656,63.2514,1071726
2015-06-12,62.6251,63.2257,62.3076,63.0627,957262
2015-06-15,62.1275,62.9082,61.6384,62.2991,984112
2015-06-16,62.3677,63.5517,62.2905,63.2858,944154
2015-06-17,63.8263,64.4011,63.0369,63.423,876014
2015-06-18,63.7319,64.0579,62.3334,62.4535,1426722
2015-06-19,62.0073,62.3677,61.3467,61.8615,1903106
2015-06-22,61.9559,62.462,61.1665,62.2647,1150768
2015-06-23,62.1704,62.8224,62.0159,62.5822,1075160
2015-06-24,61.5269,61.9902,60.3857,60.8748,3545519
2015-06-25,60.8834,61.2094,60.5487,60.7461,1776692
2015-06-26,60.5745,61.2738,60.2141,60.8748,3095829
2015-06-29,59.7594,60.6817,59.2026,59.9138,1835971
2015-06-30,60.5487,60.8748,59.8366,60.42,1707005
2015-07-01,60.3085,60.3514,58.2665,58.3523,2099079
2015-07-02,58.6697,59.1416,57.9061,58.1378,1593579
2015-07-06,56.8422,57.4514,55.9242,56.1987,2002207
2015-07-07,55.8469,56.4647,53.5818,56.3017,3431350
2015-07-08,55.4351,56.7821,53.9164,54.6372,2077064
2015-07-09,55.7526,56.3875,55.3321,55.3836,1633823
2015-07-10,56.0185,56.4389,54.8345,55.0061,1583999
2015-07-13,55.4694,55.9671,54.7677,55.6067,1687730
2015-07-14,55.3236,56.8079,55.2549,56.5762,1852752
2015-07-15,56.1129,56.4647,53.659,53.8049,2471016
2015-07-16,54.2253,54.517,52.741,53.1442,2216940
2015-07-17,52.9898,53.1957,51.6256,51.9345,2894676
2015-07-20,51.9173,52.0803,50.9108,51.291,2045355
2015-07-21,51.3081,52.5522,50.7848,50.8534,2236702
2015-07-22,50.6132,50.8362,49.9096,50.4673,2028362
2015-07-23,50.759,52.5436,50.4757,51.1451,2359781
2015-07-24,51.1365,51.1451,47.6531,47.9791,4684210
2015-07-27,47.3442,48.3395,46.5034,47.7389,3164557
2015-07-28,48.1679,50.0812,47.1297,49.5664,2574333
2015-07-29,49.309,51.8658,48.8285,51.3081,4117204
2015-07-30,51.2052,52.2433,49.9954,50.3901,3978237
2015-07-31,49.8753,50.6217,49.309,49.5407,2024181
2015-08-03,49.2918,50.5177,48.6655,49.5578,2088700
2015-08-04,50.0297,51.2481,49.8753,50.1842,1887293
2015-08-05,50.8791,51.6428,48.8028,49.3004,2285125
2015-08-06,48.9915,53.23,48.1078,52.904,3499337
2015-08-07,52.4922,54.0366,50.6775,51.0164,2841493
2015-08-10,51.2138,54.1138,50.7333,53.7706,2298626
2015-08-11,52.1404,53.4917,51.6428,52.9726,2970222
2015-08-12,52.7102,54.6537,52.1245,54.0463,2576633
2015-08-13,53.4303,53.6871,51.8425,52.4325,2040128
2015-08-14,52.4846,53.5778,50.4976,50.5497,2464405
2015-08-17,50.2894,50.9835,49.4825,50.3501,2262355
2015-08-18,50.3848,51.4382,50.1332,50.8707,1554743
2015-08-19,50.3935,50.6885,49.0226,49.6387,2251523
2015-08-20,50.1159,50.7926,48.9879,48.9879,1837512
2015-08-21,49.04,50.3328,47.4782,47.5042,2671974
2015-08-24,43.6518,46.7667,43.3742,44.5715,4376066
2015-08-25,46.3155,46.3155,43.8948,44.1724,4287524
2015-08-26,45.2483,46.4891,43.6605,44.6757,4298815
2015-08-27,45.8643,47.9988,45.3351,47.7992,3468824
2015-08-28,47.8166,51.3393,47.296,50.0204,4819384
2015-08-31,49.092,51.4781,48.1506,51.2004,3651717
2015-09-01,49.3697,50.7666,48.0595,48.5194,2822352
2015-09-02,48.7103,49.0486,45.9858,47.3827,4051383
2015-09-03,47.4088,49.3089,46.8969,47.4608,3076609
2015-09-04,46.8795,46.9055,45.0835,45.3351,2902473
2015-09-08,45.5173,46.411,44.5455,45.9424,2911134
2015-09-09,45.847,46.6713,43.6605,43.9555,2889798
2015-09-10,43.9902,44.667,42.9837,44.5021,3221719
2015-09-11,43.3134,43.834,41.9512,42.8189,3687416
2015-09-14,42.7842,42.8189,41.2918,42.5239,3326678
2015-09-15,42.8449,43.7182,42.5846,43.2874,2151783
2015-09-16,43.8687,46.0466,43.6952,45.8557,3361945
2015-09-17,45.526,46.8969,44.6496,45.6301,3663447
2015-09-18,43.8167,44.4414,42.385,42.7495,4189186
2015-09-21,42.9837,43.3828,41.6111,41.7083,3486200
2015-09-22,40.8319,42.3937,40.7972,41.1616,2586023
2015-09-23,41.5434,42.4545,40.3981,40.8927,2490795
2015-09-24,40.6237,41.6475,40.4415,41.1096,3361553
2015-09-25,41.3959,41.7777,40.5543,40.858,2444408
2015-09-28,40.1465,40.6584,40.051,40.346,3208365
2015-09-29,41.0922,42.2809,40.4762,41.5087,3445229
2015-09-30,41.8124,42.5586,40.5369,41.0055,4180062
2015-10-01,41.8297,42.5152,40.346,40.6584,3042622
2015-10-02,40.2246,42.8449,40.1899,42.7581,2733373
2015-10-05,43.513,45.3004,43.1486,44.9533,2951390
2015-10-06,45.3785,48.7797,44.8232,48.7363,5430618
2015-10-07,49.5692,50.8794,47.8513,49.4651,4103722
2015-10-08,49.6734,52.2243,48.3719,51.695,3698223
2015-10-09,51.8338,52.5193,50.6191,52.285,2788618
2015-10-12,52.2763,52.4932,50.2373,50.7579,2943283
2015-10-13,50.5063,51.1223,49.5259,49.8122,1981538
2015-10-14,49.8122,50.1289,48.9966,49.977,2235957
2015-10-15,49.7948,50.8707,49.0573,50.81,1917999
2015-10-16,50.8968,51.0139,47.886,48.7797,2832061
2015-10-19,48.0335,49.2222,47.4436,48.4239,2261450
2015-10-20,48.2938,49.6907,47.9988,49.1181,2156510
2015-10-21,48.7363,49.083,48.0595,48.1376,1627400
2015-10-22,49.04,49.9944,48.502,49.2048,1525668
2015-10-23,48.6669,50.2113,48.181,49.4044,1625877
2015-10-26,49.2656,49.335,47.3047,47.5997,1878557
2015-10-27,47.2873,48.1636,46.5324,47.3047,2100051
2015-10-28,47.7732,49.7862,46.8274,48.5541,2358568
2015-10-29,48.2244,49.7081,47.5997,47.9467,1985292
2015-10-30,48.2678,49.1267,46.9923,48.8231,1805995
2015-11-02,48.5194,50.7319,48.2851,50.6278,1812291
2015-11-03,51.0876,53.5344,50.9228,52.9271,3454177
2015-11-04,52.9271,53.3609,51.8859,52.2937,2319388
2015-11-05,52.1028,52.9271,50.7319,51.1657,2100902
2015-11-06,50.5237,51.9726,50.4109,51.1484,1993985
2015-11-09,51.2178,51.7384,50.0985,50.7493,1790826
2015-11-10,50.4661,51.5724,50.0008,51.388,2247275
2015-11-11,51.309,51.3177,48.4468,48.6575,2876435
2015-11-12,47.2615,49.4564,46.3923,46.9191,3864853
2015-11-13,46.6469,48.1921,45.9796,47.5776,2645638
2015-11-16,46.9893,48.4116,46.6908,48.3941,1986785
2015-11-17,47.9726,48.9472,46.8314,47.8322,1561354
2015-11-18,48.4029,50.1939,47.6127,49.4125,1852559
2015-11-19,48.6926,49.4828,47.402,48.0604,1501700
2015-11-20,47.9463,48.6794,47.2176,48.0517,1777617
2015-11-23,47.8585,49.2106,47.5952,48.8243,1491715
2015-11-24,49.553,51.5284,49.4915,51.3616,2093272
2015-11-25,51.3968,52.0201,49.7462,51.3529,1399799
2015-11-27,51.1597,51.1597,50.0096,50.3607,631652
2015-11-30,51.5987,51.7128,50.1983,51.1421,2266717
2015-12-01,50.7909,51.5197,50.2642,51.3704,1664658
2015-12-02,50.668,50.9841,48.1658,48.3765,2402610
2015-12-03,48.9735,49.2808,48.1482,48.8243,2617987
2015-12-04,48.0956,48.5521,46.6645,46.8664,2454930
2015-12-07,45.6021,45.8128,43.8725,44.5924,2800201
2015-12-08,43.7584,45.567,43.6442,44.0481,2807108
2015-12-09,44.6188,46.5854,44.3993,45.4177,2705751
2015-12-10,45.3914,46.5854,45.1719,46.1991,1858632
2015-12-11,45.5582,45.9972,44.8383,45.1017,2611288
2015-12-14,44.9436,46.322,44.689,45.6197,2558460
2015-12-15,46.3747,48.2712,46.3396,48.0868,2183514
2015-12-16,47.6654,48.8331,46.5591,47.7268,3088531
2015-12-17,47.4898,47.8409,45.3651,45.4792,2346676
2015-12-18,45.4792,45.646,43.7671,43.7935,2771451
2015-12-21,43.9252,44.4432,42.8628,43.8988,2248158
2015-12-22,44.0656,46.9015,43.8549,46.4625,2079173
2015-12-23,47.6654,49.3598,46.7075,49.114,2584223
2015-12-24,49.193,50.0447,48.2799,49.2018,1198065
2015-12-28,48.1921,48.5662,46.5941,46.8664,1739148
2015-12-29,48.1395,48.6136,46.603,47.5249,1017454
2015-12-30,46.9015,47.5436,45.9621,46.322,1445956
2015-12-31,46.1816,47.4546,46.1113,47.0157,1376399
2016-01-04,46.8049,47.8936,46.1904,47.5688,1919984
2016-01-05,47.2,47.7005,46.3484,47.0244,1769900
2016-01-06,45.5933,45.8743,43.8901,44.3203,2532670
2016-01-07,43.3018,43.8901,42.3712,42.5906,2716283
2016-01-08,42.5292,43.0955,41.1069,41.9673,1899752
2016-01-11,42.1692,42.3185,39.487,40.1587,3235070
2016-01-12,41.0454,41.5371,38.9822,40.4133,3775402
2016-01-13,41.2298,41.5898,39.4124,39.4563,3092285
2016-01-14,39.6933,41.4844,38.9558,40.9401,3544655
2016-01-15,39.1753,39.8338,38.3325,39.6406,3530479
2016-01-19,39.8162,39.825,37.1384,37.8847,3008417
2016-01-20,36.5063,38.192,35.1366,37.6213,4259327
2016-01-21,37.2438,40.6328,37.1384,39.7548,4068927
2016-01-22,42.1692,43.1613,40.2113,41.2912,4462128
2016-01-25,40.1499,40.9313,38.5432,38.5695,2595254
2016-01-26,39.8953,40.8523,38.6705,40.2465,2645934
2016-01-27,39.7811,42.3668,39.5616,40.4484,4579249
2016-01-28,40.861,44.7505,40.8435,43.4423,5093566
2016-01-29,43.5915,44.7505,42.8453,44.6012,3859942
2016-02-01,43.4774,44.0393,42.5994,43.8374,2914197
2016-02-02,42.5555,42.854,40.6415,40.9401,2879495
2016-02-03,42.0726,43.3808,40.2991,43.3457,2796360
2016-02-04,43.8462,45.6723,43.8198,45.0578,5056715
2016-02-05,44.6539,45.4177,43.0648,44.1447,3234679
2016-02-08,43.0911,43.7847,42.3009,43.5828,2234527
2016-02-09,44.3905,44.8295,41.0366,42.1604,2742289
2016-02-10,41.5703,42.8263,41.1695,41.2051,2267279
2016-02-11,40.4926,41.3477,39.4593,40.7509,3070635
2016-02-12,41.9355,43.236,41.3031,42.2295,2162911
2016-02-16,43.0133,43.4231,42.2651,43.3251,2550782
2016-02-17,44.2336,47.3512,44.1,47.1374,3623436
2016-02-18,47.4046,47.7876,44.6968,46.2288,3162299
2016-02-19,45.2312,45.9527,44.5365,45.9438,1726122
2016-02-22,47.2621,48.3844,46.9414,48.0014,2637557
2016-02-23,47.6362,48.0994,45.0353,45.4984,2163568
2016-02-24,44.483,45.8726,43.6814,45.7122,1561907
2016-02-25,45.8993,46.0507,44.2247,45.8726,1700404
2016-02-26,47.3423,48.3221,46.4159,47.3334,2615196
2016-02-29,47.3779,48.3577,46.594,47.1819,2478892
2016-03-01,48.0459,49.0346,46.9058,48.7763,2396439
2016-03-02,48.0905,51.1011,47.7199,51.0744,2309019
2016-03-03,50.923,52.7846,50.5667,52.5352,2878145
2016-03-04,52.936,56.5969,52.0542,55.1896,4540960
2016-03-07,54.3434,56.5435,54.3434,56.0714,3451175
2016-03-08,55.4657,55.5726,53.4616,54.0673,2210966
2016-03-09,55.243,56.3921,53.9158,55.4212,2409035
2016-03-10,55.0649,55.5013,53.3814,55.1896,2510448
2016-03-11,55.5726,56.7573,55.5061,56.4633,1685168
2016-03-14,55.1896,56.0625,53.9604,54.4503,2927359
2016-03-15,53.4883,54.8244,52.17,54.7977,2155198
2016-03-16,55.6082,56.2139,54.7175,55.6171,1638319
2016-03-17,55.8933,56.784,54.7442,56.2317,2470871
2016-03-18,56.5791,57.0601,53.9515,54.1831,3203563
2016-03-21,53.809,54.6819,53.1053,54.3167,1885427
2016-03-22,53.3992,54.6908,52.9093,53.3191,1716773
2016-03-23,53.0786,54.0316,51.3951,51.5198,2432113
2016-03-24,50.3975,51.8315,50.1926,51.7514,2685765
2016-03-28,52.0809,52.3482,51.1991,52.0186,1268800
2016-03-29,50.8963,52.0676,50.0412,51.7603,2159660
2016-03-30,52.6866,53.3101,51.1813,51.9384,1728168
2016-03-31,51.7157,53.2122,51.5554,52.3036,1634464
2016-04-01,50.7894,51.2615,49.8452,50.442,2269187
2016-04-04,50.7092,51.6129,49.8452,50.5845,1826991
2016-04-05,49.9254,51.5198,49.8808,50.5756,1366561
2016-04-06,51.1279,51.9117,50.0768,50.923,1802652
2016-04-07,50.6023,51.2793,49.6582,50.0323,1975661
2016-04-08,51.4396,52.4016,50.7627,50.9764,1959417
2016-04-11,51.3238,52.5441,51.1011,51.5732,1377922
2016-04-12,52.0988,54.4057,51.9117,53.5328,3726675
2016-04-13,53.7822,54.0049,52.455,53.5685,1702702
2016-04-14,54.0762,54.2098,52.6065,53.1676,1230980
2016-04-15,52.3749,52.3749,50.5133,51.8048,2987508
2016-04-18,49.8897,53.4705,49.7294,53.328,2486578
2016-04-19,53.9604,56.5301,53.6219,56.1694,2598577
2016-04-20,55.8844,57.3051,55.5548,56.6237,2045530
2016-04-21,56.9265,57.3095,56.0625,56.7484,1662477
2016-04-22,56.7751,58.3873,56.3386,57.0779,2648315
2016-04-25,56.5079,57.2561,55.6706,56.0714,1356637
2016-04-26,56.7216,56.8374,55.5548,56.1605,1565783
2016-04-27,56.971,57.8974,56.588,57.8529,1749608
2016-04-28,57.5767,58.8683,56.8552,57.8261,2428369
2016-04-29,57.2204,59.0197,57.1492,58.895,3092894
2016-05-02,58.5209,58.5209,55.0916,56.1605,3956784
2016-05-03,55.0827,55.4657,54.0138,54.9402,2731657
2016-05-04,55.4034,55.5993,52.7757,53.4705,2270890
2016-05-05,54.9313,55.0114,53.0162,53.5239,1046956
2016-05-06,53.1765,54.8645,53.1142,54.0584,1504618
2016-05-09,53.8713,53.9604,51.5109,51.9028,1740340
2016-05-10,52.3927,53.3458,52.0898,53.1765,1321579
2016-05-11,52.8229,54.2736,52.2371,53.6068,1543684
2016-05-12,54.0934,54.6448,52.5255,52.8499,1218438
2016-05-13,52.6066,53.751,52.2461,52.3363,1068714
2016-05-16,53.5257,54.3637,53.3545,53.4626,952009
2016-05-17,53.2734,54.9405,53.0932,54.0123,1605288
2016-05-18,53.9312,54.3818,51.9578,52.156,1717635
2016-05-19,51.4532,52.102,50.7773,51.7686,1600935
2016-05-20,51.9578,53.5257,51.9127,52.9941,1540412
2016-05-23,52.4714,52.7327,51.7415,52.4985,1278996
2016-05-24,52.2642,52.8769,51.6424,52.7418,1319455
2016-05-25,53.3815,54.9314,52.7418,54.4088,1288960
2016-05-26,55.0666,55.2809,53.8051,54.6251,1280383
2016-05-27,54.4358,54.6611,53.9042,54.598,1100887
2016-05-31,54.7512,55.6433,54.4809,55.1027,2259244
2016-06-01,53.9312,54.1204,52.5255,53.8952,2379093
2016-06-02,53.4356,53.6969,52.6336,53.0481,1247383
2016-06-03,53.0842,53.8051,52.3453,52.976,2064261
2016-06-06,54.2106,58.5088,53.8953,58.3376,2971562
2016-06-07,58.5719,61.0049,58.5629,60.6895,3601302
2016-06-08,60.9418,62.3025,60.0047,60.6985,2713559
2016-06-09,59.8965,60.9148,58.9324,60.5904,1395072
2016-06-10,59.6713,59.8245,58.1484,58.3647,1512243
2016-06-13,58.1754,59.2748,57.5735,57.8871,1696273
2016-06-14,57.5447,58.4458,57.1211,58.4187,1372248
2016-06-15,57.9502,59.6532,57.4906,58.8963,1671594
2016-06-16,57.9231,58.3007,56.2651,58.1574,1842037
2016-06-17,58.662,59.9236,58.4908,59.6713,2136750
2016-06-20,60.5634,61.1311,59.1306,59.1396,1188046
2016-06-21,59.4009,60.8337,58.8062,60.3561,1715500
2016-06-22,60.8337,61.3924,60.2119,60.311,1550385
2016-06-23,61.4374,62.3566,60.9238,62.3295,1389874
2016-06-24,59.7253,60.5994,59.2207,59.5541,2124006
2016-06-27,58.671,59.0585,56.0849,56.4633,2640339
2016-06-28,57.806,58.3375,57.3374,57.6708,2164059
2016-06-29,58.608,60.0497,58.5359,59.6713,1887958
2016-06-30,59.5721,60.4913,58.7161,60.4913,1689995
2016-07-01,60.4913,62.1583,60.3922,61.7708,1230913
2016-07-05,60.3381,60.7706,58.0943,58.7972,1619666
2016-07-06,58.4998,58.9729,57.5987,58.5899,1702657
2016-07-07,59.3739,61.095,58.2295,58.7341,1576367
2016-07-08,59.6532,60.3561,58.9684,59.8785,1040681
2016-07-11,60.302,61.3473,59.491,59.6262,1308647
2016-07-12,61.2212,63.0774,61.068,62.8702,2146338
2016-07-13,62.8071,63.0774,60.9779,61.924,1543128
2016-07-14,62.8882,63.3298,61.6041,61.6086,1609937
2016-07-15,62.1673,63.0504,61.5951,61.924,1576502
2016-07-18,61.5816,61.7438,60.5814,61.4464,1365479
2016-07-19,60.8157,61.5185,59.7343,59.9957,1512151
2016-07-20,59.464,60.1939,58.2836,59.2297,1718425
2016-07-21,59.2658,60.0407,57.5627,57.7609,1580806
2016-07-22,58.1304,58.5359,57.1031,58.4548,1981333
2016-07-25,57.806,58.1214,56.6706,56.6976,1509886
2016-07-26,56.4183,57.9502,56.2831,57.8781,1322156
2016-07-27,57.9411,58.3556,56.1119,56.7427,2015059
2016-07-28,55.8596,57.2248,54.4448,55.1027,2525023
2016-07-29,54.4809,56.0218,54.4358,55.8416,1559144
2016-08-01,55.5262,55.5983,54.1745,54.7422,2302005
2016-08-02,55.4991,56.129,54.0033,55.6253,2024995
2016-08-03,55.5712,57.031,55.2829,56.7967,2137640
2016-08-04,56.7427,57.5176,56.0939,56.202,1288223
2016-08-05,56.2561,57.2112,55.9632,56.9679,1206495
2016-08-08,57.6798,58.7431,57.4726,58.3196,1597742
2016-08-09,58.4367,58.4367,56.9049,57.4906,1124799
2016-08-10,57.5627,57.7519,56.6886,56.849,1624975
2016-08-11,56.9766,57.496,56.5118,56.9219,1392624
2016-08-12,57.1953,57.1953,56.1017,56.3842,1147139
2016-08-15,56.5391,57.7147,56.4384,57.0495,1185510
2016-08-16,57.2135,57.8697,56.6667,57.3684,1371762
2016-08-17,57.2408,57.3138,56.129,56.8399,1184651
2016-08-18,57.2682,59.5283,57.2682,58.9359,2018957
2016-08-19,58.3253,58.8357,57.7512,58.5441,1143175
2016-08-22,57.7603,57.7603,56.5756,57.0312,1074824
2016-08-23,57.013,57.9973,56.694,57.6509,1449217
2016-08-24,57.1133,57.8902,57.1133,57.5689,1352783
2016-08-25,57.6418,58.0337,56.9128,57.0586,995174
2016-08-26,57.2135,57.7785,56.3751,56.8945,2026350
2016-08-29,56.5573,57.8423,56.5027,57.0221,796029
2016-08-30,57.2591,57.8331,55.6096,55.9194,981896
2016-08-31,55.5913,56.0197,54.7653,55.0992,1248547
2016-09-01,54.68,55.1129,54.1879,54.9534,1889428
2016-09-02,55.6004,56.3386,54.7529,54.8532,1449815
2016-09-06,55.9376,57.2955,55.4,57.1224,2096633
2016-09-07,57.3775,57.7421,56.4936,57.25,1399026
2016-09-08,57.6874,58.1066,56.0835,57.3046,2301006
2016-09-09,56.5209,57.1679,54.516,54.5251,1544164
2016-09-12,54.1059,54.7347,53.5864,54.4613,1730292
2016-09-13,53.6502,54.0421,51.6361,52.11,2606473
2016-09-14,51.8913,53.6866,51.6088,52.2012,1848269
2016-09-15,52.2559,53.2492,52.0827,52.6477,1353077
2016-09-16,51.782,53.0305,51.627,52.5019,2670338
2016-09-19,52.8938,53.1763,52.2103,52.2376,1351357
2016-09-20,52.3834,52.3834,51.2078,51.4539,1770403
2016-09-21,51.9551,53.8325,51.9141,53.7869,1629901
2016-09-22,54.7529,55.0992,53.9965,54.3337,1063934
2016-09-23,53.8233,54.6618,52.2148,52.4837,1504970
2016-09-26,52.6204,53.0396,52.265,52.429,1477318
2016-09-27,51.8275,53.3267,51.4903,53.1034,2148937
2016-09-28,53.5499,57.3593,53.4132,57.2135,2905300
2016-09-29,57.6601,60.95,57.5325,59.4736,5202108
2016-09-30,60.1662,61.8841,59.6559,61.3327,3040387
2016-10-03,61.4512,62.0436,60.1207,61.4877,1931957
2016-10-04,61.6882,62.1165,60.5672,61.0958,1448829
2016-10-05,61.7246,63.1554,61.6152,62.5904,1861979
2016-10-06,62.9367,63.93,62.5175,63.0096,1334852
2016-10-07,63.2556,63.283,62.235,62.4992,1757705
2016-10-10,63.2283,64.1488,63.0278,63.5382,1403130
2016-10-11,63.0825,63.201,62.2896,63.1189,1372943
2016-10-12,62.7909,63.2101,62.3534,62.9367,938415
2016-10-13,62.6268,63.5655,62.0527,63.2921,917726
2016-10-14,63.6202,63.7664,62.4628,62.5813,806608
2016-10-17,62.4263,62.9185,59.7926,60.868,2504792
2016-10-18,62.0071,62.3261,60.8497,61.2143,1326633
2016-10-19,61.9069,63.2283,61.2416,62.1894,1848211
2016-10-20,61.5241,61.6061,60.6037,61.0411,1502522
2016-10-21,60.3941,60.8133,59.6832,60.5854,1602557
2016-10-24,60.631,60.7404,59.0271,60.5308,2078701
2016-10-25,60.3941,61.1231,59.6513,59.7014,1151039
2016-10-26,59.0909,59.4463,57.9152,59.1273,1858977
2016-10-27,59.5192,59.8199,58.0519,58.4711,1455101
2016-10-28,58.3253,59.1273,57.3775,57.815,1349835
2016-10-31,57.5872,57.938,57.1497,57.5142,1995227
2016-11-01,58.134,58.5258,57.2317,58.0337,1880137
2016-11-02,57.2226,57.6601,55.0354,56.849,2761568
2016-11-03,57.1224,57.3502,56.129,56.9492,1335152
2016-11-04,56.5938,57.25,55.1448,56.8854,2953186
2016-11-07,57.6509,57.8287,56.3204,56.9219,1720881
2016-11-08,56.885,57.8804,56.3873,57.5855,1401640
2016-11-09,57.567,59.3366,57.2905,58.5809,2247397
2016-11-10,58.1753,59.1984,57.7329,58.7007,2395959
2016-11-11,58.0832,58.4334,56.415,57.2998,1387655
2016-11-14,57.0509,58.9864,56.9311,58.7836,2287020
2016-11-15,59.2629,61.6224,59.2629,61.4196,2149323
2016-11-16,61.097,61.3919,60.0832,60.7744,1276401
2016-11-17,61.2998,62.6177,61.226,61.9173,2128103
2016-11-18,62.2399,63.4657,62.1293,62.9035,1441933
2016-11-21,64.2399,64.6085,62.7191,63.7053,2664287
2016-11-22,64.2675,64.6085,63.2445,64.0279,1989721
2016-11-23,63.5394,64.7468,63.4472,64.7284,1471890
2016-11-25,64.3044,64.5256,63.9081,64.1477,739962
2016-11-28,64.6915,64.7652,63.0141,63.0694,1916988
2016-11-29,61.3366,62.5808,60.5809,62.2767,2081996
2016-11-30,63.9173,70.1938,63.9173,69.7238,5427724
2016-12-01,71.3551,73.4196,69.8804,71.7514,4134889
2016-12-02,71.392,73.6408,71.2537,73.2261,2217503
2016-12-05,73.7422,75.5763,73.604,74.9404,2336270
2016-12-06,73.7422,74.2952,72.0003,73.6593,2302963
2016-12-07,73.6224,75.6501,72.839,74.5256,1764038
2016-12-08,74.4242,75.3551,74.0464,75.0049,1413588
2016-12-09,75.4381,76.2399,74.3966,75.3459,1759471
2016-12-12,77.6132,79.0602,76.1385,76.6639,2008136
2016-12-13,77.1524,77.4381,75.4657,76.9219,1922507
2016-12-14,75.604,76.9588,74.7837,74.9035,1815535
2016-12-15,74.2491,74.6823,73.6316,74.1477,2186667
2016-12-16,73.7699,74.6639,72.3505,72.5348,2884752
2016-12-19,72.5625,72.8113,71.6185,72.3044,2298510
2016-12-20,73.0325,73.7699,72.4334,72.6639,1326255
2016-12-21,73.1247,74.1017,72.9588,73.2722,1171213
2016-12-22,73.4012,73.6039,72.3874,72.4887,1099061
2016-12-23,72.3782,73.0417,71.9911,72.203,635098
2016-12-27,72.7192,74.5994,72.6178,73.6961,1245997
2016-12-28,73.8252,74.5164,72.1662,72.2491,1067035
2016-12-29,72.1293,72.8113,71.5717,72.0464,639997
2016-12-30,72.0832,72.71,71.051,71.3367,840177
2017-01-03,72.3689,73.4288,71.5671,72.5901,1452299
2017-01-04,72.9219,73.5118,72.3044,72.3874,1286599
2017-01-05,72.7284,73.097,71.7146,72.627,1235776
2017-01-06,72.9404,74.9312,72.0279,74.7192,1638854
2017-01-09,74.6915,74.7468,72.5809,73.0878,1927285
2017-01-10,73.2722,74.0279,72.6086,72.6639,1310211
2017-01-11,73.0141,74.4242,72.7192,73.392,1614270
2017-01-12,74.1662,74.1662,72.3689,72.8205,1616238
2017-01-13,72.8205,73.0869,71.7514,72.1754,1456107
2017-01-17,72.7745,73.5855,71.7975,73.5487,1130485
2017-01-18,72.7007,73.0141,71.8528,72.3413,1612218
2017-01-19,72.4611,72.9957,71.2906,71.6316,960245
2017-01-20,72.5256,73.2445,71.4565,71.8805,1448921
2017-01-23,71.2261,71.5348,70.1201,70.7837,1310537
2017-01-24,71.3828,74.0464,71.2998,73.65,2107369
2017-01-25,73.5302,74.839,73.5302,74.756,2036914
2017-01-26,72.6547,73.5947,69.0878,69.2261,5261665
2017-01-27,68.203,69.2168,66.3228,66.9864,2837256
2017-01-30,66.3044,66.4242,64.4887,64.9311,2493421
2017-01-31,65.0602,66.074,64.6085,65.5855,2122149
2017-02-01,65.8528,66.5901,63.9726,65.5302,2703097
2017-02-02,65.8896,66.0187,63.4933,64.5809,2797280
2017-02-03,64.7284,66.0463,64.7201,65.0786,1663779
2017-02-06,64.9772,65.3735,63.3551,63.6131,1550006
2017-02-07,63.18,63.9265,62.544,62.968,1433825
2017-02-08,62.4426,64.3044,61.5579,64.0279,2843883
2017-02-09,64.4096,64.7727,63.3575,63.7765,2867957
2017-02-10,64.9217,65.8713,64.3072,64.4561,1702738
2017-02-13,64.2234,64.8937,63.9348,64.4096,981734
2017-02-14,64.9031,65.8713,64.7626,65.7782,1623278
2017-02-15,65.3872,65.7131,63.5717,63.9906,1975082
2017-02-16,64.0651,64.4375,63.1527,63.7672,1856107
2017-02-17,63.3575,63.8044,62.5382,63.553,1371167
2017-02-21,64.4282,64.931,64.1768,64.2699,1011824
2017-02-22,63.6089,63.7951,62.7523,62.7617,1155752
2017-02-23,64.1489,64.4841,63.0317,64.0279,2245980
2017-02-24,64.093,64.1117,62.6406,62.8734,2066387
2017-02-27,63.5158,64.6982,62.9572,63.851,1326931
2017-02-28,63.3948,64.242,63.1667,63.6555,1367984
2017-03-01,64.1675,65.2755,64.1117,65.0893,1415224
2017-03-02,64.3351,64.8658,63.4413,63.7486,1482358
2017-03-03,64.4655,65.1172,64.0373,64.4655,1331872
2017-03-06,64.3258,65.0334,63.4599,64.931,1291917
2017-03-07,64.9496,65.1917,63.5996,63.6555,1536304
2017-03-08,63.3296,63.8603,61.5885,61.8958,2328534
2017-03-09,61.4582,62.501,60.6854,62.3427,1742166
2017-03-10,62.6499,63.1434,61.9703,62.6592,1313517
2017-03-13,62.8827,63.8277,62.6034,63.7486,1395494
2017-03-14,62.7151,63.4692,61.4303,63.2179,2622808
2017-03-15,64.0744,64.7913,63.3482,64.6796,1443007
2017-03-16,64.8193,64.8193,63.0782,63.5251,1497578
2017-03-17,63.8137,64.3165,63.1992,63.2923,2331468
2017-03-20,62.5382,63.311,61.961,63.2086,1203948
2017-03-21,63.6275,63.851,62.1937,62.3334,1103069
2017-03-22,61.9144,62.487,61.0951,61.7468,1180982
2017-03-23,61.4675,61.8958,60.6109,61.3651,948573
2017-03-24,61.4489,61.8027,60.4713,60.5458,1490738
2017-03-27,59.8102,59.9127,59.2702,59.7264,2089195
2017-03-28,60.0709,60.583,59.5868,60.313,1615558
2017-03-29,60.1827,61.8911,59.9592,61.5513,1584230
2017-03-30,61.8492,62.7989,61.2441,61.9423,1977096
2017-03-31,61.5513,62.501,61.4209,61.9796,946355
2017-04-03,62.6313,62.9944,61.5699,62.0913,1633789
2017-04-04,62.231,62.4823,61.2813,62.352,1089321
2017-04-05,62.9385,63.8603,62.2961,62.4916,1416284
2017-04-06,62.7617,63.7253,62.4916,63.3203,995322
2017-04-07,63.4786,63.4972,62.501,62.6779,959873
2017-04-10,63.162,64.2886,62.771,64.0372,1306453
2017-04-11,64.1955,64.4654,62.892,64.3165,1027441
2017-04-12,64.4841,65.1451,63.7486,63.972,1509200
2017-04-13,63.6927,64.1024,62.4451,62.7058,1330553
2017-04-17,62.6779,63.1434,62.082,62.6313,1427121
2017-04-18,62.0447,62.9246,61.6258,61.933,1213346
2017-04-19,62.1379,62.2682,60.2478,60.4154,1143630
2017-04-20,60.6668,61.123,60.2199,60.3596,1142412
2017-04-21,60.3409,60.8809,59.4006,60.6016,1323287
2017-04-24,61.0113,61.2254,60.2851,60.6575,1070738
2017-04-25,60.6854,61.0951,60.2013,60.8809,1066755
2017-04-26,60.4992,62.0727,60.4992,60.7134,1543366
2017-04-27,59.4006,59.8009,54.9874,57.3057,5791861
2017-04-28,57.8457,57.8644,56.4585,56.4585,2705909
2017-05-01,56.3374,56.3374,54.7267,54.7361,3015969
2017-05-02,54.764,55.4436,54.2752,54.6709,2709886
2017-05-03,54.8571,55.6205,54.5033,55.034,1771114
2017-05-04,54.6616,54.6755,52.8181,54.0471,2664725
2017-05-05,54.196,55.5647,53.7957,55.5181,2872697
2017-05-08,55.4097,56.0488,55.2947,55.6485,2239108
2017-05-09,55.6392,55.6928,53.8423,54.1681,1265764
2017-05-10,54.6616,55.8999,54.4474,55.1923,1776306
2017-05-11,55.8254,55.9557,54.1123,54.3543,1303876
2017-05-12,54.1495,54.3636,53.1393,53.4605,1946947
2017-05-15,54.8757,55.4343,53.9633,54.5126,2007629
2017-05-16,54.8478,55.155,53.6188,54.224,1832442
2017-05-17,53.8282,54.4219,53.3853,53.4418,1660813
2017-05-18,53.0083,54.0591,52.7539,53.7622,1824168
2017-05-19,54.2711,57.117,53.8329,56.5799,2352212
2017-05-22,57.0793,57.0793,55.8825,56.4291,1907613
2017-05-23,54.9496,55.2888,53.2156,54.1769,2733469
2017-05-24,54.1297,54.6009,52.2167,52.7821,2125060
2017-05-25,52.6879,53.1214,49.8985,50.6901,4049488
2017-05-26,51.2461,51.5759,50.5393,50.577,2405097
2017-05-30,50.3979,50.7278,49.71,49.776,1777251
2017-05-31,49.2294,49.7289,48.6923,49.6252,2952252
2017-06-01,49.6252,51.5194,49.6252,50.643,2518710
2017-06-02,50.2472,50.2472,49.2653,50.0493,1532195
2017-06-05,49.7383,50.7937,49.6723,50.5958,1265880
2017-06-06,50.1906,50.7184,48.8148,50.2283,2174864
2017-06-07,49.8137,50.2189,46.6096,47.1939,3752438
2017-06-08,46.9866,48.0326,46.9866,47.4954,2303375
2017-06-09,47.5049,51.0011,47.5049,50.2,2555745
2017-06-12,50.9162,53.0366,50.888,51.7267,2731119
2017-06-13,51.6513,52.7727,51.4911,52.6314,1698643
2017-06-14,52.3015,52.3015,49.7948,50.7278,3616018
2017-06-15,50.1247,51.1047,50.1247,50.5581,2005779
2017-06-16,50.7749,51.8775,50.0493,51.8303,2383014
2017-06-19,51.8115,51.9057,50.8786,50.9539,1719649
2017-06-20,50.0398,50.7278,49.1917,50.3885,2443603
2017-06-21,49.7289,49.9079,47.6462,48.9278,3202440
2017-06-22,49.0315,49.8325,48.4755,49.1163,1882104
2017-06-23,49.2765,50.1529,49.0504,49.7006,2358157
2017-06-26,50.0022,50.7466,49.5404,50.0964,1414028
2017-06-27,49.955,50.3979,49.0692,49.7666,2367968
2017-06-28,49.7854,51.5194,49.7854,50.4262,1811064
2017-06-29,50.8503,52.1319,50.643,51.2367,2405619
2017-06-30,51.378,52.0471,51.0105,51.2084,1708638
2017-07-03,51.4063,52.8481,51.4063,52.5277,934454
2017-07-05,52.1131,52.3581,50.8409,51.2084,1958634
2017-07-06,51.5099,52.0188,50.1247,50.3885,2403775
2017-07-07,49.5781,50.3226,48.9184,49.8325,2056399
2017-07-10,49.6158,50.5676,49.22,50.2189,1870354
2017-07-11,50.2095,51.1236,49.71,50.8032,1621354
2017-07-12,51.7267,51.8303,50.1718,50.4168,2064966
2017-07-13,50.4451,51.378,50.3273,51.3403,2262727
2017-07-14,51.4251,52.3298,51.0105,52.1602,2238066
2017-07-17,52.0094,52.3298,51.5948,52.1319,1842994
2017-07-18,52.6879,52.9046,51.9434,52.1696,1417694
2017-07-19,52.1225,55.1192,52.0282,54.7705,2664241
2017-07-20,55.0438,55.2601,53.5266,53.9601,1653655
2017-07-21,53.7999,54.4878,50.9163,51.0105,2878910
2017-07-24,51.2084,51.3969,50.7749,51.2367,2328171
2017-07-25,52.0942,53.6397,51.934,52.9235,1742616
2017-07-26,53.3947,53.5643,51.755,51.8963,2534644
2017-07-27,51.8775,52.0188,48.4849,49.9927,4819113
2017-07-28,48.7205,50.643,48.108,48.8336,4109843
2017-07-31,48.6263,48.7488,47.4578,47.7028,2251837
2017-08-01,46.3175,46.5437,45.4128,46.2327,2956649
2017-08-02,46.3175,46.5437,45.4128,46.2327,2956724
2017-08-03,46.4494,47.2693,46.1573,46.685,2329622
2017-08-04,46.751,47.0007,46.4494,46.4965,1620863
2017-08-07,46.2232,46.3929,44.5223,44.6966,2391695
2017-08-08,44.6118,45.083,43.7118,43.726,2295607
2017-08-09,44.2537,44.2914,43.4056,43.8014,2173733
2017-08-10,44.0087,44.3668,43.5092,43.7354,1787603
2017-08-11,43.4715,44.4516,43.349,43.5186,1659801
2017-08-14,43.5375,44.1877,43.3584,43.4338,1495814
2017-08-15,43.349,43.3867,42.4632,42.9532,2373288
2017-08-16,43.0681,43.2451,41.7665,41.8909,1807594
2017-08-17,41.7952,42.0249,41.2879,41.2975,1784312
2017-08-18,41.4411,42.6374,41.154,41.8239,1586168
2017-08-21,41.6995,42.2546,41.3741,41.3932,1410232
2017-08-22,41.4698,42.1206,41.3262,41.9675,1417899
2017-08-23,41.7473,42.7714,41.2209,42.6087,1795471
2017-08-24,42.5034,42.7905,42.1493,42.2929,1888405
2017-08-25,42.5321,43.2404,42.513,42.8575,1649496
2017-08-28,42.8001,43.0337,40.9338,41.6229,2233272
2017-08-29,41.4124,41.5463,40.8285,41.2784,1695551
2017-08-30,41.2592,41.3071,40.4649,40.819,1898595
2017-08-31,41.0582,41.0582,40.484,40.5223,2558855
2017-09-01,40.7041,41.3358,40.35,41.1731,1319461
2017-09-05,41.5942,42.4269,41.3676,41.8909,2000156
2017-09-06,42.2546,44.5898,42.1014,44.3601,3077118
2017-09-07,44.3601,44.609,43.6232,44.0634,1975786
2017-09-08,43.9964,44.0443,43.3744,43.5275,1277617
2017-09-11,43.7476,45.1066,43.3552,45.0396,2068801
2017-09-12,45.0396,46.2073,44.6855,45.9871,2337802
2017-09-13,46.0159,47.3749,46.0159,47.1739,2051674
2017-09-14,47.4993,48.0448,47.2792,47.6429,2174708
2017-09-15,47.7673,48.064,47.39,48.0353,2320426
2017-09-18,47.8056,48.4085,47.327,48.0161,979807
2017-09-19,48.2841,48.2841,46.7815,46.9538,1446707
2017-09-20,47.26,48.5234,47.15,48.3798,1730668
2017-09-21,48.332,48.4468,47.3845,48.265,1365404
2017-09-22,48.0161,49.1495,47.9109,48.8201,1060300
2017-09-25,49.3847,50.8969,49.2508,50.6672,2053505
2017-09-26,50.4088,50.7151,49.9398,50.6576,985356
2017-09-27,50.7055,50.9735,50.4758,50.9161,1305827
2017-09-28,51.0118,51.4329,49.6144,50.16,1682321
2017-09-29,50.1695,50.1695,49.3273,49.8728,1779674
2017-10-02,49.0593,49.2603,48.466,49.0593,2072247
2017-10-03,48.9541,49.0211,47.8534,47.8726,1794866
2017-10-04,47.863,48.9828,47.5567,48.9445,1540177
2017-10-05,49.1838,50.1504,48.9445,49.9303,1485144
2017-10-06,49.0211,49.4517,48.8679,49.3177,1318307
2017-10-09,49.5953,50.1313,49.2749,49.7006,828750
2017-10-10,50.4854,51.3372,50.4184,50.4949,1557187
2017-10-11,50.4088,50.8108,49.4613,50.0355,1382484
2017-10-12,49.3943,49.4422,48.1406,48.8392,1040090
2017-10-13,49.4517,50.6002,49.2699,49.959,1336149
2017-10-16,50.4184,50.6194,50.093,50.2748,778489
2017-10-17,50.2174,50.4614,49.7963,50.0068,1187733
2017-10-18,50.16,50.4567,48.9062,49.0019,1161660
2017-10-19,48.5521,49.758,48.466,48.7531,1191930
2017-10-20,49.0402,49.7676,48.533,49.7676,1165270
2017-10-23,49.8728,50.6098,49.7389,49.8059,1213287
2017-10-24,50.1695,51.0596,49.9686,50.1983,1683246
2017-10-25,50.093,50.3897,48.8296,49.1359,1118522
2017-10-26,49.3082,50.1121,48.8201,49.7006,1734887
2017-10-27,49.4517,50.3705,49.0785,50.3514,1366539
2017-10-30,50.5332,51.8356,50.4425,51.5094,1621969
2017-10-31,51.4329,52.1842,50.6433,51.9784,1455900
2017-11-01,52.6388,53.0695,51.519,52.2464,1462886
2017-11-02,52.3325,52.7728,51.8731,52.5239,1306989
2017-11-03,52.3325,53.1843,52.1411,52.5526,1377723
2017-11-06,53.1556,56.0268,53.0312,55.7971,2568166
2017-11-07,55.5865,56.1512,55.2611,55.9502,2150455
2017-11-08,55.9885,56.9092,55.7205,56.5628,1834460
2017-11-09,56.2374,57.0413,55.8832,56.9743,1522489
2017-11-10,56.9937,57.4634,56.2867,56.3158,1715456
2017-11-13,56.1221,56.2092,54.4854,54.6016,1451073
2017-11-14,54.2239,54.6306,52.5678,52.6647,1220084
2017-11-15,51.9286,52.2482,50.873,52.0352,2464983
2017-11-16,51.9286,53.8752,51.2217,52.655,2599919
2017-11-17,53.4298,54.2336,53.178,53.9237,1796553
2017-11-20,53.6234,54.1174,53.2458,53.7978,1047990
2017-11-21,54.2045,54.7081,53.5653,54.0786,925005
2017-11-22,54.8631,55.4151,54.5726,54.8243,729484
2017-11-24,55.1633,55.202,54.2239,54.2529,702807
2017-11-27,53.9721,54.1416,53.3039,53.8075,1161718
2017-11-28,54.098,54.8534,53.5847,54.6888,1585341
2017-11-29,54.9212,55.8703,54.5919,55.2408,1580432
2017-11-30,55.8122,57.2358,55.6282,56.7322,2201676
2017-12-01,57.4101,58.1752,56.34,57.6813,1738204
2017-12-04,57.6813,58.1365,56.5772,56.5869,2135619
2017-12-05,56.7225,57.2648,55.7637,56.0155,1170877
2017-12-06,55.6572,55.6572,52.2967,54.6888,1451468
2017-12-07,54.7856,55.4441,54.529,55.4054,1213308
2017-12-08,56.1318,56.6547,55.9671,56.1802,1220879
2017-12-11,56.432,56.9259,55.9962,56.5966,1265177
2017-12-12,56.984,57.6038,56.5676,56.9549,968340
2017-12-13,57.168,57.5554,55.8025,56.093,791061
2017-12-14,55.6669,56.2577,54.9309,54.989,1053556
2017-12-15,55.3957,57.3326,55.2601,55.9574,5820557
2017-12-18,56.5579,56.984,56.1221,56.1608,1589190
2017-12-19,56.2577,57.7491,56.0349,57.72,1251800
2017-12-20,57.8072,59.4342,57.3714,59.2405,1613864
2017-12-21,59.6569,62.4945,59.3955,61.6229,1567361
2017-12-22,61.5938,63.2886,61.4679,62.2911,1667291
2017-12-26,62.7076,63.6954,62.1943,63.5404,836107
2017-12-27,63.4823,63.4823,62.3686,62.9206,873950
2017-12-28,63.095,63.3371,62.4848,62.7754,661519
2017-12-29,62.9787,63.0175,61.8166,62.601,951805
2018-01-02,63.1143,63.9956,62.417,63.2886,1372321
2018-01-03,63.5792,64.3443,63.1337,63.5792,2463267
2018-01-04,64.0344,64.8285,63.4533,64.3055,2213628
2018-01-05,64.2474,65.1675,63.9278,64.5961,1731972
2018-01-08,64.4605,66.562,64.4024,66.4071,1616048
2018-01-09,66.6976,67.2399,66.01,66.0584,2389095
2018-01-10,66.0972,66.8235,65.8163,66.1165,1759914
2018-01-11,66.4168,68.8089,66.2328,67.8307,2470290
2018-01-12,67.1334,68.1503,66.9204,68.0438,1963421
2018-01-16,68.3149,69.0413,67.4433,67.5305,1849267
2018-01-17,67.792,69.3802,67.6564,68.4021,2156959
2018-01-18,68.4602,68.896,67.8113,67.821,1588676
2018-01-19,67.1044,69.0994,65.7969,68.8863,1488816
2018-01-22,68.8863,69.0897,68.16,68.8766,1864314
2018-01-23,68.8573,69.7967,68.2278,69.3124,1588021
2018-01-24,69.6127,70.0097,67.2012,69.1284,2713889
2018-01-25,70.339,71.782,68.7798,71.3656,3512581
2018-01-26,71.9079,72.0822,70.4359,71.753,1611261
2018-01-29,71.1138,72.6536,70.1841,71.9854,2482918
2018-01-30,71.2881,71.5883,69.3415,70.4165,2180717
2018-01-31,70.494,71.1331,69.3318,69.7579,1631306
2018-02-01,70.1163,71.3075,69.6901,70.6489,1458413
2018-02-02,70.0388,70.1453,67.821,67.8985,1593963
2018-02-05,66.9882,68.4215,66.0003,66.1359,2443563
2018-02-06,64.538,67.0269,64.199,66.5233,2665098
2018-02-07,66.5427,68.0631,64.9157,65.3418,2176194
2018-02-08,65.3999,65.8551,62.8141,62.8238,2756860
2018-02-09,63.4895,63.8224,60.014,62.2853,3053872
2018-02-12,63.1958,64.2728,62.4616,63.2839,2826121
2018-02-13,62.7846,63.186,62.0895,62.393,2739537
2018-02-14,61.5609,65.4867,60.9734,64.7329,2160179
2018-02-15,64.4881,64.7329,62.7112,64.3511,1899003
2018-02-16,63.9105,64.9091,63.7734,64.0867,1280003
2018-02-20,64.2336,64.8602,62.8532,63.1567,943972
2018-02-21,62.8728,64.4196,62.6867,63.1077,1155703
2018-02-22,63.8714,65.6776,63.8077,64.0182,978772
2018-02-23,64.3217,65.6434,64.1161,65.4574,973700
2018-02-26,65.9371,66.1721,64.8993,66.0154,701271
2018-02-27,65.8588,66.9161,64.9972,65.1343,1713516
2018-02-28,65.4476,65.5846,63.186,63.1958,1312159
2018-03-01,63.0783,64.4294,62.8042,63.8126,1186183
2018-03-02,63.1469,65.6336,62.1132,65.3888,1213026
2018-03-05,64.6937,65.8881,64.1308,65.2126,1638916
2018-03-06,65.663,65.849,63.8518,65.1637,1196717
2018-03-07,64.3119,65.193,63.0196,63.7539,1755567
2018-03-08,63.8811,63.9399,62.4811,63.656,1470006
2018-03-09,65.0951,66.6322,64.6305,65.4867,2032773
2018-03-12,65.193,65.5944,64.0476,64.4294,1369225
2018-03-13,64.7231,64.8993,62.9119,63.2741,1658480
2018-03-14,63.6853,63.8126,62.8825,63.2546,1092159
2018-03-15,63.3329,63.6853,61.0224,61.3259,1695291
2018-03-16,61.3357,63.3133,61.0714,63.2056,4460157
2018-03-19,63.2252,63.5287,62.4811,63.3231,1465064
2018-03-20,63.7343,64.5762,63.607,63.9399,1205536
2018-03-21,64.5077,67.7385,64.1161,67.435,2621270
2018-03-22,66.2895,66.7546,64.8993,64.9581,1674183
2018-03-23,65.5651,66.7399,64.9385,65.0658,1401022
2018-03-26,65.9273,66.5343,65.2811,66.2993,1091538
2018-03-27,66.5735,66.828,64.7035,65.0853,1148737
2018-03-28,65.0755,65.3301,63.0588,63.2252,991337
2018-03-29,63.5776,65.4084,63.5776,65.1637,1237149
2018-04-02,64.4196,65.1343,62.1776,63.235,875364
2018-04-03,63.7441,65.1539,62.8042,65.0266,1014884
2018-04-04,63.5287,64.9581,63.1762,64.8993,1246476
2018-04-05,65.3203,66.7497,65.1337,66.0154,1556952
2018-04-06,65.5063,65.9273,62.9021,64.0769,1045963
2018-04-09,64.2532,65.4476,63.9105,64.5175,880360
2018-04-10,65.6728,68.7469,65.6728,68.1497,1760841
2018-04-11,68.7958,70.6364,68.4238,70.0098,2010946
2018-04-12,70.0392,71.9091,69.5281,70.9888,1607589
2018-04-13,71.2434,72.5161,70.9497,71.5175,1314904
2018-04-16,71.5077,71.5763,70.4406,70.6756,982705
2018-04-17,70.9399,71.3511,70.3721,70.8616,803784
2018-04-18,71.9776,72.8,71.4783,72.056,1682048
2018-04-19,72.2322,72.3497,70.5483,71.4686,2732271
2018-04-20,71.1846,71.1846,69.9894,70.8126,1079633
2018-04-23,70.4308,70.9986,69.7553,70.8909,1136340
2018-04-24,71.1651,71.4686,69.6162,70.0783,1003149
2018-04-25,69.7944,70.8224,68.8742,70.6168,1443467
2018-04-26,70.7245,71.3511,68.9818,70.1665,1176853
2018-04-27,70.049,70.049,68.414,68.8937,1449338
2018-04-30,68.7958,69.5986,67.9735,68.0909,1268801
2018-05-01,67.3567,67.8364,66.6322,67.4546,1283148
2018-05-02,67.014,68.3749,66.9164,67.4839,1245119
2018-05-03,67.386,67.8951,66.2983,67.6895,878639
2018-05-04,67.621,68.9035,67.4057,68.4336,646605
2018-05-07,68.9035,69.4469,66.9553,67.2294,2061109
2018-05-08,66.456,67.1119,64.8895,67.0434,2049160
2018-05-09,68.4336,69.0993,66.5441,66.6909,1910946
2018-05-10,66.8574,67.9049,66.4168,67.5721,1371961
2018-05-11,67.9343,68.0714,67.1511,67.4056,1027699
2018-05-14,67.7385,68.5021,67.6553,68.2182,1197754
2018-05-15,68.1595,70.0098,67.4937,69.9609,1306978
2018-05-16,70.1371,71.8993,70.0196,71.214,1390495
2018-05-17,71.6489,73.023,71.5995,72.4694,1060351
2018-05-18,72.509,72.6968,70.8878,71.1646,939339
2018-05-21,71.6687,72.3508,71.2634,71.7775,989965
2018-05-22,71.5896,72.1432,69.5335,69.9091,725554
2018-05-23,69.4149,70.5616,68.7723,70.176,860174
2018-05-24,68.8316,69.4742,68.367,69.0293,1125326
2018-05-25,67.2895,67.2895,64.7786,65.7968,1645069
2018-05-29,64.9961,65.7968,64.7589,65.5596,966446
2018-05-30,66.3405,67.6652,66.1824,66.4888,923269
2018-05-31,65.7968,66.9831,65.263,65.6189,1299183
2018-06-01,65.9945,65.9945,63.5529,64.2251,2204313
2018-06-04,64.5513,64.5736,61.9712,62.4753,1418004
2018-06-05,62.5149,63.5331,62.0206,62.9301,1860514
2018-06-06,63.1772,63.7308,62.3963,63.5034,1144768
2018-06-07,64.0372,66.2318,63.7311,65.8462,1555710
2018-06-08,65.8561,66.1428,64.1559,64.6304,1157575
2018-06-11,64.2547,65.1938,64.0273,64.8577,1101347
2018-06-12,64.917,65.1839,64.1955,64.8577,1132984
2018-06-13,64.6205,65.1345,64.3733,64.6798,1156555
2018-06-14,65.1543,65.1543,64.1064,64.2251,1027662
2018-06-15,63.5726,63.8099,62.0305,62.4852,1780886
2018-06-18,62.4556,63.8296,62.4556,63.1377,927220
2018-06-19,62.5248,64.5513,62.2776,63.3057,1694699
2018-06-20,63.8296,64.0175,62.9696,63.8593,991618
2018-06-21,63.2464,63.5331,62.0997,62.416,780806
2018-06-22,65.1642,66.0835,62.6928,62.9696,1984478
2018-06-25,62.9795,63.0487,60.6466,61.1408,1192901
2018-06-26,61.2891,62.4852,60.864,62.2875,901785
2018-06-27,63.0981,65.1444,63.0981,63.8296,1335581
2018-06-28,63.8692,64.5216,63.3551,64.3041,2425517
2018-06-29,63.968,64.66,62.9004,63.0289,1410722
2018-07-02,62.6335,62.6434,61.21,61.991,1679800
2018-07-03,63.2761,64.2053,62.7719,63.197,484993
2018-07-05,63.4837,63.622,62.4852,62.9993,1078424
2018-07-06,62.5742,64.917,62.2084,64.7094,1130108
2018-07-09,65.0851,66.5629,65.0851,66.0242,1031806
2018-07-10,66.8249,67.6157,65.955,66.4493,733651
2018-07-11,65.5299,67.0325,64.5117,64.9071,896639
2018-07-12,65.52,65.6881,63.2859,63.3947,1008122
2018-07-13,63.3551,64.1559,62.9597,63.7604,806580
2018-07-16,62.6039,62.8806,61.1507,61.8328,1157335
2018-07-17,61.4868,61.8328,61.1211,61.4176,2002925
2018-07-18,60.953,61.0123,59.49,60.0534,2882674
2018-07-19,59.5394,60.0633,58.6398,58.9067,1702877
2018-07-20,58.8079,59.1736,58.1703,58.7189,1653393
2018-07-23,58.9957,58.9957,57.3844,58.2247,1582237
2018-07-24,58.7782,58.8988,58.0369,58.5311,1665031
2018-07-25,58.6003,58.6596,56.9396,58.1456,1737991
2018-07-26,57.938,60.3599,57.1669,59.1044,1856675
2018-07-27,58.9661,61.2347,58.9404,60.1325,1474954
2018-07-30,61.6549,63.5825,61.3336,62.2678,1925297
2018-07-31,61.8625,62.0107,59.6679,60.6466,1781004
2018-08-01,59.9941,61.1013,59.5196,61.0519,1106391
2018-08-02,60.1128,61.0617,60.0436,60.3994,1022555
2018-08-03,60.439,61.6845,60.434,60.5971,799835
2018-08-06,60.785,61.1804,60.4259,60.5082,735213
2018-08-07,61.4275,61.467,60.7553,61.2792,966469
2018-08-08,60.8937,61.2792,60.2709,61.042,861215
2018-08-09,60.9925,61.1705,58.8277,59.8063,1449357
2018-08-10,60.0436,61.9811,59.7371,61.902,888209
2018-08-13,61.6845,62.1491,61.2526,61.4275,998705
2018-08-14,62.1887,63.3271,62.1887,62.8312,1324470
2018-08-15,62.1294,62.9103,59.5097,61.21,1395923
2018-08-16,61.61,62.155,61.09,61.24,1152835
2018-08-17,61.45,62.91,61.28,62.51,1151572
2018-08-20,62.51,63.43,62.47,63.05,847719
2018-08-21,63.9,65.13,63.9,64.35,1233673
2018-08-22,65.22,66.02,64.7,65.41,985254
2018-08-23,65.06,65.66,64.78,65.19,695795
2018-08-24,65.88,66.17,65.46,65.83,698425
2018-08-27,65.92,67.01,65.65,66.34,928554
2018-08-28,66.64,66.99,65.56,65.74,756420
2018-08-29,65.85,66.31,65.48,66.13,552080
2018-08-30,66.18,66.9,65.58,66.45,851528
2018-08-31,66.12,66.23,64.92,65.57,1090022
2018-09-04,65.73,65.88,64.54,65.85,835555
2018-09-05,65.49,65.49,63.82,64.53,1209467
2018-09-06,64.48,64.87,62.9,62.9,1468703
2018-09-07,62.13,62.9,61.58,62.78,2228903
2018-09-10,63.1,63.87,62.95,63.35,1202729
2018-09-11,63.41,64.82,63.35,64.62,892681
2018-09-12,65.66,66.76,65.46,65.81,1096165
2018-09-13,65.42,65.68,64.36,64.75,934705
