date,open,high,low,close,volume
2013-09-16,52.377,52.5025,51.8302,52.3322,554843
2013-09-17,52.3322,52.9686,52.3142,52.879,533657
2013-09-18,52.7356,53.0493,51.9646,52.3501,599495
2013-09-19,52.5294,52.619,51.7674,51.9736,757767
2013-09-20,51.9826,52.5473,51.8929,52.126,1088035
2013-09-23,51.9915,52.1529,50.6469,51.9646,436820
2013-09-24,51.9915,52.4577,51.6733,52.0095,725327
2013-09-25,52.3411,53.5334,52.1708,53.3003,830381
2013-09-26,53.2106,53.5602,52.8969,53.0403,397441
2013-09-27,52.6997,53.4527,52.3546,53.0941,532368
2013-09-30,52.6549,53.2106,52.2963,53.1569,740940
2013-10-01,52.9238,53.5871,52.861,53.5782,676617
2013-10-02,53.1389,53.3092,52.6011,52.8252,630342
2013-10-03,52.6369,52.6818,52.0946,52.3322,818157
2013-10-04,52.5473,53.7395,52.377,53.4168,549550
2013-10-07,52.879,52.9417,52.4128,52.4128,369315
2013-10-08,52.4756,53.1748,51.9646,51.9915,553369
2013-10-09,51.9915,52.4577,51.2789,52.0722,580632
2013-10-10,52.6459,53.4258,52.4756,53.4258,405508
2013-10-11,53.3092,53.3541,52.9776,53.1569,445197
2013-10-14,52.7087,53.7037,52.3591,53.5423,422031
2013-10-15,53.3182,53.6768,52.6818,52.861,425689
2013-10-16,53.2017,53.3092,52.0274,52.6818,814128
2013-10-17,52.5832,52.9865,52.4308,52.9865,636271
2013-10-18,53.3272,53.5109,52.6549,53.3361,493345
2013-10-21,53.5154,54.0622,53.2824,53.4347,504548
2013-10-22,53.4796,54.7613,53.3092,54.7525,767334
2013-10-23,54.5553,54.7435,54.0981,54.6449,740447
2013-10-24,54.5463,54.8062,53.7216,53.8381,583017
2013-10-25,53.8381,53.9816,53.1389,53.4347,466979
2013-10-28,53.5154,53.5602,52.7356,53.2465,1111351
2013-10-29,53.6409,56.3032,53.6051,56.2584,1395127
2013-10-30,56.1867,56.1867,55.3979,55.7027,792356
2013-10-31,55.5772,55.855,54.981,55.5413,726386
2013-11-01,55.5772,55.7295,54.9317,55.3262,483535
2013-11-04,55.4965,55.7027,55.2096,55.6758,528511
2013-11-05,55.4875,55.8192,55.0483,55.7295,840776
2013-11-06,55.864,56.6618,55.8102,56.2405,818820
2013-11-07,56.4108,56.4736,55.864,55.9805,734641
2013-11-08,56.0164,57.0652,56.0074,57.0293,750561
2013-11-11,57.0204,57.0204,56.4018,56.9756,457611
2013-11-12,56.9307,56.9307,56.4825,56.7783,583034
2013-11-13,56.5273,57.2445,56.4018,57.2445,431637
2013-11-14,57.2265,57.7409,56.9756,57.6837,451886
2013-11-15,57.5044,58.0871,57.3879,57.7465,729116
2013-11-18,57.9347,58.2664,57.4238,57.5403,491307
2013-11-19,57.5403,57.6937,57.2064,57.414,527440
2013-11-20,57.4771,57.82,57.2786,57.3779,325608
2013-11-21,57.7568,58.5328,57.5222,58.4336,685106
2013-11-22,58.3343,59.4351,58.0817,59.0923,828180
2013-11-25,58.9118,58.9479,57.9644,58.1448,500317
2013-11-26,58.0907,58.5148,57.9824,58.208,460599
2013-11-27,58.4697,58.605,57.838,58.4787,372613
2013-11-29,58.4245,58.614,58.0907,58.208,204061
2013-12-02,58.3072,58.4065,57.6847,57.7839,549960
2013-12-03,57.7929,58.3253,57.432,57.9373,573069
2013-12-04,57.811,58.6321,57.6305,58.3975,669591
2013-12-05,58.2531,58.5238,57.8561,58.4787,612089
2013-12-06,58.6682,60.3465,58.6682,59.9314,945185
2013-12-09,59.8863,60.7976,59.4983,60.1209,1135587
2013-12-10,59.8051,59.9224,58.8937,59.2005,577365
2013-12-11,59.2186,59.8231,58.9479,59.1193,899891
2013-12-12,59.0652,59.5163,58.8035,58.9389,436290
2013-12-13,59.1825,59.3449,58.9208,59.1464,390095
2013-12-16,59.2637,60.0216,59.0471,59.9134,448590
2013-12-17,59.8321,60.2292,59.6246,60.0126,631677
2013-12-18,60.1028,60.9781,59.5073,60.9239,766941
2013-12-19,60.7796,61.6638,60.5991,61.321,716087
2013-12-20,61.2668,62.0879,61.0773,62.0248,1041979
2013-12-23,62.3857,62.6744,62.0248,62.3225,641259
2013-12-24,62.4579,62.6812,62.0518,62.2323,264146
2013-12-26,62.1872,62.9993,62.1006,62.8639,422929
2013-12-27,63.8204,63.8204,62.9902,63.306,304437
2013-12-30,63.3512,63.6399,62.7105,62.9722,353920
2013-12-31,63.1617,63.5677,62.7376,62.9902,322261
2014-01-02,62.8278,62.8459,61.4292,61.7902,601686
2014-01-03,61.9075,62.7105,61.718,62.5301,502176
2014-01-06,62.3767,62.9361,61.9887,62.0789,690372
2014-01-07,62.0338,62.6113,61.0412,62.2684,1118523
2014-01-08,62.0157,62.1782,60.4674,61.2758,2199463
2014-01-09,61.5917,61.8894,61.1856,61.6909,716957
2014-01-10,61.9345,62.2413,61.709,62.2233,433368
2014-01-13,61.9255,62.512,61.2037,61.3119,509141
2014-01-14,61.1856,62.5301,61.1856,62.521,470823
2014-01-15,62.4849,63.288,62.3135,63.1978,542094
2014-01-16,62.9451,63.7933,62.6654,63.694,1320302
2014-01-17,63.7482,63.9322,63.2339,63.6489,568171
2014-01-21,64.064,64.424,63.3421,63.6128,689116
2014-01-22,63.6128,63.9828,63.0985,63.9196,397060
2014-01-23,62.9812,63.8204,62.5932,62.9451,631081
2014-01-24,62.6564,62.8007,61.3796,61.4112,494803
2014-01-27,61.6368,62.4398,61.4202,61.9887,959544
2014-01-28,65.1918,65.2641,62.8188,63.5587,1097454
2014-01-29,63.3151,63.8745,63.0895,63.5948,992781
2014-01-30,62.2594,63.0895,62.0067,62.9541,898045
2014-01-31,62.2864,63.0534,62.1601,62.5661,980830
2014-02-03,62.5661,62.5661,60.4593,60.6713,1220107
2014-02-04,60.8698,60.9961,59.9043,60.7525,1023585
2014-02-05,60.6081,61.5195,59.8592,61.33,904006
2014-02-06,61.4022,62.2052,61.3931,62.1782,377142
2014-02-07,62.3315,64.0459,62.133,63.9918,868682
2014-02-10,63.7933,64.1632,63.6218,64.1271,737636
2014-02-11,63.8745,64.5151,63.7301,64.3347,719199
2014-02-12,64.5693,65.1738,64.1993,64.5783,581363
2014-02-13,64.2986,64.7317,63.8835,64.6866,570907
2014-02-14,64.6866,65.0746,64.646,64.9663,533405
2014-02-18,64.9663,66.9694,64.9663,66.7348,1314108
2014-02-19,66.3829,66.5634,65.3633,65.4806,686940
2014-02-20,65.634,66.2566,65.255,65.5438,812663
2014-02-21,65.7784,66.3558,65.6791,65.7333,558088
2014-02-24,65.7693,66.058,65.4896,65.5708,531642
2014-02-25,65.5347,65.7152,65.0926,65.2099,453256
2014-02-26,65.5347,65.8235,65.0718,65.3904,677317
2014-02-27,65.3994,66.9423,65.3994,66.8341,1277945
2014-02-28,66.816,66.9784,66.1212,66.6085,621412
2014-03-03,65.8957,66.5904,65.5167,66.5814,481358
2014-03-04,67.4115,67.9439,67.0777,67.4025,531360
2014-03-05,67.4476,67.7364,67.0506,67.2762,334511
2014-03-06,67.4025,67.7544,67.213,67.5018,703879
2014-03-07,67.6016,68.1823,67.4836,67.8012,477036
2014-03-10,67.6107,68.2368,67.166,68.0825,525862
2014-03-11,68.0825,68.3546,67.5199,67.7105,475629
2014-03-12,67.1297,67.3793,66.794,67.2749,742855
2014-03-13,67.4836,67.7468,66.2495,66.4583,760822
2014-03-14,66.2949,66.7668,65.7958,65.8412,690874
2014-03-17,65.5871,66.9845,65.5106,66.7758,515010
2014-03-18,66.7577,67.3657,66.5308,67.0662,338976
2014-03-19,67.0299,67.9645,66.7305,67.2023,472289
2014-03-20,67.0844,67.5925,66.8212,67.4201,495351
2014-03-21,68.1551,68.2386,66.6579,66.7395,1461844
2014-03-24,67.0027,67.0299,65.7595,65.9047,441602
2014-03-25,66.6216,66.8303,65.941,66.3947,536279
2014-03-26,66.8394,67.0753,65.5962,65.5962,568937
2014-03-27,65.5962,66.2495,65.1879,65.2968,438250
2014-03-28,65.5327,66.059,65.1334,65.2242,287899
2014-03-31,66.5127,66.9936,66.186,66.3857,579030
2014-04-01,66.4673,67.1116,66.2995,66.9845,626257
2014-04-02,66.9936,68.2368,66.9301,67.9373,491703
2014-04-03,68.0825,68.2912,66.5127,67.3203,727352
2014-04-04,67.7014,67.8647,65.569,65.7233,772964
2014-04-07,65.6597,65.8321,64.3309,64.7433,550844
2014-04-08,64.6525,64.9529,63.8721,64.8431,479893
2014-04-09,65.0336,65.6779,64.834,65.6416,459416
2014-04-10,65.5145,65.6779,63.4366,63.4366,551534
2014-04-11,63.2188,64.2986,62.9466,63.1372,479614
2014-04-14,63.5183,63.7034,62.2751,62.9194,486677
2014-04-15,63.237,64.0355,62.629,63.9447,566047
2014-04-16,64.3621,64.8068,64.099,64.7977,299040
2014-04-17,64.7796,65.9229,64.4438,65.5327,423755
2014-04-21,65.8321,66.1679,65.2423,65.6688,332525
2014-04-22,65.7505,66.4764,65.7505,66.0136,387918
2014-04-23,66.1497,66.3131,65.6416,66.0227,301432
2014-04-24,66.2586,66.4855,64.9701,65.4601,497920
2014-04-25,65.3421,65.5055,64.7433,64.9883,448286
2014-04-28,65.3603,65.7668,64.1625,64.7705,884796
2014-04-29,66.2949,66.6778,65.3204,65.9138,574828
2014-04-30,66.0318,66.7486,65.9864,66.7123,793237
2014-05-01,66.549,67.2386,66.2541,66.676,767359
2014-05-02,66.7395,67.2477,66.4401,66.5762,727043
2014-05-05,66.3584,66.8575,66.0045,66.7395,480886
2014-05-06,66.8484,67.3203,66.5308,66.8847,592622
2014-05-07,67.0662,67.9555,66.9301,67.9373,905931
2014-05-08,67.7831,68.4444,67.6288,68.0008,554946
2014-05-09,67.7014,67.9827,67.3021,67.9101,438137
2014-05-12,68.1732,68.9173,68.1279,68.8266,364257
2014-05-13,68.7358,69.0806,68.5017,68.8629,559436
2014-05-14,68.8538,69.1623,68.4455,68.5725,1402860
2014-05-15,68.2095,68.391,67.4382,67.9555,554906
2014-05-16,67.8557,68.3094,67.5199,68.2731,562545
2014-05-19,67.9736,68.5362,67.8466,68.4273,288718
2014-05-20,68.2368,68.5271,68.0825,68.2731,606670
2014-05-21,68.4636,69.0126,68.4455,68.7086,338653
2014-05-22,68.9627,69.1079,68.7177,68.9899,254300
2014-05-23,68.9718,69.6977,68.881,69.6432,413748
2014-05-27,71.9571,71.9753,69.8792,70.2693,505448
2014-05-28,70.3332,70.5705,69.8862,70.2146,518012
2014-05-29,70.5066,70.7894,69.9592,70.2511,373744
2014-05-30,70.3515,70.6343,70.1781,70.4792,520344
2014-06-02,70.4792,70.6982,70.0048,70.4154,540706
2014-06-03,70.0869,70.3789,68.3808,68.9373,1754681
2014-06-04,69.7493,69.7493,68.8917,69.0924,854492
2014-06-05,69.4756,69.9136,68.7549,69.7858,484979
2014-06-06,69.8771,70.7256,69.8771,70.5705,459676
2014-06-09,70.4062,71.0722,70.3515,70.7529,576141
2014-06-10,70.3515,70.8442,70.3515,70.6708,304625
2014-06-11,70.3697,70.9491,70.3697,70.5978,370774
2014-06-12,70.388,70.388,69.3753,69.576,319183
2014-06-13,69.9683,70.0413,69.1107,69.3297,388575
2014-06-16,69.1472,69.8497,69.0377,69.1107,310603
2014-06-17,69.1107,69.4939,68.7412,69.0651,439957
2014-06-18,69.1654,69.2202,68.472,68.9556,515089
2014-06-19,69.2475,69.5486,68.4994,68.8826,543343
2014-06-20,69.1563,69.4574,69.0012,69.1381,677589
2014-06-23,69.0651,69.3388,68.8187,68.983,323699
2014-06-24,68.9556,69.3023,68.4538,68.4629,483247
2014-06-25,68.3352,68.8644,68.0159,68.4447,344767
2014-06-26,68.3352,69.0012,68.0615,68.8917,303469
2014-06-27,68.9282,69.3935,68.7001,69.3205,477323
2014-06-30,69.1746,69.5202,68.9647,69.1107,369810
2014-07-01,69.3388,69.795,69.1563,69.3388,598227
2014-07-02,69.1107,69.3297,68.8644,69.0012,428812
2014-07-03,69.0833,69.649,69.04,69.503,277565
2014-07-07,69.1654,69.5121,67.1856,67.2495,1024745
2014-07-08,67.286,67.4137,66.8024,66.9667,1023197
2014-07-09,67.0305,67.3407,66.6975,66.921,657044
2014-07-10,65.2514,67.1719,64.9321,66.8116,651398
2014-07-11,66.9758,67.2404,66.2824,66.6382,519111
2014-07-14,67.3042,67.359,66.6884,66.7203,370739
2014-07-15,66.7203,67.2769,66.3919,66.7477,561685
2014-07-16,67.1947,67.2312,66.693,67.0853,399331
2014-07-17,66.8663,67.4593,66.474,66.5014,472874
2014-07-18,66.6291,67.3772,66.4831,67.2677,375532
2014-07-21,66.7659,67.6144,66.6291,67.2951,435974
2014-07-22,67.7057,67.8791,66.7659,66.9758,598241
2014-07-23,67.213,67.3042,66.4375,66.693,469580
2014-07-24,66.9393,67.0761,66.6382,66.9302,376732
2014-07-25,66.7477,67.1765,66.1912,66.3189,469548
2014-07-28,66.4557,66.6017,65.6985,66.0269,945277
2014-07-29,65.9539,65.9539,62.04,62.1768,2305533
2014-07-30,61.3101,63.8099,60.9908,63.3629,1508538
2014-07-31,62.8063,63.3173,62.0491,62.2863,875447
2014-08-01,62.4688,63.1986,62.3775,63.0253,675156
2014-08-04,62.4688,63.1986,62.3775,63.0253,675156
2014-08-05,62.6421,63.5362,62.4505,63.0344,688339
2014-08-06,62.8428,63.2625,62.6056,62.9341,544063
2014-08-07,63.1622,63.6548,62.1312,62.2407,502737
2014-08-08,62.5691,63.1713,62.2498,63.08,437487
2014-08-11,63.08,63.4176,62.633,62.6877,363268
2014-08-12,62.6695,62.8793,62.341,62.706,643427
2014-08-13,62.9523,63.4632,62.7333,63.3811,500093
2014-08-14,63.2899,63.3811,62.7425,62.9432,685338
2014-08-15,63.0253,63.1622,62.259,62.9706,522065
2014-08-18,63.372,63.5545,63.0071,63.5271,371518
2014-08-19,63.8738,64.1201,63.5545,63.9741,435640
2014-08-20,63.7187,64.4116,63.6093,64.2752,483090
2014-08-21,64.1384,64.8683,63.965,64.8226,344936
2014-08-22,64.7679,65.1146,64.4769,64.7953,426266
2014-08-25,64.9321,65.3974,64.6037,64.6219,310960
2014-08-26,64.6219,65.1146,64.558,64.8956,358691
2014-08-27,64.8956,65.5981,64.4486,64.5307,456427
2014-08-28,64.4394,64.8774,64.184,64.704,432942
2014-08-29,64.7496,65.2149,64.5945,65.1328,377335
2014-09-02,65.0142,65.142,64.4394,64.777,440127
2014-09-03,64.777,65.0598,64.5854,64.8044,685021
2014-09-04,64.9321,65.3062,64.0015,64.0654,674484
2014-09-05,64.0194,64.9655,63.8109,64.9288,505441
2014-09-08,64.9012,65.2962,64.4236,64.8002,331138
2014-09-09,64.8093,64.9747,63.946,64.0562,405853
2014-09-10,64.1664,64.644,63.9689,64.148,540164
2014-09-11,63.9919,64.8553,63.6888,64.6991,394420
2014-09-12,64.6624,64.7083,63.6612,64.0837,620669
2014-09-15,64.2307,64.3225,63.2663,63.3306,441331
2014-09-16,63.7347,64.1205,63.5051,64.0011,304293
2014-09-17,63.9735,64.3409,63.8082,64.0562,351371
2014-09-18,64.148,64.7542,64.148,64.5246,246691
2014-09-19,64.9839,65.0665,63.8725,64.1756,927460
2014-09-22,63.9827,63.9827,62.6876,62.7335,534152
2014-09-23,62.4855,62.9172,62.2651,62.3478,459829
2014-09-24,62.3661,62.807,62.21,62.6784,314745
2014-09-25,62.4764,62.5636,61.7875,61.7967,428599
2014-09-26,61.8885,62.2376,61.6222,62.2008,372956
2014-09-29,61.5946,61.9528,61.466,61.6865,450909
2014-09-30,61.8426,61.8701,60.9884,60.9884,548364
2014-10-01,60.9333,61.2731,60.6577,60.9884,834293
2014-10-02,61.0986,61.4339,59.6382,60.6761,561114
2014-10-03,60.8782,61.0114,60.0791,60.2169,692011
2014-10-06,60.6118,60.8139,60.1709,60.4465,603872
2014-10-07,60.2169,60.7588,59.3351,59.4269,942940
2014-10-08,59.3351,60.1801,58.2926,60.1066,636145
2014-10-09,59.9137,60.1526,58.3982,58.4258,423853
2014-10-10,58.1502,58.2513,56.8276,56.8551,787765
2014-10-13,56.9745,57.7093,56.4877,56.5061,588021
2014-10-14,56.699,57.4705,56.5153,56.7817,476849
2014-10-15,56.0744,57.815,55.8264,57.6634,858232
2014-10-16,56.6714,58.1962,56.6714,57.8563,551842
2014-10-17,58.435,59.2616,58.2145,58.9952,698500
2014-10-20,58.8758,59.6474,58.7656,59.4637,624192
2014-10-21,59.9505,61.2456,59.9505,61.1813,503346
2014-10-22,61.365,61.769,60.6118,60.6302,760555
2014-10-23,61.4293,61.7416,60.9792,61.3282,320692
2014-10-24,61.2456,61.8793,60.8736,61.8426,318933
2014-10-27,61.9253,62.5039,61.0986,62.4488,807701
2014-10-28,62.8254,63.3673,62.1273,62.7795,762372
2014-10-29,64.9931,65.1216,64.4328,64.9563,466851
2014-10-30,65.4799,65.7003,64.5889,64.7634,442442
2014-10-31,64.2031,64.3409,63.7439,63.9276,660784
2014-11-03,64.0194,64.4328,63.8817,64.396,550683
2014-11-04,64.3225,65.0022,64.2307,64.7267,546972
2014-11-05,64.9931,65.1216,64.4328,64.9563,466851
2014-11-06,65.1216,65.2502,64.7726,64.9012,528197
2014-11-07,64.7634,65.2824,64.5889,65.0298,504957
2014-11-10,64.8461,65.6084,64.5889,65.3604,551523
2014-11-11,65.2594,66.0585,65.2594,65.5166,487983
2014-11-12,65.1492,65.5533,64.9333,65.2502,448612
2014-11-13,65.4799,65.7003,64.5889,64.7634,442442
2014-11-14,64.8553,64.9655,64.4971,64.8645,356257
2014-11-17,64.543,64.7634,64.0746,64.644,512025
2014-11-18,64.644,65.9663,64.6255,65.4855,660593
2014-11-19,65.4855,65.6612,64.9492,65.541,393605
2014-11-20,65.3283,66.3732,65.2635,66.105,484028
2014-11-21,66.5488,66.6321,66.3084,66.5304,550004
2014-11-24,66.3824,66.5766,65.1433,65.6981,887101
2014-11-25,65.6334,66.6967,65.5964,66.4379,583678
2014-11-26,66.3269,66.5488,66.0495,66.179,368918
2014-11-28,66.4101,66.5766,66.0865,66.2714,306367
2014-12-01,66.2067,66.6783,65.6519,66.3177,492711
2014-12-02,66.105,66.216,64.9214,65.2543,791911
2014-12-03,65.1248,65.7351,63.2847,65.0601,3528999
2014-12-04,65.2728,65.6057,64.8012,65.4022,1488814
2014-12-05,65.5872,66.0403,65.4485,65.9293,803979
2014-12-08,65.0601,65.5687,64.8752,65.5317,898031
2014-12-09,65.0601,65.5687,64.8752,65.5317,902291
2014-12-10,65.5132,65.8738,64.3944,64.4221,815787
2014-12-11,64.57,66.031,64.57,65.2913,561781
2014-12-12,64.9307,65.0786,63.9043,63.9135,455918
2014-12-15,64.4406,64.5331,63.257,63.5806,513163
2014-12-16,63.4697,64.7735,63.1645,63.183,654515
2014-12-17,63.5344,64.7365,63.2293,64.681,562667
2014-12-18,65.393,66.142,65.3283,66.105,748113
2014-12-19,66.6228,67.455,65.282,67.3626,993272
2014-12-22,67.6215,68.4074,67.2608,68.1393,484236
2014-12-23,67.9636,68.6756,67.9174,68.0283,351540
2014-12-24,68.2225,68.3612,67.9359,68.0468,122747
2014-12-26,68.2872,68.3705,68.0006,68.2225,147467
2014-12-29,68.1485,68.2595,67.7232,67.8064,215620
2014-12-30,67.5383,67.6862,66.9187,67.3071,459702
2014-12-31,67.3163,67.4735,66.3269,66.4101,371055
2015-01-02,66.9002,67.1037,65.6981,66.2252,407550
2015-01-05,65.6704,65.7351,64.2834,64.4406,664789
2015-01-06,64.4406,64.7087,63.1091,63.146,1023376
2015-01-07,63.3865,63.6546,62.7484,63.3125,724834
2015-01-08,63.9135,65.2451,63.9043,64.7642,641812
2015-01-09,64.8105,64.9954,64.2649,64.6718,354605
2015-01-12,64.5885,64.5885,63.4327,63.6916,316438
2015-01-13,64.1354,64.644,62.6837,63.2755,464104
2015-01-14,62.8317,63.3125,62.3046,63.2663,476045
2015-01-15,63.7193,63.9181,62.1844,62.2399,658219
2015-01-16,62.0179,62.619,61.5556,62.545,624832
2015-01-20,62.7114,63.0166,62.1012,62.5358,453726
2015-01-21,62.508,63.2663,62.3046,63.0813,584121
2015-01-22,63.3772,64.1077,62.9888,63.8858,483743
2015-01-23,64.043,64.7134,63.7933,64.4498,773852
2015-01-26,64.3204,64.5978,63.7656,64.5331,415707
2015-01-27,63.9228,64.4961,63.6454,64.1539,638889
2015-01-28,64.7272,64.9861,63.0536,63.1091,481938
2015-01-29,62.9796,63.0628,62.0087,62.8317,819827
2015-01-30,62.3693,62.9704,61.9255,62.0734,922135
2015-02-02,62.4525,62.9796,61.1672,62.9334,691671
2015-02-03,63.0536,63.9875,63.0536,63.9598,512496
2015-02-04,63.6176,64.3018,63.331,63.5067,919686
2015-02-05,63.8673,64.4683,63.6639,64.2557,632590
2015-02-06,70.5527,72.5685,68.4722,70.4417,7253374
2015-02-09,70.3215,71.6346,69.8684,69.9424,3146175
2015-02-10,70.2383,70.5943,68.9715,70.3308,1663817
2015-02-11,70.1643,70.978,69.8869,70.8116,1276276
2015-02-12,70.9226,72.1154,70.9226,71.4866,1075509
2015-02-13,71.5698,72.1154,71.0705,71.875,1109894
2015-02-17,71.8842,72.3188,71.2185,72.2356,997059
2015-02-18,72.1339,72.8551,71.8935,72.55,766401
2015-02-19,72.2818,72.9661,72.0978,72.7904,610006
2015-02-20,72.7534,72.7534,71.8657,72.439,825783
2015-02-23,72.4668,72.4668,71.3849,72.1709,879310
2015-02-24,72.0137,72.7812,71.838,72.6332,643765
2015-02-25,72.3558,72.8921,71.875,72.3003,443706
2015-02-26,72.2448,72.2448,71.7501,71.8842,871335
2015-02-27,71.9305,72.1801,71.4589,71.8287,613566
2015-03-02,71.8565,72.8598,71.6253,72.8366,837698
2015-03-03,72.5777,72.5962,71.4589,71.6068,879037
2015-03-04,71.4126,71.4959,70.4718,70.9595,975422
2015-03-05,71.2277,71.2369,70.488,70.6821,691056
2015-03-06,70.9892,71.38,69.7983,69.9658,765502
2015-03-09,70.1239,70.3007,69.6401,69.8541,665261
2015-03-10,68.8679,69.1656,67.7607,67.7979,1634219
2015-03-11,67.7979,68.0212,67.1746,67.4537,1194963
2015-03-12,67.4165,67.891,66.9885,67.4537,852843
2015-03-13,67.2211,67.3141,66.5234,66.8862,962722
2015-03-16,67.2304,67.6863,67.1048,67.6677,837770
2015-03-17,67.2118,67.4072,67.0257,67.0815,830966
2015-03-18,66.9606,67.5049,66.1837,67.2955,1309472
2015-03-19,67.1374,67.7142,66.8582,67.156,1008698
2015-03-20,67.1653,68.0305,66.6536,67.6863,1677210
2015-03-23,67.8072,68.8028,67.744,67.8166,1153664
2015-03-24,67.677,67.891,66.6722,66.8675,1436868
2015-03-25,66.9048,67.0908,65.6952,65.7232,1054937
2015-03-26,65.5464,68.2166,64.9788,68.1794,2865149
2015-03-27,68.1236,71.7335,68.0026,71.4079,4094457
2015-03-30,71.7149,72.7663,71.3288,72.2266,2286898
2015-03-31,72.6732,73.8269,72.3662,73.278,2668297
2015-04-01,73.0361,73.1291,72.3569,73.1198,1581510
2015-04-02,73.0361,73.9851,72.9151,73.2222,1580165
2015-04-06,73.5199,75.7621,72.8974,75.0922,1710939
2015-04-07,74.5154,74.9713,73.7627,74.227,1235483
2015-04-08,74.1153,74.8782,73.8688,74.5526,979783
2015-04-09,74.3665,75.1295,74.0037,75.0643,711047
2015-04-10,74.9341,75.4644,74.6271,75.3621,673545
2015-04-13,75.483,76.1901,74.7387,74.7573,760368
2015-04-14,74.7201,75.2876,74.5619,74.8969,723347
2015-04-15,74.9806,75.6877,74.8783,75.4644,904405
2015-04-16,75.3528,75.4551,74.5154,74.7573,720721
2015-04-17,74.227,74.227,72.729,73.0826,1326530
2015-04-20,73.7804,74.5619,73.6269,73.7804,790021
2015-04-21,74.0223,76.4041,73.6408,76.2273,2230104
2015-04-22,76.9716,77.0275,76.004,76.7204,1426626
2015-04-23,76.1808,76.5158,75.4737,76.2925,792257
2015-04-24,76.4041,76.4041,75.0643,75.4551,967780
2015-04-27,75.4923,76.1436,74.8969,75.1202,879086
2015-04-28,75.2411,75.5202,74.6364,75.4458,739069
2015-04-29,75.0736,75.269,73.278,73.7432,906348
2015-04-30,73.585,75.1667,73.2687,74.655,1359263
2015-05-01,75.1481,75.7621,74.5805,74.8503,838364
2015-05-04,75.055,75.3341,74.7108,74.869,694954
2015-05-05,74.7294,75.7528,73.1198,73.7525,1035099
2015-05-06,73.6687,74.4875,72.8314,73.0361,746668
2015-05-07,72.943,73.6036,72.1801,72.757,1184777
2015-05-08,73.064,73.6594,72.9523,73.3803,1131781
2015-05-11,73.5385,73.5478,72.543,72.8128,746978
2015-05-12,72.5057,72.757,71.7986,72.3569,700820
2015-05-13,72.3941,72.8593,71.8266,71.9661,1251550
2015-05-14,72.4499,73.3059,72.3011,73.2687,854028
2015-05-15,73.4641,73.7804,72.8035,73.1942,533022
2015-05-18,73.2128,73.9013,72.9989,73.6967,727343
2015-05-19,73.8734,73.9665,73.0082,73.8734,742908
2015-05-20,73.8734,74.7251,73.8266,74.3226,691156
2015-05-21,74.3507,74.566,73.9202,74.2384,580326
2015-05-22,74.2291,75.5674,74.2291,75.1182,1323673
2015-05-26,74.8187,75.0901,73.4429,74.0231,1334373
2015-05-27,74.2946,75.7078,74.2712,75.0527,1479041
2015-05-28,74.9029,75.3147,73.9389,74.1729,5354616
2015-05-29,74.3788,75.3101,73.6956,74.1448,1635306
2015-06-01,74.8,74.8655,73.003,74.5941,1206313
2015-06-02,74.1261,74.5286,73.2276,73.7611,876456
2015-06-03,73.7611,73.9296,73.1153,73.5177,941042
2015-06-04,73.4241,73.7236,72.4601,72.8158,909254
2015-06-05,72.9281,73.6207,72.8158,73.4616,854100
2015-06-08,73.5271,73.6722,72.8907,73.003,1392857
2015-06-09,73.1059,73.1808,72.844,73.0123,667410
2015-06-10,72.9468,74.2759,72.9468,73.8547,714025
2015-06-11,73.836,73.9296,73.485,73.602,590073
2015-06-12,73.3118,73.6862,73.1063,73.237,516656
2015-06-15,72.8345,73.2463,72.5069,73.0217,728992
2015-06-16,73.0217,73.6207,73.003,73.5645,449593
2015-06-17,73.733,73.9951,73.1808,73.5645,490206
2015-06-18,73.5645,74.1074,73.5177,73.967,656447
2015-06-19,73.967,74.3975,73.8079,74.098,1103683
2015-06-22,74.8749,75.5019,74.463,75.0433,657778
2015-06-23,75.0433,75.296,74.2478,74.5473,469413
2015-06-24,74.4256,74.4911,73.7143,73.9108,770936
2015-06-25,74.0138,74.4069,73.2838,73.3774,592880
2015-06-26,73.3399,73.3774,72.769,73.2557,1322845
2015-06-29,72.6286,73.1527,72.1138,72.17,846465
2015-06-30,72.4321,72.6941,71.4587,71.9828,1616503
2015-07-01,72.5631,72.7971,72.2449,72.4227,830239
2015-07-02,72.7596,72.8532,72.535,72.7596,661912
2015-07-06,72.039,72.1794,71.5897,71.7582,884288
2015-07-07,71.7863,72.5163,70.8129,72.4508,1149210
2015-07-08,71.9922,72.6192,71.8799,71.9173,1329829
2015-07-09,73.1434,73.8733,73.0872,73.4616,1271472
2015-07-10,74.1729,74.3507,73.7236,74.2665,761698
2015-07-13,74.6689,75.1463,74.5942,75.1182,788471
2015-07-14,75.2399,75.6517,74.9684,75.6142,841129
2015-07-15,75.8201,76.8871,75.53,76.8403,1250804
2015-07-16,77.1024,77.1375,76.4098,77.0462,944422
2015-07-17,76.8122,77.2428,76.363,76.9058,594594
2015-07-20,76.8497,77.1305,76.26,76.3256,616279
2015-07-21,76.5315,76.9339,75.7453,76.0822,552464
2015-07-22,75.9512,76.5151,75.5887,76.3817,670500
2015-07-23,76.3911,77.1492,76.1159,76.831,711371
2015-07-24,76.7467,77.1305,75.4364,75.8482,562717
2015-07-27,75.6142,75.7453,74.6502,74.7906,486150
2015-07-28,74.8093,75.3803,74.2852,75.3428,760575
2015-07-29,75.5019,76.5876,75.0246,76.5408,663032
2015-07-30,76.4566,77.2053,76.1664,77.0649,619994
2015-07-31,77.2053,77.9915,76.9807,77.6265,908247
2015-08-03,77.4487,77.4487,76.3162,77.0181,575911
2015-08-04,76.9152,77.458,76.7467,77.0088,414607
2015-08-05,77.3176,78.4501,76.8965,77.7388,564621
2015-08-06,77.7201,77.8886,77.0088,77.6265,820878
2015-08-07,77.5703,77.5703,73.5739,76.3443,2539519
2015-08-10,77.4487,79.3458,76.9713,79.1708,1857805
2015-08-11,78.6747,78.8054,77.0977,77.6171,1128113
2015-08-12,77.2615,78.1225,76.4379,78.0664,697370
2015-08-13,78.1787,78.5905,77.2521,77.2896,666592
2015-08-14,77.5329,77.7014,76.7233,77.561,523848
2015-08-17,76.9994,77.7763,76.5876,77.7014,579855
2015-08-18,77.5423,77.8886,77.093,77.3364,645080
2015-08-19,77.0649,77.2334,76.0354,76.7374,667745
2015-08-20,76.2413,76.4285,75.0246,75.0714,570668
2015-08-21,74.5005,74.7813,73.2463,73.3961,1273783
2015-08-24,69.2873,72.7784,67.846,70.3636,1581614
2015-08-25,71.4587,72.1419,69.0065,69.0346,1754061
2015-08-26,70.6819,71.0656,68.8006,70.9814,1119380
2015-08-27,71.5991,72.1606,70.6819,72.1232,740294
2015-08-28,71.7395,72.6099,71.5991,72.5725,735110
2015-08-31,72.17,72.4882,71.6272,71.8986,768317
2015-09-01,70.5883,70.9626,69.3996,69.8582,1504725
2015-09-02,70.5508,70.8503,69.6711,70.5134,768367
2015-09-03,70.5789,71.674,70.4853,70.8971,899234
2015-09-04,69.7927,70.2233,68.9597,69.2218,794225
2015-09-08,70.9252,72.2917,69.6523,72.0483,2097739
2015-09-09,72.9338,73.1411,70.9932,71.1534,1213358
2015-09-10,71.0592,71.4737,70.4939,70.72,727620
2015-09-11,70.0323,70.4751,69.241,69.7968,794600
2015-09-14,69.7403,70.1642,69.2693,69.6178,652272
2015-09-15,66.1793,70.1077,66.1793,69.6461,697431
2015-09-16,69.5895,70.3338,69.3823,70.2207,675663
2015-09-17,70.2584,71.1675,69.9004,70.3244,1131924
2015-09-18,69.3729,70.0606,68.7323,68.9301,1174142
2015-09-21,69.1845,69.9381,68.9678,69.2316,808645
2015-09-22,68.3555,68.6758,67.9033,68.0917,838330
2015-09-23,68.2801,68.412,67.7384,68.2518,701288
2015-09-24,67.6772,68.0917,67.0743,67.404,953411
2015-09-25,68.054,68.9113,67.8844,68.0352,1634098
2015-09-28,67.5076,67.9221,66.1322,66.2076,667330
2015-09-29,66.1793,67.0931,66.038,66.9518,1193907
2015-09-30,67.8185,69.0149,67.5076,68.9113,1030197
2015-10-01,68.7605,69.354,68.4685,68.9961,1300214
2015-10-02,68.0823,69.7403,67.7243,69.6743,929502
2015-10-05,70.2207,71.0733,69.957,70.4091,882730
2015-10-06,70.183,70.5787,69.7214,70.1265,807638
2015-10-07,70.7294,70.7907,69.4482,70.3997,998265
2015-10-08,70.1171,71.2758,70.0417,71.1251,478114
2015-10-09,71.1534,71.4077,70.7294,71.3418,558550
2015-10-12,72.0577,73.3765,71.8976,72.5382,1366561
2015-10-13,71.9447,72.3686,71.1251,71.191,1075583
2015-10-14,71.1628,72.0672,70.9838,71.6244,720920
2015-10-15,72.0954,72.1708,70.9084,72.0106,655101
2015-10-16,72.1048,72.3404,71.4925,72.1425,659445
2015-10-19,71.728,72.1331,70.8142,70.9649,830278
2015-10-20,70.8707,72.0954,70.6635,71.8787,774973
2015-10-21,72.3404,72.3404,70.541,70.6258,536462
2015-10-22,71.3229,72.0766,71.1911,71.5961,719201
2015-10-23,72.5759,72.5759,71.2476,72.0577,595843
2015-10-26,72.1708,72.5193,71.0215,71.1251,593027
2015-10-27,70.6541,70.9744,70.0606,70.5693,734949
2015-10-28,71.0121,74.1679,70.6541,74.1114,1121776
2015-10-29,73.7063,75.1854,73.3673,74.7708,1024759
2015-10-30,74.9498,75.4585,74.5071,74.5448,1195201
2015-11-02,74.7049,75.3643,74.1303,75.0911,889682
2015-11-03,73.8476,77.4651,72.5382,76.3064,1849313
2015-11-04,76.8057,77.3332,74.9687,75.1854,1116491
2015-11-05,75.1571,75.5716,74.3563,74.8839,1042985
2015-11-06,74.8462,74.9969,74.4411,74.9687,703598
2015-11-09,74.2339,75.3163,74.2339,74.8839,946959
2015-11-10,74.6861,74.8274,74.215,74.4694,1289984
2015-11-11,74.8933,75.1571,74.4882,74.8462,668856
2015-11-12,74.2998,74.7143,74.1208,74.1491,767920
2015-11-13,73.923,74.2339,73.2447,73.6969,694236
2015-11-16,73.6686,76.0332,73.4237,75.939,1154546
2015-11-17,77.2566,77.7211,75.8727,76.9628,1461813
2015-11-18,77.2472,77.8538,76.9249,77.8064,684250
2015-11-19,77.8823,78.925,77.7306,78.8776,606113
2015-11-20,79.3137,79.5791,78.2994,78.47,782385
2015-11-23,78.6122,79.3137,78.1428,78.4226,523928
2015-11-24,78.0529,78.7259,77.7496,78.1572,803731
2015-11-25,78.1667,79.1146,77.9202,78.6027,605866
2015-11-27,78.5079,78.944,78.3752,78.7733,247295
2015-11-30,79.0388,79.4085,78.5648,78.8018,1072692
2015-12-01,79.0672,79.7402,78.835,79.617,851613
2015-12-02,79.399,80.1763,79.2568,79.38,744895
2015-12-03,79.5127,79.5506,78.1572,78.6027,1060796
2015-12-04,78.3942,80.4891,78.2899,79.8824,815692
2015-12-07,79.598,80.0625,79.0767,79.4748,502324
2015-12-08,79.3421,80.1478,78.8207,79.8824,1494304
2015-12-09,79.5127,79.9914,78.5648,79.0008,1067782
2015-12-10,78.5838,79.6265,78.2425,78.8587,1307879
2015-12-11,77.8823,78.4605,77.3894,78.1003,724733
2015-12-14,78.2709,78.6975,77.3988,77.6453,1208300
2015-12-15,78.1572,79.3516,78.1572,78.5838,953681
2015-12-16,79.0198,79.6739,78.0908,79.2094,838809
2015-12-17,79.8635,80.1952,78.5553,78.7923,823155
2015-12-18,78.6785,78.8681,78.1761,78.4036,1624169
2015-12-21,78.9535,80.0151,78.7402,79.9583,1044807
2015-12-22,80.5934,82.3565,80.1573,82.1385,1202606
2015-12-23,82.4418,83.5699,82.3186,83.2476,1006132
2015-12-24,83.2476,85.1055,83.2476,84.8212,728903
2015-12-28,84.3188,84.3662,82.0058,82.5556,1190568
2015-12-29,83.2002,84.0628,82.9632,83.7026,577651
2015-12-30,83.4751,83.6078,82.6883,82.8779,482925
2015-12-31,82.6694,83.0959,82.1764,82.3755,594241
2016-01-04,81.9015,83.1244,81.4844,83.0864,1327121
2016-01-05,83.3045,84.6031,82.6694,83.5794,1175544
2016-01-06,82.7073,83.968,82.4513,82.821,1971151
2016-01-07,81.3802,83.058,81.0673,81.7499,2098271
2016-01-08,81.9963,83.1528,81.3328,81.3707,2067144
2016-01-11,82.0911,82.9063,80.9441,82.4134,1273931
2016-01-12,82.7736,84.5273,81.9584,84.2808,1948313
2016-01-13,84.2524,84.6979,80.8114,80.9536,1444422
2016-01-14,81.0768,81.0863,79.8635,80.091,1533596
2016-01-15,78.4131,79.9488,77.9676,79.8635,1660282
2016-01-19,80.5649,81.0105,78.8681,79.9488,1170049
2016-01-20,78.9345,79.7592,77.323,79.2284,1272041
2016-01-21,79.3326,80.1573,78.1382,78.5364,1081703
2016-01-22,79.636,79.7402,78.3942,79.6834,2095327
2016-01-25,79.5317,80.3469,79.0672,79.7497,1610414
2016-01-26,79.9014,81.2569,79.7876,81.1621,985711
2016-01-27,80.7924,82.4892,80.1541,80.4227,1187288
2016-01-28,80.6123,81.0389,79.5791,80.3754,890331
2016-01-29,80.8398,82.5746,80.5412,82.4418,1338815
2016-02-01,81.5982,82.603,81.3138,82.2049,1395551
2016-02-02,79.636,79.7118,73.0194,74.1664,6299584
2016-02-03,73.4933,74.7522,73.2286,73.8346,3180129
2016-02-04,73.6735,75.6641,73.5388,74.7351,1455514
2016-02-05,74.7351,74.7351,71.0192,71.7397,1792875
2016-02-08,70.9055,71.351,68.0238,69.2182,2037741
2016-02-09,68.4409,69.8817,68.3318,68.9433,1301427
2016-02-10,69.4457,69.8343,68.6304,68.9338,1298326
2016-02-11,67.9858,68.6304,67.2749,67.9764,1066333
2016-02-12,68.7252,68.7442,67.5119,68.3081,948341
2016-02-16,69.2466,69.7206,68.7537,69.6353,1077674
2016-02-17,69.9576,70.7443,69.8248,70.3936,808769
2016-02-18,70.4789,72.1378,70.3557,70.4789,724754
2016-02-19,70.6306,71.4648,69.9007,71.2657,1123258
2016-02-22,71.8629,72.8298,71.8629,72.4601,1130202
2016-02-23,72.043,72.3843,71.3984,71.4742,797089
2016-02-24,71.0382,71.7207,70.6021,71.5311,791239
2016-02-25,71.9767,72.3843,71.2941,72.1757,752288
2016-02-26,72.5454,72.9672,72.2136,72.5549,850233
2016-02-29,73.427,75.593,73.3986,73.9578,1686581
2016-03-01,74.6688,76.0528,73.6829,75.266,1532282
2016-03-02,75.0195,76.9912,74.8868,75.9769,911318
2016-03-03,75.5978,76.4793,75.4271,76.2803,848856
2016-03-04,76.3656,77.6263,76.3419,76.9249,944115
2016-03-07,76.3561,76.4509,74.7825,75.1996,1187383
2016-03-08,75.1233,75.772,73.6256,74.57,1480457
2016-03-09,75.1424,76.497,74.7036,76.0868,1090697
2016-03-10,76.2204,77.3937,75.1615,75.9723,852248
2016-03-11,76.4398,76.9167,75.3141,76.7164,956667
2016-03-14,76.3158,76.8309,75.8674,75.9246,867559
2016-03-15,75.0089,75.8674,73.1964,74.0835,1468302
2016-03-16,74.0263,74.9135,73.7115,74.7513,922075
2016-03-17,74.6941,75.5431,74.3411,74.9039,1003426
2016-03-18,75.2569,75.9056,74.9039,75.2664,1222531
2016-03-21,74.9135,75.295,74.3411,74.9421,951186
2016-03-22,74.6368,76.621,74.5795,75.9533,1162836
2016-03-23,75.8197,75.8388,74.8848,75.4,935911
2016-03-24,74.9802,75.6957,74.2171,74.5605,780776
2016-03-28,74.799,74.923,74.0263,74.2552,715114
2016-03-29,74.2743,75.0375,73.5589,74.8658,650934
2016-03-30,75.2092,75.4572,74.2171,75.0852,921672
2016-03-31,75.0089,75.4572,73.7783,74.2743,1351588
2016-04-01,73.826,74.4079,72.0898,74.2171,1885997
2016-04-04,74.2362,74.3411,73.3967,73.4444,939505
2016-04-05,72.8243,72.872,71.5556,71.6033,1463984
2016-04-06,71.6891,73.0437,71.2121,72.9674,1459137
2016-04-07,72.7003,73.2727,72.2329,72.8148,1481692
2016-04-08,73.1773,74.1312,73.0246,73.1773,1033581
2016-04-11,73.4921,73.9691,72.9102,72.9293,854200
2016-04-12,72.9006,73.3871,72.3092,73.1868,1039024
2016-04-13,73.6066,74.8038,73.6066,74.7322,730524
2016-04-14,74.5796,74.8467,73.95,74.074,940094
2016-04-15,73.8069,74.0931,73.1964,73.826,834115
2016-04-18,73.7687,74.2171,73.5016,74.1121,962749
2016-04-19,74.1217,75.1806,73.9357,75.1615,997633
2016-04-20,75.0375,75.8483,74.4556,75.648,941990
2016-04-21,75.7911,76.2013,75.0661,75.3141,733231
2016-04-22,75.2092,76.6496,75.2092,76.1536,782777
2016-04-25,75.8388,75.8674,74.6941,75.1424,547781
2016-04-26,75.3714,75.9819,75.2092,75.8102,641621
2016-04-27,75.5908,77.1457,75.5908,77.0408,650130
2016-04-28,76.5352,77.0026,76.1345,76.3635,690824
2016-04-29,76.1536,76.5543,75.4572,76.3253,1009566
2016-05-02,76.4398,77.222,75.8483,77.1362,1643496
2016-05-03,73.6352,74.7513,72.6431,72.9102,2250842
2016-05-04,72.2138,72.5954,69.9434,70.9737,2138793
2016-05-05,71.0595,71.4125,70.4871,71.3362,1038039
2016-05-06,71.1549,71.3695,70.3256,71.1549,932193
2016-05-09,71.2217,72.6812,71.2217,72.1852,1351590
2016-05-10,72.3378,73.0723,71.8608,73.0723,790093
2016-05-11,72.977,73.0199,72.1852,72.5477,1026175
2016-05-12,72.7671,73.0342,72.1279,72.6049,633952
2016-05-13,72.4046,72.9006,71.9467,72.4237,729926
2016-05-16,72.4046,73.845,72.2233,73.5207,711240
2016-05-17,73.3871,74.2791,73.2154,73.9214,1078008
2016-05-18,73.7592,74.5319,73.3681,73.9118,1042115
2016-05-19,73.3204,73.9977,73.0246,73.9404,848859
2016-05-20,74.4651,75.2092,74.0454,75.1138,692253
2016-05-23,75.1138,75.171,74.551,74.7227,490208
2016-05-24,74.923,75.5049,74.6607,75.3427,541320
2016-05-25,75.4,76.1154,75.0661,75.7052,592856
2016-05-26,75.8388,76.5256,75.8388,76.0898,736353
2016-05-27,76.0034,76.5026,75.9362,76.253,738176
2016-05-31,76.1378,76.1378,74.4578,75.6194,1208084
2016-06-01,75.2162,76.5314,75.125,76.3778,494599
2016-06-02,76.3778,76.6591,76.0034,76.5794,473951
2016-06-03,76.5122,76.9922,75.9074,76.7906,555624
2016-06-06,76.8002,78.2047,76.2626,77.693,932505
2016-06-07,77.8274,78.605,77.8274,78.0962,741877
2016-06-08,78.1442,78.8738,78.0002,78.5954,839983
2016-06-09,78.2306,78.653,77.7986,77.9714,543436
2016-06-10,78.0098,78.7202,77.5298,77.7602,929124
2016-06-13,77.4722,78.3554,77.3012,77.3858,1031134
2016-06-14,77.261,77.9906,77.0978,77.741,1264435
2016-06-15,77.9426,78.3458,77.6066,77.9618,1198154
2016-06-16,77.4242,78.797,77.0402,78.7106,1254427
2016-06-17,78.7586,79.6802,78.1538,78.6338,1627332
2016-06-20,79.6802,80.1986,79.4498,79.8434,1398141
2016-06-21,79.7282,80.6114,79.7282,80.1602,1239903
2016-06-22,80.381,80.909,79.901,80.0546,898382
2016-06-23,81.005,81.3602,80.3042,80.7746,766559
2016-06-24,78.7586,79.3154,77.693,77.741,1460808
2016-06-27,76.8194,76.9874,75.2834,75.3506,1426213
2016-06-28,76.3778,77.1266,75.5234,77.0882,1281965
2016-06-29,77.693,78.9218,77.5586,78.8066,729915
2016-06-30,79.1714,80.1121,78.3554,80.1026,1025271
2016-07-01,80.1602,80.5634,78.9986,79.2866,710054
2016-07-05,78.7298,78.7874,77.9906,78.2786,794778
2016-07-06,78.125,79.2866,77.549,79.1426,822137
2016-07-07,79.4402,79.805,78.8162,78.9794,515844
2016-07-08,79.8914,81.0914,79.4258,80.8322,829570
2016-07-11,80.9474,81.3122,80.2274,81.0338,440582
2016-07-12,81.5138,82.0226,81.3122,81.5618,471593
2016-07-13,81.7442,82.0514,81.5234,81.917,406511
2016-07-14,82.5602,82.7714,82.0754,82.1378,557998
2016-07-15,82.397,82.493,81.7202,81.8594,617669
2016-07-18,81.7538,82.061,81.5906,81.6482,497733
2016-07-19,81.4274,81.9923,81.3122,81.9074,444513
2016-07-20,82.2146,82.781,81.965,82.589,647049
2016-07-21,82.5794,82.9058,82.2146,82.493,457946
2016-07-22,82.5026,83.1938,82.4066,83.0978,391214
2016-07-25,82.8194,83.0402,81.8786,82.0802,693004
2016-07-26,82.0034,83.0114,81.9074,82.8674,673383
2016-07-27,82.9922,83.0402,82.3394,82.589,651869
2016-07-28,82.3586,83.1938,82.1666,83.069,423592
2016-07-29,82.9634,83.2994,82.6178,83.1554,452871
2016-08-01,83.021,83.117,81.9938,82.2242,1263064
2016-08-02,82.2242,84.4994,82.1282,84.4514,1686883
2016-08-03,84.3938,84.6625,83.3954,84.5474,1347351
2016-08-04,84.5378,84.9506,84.2402,84.7202,842233
2016-08-05,84.8642,85.7378,84.701,85.1906,694932
2016-08-08,85.3154,85.8337,84.7394,85.4114,957779
2016-08-09,85.4786,86.8034,85.2626,86.1986,701148
2016-08-10,86.1218,86.9283,86.0642,86.381,755774
2016-08-11,86.381,86.4002,85.6706,86.285,583228
2016-08-12,86.2562,86.3762,85.9682,86.237,417852
2016-08-15,86.4002,87.7442,86.4002,87.1202,754004
2016-08-16,87.053,87.1299,86.3714,86.4002,774987
2016-08-17,86.5922,86.9474,85.8722,86.3234,554916
2016-08-18,86.3234,87.1202,86.2946,87.0146,375453
2016-08-19,86.7362,87.4706,86.573,87.3027,368131
2016-08-22,87.053,87.8594,86.8994,87.5906,627815
2016-08-23,87.8403,88.2147,87.6723,87.6867,572396
2016-08-24,87.6962,88.3107,87.269,87.3794,638983
2016-08-25,87.5522,87.8691,87.1779,87.6195,662033
2016-08-26,87.6962,87.9555,86.8226,87.2066,618193
2016-08-29,87.3027,88.9827,87.2066,88.9155,810420
2016-08-30,89.1939,89.1939,88.3491,89.0211,660593
2016-08-31,88.9251,89.3379,88.2723,89.2611,574627
2016-09-01,89.4915,89.8659,88.6467,89.1363,826475
2016-09-02,89.6259,89.9667,89.2995,89.9427,426343
2016-09-06,90.0003,90.3267,89.3043,89.5395,707968
2016-09-07,90.0897,90.6835,89.7615,90.0801,749737
2016-09-08,89.9642,90.0704,89.3367,89.5973,486093
2016-09-09,88.796,88.9456,87.7243,87.7243,532097
2016-09-12,87.1836,88.8539,86.8461,88.7477,637928
2016-09-13,88.0333,88.6705,86.4112,86.7492,2893988
2016-09-14,86.7009,87.8112,86.1795,86.4595,756248
2016-09-15,86.2471,87.3284,86.0443,87.2126,729793
2016-09-16,86.8167,87.1836,86.1506,86.2761,719365
2016-09-19,86.8457,87.3381,86.2761,86.4305,469532
2016-09-20,86.7588,87.0195,85.8387,86.2278,570530
2016-09-21,86.3243,86.9712,86.0057,86.7974,596062
2016-09-22,87.5602,87.8595,87.0871,87.676,417587
2016-09-23,87.676,88.0767,87.3767,87.7436,503238
2016-09-26,87.0388,87.8595,86.894,87.0195,480891
2016-09-27,86.9809,88.4677,86.6526,88.4195,580045
2016-09-28,88.4291,88.9408,88.1298,88.7767,651850
2016-09-29,88.7477,89.2208,87.1257,87.4829,544316
2016-09-30,87.8788,88.7574,87.2609,88.4484,701246
2016-10-03,88.1588,88.5836,87.8981,88.3422,695987
2016-10-04,88.4195,88.8443,87.4057,88.1105,704286
2016-10-05,88.5836,88.9698,88.1298,88.6222,536389
2016-10-06,88.3132,89.1629,88.0043,89.0953,400898
2016-10-07,89.2884,89.6939,88.7284,89.4236,515668
2016-10-10,89.7325,90.167,89.2015,89.2594,396748
2016-10-11,89.0084,89.0567,87.6084,88.0236,367215
2016-10-12,87.8884,88.6415,87.705,87.9174,543725
2016-10-13,87.1836,87.6953,86.2954,86.6816,644959
2016-10-14,87.2995,87.676,86.5754,86.5754,524328
2016-10-17,86.5657,86.8023,86.3147,86.4885,600339
2016-10-18,87.2802,87.3671,86.4209,87.2705,817907
2016-10-19,86.7202,88.6512,86.7202,88.4774,529322
2016-10-20,88.487,88.5353,87.7437,87.9077,287762
2016-10-21,87.2126,87.6857,86.7781,87.4153,299718
2016-10-24,88.0912,88.3854,87.8402,88.1298,351735
2016-10-25,88.0139,88.3422,87.1933,87.5795,525069
2016-10-26,87.2802,88.4098,87.0967,88.2264,749722
2016-10-27,88.4484,88.4967,85.8223,85.9092,686094
2016-10-28,86.4981,87.0774,85.9478,86.305,557043
2016-10-31,86.7878,86.894,85.9381,86.1312,844347
2016-11-01,89.0953,90.1766,87.8112,89.5298,1485049
2016-11-02,89.8194,90.6497,89.3174,89.9449,1422860
2016-11-03,89.7808,90.1959,89.2112,89.5973,563851
2016-11-04,89.578,91.3932,89.1629,90.9973,1133912
2016-11-07,92.6869,93.8648,92.2235,93.6331,1056355
2016-11-08,93.6234,94.5695,93.3339,94.0965,778404
2016-11-09,93.8165,97.9681,93.4786,97.7075,1531435
2016-11-10,98.3061,99.4646,97.4082,99.2619,1214792
2016-11-11,98.6536,100.4012,98.5474,99.8508,867047
2016-11-14,100.3819,102.2452,100.0343,101.4439,1229477
2016-11-15,101.6273,102.2742,100.7294,101.2508,805724
2016-11-16,101.1926,101.4449,100.6298,100.9209,785428
2016-11-17,100.7947,101.115,100.0281,100.7171,1140851
2016-11-18,100.8044,100.9209,99.6885,100.5036,828073
2016-11-21,100.8432,101.5516,99.9311,100.8238,602979
2016-11-22,101.0276,101.3187,100.2804,100.9694,1088915
2016-11-23,100.9888,101.4388,100.3095,101.0858,678574
2016-11-25,101.4255,101.9592,101.0664,101.6875,169990
2016-11-28,101.2993,101.6196,100.6006,100.9306,956107
2016-11-29,101.1732,102.3959,100.9548,101.5807,743328
2016-11-30,102.0562,102.6482,100.4745,100.4939,776685
2016-12-01,100.9791,101.7166,100.4745,101.2508,833533
2016-12-02,101.212,102.5802,100.9858,101.8525,696741
2016-12-05,102.5317,103.0266,102.2697,102.8034,785512
2016-12-06,102.6482,103.3663,101.9495,103.3274,692826
2016-12-07,103.4924,104.3561,103.2741,103.9582,784485
2016-12-08,103.8709,104.259,102.26,102.7743,983855
2016-12-09,103.1722,103.1722,101.412,102.3862,671121
2016-12-12,101.9495,102.0853,101.0567,101.9107,839833
2016-12-13,102.425,102.8811,101.5419,102.3279,759643
2016-12-14,102.26,102.8131,101.7166,102.0368,682208
2016-12-15,102.2212,102.784,101.7069,101.8913,550714
2016-12-16,101.9689,102.3182,100.7947,100.9209,1295235
2016-12-19,101.1926,101.8913,100.523,101.2605,569177
2016-12-20,101.4546,101.5274,100.8141,101.1247,516061
2016-12-21,101.2314,101.3478,100.6686,100.7171,465425
2016-12-22,101.047,101.309,99.9117,100.6298,362886
2016-12-23,100.5812,100.7365,100.1931,100.6492,212034
2016-12-27,100.6492,101.0761,100.0669,100.3677,326226
2016-12-28,100.4357,100.8627,100.1834,100.2804,474130
2016-12-29,100.1349,100.4357,99.5914,100.0572,430028
2016-12-30,100.4939,100.4939,99.0674,99.4362,521367
2017-01-03,100.3192,100.7753,99.4168,99.6788,698139
2017-01-04,99.9505,100.523,99.4556,100.2222,660313
2017-01-05,100.0572,100.8529,99.6497,100.3483,638858
2017-01-06,100.4454,101.6099,100.4066,101.4546,683692
2017-01-09,101.1052,101.2896,99.0965,99.1159,602501
2017-01-10,99.213,99.2324,98.165,98.6987,477941
2017-01-11,98.4173,98.9316,98.0582,98.7763,427726
2017-01-12,98.7569,99.0432,98.0194,98.7763,383210
2017-01-13,98.8539,98.9801,98.1941,98.7472,377561
2017-01-17,98.2038,98.3736,96.9292,97.214,527513
2017-01-18,97.3207,98.3979,97.1266,97.8641,698692
2017-01-19,98.0679,98.6987,96.8404,97.0296,579762
2017-01-20,97.476,97.7186,96.9326,97.2237,478329
2017-01-23,97.1363,97.9515,96.1951,97.7283,548765
2017-01-24,97.7477,99.3779,97.6021,99.048,436020
2017-01-25,99.3391,99.3391,97.8447,98.1261,463000
2017-01-26,98.0194,98.6405,98.0,98.2329,377715
2017-01-27,98.4561,100.5424,98.0388,99.4944,720419
2017-01-30,101.2023,101.2023,98.8636,99.3488,555398
2017-01-31,99.1451,99.6885,97.6312,99.6691,658118
2017-02-01,99.7758,100.2804,98.4949,98.8151,749163
2017-02-02,97.8253,102.2018,97.8066,101.8719,1395652
2017-02-03,102.0951,102.3474,101.1538,101.212,1023580
2017-02-06,101.0664,102.7646,100.9354,102.0174,1410774
2017-02-07,101.8233,102.3474,100.9597,102.2212,863989
2017-02-08,101.8719,102.4832,101.4837,101.8039,2215010
2017-02-09,102.2115,102.6773,101.377,101.3964,878039
2017-02-10,101.901,102.7937,101.0761,102.6094,709213
2017-02-13,102.8714,103.8612,102.6676,103.8418,676842
2017-02-14,103.211,104.7733,102.8617,104.7442,708821
2017-02-15,104.2881,104.8898,103.9388,104.1426,1004509
2017-02-16,104.3852,105.5982,104.3318,105.4332,1107194
2017-02-17,105.3556,106.2289,104.8024,106.2192,609867
2017-02-21,106.2969,107.9077,106.2969,107.733,727357
2017-02-22,107.2381,107.4225,106.3842,107.1702,714817
2017-02-23,107.1799,107.4613,106.3454,106.588,1252924
2017-02-24,106.3454,107.8107,106.258,107.8107,742831
2017-02-27,107.8301,108.3638,107.6554,108.0727,1609650
2017-02-28,107.6748,108.3153,106.2677,106.6462,882152
2017-03-01,107.5195,107.9659,107.112,107.6263,860006
2017-03-02,107.5293,107.9708,106.7918,107.0343,754480
2017-03-03,107.2284,107.3158,106.7238,107.1896,822248
2017-03-06,106.4327,106.9276,106.0834,106.6462,719116
2017-03-07,106.3842,107.243,106.2726,106.4812,556825
2017-03-08,106.4812,106.8888,106.064,106.7723,759899
2017-03-09,106.6559,107.5293,106.3745,106.7335,1056602
2017-03-10,106.7336,107.8842,106.48,107.8647,765697
2017-03-13,107.5917,108.4497,107.0358,108.0304,757922
2017-03-14,107.2601,107.9427,107.1431,107.8062,547760
2017-03-15,108.0889,109.1323,107.8159,108.9665,802211
2017-03-16,109.1323,109.5418,108.674,108.869,543483
2017-03-17,109.1908,109.8831,108.791,109.5126,1487458
2017-03-20,109.6101,110.0089,109.3468,109.7466,448385
2017-03-21,109.7856,110.1805,108.0012,108.1377,1125574
2017-03-22,108.1475,108.4595,107.5136,108.2255,461448
2017-03-23,108.0792,109.1713,107.9719,108.6447,569985
2017-03-24,108.44,109.3663,107.6989,108.1279,514334
2017-03-27,107.3089,108.206,106.7004,108.0304,1134355
2017-03-28,107.9817,109.2006,107.7477,108.908,440763
2017-03-29,108.7618,108.9763,107.6502,108.362,553055
2017-03-30,108.4302,109.2591,108.1182,109.0055,680513
2017-03-31,108.8203,108.8203,107.9817,108.4985,812779
2017-04-03,108.6057,108.908,107.0554,107.5234,1366920
2017-04-04,107.4844,108.1872,106.9578,107.3674,601881
2017-04-05,107.7964,107.8939,106.2948,106.3338,800875
2017-04-06,106.5678,107.3284,106.305,106.7628,687127
2017-04-07,107.1529,108.0036,106.8408,107.4259,776978
2017-04-10,107.6502,108.0694,107.0358,107.3186,589435
2017-04-11,106.9773,107.2016,106.5288,107.2016,426301
2017-04-12,107.7964,108.5862,107.1887,107.5429,439733
2017-04-13,107.3966,108.0061,107.2309,107.2796,655560
2017-04-17,107.7867,107.8257,107.0554,107.4649,1067969
2017-04-18,106.9871,107.5819,106.5971,106.8311,906108
2017-04-19,107.3284,107.5039,106.6458,106.6946,868672
2017-04-20,107.0066,107.7574,106.7628,107.2114,1374605
2017-04-21,107.4259,108.5375,107.2699,107.5234,829048
2017-04-24,108.752,109.2883,108.4985,108.908,646714
2017-04-25,109.2298,109.3956,108.44,108.44,894905
2017-04-26,108.557,109.0348,108.1084,108.362,976917
2017-04-27,108.7813,110.5072,108.6594,110.4682,731112
2017-04-28,110.1756,110.7509,108.9373,109.103,1340477
2017-05-01,108.7813,108.7813,106.48,106.9773,1082168
2017-05-02,106.8408,107.2016,106.402,106.8116,1062086
2017-05-03,106.5678,107.6697,105.6512,106.5288,953835
2017-05-04,106.9968,107.7379,106.7726,107.2601,847093
2017-05-05,107.5331,109.0153,107.4844,107.9622,970620
2017-05-08,108.0597,108.3327,105.1676,105.3099,1382274
2017-05-09,105.1052,105.8267,104.5494,105.7975,1279784
2017-05-10,105.7877,106.246,105.4757,106.246,716416
2017-05-11,105.8072,106.3338,105.3489,106.2558,571824
2017-05-12,106.4313,106.4313,104.923,105.0759,551505
2017-05-15,105.2027,106.1095,105.0467,105.9242,623182
2017-05-16,106.0803,106.2753,105.6805,105.934,637665
2017-05-17,104.8516,105.2514,104.3933,104.5104,1216605
2017-05-18,104.4226,104.9589,103.5353,104.7639,912136
2017-05-19,105.2612,105.7585,104.7834,105.1247,2390847
2017-05-22,105.6317,106.5678,105.3782,105.8462,788067
2017-05-23,105.9535,106.4898,105.2222,106.2265,515086
2017-05-24,105.9925,107.2601,105.934,107.1431,775252
2017-05-25,107.2601,108.5765,106.8896,108.284,602537
2017-05-26,108.167,108.3912,107.4064,107.8062,801459
2017-05-30,107.8062,108.5082,107.1236,107.7769,912660
2017-05-31,108.1688,109.9618,107.7377,109.8933,1276479
2017-06-01,109.9912,111.069,109.7463,111.069,668311
2017-06-02,111.265,112.0096,111.1474,111.5197,662109
2017-06-05,111.1474,111.3825,110.4076,110.4615,811492
2017-06-06,110.246,110.246,108.4432,108.6489,1400743
2017-06-07,108.4824,109.5405,107.9925,108.2178,1314283
2017-06-08,108.0512,109.0442,107.7769,108.9625,649226
2017-06-09,109.0408,109.2858,106.562,106.8559,1908193
2017-06-12,106.9735,107.0715,105.6018,106.3366,1090045
2017-06-13,106.8167,107.3262,106.5424,107.1009,831883
2017-06-14,107.1107,107.7475,106.5914,107.1596,739411
2017-06-15,106.6501,107.6691,106.0721,107.287,906262
2017-06-16,107.5516,108.3648,106.9245,108.306,2234185
2017-06-19,108.4922,110.0304,108.159,110.0108,713280
2017-06-20,109.7463,110.4125,109.5797,109.6091,544580
2017-06-21,109.5503,110.0598,109.2368,109.4523,424228
2017-06-22,109.3642,109.9814,108.7469,108.7469,408156
2017-06-23,108.7763,109.3446,108.4236,109.1388,1451907
2017-06-26,109.2662,110.1529,108.4726,108.6685,582901
2017-06-27,108.5607,108.8498,107.1009,107.14,478669
2017-06-28,107.7965,108.5901,107.3164,108.1884,514937
2017-06-29,108.0708,108.0708,106.1015,106.7873,949601
2017-06-30,107.0029,107.9827,106.5032,106.8755,467173
2017-07-03,107.581,107.9827,106.8755,107.4536,466385
2017-07-05,107.4438,108.7077,107.3458,108.5901,713913
2017-07-06,108.1492,108.7714,107.9729,108.0512,647913
2017-07-07,108.9135,110.7457,108.4236,110.5301,1010077
2017-07-10,110.5399,111.9116,110.1284,111.5981,1608745
2017-07-11,111.5981,112.6465,111.3433,112.4015,795685
2017-07-12,113.107,113.7438,112.6759,113.2539,555171
2017-07-13,113.3225,113.4499,112.4701,112.813,664459
2017-07-14,112.8914,113.0972,111.7647,112.8522,1047906
2017-07-17,112.6759,112.8228,111.0984,111.1964,1058209
2017-07-18,110.8045,111.5001,110.6428,111.4805,599056
2017-07-19,111.8332,112.3339,111.8332,112.1174,523294
2017-07-20,112.2741,112.4407,111.6471,111.9214,519469
2017-07-21,111.6177,112.2056,111.3482,111.6373,1050533
2017-07-24,111.7745,112.0978,111.3727,111.6373,675277
2017-07-25,112.1076,112.7738,111.7454,112.6465,350989
2017-07-26,112.9404,113.1942,112.2545,112.9012,419528
2017-07-27,113.3029,113.3029,110.9906,111.5785,715431
2017-07-28,111.5197,112.1566,111.4021,112.0978,374642
2017-07-31,112.4799,112.6465,111.6667,112.1566,787893
2017-08-01,114.8902,115.3311,114.028,114.3317,390620
2017-08-02,113.7046,114.562,113.6263,113.9006,1008979
2017-08-03,113.6165,114.5864,113.6076,114.5473,592606
2017-08-04,114.8902,115.3311,114.028,114.3317,390620
2017-08-07,114.3317,115.047,114.2631,115.0078,575024
2017-08-08,114.8902,115.4291,114.3709,114.5277,646884
2017-08-09,114.3905,116.1933,114.3709,116.1541,602343
2017-08-10,115.4781,116.5852,115.4781,115.8406,949839
2017-08-11,115.8798,116.6636,115.7916,115.9778,531966
2017-08-14,116.595,117.8589,116.5803,117.418,823400
2017-08-15,117.6042,118.1039,117.2711,117.3691,587614
2017-08-16,117.565,118.8191,117.5552,117.8198,510183
2017-08-17,116.9379,118.2117,116.7028,116.7028,565370
2017-08-18,116.5656,116.9281,116.257,116.3109,527896
2017-08-21,116.3011,116.6636,115.0861,116.1639,462557
2017-08-22,116.4578,117.9079,116.2178,117.565,478308
2017-08-23,117.2613,117.5601,116.5362,116.6734,501912
2017-08-24,116.9086,117.1143,116.3403,116.4383,339552
2017-08-25,116.889,117.6434,116.6538,117.2417,333506
2017-08-28,117.8492,119.8969,117.8492,118.8779,1433525
2017-08-29,118.3194,119.2405,118.1333,119.0543,779843
2017-08-30,119.1033,119.9165,118.7114,119.8675,938593
2017-08-31,119.9753,120.7689,119.8675,120.4162,881750
2017-09-01,121.0237,121.0727,120.0733,120.6611,453130
2017-09-05,120.5142,120.8179,119.5638,120.4064,670913
2017-09-06,120.8865,120.8865,119.6324,120.2398,795705
2017-09-07,120.7222,120.8403,119.7083,120.5352,598574
2017-09-08,120.23,121.1061,119.4819,120.5942,516928
2017-09-11,121.1553,121.5392,120.9781,121.3424,655882
2017-09-12,121.5688,121.8149,121.0864,121.7361,411854
2017-09-13,121.4506,121.8247,120.8896,121.362,583551
2017-09-14,121.0766,122.4055,120.6927,122.307,911672
2017-09-15,122.7992,124.9943,122.7992,124.8861,1501023
2017-09-18,125.3389,126.9631,124.9845,126.9631,1007077
2017-09-19,127.1796,128.9219,126.6087,128.8629,1066023
2017-09-20,129.0696,129.5716,128.5971,129.5421,751168
2017-09-21,129.3748,129.8374,128.6759,129.0105,648298
2017-09-22,129.3551,129.8276,129.0105,129.739,553767
2017-09-25,129.4633,129.6504,127.8293,128.7054,753915
2017-09-26,128.9515,129.6405,128.7054,129.4633,358122
2017-09-27,129.5519,129.9358,128.7448,129.3058,609497
2017-09-28,129.0794,129.4535,128.1345,128.9023,522505
2017-09-29,128.8235,129.6799,128.3412,129.6208,455310
2017-10-02,129.7587,130.7529,129.4633,130.7332,499241
2017-10-03,130.9202,131.7077,130.177,131.2254,491548
2017-10-04,130.93,131.9144,130.5166,131.9046,412923
2017-10-05,132.0424,132.8889,131.9046,132.6822,411714
2017-10-06,132.3574,133.6251,132.0916,133.5386,419738
2017-10-09,133.8733,134.08,133.4303,133.7552,424974
2017-10-10,134.2769,134.4934,133.4205,133.9422,491165
2017-10-11,133.9914,134.3163,133.5189,133.8733,466385
2017-10-12,133.6863,134.6903,133.6863,134.4836,414166
2017-10-13,134.7937,135.0152,134.3064,134.4245,397299
2017-10-16,134.6214,134.71,133.706,133.7749,400876
2017-10-17,133.8241,134.8281,133.8241,133.9619,468462
2017-10-18,134.1686,134.3163,132.2393,132.7314,522920
2017-10-19,132.5838,133.6174,131.5699,133.4894,470526
2017-10-20,134.0702,135.025,133.3713,134.5919,437310
2017-10-23,135.0644,135.4876,134.4639,134.6805,535799
2017-10-24,135.025,135.2416,134.3458,134.8183,405595
2017-10-25,134.8577,135.2908,133.952,134.6017,281891
2017-10-26,134.7395,135.2416,133.4106,133.7355,401311
2017-10-27,134.3261,134.9167,133.9816,134.395,296330
2017-10-30,134.5623,134.7002,133.0464,133.5189,705620
2017-10-31,133.5288,137.3481,133.0956,137.1414,830011
2017-11-01,138.6573,139.7499,134.6509,135.0053,1037164
2017-11-02,135.0152,135.1234,133.8241,134.9561,610748
2017-11-03,135.714,137.5647,135.1136,137.23,994006
2017-11-06,137.3776,137.3776,136.1865,136.8165,844837
2017-11-07,136.8559,137.5351,136.1767,137.1906,511430
2017-11-08,137.1118,139.3267,136.8264,139.0806,600963
2017-11-09,138.2635,138.6081,134.6312,135.4089,672137
2017-11-10,134.7887,136.7083,134.7887,136.5901,591805
2017-11-13,136.0586,137.2989,135.7042,136.7968,392211
2017-11-14,136.3834,137.1906,135.1037,137.1611,462807
2017-11-15,136.9543,137.0233,135.6648,136.7968,413558
2017-11-16,137.6568,138.8528,137.6469,138.7243,502545
2017-11-17,138.4673,139.4854,138.1115,138.2202,611433
2017-11-20,138.7441,140.3947,138.6255,140.2761,571381
2017-11-21,141.3239,143.0734,140.8593,142.332,1053482
2017-11-22,142.332,142.332,140.8692,140.8692,596370
2017-11-24,141.1163,142.5693,140.7011,142.2727,310691
2017-11-27,142.3617,142.5693,141.4425,141.8378,502061
2017-11-28,142.2233,142.7966,141.8576,142.5297,601631
2017-11-29,142.5297,142.9547,140.3552,141.5611,658593
2017-11-30,142.3123,143.2611,140.9394,142.8262,2345032
2017-12-01,142.5297,142.7373,139.3421,141.2052,784869
2017-12-04,142.3716,142.3716,139.4755,140.0488,688342
2017-12-05,140.4145,142.1245,139.5447,140.9285,705157
2017-12-06,140.7605,141.5611,140.1476,140.8692,428093
2017-12-07,140.5825,141.9268,140.5825,141.5413,312837
2017-12-08,142.2925,142.4309,141.1954,141.5907,462202
2017-12-11,136.4806,142.2431,136.4806,140.9878,492194
2017-12-12,140.711,141.1361,139.2581,139.7819,662320
2017-12-13,139.693,141.8971,139.5447,140.2959,657565
2017-12-14,140.2662,140.9186,139.604,139.6337,562234
2017-12-15,141.0076,142.9251,140.0686,142.421,2392392
2017-12-18,142.7669,143.0239,140.8988,141.0174,686974
2017-12-19,140.6715,142.1739,140.4145,140.9186,469761
2017-12-20,141.1657,141.5314,140.2662,140.6913,524443
2017-12-21,141.2151,141.4519,140.0883,141.1361,387584
2017-12-22,140.9779,141.4425,140.3256,141.1262,350569
2017-12-26,141.0273,141.5314,140.1971,140.5529,323503
2017-12-27,140.6517,141.6896,140.4061,141.5611,285745
2017-12-28,142.1937,142.1937,140.2564,141.5611,540529
2017-12-29,141.6303,141.6303,139.9796,140.0093,616493
2018-01-02,140.3947,141.1262,139.6732,140.4244,932404
2018-01-03,140.8198,141.6006,139.2086,141.1657,766381
2018-01-04,141.2744,141.8971,140.3651,140.7802,651280
2018-01-05,141.0372,142.1838,140.3651,142.075,686808
2018-01-08,142.1442,144.9316,141.9564,144.7042,590311
2018-01-09,145.0502,145.2578,143.5626,143.9333,763291
2018-01-10,143.6466,143.7059,142.2628,143.4687,423111
2018-01-11,143.4786,144.2199,143.192,143.617,449313
2018-01-12,143.5676,145.6235,143.4292,145.5049,565587
2018-01-16,146.8392,147.0072,143.9728,144.0815,570299
2018-01-17,144.4374,146.0584,143.958,145.9002,620747
2018-01-18,145.9892,146.77,144.0222,144.0519,598259
2018-01-19,144.724,144.7388,143.8443,144.2001,522193
2018-01-22,144.0717,144.0717,140.9878,141.5314,880560
2018-01-23,141.7785,141.7785,140.5529,140.7605,657006
2018-01-24,140.968,142.4408,140.9087,141.4425,604527
2018-01-25,141.9367,143.0239,141.4425,142.7966,449998
2018-01-26,143.3205,144.4769,141.6105,144.4571,1033035
2018-01-29,144.6746,146.1473,144.6252,145.4851,812275
2018-01-30,147.2247,155.8733,146.6119,154.4995,1633276
2018-01-31,155.5373,158.374,155.2012,157.5339,1198140
2018-02-01,157.0298,158.8089,155.2506,155.8536,1022253
2018-02-02,155.3594,156.9013,153.9657,154.0942,788591
2018-02-05,152.4831,154.3413,144.5461,146.4834,1237929
2018-02-06,143.0042,147.5706,141.3733,146.9183,1217706
2018-02-07,146.7206,152.0976,145.663,151.0202,1165550
2018-02-08,152.6511,153.5011,148.0649,148.1044,1432363
2018-02-09,149.2608,152.9279,147.0962,151.2476,1290104
2018-02-12,151.9988,152.7104,148.8655,151.0202,828664
2018-02-13,150.1208,151.5045,149.3201,151.2476,928564
2018-02-14,150.4964,153.4814,149.9725,153.175,651274
2018-02-15,154.1733,155.1123,152.1174,154.4204,706455
2018-02-16,153.9855,155.4088,152.7203,154.8454,633916
2018-02-20,154.4995,156.6641,153.9459,155.1913,582332
2018-02-21,155.389,159.1747,154.796,156.3379,901363
2018-02-22,156.5554,158.0675,155.814,156.16,534427
2018-02-23,156.5257,156.9705,155.3495,156.9606,422714
2018-02-26,157.613,158.9671,156.7827,157.692,494473
2018-02-27,157.4252,159.1351,157.1583,157.1781,571237
2018-02-28,158.0281,158.0578,154.3018,154.3413,794073
2018-03-01,154.5884,154.5884,148.994,151.0993,1140623
2018-03-02,149.8341,152.572,148.312,152.0778,629391
2018-03-05,151.2278,152.5523,149.4486,152.4732,748718
2018-03-06,152.8488,153.1651,151.9988,152.8784,527628
2018-03-07,151.7574,155.0213,151.301,154.5252,765420
2018-03-08,154.9717,155.051,152.5213,154.5054,569896
2018-03-09,155.2594,156.5292,154.3318,156.4697,483428
2018-03-12,156.8864,158.315,156.3011,156.7673,876039
2018-03-13,157.2634,158.2356,156.3507,156.8467,724520
2018-03-14,157.7991,158.4142,155.3784,156.3308,650250
2018-03-15,156.4995,157.2037,155.5471,156.9261,609380
2018-03-16,156.8765,157.1542,154.0094,155.2693,2300129
2018-03-19,154.8129,155.4181,153.5303,155.1899,955597
2018-03-20,155.7058,157.6404,155.1403,157.561,774968
2018-03-21,157.8785,159.7584,157.4667,158.5431,610176
2018-03-22,157.1642,159.6146,153.0371,153.3447,750294
2018-03-23,153.4042,158.4439,153.4042,155.9439,892934
2018-03-26,157.5709,161.0828,157.5709,160.7852,1035674
2018-03-27,161.5888,163.2753,158.1761,159.0789,1218258
2018-03-28,159.1483,160.0241,157.4925,158.5134,1299584
2018-03-29,158.692,161.1325,157.4519,160.0015,1367633
2018-04-02,159.7039,160.5868,156.43,158.3646,1018090
2018-04-03,159.0293,159.7237,156.2316,158.434,903754
2018-04-04,156.4598,161.0233,156.2118,161.0035,650335
2018-04-05,161.569,163.3845,160.6067,163.0273,793817
2018-04-06,161.9956,163.0968,158.5531,159.7634,584292
2018-04-09,160.944,163.3349,160.6808,161.5392,757903
2018-04-10,163.0174,163.315,159.9221,161.1027,873987
2018-04-11,160.2495,161.8864,159.5551,160.5769,665059
2018-04-12,160.8547,162.6304,160.6959,161.4698,569715
2018-04-13,161.5789,162.2138,159.8626,160.4082,425866
2018-04-16,162.0055,164.1186,161.0481,163.8706,590617
2018-04-17,164.6146,166.2714,164.0392,165.6365,449628
2018-04-18,166.192,167.2238,165.3686,166.946,495615
2018-04-19,166.8766,167.9381,165.7654,167.5214,468124
2018-04-20,167.2932,168.1861,166.2813,166.6682,480927
2018-04-23,167.3131,167.7992,166.6683,167.6603,357174
2018-04-24,168.3051,169.1881,161.1027,163.5134,765341
2018-04-25,163.1761,163.6523,157.3923,159.8824,1078099
2018-04-26,159.7932,160.4678,158.0471,158.4836,1272783
2018-04-27,158.4836,159.8527,156.3507,156.8963,659909
2018-04-30,157.0848,157.5709,154.8427,155.18,749982
2018-05-01,155.9141,156.2862,149.8228,150.5768,1228580
2018-05-02,152.0847,156.0927,145.1601,145.5966,1298344
2018-05-03,144.7831,147.0549,142.1243,146.1323,1108987
2018-05-04,145.4875,148.7315,144.9319,148.6522,825586
2018-05-07,148.6522,149.5252,147.3129,148.6919,878185
2018-05-08,150.18,153.1562,149.8129,152.7197,1612499
2018-05-09,153.0867,154.5054,152.0669,154.1582,726551
2018-05-10,154.7931,155.557,153.9796,155.4677,500861
2018-05-11,155.0014,156.1225,154.6245,155.4082,465635
2018-05-14,155.5372,155.5372,153.1859,153.9399,500035
2018-05-15,153.057,153.7812,152.5907,153.6522,526158
2018-05-16,153.8705,154.5649,152.4022,152.4816,616834
2018-05-17,151.8764,152.2336,150.7653,151.6284,942715
2018-05-18,151.5391,152.9082,151.0679,152.68,674377
2018-05-21,153.4141,154.0391,151.9558,153.2455,558828
2018-05-22,152.8586,153.2951,149.4806,149.5351,614197
2018-05-23,148.9498,152.8883,148.6522,152.7098,622264
2018-05-24,152.1939,153.1562,150.9637,152.6899,618834
2018-05-25,152.68,153.0371,151.2613,151.6879,394356
2018-05-29,151.0431,151.1919,149.1581,149.6641,655915
2018-05-30,150.3685,152.9875,149.4012,151.5391,615999
2018-05-31,151.2404,151.35,149.5127,149.8364,759118
2018-06-01,150.6529,152.6105,150.2944,152.047,502363
2018-06-04,152.7739,153.471,151.6437,152.2561,419474
2018-06-05,151.7981,152.5449,150.6567,152.3059,1039788
2018-06-06,152.4951,153.2469,152.1466,152.8337,852022
2018-06-07,152.7739,153.7399,151.6935,152.3358,434115
2018-06-08,152.3557,154.0983,152.0072,153.9988,457699
2018-06-11,153.7697,155.5422,153.2221,153.5805,907076
2018-06-12,154.3075,154.3075,151.2205,151.7184,455248
2018-06-13,151.3998,152.5051,151.3535,151.5989,682596
2018-06-14,151.9574,152.8536,149.1592,149.3186,523190
2018-06-15,148.7111,148.7111,146.62,148.6016,1513793
2018-06-18,147.9444,149.0696,147.3569,148.6414,752153
2018-06-19,147.3071,147.5361,144.3894,144.8375,802881
2018-06-20,144.7778,145.5744,144.2301,144.6184,562573
2018-06-21,143.7621,144.6583,141.9995,142.5472,802050
2018-06-22,143.065,143.533,141.8999,143.0949,1780894
2018-06-25,142.7862,144.4342,142.0991,143.5131,542314
2018-06-26,143.7322,144.6881,143.055,143.6824,598733
2018-06-27,143.9712,146.3312,143.1248,143.2144,686362
2018-06-28,142.9057,144.6384,142.3978,144.1504,431927
2018-06-29,144.6483,145.5694,143.772,143.9313,722249
2018-07-02,143.0949,145.4748,142.358,145.3553,506332
2018-07-03,145.6541,146.4109,144.7479,145.1462,378727
2018-07-05,145.0367,145.5644,142.7862,143.3637,932812
2018-07-06,143.314,144.4093,142.348,143.6924,520963
2018-07-09,144.3894,145.9926,144.1221,145.3354,934819
2018-07-10,145.7536,146.3312,144.9072,145.8233,638814
2018-07-11,144.5388,145.2657,143.7521,144.1604,455246
2018-07-12,144.6483,147.0581,144.0409,146.9187,614244
2018-07-13,146.859,148.5219,146.8191,148.263,652253
2018-07-16,148.8306,150.4438,148.8306,148.9402,573059
2018-07-17,148.5618,151.34,148.5618,151.0014,751586
2018-07-18,151.0014,152.1366,150.5334,151.5093,604318
2018-07-19,150.9915,151.5392,149.8165,149.8961,580416
2018-07-20,149.4779,150.8919,149.3683,150.2646,446107
2018-07-23,150.2347,150.5981,149.1692,149.5476,423732
2018-07-24,150.3243,151.4147,148.4968,150.3442,630176
2018-07-25,149.8463,150.9417,148.1237,150.7226,513289
2018-07-26,150.7724,153.0826,149.5874,152.6047,814562
2018-07-27,152.6744,154.2577,152.3358,153.232,526670
2018-07-30,153.1026,153.949,149.1493,149.7567,784851
2018-07-31,150.5633,165.1416,150.5633,164.2554,1368030
2018-08-01,163.3194,168.1987,162.9907,163.2397,1505645
2018-08-02,162.5028,163.7177,160.4913,162.7518,917656
2018-08-03,162.3534,162.9509,159.9635,161.6962,690526
2018-08-06,161.3178,162.1642,159.7246,161.9551,537832
2018-08-07,162.2539,164.0652,161.4174,163.4388,430999
2018-08-08,163.7276,164.4346,161.8854,163.7874,708206
2018-08-09,163.3094,164.9425,163.2046,163.877,439590
2018-08-10,163.3492,163.9467,162.3136,162.5725,543048
2018-08-13,162.1144,162.8613,161.2282,161.8655,1026224
2018-08-14,162.0547,164.7632,162.0547,164.2056,507114
2018-08-15,163.4687,163.872,161.5668,162.1144,708919
2018-08-16,162.7119,163.5982,162.3435,163.17,560524
2018-08-17,163.0405,164.9226,162.6323,163.9666,1260433
2018-08-20,164.9624,165.5157,163.6878,164.5143,502395
2018-08-21,164.8429,166.1374,164.0064,165.4503,708281
2018-08-22,164.6836,165.1416,162.702,163.0107,847186
2018-08-23,162.8314,162.9011,161.029,161.3975,671527
2018-08-24,161.9651,162.682,160.9992,162.5426,273468
2018-08-27,163.4986,163.9965,162.9111,163.7874,516455
2018-08-28,164.6139,165.291,163.2297,163.9666,443113
2018-08-29,164.0762,164.584,163.5982,163.9666,338580
2018-08-30,163.8969,164.4097,161.4074,161.7858,597455
2018-08-31,161.1784,162.1543,160.81,161.8257,589132
2018-09-04,161.8257,161.985,160.3718,161.6863,537272
2018-09-05,161.6663,163.17,161.2979,161.995,621396
2018-09-06,162.45,163.73,161.46,161.52,1004240
2018-09-07,161.8,161.8,159.7,160.18,1033435
2018-09-10,160.57,161.92,160.0,161.18,682544
2018-09-11,160.83,162.1,160.17,161.32,361962
2018-09-12,160.75,161.825,160.25,161.68,476579
2018-09-13,162.01,163.6,161.46,163.47,425732
