date,open,high,low,close,volume
2013-09-16,35.4487,35.4506,35.0549,35.1286,2808435
2013-09-17,35.1984,35.3711,35.1325,35.2314,2930425
2013-09-18,35.1984,35.3672,35.0704,35.2547,2742750
2013-09-19,35.309,35.5341,35.1199,35.4972,2899690
2013-09-20,35.536,35.8813,35.2217,35.3342,3189905
2013-09-23,35.1732,35.2566,34.8434,35.1422,1793470
2013-09-24,35.0704,35.3459,34.89,35.0549,2017250
2013-09-25,34.8318,35.2353,34.6494,34.758,2796205
2013-09-26,34.7154,35.0723,34.6513,34.9055,1951420
2013-09-27,34.6979,35.309,34.6154,35.1693,1899180
2013-09-30,34.8182,35.2625,34.6125,35.1965,2766800
2013-10-01,35.1325,35.7416,35.0801,35.6835,3542390
2013-10-02,35.0541,35.7184,34.7464,35.7184,5870600
2013-10-03,36.0365,36.5739,35.6543,36.4789,5790275
2013-10-04,36.6108,37.5944,36.4498,37.5692,5951990
2013-10-07,37.2491,37.703,37.1598,37.4431,3442995
2013-10-08,37.3461,37.5789,36.411,36.7951,5485565
2013-10-09,36.8417,37.0939,36.3469,36.6845,4722945
2013-10-10,36.9891,37.7729,36.863,37.4741,4279610
2013-10-11,37.3597,37.8806,37.2879,37.769,2995570
2013-10-14,37.6157,38.0654,37.4644,37.9591,1445665
2013-10-15,37.7787,38.0329,37.5246,37.6604,2420880
2013-10-16,37.9727,38.3122,37.7224,37.93,1834670
2013-10-17,37.8292,38.3355,37.6642,38.2676,2550785
2013-10-18,38.2346,38.5159,38.0193,38.4558,3185975
2013-10-21,38.4946,38.4946,38.1357,38.2676,1973775
2013-10-22,38.3122,38.5023,37.9776,38.3103,1965065
2013-10-23,38.2385,38.2385,37.802,38.0135,3684240
2013-10-24,38.0406,38.1861,37.8854,38.0639,2515920
2013-10-25,38.1027,38.2307,37.8788,38.0251,2161850
2013-10-28,38.0872,38.0872,37.4023,37.6002,3016200
2013-10-29,37.5614,37.868,37.2064,37.414,5115045
2013-10-30,37.4528,37.6002,36.9522,36.9775,4526895
2013-10-31,37.1443,37.6545,37.1298,37.3907,4232550
2013-11-01,37.769,38.0852,37.4547,37.899,3568320
2013-11-04,37.93,38.0367,37.2898,37.606,3493665
2013-11-05,38.5625,38.9699,37.9203,38.4073,5027650
2013-11-06,38.5703,38.7934,38.2191,38.7623,3881285
2013-11-07,38.7623,39.2735,38.5955,38.8651,6506075
2013-11-08,38.8574,39.8196,38.8574,39.6159,3398950
2013-11-11,39.6159,39.9264,39.2454,39.3288,1762735
2013-11-12,39.2687,39.4181,38.3743,38.3743,9424440
2013-11-13,38.45,39.0766,38.3743,38.7701,3812825
2013-11-14,38.8981,38.9117,38.1706,38.6382,4250590
2013-11-15,38.6071,39.4685,38.6071,39.259,4016100
2013-11-18,39.6412,39.678,39.048,39.4161,4738385
2013-11-19,39.4976,40.3221,39.4976,40.0466,8981645
2013-11-20,40.1495,41.3678,39.9652,41.3368,8406130
2013-11-21,41.749,41.913,41.3368,41.8489,7202945
2013-11-22,41.8489,42.3184,41.6879,42.1788,4623315
2013-11-25,42.2699,42.3029,41.8276,41.9673,3283090
2013-11-26,41.9052,42.0265,41.3775,41.3775,6380040
2013-11-27,41.5056,41.8325,41.2677,41.5987,2292960
2013-11-29,41.7112,41.7675,41.3465,41.3795,1023735
2013-12-02,41.4842,41.8974,41.2572,41.6899,4442295
2013-12-03,41.5463,41.5987,41.1534,41.2669,4221795
2013-12-04,40.9429,41.4551,40.8125,41.1874,3010825
2013-12-05,41.0846,41.3969,40.9255,41.2553,6011950
2013-12-06,41.5909,42.3902,41.4202,42.332,4871390
2013-12-09,41.9518,42.4911,41.8509,42.171,3734060
2013-12-10,42.1555,42.3107,41.894,42.0546,2631885
2013-12-11,42.3437,42.6948,42.0391,42.3902,5358205
2013-12-12,42.0721,42.5823,41.8606,42.2602,6980610
2013-12-13,42.4542,42.9237,42.4038,42.7666,4657890
2013-12-16,42.8752,43.1449,42.7026,43.0382,5095550
2013-12-17,43.1255,43.2943,42.6405,43.1119,5851630
2013-12-18,42.9878,43.7871,42.6366,43.6804,7343045
2013-12-19,43.6513,43.8218,43.0809,43.1915,4231085
2013-12-20,43.2632,43.7948,43.0906,43.5465,12577030
2013-12-23,43.9558,43.9733,43.4398,43.8569,3873125
2013-12-24,43.8472,43.8608,43.4126,43.8472,1404015
2013-12-26,43.8899,44.0528,43.4728,43.6241,1745775
2013-12-27,43.5892,43.7735,43.3835,43.6008,2185900
2013-12-30,43.725,43.7871,43.0483,43.3641,1718035
2013-12-31,43.3603,43.8239,43.1566,43.6357,2211625
2014-01-02,43.4883,43.7463,43.0983,43.5737,3833350
2014-01-03,43.5737,44.0315,43.5485,43.822,4864220
2014-01-06,44.0199,44.3924,43.8472,43.9345,3358730
2014-01-07,44.3962,44.5243,43.855,44.1984,4282955
2014-01-08,44.0723,44.274,43.6493,44.0412,3239405
2014-01-09,44.2216,44.4001,44.0393,44.1421,2715040
2014-01-10,43.9326,44.113,43.467,43.7153,3022975
2014-01-13,43.6513,43.7599,42.6832,42.7802,3104340
2014-01-14,42.8869,42.9393,42.3475,42.6424,4922200
2014-01-15,42.625,42.6793,40.4152,40.9119,18126220
2014-01-16,40.5084,41.2572,40.3726,40.6112,6980500
2014-01-17,40.551,40.8013,39.971,40.1339,8568230
2014-01-21,40.4269,41.1932,40.2794,40.3532,7742765
2014-01-22,40.5782,40.9313,40.2309,40.7373,5814950
2014-01-23,40.3823,40.5452,39.9613,40.1378,5181935
2014-01-24,39.9652,40.1625,39.6431,39.647,6572625
2014-01-27,40.3968,40.3968,39.3075,39.4142,7131565
2014-01-28,40.5472,40.5472,39.5771,40.1398,4005710
2014-01-29,39.3909,40.2814,39.3909,39.7285,4184355
2014-01-30,38.9971,40.6539,38.9971,40.6054,2908750
2014-01-31,39.8876,40.7897,39.8876,40.5064,4144415
2014-02-03,40.3881,40.4657,39.3831,39.4704,5956340
2014-02-04,39.4064,40.5472,39.3637,40.5219,5225455
2014-02-05,40.4851,40.8401,39.7711,40.2678,703465
2014-02-06,40.3745,40.8537,40.2329,40.8227,4082090
2014-02-07,40.7761,41.9634,40.7761,41.814,6319750
2014-02-10,41.8276,42.0798,40.9876,41.1505,7185010
2014-02-11,41.4008,42.0972,41.1505,41.9983,6399240
2014-02-12,42.0119,42.4387,41.4149,42.1788,5858175
2014-02-13,41.9945,42.6482,41.8548,42.0818,3558250
2014-02-14,41.9537,42.0992,41.3659,41.6821,3462125
2014-02-18,41.6879,42.3805,41.6821,42.0895,4050140
2014-02-19,41.8024,41.9794,41.0477,41.0865,4161265
2014-02-20,41.2087,41.3872,40.6733,40.7897,3335380
2014-02-21,41.007,41.5036,40.7567,41.3057,4760080
2014-02-24,41.2592,41.9828,41.1816,41.7733,3429835
2014-02-25,41.6433,42.14,41.3795,41.5618,3461555
2014-02-26,41.7558,41.7636,40.4831,40.5258,5333470
2014-02-27,41.4124,41.4124,40.0137,40.5627,4375600
2014-02-28,40.5996,41.0749,40.293,40.5161,3739910
2014-03-03,40.2387,40.8615,40.103,40.7373,3868335
2014-03-04,41.0361,41.7869,40.9876,41.6957,2778745
2014-03-05,41.6297,41.9207,41.2592,41.4978,3687170
2014-03-06,41.6239,42.5532,41.6239,41.7054,5162250
2014-03-07,41.8528,41.946,41.1369,41.2534,4726405
2014-03-10,41.2456,41.2902,40.6578,40.7955,2993095
2014-03-11,41.1098,41.1098,40.293,40.4405,3447980
2014-03-12,40.3435,40.6287,39.9729,40.5743,2843710
2014-03-13,40.5802,40.6461,39.4685,39.5868,3517780
2014-03-14,39.581,39.9652,39.3831,39.7576,3927900
2014-03-17,39.9652,40.6442,39.9186,40.5782,3482455
2014-03-18,40.5782,40.5782,39.8972,39.9535,4134270
2014-03-19,39.9205,40.0874,39.3492,39.4763,5112825
2014-03-20,39.5868,39.8536,39.1775,39.4627,4548110
2014-03-21,40.004,40.3047,39.548,39.548,11180005
2014-03-24,39.4646,39.8041,39.4646,39.5325,4840215
2014-03-25,39.6198,39.7673,38.7449,38.7972,6375395
2014-03-26,38.8671,39.2357,38.6673,38.6983,4237460
2014-03-27,38.774,38.8981,37.9359,38.6886,5389075
2014-03-28,38.7856,38.8535,37.8971,38.0581,6475655
2014-03-31,38.157,39.0165,38.0988,38.3801,9161255
2014-04-01,38.3336,38.4228,37.2956,37.4702,8806650
2014-04-02,37.5284,39.0727,37.5284,38.8574,8214225
2014-04-03,39.6819,39.8158,38.9136,39.224,7721355
2014-04-04,39.2551,39.4491,38.1066,38.1318,7079210
2014-04-07,38.1143,38.1696,37.284,37.3015,6953485
2014-04-08,37.3616,37.6332,36.9037,37.2336,5008075
2014-04-09,37.2588,37.6681,37.1463,37.3849,3668865
2014-04-10,37.4101,37.6196,36.6845,36.96,4712450
2014-04-11,36.6845,37.0912,36.5313,36.6923,4213875
2014-04-14,36.8029,37.2743,36.6244,37.1559,4330770
2014-04-15,37.1618,38.1648,37.1055,37.608,5368975
2014-04-16,37.7535,38.4888,37.6274,38.4189,5110185
2014-04-17,38.3277,38.5916,37.9979,38.4655,3164610
2014-04-21,38.3937,38.935,38.0814,38.9156,2650410
2014-04-22,38.8748,39.742,38.5683,39.5442,4071540
2014-04-23,39.5248,39.9787,39.0397,39.6334,5241700
2014-04-24,39.6644,40.0098,39.3249,39.9205,4120775
2014-04-25,39.8352,39.9166,39.1755,39.2764,3830290
2014-04-28,39.4006,39.4297,38.7313,39.1096,4508155
2014-04-29,39.2978,39.5383,39.0106,39.451,3401200
2014-04-30,39.4957,39.7595,39.1125,39.6625,3211755
2014-05-01,39.7285,39.9652,39.4844,39.8643,2664800
2014-05-02,39.9341,40.1592,39.2085,39.2473,3130725
2014-05-05,39.1406,39.3502,38.6634,39.2415,2859080
2014-05-06,39.0242,39.1232,38.3956,38.4538,3668640
2014-05-07,38.5431,39.2066,38.3279,39.1406,5052460
2014-05-08,38.4616,38.4616,37.024,37.2762,15802970
2014-05-09,37.2239,37.3069,36.2596,36.5177,13981760
2014-05-12,36.5972,37.1851,36.5972,37.1249,5364730
2014-05-13,37.0958,37.2413,36.8475,37.0201,3024975
2014-05-14,37.0201,37.2549,36.6923,37.2161,3739980
2014-05-15,37.0939,37.2161,36.3256,36.6806,6374775
2014-05-16,36.6806,36.7699,36.2984,36.572,4882545
2014-05-19,36.3198,37.2021,36.2635,37.1637,3673380
2014-05-20,37.1191,37.1463,36.3217,36.4498,4298125
2014-05-21,36.5972,37.3849,36.4793,37.2859,3449450
2014-05-22,37.2394,37.8253,37.0977,37.608,2892150
2014-05-23,37.5614,37.5614,37.0298,37.3791,2888580
2014-05-27,37.5401,38.5314,37.3635,38.2948,4146480
2014-05-28,38.1803,38.2055,37.6662,37.9863,2842795
2014-05-29,38.1939,38.1939,37.705,37.8311,3231480
2014-05-30,37.8311,38.3297,37.7477,38.1027,4207000
2014-06-02,38.2191,38.2366,37.5032,37.6739,3358130
2014-06-03,37.6429,38.1473,37.5905,37.7923,3875725
2014-06-04,37.6274,37.8156,37.1715,37.412,4771150
2014-06-05,37.3694,37.4004,36.5177,36.9425,6726155
2014-06-06,35.9063,35.9852,35.5604,35.7277,2996005
2014-06-09,35.8198,35.9533,35.4626,35.5134,4880155
2014-06-11,35.7164,35.7164,35.1543,35.4062,3882020
2014-06-12,35.3892,36.4307,35.3372,36.223,5387375
2014-06-13,36.2136,36.5267,36.0872,36.4569,3651370
2014-06-16,36.4928,36.6324,36.1212,36.3173,2483810
2014-06-17,36.3343,36.8305,36.1683,36.721,4204715
2014-06-18,36.6437,37.519,36.5814,37.3851,5348800
2014-06-19,38.2943,38.2943,36.7135,37.1549,4813705
2014-06-20,37.3379,37.3379,36.4777,36.7588,6216580
2014-06-23,36.7361,37.4417,36.5249,37.3869,3242075
2014-06-24,36.6173,36.8003,35.7873,35.8759,9334500
2014-06-25,35.8891,36.0646,35.3081,35.4515,5255545
2014-06-26,35.3949,35.742,35.3666,35.7005,2843035
2014-06-27,35.542,35.8231,35.0308,35.4515,4858970
2014-06-30,35.5232,35.8627,35.4722,35.6345,4153160
2014-07-01,35.8118,35.9674,35.1195,35.1478,4638320
2014-07-02,35.3873,35.4251,35.3119,35.4119,1195915
2014-07-03,35.5552,36.025,35.5552,35.8967,1953605
2014-07-07,35.8986,35.8986,35.5496,35.7307,2819485
2014-07-08,35.7005,35.7005,34.8176,34.9723,4807320
2014-07-09,34.9928,35.3003,34.7627,35.2588,4006060
2014-07-10,34.8551,34.9721,34.408,34.6061,3868735
2014-07-11,34.6269,34.8325,34.4854,34.7853,6484770
2014-07-14,35.0796,35.3739,34.9061,35.1834,3281205
2014-07-15,35.106,35.5569,35.0513,35.3795,3823400
2014-07-16,35.4154,35.7021,35.4154,35.621,4780360
2014-07-17,35.4852,36.1134,35.4852,36.0719,6489835
2014-07-18,36.1435,37.1132,36.0492,36.6642,8508760
2014-07-21,36.4171,37.1094,36.3246,37.0547,5572375
2014-07-22,36.6849,37.5791,36.6434,37.5357,6724345
2014-07-23,37.4282,37.5716,36.9321,37.2603,5005165
2014-07-24,37.2433,37.2433,36.8679,36.966,5125840
2014-07-25,36.966,37.2622,36.9132,37.1132,5425570
2014-07-28,37.0358,37.1905,36.6076,36.9717,5808655
2014-07-29,37.0151,37.4621,36.8,36.8585,4759225
2014-07-30,37.0773,37.1245,36.7529,36.9868,3604845
2014-07-31,36.8472,37.0169,36.2492,36.2605,4440660
2014-08-01,36.2209,36.4699,35.9379,36.253,3880685
2014-08-04,36.3586,36.6854,36.202,36.5868,3458170
2014-08-05,36.3586,36.3982,36.0605,36.0605,4033855
2014-08-06,35.9983,36.7359,35.9115,36.2605,3935190
2014-08-07,36.3661,36.4133,35.1004,35.5305,7279635
2014-08-08,35.6531,36.1379,35.3418,36.0964,5130875
2014-08-11,36.2643,36.4076,35.6682,35.7191,3510025
2014-08-12,35.5474,35.7719,35.223,35.4343,2642470
2014-08-13,35.4908,35.6606,35.2739,35.4116,3008085
2014-08-14,35.538,35.7455,35.4927,35.7116,2693955
2014-08-15,35.8285,35.8285,35.2192,35.389,3548480
2014-08-18,35.6795,35.8926,35.6682,35.8417,3192110
2014-08-19,35.7795,35.8115,34.9513,35.0287,5475045
2014-08-20,34.9985,35.3192,34.9664,35.2588,3645550
2014-08-21,35.2607,35.587,34.9966,35.572,4654245
2014-08-22,35.4607,35.8153,35.4248,35.6719,2437215
2014-08-25,35.8379,35.8757,35.687,35.7606,2959595
2014-08-26,35.7153,35.8568,35.572,35.7266,4281380
2014-08-27,35.7813,35.8889,35.2135,35.4965,4012165
2014-08-28,35.3682,35.6568,35.355,35.5946,3380465
2014-08-29,35.6701,35.8417,35.5531,35.6531,2873105
2014-09-02,35.8323,35.8634,35.306,35.521,3022930
2014-09-03,35.6304,35.804,34.8872,34.9627,3247470
2014-09-04,34.8249,35.3418,34.8249,35.0155,3307165
2014-09-05,34.9928,35.2362,34.7608,35.2135,4384380
2014-09-08,35.0872,35.4946,35.0872,35.3588,3239780
2014-09-09,35.3305,35.7681,35.2079,35.306,4205455
2014-09-10,35.5116,35.9719,35.3758,35.8889,4653680
2014-09-11,35.7474,35.9285,35.5696,35.9059,3741255
2014-09-12,35.9021,37.299,35.8453,36.8504,6868655
2014-09-15,36.7293,37.1003,36.6346,37.017,6613520
2014-09-16,36.7785,37.4202,36.5949,37.2536,4145580
2014-09-17,37.3066,38.2587,37.2517,38.2038,8601580
2014-09-18,38.3212,38.8284,38.2417,38.624,7145430
2014-09-19,38.8114,38.8114,38.2947,38.5767,4374720
2014-09-22,38.5483,38.5729,37.8347,38.0013,3631475
2014-09-23,37.8688,38.1546,37.6568,37.7647,2806050
2014-09-24,37.7325,37.8849,37.5186,37.6776,3923730
2014-09-25,37.5924,37.7135,36.9375,37.0302,3324715
2014-09-26,37.0302,37.2886,36.8069,37.1892,2781685
2014-09-29,36.9602,37.0567,36.7804,36.9488,3200805
2014-09-30,37.0416,37.1367,36.7406,36.9204,2783180
2014-10-01,36.9204,36.9734,36.611,36.7368,3449230
2014-10-02,37.0397,37.6984,36.9753,37.4277,4956860
2014-10-03,37.5678,37.8574,37.2895,37.5583,3724210
2014-10-06,37.7154,38.2133,37.6511,37.687,4784795
2014-10-07,37.793,37.846,37.1684,37.1684,2965385
2014-10-08,37.4258,38.1224,37.3369,38.111,3994400
2014-10-09,38.0467,38.5766,38.0107,38.4272,8548045
2014-10-10,38.5483,39.4096,38.1924,38.5388,7583705
2014-10-13,38.4972,38.6808,37.5886,37.6038,7475580
2014-10-14,37.5848,38.3193,37.5583,38.0599,4697815
2014-10-15,37.6757,38.5729,37.1476,38.4025,5962135
2014-10-16,37.6057,38.3874,37.3369,37.4183,5543305
2014-10-17,37.6132,37.8309,36.9394,37.2157,5405565
2014-10-20,37.3634,37.899,37.1476,37.8347,3187805
2014-10-21,38.0088,38.0825,37.4202,37.7628,4734330
2014-10-22,37.6454,37.8896,37.264,37.617,2527845
2014-10-23,37.9028,38.4991,37.7552,38.4518,3418130
2014-10-24,38.4934,39.1313,38.4726,39.1048,3523820
2014-10-27,39.0897,39.2184,38.6013,38.9307,2123650
2014-10-28,38.9609,39.1067,38.5539,38.8814,2289815
2014-10-29,38.8001,39.0442,38.4442,38.9799,2409020
2014-10-30,38.8531,39.0121,38.3496,38.5634,2953315
2014-10-31,38.7224,39.4285,38.7224,39.4266,3601295
2014-11-03,39.4569,39.968,39.4569,39.7105,5647710
2014-11-04,39.7806,41.2116,39.4559,41.1737,7890210
2014-11-05,41.3289,41.6356,40.9314,41.1548,6165465
2014-11-06,40.922,41.6905,40.922,41.628,4463140
2014-11-07,41.7302,41.7302,41.3119,41.3668,3727645
2014-11-10,41.2646,41.539,40.5737,41.5163,3919470
2014-11-11,41.4974,41.9176,41.469,41.8779,3190020
2014-11-12,41.8627,42.0217,41.717,41.8703,4217870
2014-11-13,41.9933,42.3151,41.7473,42.2508,3992215
2014-11-14,42.1448,42.2792,41.893,42.1277,3463705
2014-11-17,41.9384,42.4457,41.8551,42.0596,2262000
2014-11-18,42.0596,42.3075,41.611,41.6337,3317465
2014-11-19,41.8381,41.8779,41.4728,41.7794,2471535
2014-11-20,41.5485,41.8173,41.4539,41.6148,2662330
2014-11-21,41.8798,42.0662,41.5258,41.698,3353955
2014-11-24,41.8003,42.247,41.5296,41.9687,3979600
2014-11-25,41.8835,42.0955,41.558,41.8476,2830570
2014-11-26,41.6431,41.8514,41.4841,41.7984,2785320
2014-11-28,42.0123,42.9038,41.7122,42.777,2719790
2014-12-01,42.7808,42.7978,42.2545,42.3662,2721535
2014-12-02,42.4968,42.7543,42.3019,42.5385,2796210
2014-12-03,42.4533,42.8849,42.3549,42.8413,3474055
2014-12-04,42.8849,43.1026,42.6369,42.9776,2818275
2014-12-05,42.5858,43.307,42.3719,42.546,3951390
2014-12-08,42.4665,42.9852,42.2583,42.7486,2784960
2014-12-09,42.6085,42.6312,42.0728,42.4893,4748000
2014-12-10,42.4817,42.6539,42.2025,42.2205,3712570
2014-12-11,42.3946,42.9208,42.3946,42.6748,5928150
2014-12-12,42.4489,42.8143,41.5566,41.5908,3836865
2014-12-15,41.6534,42.128,41.456,41.6648,3736810
2014-12-16,41.6212,41.6212,40.7574,40.8087,5283005
2014-12-17,41.0004,42.1774,40.8372,42.0654,4443815
2014-12-18,42.1926,42.5248,42.0825,42.521,3213390
2014-12-19,42.8532,43.0316,41.7199,42.0711,7755860
2014-12-22,42.0445,42.8513,42.0445,42.7298,4242940
2014-12-23,42.7963,43.2234,42.3767,42.4147,3804630
2014-12-24,42.4602,42.7963,42.0521,42.092,1460245
2014-12-26,42.2078,42.5153,41.8034,42.1204,2265240
2014-12-29,42.2135,42.559,42.0464,42.1679,1892465
2014-12-30,42.1432,42.3501,42.0293,42.1034,2117990
2014-12-31,42.1641,42.2875,41.6288,41.6288,1738665
2015-01-02,41.8376,41.9078,40.9662,41.3155,2868185
2015-01-05,41.194,41.923,41.0327,41.5414,5274175
2015-01-06,41.6838,41.9116,40.5391,40.9473,6892380
2015-01-07,41.0934,41.5642,40.5885,41.5263,14758775
2015-01-08,41.7161,42.4545,41.7161,42.0483,4231780
2015-01-09,42.1034,42.4944,41.8752,42.073,2918090
2015-01-12,42.0084,42.1698,40.8106,40.9719,4094395
2015-01-13,41.177,41.6762,39.6298,39.7703,8884815
2015-01-14,39.3565,39.9108,39.1287,39.4855,6398150
2015-01-15,39.4855,39.7266,39.0166,39.0451,5821220
2015-01-16,38.9616,39.7693,38.8192,39.7513,4470170
2015-01-20,39.9753,40.2354,39.2407,39.4798,3806045
2015-01-21,39.3394,39.7157,39.0242,39.2122,2980835
2015-01-22,39.2596,40.7346,39.1533,40.6606,5820755
2015-01-23,40.822,41.3592,40.6018,41.139,4481495
2015-01-26,40.8523,41.3611,40.634,41.3364,2299980
2015-01-27,40.8637,41.1997,40.3379,40.3778,3763395
2015-01-28,40.355,40.5372,38.9882,38.9996,5298505
2015-01-29,38.9635,39.1059,38.3921,38.8914,6674715
2015-01-30,38.5838,39.6678,38.4965,39.0546,5097460
2015-02-02,39.3109,39.6013,39.0233,39.5634,3344570
2015-02-03,39.5975,40.1632,39.5975,40.1253,2689550
2015-02-04,39.9506,41.0365,39.9506,40.8144,5297840
2015-02-05,40.9549,42.9234,40.953,42.8741,6867415
2015-02-06,43.043,43.8498,43.0404,43.4189,5489500
2015-02-09,43.25,44.0321,43.1873,43.4778,3155780
2015-02-10,43.6011,43.9846,43.436,43.9087,3033780
2015-02-11,43.8289,44.1631,43.6752,44.0112,2690920
2015-02-12,43.9979,44.5883,43.8859,44.5029,2520215
2015-02-13,44.5883,44.6813,44.2371,44.2732,2324090
2015-02-17,44.3434,44.7439,44.1858,44.575,2549255
2015-02-18,44.4687,44.7269,44.1972,44.5674,2500560
2015-02-19,44.3947,44.9433,44.3662,44.4041,1847800
2015-02-20,44.4041,44.7041,43.9049,44.6149,5473030
2015-02-23,44.5522,44.6111,44.1384,44.501,1879040
2015-02-24,44.4288,45.2166,44.2969,44.7117,2621330
2015-02-25,44.6206,45.5564,44.2864,45.3419,4254045
2015-02-26,45.4425,45.5697,44.9262,45.2242,3363975
2015-02-27,45.2128,45.3932,44.6566,44.6794,2566645
2015-03-02,44.5902,45.5223,44.5702,45.4311,3608760
2015-03-03,45.2299,45.545,44.1061,44.7269,3956260
2015-03-04,44.6338,44.649,43.8536,44.2219,4417470
2015-03-05,44.5617,44.6092,44.2238,44.4421,3005355
2015-03-06,44.3852,44.8522,43.7112,43.7416,3556410
2015-03-09,43.8992,44.5124,43.6752,44.4079,3447990
2015-03-10,44.089,44.089,43.267,43.2727,3310530
2015-03-11,43.5556,43.6581,42.8788,43.3961,3697795
2015-03-12,43.7416,44.0659,43.3904,43.8081,2509605
2015-03-13,43.8138,44.1127,43.3721,43.612,2664215
2015-03-16,43.8766,44.5201,43.8747,44.3468,2469595
2015-03-17,44.1869,44.5248,43.8728,44.4534,3281160
2015-03-18,44.3011,44.3659,43.6177,44.0651,2985675
2015-03-19,43.9375,45.1254,43.8328,45.0626,3824380
2015-03-20,45.0626,45.293,44.6876,45.0607,5105815
2015-03-23,45.1768,45.2263,44.5486,44.7999,3109035
2015-03-24,44.6133,44.9751,44.3278,44.6057,2964665
2015-03-25,44.5791,44.7904,43.73,43.9661,4391815
2015-03-26,43.6843,44.2231,43.3303,43.7376,3433515
2015-03-27,43.5758,44.2916,43.5644,44.1622,2413955
2015-03-30,44.4515,44.7656,44.2688,44.7333,2421190
2015-03-31,44.4363,44.6036,44.1622,44.4077,3286070
2015-04-01,44.2916,44.8113,43.8747,43.9604,3358675
2015-04-02,43.9908,44.1469,43.3036,43.5701,2628095
2015-04-06,43.3721,44.1032,43.2558,43.6577,2119490
2015-04-07,43.7434,44.1184,43.5092,43.7491,2671370
2015-04-08,43.7776,44.166,43.7662,43.8804,2367430
2015-04-09,43.7852,44.0042,43.4102,43.9547,1795450
2015-04-10,44.0023,44.2783,43.8233,44.1488,1600985
2015-04-13,44.0289,44.3145,43.9094,43.9356,1972600
2015-04-14,43.9052,44.263,43.336,43.572,2344995
2015-04-15,43.6253,44.0708,43.3093,43.7453,3681730
2015-04-16,43.7262,44.0422,43.3778,43.7624,1625860
2015-04-17,43.4559,43.8538,42.3917,42.5802,3454040
2015-04-20,42.7039,43.0333,42.5059,42.9609,2669075
2015-04-21,42.9609,43.0428,42.4907,42.6659,2182775
2015-04-22,42.6773,43.3226,42.4393,42.9495,3216820
2015-04-23,42.8524,43.1285,42.7401,42.8696,1976030
2015-04-24,42.782,42.999,42.1252,42.5269,3232135
2015-04-27,42.5212,42.8258,42.2708,42.4051,3160910
2015-04-28,42.4051,42.7268,42.1014,42.6982,2640185
2015-04-29,42.4679,43.1189,42.426,42.7877,2303115
2015-04-30,42.5954,43.2198,42.2908,42.7439,2640365
2015-05-01,42.6906,43.4159,42.6506,42.9895,2440625
2015-05-04,43.1646,43.4369,42.9381,43.1361,4437365
2015-05-05,43.7852,44.1983,43.1875,44.1983,9548600
2015-05-06,44.1146,44.1926,43.0028,43.2636,5050095
2015-05-07,43.414,44.5448,43.1989,44.3735,5091655
2015-05-08,44.8818,45.6813,44.5568,45.3539,8814445
2015-05-11,45.1235,46.0659,45.0607,45.6889,8104855
2015-05-12,45.4986,45.8698,45.055,45.6775,3391980
2015-05-13,45.6813,45.9935,45.4586,45.7042,2809515
2015-05-14,45.9079,46.0659,45.6528,45.786,3891210
2015-05-15,45.9593,45.9873,45.2016,45.4548,2378705
2015-05-18,45.3329,45.8317,45.2168,45.2473,2651395
2015-05-19,45.371,45.6889,45.2035,45.2796,2640775
2015-05-20,45.4453,45.5899,44.8608,44.8818,3382585
2015-05-21,44.7656,45.1007,44.581,44.8037,2679145
2015-05-22,44.8513,45.3634,44.7428,45.0931,1579415
2015-05-26,45.0112,45.0112,44.3906,44.4858,2596375
2015-05-27,44.5639,44.8798,44.2269,44.6762,2343630
2015-05-28,44.8018,45.0798,44.4668,45.0112,1856340
2015-05-29,44.9922,45.3882,44.5734,45.0759,4178640
2015-06-01,45.2111,45.2454,44.798,44.8399,2785560
2015-06-02,44.6362,45.0607,44.4848,44.9084,1656135
2015-06-03,44.9579,45.313,44.5886,44.5924,3500170
2015-06-04,44.383,44.9332,44.1211,44.7904,3192360
2015-06-05,45.1178,45.3082,44.6172,45.0322,2354195
2015-06-08,45.1673,45.2568,44.7085,44.8456,3368775
2015-06-09,44.7466,45.529,44.578,45.095,3212415
2015-06-10,45.1749,45.8212,44.7314,45.7784,3573265
2015-06-11,45.8393,46.2524,45.6394,46.0697,2470540
2015-06-12,45.9303,46.1251,45.3879,45.5541,3032680
2015-06-15,45.1912,45.5713,44.9774,45.3173,2280930
2015-06-16,45.197,45.4653,44.6451,44.7616,3059320
2015-06-17,44.9201,45.1168,44.5781,44.7444,3000105
2015-06-18,44.8762,45.0652,44.4618,44.6375,3451955
2015-06-19,44.4942,44.6718,43.507,43.803,5300830
2015-06-22,44.139,44.2916,43.8812,44.0913,2157000
2015-06-23,44.309,44.3854,43.8698,43.8946,2351750
2015-06-24,43.8259,44.0149,43.4955,43.5509,2741280
2015-06-25,43.5394,43.824,43.4573,43.4879,2470650
2015-06-26,43.5394,43.7781,43.0639,43.1881,3776585
2015-06-29,42.8157,43.083,42.4147,42.449,2342340
2015-06-30,42.6935,42.9627,42.3765,42.7011,3648915
2015-07-01,43.0028,43.2453,42.8749,43.1078,5389095
2015-07-02,43.2893,43.442,43.0544,43.3561,2633970
2015-07-06,43.0143,43.2549,42.6018,42.8462,3247430
2015-07-07,42.9704,43.5203,42.633,43.3924,3555050
2015-07-08,43.1117,43.3217,42.3154,42.3669,4029530
2015-07-09,42.6362,43.3838,42.5121,42.8577,4958970
2015-07-10,43.717,44.23,43.2052,43.8201,3109170
2015-07-13,44.2403,44.288,43.5356,43.7304,3071585
2015-07-14,43.6349,43.8001,43.3446,43.5375,2144505
2015-07-15,43.5108,43.866,42.9322,43.7151,2535845
2015-07-16,44.0741,44.3854,43.8373,44.3644,2087965
2015-07-17,44.1142,44.4369,44.0245,44.2498,2015800
2015-07-20,44.2002,44.4121,43.9213,44.2097,1718325
2015-07-21,44.1448,44.5744,44.1104,44.246,2274015
2015-07-22,44.2441,44.563,43.9691,44.5496,2147395
2015-07-23,44.4408,44.6795,43.7781,43.8908,2089855
2015-07-24,43.8526,44.2441,43.5356,43.7323,2613550
2015-07-27,43.5566,43.6521,43.0907,43.253,1865700
2015-07-28,43.4955,43.4955,42.9608,43.2243,1914420
2015-07-29,43.2587,43.5824,42.9541,43.484,1544665
2015-07-30,43.4401,43.9042,43.4401,43.7399,1339635
2015-07-31,43.7017,43.7056,43.3313,43.5471,2169640
2015-08-03,43.7056,43.9061,43.4678,43.8984,2136160
2015-08-04,43.9309,44.1314,43.8631,44.0455,2759410
2015-08-05,43.95,45.4872,43.8163,45.3612,3226470
2015-08-06,45.5751,45.6992,44.8074,45.2581,3670955
2015-08-07,45.2581,45.5617,44.9602,45.3058,2832230
2015-08-10,45.5636,46.2014,45.5121,45.9093,2002185
2015-08-11,45.5999,45.789,45.0748,45.239,2660135
2015-08-12,44.9907,45.1779,44.3042,45.1015,2976845
2015-08-13,45.197,45.6553,44.8953,45.3937,3396425
2015-08-14,45.3192,45.9837,45.2562,45.9551,4328765
2015-08-17,45.6954,46.1384,45.5589,46.0219,2402170
2015-08-18,46.0181,46.6655,45.9016,46.6044,3054420
2015-08-19,46.5853,46.9596,46.2645,46.591,4568340
2015-08-20,46.2931,47.0512,45.7202,46.6502,5872970
2015-08-21,46.3924,46.5032,45.1492,45.2027,5604000
2015-08-24,43.3504,44.4751,42.0656,42.9532,7742575
2015-08-25,43.9042,44.139,42.4761,42.493,6486495
2015-08-26,43.3523,44.1534,42.788,43.7953,4640820
2015-08-27,44.1028,44.4427,43.4172,44.2975,4348380
2015-08-28,44.0474,44.7119,43.9213,44.3816,2725975
2015-08-31,44.4179,44.4179,43.6005,43.6177,3282325
2015-09-01,42.8825,43.3943,42.6781,42.8749,4156440
2015-09-02,43.3026,43.4096,42.7106,43.2549,2596945
2015-09-03,43.3504,44.1639,43.0888,43.7132,5488475
2015-09-04,43.5394,43.9309,42.9494,43.3084,2938075
2015-09-08,43.6807,44.8265,43.5051,44.7826,2913275
2015-09-09,45.0805,45.1091,44.0607,44.1486,2751805
2015-09-10,44.2078,45.2581,44.1104,44.9029,3117325
2015-09-11,44.8552,45.1397,44.4312,45.111,3659125
2015-09-14,45.1704,45.6245,44.6082,44.7413,3252030
2015-09-15,44.9386,44.9386,44.3754,44.7317,4278390
2015-09-16,44.6877,44.8658,44.0038,44.7202,4412120
2015-09-17,44.8275,45.1417,43.9674,44.0996,5357710
2015-09-18,43.726,44.0765,43.3946,43.7279,5143575
2015-09-21,44.0114,44.634,43.8773,44.3773,4653220
2015-09-22,43.7892,44.0612,43.1302,43.3831,2921905
2015-09-23,43.3084,44.0057,43.203,43.9214,2454555
2015-09-24,43.6187,43.6187,43.0689,43.4271,3574500
2015-09-25,43.8026,45.3045,43.7011,45.0191,5291340
2015-09-28,44.6666,44.9712,43.6302,43.6743,4465515
2015-09-29,43.7164,43.8946,42.8141,43.6379,3482510
2015-09-30,43.9003,45.0804,43.7739,45.0172,3125425
2015-10-01,44.8294,45.2001,44.0766,44.7394,4503610
2015-10-02,44.3026,44.3543,43.0344,44.3448,4387370
2015-10-05,44.6072,45.4635,44.4482,45.3946,3182300
2015-10-06,45.4233,45.5057,44.9099,45.2643,2705905
2015-10-07,45.5919,45.6628,44.5153,44.7873,2977750
2015-10-08,44.6034,44.9147,44.1647,44.8582,2188675
2015-10-09,44.8601,44.9425,43.5612,43.8505,3477965
2015-10-12,44.0248,44.8026,43.8505,44.7126,1968450
2015-10-13,44.4252,44.7835,44.2547,44.2835,2263180
2015-10-14,44.295,44.7509,43.8524,43.9367,2620535
2015-10-15,44.1245,45.3658,44.0996,45.2528,2148605
2015-10-16,45.5861,45.8907,45.1685,45.5727,2939265
2015-10-19,45.2202,46.1992,45.2202,46.0287,3853935
2015-10-20,45.9042,46.3907,45.5616,46.2911,2593455
2015-10-21,46.3678,46.521,45.3448,45.3792,2126985
2015-10-22,45.5114,47.3333,45.4061,47.0766,3155690
2015-10-23,47.3237,47.7777,47.0689,47.6628,2899640
2015-10-26,47.293,48.8333,46.7011,47.3927,5828365
2015-10-27,47.2011,49.2988,46.9348,48.9865,7794510
2015-10-28,49.0287,49.4329,48.2087,49.362,4187510
2015-10-29,49.4022,50.3218,49.2432,50.1609,4858530
2015-10-30,50.1034,50.2269,48.27,48.3524,5179940
2015-11-02,48.1838,50.134,48.0363,50.067,4729075
2015-11-03,49.8103,50.2643,49.498,49.9041,3936870
2015-11-04,49.7413,50.1871,49.3735,49.8563,3711265
2015-11-05,49.9176,50.2605,49.6705,50.0957,3241940
2015-11-06,50.6589,50.939,49.9522,50.2528,2941970
2015-11-09,50.2662,50.3199,49.7126,50.0574,2354590
2015-11-10,49.8946,50.6455,49.6321,50.5153,2677865
2015-11-11,50.7835,51.0995,50.4386,50.5708,3494165
2015-11-12,50.2566,50.5555,49.77,49.8237,3936510
2015-11-13,49.6819,49.9712,49.1283,49.5153,3118565
2015-11-16,49.5919,50.2356,49.1532,50.2107,2887505
2015-11-17,50.4904,50.498,49.8333,50.1762,2487275
2015-11-18,50.4003,50.5268,49.6247,50.498,2801855
2015-11-19,50.4061,50.5268,50.1168,50.3697,1744610
2015-11-20,50.5881,50.7643,50.2662,50.4827,2223710
2015-11-23,50.4616,50.7662,50.293,50.4405,1238650
2015-11-24,50.044,50.2145,49.3946,49.6455,2081040
2015-11-25,49.6781,50.0268,49.5153,49.7145,1251750
2015-11-27,49.7298,49.9904,49.5114,49.8524,568820
2015-11-30,49.8543,50.1551,49.4904,49.7777,2424695
2015-12-01,50.0996,50.1992,49.1091,49.9904,4277680
2015-12-02,50.0708,50.4118,49.5057,49.6264,2996240
2015-12-03,49.7222,49.998,48.4884,48.6283,4525515
2015-12-04,48.9616,50.9578,48.9003,50.6015,4692265
2015-12-07,50.5459,50.9463,50.2873,50.5114,3015985
2015-12-08,50.3735,50.862,49.7087,50.0344,2074630
2015-12-09,49.5421,49.8108,47.9405,48.3294,2601765
2015-12-10,48.3237,48.9373,48.1877,48.3639,2323960
2015-12-11,47.6781,47.885,46.5114,46.7337,3292130
2015-12-14,46.9027,47.3582,46.1898,47.191,3849235
2015-12-15,48.0403,48.6533,47.3337,48.0403,5167580
2015-12-16,48.2805,48.4275,47.2371,47.6022,5094585
2015-12-17,47.0622,47.9231,46.9066,47.7271,17148125
2015-12-18,47.4965,47.6752,46.9123,46.9988,6975400
2015-12-21,47.46,47.606,47.0891,47.5484,3957025
2015-12-22,47.877,48.2114,47.6599,48.0576,3568060
2015-12-23,48.0019,48.4765,47.7694,48.2325,3710550
2015-12-24,48.1364,48.5496,48.0499,48.4093,1473980
2015-12-28,48.3728,49.1491,48.2844,48.8878,4594135
2015-12-29,49.3797,49.8428,49.1164,49.5277,5030395
2015-12-30,49.5257,49.9965,49.3009,49.372,2910345
2015-12-31,49.0953,49.7698,48.5688,49.2433,13121310
2016-01-04,48.4727,48.6495,47.7252,48.3074,8122155
2016-01-05,49.6353,49.7794,48.8205,49.4969,6751475
2016-01-06,49.0011,49.3374,48.5957,49.0549,5233920
2016-01-07,48.123,49.7121,48.0922,48.8416,6183720
2016-01-08,49.126,49.3816,47.9788,48.0922,4808660
2016-01-11,48.4112,48.8268,48.0,48.5476,4436715
2016-01-12,49.0011,49.1702,48.1479,48.784,3620205
2016-01-13,48.8858,48.9377,46.9162,47.3908,4299575
2016-01-14,47.706,48.3209,47.1276,48.0538,3651820
2016-01-15,46.7317,48.3336,46.7094,47.166,7015645
2016-01-19,47.9058,48.2882,47.508,47.8539,5442495
2016-01-20,47.1237,47.508,46.3589,46.6625,6240110
2016-01-21,46.9931,47.2947,46.1831,46.5184,4790075
2016-01-22,47.1007,48.3689,46.8028,48.2863,5004430
2016-01-25,48.5342,48.7321,47.3505,47.804,4532145
2016-01-26,48.1345,48.3689,47.8655,48.3555,4885305
2016-01-27,48.2536,49.2298,48.0461,48.5745,5453970
2016-01-28,48.98,49.2452,48.3036,48.9127,5300770
2016-01-29,49.3201,50.7364,48.9454,50.6922,9449980
2016-02-01,50.5942,51.6703,50.2752,51.2955,7805675
2016-02-02,51.0669,51.0669,50.4058,50.8248,6055815
2016-02-03,51.0304,51.236,49.4739,50.5538,6074555
2016-02-04,50.7152,50.8574,46.4665,47.289,14851850
2016-02-05,47.0084,47.3389,44.9619,45.3866,8854035
2016-02-08,44.8889,46.1149,43.9934,45.9227,9608240
2016-02-09,45.8055,46.9181,45.5288,46.6568,5990940
2016-02-10,46.8489,47.0891,45.3866,45.4385,4817250
2016-02-11,44.322,45.3885,43.9069,44.8101,6435285
2016-02-12,45.4596,45.4596,44.397,45.4039,4147385
2016-02-16,45.8458,46.2148,45.1752,45.7133,4868800
2016-02-17,45.8382,47.5984,45.8382,47.3466,4938490
2016-02-18,47.2717,47.4638,46.6106,46.8778,2698745
2016-02-19,46.7663,47.9865,46.4146,47.6695,3817840
2016-02-22,48.244,48.7532,47.1545,47.4081,3656420
2016-02-23,47.5253,47.7521,46.0707,46.4339,4670810
2016-02-24,46.1187,47.0661,45.7588,46.9508,3189665
2016-02-25,46.9546,47.4062,46.4204,47.0853,3210390
2016-02-26,47.1314,47.2602,46.0342,46.1072,6366045
2016-02-29,45.9131,46.2724,45.254,45.8228,3543030
2016-03-01,44.739,44.8677,43.7551,44.5968,13459250
2016-03-02,44.9754,44.9754,44.0645,44.5737,8085495
2016-03-03,44.2797,45.5864,44.2797,45.5307,4444605
2016-03-04,45.5807,46.1898,45.1312,45.9266,4383515
2016-03-07,45.4039,45.6864,44.6525,45.0196,3658230
2016-03-08,44.5007,45.3501,44.4969,44.7794,3982270
2016-03-09,44.8697,44.935,43.6619,44.1913,6541055
2016-03-10,44.4642,44.8139,44.1106,44.6026,3913660
2016-03-11,44.8197,45.676,44.8197,45.3482,3840015
2016-03-14,45.2247,45.8149,45.2247,45.5854,2100150
2016-03-15,45.1823,45.8882,45.1823,45.6201,2230600
2016-03-16,45.6529,45.7454,44.866,44.9644,2697010
2016-03-17,45.1109,45.7165,44.9567,45.5352,3255065
2016-03-18,45.7184,45.8901,45.0473,45.8033,5292365
2016-03-21,45.7204,46.1447,45.5854,45.7262,2575630
2016-03-22,45.3212,45.8804,45.2247,45.3578,2263340
2016-03-23,45.3848,45.9074,45.2729,45.6201,2375395
2016-03-24,45.3944,45.5989,44.9123,45.1958,2598380
2016-03-28,45.2054,45.6914,45.1254,45.3212,2391660
2016-03-29,45.2903,45.4176,44.7368,45.2594,2777220
2016-03-30,45.4793,45.6789,44.8467,44.9759,3560585
2016-03-31,44.7387,45.4986,44.5902,45.3482,5882895
2016-04-01,45.2942,45.8689,45.0454,45.4562,3053235
2016-04-04,45.3694,45.675,44.9046,45.6104,4322895
2016-04-05,45.3944,46.0588,45.082,45.7474,4575125
2016-04-06,45.6914,45.9074,45.056,45.8747,4569275
2016-04-07,45.6374,46.0984,44.9509,45.2267,3974020
2016-04-08,45.3559,45.5082,44.9065,45.0357,3190790
2016-04-11,45.1746,45.3289,44.6828,44.8352,2500440
2016-04-12,44.9991,45.1437,44.2373,44.9354,2993905
2016-04-13,45.3655,45.8515,44.7638,45.8052,3324525
2016-04-14,45.6895,46.0907,45.4889,45.6644,3414365
2016-04-15,45.7262,46.1678,45.6143,45.9962,2508350
2016-04-18,45.8882,46.3992,45.8419,46.1755,2904570
2016-04-19,46.0559,46.7136,45.9711,46.6904,3483615
2016-04-20,46.8061,46.9342,46.3664,46.7869,2620020
2016-04-21,46.5979,46.7522,46.2469,46.3163,2532455
2016-04-22,46.351,46.7772,46.2662,46.5072,2897900
2016-04-25,46.4108,46.5747,46.2141,46.3645,2897060
2016-04-26,46.5246,47.1552,46.2854,47.1301,2367775
2016-04-27,47.0221,47.1784,46.5265,46.9585,1999990
2016-04-28,46.5632,46.972,46.3184,46.4513,1737835
2016-04-29,46.1852,46.4359,45.9306,46.2912,3020515
2016-05-02,46.3877,47.2015,46.1717,47.188,4452330
2016-05-03,46.7232,47.0164,45.919,46.4744,3408040
2016-05-04,49.1802,50.6633,49.1802,49.8513,14339095
2016-05-05,49.9497,50.1599,48.9526,48.9893,7107010
2016-05-06,48.9796,49.8668,48.7579,49.7877,3986600
2016-05-09,49.8957,50.6054,49.8378,50.239,5617130
2016-05-10,50.2448,50.644,50.0105,50.3393,5001320
2016-05-11,50.3026,50.455,49.6749,49.8629,2994175
2016-05-12,50.1599,50.7771,49.8282,50.5553,2766805
2016-05-13,50.3566,50.7809,50.1233,50.1406,3527970
2016-05-16,50.2698,50.7404,50.0095,50.4531,3592380
2016-05-17,50.3354,50.6228,49.4328,49.6758,3748580
2016-05-18,49.564,50.4627,49.4078,50.4241,3055180
2016-05-19,50.4318,50.7173,50.0538,50.2641,4613685
2016-05-20,50.5746,51.2264,50.4801,50.7192,5795945
2016-05-23,50.5842,51.0432,50.4318,50.9101,3199455
2016-05-24,51.0123,52.3546,50.9116,52.2042,6396455
2016-05-25,52.2254,52.4028,51.9535,52.0711,3890730
2016-05-26,51.9708,52.1193,51.5099,51.6854,3203360
2016-05-27,51.9593,52.208,51.6815,52.1116,2844800
2016-05-31,52.3025,52.4462,51.9562,52.2871,3266320
2016-06-01,51.83,52.0152,51.3074,51.8937,3999590
2016-06-02,51.6545,51.8705,51.2119,51.5388,3801465
2016-06-03,51.1126,51.2766,50.725,51.2052,4876045
2016-06-06,51.1686,51.2573,50.4801,51.0104,4610010
2016-06-07,51.0123,51.5041,50.968,51.1628,3856050
2016-06-08,51.0297,51.1358,50.7501,51.0721,2272570
2016-06-09,50.7983,50.9024,50.4068,50.6286,3510635
2016-06-10,50.3528,50.6362,50.1676,50.3913,2980315
2016-06-13,50.1426,50.6768,49.8359,50.2511,3665735
2016-06-14,50.1002,50.4833,49.7335,49.9241,3986665
2016-06-15,49.9589,50.3517,49.5275,49.6358,3974725
2016-06-16,49.2682,49.779,49.0341,49.6416,2927065
2016-06-17,49.6784,49.688,49.0108,49.0805,3280725
2016-06-20,49.4675,49.9464,48.7593,48.798,4078385
2016-06-21,48.8502,49.0437,48.5078,48.5581,3463780
2016-06-22,48.6548,48.8232,48.2911,48.7593,3392450
2016-06-23,49.1714,49.5739,49.065,49.5429,3844685
2016-06-24,47.9505,48.7999,47.55,47.6758,12361620
2016-06-27,47.4591,47.4591,46.5825,46.865,4479215
2016-06-28,47.2346,48.0492,46.8612,48.0492,5460390
2016-06-29,48.3994,49.065,48.2427,48.9064,4377025
2016-06-30,48.9547,49.6774,48.6838,49.5255,4279825
2016-07-01,49.3243,49.8699,48.8425,48.9025,2740430
2016-07-05,48.5774,49.3939,48.5445,49.3146,2731475
2016-07-06,48.9876,49.3765,48.8038,49.3165,3859160
2016-07-07,49.3088,49.5294,48.6297,49.1385,3344590
2016-07-08,49.1947,50.0267,49.1947,49.7055,2346395
2016-07-11,49.7171,50.0054,49.4588,49.9086,1897390
2016-07-12,50.2201,50.5336,49.9802,50.4001,3095475
2016-07-13,50.7039,50.7039,50.0325,50.2259,1821450
2016-07-14,50.6942,50.7987,50.4098,50.7987,1977915
2016-07-15,50.9825,50.9825,50.7861,50.8974,2297370
2016-07-18,50.9225,51.1682,50.729,50.8703,2019875
2016-07-19,50.5936,51.3076,50.5529,51.1141,1545140
2016-07-20,51.2747,51.2747,50.7658,50.8296,3431955
2016-07-21,50.671,50.8045,50.4485,50.7793,1479755
2016-07-22,51.0096,51.0154,50.8075,50.9206,1402055
2016-07-25,50.8819,50.996,50.6052,50.967,1520320
2016-07-26,50.8354,51.0134,50.5162,50.7135,1285935
2016-07-27,50.7174,51.2108,50.7174,51.0889,1866540
2016-07-28,50.9922,51.4798,50.907,51.325,2935805
2016-07-29,51.2456,51.4952,51.0889,51.1199,1873575
2016-08-01,51.2166,51.3095,50.9593,51.2031,2237030
2016-08-02,51.1334,51.1334,50.7426,51.0676,3098725
2016-08-03,52.4472,54.8066,52.244,53.7939,10269435
2016-08-04,53.8906,54.1789,53.5482,53.8558,3667720
2016-08-05,54.1905,54.2234,53.4572,53.8036,3286680
2016-08-08,53.6701,53.6701,53.1186,53.5578,2953070
2016-08-09,53.6526,53.7068,53.4011,53.5907,1960025
2016-08-10,53.5501,53.6507,53.3334,53.5636,1937200
2016-08-11,53.8055,53.939,53.4282,53.9061,1798230
2016-08-12,53.5578,53.9758,53.4572,53.9139,1717190
2016-08-15,54.1131,54.2389,53.9177,54.1809,2393630
2016-08-16,53.9835,54.2892,53.8113,53.8113,1932345
2016-08-17,53.908,54.5272,53.8597,54.4711,2057650
2016-08-18,54.444,54.5485,54.3221,54.4401,1989090
2016-08-19,54.3821,54.5427,54.0164,54.2409,1828335
2016-08-22,54.2409,54.3279,54.0009,54.0783,1675960
2016-08-23,54.4285,54.4285,53.9119,53.9603,1542150
2016-08-24,53.8423,53.939,53.5095,53.6236,2213810
2016-08-25,53.5269,53.6952,53.4127,53.6314,1891100
2016-08-26,53.7513,54.0493,53.4117,53.7281,1678040
2016-08-29,53.732,54.2544,53.6546,53.8984,2274290
2016-08-30,53.9584,54.206,53.554,54.1693,2975195
2016-08-31,54.0358,54.593,53.9332,54.5678,3155815
2016-09-01,54.6743,55.4289,54.4982,55.0187,3703655
2016-09-02,55.187,55.2547,54.8581,55.216,1920840
2016-09-06,55.2818,55.5353,54.9123,55.1174,3947770
2016-09-07,54.7807,54.9432,54.4963,54.8832,2363815
2016-09-08,54.7671,54.8542,54.487,54.6665,2682860
2016-09-09,54.5079,54.8233,54.2467,54.6124,4113700
2016-09-12,53.9448,55.2857,53.9448,55.1425,4145260
2016-09-13,54.7768,54.9819,54.3008,54.4963,4094925
2016-09-14,54.4943,54.7796,54.2653,54.3022,4206200
2016-09-15,54.3158,54.8456,54.3041,54.6748,2574015
2016-09-16,54.4769,54.7408,54.1857,54.6321,3187130
2016-09-19,54.7738,55.0086,54.5584,54.7777,1802960
2016-09-20,54.8728,55.0843,54.3818,54.3818,1459140
2016-09-21,54.506,54.8301,54.341,54.7796,1707070
2016-09-22,54.9717,55.0397,54.2556,54.4807,1952065
2016-09-23,54.405,54.4109,53.586,53.586,2997735
2016-09-26,53.5162,53.6462,53.0407,53.1843,2608240
2016-09-27,53.0582,53.3473,52.8621,53.0853,2403105
2016-09-28,53.1436,53.2522,52.2896,52.5866,3870825
2016-09-29,52.4061,52.8854,51.8336,52.0897,2953725
2016-09-30,52.3711,52.606,52.2062,52.276,3410605
2016-10-03,52.0781,52.3246,51.853,51.9481,4497090
2016-10-04,52.0102,52.4488,51.8918,51.9655,2449245
2016-10-05,52.0043,52.1363,51.7462,52.0723,3207710
2016-10-06,51.9228,52.0858,51.7734,51.9578,1793760
2016-10-07,52.0315,52.0645,51.5813,51.8782,1694810
2016-10-10,52.179,52.3614,51.8064,52.0897,2680090
2016-10-11,52.1091,52.2324,51.4143,51.4978,3266390
2016-10-12,51.5851,51.9655,51.3425,51.8821,2351210
2016-10-13,51.5987,51.8103,51.3658,51.7326,3073060
2016-10-14,52.1053,52.8874,51.9869,52.6506,3297085
2016-10-17,52.6351,52.7748,51.5735,51.6026,2352105
2016-10-18,52.08,52.3517,51.6434,51.9442,1899055
2016-10-19,52.1421,52.2392,51.6298,51.8297,1898985
2016-10-20,51.8006,52.0082,51.4318,51.4357,2025705
2016-10-21,51.1737,51.8151,51.0611,51.688,2494635
2016-10-24,51.8433,51.8433,51.5696,51.7288,1552570
2016-10-25,51.624,52.1751,51.624,51.8064,1972120
2016-10-26,51.6104,51.9869,51.6045,51.6861,2019285
2016-10-27,51.7734,51.8976,51.4473,51.6453,2777780
2016-10-28,51.6453,52.1363,51.4997,51.9791,2674575
2016-10-31,52.0645,52.7981,51.7142,52.4759,4055015
2016-11-01,52.0121,52.3279,50.7176,51.0514,6879725
2016-11-02,50.966,51.721,50.966,51.4726,3936775
2016-11-03,51.7035,52.3168,51.6608,52.2974,3707295
2016-11-04,52.2942,52.4009,51.6734,51.7704,2230413
2016-11-07,52.527,52.8665,52.4106,52.7986,3395791
2016-11-08,52.8471,53.1963,52.5658,52.9829,2192259
2016-11-09,53.5358,55.8445,52.8665,55.6214,4936999
2016-11-10,56.2519,56.9406,55.408,55.5826,3780301
2016-11-11,55.4856,55.5826,54.2294,54.5641,3415741
2016-11-14,54.7096,54.7969,53.4049,53.9239,3968830
2016-11-15,53.7687,54.05,53.2642,53.8366,2855696
2016-11-16,56.0676,56.863,55.9124,56.8048,3809107
2016-11-17,52.8762,53.5019,52.7113,53.2545,3179477
2016-11-18,53.0702,53.3806,53.0605,53.1769,3369269
2016-11-21,53.2933,53.5261,52.8859,53.5261,3315666
2016-11-22,53.6619,53.6668,52.6046,52.7792,3086697
2016-11-23,52.7113,52.9926,52.2942,52.7016,2560124
2016-11-25,52.8471,53.0508,52.5755,53.0508,735481
2016-11-28,53.0217,53.1478,52.4106,52.4591,2151256
2016-11-29,52.721,53.2885,52.333,53.1963,3023153
2016-11-30,53.6619,54.1858,53.6037,53.7395,5473641
2016-12-01,53.8366,54.7096,53.7201,54.6611,4136041
2016-12-02,54.6999,55.0394,54.3216,54.9521,3148203
2016-12-05,55.1946,56.1258,55.1493,56.0579,4219627
2016-12-06,56.0676,56.863,55.9124,56.8048,3809107
2016-12-07,57.057,57.6391,56.8824,57.3093,4086555
2016-12-08,57.6391,57.7846,57.0958,57.6779,3234279
2016-12-09,57.6197,58.0659,57.2802,57.8719,2170533
2016-12-12,57.8234,58.0319,57.2413,57.804,3461209
2016-12-13,57.9985,58.1931,57.5997,57.7942,1970952
2016-12-14,57.7067,57.8818,56.7144,56.7825,4929257
2016-12-15,57.0452,57.8526,56.6658,56.7436,3688645
2016-12-16,57.0452,57.7845,56.2621,56.3448,4929146
2016-12-19,56.2183,56.4129,55.8,56.0918,2667354
2016-12-20,56.4323,56.4907,55.8584,56.4907,2291374
2016-12-21,56.4907,56.4907,55.7319,55.7708,1759955
2016-12-22,55.7222,55.7222,55.2844,55.7222,1682319
2016-12-23,55.6541,55.8876,55.0899,55.2747,1830897
2016-12-27,55.5665,55.8535,55.3428,55.7222,1092987
2016-12-28,55.7514,55.906,55.0801,55.1093,1375456
2016-12-29,55.2747,55.3039,54.8272,54.9537,1156580
2016-12-30,55.1579,55.3525,54.7105,54.8856,1844386
2017-01-03,55.3525,55.4109,54.2776,54.691,2595463
2017-01-04,54.9245,55.8973,54.7883,55.6541,3074938
2017-01-05,55.4692,56.1502,55.1579,55.4206,1636823
2017-01-06,55.4887,55.9751,55.3525,55.7805,1490113
2017-01-09,55.7222,56.121,55.3428,55.4692,1472093
2017-01-10,55.5568,55.6054,55.1385,55.226,1647109
2017-01-11,55.3622,55.4109,54.5159,55.2941,3852066
2017-01-12,54.9926,55.4303,54.2824,55.1774,4289626
2017-01-13,55.5082,55.8778,55.1288,55.2844,1963286
2017-01-17,55.1871,55.2358,54.6424,54.9245,1998509
2017-01-18,55.2066,55.8584,54.6813,55.7514,2072860
2017-01-19,55.8,55.8778,55.4012,55.4109,1887362
2017-01-20,55.5665,55.9362,55.3817,55.8389,2001840
2017-01-23,55.6346,55.8778,55.1482,55.2941,1545761
2017-01-24,55.4401,56.1113,55.3671,55.8973,1701609
2017-01-25,56.2669,56.6074,56.1794,56.3837,2531883
2017-01-26,56.5685,57.2689,55.443,56.588,1927582
2017-01-27,56.5782,56.6074,56.0481,56.3059,1309195
2017-01-30,56.3059,56.3934,55.693,56.3642,1309474
2017-01-31,56.4129,56.802,56.2475,56.7728,2458370
2017-02-01,56.8312,57.3565,56.5588,56.7631,2952113
2017-02-02,56.4421,57.2008,56.2572,56.802,3733279
2017-02-03,57.2787,57.3954,56.8604,56.9479,3092586
2017-02-06,56.6658,56.9771,56.5393,56.9187,2879846
2017-02-07,57.6678,58.8935,57.6678,58.3001,7162773
2017-02-08,57.8818,57.8818,55.4352,55.4887,5603496
2017-02-09,55.5276,56.0918,55.2552,56.014,3657180
2017-02-10,56.0627,56.2913,55.5811,56.0821,2975157
2017-02-13,56.5393,57.5024,56.2475,57.4246,2558596
2017-02-14,57.4246,57.5316,56.8604,57.0549,2914943
2017-02-15,57.1327,57.5121,56.7436,57.4051,3397366
2017-02-16,57.337,57.337,56.6609,57.0549,1809433
2017-02-17,56.9382,57.2008,56.7144,56.8117,2962911
2017-02-21,56.8312,56.9771,56.2378,56.3837,3150487
2017-02-22,56.0237,56.4129,55.8973,56.1599,2784472
2017-02-23,56.2864,56.7268,56.2259,56.5296,2973783
2017-02-24,56.1989,57.0257,56.1016,56.7144,2026310
2017-02-27,56.6658,56.8117,55.5957,56.1308,3092191
2017-02-28,55.9167,56.0724,55.4206,55.5763,3392352
2017-03-01,56.2572,57.4927,56.0432,57.3273,3869230
2017-03-02,57.2884,57.373,56.7863,56.9285,2981630
2017-03-03,56.9285,57.2495,56.4907,57.1425,2992025
2017-03-06,56.8312,57.6094,56.5199,57.4149,3646305
2017-03-07,57.3468,57.444,56.9576,57.0355,2656096
2017-03-08,57.2592,57.8623,57.0549,57.7748,3465894
2017-03-09,57.911,58.806,57.8429,58.4266,5102383
2017-03-10,58.6892,59.2048,58.1445,58.6211,3584536
2017-03-13,58.8449,59.0492,58.5628,58.7573,4264014
2017-03-14,58.7573,59.2258,58.5767,58.7671,3413762
2017-03-15,59.0306,59.0843,58.7963,58.9525,2791394
2017-03-16,59.1184,60.1042,59.0501,60.075,3933178
2017-03-17,59.9969,60.4947,59.8212,59.9286,4871186
2017-03-20,59.7919,59.9969,59.5089,59.5381,2321124
2017-03-21,59.8017,59.8895,58.5035,58.5914,3332353
2017-03-22,58.5914,58.7671,58.1034,58.3669,2120709
2017-03-23,58.4255,58.9574,58.2791,58.4352,2433474
2017-03-24,58.5523,58.8256,58.2693,58.4157,2536089
2017-03-27,57.7813,58.1326,57.4397,57.9765,1922738
2017-03-28,57.7813,58.6011,57.7618,58.3962,2076526
2017-03-29,58.2498,58.2595,57.6153,57.8789,1890686
2017-03-30,57.9277,58.689,57.8018,58.5914,2030398
2017-03-31,58.3083,58.8647,58.1717,58.4352,2099490
2017-04-03,58.6109,58.7378,57.3909,57.8984,2561247
2017-04-04,57.9765,58.1814,57.6934,57.9862,2445652
2017-04-05,58.3571,59.1975,58.1229,58.5328,3067275
2017-04-06,58.5231,59.0013,58.2595,58.7963,3361025
2017-04-07,58.5621,59.5869,58.4255,59.3234,3876495
2017-04-10,59.421,59.6455,58.9232,58.9525,2667200
2017-04-11,58.7671,59.0062,58.4645,58.8452,3242017
2017-04-12,58.5719,58.8842,58.3474,58.3962,2386463
2017-04-13,58.2693,58.5816,57.996,57.996,1644556
2017-04-17,58.1034,58.7183,57.6544,58.6597,1217043
2017-04-18,58.4938,58.933,58.3669,58.8256,1673530
2017-04-19,59.0404,59.177,58.445,58.5133,1993288
2017-04-20,58.7768,59.2453,58.4743,59.177,3083887
2017-04-21,59.1184,59.4113,58.7085,58.9623,1856852
2017-04-24,59.909,60.075,59.055,59.1282,2996070
2017-04-25,59.6455,59.9286,59.4991,59.5089,1854453
2017-04-26,59.6065,59.9969,59.5186,59.6357,1719192
2017-04-27,59.7236,59.7236,58.6969,58.7671,2651836
2017-04-28,58.7671,59.2063,58.5914,58.7573,2961129
2017-05-01,59.0501,59.2746,58.7768,58.9525,3246615
2017-05-02,59.1672,59.3039,58.7573,59.1672,3602655
2017-05-03,58.5328,59.5577,58.323,58.8842,3891859
2017-05-04,59.1184,59.5333,58.8159,59.4113,3288441
2017-05-05,59.5186,59.5381,58.8354,59.0111,2152778
2017-05-08,58.9525,59.1867,57.4885,57.6739,2502356
2017-05-09,57.8106,57.8106,57.3909,57.4982,3735485
2017-05-10,57.4885,57.6251,57.02,57.5861,2443271
2017-05-11,57.4885,57.7618,56.7955,57.6544,2929063
2017-05-12,57.4006,57.7715,57.3323,57.3811,1665541
2017-05-15,57.3518,58.0155,57.3518,57.8691,2145251
2017-05-16,57.9667,57.9667,57.547,57.5861,1875049
2017-05-17,56.7076,57.4299,56.6247,56.6784,2593445
2017-05-18,56.776,57.4104,56.5222,57.1859,2259015
2017-05-19,57.3323,58.201,57.059,57.8984,3018823
2017-05-22,58.1717,58.2742,57.8008,58.035,1880829
2017-05-23,57.957,58.6304,57.8203,58.4352,1635826
2017-05-24,58.6011,58.6792,58.201,58.5035,1452392
2017-05-25,58.7671,59.2453,58.5231,58.9916,1518529
2017-05-26,58.9232,59.2941,58.8354,58.9037,1346223
2017-05-30,58.6792,58.9916,58.6207,58.7183,1981261
2017-05-31,59.4015,59.4015,58.4743,58.7475,2710483
2017-06-01,59.1965,59.216,58.6695,58.894,2777923
2017-06-02,58.8549,59.138,58.7768,58.8744,2609657
2017-06-05,58.933,60.4849,58.8256,60.2214,3963879
2017-06-06,59.8993,60.3092,59.787,60.075,3409331
2017-06-07,60.075,62.1978,60.0652,62.0953,4773891
2017-06-08,62.1832,62.6322,61.9001,62.2613,3746112
2017-06-09,62.3003,63.0226,62.0368,62.437,4046918
2017-06-12,62.3686,62.9347,62.1344,62.8859,3243315
2017-06-13,62.9055,63.2373,62.7786,62.9152,2327089
2017-06-14,62.6607,63.395,62.6029,63.3167,2054930
2017-06-15,63.1404,63.3803,62.8173,63.2579,1680497
2017-06-16,63.2775,63.3852,63.0425,63.2188,2301383
2017-06-19,63.3852,63.6397,63.2188,63.4146,2575121
2017-06-20,63.1502,63.5223,63.1111,63.1698,1751130
2017-06-21,63.0817,63.1502,62.5921,62.9446,2323856
2017-06-22,62.788,63.1502,62.5579,62.8075,2360665
2017-06-23,63.1208,63.1404,62.7537,62.9348,2372721
2017-06-26,62.9838,63.1796,62.8663,63.0034,1602753
2017-06-27,63.4537,64.3349,63.0229,64.0118,3946390
2017-06-28,64.4426,64.8832,64.0314,64.7559,3730061
2017-06-29,65.2454,65.3335,64.2664,64.4622,2860397
2017-06-30,64.5307,64.8636,64.3349,64.5405,2373418
2017-07-03,64.6874,65.5,64.5699,65.2846,1906762
2017-07-05,65.265,65.4902,64.5895,64.7951,2689116
2017-07-06,64.7853,65.2944,64.4622,64.5895,2717479
2017-07-07,64.7461,65.0643,64.2957,64.5405,2591887
2017-07-10,64.5307,64.6482,64.1293,64.1293,3111477
2017-07-11,64.1978,64.7167,63.8747,64.051,3013826
2017-07-12,64.0705,64.4915,63.8258,64.4915,2661923
2017-07-13,65.2258,65.9259,64.7363,65.4804,3162772
2017-07-14,64.9713,64.9713,64.0999,64.1782,2851591
2017-07-17,64.237,65.03,64.0413,64.4426,2122108
2017-07-18,64.2272,64.4636,63.9677,64.3447,2012836
2017-07-19,64.5699,64.6286,64.0705,64.3447,2031668
2017-07-20,64.2859,64.5992,64.188,64.4622,1975780
2017-07-21,64.4426,65.3629,64.4426,65.1867,2283550
2017-07-24,65.0888,65.8818,64.9223,65.3531,3596353
2017-07-25,65.8525,66.0679,64.9811,64.9909,1757034
2017-07-26,64.9419,65.5392,64.8342,64.9517,1639051
2017-07-27,64.9028,65.1377,64.2957,64.7461,1658684
2017-07-28,64.8146,65.1573,64.4328,64.9811,1177465
2017-07-31,64.893,65.5098,64.7363,65.314,2083024
2017-08-01,64.1782,64.2664,63.1013,63.4635,2764042
2017-08-02,65.872,65.9014,65.3433,65.6175,1784677
2017-08-03,62.6607,64.5699,61.897,63.7866,4085124
2017-08-04,64.1782,64.2664,63.1013,63.4635,2764042
2017-08-07,63.7279,63.8062,63.0131,63.0229,2334739
2017-08-08,62.8663,63.346,62.6705,63.1992,2301976
2017-08-09,62.9348,64.3741,62.9348,64.3545,1723022
2017-08-10,63.9531,64.3838,63.6887,63.7964,2750660
2017-08-11,63.9922,64.0608,63.5125,63.6495,2067776
2017-08-14,64.4915,64.4915,63.8454,64.0216,1244529
2017-08-15,64.2859,64.8538,64.2272,64.4818,1542905
2017-08-16,64.5895,65.0398,64.5111,64.6776,1630596
2017-08-17,64.7069,64.9321,63.7866,63.7866,1678157
2017-08-18,63.6202,63.7181,63.2188,63.2383,1852295
2017-08-21,63.2383,63.4146,62.7292,63.1992,1616720
2017-08-22,63.3852,64.3349,63.1306,64.1293,1606677
2017-08-23,63.9824,64.237,63.63,63.6593,1282620
2017-08-24,64.2272,64.2957,63.1013,63.346,1515240
2017-08-25,63.6202,64.3447,63.4439,64.0412,1803318
2017-08-28,64.1587,64.3349,63.7572,63.9335,1274578
2017-08-29,63.6202,63.6397,63.0915,63.4635,1251993
2017-08-30,63.4341,63.8356,63.2873,63.4733,1473621
2017-08-31,63.63,63.6397,63.1894,63.3167,1748089
2017-09-01,63.4831,63.9922,63.2579,63.7377,1408107
2017-09-05,63.6887,63.7083,63.1013,63.5908,2819166
2017-09-06,63.9237,64.8,63.8649,64.3936,2947583
2017-09-07,64.3447,64.3447,62.5921,62.9544,2802189
2017-09-08,63.1306,64.3251,62.9446,63.9726,1927247
2017-09-11,64.2761,64.9321,64.2027,64.3349,1936381
2017-09-12,64.2859,65.0496,64.2076,64.9909,1313904
2017-09-13,64.8927,65.0891,64.7846,65.0302,1330518
2017-09-14,70.9155,71.2028,70.3806,70.4004,3617180
2017-09-15,65.0203,65.3059,64.3111,64.3997,3528876
2017-09-18,64.3702,64.843,64.1535,64.6657,2013204
2017-09-19,64.774,65.6014,64.7051,65.3256,1859693
2017-09-20,65.3256,65.8772,65.0991,65.6704,2137114
2017-09-21,65.4931,66.3008,65.434,65.828,1640212
2017-09-22,65.6113,66.1629,65.6113,66.0447,1868505
2017-09-25,65.9659,66.2318,64.9316,66.2121,1667745
2017-09-26,66.1235,66.6653,65.9265,65.9856,2560623
2017-09-27,66.2515,67.2366,66.2515,67.1085,2298453
2017-09-28,66.9805,67.5715,66.685,67.5124,2000588
2017-09-29,67.3843,67.8473,67.3843,67.67,1896981
2017-10-02,67.8276,68.6156,67.67,68.2905,2023196
2017-10-03,68.0738,68.9505,67.9901,68.8323,2083737
2017-10-04,68.8717,69.571,68.4678,69.4036,2645307
2017-10-05,69.443,70.029,69.0884,69.8961,2345714
2017-10-06,69.9847,70.1719,67.9162,67.995,4333437
2017-10-09,68.064,68.7042,67.8768,68.4186,1755734
2017-10-10,68.5466,68.8914,68.1625,68.6353,1559471
2017-10-11,68.7338,69.049,68.5565,69.0391,1378409
2017-10-12,68.9702,69.6301,68.8421,68.8618,1910141
2017-10-13,68.8717,68.9989,68.2708,68.3496,1944833
2017-10-16,68.3693,68.4186,67.2957,67.3745,3874554
2017-10-17,67.5715,67.601,66.9608,67.1479,4417753
2017-10-18,67.3646,67.6207,66.8623,67.1775,2251851
2017-10-19,66.6062,66.7835,65.7196,65.8477,4447225
2017-10-20,66.3106,66.3599,65.0301,65.1286,6052921
2017-10-23,64.8725,64.971,64.449,64.7051,5645757
2017-10-24,65.0006,65.0498,64.1929,64.2618,4589202
2017-10-25,64.6066,65.0301,63.9368,64.9021,7617032
2017-10-26,65.0104,65.2074,64.3899,64.6263,4553065
2017-10-27,65.0006,65.0597,64.0057,64.4982,5242764
2017-10-30,64.4391,64.6755,64.2274,64.2815,2977723
2017-10-31,64.2126,65.168,64.1683,65.1089,5587290
2017-11-01,65.2074,65.6211,65.0991,65.2271,3741849
2017-11-02,67.9556,68.2117,66.2417,67.6404,5579264
2017-11-03,67.1676,67.2661,65.0794,65.2468,7181367
2017-11-06,65.3749,65.3946,64.6263,65.2074,2806068
2017-11-07,65.237,65.6507,64.3997,64.5967,2550939
2017-11-08,64.5376,65.3847,64.5376,65.0006,2293795
2017-11-09,64.646,65.2715,64.3012,65.2074,1699731
2017-11-10,65.3059,65.5029,64.971,65.2764,1621712
2017-11-13,65.2074,66.2515,65.1089,66.0742,2881435
2017-11-14,65.7492,66.6259,65.5423,66.2909,1701620
2017-11-15,65.8575,66.4584,65.4537,65.5325,2674827
2017-11-16,65.6014,65.8772,65.0597,65.0892,2511241
2017-11-17,65.0892,65.7492,64.9809,65.5916,2811570
2017-11-20,65.6408,67.3942,65.5128,67.0593,3136057
2017-11-21,67.2366,67.4336,67.0297,67.2563,3482355
2017-11-22,67.473,67.5715,66.3993,66.6456,2200777
2017-11-24,66.8327,67.2267,66.6554,66.813,987547
2017-11-27,66.9608,67.1972,66.7835,67.079,2037007
2017-11-28,67.0593,68.3989,66.6751,68.3102,2729552
2017-11-29,68.6057,69.8074,68.3201,68.7535,2818609
2017-11-30,68.9505,70.7235,68.8323,70.3787,5235018
2017-12-01,70.2802,71.2751,70.1374,70.9894,5741002
2017-12-04,71.7479,71.8956,70.4674,70.753,3049181
2017-12-05,70.6742,71.2357,69.2558,69.8862,3436516
2017-12-06,69.965,70.1029,69.0588,69.6794,2282370
2017-12-07,69.4233,69.6203,68.261,69.3346,2652494
2017-12-08,69.2164,69.8714,68.8717,69.8665,1653108
2017-12-11,69.8862,70.1128,69.443,69.7483,1482792
2017-12-12,70.341,70.499,69.9458,70.3311,2129280
2017-12-13,70.3608,70.8066,69.7863,69.816,2007859
2017-12-14,70.1231,70.4153,69.4099,69.6575,2982054
2017-12-15,70.3905,70.6184,69.7566,69.8259,3811382
2017-12-18,70.0636,70.6778,70.0141,70.5391,2587180
2017-12-19,70.9155,71.2028,70.3806,70.4004,3645224
2017-12-20,70.3311,70.5985,69.1622,69.3603,3457410
2017-12-21,69.7863,69.8754,69.286,69.4495,2040140
2017-12-22,69.9349,69.9933,69.1721,69.5882,2407242
2017-12-26,69.5783,69.7169,69.0334,69.3801,1025218
2017-12-27,69.6278,69.925,69.3207,69.608,3004510
2017-12-28,69.6971,69.9448,69.4297,69.8556,1680947
2017-12-29,70.2023,70.4995,69.8061,69.8952,1865336
2018-01-02,70.1033,70.1033,68.9047,69.1919,3195272
2018-01-03,69.2811,70.6085,68.9443,70.2419,4312555
2018-01-04,70.2419,72.2528,69.9547,71.5693,3035009
2018-01-05,71.4802,72.2033,71.2721,72.1637,2152160
2018-01-08,72.2231,72.649,71.9061,72.4311,1952018
2018-01-09,72.5599,73.6321,72.5174,73.3524,2413626
2018-01-10,73.4019,73.8476,73.0651,73.7585,2487003
2018-01-11,73.7585,73.9071,73.3226,73.6792,2178501
2018-01-12,73.9071,74.3033,73.7882,74.0755,1699323
2018-01-16,74.2835,74.8679,73.6396,73.8774,2148000
2018-01-17,74.1844,74.3429,73.7189,74.0953,1954690
2018-01-18,74.2538,74.8778,74.0953,74.5609,2133381
2018-01-19,74.7491,75.076,74.4024,74.8878,3146864
2018-01-22,74.7491,75.1552,74.6302,75.1156,1645663
2018-01-23,75.076,75.2493,74.5114,75.076,1821157
2018-01-24,75.284,75.4205,74.333,74.7094,2029320
2018-01-25,75.4029,75.4029,74.0359,74.234,2095251
2018-01-26,74.3429,74.858,74.0953,74.858,1280504
2018-01-29,74.7788,75.1849,73.7585,73.808,1870404
2018-01-30,73.5703,74.016,72.8571,72.8571,2831322
2018-01-31,72.8571,73.8873,72.6788,73.1443,3423555
2018-02-01,73.3127,74.1151,72.7481,74.0953,2523277
2018-02-02,73.8972,74.5807,73.1443,73.283,2540319
2018-02-05,72.8373,73.7684,70.5985,70.8264,4083820
2018-02-06,69.5089,71.7179,68.1518,71.5891,5924117
2018-02-07,69.5683,71.8764,69.5683,70.0537,4418942
2018-02-08,70.0834,70.1924,66.3391,66.3688,5808560
2018-02-09,66.973,68.3499,66.2895,67.8051,5336376
2018-02-12,68.1716,68.9344,67.5278,67.9537,4173510
2018-02-13,67.607,68.5381,67.399,68.4688,2676025
2018-02-14,68.1815,70.4995,68.0825,70.4004,3167474
2018-02-15,70.9552,71.8764,70.4401,71.8665,3229547
2018-02-16,71.4703,71.6783,70.4599,71.0542,3456131
2018-02-20,71.5693,73.7981,71.4802,72.1736,4193682
2018-02-21,72.1339,73.4514,71.9259,72.1736,2637463
2018-02-22,72.3915,72.8075,70.5193,70.8759,2587495
2018-02-23,71.2127,71.9556,71.1632,71.7971,1902383
2018-02-26,72.025,72.8769,71.6387,72.8472,1717330
2018-02-27,72.8075,73.7783,72.6887,72.7382,2519029
2018-02-28,72.9957,73.6396,72.3618,72.3915,2088493
2018-03-01,72.3519,72.8174,70.9504,71.3811,2035637
2018-03-02,71.0443,71.9556,70.6679,71.8566,2632204
2018-03-05,71.1533,72.3023,70.6481,71.9953,4089711
2018-03-06,72.1835,72.659,71.4406,72.649,2789419
2018-03-07,71.9358,72.7679,71.5158,72.55,1615013
2018-03-08,72.9066,73.7783,72.3915,73.6,2777660
2018-03-09,73.8873,75.0958,73.7981,75.0165,1767219
2018-03-12,75.3038,75.5812,74.7194,74.9571,2228833
2018-03-13,75.2444,75.5564,74.1052,74.3528,3086116
2018-03-14,74.6509,74.8,73.5479,73.846,2817306
2018-03-15,73.9951,74.1044,73.3889,73.7963,3587257
2018-03-16,73.8559,74.4323,73.408,74.0646,6549528
2018-03-19,73.8957,74.3826,73.2299,73.5976,3400776
2018-03-20,73.7168,74.2634,73.5181,73.9454,2955178
2018-03-21,74.164,74.2435,73.0709,73.5578,2165395
2018-03-22,72.8125,73.2895,71.2225,71.2821,2716897
2018-03-23,71.4809,71.6796,69.8511,69.8809,2472862
2018-03-26,70.7355,72.6932,70.497,72.5442,2888725
2018-03-27,72.5442,73.1106,70.8548,71.3517,3150297
2018-03-28,71.2026,72.0051,70.3182,71.0039,2116979
2018-03-29,71.2722,72.4349,70.6362,72.0672,3491138
2018-04-02,72.0374,72.395,69.3642,70.656,2960831
2018-04-03,71.0734,72.2659,70.7256,72.1964,3126156
2018-04-04,71.0734,72.1665,71.0436,71.938,2290170
2018-04-05,72.2659,72.7777,72.0274,72.0771,2235202
2018-04-06,71.5107,71.6597,69.6523,70.179,1833224
2018-04-09,70.7455,71.62,70.338,70.4473,1928913
2018-04-10,71.8187,72.3156,71.4113,72.0175,2507839
2018-04-11,71.3715,71.7989,70.6759,70.9442,1722895
2018-04-12,71.2722,72.4746,71.1132,72.0075,2591038
2018-04-13,72.6336,72.7131,71.6697,72.087,2095329
2018-04-16,72.6038,73.1404,72.5193,72.723,2739817
2018-04-17,73.0907,73.6075,72.9715,72.9715,2616775
2018-04-18,73.2994,73.9255,73.2001,73.8559,2108203
2018-04-19,73.9652,74.6112,73.8957,74.1541,2668555
2018-04-20,74.482,74.4909,73.4684,73.9056,2475632
2018-04-23,73.8957,73.9736,73.0112,73.4584,1491412
2018-04-24,73.7168,73.9156,72.1069,72.574,2160167
2018-04-25,72.4945,72.8522,71.9877,72.7529,1643598
2018-04-26,72.892,73.2447,71.9678,72.5044,2640262
2018-04-27,72.5839,72.723,71.8982,72.2659,1903569
2018-04-30,72.4448,73.3079,71.9976,72.0075,1722710
2018-05-01,71.7889,71.9802,71.2125,71.8883,2174664
2018-05-02,71.8784,72.5938,71.6796,71.928,3037693
2018-05-03,71.5504,71.5504,67.2773,69.702,7256646
2018-05-04,68.9269,70.1492,68.6486,69.8113,3401968
2018-05-07,69.8213,70.6063,69.7418,70.1293,3080160
2018-05-08,70.0002,70.189,69.1322,69.6325,2595772
2018-05-09,69.9207,71.8386,69.8809,71.4212,2670337
2018-05-10,71.3616,71.5305,70.6858,70.9343,1910505
2018-05-11,70.7554,71.2622,70.4076,70.974,3478552
2018-05-14,71.0535,71.5604,70.7952,71.2722,2235205
2018-05-15,71.0635,71.5256,70.8747,71.451,2277020
2018-05-16,71.451,72.1069,70.9939,71.8187,2862323
2018-05-17,71.9479,72.2262,71.5305,71.9479,1754206
2018-05-18,71.7989,72.0672,71.0138,71.1032,1659961
2018-05-21,71.5305,72.092,71.451,71.9082,1777075
2018-05-22,71.7194,71.8883,71.0237,71.302,1447362
2018-05-23,70.9045,71.1629,70.02,70.825,2185771
2018-05-24,70.7852,71.0138,70.1592,70.825,1567664
2018-05-25,70.6362,70.6958,70.1095,70.4175,1802722
2018-05-29,69.871,70.0399,68.9021,69.384,2682097
2018-05-30,70.0399,71.5902,69.9604,71.2125,3044624
2018-05-31,71.0535,71.4908,70.4275,70.4473,3568046
2018-06-01,71.1728,71.8287,71.1529,71.6597,2408270
2018-06-04,71.9181,72.1864,71.5678,72.0572,1572116
2018-06-05,71.928,73.6174,71.8734,73.3193,3133108
2018-06-06,73.9553,75.595,73.7466,75.5056,3663033
2018-06-07,75.754,76.2111,74.6311,75.0186,3451655
2018-06-08,75.2074,75.4052,74.7404,75.1876,2642236
2018-06-11,75.2671,75.4062,74.5217,74.8596,1995948
2018-06-12,75.436,75.6149,74.3429,74.9689,2954694
2018-06-13,75.3577,75.4076,74.5901,74.6399,1841941
2018-06-14,74.8692,75.0188,74.0268,74.291,1906644
2018-06-15,74.1315,74.2013,73.334,74.1315,4074586
2018-06-18,73.6729,74.2112,73.4037,74.1813,1650953
2018-06-19,73.5034,74.5502,73.3489,74.0418,1757915
2018-06-20,74.4306,75.0586,74.3209,74.3807,1775065
2018-06-21,74.5701,74.8293,73.5333,74.6997,1613236
2018-06-22,75.1783,75.3926,74.5203,74.5701,2092927
2018-06-25,74.4007,74.5502,73.3439,74.0717,1830057
2018-06-26,74.1315,75.0387,74.0717,74.3408,1954091
2018-06-27,74.2711,74.7197,73.2991,73.304,2760198
2018-06-28,73.2442,73.9221,73.1695,73.6131,1974040
2018-06-29,74.1116,74.2711,73.314,73.324,3021215
2018-07-02,73.0847,73.5483,72.656,73.5034,2067688
2018-07-03,73.7726,74.1016,72.1376,72.3669,1148878
2018-07-05,72.6162,72.7856,71.9831,72.4766,1475898
2018-07-06,72.5264,73.3728,72.2224,72.8754,1648059
2018-07-09,73.1545,74.5303,73.1146,74.3508,1900103
2018-07-10,74.3508,74.6898,73.8324,74.2112,1821910
2018-07-11,73.7128,74.7296,73.7128,74.4106,1339831
2018-07-12,74.9888,75.1484,74.0617,74.5303,1588512
2018-07-13,74.5801,74.5801,73.5732,74.4704,1242570
2018-07-16,74.6499,75.1284,74.4804,74.9589,1186027
2018-07-17,74.7496,75.5571,74.5901,75.3777,1452174
2018-07-18,75.4474,76.6338,75.1085,76.5341,1647328
2018-07-19,76.4244,76.7335,75.4575,75.5272,1595552
2018-07-20,75.2082,75.6468,74.8642,75.577,1856439
2018-07-23,75.5172,76.3746,75.4175,76.3546,2191921
2018-07-24,76.4543,76.6936,76.0057,76.2051,3911307
2018-07-25,76.0057,76.6138,75.6867,76.554,2213675
2018-07-26,76.5939,76.9827,76.3148,76.8132,2155679
2018-07-27,76.5341,76.9528,75.926,76.0655,1722559
2018-07-30,75.9658,76.2749,73.9321,74.0617,2238976
2018-07-31,74.5402,74.7296,72.9751,73.6829,3340789
2018-08-01,73.8224,74.7745,73.304,73.4436,1954928
2018-08-02,72.4866,73.4237,71.8386,72.666,4277669
2018-08-03,72.7159,72.7159,72.1376,72.5863,2829199
2018-08-06,72.5364,72.666,72.1775,72.357,2445054
2018-08-07,72.5763,73.661,72.4367,73.4935,1504106
2018-08-08,73.5134,73.7826,72.9651,72.995,1502755
2018-08-09,72.985,73.1545,72.8056,73.005,1335311
2018-08-10,72.7358,73.2941,72.2573,73.0448,1940648
2018-08-13,73.1047,73.7726,72.7258,72.7458,2269342
2018-08-14,72.9551,73.4336,72.7358,73.2741,1555098
2018-08-15,73.1047,73.4825,72.6859,72.9053,1409350
2018-08-16,73.2044,73.5632,72.9651,73.0548,1970156
2018-08-17,73.0747,73.8922,72.7757,73.8224,2785064
2018-08-20,73.8723,74.2112,73.7327,73.9122,1655736
2018-08-21,73.6729,73.7726,72.8953,72.9152,2953103
2018-08-22,72.5663,73.324,72.2922,73.1744,2150417
2018-08-23,73.314,73.8025,72.7258,72.7757,2536821
2018-08-24,72.8754,73.1445,72.6859,72.9651,3120408
2018-08-27,73.3838,74.1415,73.2442,73.9122,2272537
2018-08-28,74.0318,74.6798,73.8922,74.4206,2286078
2018-08-29,74.3807,75.4873,74.3807,75.4175,2229408
2018-08-30,75.2181,75.7365,75.1584,75.5172,2615517
2018-08-31,75.2979,76.0755,75.1783,75.9957,1980245
2018-09-04,76.0755,77.1223,75.8562,77.1023,2968632
2018-09-05,77.3017,77.5709,76.3447,76.4743,3740112
2018-09-06,76.4643,77.3107,76.0954,77.1422,2706805
2018-09-07,77.2519,77.7503,76.9428,77.6008,2161852
2018-09-10,77.9298,78.2289,77.551,77.7603,1957251
2018-09-11,77.6905,78.2388,77.4812,77.87,1732184
2018-09-12,77.83,77.83,76.235,76.33,2845292
2018-09-13,76.61,77.42,76.32,77.36,1981802
