date,open,high,low,close,volume
2013-09-16,20.3572,20.426,20.1159,20.1503,30249154
2013-09-17,20.4088,20.5811,20.3915,20.4518,37242065
2013-09-18,20.5466,20.6069,20.2968,20.5897,31976960
2013-09-19,20.6414,20.7491,20.538,20.6026,28258162
2013-09-20,20.6241,20.6414,20.3057,20.4768,47044358
2013-09-23,20.4174,20.5466,20.3398,20.3485,22437434
2013-09-24,20.314,20.5466,20.314,20.4217,24113193
2013-09-25,20.4863,20.5121,20.314,20.4174,19830601
2013-09-26,20.4605,20.5035,19.9866,20.1675,31995199
2013-09-27,19.9953,20.1503,19.711,19.7971,28924040
2013-09-30,19.5731,19.9608,19.4697,19.7463,32472850
2013-10-01,19.7627,19.8488,19.5559,19.6679,25882077
2013-10-02,19.5645,19.7282,19.53,19.7153,23206136
2013-10-03,19.6593,19.6765,19.3836,19.4697,34884086
2013-10-04,19.4697,19.6851,19.4697,19.6507,22550400
2013-10-07,19.5645,19.8143,19.4439,19.6679,21321403
2013-10-08,19.7023,19.711,19.3664,19.3664,36171657
2013-10-09,19.3922,19.7799,19.3664,19.4611,40414820
2013-10-10,19.8014,20.0039,19.7454,19.9005,39189449
2013-10-11,19.6679,20.0383,19.6593,20.034,24550617
2013-10-14,19.8876,20.2365,19.8402,20.202,27176739
2013-10-15,20.1589,20.3226,20.09,20.1503,42957663
2013-10-16,20.0383,20.4518,20.0039,20.4131,47723436
2013-10-17,20.314,20.6241,20.2365,20.6069,28694879
2013-10-18,20.5552,20.6586,20.4002,20.5681,29579081
2013-10-21,20.6241,20.8223,20.5165,20.7921,35297562
2013-10-22,20.8223,20.8481,20.6844,20.737,29010789
2013-10-23,20.6155,20.7189,20.2968,20.4475,31651063
2013-10-24,20.5552,20.65,20.4863,20.4863,47590182
2013-10-25,20.7706,20.8826,20.6931,20.8783,59634667
2013-10-28,20.8309,21.098,20.8223,20.986,65581627
2013-10-29,21.0204,21.253,20.9765,21.1264,29961745
2013-10-30,21.1324,21.2573,21.0204,21.1023,24096164
2013-10-31,21.1238,21.3047,21.0463,21.0807,30902030
2013-11-01,21.1152,21.2358,20.8654,20.9558,28305937
2013-11-04,20.9515,21.0204,20.8051,20.8955,26639821
2013-11-05,20.7999,20.9651,20.6694,20.8955,22849924
2013-11-06,20.9216,21.139,20.7738,21.0825,25525728
2013-11-07,21.1912,21.1999,20.8694,20.9207,25631064
2013-11-08,20.8955,20.9694,20.7303,20.9477,31502897
2013-11-11,20.9042,21.1216,20.8085,21.0164,19236745
2013-11-12,20.8607,21.3042,20.852,21.2433,37816024
2013-11-13,21.0868,21.4085,21.0433,21.3912,22990316
2013-11-14,21.2433,21.3042,21.1738,21.2042,20198931
2013-11-15,21.2172,21.3477,21.0868,21.3216,22866454
2013-11-18,21.3998,21.4781,21.2868,21.3912,24712483
2013-11-19,21.5129,21.6259,21.3998,21.4781,24870201
2013-11-20,21.4781,21.5825,21.2694,21.3564,20288748
2013-11-21,21.3998,21.9911,21.3216,21.939,44050581
2013-11-22,21.3042,21.3129,20.7303,20.7564,77908144
2013-11-25,20.8868,20.8868,20.4346,20.652,43394042
2013-11-26,20.7216,20.7259,20.452,20.5651,30602711
2013-11-27,20.5564,20.7999,20.452,20.7825,28419157
2013-11-29,20.7999,20.8607,20.6607,20.7303,13802865
2013-12-02,20.8694,20.8694,20.5651,20.6085,25686740
2013-12-03,20.5999,20.6346,20.3477,20.4781,35072177
2013-12-04,20.4694,20.739,20.452,20.6433,43501471
2013-12-05,20.7129,21.1738,20.652,21.0955,45404927
2013-12-06,21.7129,21.9564,21.5216,21.5825,53874561
2013-12-09,21.5999,21.8085,21.4607,21.6781,29618358
2013-12-10,21.6433,21.7129,21.4433,21.5825,18203665
2013-12-11,21.5129,21.6346,21.2172,21.2346,24682422
2013-12-12,21.4955,21.6433,21.2346,21.2781,21917817
2013-12-13,21.0477,21.2955,21.0042,21.1216,20634285
2013-12-16,21.1564,21.4868,21.1564,21.2607,25061185
2013-12-17,21.2346,21.539,21.1999,21.439,28165241
2013-12-18,21.4868,21.9129,21.3303,21.8694,42686950
2013-12-19,21.8433,21.9477,21.6433,21.8607,31880650
2013-12-20,21.8346,22.0433,21.7738,21.7868,55383979
2013-12-23,21.9738,22.1129,21.8955,22.0172,28120814
2013-12-24,22.0694,22.2781,22.0433,22.1129,12157877
2013-12-26,22.1129,22.3477,22.1129,22.3477,16958540
2013-12-27,22.3911,22.4346,22.1564,22.2607,12972781
2013-12-30,22.3216,22.4781,22.2607,22.4781,19788908
2013-12-31,22.4433,22.6433,22.4085,22.5694,22809682
2014-01-02,22.4172,22.452,22.1477,22.4259,31843697
2014-01-03,22.4868,22.5216,22.2607,22.4172,27803865
2014-01-06,22.4085,22.4259,22.1303,22.139,31831801
2014-01-07,22.2085,22.3738,22.1433,22.2477,19684835
2014-01-08,22.2955,22.3564,21.9998,22.1129,29685075
2014-01-09,22.1042,22.2172,21.9564,22.0085,20888496
2014-01-10,22.1738,22.4781,22.1738,22.1998,30620993
2014-01-13,22.2868,22.5998,22.1042,22.1738,40304830
2014-01-14,22.6085,23.0868,22.5216,23.052,74158157
2014-01-15,23.2346,23.581,23.139,23.1911,58315241
2014-01-16,23.1651,23.252,22.8911,23.0781,49521751
2014-01-17,22.052,22.4868,21.9564,22.4781,112538007
2014-01-21,22.4259,22.4346,21.9738,22.252,42325495
2014-01-22,22.0781,22.2085,21.8694,22.0085,48797804
2014-01-23,21.8868,21.9564,21.652,21.852,40281051
2014-01-24,21.6346,21.9051,21.5564,21.5738,35200630
2014-01-27,21.539,21.7303,21.4433,21.4955,32582499
2014-01-28,21.4868,21.7781,21.3651,21.652,32485557
2014-01-29,21.5216,21.7042,21.4172,21.4607,27180053
2014-01-30,21.5216,21.6433,21.339,21.5129,24624111
2014-01-31,21.2607,21.4346,21.2172,21.339,28858179
2014-02-03,21.3042,21.3129,20.7738,20.8259,52928170
2014-02-04,20.8607,20.8998,20.5042,20.7129,50888089
2014-02-05,20.8051,20.8577,20.6295,20.6471,32484587
2014-02-06,20.7173,21.1387,20.6734,21.0597,28049363
2014-02-07,21.244,21.2967,20.8665,21.2484,30885856
2014-02-10,21.165,21.3932,21.1211,21.323,24571791
2014-02-11,21.3757,21.5205,21.3581,21.481,17947958
2014-02-12,21.5161,21.6741,21.3932,21.5512,25925263
2014-02-13,21.4459,21.718,21.3406,21.6829,22940043
2014-02-14,21.5732,21.7356,21.4283,21.7312,20592672
2014-02-18,21.6566,21.7532,21.5512,21.7356,17749250
2014-02-19,21.639,21.7005,21.4371,21.5074,25743616
2014-02-20,21.5425,21.8146,21.5074,21.718,20230664
2014-02-21,21.9024,21.9112,21.3757,21.4371,30617671
2014-02-24,21.5161,21.8409,21.4283,21.6215,24173569
2014-02-25,21.6566,21.6917,21.4722,21.6127,21613463
2014-02-26,21.718,21.9287,21.6039,21.7707,19820163
2014-02-27,21.7707,21.7707,21.5161,21.7356,20866873
2014-02-28,21.7619,21.8102,21.5688,21.7356,23483725
2014-03-03,21.5512,21.5864,21.3318,21.5074,25727231
2014-03-04,21.7005,21.7532,21.5074,21.6039,23714667
2014-03-05,21.6829,21.6917,21.4196,21.5074,21071351
2014-03-06,21.5688,21.639,21.402,21.6215,22416271
2014-03-07,21.6829,21.8147,21.5688,21.6303,25380925
2014-03-10,21.6037,21.8497,21.5776,21.8058,24945279
2014-03-11,21.7532,21.8155,21.6039,21.7093,26695627
2014-03-12,21.639,21.8409,21.6039,21.7356,21259016
2014-03-13,21.7707,21.9419,21.4459,21.5688,26243253
2014-03-14,21.4898,21.6346,21.4196,21.5074,21807232
2014-03-17,21.6303,21.7883,21.4986,21.6829,18525794
2014-03-18,21.6654,21.8585,21.5512,21.7883,26344019
2014-03-19,21.8146,22.1657,21.7486,21.9638,34229423
2014-03-20,21.9463,22.4642,21.8936,22.3194,37009068
2014-03-21,22.4818,22.5432,22.0867,22.0955,56864569
2014-03-24,22.1306,22.2799,21.8761,22.0516,36951569
2014-03-25,22.1131,22.5344,22.0955,22.3501,32317416
2014-03-26,22.4642,22.5959,22.2272,22.2774,26442817
2014-03-27,22.2623,22.6047,22.2009,22.2184,27209145
2014-03-28,22.3062,22.6573,22.2272,22.4905,22884455
2014-03-31,22.5169,22.8768,22.4905,22.6609,29336281
2014-04-01,22.6486,22.8241,22.5081,22.8154,23779846
2014-04-02,22.789,22.868,22.5081,22.7276,22374400
2014-04-03,22.9558,23.2279,22.947,23.1841,38581278
2014-04-04,23.2543,23.465,22.9163,22.9646,47918021
2014-04-07,23.0875,23.4737,22.9997,23.2499,49813483
2014-04-08,23.1402,23.6844,23.1314,23.623,56699485
2014-04-09,23.6405,23.7195,23.465,23.6844,34481773
2014-04-10,23.7108,23.781,23.1402,23.1972,40478238
2014-04-11,23.0612,23.3421,22.9734,22.9821,36126904
2014-04-14,23.0963,23.3947,22.947,23.3157,26958006
2014-04-15,23.2718,23.5527,23.1402,23.5001,45074434
2014-04-16,23.6844,23.9127,23.3465,23.6405,59037351
2014-04-17,23.5966,23.838,23.5176,23.7371,38112609
2014-04-21,23.7459,23.7459,23.465,23.6581,20399688
2014-04-22,23.623,23.6844,23.4035,23.5615,29602313
2014-04-23,23.5264,23.6756,23.4562,23.4825,25581417
2014-04-24,23.5352,23.6669,23.386,23.4825,25432837
2014-04-25,23.3947,23.4562,22.9865,23.0524,33617211
2014-04-28,22.9734,23.1665,22.8329,23.1138,33472820
2014-04-29,23.1402,23.3991,23.1314,23.2455,22146001
2014-04-30,23.105,23.4386,23.0173,23.4298,25863926
2014-05-01,23.2718,23.4123,23.1665,23.2192,19755249
2014-05-02,23.3157,23.386,23.1753,23.1841,24236459
2014-05-05,23.1619,23.2505,23.0114,23.1708,20738950
2014-05-06,23.1619,23.3567,23.0203,23.1973,21818282
2014-05-07,23.2505,23.4187,23.2151,23.3479,24693262
2014-05-08,23.3036,23.4895,23.2151,23.3213,24168530
2014-05-09,23.3479,23.3833,23.2151,23.2859,20324413
2014-05-12,23.3833,23.4984,23.2859,23.3479,20607769
2014-05-13,23.4541,23.4984,23.3124,23.4187,20524972
2014-05-14,23.4541,23.4807,23.3124,23.3124,17811913
2014-05-15,23.3124,23.463,23.0291,23.0291,31752745
2014-05-16,23.0645,23.0822,22.7901,22.8609,30017576
2014-05-19,22.7989,23.0999,22.7989,23.0557,22680849
2014-05-20,23.038,23.1708,22.9096,23.0557,22293213
2014-05-21,23.1088,23.2416,23.0203,23.1973,18721592
2014-05-22,23.2062,23.2593,23.0911,23.1531,15926522
2014-05-23,23.1531,23.2859,23.1442,23.2761,17178021
2014-05-27,23.3124,23.6755,23.1796,23.6489,27271940
2014-05-28,23.64,23.8525,23.6046,23.7994,27150171
2014-05-29,23.826,23.872,23.6588,23.8702,20640029
2014-05-30,23.8525,24.189,23.8437,24.189,43641005
2014-06-02,24.1801,24.2155,24.0119,24.1359,20265670
2014-06-03,24.1004,24.5254,24.0119,24.49,33257030
2014-06-04,24.3572,24.5786,24.3484,24.4369,21612727
2014-06-05,24.4015,24.49,24.2864,24.49,26546297
2014-06-06,24.5963,24.977,24.552,24.9416,34795599
2014-06-09,24.8796,25.1629,24.6405,24.7114,39934314
2014-06-10,24.6582,25.0832,24.5431,25.0035,34260634
2014-06-11,24.915,24.977,24.614,24.7291,27749284
2014-06-12,24.6671,24.8796,24.5874,24.7556,31211438
2014-06-13,26.3405,26.615,26.1723,26.4467,122194302
2014-06-16,26.3139,26.6947,26.2697,26.5707,36407788
2014-06-17,26.4556,26.6504,26.4202,26.5176,28441218
2014-06-18,26.4556,26.5441,26.2697,26.4999,34412750
2014-06-19,26.5353,26.6415,26.4644,26.6415,27166851
2014-06-20,26.6238,26.7389,26.5884,26.7389,39829862
2014-06-23,26.6504,26.8363,26.429,26.7655,26529643
2014-06-24,26.7035,27.2967,26.6415,27.0045,53398112
2014-06-25,26.9868,27.4472,26.9558,27.341,44294569
2014-06-26,27.279,27.3587,27.1019,27.2525,26728433
2014-06-27,27.3321,27.4472,27.1816,27.3853,30776510
2014-06-30,27.3321,27.4472,27.1462,27.3587,21562544
2014-07-01,27.4384,27.5269,27.3321,27.4295,28240458
2014-07-02,27.4384,27.4915,27.2702,27.4295,16831171
2014-07-03,27.5181,27.7659,27.4649,27.5712,20437633
2014-07-07,27.5269,27.6243,27.3764,27.4738,22237033
2014-07-08,27.4472,27.5181,27.1816,27.2613,37614506
2014-07-09,27.3056,27.4295,27.1728,27.3498,28302427
2014-07-10,27.0931,27.7394,26.9514,27.6774,32458765
2014-07-11,27.6774,27.8457,27.4827,27.6686,20053217
2014-07-14,27.8102,27.9563,27.7483,27.8811,24251533
2014-07-15,27.9608,28.1556,27.5889,28.0759,61218169
2014-07-16,29.4925,30.7586,29.404,30.6789,135893228
2014-07-17,30.2805,30.4222,29.7758,29.8378,70591117
2014-07-18,29.9263,29.9618,29.5633,29.8378,46530079
2014-07-21,29.705,30.3071,29.6961,30.1565,32097230
2014-07-22,30.2451,30.8383,30.1654,30.803,42920550
2014-07-23,30.7055,30.7321,30.369,30.5461,26078170
2014-07-24,30.4399,30.7011,30.1964,30.3248,33180903
2014-07-25,30.2362,30.431,30.0414,30.3248,31614014
2014-07-28,30.3071,30.3867,29.9972,30.3071,30975052
2014-07-29,30.3425,30.431,30.1831,30.2716,26143454
2014-07-30,30.3779,30.6081,30.1388,30.4133,32788878
2014-07-31,30.1831,30.3248,29.9352,30.006,35432286
2014-08-01,29.8821,30.13,29.7581,29.8776,33472580
2014-08-04,29.9175,30.1831,29.705,30.1477,27250118
2014-08-05,30.0898,30.1076,29.0514,29.252,49851005
2014-08-06,29.0559,29.5817,28.8687,29.2742,27924094
2014-08-07,29.35,29.5461,29.0024,29.1272,27823411
2014-08-08,29.2163,29.4124,29.0024,29.0559,35489572
2014-08-11,29.252,29.6263,29.243,29.4302,27723925
2014-08-12,29.3322,29.5461,29.1272,29.5283,24814652
2014-08-13,29.6263,30.4374,29.6174,30.3928,36250868
2014-08-14,30.3482,30.5087,30.0719,30.2502,25457954
2014-08-15,30.3928,30.4908,30.0496,30.4552,28582224
2014-08-18,30.5354,30.7226,30.2814,30.6691,27233549
2014-08-19,30.7493,30.7493,30.5265,30.6067,29283445
2014-08-20,30.5087,30.7582,30.4641,30.7493,27142650
2014-08-21,30.7137,31.3643,30.7047,31.3286,37164868
2014-08-22,31.3732,31.3732,31.1147,31.1415,21197845
2014-08-25,31.2752,31.3286,30.883,31.0256,18614486
2014-08-26,31.0078,31.2395,30.9187,31.0167,19664736
2014-08-27,31.0969,31.1415,30.8652,31.0078,17168931
2014-08-28,30.8474,31.0256,30.8474,30.883,18908864
2014-08-29,31.0256,31.137,30.9008,31.1236,32305331
2014-09-02,30.981,31.1147,30.6878,30.8117,32095584
2014-09-03,31.0345,31.088,30.7047,30.8117,26668973
2014-09-04,30.7761,31.2752,30.7671,31.1103,27633583
2014-09-05,31.1236,31.3019,31.0434,31.195,20842220
2014-09-08,31.1593,31.6941,31.088,31.4891,24860766
2014-09-09,31.4534,31.4534,31.0613,31.1147,22334672
2014-09-10,31.0613,31.3108,30.9008,31.2128,19964378
2014-09-11,31.0078,31.2128,30.7761,31.2128,21958239
2014-09-12,31.1058,31.1147,30.7493,30.8563,26733700
2014-09-15,30.9365,30.99,30.5087,30.785,22438275
2014-09-16,30.7226,31.2663,30.7226,31.1326,20878492
2014-09-17,31.1147,31.3732,30.9632,31.1771,26278958
2014-09-18,31.3019,31.3465,31.0702,31.3465,23815486
2014-09-19,31.3376,31.391,31.0345,31.0345,46860142
2014-09-22,30.9989,31.2217,30.7939,30.9365,25448163
2014-09-23,30.9365,30.9365,30.6424,30.678,25691469
2014-09-24,30.6557,31.0613,30.6334,30.9721,18829270
2014-09-25,30.9097,31.0078,30.1967,30.4285,34644687
2014-09-26,30.5354,30.6245,29.9739,30.5354,25883498
2014-09-29,30.3571,31.186,30.2502,31.1058,29003106
2014-09-30,31.1058,31.195,30.6691,31.0345,35274555
2014-10-01,30.8474,30.9989,30.1611,30.2948,35095646
2014-10-02,30.268,30.3037,29.6441,29.8759,32911575
2014-10-03,30.0006,30.4641,29.8313,30.3304,25834842
2014-10-06,30.4374,30.7315,30.1878,30.4017,24323080
2014-10-07,30.3393,30.3482,29.7823,29.8313,25972716
2014-10-08,29.8491,30.6334,29.5372,30.5443,34963367
2014-10-09,30.4374,30.6905,29.9293,29.965,28192889
2014-10-10,29.0737,29.2876,27.1842,28.4409,80917567
2014-10-13,28.2715,28.8509,28.0487,28.0487,42117454
2014-10-14,28.5122,29.1138,28.2626,28.6459,68671035
2014-10-15,27.2154,28.2092,26.4266,27.8749,92309007
2014-10-16,27.5318,28.0844,27.407,27.4961,47787439
2014-10-17,27.8081,28.2626,27.6031,27.9685,37504513
2014-10-20,27.6655,28.2537,27.5407,28.1468,30523697
2014-10-21,28.227,29.0737,28.1468,29.0648,33281716
2014-10-22,29.1093,29.2965,28.7172,28.7617,26725598
2014-10-23,29.1628,29.3322,29.0559,29.1361,22255305
2014-10-24,29.1628,29.7065,29.0291,29.5728,27814900
2014-10-27,29.4837,29.6753,29.2074,29.5906,23751948
2014-10-28,29.6174,30.0808,29.6174,30.0719,21859946
2014-10-29,30.0898,30.2769,29.8669,30.2324,24615225
2014-10-30,29.9293,29.9561,28.8776,29.038,55217857
2014-10-31,30.0719,30.3126,29.5728,30.3126,52089698
2014-11-03,30.1343,30.7315,30.1165,30.58,28703617
2014-11-04,30.5265,30.9989,30.4864,30.785,34695928
2014-11-05,30.5472,30.5921,30.1435,30.287,34705503
2014-11-06,30.2251,30.7087,29.9731,30.3409,25240559
2014-11-07,30.4844,30.5024,29.7757,30.1256,27604495
2014-11-10,29.991,30.0448,29.677,29.8385,30653627
2014-11-11,29.9282,30.0897,29.7802,29.8833,19676704
2014-11-12,29.8116,29.982,29.6052,29.9461,22864222
2014-11-13,29.9192,30.3768,29.9103,30.2153,26449256
2014-11-14,30.2781,30.4754,29.9192,30.4575,18104633
2014-11-17,30.3409,30.7266,30.287,30.7177,17646285
2014-11-18,30.6728,31.3098,30.6459,31.1393,30676720
2014-11-19,31.1214,31.2111,30.7266,30.8164,21289619
2014-11-20,30.628,32.2697,30.5024,32.2518,61994706
2014-11-21,32.2787,32.7093,31.8481,31.9288,56721572
2014-11-24,32.1979,32.6823,32.1531,32.5209,33321144
2014-11-25,32.6196,32.7272,32.4312,32.5837,29093173
2014-11-26,32.6286,33.1848,32.5478,33.104,24062025
2014-11-28,33.2296,33.8128,33.1399,33.418,19128510
2014-12-01,33.3821,33.75,33.104,33.3463,30904004
2014-12-02,33.3552,33.732,33.3552,33.732,28361104
2014-12-03,33.8038,33.9886,33.5616,33.5795,30660821
2014-12-04,33.5526,33.6064,33.2296,33.6064,23397863
2014-12-05,33.7051,34.0012,33.6603,33.7948,20527600
2014-12-08,33.6064,33.8486,33.1354,33.3732,28134819
2014-12-09,32.8977,33.2745,32.5658,33.0951,28487318
2014-12-10,33.1309,33.2117,32.5658,32.6734,27499869
2014-12-11,32.7452,33.3821,32.6914,32.9246,25090084
2014-12-12,32.7003,33.0323,32.494,32.4985,29322529
2014-12-15,32.6465,32.9991,32.2069,32.2248,30633423
2014-12-16,32.171,32.7452,31.9019,31.9019,31166334
2014-12-17,31.9557,32.5927,31.6955,32.5119,31637748
2014-12-18,32.9695,33.2117,32.6824,33.2117,32128124
2014-12-19,33.2117,33.3373,32.503,32.6286,76786814
2014-12-22,32.6465,33.427,32.6465,33.3821,29227071
2014-12-23,33.5526,33.8217,33.4629,33.5795,22169713
2014-12-24,33.6154,33.732,33.3552,33.5885,12109122
2014-12-26,33.6603,33.8592,33.6603,33.6872,14037176
2014-12-29,33.5975,33.6603,33.3463,33.3552,12203309
2014-12-30,33.2655,33.3642,32.9784,32.9784,15214093
2014-12-31,32.8618,33.2296,32.5568,32.5568,20393618
2015-01-02,32.8977,33.3373,32.3953,32.6196,23605607
2015-01-05,32.476,32.7003,32.2428,32.2518,32784975
2015-01-06,32.3684,32.503,31.6327,31.6507,30847578
2015-01-07,31.9737,32.3594,31.6417,32.3146,27725167
2015-01-08,32.6286,33.1937,32.5299,32.9156,31765371
2015-01-09,32.9874,33.2924,32.6555,32.9784,22850524
2015-01-12,33.104,33.1937,32.503,32.8349,29400781
2015-01-13,33.0771,33.6324,32.5568,32.7452,31477952
2015-01-14,32.5927,33.113,32.2159,32.6106,34250293
2015-01-15,32.7676,33.0861,32.3235,32.4671,47181771
2015-01-16,32.4043,32.8887,31.857,32.7003,62812193
2015-01-20,32.3863,32.7093,31.9064,32.3774,35929420
2015-01-21,32.162,32.9067,32.0903,32.7272,27442597
2015-01-22,32.799,33.1937,32.4222,33.113,31809899
2015-01-23,33.1579,33.2207,32.6375,32.6958,27427055
2015-01-26,32.4626,32.5658,31.9109,32.1217,30906818
2015-01-27,30.8612,31.1483,30.0987,30.6683,58456203
2015-01-28,30.924,31.1304,30.2512,30.3005,34929097
2015-01-29,30.3588,30.7536,30.0179,30.6908,29569376
2015-01-30,30.2332,30.4889,29.6052,29.6411,38719736
2015-02-02,29.6591,30.2781,29.2912,30.1884,38733750
2015-02-03,30.305,30.5472,29.2571,30.2332,36038320
2015-02-04,30.423,30.5723,30.0887,30.3597,25052751
2015-02-05,30.432,30.7121,30.2241,30.6669,20491447
2015-02-06,30.6489,30.7212,29.9441,30.0841,29342447
2015-02-09,29.8176,30.0344,29.5194,29.7543,28705479
2015-02-10,29.9983,30.4772,29.8629,30.4501,20200009
2015-02-11,30.423,30.5043,30.1067,30.3146,18364236
2015-02-12,30.7031,30.8386,30.5043,30.8341,20056660
2015-02-13,30.947,31.051,30.6715,31.0464,18037927
2015-02-17,31.0826,31.3988,30.9561,31.3853,19374148
2015-02-18,31.3085,31.3627,30.8928,30.9606,19992887
2015-02-19,30.947,31.1007,30.7663,30.9109,11017541
2015-02-20,30.8567,31.2362,30.6398,31.0916,20955571
2015-02-23,31.0826,31.1729,30.3417,30.5043,25565529
2015-02-24,30.3688,31.1638,30.2784,31.0916,29607469
2015-02-25,30.7483,30.8567,30.4796,30.6715,24686267
2015-02-26,30.3778,30.6127,30.2061,30.4049,25928435
2015-02-27,30.3868,30.3959,30.0073,30.0435,24427300
2015-03-02,30.0796,30.8341,29.926,30.7754,25406355
2015-03-03,30.676,31.0645,30.6398,30.807,27331977
2015-03-04,30.5947,31.0916,30.4682,30.8296,23005798
2015-03-05,30.9561,31.1729,30.3507,30.4772,21225807
2015-03-06,30.3055,30.432,29.8899,29.9893,32373136
2015-03-09,29.9983,30.0616,29.3477,29.5646,33058791
2015-03-10,29.1309,29.2845,28.4623,28.643,50278887
2015-03-11,28.8869,29.7815,28.8689,29.2122,49683649
2015-03-12,28.0195,28.5526,27.631,27.8298,107402364
2015-03-13,27.6761,27.9924,27.4322,27.9472,47954708
2015-03-16,27.9472,28.1099,27.6942,27.8569,33074615
2015-03-17,27.631,27.7665,27.4774,27.64,29215599
2015-03-18,27.4774,28.1912,27.378,27.9111,39834081
2015-03-19,27.8117,28.1008,27.7304,27.7755,27414230
2015-03-20,28.0014,28.5707,27.9472,28.2906,64777075
2015-03-23,28.2725,28.7243,28.1912,28.1912,29693951
2015-03-24,28.155,28.2996,27.7755,27.8207,28471374
2015-03-25,27.8388,27.9066,26.9804,27.0075,37690971
2015-03-26,26.6551,27.4683,26.4834,27.1792,45450135
2015-03-27,27.1159,29.8176,26.9714,28.914,73857226
2015-03-30,28.6068,29.0044,28.2815,28.4261,51391541
2015-03-31,28.399,28.8508,28.1912,28.2544,32098463
2015-04-01,28.1279,28.2951,27.6942,27.8388,31532086
2015-04-02,27.8298,28.2183,27.7123,27.8388,20909633
2015-04-06,27.8388,28.2318,27.5135,28.0466,21490933
2015-04-07,28.0737,28.539,28.0105,28.2454,23258261
2015-04-08,28.2183,28.5165,28.0647,28.2906,18250252
2015-04-09,27.7213,28.5707,27.6219,28.2273,34167586
2015-04-10,28.3086,28.8598,28.3086,28.8508,28084894
2015-04-13,28.7424,28.9592,28.652,28.6701,23489022
2015-04-14,28.6249,28.8598,28.2544,28.4532,39754018
2015-04-15,29.149,29.8086,28.9728,29.664,61083450
2015-04-16,29.6821,29.8086,29.542,29.7001,28903195
2015-04-17,29.3748,29.5465,29.1128,29.3387,30593601
2015-04-20,29.4652,29.6257,29.3929,29.5736,20649257
2015-04-21,29.7543,29.7905,29.1715,29.3026,19023835
2015-04-22,29.2845,29.5646,28.9457,29.5465,21144178
2015-04-23,28.9502,29.2845,28.9231,29.2303,23775289
2015-04-24,29.2845,29.3477,28.9321,28.9863,22759909
2015-04-27,28.9863,29.5375,28.9863,29.3658,25869583
2015-04-28,29.1851,29.8537,29.1218,29.8357,29572822
2015-04-29,29.42,29.8176,29.411,29.7137,21819019
2015-04-30,29.5556,29.6821,29.1806,29.411,22013324
2015-05-01,29.4833,30.2603,29.4742,30.1971,27091249
2015-05-04,30.0616,30.2694,30.0164,30.2061,21397275
2015-05-05,30.0332,30.1242,29.6373,29.7056,29779184
2015-05-06,29.5782,29.8421,29.0594,29.3233,31985381
2015-05-07,29.3688,29.6965,29.2869,29.3461,21475299
2015-05-08,29.5873,29.924,29.4325,29.8512,26926511
2015-05-11,29.742,29.7693,29.5144,29.7511,18358579
2015-05-12,29.5235,29.5782,29.1231,29.3506,24530199
2015-05-13,29.3688,29.9422,29.3688,29.7056,20470841
2015-05-14,29.9058,30.1515,29.8239,30.0059,21098939
2015-05-15,30.1151,30.1424,29.8057,30.0241,17149694
2015-05-18,30.015,30.4063,29.8967,30.4063,23689479
2015-05-19,30.3608,30.379,30.0241,30.1697,21867134
2015-05-20,30.0878,30.4883,30.0423,30.3699,21359801
2015-05-21,30.2243,30.5429,30.0969,30.5338,21269776
2015-05-22,30.4609,30.4974,30.3244,30.4427,20845033
2015-05-26,30.2789,30.2971,29.8876,30.1288,28594511
2015-05-27,30.2152,30.8068,30.1515,30.6794,30172655
2015-05-28,30.7067,31.0798,30.6521,30.9524,27065690
2015-05-29,31.1617,31.6259,31.1344,31.3619,43545500
2015-06-01,31.28,31.4803,30.6521,30.8568,46734502
2015-06-02,30.6157,30.7158,30.1606,30.2789,36351102
2015-06-03,30.1879,30.2516,29.6601,29.7875,38138690
2015-06-04,29.5873,29.7784,29.3051,29.4052,33761835
2015-06-05,29.3779,29.3916,28.9684,28.9775,27778516
2015-06-08,28.9502,29.0776,28.4041,28.486,38171576
2015-06-09,28.5133,28.8137,28.3495,28.4405,33976735
2015-06-10,28.6317,29.2642,28.5497,28.9593,33336820
2015-06-11,29.0776,29.2141,28.9775,28.9866,24293627
2015-06-12,28.8683,29.2141,28.395,28.5042,31629752
2015-06-15,28.3222,28.6772,28.1584,28.5679,23174992
2015-06-16,28.4496,28.9001,28.3313,28.7909,20254468
2015-06-17,28.8956,29.205,28.841,29.0776,28194229
2015-06-18,29.1959,29.5745,29.1231,29.4689,27722373
2015-06-19,29.4871,29.6419,29.0885,29.1868,39008379
2015-06-22,29.3597,29.4735,29.1959,29.3597,23608409
2015-06-23,29.4007,29.4325,29.0594,29.2005,17995949
2015-06-24,29.2596,29.2596,29.0139,29.0412,23313889
2015-06-25,29.1413,29.4143,29.114,29.114,22743275
2015-06-26,28.6772,28.6954,27.9946,28.2312,62157179
2015-06-29,27.94,28.1948,27.5805,27.6578,35194454
2015-06-30,27.8763,27.9309,27.4394,27.6806,34412200
2015-07-01,27.7489,27.8035,27.312,27.4667,27178920
2015-07-02,27.4667,28.1402,27.3939,27.808,27105223
2015-07-06,27.5213,27.7125,27.1573,27.3393,32468065
2015-07-07,27.1846,27.2392,26.4747,27.2119,43833713
2015-07-08,26.7569,26.9999,26.5293,26.8479,45223830
2015-07-09,27.0481,27.2028,26.229,26.3291,47167803
2015-07-10,26.5748,26.7113,26.3382,26.5475,31423799
2015-07-13,26.6385,27.1391,26.5657,27.0572,26452360
2015-07-14,26.9935,27.403,26.7933,26.9844,39778254
2015-07-15,26.9844,27.2938,26.816,27.0208,47852544
2015-07-16,27.7307,27.7398,26.4838,27.2119,81166689
2015-07-17,26.9935,27.1209,26.4838,26.8206,43697631
2015-07-20,26.9571,26.9571,26.452,26.4838,33812936
2015-07-21,26.3564,26.6294,26.0925,26.138,45190988
2015-07-22,26.0015,26.2563,25.8741,26.0333,36387172
2015-07-23,26.0834,26.3655,25.8741,26.0242,33775157
2015-07-24,25.9651,26.0652,25.5373,25.5373,31621031
2015-07-27,25.5464,25.8604,25.1369,25.8012,42161050
2015-07-28,25.9469,26.5566,25.8832,26.3564,33182433
2015-07-29,26.3473,26.5111,26.2017,26.4019,26470181
2015-07-30,26.4838,26.8024,26.2563,26.3109,26582443
2015-07-31,26.502,26.502,26.1835,26.3473,27158763
2015-08-03,26.3928,26.7113,26.3018,26.4383,26213584
2015-08-04,26.3746,26.5293,26.2654,26.5111,25741719
2015-08-05,26.7864,26.97,26.6304,26.7222,23622731
2015-08-06,26.7589,26.8231,26.4698,26.6212,27958192
2015-08-07,26.4285,26.5754,26.3276,26.502,25606125
2015-08-10,26.6763,27.2361,26.6671,27.1994,22807360
2015-08-11,27.0434,27.0525,26.5754,26.5845,23758859
2015-08-12,26.3001,27.1351,26.3001,27.0342,33639471
2015-08-13,26.9791,27.025,26.4928,26.4928,18821945
2015-08-14,26.5387,26.6488,26.4469,26.6304,14302700
2015-08-17,26.4561,26.7956,26.346,26.6855,15548322
2015-08-18,26.5662,26.658,26.4285,26.5295,19182638
2015-08-19,26.2909,26.4252,25.9514,26.0248,30530143
2015-08-20,25.7219,25.9147,25.2631,25.2631,31936568
2015-08-21,25.0796,25.3549,24.373,24.373,52288393
2015-08-24,23.125,25.3549,22.8221,24.0885,83234171
2015-08-25,24.8135,24.9144,23.7398,23.7398,59371859
2015-08-26,24.3271,25.0888,23.9325,25.0521,47386736
2015-08-27,25.4008,25.6118,24.7859,25.4375,38649417
2015-08-28,25.3549,26.2542,25.1897,26.0798,43452360
2015-08-31,26.0615,26.7314,25.8412,26.1899,42401832
2015-09-01,25.6485,25.8504,25.3824,25.5292,44143954
2015-09-02,25.9514,26.245,25.8229,26.245,34618814
2015-09-03,26.4285,26.9975,26.3276,26.6855,38665922
2015-09-04,26.2175,26.5203,26.0707,26.1716,29117537
2015-09-08,26.5937,27.0709,26.5662,27.0709,27804971
2015-09-09,27.2728,27.6398,26.7681,26.8323,30774099
2015-09-10,26.7772,27.2177,26.5157,26.8598,25195775
2015-09-11,26.6855,27.0893,26.6488,27.0434,21786879
2015-09-14,27.0434,27.0984,26.6947,26.97,24065075
2015-09-15,27.126,27.4701,27.0525,27.282,29819023
2015-09-16,27.181,27.337,26.9791,27.3187,25957758
2015-09-17,27.181,27.7133,27.1168,27.2636,29805245
2015-09-18,26.814,26.9975,26.4331,26.6304,60693435
2015-09-21,26.6947,26.9195,26.557,26.7589,24417127
2015-09-22,26.3092,26.5203,26.1349,26.3092,28576221
2015-09-23,26.6304,26.6947,26.2358,26.3735,25983954
2015-09-24,26.0431,26.3092,25.5751,26.1349,32754744
2015-09-25,26.557,26.7176,26.2725,26.4377,29192322
2015-09-28,26.3184,26.9424,26.2817,26.3918,42290970
2015-09-29,26.4561,26.9333,26.3918,26.8323,34169562
2015-09-30,27.126,27.8234,27.1076,27.6582,41051713
2015-10-01,27.7224,27.7867,27.0342,27.5297,29832842
2015-10-02,27.2269,28.0115,27.0984,27.9977,27901454
2015-10-05,28.1996,28.7915,28.0436,28.6401,34842513
2015-10-06,28.5942,29.2274,28.5483,29.1265,35530196
2015-10-07,29.365,29.7505,29.1081,29.6541,36930069
2015-10-08,29.5761,29.9156,29.3467,29.8422,27794648
2015-10-09,29.7046,29.8698,29.31,29.4935,24209923
2015-10-12,29.5119,29.6587,29.365,29.5578,18795025
2015-10-13,29.388,29.8055,29.3467,29.4017,35588607
2015-10-14,28.8053,30.2185,28.3097,30.0992,75954805
2015-10-15,30.1359,30.3378,29.7872,30.0533,37634791
2015-10-16,30.0533,30.4662,29.8055,30.3194,29371313
2015-10-19,30.1726,30.8516,30.1634,30.8241,37624029
2015-10-20,30.6498,30.9205,30.5672,30.6865,24416140
2015-10-21,30.8975,31.2462,30.5764,30.6222,32005294
2015-10-22,30.9251,31.6592,30.8241,31.5674,39572646
2015-10-23,31.6959,32.1455,31.5674,32.0263,42796629
2015-10-26,31.907,32.0813,31.7051,31.7418,22646897
2015-10-27,31.5766,31.7051,31.4848,31.6317,22630111
2015-10-28,31.6317,31.8519,31.3105,31.8519,21908366
2015-10-29,31.3839,31.4665,30.9893,31.2279,21325186
2015-10-30,31.2921,31.4665,31.0719,31.0719,24693857
2015-11-02,30.9526,31.4573,30.87,31.3013,21743084
2015-11-03,31.2004,31.5766,31.182,31.4848,18167033
2015-11-04,31.6697,31.6697,31.3277,31.5588,20762063
2015-11-05,31.5126,31.605,31.1706,31.4201,16486057
2015-11-06,31.3555,31.3924,30.8749,31.2723,23701653
2015-11-09,31.0505,31.263,30.57,30.8195,24168738
2015-11-10,30.6531,30.7455,30.3204,30.6901,22451689
2015-11-11,30.6439,30.8472,30.3112,30.3666,19864710
2015-11-12,30.228,30.4221,29.9323,29.9415,23265389
2015-11-13,29.8214,29.9231,29.5349,29.6736,23673174
2015-11-16,29.6551,29.8076,29.5072,29.6643,29899659
2015-11-17,29.7105,30.3851,29.5811,30.1633,22636378
2015-11-18,30.2465,30.7183,30.1449,30.6439,18619760
2015-11-19,30.6993,32.0948,30.6162,31.6974,45381552
2015-11-20,31.8637,32.6123,31.8637,32.0301,41137747
2015-11-23,32.0301,32.2056,31.799,31.8637,20152861
2015-11-24,31.7251,31.8268,31.3277,31.7528,21413535
2015-11-25,31.6604,32.104,31.5495,31.836,17939406
2015-11-27,31.9192,32.0485,31.7898,31.8452,6620857
2015-11-30,31.9284,32.2519,31.8175,32.1317,21785791
2015-12-01,32.3443,32.5291,32.0763,32.4274,23560239
2015-12-02,32.4274,32.7232,32.1641,32.1872,18688180
2015-12-03,32.3165,32.335,31.4201,31.4571,30131055
2015-12-04,31.5218,32.3674,31.4201,32.2842,24900994
2015-12-07,32.1502,32.5014,32.1132,32.3304,17731885
2015-12-08,32.0393,32.2981,31.8083,32.1132,13380229
2015-12-09,32.2334,32.5476,31.8914,32.1687,22548299
2015-12-10,32.2056,32.4043,32.0301,32.1317,17400745
2015-12-11,31.7066,32.0208,31.605,31.6697,21251423
2015-12-14,31.7713,31.8637,31.3092,31.8545,19528029
2015-12-15,32.0208,32.6677,32.007,32.5106,24365862
2015-12-16,32.6769,32.7786,32.1317,32.6215,23257890
2015-12-17,32.64,32.6862,32.1225,32.2611,24963557
2015-12-18,32.0948,32.1132,31.2908,31.2954,41336631
2015-12-21,31.5218,31.6974,31.2492,31.6419,18006803
2015-12-22,31.7528,32.1363,31.6697,32.0948,18421967
2015-12-23,32.2981,32.3905,32.141,32.3443,12526530
2015-12-24,32.409,32.5845,32.3073,32.3258,5893789
2015-12-28,32.2981,32.3443,31.9469,32.2796,9449390
2015-12-29,32.3535,32.8895,32.3535,32.7509,14188583
2015-12-30,32.6954,32.7601,32.2934,32.335,11566786
2015-12-31,32.1779,32.3073,31.8268,31.836,14736687
2016-01-04,31.3092,31.4294,30.9211,31.4109,27882190
2016-01-05,31.3832,31.4201,30.9858,31.263,16709510
2016-01-06,30.7271,30.9766,30.3112,30.57,25491255
2016-01-07,29.8307,30.5031,29.424,29.424,37680521
2016-01-08,29.6551,29.7752,29.0451,29.1191,29953840
2016-01-11,29.3963,29.7752,29.2762,29.6273,27732435
2016-01-12,30.2742,30.3944,29.8214,30.2003,28587697
2016-01-13,30.2742,30.4313,29.4148,29.4887,34445691
2016-01-14,29.5442,30.3759,29.3871,30.2558,48728154
2016-01-15,27.4741,28.1857,27.2154,27.5019,76373920
2016-01-19,27.7052,27.7791,27.2431,27.5388,28878108
2016-01-20,27.123,27.6035,26.9936,27.3448,39598190
2016-01-21,27.4002,27.7514,27.0213,27.4095,30157376
2016-01-22,27.8346,27.9454,27.2708,27.6543,25326490
2016-01-25,27.7144,27.9223,27.3263,27.354,26440976
2016-01-26,27.3632,27.7699,27.3632,27.6682,24754949
2016-01-27,27.6128,27.927,27.391,27.5481,26384138
2016-01-28,27.7421,27.89,27.4926,27.6959,22028142
2016-01-29,27.9177,28.6755,27.8161,28.6663,38311356
2016-02-01,28.389,28.7587,28.3151,28.4814,19015120
2016-02-02,28.1395,28.1765,27.3817,27.5388,24994282
2016-02-03,27.7066,27.7066,26.5879,27.3524,44660057
2016-02-04,27.1659,27.8558,27.138,27.7533,29257839
2016-02-05,27.5761,27.7439,26.9515,27.0727,27957541
2016-02-08,26.793,27.0168,26.3828,26.8676,28725928
2016-02-09,26.56,27.1706,26.4854,26.8583,22902625
2016-02-10,26.9235,27.0354,26.2803,26.3176,27267783
2016-02-11,25.9447,26.4854,25.8048,26.3083,28450212
2016-02-12,26.6345,26.7511,26.2337,26.6998,19698998
2016-02-16,26.8024,26.9888,26.4388,26.8303,30705228
2016-02-17,26.9049,27.6133,26.7837,27.4736,27691728
2016-02-18,27.5295,27.7439,27.3897,27.427,20623257
2016-02-19,27.2219,27.3431,26.7651,26.7651,42056701
2016-02-22,27.138,27.5388,27.0354,27.3617,23893145
2016-02-23,27.3151,27.357,26.6625,26.849,26638208
2016-02-24,26.5879,27.3151,26.4528,27.2125,21593601
2016-02-25,27.3337,27.6134,26.9888,27.6134,17571439
2016-02-26,27.8558,28.0423,27.688,27.7812,19902219
2016-02-29,27.7066,28.0982,27.5761,27.5854,22903077
2016-03-01,27.9024,28.4618,27.7346,28.3126,25502568
2016-03-02,28.2474,28.7787,28.0795,28.4711,23779774
2016-03-03,29.0211,29.2262,28.4711,28.5084,25625212
2016-03-04,28.4338,28.7694,28.0143,28.555,20356845
2016-03-07,28.5177,29.0118,28.4338,28.844,18879949
2016-03-08,28.7414,28.7881,28.3219,28.4897,19104928
2016-03-09,28.7414,28.9372,28.5923,28.7741,14707806
2016-03-10,29.0304,29.2728,28.3219,29.133,29584840
2016-03-11,29.5245,29.6364,29.394,29.6084,22811232
2016-03-14,29.5152,29.5432,29.1796,29.3008,17438583
2016-03-15,29.2169,29.5059,28.9559,29.5059,16927746
2016-03-16,29.3567,29.6411,29.0584,29.5432,26298416
2016-03-17,29.6084,29.9907,29.5525,29.8135,22865286
2016-03-18,29.9813,30.4754,29.8881,30.4661,49934246
2016-03-21,30.0466,30.2237,29.7856,30.1492,21760871
2016-03-22,29.9813,30.261,29.7856,30.1305,22200449
2016-03-23,30.2703,30.2703,29.8135,29.8322,18765319
2016-03-24,29.711,29.7856,29.5526,29.7203,14211908
2016-03-28,29.711,29.8322,29.4779,29.739,11433018
2016-03-29,29.7669,30.2424,29.5776,30.1864,15313190
2016-03-30,30.2517,30.5314,30.1016,30.4941,16598019
2016-03-31,30.3263,30.4475,30.1258,30.1585,17879995
2016-04-01,30.0839,30.2703,29.9254,30.2517,18049694
2016-04-04,30.0186,30.1864,29.5898,29.8322,21581634
2016-04-05,29.7296,29.9441,29.5712,29.739,20080011
2016-04-06,29.8042,30.0466,29.6178,29.9068,15740607
2016-04-07,29.7296,29.739,29.2262,29.4127,23738226
2016-04-08,29.6084,29.8508,29.3474,29.4872,17031882
2016-04-11,29.739,30.1492,29.5152,29.5245,19707683
2016-04-12,29.7203,29.7762,29.2542,29.7017,16774210
2016-04-13,29.8042,30.0,29.7856,29.9534,19968076
2016-04-14,29.6271,29.725,29.4127,29.6457,21620893
2016-04-15,29.6364,29.725,29.2542,29.3288,28782769
2016-04-18,29.3008,29.5712,29.2542,29.5059,21566599
2016-04-19,29.5525,29.6551,29.2728,29.4593,33619314
2016-04-20,29.1983,30.0746,29.133,29.8322,57629791
2016-04-21,29.7762,29.8881,29.6551,29.8042,28431358
2016-04-22,29.5898,29.7017,29.105,29.4966,29625641
2016-04-25,29.2355,29.3661,29.0817,29.2635,19315711
2016-04-26,29.2635,29.5525,29.0584,29.2728,20976362
2016-04-27,29.133,29.6457,29.0771,29.5991,20006239
2016-04-28,29.3194,29.5618,28.9279,29.0025,25146389
2016-04-29,28.7694,28.7787,28.0609,28.2287,36443747
2016-05-02,28.3872,28.6109,28.3033,28.5363,21086632
2016-05-03,28.3499,28.4897,28.0516,28.3033,27111147
2016-05-04,28.3691,28.4067,27.9272,28.0682,23278779
2016-05-05,28.087,28.2281,27.9742,28.1152,23393270
2016-05-06,27.8425,28.3127,27.7579,28.2469,19632199
2016-05-09,28.2845,28.3691,27.9836,28.0212,16888275
2016-05-10,28.2093,28.3785,28.04,28.3409,17013816
2016-05-11,28.3597,28.4396,28.181,28.2657,15754233
2016-05-12,28.3127,28.4349,27.8049,27.9836,20826694
2016-05-13,28.0776,28.3973,28.0588,28.1246,19999591
2016-05-16,28.1152,28.7358,28.0964,28.576,21826072
2016-05-17,28.7452,28.7452,28.0776,28.1905,25709903
2016-05-18,28.2375,28.4443,28.0024,28.1999,22469947
2016-05-19,27.993,28.1434,27.7391,27.8613,21740870
2016-05-20,27.9554,28.5666,27.9272,28.3503,22777251
2016-05-23,28.4255,28.663,28.3315,28.4255,20881905
2016-05-24,28.6794,29.2624,28.6324,29.206,23699229
2016-05-25,29.3376,29.6855,29.2906,29.5163,18423836
2016-05-26,29.6103,29.742,29.5257,29.6103,12692300
2016-05-27,29.7138,29.7608,29.5727,29.6855,13341296
2016-05-31,29.6291,29.7608,29.4411,29.7043,23040218
2016-06-01,29.7326,29.8266,29.5915,29.7702,17753532
2016-06-02,29.6761,29.8642,29.5727,29.8642,14140127
2016-06-03,29.8454,29.8454,29.521,29.7326,15777539
2016-06-06,29.7514,29.9206,29.6949,29.789,15139603
2016-06-07,29.8548,30.1087,29.8078,29.977,19339090
2016-06-08,29.9018,30.0899,29.8924,29.9864,12732088
2016-06-09,29.789,30.0899,29.789,30.0335,11276764
2016-06-10,29.8078,30.3155,29.7608,30.1275,35749113
2016-06-13,30.1369,30.56,30.1275,30.2497,23004832
2016-06-14,30.0993,30.3155,29.8924,30.2215,18754277
2016-06-15,30.325,30.3344,29.7043,29.7232,23783272
2016-06-16,29.5633,29.8736,29.3564,29.7984,18547853
2016-06-17,29.836,29.9112,29.5915,29.8642,27047860
2016-06-20,30.1557,30.5036,30.0993,30.2497,21961579
2016-06-21,30.3344,30.4425,30.1745,30.3908,15476450
2016-06-22,30.372,30.6823,30.325,30.3626,18304758
2016-06-23,30.6353,31.0302,30.5611,31.0208,22048784
2016-06-24,29.9018,30.3908,29.5257,29.6667,38094301
2016-06-27,29.5351,29.5351,28.623,28.8863,35454030
2016-06-28,29.1214,29.3376,28.9709,29.3282,23693871
2016-06-29,29.4787,30.0711,29.4411,30.0241,22771058
2016-06-30,30.0899,30.9173,30.0617,30.8421,34528919
2016-07-01,30.6917,30.922,30.5318,30.7951,17084570
2016-07-05,30.56,30.7763,30.5177,30.7293,20107191
2016-07-06,30.8421,31.0302,30.4472,31.002,21070217
2016-07-07,30.9926,31.5474,30.9926,31.2182,26119445
2016-07-08,31.6414,31.9705,31.5003,31.9705,23341870
2016-07-11,32.0081,32.4406,32.0081,32.3278,23820667
2016-07-12,32.45,32.8826,32.4218,32.8544,28064113
2016-07-13,32.9484,33.1459,32.798,32.9202,29120904
2016-07-14,33.033,33.1929,32.8732,33.0989,25296374
2016-07-15,33.1553,33.1835,32.8168,32.9766,23661856
2016-07-18,33.0801,33.0989,32.8638,32.9578,19347177
2016-07-19,32.8074,33.0612,32.7698,33.0518,20395424
2016-07-20,33.1929,33.7853,32.9672,33.5596,42994187
2016-07-21,32.2808,32.4312,31.8388,32.2244,63708597
2016-07-22,32.3278,32.6287,32.215,32.5911,33033653
2016-07-25,32.5535,32.6804,32.5065,32.6193,20277701
2016-07-26,32.6757,33.1271,32.6287,32.9954,29644428
2016-07-27,32.9108,33.1741,32.5629,32.7509,23601763
2016-07-28,32.7509,32.7509,32.4595,32.6945,21667377
2016-07-29,32.6945,32.8309,32.5394,32.7792,18171236
2016-08-01,32.7415,32.8262,32.4971,32.7698,18824409
2016-08-02,32.7321,32.7886,32.2761,32.4971,20057327
2016-08-03,32.3076,32.4781,32.2034,32.4497,18388764
2016-08-04,32.4876,32.8002,32.4213,32.7623,16362642
2016-08-05,32.9708,33.2834,32.876,33.1413,20046211
2016-08-08,33.0655,33.3213,33.0276,33.1982,19497332
2016-08-09,33.1982,33.3119,33.0087,33.0845,12578884
2016-08-10,33.1603,33.1603,32.6865,32.715,19579027
2016-08-11,32.8381,32.9139,32.6771,32.8571,16364120
2016-08-12,32.7055,32.9329,32.6297,32.7529,15708316
2016-08-15,32.876,33.3119,32.8097,33.075,18931063
2016-08-16,32.9424,33.3592,32.9424,33.3592,16320929
2016-08-17,33.3213,33.3592,32.9424,33.1792,18221644
2016-08-18,33.1224,33.2455,32.9234,33.1318,16085181
2016-08-19,33.0087,33.4161,32.9092,33.3877,16417640
2016-08-22,33.3498,33.5866,33.274,33.5013,14941430
2016-08-23,33.634,33.814,33.4445,33.5392,18316042
2016-08-24,33.4634,33.5487,33.1792,33.3024,16343525
2016-08-25,33.2076,33.3687,33.0617,33.2455,12427980
2016-08-26,33.2645,33.7098,33.2076,33.4066,14469924
2016-08-29,33.615,33.795,33.3024,33.6814,15264300
2016-08-30,33.7193,33.8614,33.6529,33.8235,15183208
2016-08-31,33.7477,34.013,33.7098,34.0035,20562722
2016-09-01,34.0982,34.1456,33.7098,34.1266,18925769
2016-09-02,34.3067,34.4204,34.0603,34.1835,16726718
2016-09-06,34.4677,34.6762,34.2688,34.6477,22337790
2016-09-07,34.7235,34.7235,34.4677,34.5435,18495645
2016-09-08,34.4393,34.6667,34.2214,34.5246,20356511
2016-09-09,34.2024,34.4772,33.5771,33.5771,29457900
2016-09-12,33.3403,34.2214,33.2209,34.1835,22796599
2016-09-13,33.8708,33.994,33.4634,33.7382,23591345
2016-09-14,33.6435,33.9324,33.5345,33.7477,14127224
2016-09-15,33.8614,34.7235,33.6719,34.6383,24585103
2016-09-16,35.7373,36.0499,35.292,35.6899,74577899
2016-09-19,35.7089,36.0215,35.1404,35.2067,30531708
2016-09-20,35.4531,35.4625,34.9983,35.1878,24796900
2016-09-21,35.2541,35.491,34.9226,35.4815,21233698
2016-09-22,35.6236,35.8415,35.472,35.5762,17013410
2016-09-23,35.4815,35.671,35.1688,35.2351,18062474
2016-09-26,34.9793,34.9983,34.6762,34.7235,25518796
2016-09-27,34.9604,35.2636,34.7046,35.2257,22391576
2016-09-28,35.3488,35.5289,35.1973,35.472,19020799
2016-09-29,35.5194,35.5573,35.0551,35.3583,17674969
2016-09-30,35.5004,35.9268,35.472,35.7657,24279306
2016-10-03,35.7089,35.9552,35.5573,35.6804,14113578
2016-10-04,35.7847,35.9457,35.3678,35.5668,14393109
2016-10-05,35.7657,36.2963,35.6615,35.9931,22420804
2016-10-06,35.851,36.1542,35.5999,36.0689,15171434
2016-10-07,36.0784,36.211,35.7941,36.0973,16942539
2016-10-10,36.2394,36.3436,35.9078,36.0215,14954297
2016-10-11,35.9173,36.0026,34.8855,35.3109,27650460
2016-10-12,35.2446,35.292,34.8751,35.1783,14053888
2016-10-13,34.913,35.1783,34.5435,35.0267,16936015
2016-10-14,35.2351,35.7183,35.202,35.4815,19123944
2016-10-17,35.5762,35.7337,35.2873,35.3299,15788142
2016-10-18,35.9742,36.0499,35.5573,35.7657,42907753
2016-10-19,34.174,34.193,33.3782,33.6435,75229016
2016-10-20,33.5487,33.795,33.255,33.5677,25669479
2016-10-21,33.3592,33.5392,32.9803,33.3024,20813248
2016-10-24,33.5677,33.6245,33.2645,33.4066,21524741
2016-10-25,33.2929,33.3971,33.1697,33.255,17860312
2016-10-26,33.1982,33.3545,32.9139,33.0845,19977604
2016-10-27,33.255,33.3782,32.9234,32.9803,14634685
2016-10-28,33.0371,33.3213,32.8855,32.9139,22296428
2016-10-31,33.0845,33.2361,33.0087,33.0371,19188602
2016-11-01,33.0655,33.3119,32.4686,32.7055,25368222
2016-11-02,32.7813,33.0655,32.6581,32.7813,21416408
2016-11-03,32.8863,32.9531,32.3326,32.3899,19400032
2016-11-04,32.008,32.3899,31.903,32.0844,21914746
2016-11-07,32.6858,33.1727,32.5999,33.1154,19296598
2016-11-08,33.0295,33.3636,32.9245,33.1631,14833126
2016-11-09,32.5808,33.2681,32.1417,33.1727,25999427
2016-11-10,33.3636,33.3636,32.4806,32.934,28250229
2016-11-11,33.0008,33.2872,32.7813,33.039,22665026
2016-11-14,32.9913,33.1536,32.6476,32.9149,22558941
2016-11-15,33.0677,33.6882,33.039,33.3254,20676112
2016-11-16,33.3159,33.3349,32.9722,33.2586,18565450
2016-11-17,33.2299,33.4304,33.0581,33.4304,15748521
2016-11-18,33.3159,33.4113,33.0677,33.3636,16806853
2016-11-21,33.5068,33.6022,33.2586,33.3922,14259526
2016-11-22,33.5831,33.8886,33.5163,33.8695,22327447
2016-11-23,33.8695,33.9077,33.5068,33.6022,15843618
2016-11-25,33.5163,33.8409,33.5163,33.8313,6372836
2016-11-28,33.8218,34.0414,33.6118,33.8982,13549048
2016-11-29,34.0223,34.0223,33.6691,33.7072,19581040
2016-11-30,33.6022,33.6977,33.1249,33.1249,27016070
2016-12-01,33.2777,33.3445,32.0367,32.2276,29618687
2016-12-02,32.1894,32.7049,32.0749,32.6094,21492534
2016-12-05,32.7526,32.8576,32.4233,32.829,14461972
2016-12-06,32.829,33.1727,32.7431,33.144,15297703
2016-12-07,33.0963,33.9554,32.8863,33.8886,21710273
2016-12-08,33.8695,34.3946,33.6213,34.0795,19966537
2016-12-09,34.1273,34.2705,33.9745,34.1368,16326925
2016-12-12,34.1559,34.4518,34.0509,34.3373,21985830
2016-12-13,34.3755,35.2155,34.2991,35.1296,35773592
2016-12-14,35.0342,35.2155,34.805,34.891,30819365
2016-12-15,35.0723,35.4733,34.8719,35.1201,23721538
2016-12-16,35.0532,35.1964,34.4471,34.6619,38212824
2016-12-19,34.6905,35.2728,34.6237,35.2155,18744306
2016-12-20,35.2728,35.5496,35.2155,35.521,18551844
2016-12-21,35.5592,35.6499,35.2346,35.3014,14323574
2016-12-22,35.5401,35.5496,35.1392,35.2537,10793879
2016-12-23,35.2537,35.3014,35.1018,35.2919,6287281
2016-12-27,35.2346,35.6356,35.2346,35.3874,9033706
2016-12-28,35.416,35.5115,34.9196,34.9673,12868584
2016-12-29,34.8528,35.0532,34.7764,34.996,8447998
2016-12-30,35.1201,35.1296,34.5568,34.6237,17467984
2017-01-03,34.9482,35.2537,34.6237,34.9387,20196466
2017-01-04,35.0437,35.101,34.6905,34.7573,15915729
2017-01-05,34.7955,35.0532,34.6571,34.7,13986002
2017-01-06,34.9291,35.0151,34.5473,34.8241,15113998
2017-01-09,34.8241,35.2108,34.8218,34.9482,19461422
2017-01-10,34.891,35.2537,34.8719,34.8814,15918766
2017-01-11,34.8528,35.3205,34.8528,35.2728,22398426
2017-01-12,35.1583,35.1583,34.6714,35.0437,20391946
2017-01-13,35.0437,35.1869,34.9578,35.1201,15072235
2017-01-17,35.0055,35.1583,34.9291,35.1296,20195202
2017-01-18,35.2155,35.3301,34.9482,35.0914,15382452
2017-01-19,34.8528,35.2346,34.8528,34.9101,13654522
2017-01-20,35.0914,35.3492,34.9196,35.2633,23950936
2017-01-23,35.3874,35.521,34.891,35.101,27752565
2017-01-24,35.1678,36.0269,35.1392,35.9124,35140871
2017-01-25,36.151,36.2751,35.8122,36.0842,32357313
2017-01-26,36.1033,36.2035,35.7215,35.8551,34144843
2017-01-27,36.2751,36.7047,36.0938,36.2561,44368566
2017-01-30,36.0269,36.1224,35.6356,35.7215,23954716
2017-01-31,35.5306,35.6737,34.977,35.1487,27059084
2017-02-01,35.1487,35.2728,34.385,34.8623,28380640
2017-02-02,34.6141,35.0342,34.5568,35.0151,31916939
2017-02-03,35.2746,35.3996,35.0439,35.1112,21038146
2017-02-06,35.1016,35.1016,34.7555,34.8708,21426961
2017-02-07,35.0439,35.1112,34.842,34.9477,18581866
2017-02-08,34.9381,35.2362,34.7459,34.9766,20807358
2017-02-09,35.092,35.092,34.0344,34.0921,47802687
2017-02-10,33.8998,34.0632,33.496,33.9767,44106523
2017-02-13,34.1978,34.467,33.9767,34.419,28180550
2017-02-14,34.4574,34.5728,34.1594,34.544,25734801
2017-02-15,34.592,34.6689,34.294,34.6593,18452197
2017-02-16,34.7843,35.1496,34.7074,35.0054,21317455
2017-02-17,34.9189,35.0727,34.7074,35.0727,18909888
2017-02-21,35.1208,35.2362,34.9285,35.1112,20556017
2017-02-22,34.9381,34.9924,34.4094,34.6786,29904370
2017-02-23,34.842,34.8997,34.5151,34.7843,22774979
2017-02-24,34.7459,35.1208,34.5632,35.1208,18617592
2017-02-27,35.015,35.265,34.8708,35.1016,14065236
2017-02-28,35.015,35.0535,34.6113,34.8035,24977011
2017-03-01,34.467,34.7074,34.0729,34.544,34085869
2017-03-02,34.544,34.6305,34.2748,34.5247,23602100
2017-03-03,34.5536,34.693,34.294,34.5151,17540896
2017-03-06,34.4094,34.419,34.0536,34.1978,24416732
2017-03-07,34.169,34.419,34.02,34.419,23434893
2017-03-08,34.294,34.5151,34.1546,34.2459,20920148
2017-03-09,34.2267,34.5536,34.1305,34.4382,23616786
2017-03-10,34.7266,34.8949,34.3997,34.5247,25402348
2017-03-13,34.467,34.6497,33.5921,33.8037,53582931
2017-03-14,33.7075,33.871,33.3229,33.8229,28586871
2017-03-15,33.5921,33.8133,33.3422,33.746,27996095
2017-03-16,33.8133,33.9959,33.7171,33.7844,19616053
2017-03-17,33.9479,33.9671,33.746,33.9094,30778867
2017-03-20,34.0056,34.2555,33.8998,34.0632,17322274
2017-03-21,34.2171,34.2267,33.6498,33.6883,22814547
2017-03-22,33.8613,34.0921,33.6498,34.0056,19144498
2017-03-23,34.1209,34.1209,33.6691,33.9094,20640352
2017-03-24,34.2748,34.3517,33.7652,33.8037,22187960
2017-03-27,33.7171,34.1305,33.5921,34.0248,16992235
2017-03-28,33.9767,34.3324,33.8517,34.2267,18398148
2017-03-29,34.1498,34.3228,34.068,34.1978,17202642
2017-03-30,34.2075,34.5055,34.1498,34.3709,16432950
2017-03-31,34.3709,34.8516,34.3613,34.6786,21438385
2017-04-03,34.7939,35.3227,34.7266,34.7651,32013641
2017-04-04,34.7266,34.9718,34.6016,34.8804,18918045
2017-04-05,35.0247,35.3419,34.7747,34.8228,22455525
2017-04-06,34.7362,34.8853,34.6401,34.6401,20198223
2017-04-07,34.6786,34.9189,34.5968,34.6401,15689208
2017-04-10,34.6305,34.6978,34.2363,34.419,19973723
2017-04-11,34.3901,34.4094,33.8517,34.3613,22711830
2017-04-12,34.4863,34.6209,34.1305,34.2555,19289787
2017-04-13,34.1786,34.3805,33.8902,33.8902,15763996
2017-04-17,34.0729,34.2171,33.9671,34.1113,12560746
2017-04-18,34.0632,34.4286,33.9334,34.3853,12321050
2017-04-19,34.5824,34.8228,34.5055,34.5247,16594635
2017-04-20,34.7843,34.8663,34.4767,34.7843,22968262
2017-04-21,34.8035,35.015,34.467,34.9189,20390513
2017-04-24,35.2554,35.4285,35.0535,35.3323,26305762
2017-04-25,35.3515,35.5727,35.2458,35.4477,22066776
2017-04-26,35.3612,35.7938,35.3612,35.5054,27240993
2017-04-27,35.4477,36.0534,35.3612,35.9861,39889967
2017-04-28,34.7074,35.0775,34.4959,34.7555,56769258
2017-05-01,34.717,34.9958,34.5536,34.9093,24825614
2017-05-02,34.967,35.6015,34.9477,35.5438,35813021
2017-05-03,35.5656,36.0015,35.4688,35.8175,22040256
2017-05-04,35.8271,35.9434,35.4881,35.6915,16437088
2017-05-05,35.7012,35.769,35.3525,35.6625,18119243
2017-05-08,35.5753,35.6915,35.3332,35.3913,17660214
2017-05-09,35.3332,35.5947,35.1395,35.2266,17819144
2017-05-10,35.1298,35.2363,34.8005,34.878,25133822
2017-05-11,34.7811,34.8683,34.3397,34.568,21508923
2017-05-12,34.5971,34.6164,34.2871,34.413,19730842
2017-05-15,34.4179,34.5922,34.3065,34.5099,22120137
2017-05-16,34.6261,34.7617,34.3065,34.6939,22291843
2017-05-17,34.5486,34.8582,33.9191,33.9384,26670188
2017-05-18,34.0837,34.3549,33.9772,34.1128,17171872
2017-05-19,34.045,34.4324,34.0256,34.2871,18340127
2017-05-22,34.3646,34.9748,34.2678,34.6455,14638066
2017-05-23,34.7424,34.8586,34.4421,34.7327,16903704
2017-05-24,34.8489,35.0426,34.7617,34.9845,20860257
2017-05-25,34.9845,35.246,34.9264,35.1201,13148542
2017-05-26,35.1201,35.1879,34.9942,35.1201,11145523
2017-05-30,35.1298,35.2944,34.9554,35.0426,13026915
2017-05-31,35.1685,35.2363,34.7424,34.9748,17741896
2017-06-01,34.9845,34.9942,34.6746,34.9845,17510915
2017-06-02,35.1298,35.1879,34.8683,35.1782,19127420
2017-06-05,35.1588,35.3525,35.062,35.1976,11685699
2017-06-06,35.0232,35.3041,34.8489,34.9942,18420926
2017-06-07,34.9942,35.4203,34.9651,35.1201,17191983
2017-06-08,35.1976,35.3816,35.0232,35.3332,17154167
2017-06-09,35.3525,35.4107,34.2,34.5874,33322053
2017-06-12,34.4712,34.878,34.2968,34.6068,28488290
2017-06-13,34.5583,34.8198,34.413,34.752,20588247
2017-06-14,34.8586,34.9167,34.1128,34.413,19149017
2017-06-15,34.1031,34.3646,34.0353,34.2,20410009
2017-06-16,34.1709,34.2193,33.9094,34.1031,30762781
2017-06-19,34.4905,34.4905,34.2096,34.3937,21583752
2017-06-20,34.3356,34.3356,33.7447,33.7641,21536505
2017-06-21,33.2508,33.5123,33.0183,33.4929,27138493
2017-06-22,33.4735,33.5413,33.212,33.2798,24602910
2017-06-23,33.1345,33.4639,33.0232,33.1152,29260888
2017-06-26,33.183,33.4251,32.9602,32.9989,18854766
2017-06-27,32.9311,33.0716,32.5921,32.5921,27078918
2017-06-28,32.7084,33.1636,32.6793,33.1249,25940057
2017-06-29,32.8537,33.028,32.2919,32.4856,25215664
2017-06-30,32.8052,32.8633,32.4808,32.6793,24432020
2017-07-03,32.4565,32.9602,32.3791,32.4081,12676894
2017-07-05,32.4662,33.3476,32.4323,33.2604,30010803
2017-07-06,33.0474,33.212,32.505,32.5728,20733189
2017-07-07,32.6406,33.0474,32.6406,32.8149,18304460
2017-07-10,32.2047,32.6793,32.1853,32.5921,29918436
2017-07-11,32.5825,32.8633,32.3801,32.8537,25737540
2017-07-12,33.2023,33.3089,32.873,33.1733,23768337
2017-07-13,33.2508,33.3186,33.0474,33.1636,15046199
2017-07-14,33.396,33.6188,33.1878,33.5898,16316353
2017-07-17,33.6479,33.6479,33.2798,33.3864,21044407
2017-07-18,33.3476,33.4929,33.1733,33.4445,14362830
2017-07-19,33.5898,33.5898,33.3767,33.4735,17036197
2017-07-20,33.4542,33.7447,33.3912,33.6576,17506216
2017-07-21,33.4542,33.7254,33.3137,33.6382,22245041
2017-07-24,33.6382,33.706,33.2992,33.4154,16146284
2017-07-25,33.4639,33.643,33.3186,33.5801,18096682
2017-07-26,33.6091,33.8706,33.5026,33.6576,15499322
2017-07-27,33.6866,34.1418,33.5801,33.8706,43062842
2017-07-28,34.0256,34.7327,33.8997,34.2,36291484
2017-07-31,34.3549,34.6164,34.2096,34.3549,27056989
2017-08-01,35.5101,35.6662,35.3442,35.5491,17984988
2017-08-02,35.1879,35.5172,34.9215,35.4881,35004283
2017-08-03,35.6662,35.7053,35.2759,35.6077,26611347
2017-08-04,35.5686,35.676,35.2271,35.4223,20520301
2017-08-07,35.5101,35.6662,35.3442,35.5491,18169335
2017-08-08,35.4906,35.8126,35.4223,35.5296,22819871
2017-08-09,35.4028,35.7736,35.149,35.7053,22796797
2017-08-10,35.5199,35.676,35.2369,35.2661,22693316
2017-08-11,35.3832,35.5199,34.9246,35.0027,19275060
2017-08-14,35.2466,35.5882,35.2076,35.4613,18469448
2017-08-15,35.4223,35.4418,34.949,35.1295,21706563
2017-08-16,35.11,35.1978,34.7002,34.9441,22013991
2017-08-17,34.7392,34.8173,34.3196,34.3196,19524961
2017-08-18,34.4367,34.4562,34.1439,34.1635,16231408
2017-08-21,34.2415,34.4269,33.861,34.0756,26493271
2017-08-22,34.1732,34.3391,33.7829,33.8122,26097791
2017-08-23,33.7048,33.9683,33.5487,33.8219,19648134
2017-08-24,33.861,34.0464,33.7146,33.8707,14301892
2017-08-25,33.9781,34.0854,33.7439,33.8317,14726829
2017-08-28,33.939,33.9585,33.7536,33.8122,20712876
2017-08-29,33.6756,33.9097,33.6219,33.8902,15843668
2017-08-30,33.9097,34.1147,33.7927,34.0464,18565007
2017-08-31,34.0952,34.3294,34.0268,34.222,16366772
2017-09-01,34.3879,34.5343,34.222,34.2415,12821972
2017-09-05,34.1732,34.4757,34.0854,34.1732,19300594
2017-09-06,34.3684,35.071,34.261,34.8953,28076438
2017-09-07,35.0124,35.0807,34.4757,34.6806,16297077
2017-09-08,34.5635,34.6806,34.2318,34.3391,14125018
2017-09-11,34.6319,35.1295,34.2903,34.9051,20037575
2017-09-12,35.0124,35.4613,34.8758,35.2173,19489892
2017-09-13,35.1295,35.5199,35.1002,35.4515,15509787
2017-09-14,35.3149,35.8077,35.2857,35.5979,18093946
2017-09-15,35.6662,36.1834,35.3442,36.1053,33596072
2017-09-18,36.1053,36.4274,35.9102,36.1053,19393834
2017-09-19,36.3005,36.3932,36.1249,36.3298,23850525
2017-09-20,36.3298,36.3883,35.7687,36.1737,23957476
2017-09-21,36.0956,36.3688,35.959,36.3005,22954158
2017-09-22,36.0566,36.32,36.0566,36.281,21631754
2017-09-25,36.1541,36.3298,35.959,36.2615,23180838
2017-09-26,36.3103,36.7299,36.1053,36.564,29790369
2017-09-27,36.7104,36.7787,36.2029,36.6323,25981384
2017-09-28,36.4176,36.9641,36.3883,36.9153,21171441
2017-09-29,36.925,37.2275,36.7884,37.1592,23217336
2017-10-02,37.1983,38.1448,37.1592,38.096,37394514
2017-10-03,38.0082,38.7401,38.0082,38.4278,34002193
2017-10-04,38.4376,38.4473,37.921,38.3888,28368824
2017-10-05,38.5449,38.6913,38.2619,38.5742,17710277
2017-10-06,38.6425,38.9255,38.4668,38.6718,18887536
2017-10-09,38.7205,38.9157,38.5644,38.8962,18494080
2017-10-10,38.9645,38.984,38.4278,38.6913,29890017
2017-10-11,38.5254,38.7108,38.1155,38.3497,30754708
2017-10-12,38.3985,38.4376,38.0375,38.2424,18286944
2017-10-13,38.4863,38.8474,38.3302,38.7108,16829366
2017-10-16,38.7498,38.8279,38.4863,38.7986,12489135
2017-10-17,38.6034,38.9011,38.418,38.8279,15532818
2017-10-18,38.8376,39.3158,38.6425,39.2768,21424554
2017-10-19,38.9157,39.3548,38.8669,39.1206,19222705
2017-10-20,39.3548,39.4719,39.1304,39.4524,18335672
2017-10-23,39.5695,40.0477,39.4183,39.8427,28646966
2017-10-24,40.0086,40.0574,39.7354,39.9598,19652417
2017-10-25,39.9013,40.0623,39.511,39.7939,24031660
2017-10-26,39.9208,40.5697,39.7256,40.3502,38247395
2017-10-27,42.253,43.9119,42.0578,43.3264,90028300
2017-10-30,43.4045,44.0973,42.819,43.2971,48161518
2017-10-31,44.1071,44.6926,43.5704,44.3901,47000920
2017-11-01,44.8584,45.5806,44.4876,45.5806,47813724
2017-11-02,45.483,46.088,45.0956,45.9611,44602250
2017-11-03,46.0587,46.1563,44.4974,45.2195,39298110
2017-11-06,45.7422,45.8796,45.2416,45.8403,34034971
2017-11-07,45.8403,46.2232,45.536,45.9189,24461371
2017-11-08,45.7618,45.8403,45.4281,45.8403,21565759
2017-11-09,45.2023,45.536,44.8097,45.4477,25535872
2017-11-10,45.1925,45.2416,44.5446,44.741,24095354
2017-11-13,44.4268,45.0943,44.417,44.9078,18999002
2017-11-14,44.8587,45.0747,44.4857,45.0158,22201170
2017-11-15,44.5545,44.9618,44.341,44.6232,17157204
2017-11-16,44.79,45.2219,44.6232,44.8097,26439406
2017-11-17,44.6624,44.7802,43.7986,43.8084,63798040
2017-11-20,43.9066,44.2845,43.6808,43.7986,22420003
2017-11-21,43.8968,44.3876,43.887,44.1127,21871027
2017-11-22,44.1127,44.1226,43.7152,43.8281,19538331
2017-11-24,43.7299,43.9508,43.6121,43.9262,6465815
2017-11-27,43.6023,43.7888,43.4586,43.671,18202115
2017-11-28,43.8281,44.0146,43.5042,43.9066,20194062
2017-11-29,44.0244,44.26,42.9643,43.141,27036870
2017-11-30,43.5434,44.368,43.514,44.0146,34145303
2017-12-01,43.9066,44.0146,42.7287,43.8575,26656272
2017-12-04,44.1913,44.4661,43.514,43.671,28000791
2017-12-05,43.779,44.0735,42.4342,42.6403,30626850
2017-12-06,42.3459,42.9152,41.8845,42.6502,27710812
2017-12-07,42.66,42.7974,41.9925,42.287,32708441
2017-12-08,42.552,42.7778,42.3164,42.552,23154749
2017-12-11,42.4833,42.9741,42.4538,42.8563,20425900
2017-12-12,42.6698,42.817,42.287,42.5324,16557398
2017-12-13,42.8465,42.8563,42.444,42.5422,21399460
2017-12-14,42.6305,42.768,42.2232,42.4637,19644917
2017-12-15,42.6011,44.0146,42.2772,43.7397,47476952
2017-12-18,44.3189,45.4968,44.2109,45.4084,50369327
2017-12-19,45.4477,46.39,45.0453,46.1741,41421116
2017-12-20,46.5962,46.763,45.8011,46.6845,40934978
2017-12-21,46.6649,46.714,45.7029,45.8992,42963451
2017-12-22,45.4772,46.1544,45.1729,45.8403,33913537
2017-12-26,45.4281,45.6146,45.1041,45.2318,15533328
2017-12-27,45.2612,45.5066,45.1532,45.2612,13359671
2017-12-28,45.5066,45.5066,45.1041,45.3692,9504372
2017-12-29,45.3594,45.6342,45.2416,45.3103,17394491
2018-01-02,45.5262,46.0367,45.3594,45.9876,23370791
2018-01-03,44.633,45.3594,42.8465,44.4268,116478986
2018-01-04,42.7189,43.8281,41.9042,43.6121,89209119
2018-01-05,43.6121,44.3189,43.0919,43.9164,41824006
2018-01-08,43.4551,44.0146,43.1508,43.9164,33733769
2018-01-09,43.8772,44.0146,42.6894,42.817,44282311
2018-01-10,42.5324,42.7974,41.6588,41.7177,45734951
2018-01-11,42.0121,42.7778,41.6686,42.6109,35371519
2018-01-12,42.6502,42.7974,42.2183,42.444,29973553
2018-01-16,42.7483,42.9839,42.0956,42.3459,38367181
2018-01-17,42.7434,43.6318,42.7091,43.5729,32368612
2018-01-18,43.5827,43.9115,43.3569,43.6612,26826529
2018-01-19,43.7986,44.0637,43.4354,43.9949,25780217
2018-01-22,43.9753,44.9471,43.9655,44.9078,27706762
2018-01-23,44.9667,45.2416,44.79,45.2121,22135103
2018-01-24,45.0551,45.2808,44.1324,44.6722,32464221
2018-01-25,45.0354,45.5164,44.3385,44.4661,36758746
2018-01-26,47.4894,49.2268,47.2342,49.1581,86916079
2018-01-29,48.687,49.9139,48.4612,49.06,46304040
2018-01-30,48.5692,49.1385,47.8428,47.8919,32814590
2018-01-31,48.3238,48.3434,46.6845,47.2538,41619914
2018-02-01,46.817,47.5778,46.5765,46.7729,28840380
2018-02-02,46.4489,46.9103,45.2514,45.3005,28663029
2018-02-05,45.4968,46.39,43.6808,43.7005,47869041
2018-02-06,43.5028,44.4021,42.5247,44.3824,58145381
2018-02-07,44.0563,45.7561,43.8191,44.669,37508414
2018-02-08,44.748,44.8864,42.2379,42.2478,43151330
2018-02-09,42.9889,43.7598,41.5461,43.4337,49301141
2018-02-12,43.6313,44.6294,43.572,44.3033,28379521
2018-02-13,44.0661,44.249,43.7351,43.9377,19517609
2018-02-14,43.5523,44.9753,43.5226,44.8469,19922010
2018-02-15,45.341,45.4497,44.4219,45.3805,23536793
2018-02-16,45.2768,46.0426,44.9753,45.0247,21475207
2018-02-20,44.9259,46.1612,44.8567,45.7758,25511962
2018-02-21,46.1217,46.5071,45.3805,45.4003,27527487
2018-02-22,45.5979,46.013,45.084,45.2619,16946353
2018-02-23,45.7956,47.2285,45.761,47.1693,26040911
2018-02-26,47.6337,48.5528,47.5349,48.533,26992306
2018-02-27,48.79,50.302,48.7307,49.3236,43624077
2018-02-28,49.5905,49.7486,48.701,48.7109,35541183
2018-03-01,48.9185,49.1309,46.9123,47.278,36326639
2018-03-02,46.6455,48.4737,46.4083,48.4046,33310592
2018-03-05,47.9994,49.21,47.4766,49.1655,30826521
2018-03-06,49.5707,50.727,49.5608,50.1142,39132300
2018-03-07,49.5905,50.8801,49.5114,50.7171,31801943
2018-03-08,51.1816,51.4681,49.8771,50.1439,29481157
2018-03-09,50.6677,51.6856,50.4008,51.5769,32727914
2018-03-12,51.2507,51.3397,49.9067,50.9147,32044382
2018-03-13,51.903,53.1482,50.7863,51.1717,45573922
2018-03-14,51.4484,51.562,50.7072,51.2507,24993502
2018-03-15,51.6164,51.6856,50.2822,50.2822,25631228
2018-03-16,50.5688,51.0926,50.391,50.5688,42559810
2018-03-19,50.1439,50.6281,49.3434,50.2328,31115248
2018-03-20,50.2822,51.2013,50.2526,50.9444,22214951
2018-03-21,50.9444,51.5571,50.5688,50.9543,23239476
2018-03-22,50.1439,51.3496,50.0055,50.2328,30915970
2018-03-23,49.9957,50.391,48.7801,48.7801,37683871
2018-03-26,50.1439,51.8733,49.7288,51.8634,39306227
2018-03-27,52.3872,52.6244,50.1834,50.5886,38777042
2018-03-28,49.9067,50.1044,48.4342,49.0173,37970859
2018-03-29,49.3928,51.4681,49.2841,51.4681,45265805
2018-04-02,51.0827,51.4286,46.7344,48.3453,67187824
2018-04-03,48.4243,49.3731,47.8413,49.1655,39432360
2018-04-04,47.5349,49.5707,47.446,49.4027,30370046
2018-04-05,49.4225,50.124,49.3829,49.7881,25115351
2018-04-06,49.2051,49.8079,47.9302,48.2168,28215164
2018-04-09,48.5825,50.5095,48.5825,48.9679,31436989
2018-04-10,50.5194,50.8851,49.7486,50.6677,26417762
2018-04-11,50.391,51.1223,50.223,50.4997,17568432
2018-04-12,50.8851,52.6431,50.8455,52.1006,29781357
2018-04-13,52.4366,52.5849,50.9938,51.2507,20884874
2018-04-16,51.6757,51.9129,51.1816,51.7844,18855458
2018-04-17,52.2884,53.0691,52.2686,52.911,21228696
2018-04-18,52.8912,53.7164,52.7133,52.9802,22164679
2018-04-19,52.3279,52.3378,51.0037,51.6065,25422376
2018-04-20,51.5571,51.6658,50.2822,50.9246,26910093
2018-04-23,51.0817,51.2804,50.2526,50.4997,21706733
2018-04-24,51.2606,53.0098,50.5392,50.8455,42494668
2018-04-25,51.2507,51.4879,50.0055,50.7764,25752805
2018-04-26,51.646,52.6442,51.4583,52.4268,39575029
2018-04-27,54.7887,55.1346,51.6164,52.1105,69888148
2018-04-30,51.9425,52.743,50.6084,51.0136,36417370
2018-05-01,51.0333,52.7924,50.8357,52.7035,27600758
2018-05-02,52.4663,52.575,51.5373,51.6954,25778328
2018-05-03,51.2804,51.9425,50.6084,51.6658,28560967
2018-05-04,51.308,52.5206,50.6917,52.4609,25642474
2018-05-07,52.5405,53.2561,52.5106,53.0076,20285746
2018-05-08,52.9726,53.3058,52.4808,53.3058,21026793
2018-05-09,53.435,54.0413,52.8685,54.0115,19827532
2018-05-10,54.2202,54.6675,53.773,54.6476,18715910
2018-05-11,54.2898,54.8564,54.101,54.3395,15405004
2018-05-14,54.4389,54.9062,54.4091,54.5681,21878199
2018-05-15,54.2501,54.419,53.2362,53.5941,21712649
2018-05-16,53.8425,54.3693,53.6288,54.3097,16260459
2018-05-17,54.2202,55.1049,54.091,54.4787,16872598
2018-05-18,54.2004,54.2103,53.1468,53.1766,23679944
2018-05-21,54.0314,54.8862,53.5344,53.9916,25367377
2018-05-22,54.3992,54.7172,53.7233,54.1208,19009588
2018-05-23,53.6736,54.8961,53.5145,54.8763,20555425
2018-05-24,54.8464,54.9657,53.8028,54.419,19667095
2018-05-25,54.4687,55.1645,54.2103,55.1049,18549989
2018-05-29,54.7868,55.4726,54.4787,54.9856,24253509
2018-05-30,55.5521,55.8603,55.2788,55.3434,24711519
2018-05-31,55.3335,55.5223,54.7272,54.8663,30962105
2018-06-01,55.5024,56.7548,55.4627,56.735,31183166
2018-06-04,56.6654,57.2513,56.4318,56.4865,22538053
2018-06-05,56.556,56.7747,55.8752,56.1883,21687019
2018-06-06,56.1883,56.7151,55.741,56.6853,22955355
2018-06-07,56.5759,56.6554,55.2838,55.5422,27596110
2018-06-08,55.2241,55.3633,54.3296,54.7172,30822854
2018-06-11,54.4687,54.757,53.932,54.1904,25752361
2018-06-12,54.5383,54.6973,53.8922,54.4886,23294943
2018-06-13,54.6476,55.3633,54.5781,54.6973,22631436
2018-06-14,55.1148,55.5223,54.8464,55.2043,23419829
2018-06-15,54.8365,55.0452,54.2501,54.7769,39194688
2018-06-18,53.9718,53.9718,52.0236,52.8983,40764444
2018-06-19,51.8248,52.6299,51.5664,52.61,31780850
2018-06-20,52.8685,53.4201,52.3715,53.1368,21403035
2018-06-21,54.0513,54.2004,51.626,51.8745,44435555
2018-06-22,52.3019,52.7691,51.9838,52.1826,34682074
2018-06-25,50.8607,51.4372,49.6083,50.4035,45356466
2018-06-26,49.6481,50.1053,49.0616,49.3697,37543003
2018-06-27,49.0417,49.7574,48.4553,48.4652,33338795
2018-06-28,48.2863,49.1908,48.2068,48.9523,29055690
2018-06-29,49.2306,49.8071,49.2008,49.4095,28906523
2018-07-02,48.7436,49.9661,48.5348,49.8965,23755548
2018-07-03,50.2742,50.5526,49.1312,49.171,16327904
2018-07-05,49.6779,50.6519,49.4493,50.4432,26163528
2018-07-06,50.4631,51.1887,50.0953,51.0595,19968048
2018-07-09,51.3278,51.5763,50.6917,51.5465,21361609
2018-07-10,51.7851,51.9441,51.5266,51.8447,17362901
2018-07-11,51.3775,51.5564,50.8806,50.8905,18665554
2018-07-12,51.7354,52.1628,51.4173,52.0335,20292712
2018-07-13,52.0832,52.1031,51.4471,51.9043,13750255
2018-07-16,51.8348,52.0037,51.5564,51.6956,15951549
2018-07-17,50.7414,51.5649,50.7016,51.4372,15754472
2018-07-18,51.5564,51.6558,51.1539,51.4074,14649019
2018-07-19,51.2881,51.6956,50.7414,51.6658,15954636
2018-07-20,51.5167,51.7552,51.0197,51.5962,17387554
2018-07-23,51.4571,52.1777,51.0197,51.9938,15945470
2018-07-24,52.4411,52.9778,51.7602,51.8646,17788677
2018-07-25,51.8944,52.1329,50.7812,52.1131,19892991
2018-07-26,52.1329,52.8585,51.5564,51.8447,28282484
2018-07-27,48.4652,48.9026,47.193,47.3918,67816656
2018-07-30,47.3421,47.6999,46.1493,47.4017,35696572
2018-07-31,47.9484,48.3815,47.4017,47.8092,36581201
2018-08-01,47.7645,48.6143,47.7098,48.5149,28060679
2018-08-02,48.2068,49.2207,47.9086,49.1809,26452493
2018-08-03,49.2008,49.4791,48.8729,49.33,22008160
2018-08-06,48.77,49.31,48.32,49.3,26669005
2018-08-07,49.43,49.83,49.41,49.7,28322714
2018-08-08,49.6,50.13,49.44,49.96,21997841
2018-08-09,49.86,50.6,49.72,50.14,23795628
2018-08-10,48.51,49.17,48.3,48.85,28712389
2018-08-13,48.92,49.24,48.38,48.45,17070585
2018-08-14,48.67,48.76,47.65,48.12,23061591
2018-08-15,47.78,48.0,46.9,47.46,26739870
2018-08-16,47.75,47.95,47.05,47.17,24358040
2018-08-17,47.0,47.39,46.33,47.1,26381992
2018-08-20,47.05,47.12,46.19,46.5,24334042
2018-08-21,46.66,47.85,46.64,47.62,19254336
2018-08-22,47.25,47.35,46.92,47.05,23182485
2018-08-23,46.86,47.17,46.71,46.98,31343206
2018-08-24,47.29,47.89,47.08,47.66,18214708
2018-08-27,48.0,48.39,47.63,48.35,17170257
2018-08-28,48.55,48.79,48.31,48.57,13472427
2018-08-29,48.7,48.86,48.4,48.75,13479099
2018-08-30,48.52,48.83,48.09,48.24,16418812
2018-08-31,47.96,48.56,47.92,48.43,16483981
2018-09-04,48.38,48.4267,47.5601,47.96,15682894
2018-09-05,47.75,48.12,47.47,47.72,20857150
2018-09-06,47.76,47.96,47.21,47.26,19318129
2018-09-07,46.91,47.48,46.36,46.45,25958345
2018-09-10,46.56,46.76,46.23,46.3,21522362
2018-09-11,46.0,46.03,44.89,44.93,32455320
2018-09-12,44.56,44.98,44.06,44.93,29778722
2018-09-13,45.68,45.85,45.11,45.57,18657116
