date,open,high,low,close,volume
2013-09-16,63.2863,63.3621,62.3151,62.4525,2124732
2013-09-17,62.6041,63.1631,62.3672,62.822,1731612
2013-09-18,61.8555,62.7272,61.6755,62.6145,3015031
2013-09-19,62.5946,63.0589,62.2914,62.9357,3125990
2013-09-20,63.1442,63.8074,63.0115,63.3337,7165984
2013-09-23,63.0968,63.4521,62.8409,62.9262,1885363
2013-09-24,63.4853,63.4853,62.2866,62.4998,2732041
2013-09-25,62.4146,62.9547,62.3482,62.7841,2974371
2013-09-26,63.0873,63.1631,62.5377,62.8788,2364867
2013-09-27,62.443,63.2768,62.1587,63.021,3161550
2013-09-30,62.3008,63.1726,62.2703,62.8315,2934434
2013-10-01,63.0399,63.5706,62.7178,62.9641,2095726
2013-10-02,62.9452,63.0589,62.3577,62.9641,1647913
2013-10-03,62.8883,63.0115,61.8366,62.3767,3682100
2013-10-04,62.5662,63.0494,62.0261,62.822,2365724
2013-10-07,62.2914,62.9736,61.8081,62.7651,2263064
2013-10-08,62.8126,62.9457,61.8814,62.1474,2223128
2013-10-09,62.271,62.3945,61.8909,62.0429,2119243
2013-10-10,62.6416,62.8411,62.214,62.5276,2104871
2013-10-11,62.1284,63.6014,62.1284,63.6014,2047689
2013-10-14,63.4018,64.124,62.7271,64.0765,2008960
2013-10-15,63.7724,64.0575,63.4113,63.4398,2227755
2013-10-16,63.6964,63.991,63.3353,63.6679,2027109
2013-10-17,63.5633,64.6486,63.3828,64.6181,1761593
2013-10-18,65.3403,65.6824,65.2073,65.3213,2554661
2013-10-21,65.2643,65.749,65.1693,65.5779,1245399
2013-10-22,65.5969,66.0768,65.4069,66.015,1874019
2013-10-23,65.8155,66.0435,65.5494,65.7395,1306088
2013-10-24,65.7585,66.7087,65.6824,66.3476,1996698
2013-10-25,66.6992,67.0033,66.3286,66.9368,1718896
2013-10-28,67.0033,67.4689,66.7467,67.3169,1180372
2013-10-29,67.64,68.2292,67.4025,67.9251,1441450
2013-10-30,67.9441,68.2292,67.659,67.9061,1467222
2013-10-31,68.1246,68.3907,67.811,67.8585,1996719
2013-11-01,68.2006,68.4192,67.602,67.7825,2376667
2013-11-04,67.8205,67.9346,67.2884,67.8585,1504829
2013-11-05,67.83,68.2719,67.4547,68.1911,1712389
2013-11-06,68.1151,68.8468,67.9536,68.6473,1334160
2013-11-07,68.7138,69.0179,68.0866,68.1151,1195271
2013-11-08,68.2862,68.8848,68.2767,68.8753,1862402
2013-11-11,68.6663,69.0179,68.2387,68.6805,1302658
2013-11-12,68.6093,68.8468,68.3717,68.8088,1049890
2013-11-13,68.9704,69.3315,68.3622,69.3315,2645918
2013-11-14,69.322,69.6451,68.6758,69.5215,1606170
2013-11-15,69.626,70.0632,69.2364,70.0062,1832428
2013-11-18,70.0632,70.2627,69.512,69.7591,1784305
2013-11-19,69.9301,70.2057,69.4075,69.7116,1130855
2013-11-20,69.9871,69.9871,69.3505,69.5025,1837906
2013-11-21,69.417,69.7401,68.7328,69.5215,2359453
2013-11-22,69.303,69.5215,67.3454,68.4477,4434623
2013-11-25,68.7043,69.36,68.1816,69.1129,2521218
2013-11-26,68.9609,69.7876,68.9514,69.2174,2014713
2013-11-27,69.4265,69.9776,69.3125,69.8826,1445193
2013-11-29,70.1297,70.6333,70.0632,70.5383,1377704
2013-12-02,70.4718,71.0705,70.1962,70.5383,2028176
2013-12-03,70.5003,71.061,70.2437,70.6618,1647086
2013-12-04,70.1487,70.8424,69.8161,70.6428,1548747
2013-12-05,70.5193,70.6808,70.1677,70.3292,1424760
2013-12-06,71.0514,71.2985,70.5763,71.1845,1463352
2013-12-09,71.1465,71.1845,70.4338,70.6998,1631885
2013-12-10,71.7546,71.8592,70.5573,71.27,2112134
2013-12-11,71.5076,71.8402,70.7521,70.8234,1750694
2013-12-12,70.6713,70.8994,70.0537,70.5383,1639191
2013-12-13,70.9089,71.5076,70.8709,71.289,1698079
2013-12-16,71.251,71.7166,70.8994,71.1417,2071241
2013-12-17,71.251,71.3175,70.8234,70.9754,1653390
2013-12-18,70.6998,72.0492,70.3387,72.0397,2327418
2013-12-19,72.1918,72.4198,71.7594,71.9257,1879235
2013-12-20,72.2013,72.5339,71.5076,71.5361,6408262
2013-12-23,71.8877,72.8379,71.7451,72.5244,1361985
2013-12-24,72.6954,72.7619,72.4293,72.6194,393461
2013-12-26,72.4198,72.895,72.2013,72.5529,581299
2013-12-27,72.5624,73.066,72.2108,72.3058,698367
2013-12-30,72.8189,73.0185,72.4483,72.7619,838059
2013-12-31,72.7429,72.9425,72.2915,72.5244,1040829
2014-01-02,72.3248,72.3723,71.6502,72.1633,1355681
2014-01-03,71.9827,72.579,71.7737,72.0302,998796
2014-01-06,72.0302,72.2203,71.7166,71.9732,1268747
2014-01-07,72.1062,73.5031,71.9732,73.2276,1551004
2014-01-08,73.2466,73.3991,72.4083,72.818,2437575
2014-01-09,73.1609,73.3514,72.7036,72.999,1129974
2014-01-10,73.2562,73.3133,72.2416,72.6274,1165247
2014-01-13,72.3798,72.6084,71.2744,71.4557,1108979
2014-01-14,71.7701,72.475,71.5891,72.456,1113718
2014-01-15,72.6179,73.561,72.3512,73.1419,1285609
2014-01-16,72.837,73.4943,72.7418,73.1514,1470461
2014-01-17,72.456,73.9039,72.456,73.3419,1764541
2014-01-21,74.0468,74.0945,72.4988,72.5703,1229463
2014-01-22,72.4083,72.5465,71.6072,71.9892,2855285
2014-01-23,71.5034,72.1511,71.3033,71.751,1339296
2014-01-24,71.551,71.8558,69.7029,69.7696,1778846
2014-01-27,69.7124,70.0077,69.379,69.5981,1670696
2014-01-28,69.8744,70.6079,69.7124,69.9982,1776490
2014-01-29,69.8077,70.4841,69.4362,69.7124,1618529
2014-01-30,69.9887,71.027,69.7315,70.6746,1140757
2014-01-31,69.7886,70.0649,69.2171,69.7791,2103797
2014-02-03,70.0077,70.2935,67.3595,67.4547,2489320
2014-02-04,67.5976,67.7977,67.3499,67.55,1732344
2014-02-05,67.1975,67.6453,67.0261,67.3976,1462666
2014-02-06,67.3785,67.9787,67.3785,67.6643,1590602
2014-02-07,67.912,68.3311,67.6453,68.0644,2114269
2014-02-10,68.1501,68.1787,67.6262,68.0644,1774811
2014-02-11,68.0168,69.541,68.0168,69.2742,1853927
2014-02-12,68.112,69.2742,65.7496,66.4164,5067136
2014-02-13,66.1973,67.4071,65.8448,67.369,3164918
2014-02-14,67.2071,68.4645,66.988,68.293,2491967
2014-02-18,68.4931,69.7886,68.2835,69.5886,2489526
2014-02-19,69.722,70.3983,69.4076,69.9411,2361125
2014-02-20,70.1792,70.6746,69.5791,70.3507,1894402
2014-02-21,71.8939,75.009,70.6841,73.5801,5414287
2014-02-24,73.0371,74.4755,72.7894,73.742,2680194
2014-02-25,73.8754,73.9802,73.018,73.6658,1531355
2014-02-26,77.3619,77.3619,73.5705,74.0183,1233136
2014-02-27,73.9897,74.4565,73.4372,74.3993,1289454
2014-02-28,73.7229,74.5898,73.6086,74.4469,2318097
2014-03-03,74.8661,75.009,73.5705,74.1802,1622275
2014-03-04,74.8089,77.3905,74.7851,77.0762,3061292
2014-03-05,77.0571,77.0571,76.3236,76.8094,1884924
2014-03-06,76.6379,77.2762,76.6284,76.9047,1297875
2014-03-07,77.4381,78.4765,76.7523,78.305,2778003
2014-03-10,77.8859,78.4289,77.4572,77.943,2189044
2014-03-11,78.1717,78.4956,76.9999,77.4191,1682701
2014-03-12,77.2476,77.3429,76.6761,77.0952,2117862
2014-03-13,77.3143,77.581,76.1521,76.3522,1558540
2014-03-14,76.3522,76.5808,75.8187,76.1235,1308841
2014-03-17,76.4379,77.3334,76.2189,76.7332,1185591
2014-03-18,76.6761,77.019,76.3903,76.838,1157259
2014-03-19,76.476,76.919,75.8663,76.4093,1168672
2014-03-20,76.1521,76.8761,76.0283,76.8666,841223
2014-03-21,77.6763,77.6763,75.6282,75.6758,2257081
2014-03-24,75.5996,76.0283,74.3136,75.0757,1623711
2014-03-25,75.6187,75.933,74.2564,74.9423,1366282
2014-03-26,75.3424,75.3424,74.0183,74.0373,1630305
2014-03-27,73.742,74.2659,73.2657,73.9039,1893130
2014-03-28,74.0849,74.5422,73.7515,74.0849,960172
2014-03-31,74.5612,74.9423,73.8754,74.0468,1942288
2014-04-01,74.285,75.1804,74.0468,75.1519,2108232
2014-04-02,74.9613,75.4662,74.5994,75.2281,1543116
2014-04-03,75.2567,75.6663,74.3803,74.8566,2007268
2014-04-04,75.3424,75.5996,73.4753,73.5324,2219333
2014-04-07,73.3133,73.5324,70.7794,71.248,2731870
2014-04-08,71.4276,72.3444,71.0608,71.1888,2374777
2014-04-09,71.1984,71.7523,70.7877,71.7332,1337393
2014-04-10,71.6663,71.7809,70.1383,70.2815,1791478
2014-04-11,70.0141,70.4057,69.1832,69.2596,2290407
2014-04-14,70.0905,70.5394,69.5366,70.081,1934121
2014-04-15,70.0428,70.7304,69.5366,70.4248,1999654
2014-04-16,70.7686,71.1411,70.1956,70.9309,1100710
2014-04-17,70.7399,71.3894,70.3484,70.7017,1463251
2014-04-21,70.8259,71.1411,70.3866,70.6731,1802787
2014-04-22,71.2461,72.3826,71.0933,71.4753,2161974
2014-04-23,71.0838,71.4276,70.7352,71.0456,1151022
2014-04-24,71.7045,73.7961,70.6826,70.8259,1488151
2014-04-25,71.313,73.6815,71.2079,71.9528,3736588
2014-04-28,72.4399,72.5927,70.7017,71.3321,2138838
2014-04-29,71.7714,72.4113,71.4849,72.0101,1823626
2014-04-30,71.5613,72.4304,71.5517,72.3444,1549352
2014-05-01,72.2871,73.3186,72.0292,72.5163,1356585
2014-05-02,72.736,72.8219,71.8764,71.9051,902180
2014-05-05,71.4753,72.2298,71.0647,72.1725,958035
2014-05-06,72.1152,72.3062,71.2843,71.313,901196
2014-05-07,71.1506,71.6281,70.3484,70.9787,1134081
2014-05-08,70.9787,72.0865,70.4964,71.2652,1266450
2014-05-09,71.1602,71.8955,70.7017,71.5517,881039
2014-05-12,71.8,73.0607,71.7523,72.6882,1233694
2014-05-13,72.7742,72.8601,72.0483,72.2871,947095
2014-05-14,72.0483,72.2441,71.504,71.6186,987706
2014-05-15,71.5708,72.0674,70.4248,70.7495,1623869
2014-05-16,71.122,72.1916,70.5107,72.1152,2064685
2014-05-19,71.9624,73.691,71.9337,73.6051,2274354
2014-05-20,73.3568,73.7961,72.7264,73.3854,2865782
2014-05-21,70.6731,74.8753,70.1956,73.9871,3935396
2014-05-22,73.8056,75.2764,73.691,74.7989,1975283
2014-05-23,75.0376,76.2123,74.8275,76.0118,1777823
2014-05-27,76.1932,76.8236,75.8494,76.537,1336782
2014-05-28,76.7185,76.7185,75.5056,75.5247,1493583
2014-05-29,75.5343,76.1455,75.3528,75.5534,1484641
2014-05-30,75.8494,75.8876,75.3432,75.7253,1562078
2014-06-02,75.8208,76.1264,75.4578,75.859,675097
2014-06-03,75.6107,75.9163,75.5056,75.8208,1267814
2014-06-04,75.5438,75.9067,75.4865,75.7348,949427
2014-06-05,75.6393,76.0786,75.2668,75.7921,1623397
2014-06-06,76.2505,76.4511,75.8064,76.432,1399454
2014-06-09,76.1646,76.9955,75.9354,76.2505,1235707
2014-06-10,75.8781,76.346,75.2191,75.6011,1284743
2014-06-11,75.0949,75.6489,74.8275,75.6107,1262029
2014-06-12,75.3337,75.6489,75.1618,75.3623,1375646
2014-06-13,75.5151,75.7157,75.2,75.4387,1006449
2014-06-16,75.0185,75.5534,74.9899,75.3623,1274879
2014-06-17,75.1331,75.5725,75.0759,75.2955,1394351
2014-06-18,75.0949,75.8685,75.0949,75.7635,1358945
2014-06-19,78.3039,78.3039,75.2955,75.7253,1082413
2014-06-20,76.1359,76.1359,75.2668,75.9258,1868756
2014-06-23,75.7348,76.1168,75.6107,76.0882,1000069
2014-06-24,76.1073,77.2915,75.8208,76.9286,1769516
2014-06-25,76.4415,77.5303,76.432,77.473,1158742
2014-06-26,77.5971,77.5971,76.6039,77.3202,1276552
2014-06-27,76.9668,77.7117,76.9668,77.664,1758057
2014-06-30,77.3393,77.5589,76.7949,76.9095,1519917
2014-07-01,76.8809,77.8837,76.8522,77.621,1360801
2014-07-02,77.2724,77.8264,77.2151,77.6449,926692
2014-07-03,77.5494,78.7527,77.4324,78.5331,1036201
2014-07-07,77.6353,78.2561,77.1674,77.5685,1393565
2014-07-08,77.3387,77.9131,77.3387,77.6833,1593984
2014-07-09,77.8748,78.1811,77.2813,77.5972,922581
2014-07-10,76.6878,77.3196,76.64,76.9845,1078093
2014-07-11,77.243,77.3251,76.7452,77.0132,1044676
2014-07-14,77.4249,78.0739,77.0515,77.8556,933028
2014-07-15,77.9131,78.229,77.5015,77.7025,1128908
2014-07-16,77.7695,78.4013,77.736,78.0471,968944
2014-07-17,77.6546,78.1333,77.2813,77.3291,1191037
2014-07-18,77.7791,78.4587,77.3483,78.4204,1108103
2014-07-21,78.162,78.4252,77.377,77.9514,1107665
2014-07-22,78.1907,79.4064,78.1811,78.6215,993834
2014-07-23,78.4683,78.7842,78.2003,78.5257,829470
2014-07-24,78.5545,79.5405,78.4875,79.0618,1354467
2014-07-25,78.8225,79.3011,78.7268,79.1097,513472
2014-07-28,78.9852,79.5309,78.6693,79.3107,530135
2014-07-29,79.4447,79.9234,78.9948,79.148,1128390
2014-07-30,79.5405,79.9712,78.9666,79.7319,935639
2014-07-31,79.4735,79.6314,78.3822,78.4683,1638713
2014-08-01,76.2618,78.631,76.2618,77.1185,1226397
2014-08-04,77.176,77.6929,76.8314,77.5589,871457
2014-08-05,77.4632,77.8174,76.7835,77.0132,819488
2014-08-06,76.9558,77.6833,76.6887,77.5015,868960
2014-08-07,77.6738,78.2673,77.1377,77.3866,735172
2014-08-08,77.4727,77.9992,77.0707,77.9035,745727
2014-08-11,78.2098,78.7651,77.8269,78.3056,521084
2014-08-12,78.1428,78.6406,77.8556,78.5257,1190096
2014-08-13,78.8799,80.0765,78.5066,79.8181,1254748
2014-08-14,79.9138,80.2967,79.6362,80.2249,1089775
2014-08-15,80.6509,81.254,79.5692,80.1436,3121990
2014-08-18,80.6222,81.053,80.3159,80.8232,1411352
2014-08-19,80.7371,81.9241,80.7371,81.7422,1614129
2014-08-20,81.5699,81.8379,80.9189,81.6273,1394628
2014-08-21,81.5125,82.2208,81.1104,82.1443,1699332
2014-08-22,81.6465,83.092,78.6023,80.0,5152353
2014-08-25,79.6649,79.8755,78.1141,79.3586,3521132
2014-08-26,79.3682,80.0574,79.0905,79.1097,1750677
2014-08-27,79.4064,79.4543,78.6693,79.1288,1837082
2014-08-28,79.0618,80.0287,78.6981,79.7989,1750772
2014-08-29,80.067,80.067,79.0714,79.6266,1267166
2014-09-02,79.7894,80.0957,79.1958,79.3394,1429336
2014-09-03,79.4639,79.617,78.497,78.6119,1616914
2014-09-04,79.3873,79.3873,78.5066,78.7459,1230752
2014-09-05,78.8704,80.402,78.7268,80.3924,1484914
2014-09-08,80.0095,80.9668,79.9042,80.5648,1115985
2014-09-09,80.268,80.4212,79.7223,79.8851,908043
2014-09-10,80.1436,81.0817,79.9569,80.9668,1587867
2014-09-11,80.7658,81.7231,80.6701,81.522,1453461
2014-09-12,81.187,81.4742,80.2488,80.402,2464311
2014-09-15,80.4116,80.603,79.617,80.0478,1255385
2014-09-16,80.0957,80.2776,79.8851,80.201,1427370
2014-09-17,80.0382,81.0624,80.0191,80.7083,1550770
2014-09-18,80.9285,82.0198,80.7658,81.9959,1241167
2014-09-19,82.4506,83.1686,82.1921,83.0154,3096655
2014-09-22,82.508,82.8048,81.3306,81.8667,1840015
2014-09-23,82.0294,82.5368,81.7614,81.7709,1412300
2014-09-24,81.8475,83.5802,81.7614,82.9867,2105927
2014-09-25,82.5846,82.8048,81.187,81.2253,2106666
2014-09-26,81.1966,82.4506,81.0051,82.374,2543935
2014-09-29,81.4742,84.2024,81.4167,84.0301,2375704
2014-09-30,83.7429,84.997,83.5993,83.9057,2967648
2014-10-01,83.6281,83.9727,81.8643,82.0581,2010263
2014-10-02,81.3976,81.7901,79.7606,80.9094,2613552
2014-10-03,81.254,81.7996,81.1583,81.6178,1991313
2014-10-06,81.972,82.1921,80.7562,81.0434,1142929
2014-10-07,80.4403,81.03,78.9182,78.9469,1716670
2014-10-08,79.0333,80.56,78.3804,80.464,1693650
2014-10-09,80.3488,80.3488,78.1788,78.5532,1796065
2014-10-10,78.5436,79.9071,76.9785,76.9785,1811990
2014-10-13,76.7769,77.1994,75.6439,76.508,3108265
2014-10-14,77.0841,77.401,76.0375,76.2296,1906272
2014-10-15,75.135,76.8057,74.8565,76.3352,2272242
2014-10-16,75.0389,76.1624,74.9045,75.5094,1527128
2014-10-17,76.4888,78.1308,76.0951,77.8043,2479849
2014-10-20,77.5066,78.0155,76.9881,77.8139,1229271
2014-10-21,78.534,80.0607,77.8331,80.0511,1524038
2014-10-22,80.0223,80.3584,78.6781,78.6973,1173104
2014-10-23,79.6575,80.5408,78.7933,80.2048,1323541
2014-10-24,80.7425,81.6547,80.3296,81.5778,1103059
2014-10-27,81.501,82.2298,81.3282,81.6258,1354210
2014-10-28,82.0579,82.9989,82.0003,82.8933,1706349
2014-10-29,82.5956,83.0085,82.0387,82.4612,1339962
2014-10-30,82.2692,83.6038,82.1732,83.3734,893557
2014-10-31,85.0825,85.3034,84.1608,84.5064,1537333
2014-11-03,84.7273,85.2746,84.372,84.8233,858664
2014-11-04,84.6216,85.4282,84.5448,84.9289,872821
2014-11-05,84.9865,85.601,84.6985,85.1978,1193217
2014-11-06,85.3322,85.6394,84.9529,85.5818,950111
2014-11-07,85.7451,85.8123,85.0825,85.2746,790709
2014-11-10,85.217,86.4172,85.0057,86.302,1032613
2014-11-11,86.4172,87.291,86.3404,87.0989,1324754
2014-11-12,86.8301,87.0893,85.9083,86.0523,1291244
2014-11-13,86.2924,86.8493,85.9275,86.8397,1133897
2014-11-14,86.7725,87.0965,86.1483,87.0797,917906
2014-11-17,87.0989,87.7615,86.8301,87.3102,1806243
2014-11-18,87.387,88.1071,87.3198,87.7039,1577086
2014-11-19,87.5694,87.8767,87.0125,87.7807,1302645
2014-11-20,87.435,87.4446,86.8109,87.1181,1677474
2014-11-21,91.5446,91.6214,88.0591,88.0687,3773048
2014-11-24,88.3472,89.2882,88.1359,88.9809,1717157
2014-11-25,88.5296,89.5186,88.3664,88.9713,1330902
2014-11-26,88.3376,89.2258,88.3376,88.568,1411769
2014-11-28,89.0769,90.5844,88.9905,90.1331,949818
2014-12-01,89.5378,91.1221,89.5282,90.3732,1808699
2014-12-02,90.402,90.498,89.4994,89.6146,2124136
2014-12-03,89.5282,90.2676,89.317,89.9699,1087976
2014-12-04,89.7395,90.1715,89.269,90.1331,903945
2014-12-05,90.3828,90.3828,89.4994,89.9507,1083242
2014-12-08,89.7491,90.258,89.0097,89.6386,1035879
2014-12-09,87.2238,89.2882,86.8493,89.0289,1285765
2014-12-10,89.0097,89.7491,87.9247,88.8753,1637440
2014-12-11,89.4322,90.3153,88.8849,89.653,2186011
2014-12-12,87.0893,89.6242,87.0893,88.5008,1937017
2014-12-15,89.317,89.5858,87.9535,88.9809,2291724
2014-12-16,88.9137,90.1427,88.28,88.4432,2255400
2014-12-17,88.3664,89.4898,87.7519,89.1826,2382837
2014-12-18,89.1057,90.7189,88.424,90.7189,3064749
2014-12-19,90.5076,92.0247,90.0851,90.1812,2988811
2014-12-22,90.6901,91.4486,90.3348,90.9205,1210132
2014-12-23,91.3142,91.5734,90.9157,91.3622,935231
2014-12-24,91.5062,91.6272,90.8149,90.8245,352508
2014-12-26,90.7573,91.1701,90.3636,90.4404,638741
2014-12-29,90.3348,90.6997,89.9987,90.0275,685583
2014-12-30,89.461,90.2964,88.9521,89.3986,903933
2014-12-31,89.4706,90.1523,88.4912,88.52,1050537
2015-01-02,88.5392,89.4514,86.7725,87.579,1882035
2015-01-05,86.7053,87.6991,86.1676,87.2334,2499623
2015-01-06,87.195,87.5694,84.1223,84.5544,2288407
2015-01-07,84.7085,85.7388,84.6122,85.3825,1657627
2015-01-08,85.8736,87.2699,85.8159,86.5284,1954769
2015-01-09,86.981,87.14,84.6026,84.7085,2217676
2015-01-12,84.6411,84.9974,83.2737,83.5048,1835095
2015-01-13,84.3426,85.6185,82.4553,83.11,1553614
2015-01-14,82.0412,83.0619,81.9257,83.033,1618053
2015-01-15,82.956,83.4278,81.7427,81.9257,910588
2015-01-16,81.8005,83.2352,81.6088,83.216,1393669
2015-01-20,83.8226,84.7085,82.9752,84.1789,1843383
2015-01-21,82.7345,84.67,82.7345,83.1967,1770550
2015-01-22,83.7071,85.9507,83.0715,85.4981,2997443
2015-01-23,86.0759,86.7692,85.604,86.1047,2138613
2015-01-26,86.1433,86.2973,85.3585,86.047,2058623
2015-01-27,84.9203,86.1818,84.2559,85.1707,1520463
2015-01-28,85.9988,86.2107,84.2463,84.2559,1541936
2015-01-29,84.0826,85.4981,83.813,85.1707,1617449
2015-01-30,84.6989,85.2189,83.5145,83.6011,1900347
2015-02-02,84.2656,85.5607,82.5901,85.007,1772273
2015-02-03,85.2574,87.164,85.2574,87.1447,1998097
2015-02-04,86.6343,87.761,86.4707,87.1832,1483457
2015-02-05,87.1158,88.3965,86.8561,88.3098,1084497
2015-02-06,87.2988,87.7706,84.0922,84.5737,3880379
2015-02-09,84.4196,85.6137,83.7456,84.5833,2200591
2015-02-10,85.2189,85.9603,84.8433,85.8351,1817522
2015-02-11,86.0566,86.4514,85.267,85.4981,1863113
2015-02-12,85.8736,86.3647,85.3874,86.0759,1969325
2015-02-13,86.307,86.9329,86.1336,86.904,2357931
2015-02-17,86.721,86.9521,86.1914,86.7499,2884774
2015-02-18,86.6632,86.9425,85.7581,86.4321,2404361
2015-02-19,86.3936,87.8669,85.9603,87.7321,2810098
2015-02-20,91.3912,93.2978,90.6112,93.1341,4828497
2015-02-23,92.9511,93.1341,92.3734,92.7682,1831166
2015-02-24,92.643,93.8274,92.3734,93.7648,1399921
2015-02-25,93.5674,94.4533,93.423,94.02,1381311
2015-02-26,93.9141,94.434,93.6733,94.0585,1061035
2015-02-27,93.7022,94.28,93.5193,94.0104,1298144
2015-03-02,93.943,95.0311,93.6348,95.0214,997333
2015-03-03,94.6844,94.8962,93.9815,94.3618,1311248
2015-03-04,93.7985,94.4389,93.2905,93.837,1143994
2015-03-05,93.9622,94.54,93.24,94.4822,1121647
2015-03-06,94.02,94.617,93.5289,93.7985,1641745
2015-03-09,94.0392,94.2703,93.3171,94.0248,1215820
2015-03-10,93.0763,93.3508,91.8438,91.8534,1348117
2015-03-11,91.9016,92.5563,91.4902,91.6512,1060048
2015-03-12,91.863,93.1534,91.709,93.0908,793999
2015-03-13,92.7682,94.357,92.7489,94.1452,1736749
2015-03-16,94.4629,96.0518,94.1741,95.6955,1451710
2015-03-17,95.0888,95.6955,94.7614,95.3103,1453763
2015-03-18,94.9925,96.928,94.7903,96.2251,1437711
2015-03-19,96.1095,96.6584,96.0806,96.0806,1194984
2015-03-20,96.6969,97.1399,96.4369,96.7065,3435443
2015-03-23,97.1206,97.1206,96.3503,96.4177,1166508
2015-03-24,96.3117,96.9858,95.994,96.0036,1476237
2015-03-25,95.9555,96.0036,93.6926,93.707,1437307
2015-03-26,93.1534,93.9815,92.7489,93.3508,788287
2015-03-27,93.0667,93.683,92.4793,93.4615,1023712
2015-03-30,94.1741,95.0888,94.1741,94.5881,876053
2015-03-31,93.7311,94.9733,93.3652,93.3652,1871553
2015-04-01,93.2304,94.0778,92.6815,94.0537,1304072
2015-04-02,94.0681,95.0503,93.7407,94.8481,1081713
2015-04-06,93.837,95.1177,93.3267,94.2222,1332496
2015-04-07,94.5785,94.9637,93.7118,93.7407,1231731
2015-04-08,93.6635,94.9282,93.6635,94.5275,1305844
2015-04-09,94.4937,94.9958,93.9242,94.5372,806347
2015-04-10,94.4551,95.6812,94.1945,95.4688,1666430
2015-04-13,94.6096,95.7439,94.5034,94.5034,1223048
2015-04-14,94.4455,94.7254,93.7407,94.4937,1824254
2015-04-15,94.9958,95.2468,94.4358,94.571,955938
2015-04-16,93.9242,94.1124,93.5573,94.0207,1465029
2015-04-17,93.1711,93.3642,92.032,92.2733,1550777
2015-04-20,93.0649,93.7987,92.729,93.3063,1182649
2015-04-21,93.9435,94.6386,93.3546,93.8759,1061669
2015-04-22,95.1406,96.7818,95.0923,96.6949,2701107
2015-04-23,96.328,98.4229,96.1156,97.9354,1526902
2015-04-24,98.3843,98.3843,97.0038,97.723,949305
2015-04-27,97.9499,98.4133,97.5058,98.0851,958900
2015-04-28,97.6217,98.6353,97.3417,98.1333,885838
2015-04-29,97.4286,98.5533,97.3127,97.6796,1076848
2015-04-30,97.2162,98.2009,96.357,96.859,1267840
2015-05-01,96.859,97.3707,96.5887,97.11,1003627
2015-05-04,97.1003,98.1623,96.8783,97.7858,868653
2015-05-05,97.3127,97.9306,96.4149,96.5501,944415
2015-05-06,96.9073,96.9555,95.5943,96.0963,902959
2015-05-07,96.2701,96.9463,95.9612,96.608,821694
2015-05-08,97.7858,99.5332,97.3031,99.1953,1440629
2015-05-11,98.8574,99.3787,98.645,98.785,647955
2015-05-12,98.3264,99.1856,97.5126,98.7174,732071
2015-05-13,98.3554,99.2049,97.834,98.7029,582539
2015-05-14,99.3401,100.2572,98.9443,100.2282,1134697
2015-05-15,100.5661,100.6337,98.6353,98.7898,1322643
2015-05-18,98.5291,99.0022,98.0368,98.7994,1098816
2015-05-19,99.369,100.2138,99.0505,99.6973,1394349
2015-05-20,100.0545,100.2862,99.2146,99.8035,1157962
2015-05-21,100.0352,101.1164,99.649,100.5565,2266473
2015-05-22,101.8405,105.4318,101.7053,103.0665,3721872
2015-05-26,101.8984,102.5838,100.3827,101.0488,2368950
2015-05-27,101.1647,101.8212,100.7206,101.5509,1183016
2015-05-28,101.1261,101.5798,100.8751,101.4543,1051249
2015-05-29,101.3192,101.3674,99.9483,100.5468,2310698
2015-06-01,101.1454,103.2693,100.4889,102.7335,1805321
2015-06-02,102.0915,103.1631,101.6184,102.5404,1147871
2015-06-03,102.5645,103.1438,102.0818,103.1438,960492
2015-06-04,102.941,103.1824,101.4157,101.8115,1063642
2015-06-05,101.0488,102.4969,101.0488,101.9467,1173613
2015-06-08,101.7053,102.1397,100.8489,100.8847,885435
2015-06-09,100.8365,101.2902,100.3055,101.0199,1304104
2015-06-10,101.6184,104.1478,101.3674,103.7616,1736670
2015-06-11,104.1961,104.2154,102.1108,102.1687,2473211
2015-06-12,101.5219,101.8984,100.8558,101.1068,1338586
2015-06-15,100.4696,100.4696,99.0698,99.4849,1771038
2015-06-16,99.5814,100.402,99.2146,100.1414,1324451
2015-06-17,100.2862,100.7206,99.6297,100.2476,885256
2015-06-18,100.1607,100.9137,100.0352,100.7785,1533823
2015-06-19,100.4793,101.1357,100.1124,100.7109,1427615
2015-06-22,101.3964,101.9274,99.9579,101.8501,1263129
2015-06-23,101.9949,102.0142,100.6337,101.1357,1211090
2015-06-24,100.7303,101.1454,99.4173,99.4849,1460798
2015-06-25,99.7842,100.5758,99.3594,100.0159,1407266
2015-06-26,100.0159,100.3827,98.7994,99.6683,2310796
2015-06-29,98.6643,99.0987,97.3417,97.5251,1491027
2015-06-30,98.0078,98.3457,97.2693,97.2838,1722476
2015-07-01,98.1237,98.8381,97.2935,98.1044,1340605
2015-07-02,98.5002,98.5002,97.139,97.9016,779064
2015-07-06,96.8204,98.4326,96.6562,98.394,1908455
2015-07-07,97.583,100.1221,97.583,99.9966,2670234
2015-07-08,98.6127,100.7805,98.6127,100.0934,3095299
2015-07-09,101.0998,101.7095,100.1901,100.2385,1347424
2015-07-10,101.5547,101.5547,100.2579,100.9934,862753
2015-07-13,101.9708,102.6482,101.6176,102.0288,1334702
2015-07-14,102.1159,102.6869,101.8159,102.4159,676745
2015-07-15,102.6288,103.1998,102.2611,102.8998,870714
2015-07-16,103.7708,104.6224,103.4321,104.6127,1003676
2015-07-17,104.274,104.7095,103.1224,103.3256,1475135
2015-07-20,103.374,103.7127,103.045,103.1901,994940
2015-07-21,102.8611,103.6934,102.6385,102.7256,996446
2015-07-22,102.7353,103.6643,102.7353,103.2772,812197
2015-07-23,103.4224,104.4095,103.0837,103.7901,792936
2015-07-24,104.0805,104.3321,103.045,103.2482,834192
2015-07-27,102.6966,103.0547,101.3901,101.6127,1166362
2015-07-28,101.6514,102.2998,100.3159,102.2321,1288083
2015-07-29,101.9611,102.3288,101.0514,102.1159,991057
2015-07-30,101.5547,102.6385,100.6256,102.3288,593805
2015-07-31,102.8611,103.045,101.9998,102.3579,904111
2015-08-03,101.2934,102.3707,100.9353,101.6611,987932
2015-08-04,101.845,102.4159,101.574,102.1837,777425
2015-08-05,102.6192,104.274,102.6192,103.3353,701323
2015-08-06,103.5385,103.9837,100.6934,100.8095,1176069
2015-08-07,100.6934,102.0385,100.1127,102.0385,1605180
2015-08-10,99.7643,101.603,98.7192,101.603,1400232
2015-08-11,100.3547,101.2837,99.7547,101.245,1327852
2015-08-12,100.6547,101.6901,99.7837,101.3418,963840
2015-08-13,101.6321,101.9417,100.4127,101.5159,767059
2015-08-14,101.1772,102.7692,101.0708,102.2127,768670
2015-08-17,101.8063,102.3579,101.1288,102.1547,871203
2015-08-18,102.6192,103.3159,102.1063,102.3095,832472
2015-08-19,103.0547,103.6132,101.3998,102.8417,1864265
2015-08-20,101.874,102.2127,99.4063,99.6095,1510641
2015-08-21,88.1224,89.9998,82.3644,86.3998,8703006
2015-08-24,79.6547,84.6773,78.2805,81.5321,6761357
2015-08-25,83.9224,84.0482,77.0611,77.2934,4786880
2015-08-26,80.0418,81.3632,78.1934,80.6031,5663784
2015-08-27,81.6676,83.8353,80.9321,83.8063,4322206
2015-08-28,82.2966,84.7837,82.2869,83.4289,3537207
2015-08-31,82.7031,83.1869,81.7258,82.9837,3343917
2015-09-01,80.6611,82.4418,80.4192,81.3869,3803473
2015-09-02,82.9257,83.1869,81.3434,83.0611,2688250
2015-09-03,83.1095,84.1644,82.7273,83.2644,3230170
2015-09-04,81.8902,83.0515,81.3966,82.3837,3191991
2015-09-08,83.845,84.9579,82.7515,84.9095,2377043
2015-09-09,84.9482,85.4805,83.5257,83.845,3002862
2015-09-10,84.1934,86.0031,83.6902,85.4515,4118077
2015-09-11,84.6386,86.5256,84.3386,86.4289,2615850
2015-09-14,86.1773,86.6369,85.4224,85.9547,1517939
2015-09-15,86.2547,86.874,85.5095,86.1192,1791244
2015-09-16,86.274,86.7192,85.1611,86.5837,1609363
2015-09-17,84.0966,84.5515,82.5318,83.0031,6863328
2015-09-18,81.9579,83.4192,81.6386,82.7321,5609279
2015-09-21,82.7902,84.4837,82.4224,84.0095,3352012
2015-09-22,82.6547,84.4257,82.645,84.0482,3121489
2015-09-23,83.6708,85.5192,83.5257,84.7644,2251080
2015-09-24,84.0289,85.5773,83.8547,85.0257,2898446
2015-09-25,85.8192,86.6998,84.6192,85.045,2328174
2015-09-28,84.3773,85.0934,83.4192,83.4386,2301379
2015-09-29,83.3998,84.3676,83.0999,84.0289,1724810
2015-09-30,84.9289,85.9644,84.2998,85.8869,2469777
2015-10-01,85.7998,86.8256,84.9966,85.9934,2583877
2015-10-02,84.416,86.6611,82.8482,86.6127,1778416
2015-10-05,87.0966,88.5482,86.574,88.3644,1525811
2015-10-06,88.2676,89.216,87.6385,87.8805,1742448
2015-10-07,88.2592,88.827,86.6863,88.3174,1646991
2015-10-08,88.0747,89.735,87.3853,89.6088,1373542
2015-10-09,89.6476,90.5496,89.6088,90.0069,1334169
2015-10-12,90.0166,90.7545,88.9874,90.5021,1554034
2015-10-13,89.8224,90.4924,88.6087,88.7058,1770574
2015-10-14,88.6476,89.4632,87.7834,87.7834,1926279
2015-10-15,88.4048,89.7933,88.1815,89.7447,2138306
2015-10-16,89.8807,91.0652,88.5213,90.9002,1919910
2015-10-19,90.8128,91.6478,89.803,91.3468,1079887
2015-10-20,91.1623,91.9876,91.1623,91.5604,1014011
2015-10-21,92.143,92.2207,90.6477,91.1429,1490074
2015-10-22,91.6866,94.4733,91.6187,94.046,1500062
2015-10-23,94.7257,95.1529,93.3302,95.0947,1240686
2015-10-26,95.2791,96.1239,94.8034,94.8713,1440848
2015-10-27,94.8131,95.3762,94.3276,95.1821,1093406
2015-10-28,95.4539,95.5413,94.4635,95.1432,1846279
2015-10-29,95.0558,95.4151,94.7403,94.9053,1431030
2015-10-30,95.1044,95.2694,94.5218,94.5995,1233520
2015-11-02,95.2015,95.3471,94.5412,94.6772,1512321
2015-11-03,94.3373,95.1238,94.2305,94.8713,1455088
2015-11-04,94.8811,96.2695,94.182,95.9782,1347620
2015-11-05,96.3278,96.6093,94.5801,94.9393,1349137
2015-11-06,94.949,95.6772,94.3082,95.4248,961621
2015-11-09,95.3277,95.352,93.9392,94.6772,1120475
2015-11-10,94.6092,96.0947,94.2062,96.0074,944108
2015-11-11,96.5317,97.7065,95.9103,96.5025,1314223
2015-11-12,96.2889,96.8909,95.1529,95.2015,849771
2015-11-13,95.1821,95.8229,93.4635,93.7256,1540077
2015-11-16,94.0752,94.7395,93.1916,94.0849,1599179
2015-11-17,93.7936,94.6286,93.2596,93.6285,1848493
2015-11-18,93.7256,94.0752,92.8421,93.813,3705264
2015-11-19,94.114,94.8422,93.0071,94.5898,3985856
2015-11-20,103.1924,104.8624,98.2318,100.2019,6622251
2015-11-23,99.5416,100.8136,97.9784,98.0949,2915945
2015-11-24,97.1337,97.823,94.8811,96.8618,3368472
2015-11-25,97.0754,97.9395,96.5414,96.9492,1928549
2015-11-27,97.1822,97.8327,96.755,97.2696,1109387
2015-11-30,97.4638,97.8327,96.1336,97.289,4654994
2015-12-01,98.0075,99.5996,97.6871,98.8328,2322381
2015-12-02,98.3862,98.8425,96.3763,96.6093,1721766
2015-12-03,96.5705,97.0074,93.1528,93.58,2879563
2015-12-04,95.0947,95.9879,93.9198,95.7646,2232351
2015-12-07,95.852,96.1433,95.3859,95.9588,1721730
2015-12-08,94.9782,96.1239,94.6674,95.4636,1453541
2015-12-09,95.2597,96.7938,94.5121,94.8811,1571227
2015-12-10,95.1723,95.6821,94.1431,94.1723,1760282
2015-12-11,93.0751,94.0946,93.0654,93.3275,2269801
2015-12-14,93.5606,94.114,92.1673,93.5023,2344960
2015-12-15,94.6383,96.4734,94.0752,95.1335,1747065
2015-12-16,95.5996,96.2598,94.182,96.1724,1326328
2015-12-17,96.4249,97.0851,95.0267,95.0267,1597424
2015-12-18,94.3762,94.8034,92.0998,92.7935,4537727
2015-12-21,93.2304,93.881,91.9245,92.9003,1322375
2015-12-22,93.6674,94.4441,92.7741,94.3859,1060174
2015-12-23,94.9199,95.3568,94.4344,95.1529,762498
2015-12-24,95.0558,95.2112,94.4733,94.7548,327175
2015-12-28,94.2791,95.3957,94.1043,95.3665,693023
2015-12-29,95.7646,97.0871,95.7646,96.454,864335
2015-12-30,96.2307,96.522,95.3665,95.4248,660939
2015-12-31,94.9879,95.4733,93.6771,93.6965,1189462
2016-01-04,91.4536,92.1333,90.4341,91.6381,2808951
2016-01-05,92.5702,93.3275,91.8323,93.1625,1859409
2016-01-06,91.6866,93.6771,91.4245,93.4926,2433171
2016-01-07,92.0414,93.9163,90.8142,91.983,2477736
2016-01-08,92.47,93.5024,90.5999,90.7168,2004696
2016-01-11,91.3791,91.8076,90.7168,91.5544,1889891
2016-01-12,92.2265,92.6842,91.1259,92.3823,1300807
2016-01-13,92.6355,93.1128,89.1876,89.3143,1907668
2016-01-14,89.9084,92.9862,88.7688,91.8661,2545883
2016-01-15,89.0513,90.5123,88.2234,89.1097,2774776
2016-01-19,90.4246,90.7119,87.6974,88.5156,2468121
2016-01-20,87.2007,90.4635,86.3533,89.5967,2904936
2016-01-21,90.3856,91.233,88.837,89.5577,1461686
2016-01-22,90.6486,91.5544,89.8012,91.1746,1076526
2016-01-25,91.0382,91.2233,89.2071,89.3435,1310175
2016-01-26,89.548,90.298,88.6617,90.2298,1140504
2016-01-27,90.0058,90.8337,88.0968,88.4084,944099
2016-01-28,89.3435,89.8207,88.3403,89.6308,1141647
2016-01-29,90.3077,93.142,89.6941,93.0251,2120539
2016-02-01,92.8011,94.4471,91.905,93.8628,1325679
2016-02-02,92.8303,93.1712,91.5252,91.7005,2436046
2016-02-03,92.5284,93.9017,91.5544,93.3952,1864201
2016-02-04,93.2881,94.4082,92.3823,94.2329,1653009
2016-02-05,93.59,93.7459,88.8662,89.4019,2911061
2016-02-08,88.5448,88.8565,86.5676,88.5545,2744527
2016-02-09,87.7364,89.7428,87.1617,87.7851,1922845
2016-02-10,88.9052,90.0058,87.6098,87.9117,1897677
2016-02-11,85.8761,89.6746,85.8761,89.0318,1991723
2016-02-12,90.5512,92.2362,89.1195,92.0998,2177735
2016-02-16,91.2622,93.3173,91.2427,92.879,2240208
2016-02-17,93.3271,96.1127,92.9277,95.801,1726093
2016-02-18,95.2458,96.0932,93.5949,93.9602,1768517
2016-02-19,94.0088,95.0705,92.8303,94.6614,1901266
2016-02-22,95.6257,96.1419,94.4764,95.6938,1620663
2016-02-23,95.0023,95.5672,93.7361,94.827,1859282
2016-02-24,93.8433,96.4048,92.9277,96.2588,2177169
2016-02-25,96.5217,97.5541,95.3919,97.4665,2335531
2016-02-26,98.2846,98.3723,91.6518,93.2589,3810098
2016-02-29,92.8888,94.788,92.4894,94.1257,2671346
2016-03-01,95.1289,96.288,94.0673,96.288,2194823
2016-03-02,95.9666,97.0477,95.5088,96.064,1608182
2016-03-03,95.5088,95.9179,93.8822,95.1679,1851632
2016-03-04,95.5575,96.6776,94.5251,96.5996,1904458
2016-03-07,95.5964,97.1548,95.0461,96.7944,1997289
2016-03-08,96.0737,97.6418,95.8399,96.6873,2051418
2016-03-09,96.8042,97.408,96.3318,96.8821,1549033
2016-03-10,96.96,97.6613,94.3303,95.4698,1677955
2016-03-11,96.2101,97.671,95.499,97.3594,1544213
2016-03-14,97.0185,97.5639,96.6289,96.8431,1181398
2016-03-15,96.5607,97.0964,96.1419,96.7457,1012639
2016-03-16,96.8139,97.9243,96.1711,97.6808,1221913
2016-03-17,97.5054,98.5866,97.0087,98.2067,1384688
2016-03-18,98.7034,99.6287,97.4275,99.356,3012362
2016-03-21,98.8203,99.356,98.3041,99.356,968811
2016-03-22,99.0249,99.8528,98.6547,99.4924,1165412
2016-03-23,99.0249,99.395,98.4307,99.0541,1630599
2016-03-24,98.7424,99.4632,98.0704,99.2391,1331843
2016-03-28,99.2197,99.6482,98.8982,99.395,998387
2016-03-29,98.9469,100.2521,98.5574,99.9014,938000
2016-03-30,100.3203,100.7099,99.843,100.4956,969650
2016-03-31,100.0768,101.791,99.8041,101.304,2232366
2016-04-01,101.0702,102.054,100.8267,101.9663,845111
2016-04-04,102.1806,102.5409,101.9079,102.2293,894092
2016-04-05,101.7131,102.127,101.08,101.1968,956616
2016-04-06,101.2163,102.5799,100.9008,102.3948,807801
2016-04-07,101.9065,102.0139,100.2558,100.7734,1278206
2016-04-08,101.4474,101.6916,100.5293,100.9786,654144
2016-04-11,101.6428,101.6428,99.9237,100.2362,999663
2016-04-12,100.2558,100.7051,99.4743,100.3241,1452063
2016-04-13,100.5781,101.1446,100.3241,100.9102,1358639
2016-04-14,101.5451,101.633,100.4316,100.539,1270595
2016-04-15,100.7734,101.2423,99.7185,100.4413,1627989
2016-04-18,100.1776,101.5842,99.9725,101.379,1158380
2016-04-19,101.6721,101.9163,100.7051,101.506,767409
2016-04-20,101.8284,102.0823,101.1446,101.3302,880896
2016-04-21,101.3302,101.5158,99.9041,99.9237,1219410
2016-04-22,99.6697,100.0604,98.4194,99.953,1614211
2016-04-25,99.7771,100.2069,99.5232,99.9823,888904
2016-04-26,102.1605,102.5609,100.7246,101.506,1234683
2016-04-27,101.5451,102.0432,100.1923,101.1055,1027311
2016-04-28,100.2753,100.4218,98.7222,99.0153,1329270
2016-04-29,98.1459,98.7418,96.8957,98.5464,1613587
2016-05-02,99.0446,99.953,98.2827,99.8357,1806726
2016-05-03,99.0739,99.5329,98.3608,99.0446,891720
2016-05-04,98.6832,98.898,97.2864,97.5696,1189701
2016-05-05,97.8236,98.986,97.6771,98.0678,1063251
2016-05-06,97.2571,98.8785,96.9445,98.6929,883161
2016-05-09,99.0055,100.0408,98.8297,99.3083,714751
2016-05-10,99.826,100.4609,99.0787,100.412,731934
2016-05-11,100.4023,101.1153,99.8553,99.9432,617270
2016-05-12,100.0311,100.666,98.859,99.8357,713364
2016-05-13,99.7478,100.7734,99.6306,99.6599,781863
2016-05-16,99.8748,102.1116,99.7185,101.3204,1047290
2016-05-17,101.1153,101.2081,99.5134,99.7771,912585
2016-05-18,99.8455,100.7148,99.445,100.3144,1043073
2016-05-19,99.406,100.0897,98.3804,99.0641,834389
2016-05-20,99.5232,101.1739,99.2301,100.6367,1170550
2016-05-23,101.2325,102.6,101.1446,102.1898,2066313
2016-05-24,102.6977,104.9638,102.6488,104.8173,2834916
2016-05-25,100.6367,103.4889,99.445,102.5805,4732725
2016-05-26,102.5609,105.2373,102.4437,104.3484,2659034
2016-05-27,104.7977,105.4229,104.3582,105.3838,1386421
2016-05-31,105.4912,106.1555,103.4498,104.1824,2598551
2016-06-01,103.3912,104.9638,103.1714,104.7098,1304258
2016-06-02,104.4461,105.7354,104.0261,105.6085,1137708
2016-06-03,105.1103,105.2617,104.241,104.954,1733149
2016-06-06,104.8661,105.8722,104.5926,105.6182,1548909
2016-06-07,105.7843,106.4192,105.7257,105.9308,1282573
2016-06-08,106.1652,106.3215,104.827,104.9345,1436672
2016-06-09,104.5926,105.081,104.2214,105.0224,1490574
2016-06-10,103.3912,104.6708,103.313,103.9675,1397811
2016-06-13,103.1372,104.4852,103.1372,103.2056,1342841
2016-06-14,102.854,103.987,102.3558,103.7526,874433
2016-06-15,104.3094,104.407,103.6647,103.8112,1197903
2016-06-16,103.3814,104.2312,102.7954,104.0163,863279
2016-06-17,103.8112,103.9674,102.2874,102.9126,1689323
2016-06-20,103.86,105.2373,103.5865,104.8563,1397697
2016-06-21,105.1298,105.7257,104.6219,105.3936,1817610
2016-06-22,105.2568,105.3838,103.9089,103.9773,1453615
2016-06-23,105.5206,106.4192,104.6317,106.4192,1418507
2016-06-24,101.4474,104.0066,101.1935,102.8833,5050305
2016-06-27,101.8186,102.3851,100.6367,101.76,1771140
2016-06-28,102.7563,103.5963,102.2972,103.5279,1643632
2016-06-29,104.1335,106.8294,104.1335,106.7513,1645816
2016-06-30,106.8294,109.1932,106.5657,109.0174,2191508
2016-07-01,109.1346,109.8672,108.7634,109.3104,1017530
2016-07-05,108.9197,110.3946,108.6521,110.1211,1578203
2016-07-06,109.4374,110.6974,109.2714,110.6486,1328628
2016-07-07,110.5607,111.6058,110.2432,111.5961,1074470
2016-07-08,112.6244,113.6331,111.6255,113.0945,1507471
2016-07-11,113.6527,113.9945,112.9672,113.2414,1535873
2016-07-12,114.0444,114.3089,113.1141,113.9367,1200731
2016-07-13,114.5439,114.5537,113.5156,113.5254,967154
2016-07-14,114.113,114.4558,113.2512,113.9857,881714
2016-07-15,114.1718,114.1718,112.0956,112.6048,2158381
2016-07-18,112.5167,113.3589,112.1837,112.8692,737384
2016-07-19,112.6929,113.1043,112.1935,112.4089,865572
2016-07-20,110.4503,112.9084,110.3915,112.4187,1555125
2016-07-21,112.1151,112.1249,110.3817,110.8518,961420
2016-07-22,111.2435,111.9731,110.6559,111.7038,717718
2016-07-25,111.6157,111.6842,111.1162,111.5961,567145
2016-07-26,111.7724,112.2522,110.8616,111.2729,782855
2016-07-27,111.2435,111.2435,109.6962,110.2152,1731082
2016-07-28,110.3229,110.6657,109.1183,109.7255,2383875
2016-07-29,109.9018,109.9018,108.1096,108.6972,3062495
2016-08-01,109.1183,109.4611,107.7277,108.472,3405562
2016-08-02,108.2369,108.3349,106.4545,106.9638,1817418
2016-08-03,106.6406,107.5906,106.6014,107.5612,1280033
2016-08-04,107.8942,108.3349,107.4437,107.6297,757244
2016-08-05,107.7767,109.5982,107.7767,109.1869,900698
2016-08-08,109.5101,110.1173,109.1869,109.706,1426231
2016-08-09,109.7255,110.4307,109.5101,109.8137,1081552
2016-08-10,109.8137,110.6853,109.7746,110.5286,1284001
2016-08-11,110.5776,111.2239,110.1662,110.8126,843170
2016-08-12,110.2446,110.5893,109.5395,109.7745,854854
2016-08-15,110.2054,111.7038,109.5786,110.9791,1205969
2016-08-16,110.6951,110.6951,110.0879,110.1467,1040354
2016-08-17,110.46,110.6657,109.6962,110.4111,1149218
2016-08-18,110.1956,110.8224,109.6766,110.2152,934298
2016-08-19,110.2642,110.8518,109.8431,110.4698,924483
2016-08-22,110.4111,111.0574,109.9998,110.2152,785224
2016-08-23,110.9105,111.6451,110.176,111.4884,1546282
2016-08-24,106.1411,108.0509,105.769,107.5808,4420854
2016-08-25,107.6787,108.5699,107.3066,107.7277,1553890
2016-08-26,107.5122,108.7462,107.4039,108.0411,1056475
2016-08-29,108.1292,108.8441,108.1292,108.472,1301927
2016-08-30,108.423,108.8637,107.8354,108.8539,1503370
2016-08-31,108.8148,109.2555,108.3545,109.1477,1413916
2016-09-01,108.9812,110.0291,108.5602,110.0193,1339907
2016-09-02,110.5776,110.7685,109.1379,109.7549,987595
2016-09-06,109.5786,109.745,108.1194,109.0694,2091030
2016-09-07,109.1379,109.657,108.6287,109.657,1526096
2016-09-08,109.1379,109.6619,108.5405,108.6679,1204246
2016-09-09,107.6493,108.1782,106.9834,106.9932,1705845
2016-09-12,106.67,107.6493,106.0922,107.2772,1462149
2016-09-13,104.868,105.9845,104.1433,104.4959,2110337
2016-09-14,104.7603,105.9551,104.5154,105.8767,1965836
2016-09-15,105.9061,107.6983,105.4164,107.4926,1536056
2016-09-16,107.1597,107.2184,105.9257,106.7483,3314060
2016-09-19,107.1597,107.6983,106.6994,106.7288,1245805
2016-09-20,107.4828,107.5808,106.435,106.719,1087767
2016-09-21,107.2576,108.707,106.6504,108.4916,1352855
2016-09-22,108.8441,109.1869,108.3055,108.472,1255609
2016-09-23,107.8942,108.2467,107.003,107.6297,1264092
2016-09-26,106.9344,107.2282,106.337,106.7288,1238374
2016-09-27,106.6504,108.1488,106.337,107.8354,1024626
2016-09-28,107.7571,108.0264,107.1303,107.904,1129058
2016-09-29,107.5122,108.1586,106.6798,107.0519,892674
2016-09-30,107.2674,108.0509,106.954,107.7375,1681411
2016-10-03,107.5612,107.8452,106.6504,106.905,818239
2016-10-04,107.189,107.6493,106.6308,107.1107,520436
2016-10-05,107.8082,107.8377,106.6097,106.6981,1025980
2016-10-06,106.482,107.0321,106.0448,106.9241,1251338
2016-10-07,107.0813,107.0813,105.0477,105.5585,1524274
2016-10-10,106.5704,106.9241,106.2167,106.2462,860488
2016-10-11,106.1775,106.315,104.6665,105.1066,1831633
2016-10-12,105.0772,106.1185,104.5368,105.6371,1628836
2016-10-13,104.92,105.4139,104.6351,104.92,1376199
2016-10-14,105.6666,106.2659,105.0575,105.1066,1100242
2016-10-17,105.0673,105.6519,104.753,104.9986,740864
2016-10-18,106.0694,106.8847,105.1951,105.2638,897266
2016-10-19,105.922,106.6588,105.2638,106.2855,1234816
2016-10-20,106.0989,106.4132,105.421,106.0006,856715
2016-10-21,105.814,106.9732,105.1951,106.5409,3144137
2016-10-24,107.2974,108.0538,106.8848,107.6953,974547
2016-10-25,107.71,107.877,106.1873,106.4132,1203137
2016-10-26,106.2953,106.6048,105.7747,105.922,980822
2016-10-27,106.4623,106.5901,105.3326,105.421,1245552
2016-10-28,105.6077,106.7472,105.4603,106.2659,1157772
2016-10-31,106.8062,107.2286,106.3739,106.8258,1349110
2016-11-01,107.1107,107.2679,104.753,105.4996,1048098
2016-11-02,105.5192,105.7452,104.1635,104.3305,1204449
2016-11-03,106.4918,106.4918,103.6232,103.7411,1110300
2016-11-04,102.7685,104.4798,102.7194,103.4267,1035035
2016-11-07,104.7235,106.089,104.4976,106.0006,1169794
2016-11-08,106.0497,107.0125,105.4701,106.4427,882482
2016-11-09,102.4345,107.6412,101.4041,107.4349,2198541
2016-11-10,107.6707,108.6334,105.3031,107.3072,1515598
2016-11-11,107.0813,109.5569,106.7865,109.4194,2334510
2016-11-14,109.5372,110.0874,107.9851,108.0735,1822181
2016-11-15,108.5156,109.8516,108.2847,108.9478,1405606
2016-11-16,108.879,109.0657,108.0244,108.9085,2329975
2016-11-17,108.8594,111.8361,108.2798,111.7968,1912566
2016-11-18,111.7378,114.5671,111.6298,113.9384,4870535
2016-11-21,113.2212,113.9384,112.6711,113.6338,1940584
2016-11-22,114.1938,114.6064,113.5847,114.3805,1382824
2016-11-23,114.2724,114.3313,113.516,113.7812,1497622
2016-11-25,113.8598,114.125,113.29,114.0268,516816
2016-11-28,113.8598,114.4492,113.2507,113.6731,1166174
2016-11-29,113.5061,114.5769,113.2998,114.1152,1480416
2016-11-30,114.1152,114.2036,111.669,111.6789,1696086
2016-12-01,111.7869,112.1897,110.4214,111.3743,2088867
2016-12-02,111.2564,111.8262,110.2544,111.2663,840223
2016-12-05,111.9146,113.5454,109.5176,112.8676,1041809
2016-12-06,112.7693,112.8676,111.6985,112.5139,852423
2016-12-07,112.3076,114.5868,112.2094,114.5573,942456
2016-12-08,114.3805,115.6674,114.0857,115.5986,999581
2016-12-09,115.5102,115.5692,114.6162,114.9208,1174984
2016-12-12,114.5769,114.9011,113.4963,113.9875,973337
2016-12-13,114.1349,116.4708,114.0072,115.7165,978583
2016-12-14,115.9621,116.5663,115.4807,115.5986,996052
2016-12-15,115.6379,116.1095,115.078,115.7067,853093
2016-12-16,116.1979,116.1979,114.6948,115.245,1496019
2016-12-19,115.0976,116.5221,114.9895,116.0702,651363
2016-12-20,116.5417,116.5417,115.5986,116.306,638362
2016-12-21,116.1979,116.2863,115.3334,115.6183,567001
2016-12-22,115.2155,115.3825,114.2135,114.852,696726
2016-12-23,114.9306,115.3825,114.5475,114.8618,417103
2016-12-27,115.2941,115.8639,114.5671,114.8422,819578
2016-12-28,114.8225,114.8324,113.1525,113.4275,801486
2016-12-29,113.3784,113.8107,112.789,112.897,636660
2016-12-30,113.2998,113.7223,111.5413,112.5925,1443062
2017-01-03,112.3273,113.2704,112.0915,112.73,1434186
2017-01-04,112.6907,113.5945,112.288,112.956,871728
2017-01-05,112.7595,113.7026,112.4844,113.6535,1051677
2017-01-06,113.8998,115.3088,113.5057,115.1413,997199
2017-01-09,115.1709,115.2595,114.087,114.7964,706442
2017-01-10,114.7275,114.9147,113.5648,114.4023,925509
2017-01-11,114.3925,114.9738,113.7816,114.6684,838513
2017-01-12,114.5304,115.427,113.6732,115.3186,708052
2017-01-13,115.3088,115.5453,114.7964,115.3778,616349
2017-01-17,115.2398,115.5847,113.89,114.3826,754380
2017-01-18,114.8851,115.1413,113.9245,114.087,843087
2017-01-19,114.3629,114.6881,113.3776,114.2447,961792
2017-01-20,114.7669,115.4861,114.0772,115.3778,1376842
2017-01-23,115.3285,115.7226,114.5206,115.3778,1053798
2017-01-24,115.9886,117.102,115.5453,117.0035,964560
2017-01-25,117.8804,118.777,117.3286,118.245,1442658
2017-01-26,118.2351,118.3435,116.6389,116.7178,1041571
2017-01-27,117.3681,117.506,116.4714,116.8458,703010
2017-01-30,116.7473,116.8064,115.5847,116.7867,808377
2017-01-31,116.6784,116.836,115.8881,116.836,1207227
2017-02-01,116.7473,117.24,115.6635,115.9788,922747
2017-02-02,115.4861,116.4517,114.7176,116.097,743836
2017-02-03,116.7966,117.4961,116.5798,116.6291,828160
2017-02-06,116.3532,116.432,115.5551,116.1561,757166
2017-02-07,116.501,116.8458,115.4763,115.7522,790924
2017-02-08,110.2542,115.9295,110.2542,114.8359,2964334
2017-02-09,114.9048,115.5453,114.0969,114.3826,1718336
2017-02-10,114.8457,115.8211,114.1856,115.8014,1428133
2017-02-13,116.4517,116.9345,115.4861,116.6586,1357838
2017-02-14,116.4222,117.1217,115.8064,117.0922,1475192
2017-02-15,116.7966,117.2104,116.1956,117.2006,1031135
2017-02-16,117.2498,117.574,116.6291,117.4863,874967
2017-02-17,117.4863,118.107,116.4567,118.0972,2113438
2017-02-21,117.6636,118.7672,117.0626,118.107,1505708
2017-02-22,118.0085,118.3928,117.3582,117.6735,1254804
2017-02-23,117.7326,119.2007,117.3089,118.9248,1635059
2017-02-24,124.6395,126.5608,122.0482,126.1273,3478488
2017-02-27,125.0829,125.7036,123.5261,123.9991,2245847
2017-02-28,123.871,124.0089,122.5649,123.5951,1932311
2017-03-01,124.0385,124.0385,122.3536,122.6985,2503414
2017-03-02,122.1172,123.5754,122.0383,123.3291,1543117
2017-03-03,123.536,124.807,122.8758,124.5903,1500620
2017-03-06,123.8907,124.6888,123.5853,124.2454,1045487
2017-03-07,124.5804,124.6297,123.4473,123.5557,1121920
2017-03-08,123.2108,123.802,123.0138,123.7528,1469691
2017-03-09,124.0779,124.1469,122.4423,122.9251,1294830
2017-03-10,123.8414,123.8414,122.8266,123.1025,1282107
2017-03-13,122.935,123.2404,122.6197,123.1123,2094595
2017-03-14,123.0433,123.1911,122.0285,122.4817,2018531
2017-03-15,123.0926,123.5163,122.3487,122.8364,1358309
2017-03-16,122.8069,123.1025,122.0778,122.5211,1259890
2017-03-17,122.6689,122.797,121.8708,122.0975,1668084
2017-03-20,121.7526,122.3635,120.9644,121.5851,1380501
2017-03-21,121.7132,121.9781,119.1711,119.2697,1754168
2017-03-22,119.4766,119.7032,119.0398,119.3386,1571485
2017-03-23,119.516,120.2747,118.1366,118.2253,1485320
2017-03-24,118.6588,118.8608,117.3483,117.9592,1890141
2017-03-27,117.102,117.3089,116.0576,116.7079,2110567
2017-03-28,117.0035,117.1513,115.9049,116.2645,2695308
2017-03-29,116.097,116.4025,115.0526,116.1463,4294900
2017-03-30,115.8211,116.0576,113.7323,113.9195,2093390
2017-03-31,113.8013,114.6782,113.6042,114.2841,4699786
2017-04-03,114.3432,114.8063,113.1116,114.4614,4074497
2017-04-04,113.9885,115.0625,113.9885,114.3235,1718284
2017-04-05,114.8556,115.5551,114.3432,114.8359,1881654
2017-04-06,114.6678,116.4663,114.1935,116.4169,3653592
2017-04-07,116.5948,117.5533,116.4169,117.0592,2561839
2017-04-10,117.1482,117.8893,116.6442,117.2173,2147198
2017-04-11,116.9604,117.3409,115.992,117.2766,1673345
2017-04-12,116.8319,116.9802,116.1205,116.4367,1668004
2017-04-13,116.6541,117.4841,116.328,116.496,1115890
2017-04-17,116.8912,117.2618,116.5355,117.2371,940191
2017-04-18,117.0296,118.0672,116.8715,117.9387,1719169
2017-04-19,118.245,118.3142,117.2964,117.5632,1434399
2017-04-20,117.7015,117.7213,116.4466,116.8715,2790692
2017-04-21,117.079,117.326,116.5306,116.9604,2409515
2017-04-24,118.0079,118.0079,116.8517,117.3557,1748065
2017-04-25,117.5138,117.9683,117.2075,117.6719,2072290
2017-04-26,117.494,117.6126,114.2528,114.4406,3963359
2017-04-27,121.8815,124.2531,121.6938,124.1247,4945719
2017-04-28,124.5891,124.5891,123.344,123.7294,1943288
2017-05-01,124.0654,124.184,123.2452,124.0357,1382038
2017-05-02,124.263,124.6978,123.5417,124.4211,1427922
2017-05-03,124.5101,124.5101,123.6108,124.1148,936600
2017-05-04,124.4409,124.6286,123.9863,124.4607,971341
2017-05-05,124.9844,124.9844,124.2136,124.6484,755251
2017-05-08,124.6583,124.8558,124.0654,124.6781,974734
2017-05-09,124.7275,125.5773,124.4162,125.2314,1096983
2017-05-10,124.9547,125.9528,124.9547,125.5872,1378333
2017-05-11,125.3401,125.686,124.5891,125.3797,978616
2017-05-12,125.3698,125.3698,124.6484,125.014,793577
2017-05-15,124.8362,126.1307,124.5199,126.1208,1346496
2017-05-16,126.0714,126.101,125.607,125.9923,930721
2017-05-17,125.2611,125.9132,123.8085,123.8678,1472074
2017-05-18,123.7195,124.3421,122.7511,123.6701,1697268
2017-05-19,123.7986,125.1721,123.2254,123.8974,2704503
2017-05-22,124.016,125.7749,123.68,125.6563,1719844
2017-05-23,126.2888,128.5616,125.8836,127.6228,2670834
2017-05-24,138.0579,138.5916,134.797,136.2002,5279842
2017-05-25,135.9037,137.1686,133.8286,136.7239,3528903
2017-05-26,136.3978,138.2062,135.212,136.9215,2318291
2017-05-30,136.8425,138.5422,136.3682,138.3939,2606337
2017-05-31,138.5422,139.4117,137.8702,138.9769,2387963
2017-06-01,138.888,139.9997,138.6113,139.6588,1903064
2017-06-02,139.5501,141.2003,139.4562,141.1213,1522499
2017-06-05,140.9335,141.7636,140.5086,140.9632,1472544
2017-06-06,140.4987,141.2498,139.9256,139.9552,1987086
2017-06-07,140.4394,141.1212,139.7576,140.2912,1447281
2017-06-08,140.5481,141.2992,139.9355,141.0225,1416781
2017-06-09,141.309,142.1095,137.4552,138.552,1890790
2017-06-12,137.3168,138.4829,136.378,138.0876,1776498
2017-06-13,138.1469,139.0461,137.7615,138.2259,1492520
2017-06-14,138.8386,139.3623,137.218,138.5323,906917
2017-06-15,137.3168,138.8188,136.4966,138.3445,1346991
2017-06-16,137.0105,138.7991,137.0105,137.8405,1920789
2017-06-19,138.5422,139.6094,138.0975,139.0856,1690153
2017-06-20,138.8979,139.2339,138.3742,138.5125,1042187
2017-06-21,139.1153,139.8465,138.3248,138.5916,1265117
2017-06-22,138.2457,138.9769,137.9492,138.3346,1112937
2017-06-23,138.5817,139.1153,137.9097,138.7398,1543627
2017-06-26,136.7733,138.1963,136.052,136.7634,1363843
2017-06-27,136.1508,136.7733,133.6606,133.6902,1540460
2017-06-28,133.8483,135.9927,132.8997,133.7693,1533380
2017-06-29,133.3839,133.5321,130.785,131.5261,1785593
2017-06-30,132.1684,133.1862,131.2099,131.2395,2294800
2017-07-03,132.2376,132.2475,130.0834,130.1229,759267
2017-07-05,130.3502,131.3186,129.7079,130.4194,1275638
2017-07-06,129.6763,130.5878,129.0521,129.8843,1411562
2017-07-07,130.776,131.7667,130.4887,130.6769,1226153
2017-07-10,130.3203,131.202,129.7853,130.6472,1182592
2017-07-11,130.9543,131.7469,130.4689,131.1327,990173
2017-07-12,132.2522,132.5494,131.7964,132.2423,1328864
2017-07-13,132.2125,132.7574,130.5679,131.1723,1597005
2017-07-14,131.6577,132.1531,131.4497,131.6478,1572001
2017-07-17,131.7271,132.5197,131.3902,131.8361,1011286
2017-07-18,131.4596,132.5791,131.42,132.4107,808788
2017-07-19,132.1927,134.0058,132.054,133.9364,1082698
2017-07-20,133.9166,134.6497,132.9556,134.0949,1172297
2017-07-21,133.4411,134.5259,132.9457,133.5897,849563
2017-07-24,133.7284,134.9965,133.4708,134.9866,910630
2017-07-25,135.5612,136.3848,134.6795,135.5711,941055
2017-07-26,135.7296,136.1259,135.1055,135.8683,980682
2017-07-27,135.6306,136.433,133.8869,135.6008,1257848
2017-07-28,135.2145,135.7395,134.1445,134.3822,979628
2017-07-31,134.303,136.1358,134.2534,135.9377,1133216
2017-08-01,136.3637,137.4238,134.4516,136.1556,1009964
2017-08-02,136.2151,136.3142,134.5705,135.264,1238340
2017-08-03,135.6801,136.3736,134.9866,135.8683,879567
2017-08-04,136.2745,136.5123,135.4225,135.6306,675694
2017-08-07,135.0064,135.7792,134.6795,135.3829,866302
2017-08-08,134.7686,135.9377,134.5507,134.9172,747127
2017-08-09,134.7389,135.6999,134.0058,135.5513,761658
2017-08-10,134.729,135.2145,133.55,133.9067,928321
2017-08-11,135.4621,135.7693,133.8373,135.3333,747234
2017-08-14,136.1259,138.2882,136.1259,137.6021,1148906
2017-08-15,137.1166,137.8003,134.5507,136.1953,1547991
2017-08-16,136.0665,136.9284,135.799,136.6411,1075484
2017-08-17,136.4231,136.6015,133.1835,133.2132,1272753
2017-08-18,132.7079,133.8324,132.5296,132.8664,1306185
2017-08-21,133.233,134.8182,132.7376,134.6497,1778862
2017-08-22,134.8776,137.0671,134.3228,136.869,2260866
2017-08-23,136.968,138.1074,132.3612,134.2634,2557045
2017-08-24,134.0157,134.5408,132.4701,134.0751,1944156
2017-08-25,134.4021,136.5123,134.4021,136.0764,1530029
2017-08-28,136.0169,136.8987,135.2145,136.6213,1471306
2017-08-29,135.4919,137.3148,135.4819,136.7303,1019651
2017-08-30,136.5123,138.8405,136.4826,138.6721,1859200
2017-08-31,138.7712,140.3761,138.464,140.1384,2337152
2017-09-01,140.5148,140.9409,139.752,140.5842,1074863
2017-09-05,139.7619,141.1291,139.5441,140.2275,1370288
2017-09-06,140.8319,141.1687,139.435,139.8312,1185555
2017-09-07,139.6826,140.4455,138.7712,139.6925,1525680
2017-09-08,139.861,140.386,139.6331,140.2473,953284
2017-09-11,141.1093,141.7533,140.5545,141.3173,1096374
2017-09-12,141.6046,141.674,139.2269,141.0597,1787892
2017-09-13,140.386,140.9409,139.4449,140.7427,1231688
2017-09-14,140.0294,140.7724,139.2764,140.7625,1264800
2017-09-15,140.5347,141.03,139.8015,140.8121,1423535
2017-09-18,140.7526,142.7242,140.2969,142.4666,1408407
2017-09-19,142.9619,144.6858,142.2585,143.9923,1740640
2017-09-20,143.9824,144.557,142.6598,143.6257,1249836
2017-09-21,144.4678,144.5471,142.7242,143.1502,1162929
2017-09-22,142.7341,145.3595,142.7341,144.9632,1310969
2017-09-25,144.1805,144.6363,142.4269,143.3979,1324865
2017-09-26,143.8833,144.2598,142.7638,143.4276,1166329
2017-09-27,142.8629,144.3291,142.3477,143.0214,1567343
2017-09-28,142.1297,142.6845,140.287,140.9904,1935373
2017-09-29,140.8616,141.5947,139.0684,140.822,2566365
2017-10-02,140.9409,141.9613,139.8709,140.4257,1583872
2017-10-03,140.4554,140.9805,139.9997,140.5347,1244900
2017-10-04,140.4356,141.565,138.9099,141.3471,1612168
2017-10-05,141.6641,141.8028,140.7031,141.5353,1068875
2017-10-06,141.4161,143.2937,141.1081,143.2341,992714
2017-10-09,143.393,143.393,142.4691,143.0155,786958
2017-10-10,143.0056,143.7705,142.5188,143.2341,778201
2017-10-11,143.2241,143.7308,142.2406,142.7175,1217024
2017-10-12,142.7076,144.9726,142.5188,144.9031,1094502
2017-10-13,145.8468,146.0256,144.2971,144.6944,1030226
2017-10-16,145.0421,145.0421,143.6911,143.7904,743080
2017-10-17,143.8301,144.6845,143.5768,144.5454,1143929
2017-10-18,144.6547,145.4991,144.1893,144.8136,888208
2017-10-19,144.4461,145.6879,144.4237,145.6581,874093
2017-10-20,145.4991,147.4463,145.4991,146.9992,1175841
2017-10-23,147.5555,147.9132,145.9958,146.3535,810405
2017-10-24,146.125,147.645,144.8733,147.645,1144695
2017-10-25,147.3767,148.7576,146.9992,148.4794,1460655
2017-10-26,149.0656,150.9531,148.4496,150.3372,1124783
2017-10-27,150.4067,152.8506,149.8305,152.4532,1173081
2017-10-30,152.2148,152.2545,149.3984,150.4564,953949
2017-10-31,150.7842,150.9928,149.5226,150.0292,859132
2017-11-01,150.8538,151.2164,149.5623,150.367,892377
2017-11-02,150.3471,151.3207,149.612,151.1518,925527
2017-11-03,150.8935,153.0294,150.0491,152.632,962437
2017-11-06,152.8506,153.1784,151.0425,151.6783,671201
2017-11-07,152.2446,152.3241,150.5855,151.5094,662897
2017-11-08,151.6088,152.185,150.6749,151.9565,734279
2017-11-09,151.0127,151.5889,149.5921,151.4101,954712
2017-11-10,150.665,152.4433,150.5657,152.2942,712019
2017-11-13,152.0062,154.3507,152.0062,153.8738,1091381
2017-11-14,153.0393,154.753,152.5128,154.1917,946529
2017-11-15,154.2017,155.4335,152.3539,152.8506,1659010
2017-11-16,153.0791,155.0163,152.5823,154.6288,1143738
2017-11-17,154.9666,155.6809,154.2514,155.5229,1247697
2017-11-20,156.1885,157.8575,155.5031,156.7449,1871096
2017-11-21,151.4995,155.364,150.1882,150.7942,2533369
2017-11-22,150.9432,151.3753,149.7312,150.6352,1821750
2017-11-24,150.1087,152.9698,150.0292,152.9002,1055044
2017-11-27,152.8009,154.1023,152.3439,153.7546,1609604
2017-11-28,153.9036,154.8673,153.3175,154.7679,1358975
2017-11-29,154.8474,154.9368,152.1731,153.2082,2266589
2017-11-30,153.7447,156.7647,152.9002,156.1885,3417538
2017-12-01,155.1156,156.9634,151.5791,155.4136,1645612
2017-12-04,155.6719,155.8508,153.1983,153.5261,1691390
2017-12-05,153.6851,155.2944,153.1784,153.4566,961202
2017-12-06,153.4466,155.2249,152.5567,155.1653,946579
2017-12-07,154.6884,154.9666,153.2778,154.5394,1606912
2017-12-08,155.0262,155.364,153.1387,154.2116,1637860
2017-12-11,154.0725,154.8076,152.93,154.6586,1378800
2017-12-12,154.3109,155.3838,153.5162,154.8275,1021093
2017-12-13,155.3242,156.725,154.9865,155.4534,1425978
2017-12-14,155.8011,156.4468,154.5891,155.1653,1044361
2017-12-15,155.96,158.7218,155.0163,158.6026,2382880
2017-12-18,158.9503,160.3808,158.7516,160.0729,1383278
2017-12-19,159.8047,160.2418,157.6588,158.8311,1740179
2017-12-20,159.2483,159.4073,157.0727,158.3046,1393803
2017-12-21,158.3443,158.8013,156.9833,157.5793,1511928
2017-12-22,157.2018,157.639,156.6356,157.4601,679889
2017-12-26,156.3773,158.1754,156.3773,157.8873,618552
2017-12-27,157.927,158.384,157.4105,157.6886,547862
2017-12-28,158.4436,158.4436,157.0131,157.5396,636332
2017-12-29,157.3906,158.3741,156.7051,156.7449,690517
2018-01-02,157.182,157.8078,155.9799,157.6787,1436135
2018-01-03,157.1919,158.2847,156.7051,158.1158,1410930
2018-01-04,158.4138,162.7452,158.4138,160.9471,1694998
2018-01-05,161.7319,163.4704,161.4339,163.0333,1072061
2018-01-08,162.9539,163.4506,162.2684,163.1327,1185952
2018-01-09,163.4513,164.4372,162.0871,164.1583,1098328
2018-01-10,163.6903,163.8895,161.868,162.824,1095379
2018-01-11,162.8339,163.5907,161.5693,162.3161,813932
2018-01-12,162.3958,164.248,162.2464,163.8198,652394
2018-01-16,164.3077,165.7915,161.151,161.6091,1385036
2018-01-17,163.1924,163.9891,162.2464,163.6007,903241
2018-01-18,163.2024,164.2679,162.9236,163.7102,980771
2018-01-19,164.248,167.1159,163.9293,167.0362,1555402
2018-01-22,167.0462,168.0918,166.4387,167.9623,1042600
2018-01-23,168.2909,169.0776,167.0462,167.7532,1058775
2018-01-24,167.9324,168.8685,166.1898,166.847,860634
2018-01-25,167.325,168.0719,165.5823,167.1159,739982
2018-01-26,167.8329,169.8743,167.4843,169.7249,751661
2018-01-29,169.2469,169.7149,167.559,168.5001,939779
2018-01-30,168.998,169.2867,166.6279,167.793,1189229
2018-01-31,167.8926,168.266,166.2704,167.1956,1314515
2018-02-01,166.857,167.7432,164.2281,164.955,1499882
2018-02-02,163.7999,165.7068,162.7244,162.7343,1412876
2018-02-05,161.9775,163.302,156.9786,156.9886,1678303
2018-02-06,154.5588,160.2349,151.9707,160.195,2205537
2018-02-07,159.0797,164.6114,158.4723,160.6133,1673535
2018-02-08,160.6033,160.6033,152.0195,152.1091,1615059
2018-02-09,152.0792,157.7155,149.7988,156.401,2175685
2018-02-12,158.542,160.1054,156.8392,158.7113,1484921
2018-02-13,156.2716,159.5279,154.3708,158.6914,1264540
2018-02-14,158.1835,163.3717,157.4693,163.2123,1235399
2018-02-15,164.0389,168.6096,162.6945,168.5996,1237647
2018-02-16,168.3109,172.2742,168.1017,170.9697,1700488
2018-02-20,170.2825,173.8177,169.8344,172.8418,1819755
2018-02-21,173.7679,175.5155,172.4833,172.5928,1460440
2018-02-22,173.1604,176.7652,170.8601,171.3779,2068827
2018-02-23,167.1956,171.5771,164.1583,171.0593,3189893
2018-02-26,171.0294,172.1347,169.217,171.9455,2290748
2018-02-27,171.6368,172.4285,169.5456,169.6353,1740440
2018-02-28,170.661,171.3879,166.1002,166.1599,1672343
2018-03-01,166.6977,167.4345,162.5551,163.6505,1794290
2018-03-02,162.1568,168.5001,161.9118,168.1316,1896110
2018-03-05,166.8869,170.6908,166.2993,169.466,1301835
2018-03-06,170.183,170.3722,168.0818,168.749,1262618
2018-03-07,167.8727,170.4419,167.554,169.944,1352306
2018-03-08,170.3224,170.8999,169.1075,170.7506,817720
2018-03-09,171.6568,176.5163,171.2983,176.4267,1761553
2018-03-12,176.6856,177.8606,175.7993,176.586,1990554
2018-03-13,176.9246,178.4183,175.8292,176.9345,1679194
2018-03-14,178.0498,178.2389,175.5205,176.5462,1021617
2018-03-15,176.5262,177.6694,175.9785,177.1835,1230949
2018-03-16,177.4125,178.5477,176.7652,177.8407,1654794
2018-03-19,176.5959,176.82,172.7472,175.0027,1292933
2018-03-20,175.401,178.239,174.502,177.4025,1451021
2018-03-21,176.8549,178.1295,175.0724,175.9188,1256689
2018-03-22,174.0467,176.347,173.27,174.0965,1531687
2018-03-23,174.0666,175.9288,169.1274,169.1573,1751539
2018-03-26,172.2841,173.9272,170.9199,173.7977,2560669
2018-03-27,175.3811,176.347,171.4377,172.5231,1746500
2018-03-28,172.7123,173.3297,169.6651,170.2128,1592909
2018-03-29,171.587,174.4151,169.1623,172.6227,1243973
2018-04-02,172.2841,173.1405,167.0063,169.1672,1797204
2018-04-03,170.0535,170.0535,166.9665,169.7548,1400116
2018-04-04,167.6835,173.0608,166.7275,172.3239,2023995
2018-04-05,173.4592,173.8774,170.3423,171.1091,2026796
2018-04-06,169.2071,170.5116,165.8164,166.9765,1995825
2018-04-09,168.4537,171.8374,167.6852,169.0726,1684242
2018-04-10,171.8174,171.8174,169.5018,170.989,1669724
2018-04-11,169.382,172.566,168.7881,171.2684,812282
2018-04-12,171.8573,173.8436,170.7394,173.3046,708221
2018-04-13,174.3327,174.3327,170.7893,171.6677,678269
2018-04-16,173.0251,175.4107,172.4163,174.9715,852316
2018-04-17,176.279,181.1599,175.241,180.6608,1909068
2018-04-18,180.7906,181.629,177.3171,180.8504,1775005
2018-04-19,180.4213,181.629,178.6047,179.0738,1150450
2018-04-20,177.9958,179.6128,176.7382,177.7962,1264656
2018-04-23,178.7644,181.5092,178.3152,179.9621,943726
2018-04-24,180.8504,182.5872,176.4387,178.2354,1220274
2018-04-25,177.8361,179.4381,174.0283,176.0395,1504960
2018-04-26,180.4412,186.0407,180.4113,184.833,2036410
2018-04-27,185.1025,186.4899,183.8348,186.2403,1110317
2018-04-30,186.8492,188.2066,184.3738,184.4437,1444332
2018-05-01,184.4736,187.1586,184.0245,186.8891,1001209
2018-05-02,186.8292,187.6976,184.9028,185.5816,1190645
2018-05-03,184.5535,187.2534,182.677,186.0307,1245176
2018-05-04,185.6315,190.128,184.9927,189.095,1191097
2018-05-07,190.1729,190.9415,188.3464,189.2048,1103030
2018-05-08,187.9272,190.0432,187.7974,189.8136,1108684
2018-05-09,190.2927,193.317,189.4942,192.3089,932834
2018-05-10,194.1754,194.3751,192.3888,193.9359,924411
2018-05-11,193.8261,195.9122,193.0975,193.8361,1208125
2018-05-14,194.2653,195.6227,191.6003,192.2291,1090008
2018-05-15,190.1131,190.5223,188.2565,189.4144,2066205
2018-05-16,190.0232,191.0713,188.4462,190.0532,1572652
2018-05-17,189.4543,190.8417,188.1128,189.4244,991138
2018-05-18,188.9253,190.682,187.8972,190.1829,1305401
2018-05-21,191.8498,192.3888,190.5323,191.3308,1297177
2018-05-22,192.2191,192.299,189.3744,190.1829,1934071
2018-05-23,186.9091,196.6009,186.8602,195.8623,2200329
2018-05-24,195.1336,197.8286,194.2952,197.4193,2051013
2018-05-25,196.8105,199.1062,196.1617,196.7207,1399558
2018-05-29,195.3033,197.9783,194.4549,196.3314,1850459
2018-05-30,197.6789,201.2122,197.4593,200.7231,1532167
2018-05-31,200.5235,203.0588,199.7849,201.2222,2822885
2018-06-01,201.9009,203.8672,200.6233,203.6976,1296361
2018-06-04,203.8473,206.7518,203.5678,206.6121,1548281
2018-06-05,206.8616,208.1043,205.8335,207.8398,1344736
2018-06-06,207.8997,209.1473,206.5223,209.1074,1722206
2018-06-07,208.9776,208.9776,202.9639,205.8735,1231036
2018-06-08,205.7138,206.8017,204.1168,205.8735,1108142
2018-06-11,206.3426,206.5921,205.4443,205.9733,766040
2018-06-12,206.4025,207.3507,205.5929,207.1012,1093299
2018-06-13,206.8816,209.0375,206.662,207.4006,1090789
2018-06-14,208.4387,209.7362,207.3607,208.6882,797594
2018-06-15,208.249,209.7961,206.3226,208.5684,2175411
2018-06-18,207.2908,209.4368,205.4143,208.768,1205381
2018-06-19,209.4268,210.4549,206.7319,210.2153,1824089
2018-06-20,210.4549,213.3594,209.7662,213.1199,1235785
2018-06-21,213.8485,216.224,209.0375,209.4068,1693527
2018-06-22,209.3769,210.0781,205.4443,205.594,2316108
2018-06-25,204.4861,204.6158,199.6352,201.3619,2058228
2018-06-26,201.5616,203.0288,201.1224,201.7312,1638019
2018-06-27,202.0506,203.5878,197.6589,197.8485,1276371
2018-06-28,198.0781,204.3663,198.0781,203.6377,1467835
2018-06-29,203.977,206.133,202.929,203.9221,1268125
2018-07-02,202.6296,205.8036,201.332,205.055,1974401
2018-07-03,206.5622,206.5622,203.977,204.3763,776677
2018-07-05,206.1629,207.5492,203.4181,204.6757,1341834
2018-07-06,205.2946,207.9995,204.0868,207.7599,1384174
2018-07-09,209.22,209.79,206.51,207.73,1109766
2018-07-10,208.13,209.3,207.56,208.46,998586
2018-07-11,207.6,209.53,207.55,209.19,966757
2018-07-12,210.7,213.86,209.95,213.72,1656864
2018-07-13,213.92,214.36,212.24,213.71,870300
2018-07-16,213.55,214.92,213.43,214.46,623362
2018-07-17,213.54,216.99,210.93,216.48,726050
2018-07-18,216.0,218.61,215.08,218.31,878544
2018-07-19,217.51,218.17,215.14,215.99,1136023
2018-07-20,216.04,216.59,215.11,215.28,776345
2018-07-23,215.29,217.75,215.02,217.39,770167
2018-07-24,218.15,219.46,215.34,215.8,966477
2018-07-25,216.0,217.5,215.43,217.25,1338651
2018-07-26,217.61,219.34,216.25,216.64,1062867
2018-07-27,217.5,218.19,209.32,212.31,1284134
2018-07-30,208.06,212.16,202.4,202.68,1780004
2018-07-31,204.2,206.42,201.85,204.24,2225461
2018-08-01,203.91,205.62,203.31,204.26,1264685
2018-08-02,202.7,205.81,202.39,205.73,1427878
2018-08-03,206.79,206.99,203.92,205.15,936072
2018-08-06,204.54,207.99,204.35,207.48,936012
2018-08-07,207.74,210.16,207.71,209.48,1221437
2018-08-08,209.7,210.58,208.11,210.04,808870
2018-08-09,212.61,212.84,210.62,211.19,812876
2018-08-10,209.59,212.71,209.11,211.01,918113
2018-08-13,211.39,212.74,209.3025,209.57,995486
2018-08-14,210.0,211.495,208.61,210.69,1065545
2018-08-15,209.51,211.59,207.1,209.47,952129
2018-08-16,210.69,211.17,208.87,209.69,958266
2018-08-17,209.05,210.4975,206.21,207.89,2001168
2018-08-20,208.82,208.82,207.07,207.4,2210597
2018-08-21,208.41,210.39,208.02,209.01,2091513
2018-08-22,209.01,210.39,208.59,209.69,1797395
2018-08-23,210.31,213.46,210.01,212.45,2073544
2018-08-24,212.85,217.36,211.46,216.63,2736999
2018-08-27,216.64,217.46,210.22,211.97,2418567
2018-08-28,212.32,216.03,212.21,215.93,1618867
2018-08-29,215.6,218.75,215.44,217.9,1517117
2018-08-30,217.17,219.21,216.35,218.63,1246759
2018-08-31,217.97,219.78,217.6,219.47,1341141
2018-09-04,219.94,221.115,218.06,220.74,1200609
2018-09-05,220.6,221.09,214.71,218.69,1837071
2018-09-06,218.41,220.8,216.605,219.86,1456653
2018-09-07,218.28,221.58,217.18,220.32,1604593
2018-09-10,220.62,225.12,220.0716,224.72,1567360
2018-09-11,224.11,226.79,223.71,226.02,1595251
2018-09-12,226.21,226.93,223.09,225.68,1000981
2018-09-13,226.34,228.375,225.93,227.78,1543249
