date,open,high,low,close,volume
2013-09-16,58.8602,58.9421,58.287,58.6965,1568895
2013-09-17,58.6237,58.9603,58.3882,58.8784,959797
2013-09-18,58.842,59.6334,58.269,59.2332,1494701
2013-09-19,59.5606,59.9154,59.4333,59.497,1529833
2013-09-20,59.3878,60.0609,59.3423,59.5788,3917913
2013-09-23,59.5515,59.6607,58.5701,58.933,1119729
2013-09-24,58.842,60.5976,58.842,59.8608,2237973
2013-09-25,59.7971,60.261,59.2514,59.9427,1563547
2013-09-26,59.9972,60.0609,59.4424,59.688,1073474
2013-09-27,59.3059,60.0063,59.2878,59.5061,938958
2013-09-30,58.9148,59.2878,58.6474,59.0694,2066060
2013-10-01,59.3241,59.6243,58.9103,59.2787,971254
2013-10-02,58.9967,59.2968,58.6419,59.2878,1401825
2013-10-03,59.2332,59.4515,58.3054,59.0785,1489541
2013-10-04,59.0422,60.3065,58.8875,60.1155,1459146
2013-10-07,59.5424,59.5606,58.4418,58.4509,1362505
2013-10-08,58.4236,58.742,57.0047,57.1411,2268240
2013-10-09,57.2775,57.4049,56.1951,57.0865,2001765
2013-10-10,57.796,58.842,57.6687,58.7875,1764096
2013-10-11,58.6874,59.8972,58.551,59.7971,1255114
2013-10-14,59.3696,59.9245,58.8057,59.7426,1259689
2013-10-15,59.4242,59.5515,58.5692,58.7784,1288350
2013-10-16,58.6692,58.9694,57.2866,57.6232,3664512
2013-10-17,57.3958,57.8688,57.223,57.7778,5821782
2013-10-18,60.6885,62.153,59.406,60.8068,5983307
2013-10-21,60.9432,61.6891,60.5431,61.6527,2322524
2013-10-22,61.8528,62.7033,61.4617,62.1166,2458359
2013-10-23,62.0438,62.2985,61.2525,61.3798,1647725
2013-10-24,61.5072,61.6891,60.6521,61.5345,1757208
2013-10-25,61.589,61.7346,60.7795,61.7164,1592710
2013-10-28,61.6072,61.6982,61.1388,61.2252,1309640
2013-10-29,61.3798,61.962,61.0251,61.8801,1031677
2013-10-30,62.163,62.3181,60.8582,61.2141,1117324
2013-10-31,61.0316,62.2816,60.8673,61.6155,1482370
2013-11-01,61.7068,62.245,61.0133,61.8071,1231372
2013-11-04,62.0352,62.0808,61.4969,61.7706,735291
2013-11-05,61.6429,61.8801,60.7852,61.6064,1074443
2013-11-06,61.8345,62.2907,61.5881,61.7889,972645
2013-11-07,61.7068,62.1173,60.6666,60.7578,1266995
2013-11-08,60.767,61.7798,60.7305,61.7706,1237033
2013-11-11,61.8436,61.9987,61.4604,61.5608,1605479
2013-11-12,61.4057,61.9257,60.9038,61.8345,2736013
2013-11-13,61.6064,62.4002,61.0133,61.6246,3796882
2013-11-14,61.8436,62.1447,61.3874,62.0444,1700592
2013-11-15,62.4184,62.6101,61.7706,62.5279,2469397
2013-11-18,62.6283,63.0206,61.3874,61.6611,2763761
2013-11-19,61.5973,62.017,61.1411,61.6976,4257857
2013-11-20,61.7159,62.0261,61.2506,61.798,2756415
2013-11-21,61.8071,62.1356,61.579,62.017,3787221
2013-11-22,62.1173,62.8564,61.7159,62.8108,2789746
2013-11-25,63.1849,64.2615,62.9294,63.8601,3903361
2013-11-26,63.9696,64.3345,63.632,64.1703,3091814
2013-11-27,64.1703,64.9823,63.9422,64.8728,2754961
2013-11-29,64.8272,65.4659,64.7086,65.1648,1278325
2013-12-02,51.9165,52.2997,50.63,50.6939,4592983
2013-12-03,50.4932,51.3791,50.0278,51.1227,4255781
2013-12-04,50.7669,51.214,50.5023,51.0041,3497148
2013-12-05,50.8764,51.1592,50.6984,50.8764,3449959
2013-12-06,51.6884,52.0899,51.3599,51.7249,3124318
2013-12-09,50.922,51.9986,50.849,51.8344,2473075
2013-12-10,51.5881,52.0808,51.4968,51.7067,2048498
2013-12-11,51.6975,51.807,51.0452,51.1045,2755460
2013-12-12,51.2687,52.1446,51.2231,51.9348,2708659
2013-12-13,52.1902,52.4001,51.766,51.8435,2094680
2013-12-16,52.1081,52.9932,52.0351,52.7286,1810224
2013-12-17,52.8837,53.0206,52.2632,52.4092,1862804
2013-12-18,52.7012,53.8782,52.391,53.7961,2540513
2013-12-19,53.4129,54.1063,53.3855,53.9695,1713486
2013-12-20,54.079,55.1009,53.8782,54.8545,2873347
2013-12-23,55.183,55.7943,54.9366,55.6209,1923104
2013-12-24,55.4567,55.8901,55.3928,55.5297,744141
2013-12-26,55.7487,56.0224,55.3381,55.8034,919010
2013-12-27,55.849,56.0498,55.6301,55.8125,1190449
2013-12-30,55.9585,56.5379,55.8308,56.36,1434486
2013-12-31,56.287,56.433,55.8947,56.2049,1446081
2014-01-02,55.8855,56.2961,55.7669,55.8764,1916195
2014-01-03,55.8125,56.2414,55.6939,55.9494,1503040
2014-01-06,56.2231,56.506,55.6483,55.776,1656705
2014-01-07,55.776,56.5251,55.776,56.287,1553107
2014-01-08,56.1775,56.6428,55.9677,56.433,2430160
2014-01-09,56.4695,57.1182,56.2688,56.6155,2148266
2014-01-10,56.725,57.3819,56.5151,57.1629,2461683
2014-01-13,56.8345,57.8655,56.2323,56.3235,2271415
2014-01-14,56.5516,56.9713,56.4056,56.798,1712035
2014-01-15,57.0261,57.5096,56.798,57.3363,1969003
2014-01-16,57.318,57.8289,57.245,57.3728,1982864
2014-01-17,57.4002,57.6374,56.6885,56.8618,1947581
2014-01-21,57.1994,57.391,56.3463,56.6337,1810576
2014-01-22,56.9257,57.0033,56.3965,56.3965,2804861
2014-01-23,55.9677,56.141,54.9001,55.3563,2277228
2014-01-24,54.891,54.9093,52.9977,53.0206,3050234
2014-01-27,53.0935,54.0333,52.61,53.6136,3025305
2014-01-28,53.641,54.3162,53.641,53.9056,1600646
2014-01-29,53.4494,54.0698,53.1848,53.3216,2036695
2014-01-30,53.8417,54.0516,53.3946,53.86,1637782
2014-01-31,52.9476,54.006,52.7651,53.641,2496802
2014-02-03,53.4494,53.9056,51.7706,51.8709,3408389
2014-02-04,51.8162,52.6738,51.2048,52.2632,2556685
2014-02-05,53.9512,53.9512,52.2815,52.6373,3913860
2014-02-06,52.683,53.3034,52.6647,52.9749,2443402
2014-02-07,53.3125,54.6355,53.2852,54.526,2544746
2014-02-10,54.4713,54.6264,53.7231,53.9056,2606916
2014-02-11,52.9932,55.329,52.1081,52.245,7656422
2014-02-12,52.2267,53.203,52.1902,53.1027,6225908
2014-02-13,52.7651,53.3766,52.464,53.0297,2855969
2014-02-14,53.0388,53.6866,53.0023,53.3125,2338753
2014-02-18,53.495,54.3253,53.13,54.1793,3215143
2014-02-19,54.0607,54.9104,53.5361,53.5862,2444653
2014-02-20,53.641,54.672,53.641,54.4895,1848879
2014-02-21,54.5808,54.7085,54.1337,54.2067,1736298
2014-02-24,54.2341,55.5023,54.2341,54.7176,2038689
2014-02-25,54.7268,54.8819,54.2888,54.4257,1453206
2014-02-26,54.5169,55.4658,54.5078,55.0187,2545728
2014-02-27,55.0187,55.2468,54.6994,55.2286,1887459
2014-02-28,55.3928,56.1821,55.2286,55.7852,2856124
2014-03-03,55.11,55.2833,54.453,54.8636,1846463
2014-03-04,55.5753,56.0589,55.4239,55.8673,1961576
2014-03-05,55.8673,56.1775,55.4932,55.6301,1341259
2014-03-06,55.7031,56.0863,55.6483,55.9494,2070747
2014-03-07,56.3782,57.0534,56.3144,56.5151,2286261
2014-03-10,56.3235,56.3235,55.256,55.6209,1377205
2014-03-11,55.6666,55.7943,54.4439,54.5899,1725884
2014-03-12,54.2967,54.3242,53.7103,54.0127,2182384
2014-03-13,54.1318,54.2189,52.5742,52.7391,3078365
2014-03-14,52.675,53.3209,52.0519,52.1344,3906873
2014-03-17,52.5559,53.6096,52.3451,53.4355,2918674
2014-03-18,53.4721,53.9394,53.4721,53.6187,1730413
2014-03-19,53.6279,53.8661,52.8307,53.2614,1801026
2014-03-20,53.0873,53.9027,52.9315,53.7561,2056237
2014-03-21,54.2051,54.8282,53.8478,53.9302,4471589
2014-03-24,54.0768,54.2234,52.7941,53.0415,1887247
2014-03-25,53.1606,53.9577,52.7849,53.1331,2373489
2014-03-26,53.353,53.463,51.7496,51.7862,3298019
2014-03-27,51.3922,51.4564,49.8484,51.0349,5733463
2014-03-28,51.3556,52.2718,51.1907,51.8045,3066852
2014-03-31,52.2443,52.6773,52.1436,52.4459,2821595
2014-04-01,53.8203,53.8203,52.2352,52.3726,2809434
2014-04-02,52.1802,53.1972,52.0611,53.0323,2388956
2014-04-03,53.2797,53.7103,52.9086,53.0781,2054435
2014-04-04,53.3347,53.6462,51.5022,51.7587,3271607
2014-04-07,51.6488,51.832,50.0454,50.5676,4447238
2014-04-08,50.476,50.815,50.1461,50.4852,3714416
2014-04-09,50.7417,51.7679,50.4961,51.7129,3610349
2014-04-10,51.7129,51.9145,50.6592,50.7692,3032430
2014-04-11,50.5768,51.1174,49.7247,49.8346,2667330
2014-04-14,50.4577,50.7509,50.2103,50.6318,2589157
2014-04-15,50.7051,50.9937,49.8621,50.9158,2573967
2014-04-16,53.5729,53.5729,51.5205,53.1239,4888036
2014-04-17,53.1239,53.2889,52.8399,52.9773,3019653
2014-04-21,52.959,53.0781,52.3726,52.8399,1275178
2014-04-22,52.8033,53.7195,52.5101,53.1331,4037303
2014-04-23,54.4158,55.5795,54.086,54.8373,6113412
2014-04-24,55.1397,55.2313,54.1043,54.6083,2914173
2014-04-25,54.37,54.535,53.5363,53.8478,2015555
2014-04-28,54.1685,54.2234,52.6841,53.6096,2280476
2014-04-29,53.9669,54.031,53.3164,53.9669,1566207
2014-04-30,53.802,54.8098,53.6554,54.7915,2058320
2014-05-01,54.7549,55.2496,54.535,54.9381,1609859
2014-05-02,54.8556,55.1763,54.7389,54.8373,1149711
2014-05-05,54.5166,54.8098,54.1318,54.6083,996977
2014-05-06,54.3334,54.4617,53.6554,53.7287,1598936
2014-05-07,53.9486,54.4113,53.4721,53.8111,2806827
2014-05-08,53.7195,54.5624,53.6554,53.9669,2275473
2014-05-09,53.9486,53.9486,52.9407,53.298,2712157
2014-05-12,53.6829,54.3151,53.637,54.2784,2117174
2014-05-13,54.3884,54.9198,54.3059,54.4067,1545664
2014-05-14,54.3425,54.3425,53.5363,53.6096,1540213
2014-05-15,53.3255,53.463,51.8595,52.3726,2544919
2014-05-16,52.5101,52.7849,52.0519,52.7758,2418244
2014-05-19,52.565,53.298,52.4917,53.2522,914692
2014-05-20,53.1514,53.1835,51.9328,52.2718,1674207
2014-05-21,52.4917,52.8857,51.942,52.4826,1453942
2014-05-22,52.4826,52.904,52.2902,52.3635,688475
2014-05-23,52.3635,53.495,52.3222,53.463,1368314
2014-05-27,53.8844,54.425,53.5408,53.6462,1617325
2014-05-28,53.7836,55.0458,53.7332,54.8282,2912776
2014-05-29,54.9015,55.1965,54.2967,54.7732,1888024
2014-05-30,54.6083,54.9015,54.3059,54.8098,1946060
2014-06-02,54.819,55.1121,54.0768,54.7365,1394410
2014-06-03,54.6174,54.6999,54.1547,54.425,2941484
2014-06-04,54.4158,55.1763,54.2509,55.1397,2112556
2014-06-05,55.3596,56.0284,54.8282,55.7078,2672321
2014-06-06,55.497,56.7981,55.497,56.7798,1642300
2014-06-09,56.7614,57.6502,56.4499,57.2745,2042045
2014-06-10,57.1279,57.7235,56.9264,57.6868,2381022
2014-06-11,57.4661,57.5213,57.0153,57.2177,2250160
2014-06-12,57.0613,57.3649,56.8911,57.0613,2873838
2014-06-13,57.0889,57.3097,56.7854,57.3097,1826184
2014-06-16,57.0981,57.834,56.9969,57.8064,1990325
2014-06-17,57.5673,58.1606,57.2545,57.972,1954254
2014-06-18,57.9536,58.432,57.5029,58.386,1388648
2014-06-19,58.4136,58.5884,58.2388,58.5332,1375809
2014-06-20,58.7355,58.9747,58.5424,58.8643,2692927
2014-06-23,58.57,58.8919,57.9536,58.0548,1438966
2014-06-24,58.0088,58.3216,57.1073,57.2269,1901117
2014-06-25,57.1901,57.8156,57.0521,57.4937,1635125
2014-06-26,57.6685,57.7053,57.0153,57.5581,1412200
2014-06-27,57.3189,57.7329,57.2177,57.6777,3799419
2014-06-30,57.5213,57.8892,57.3557,57.5029,1622403
2014-07-01,57.834,58.2663,57.6041,57.834,1209339
2014-07-02,57.8156,58.386,57.6133,57.6869,1485494
2014-07-03,57.8156,58.2572,57.8064,58.0456,588187
2014-07-07,57.88,57.9904,57.2545,57.3465,1113136
2014-07-08,57.3557,57.3649,56.4266,56.4634,2065245
2014-07-09,56.7578,57.0061,56.6106,56.6382,1498873
2014-07-10,56.0034,56.3944,55.562,56.1046,1969911
2014-07-11,56.2426,56.675,55.9299,56.4358,2140304
2014-07-14,56.8865,57.5305,56.8498,57.2453,2208399
2014-07-15,57.1441,57.4937,56.445,56.6566,1935660
2014-07-16,56.7854,57.5887,56.7578,57.5121,1513094
2014-07-17,56.8957,57.1073,56.1506,56.1874,1833434
2014-07-18,56.491,57.3419,56.3162,57.2177,2142567
2014-07-21,56.8865,57.2361,56.6106,56.8957,2037787
2014-07-22,57.9628,59.5819,57.7329,59.3335,3271776
2014-07-23,59.3335,59.3335,58.8091,59.0851,2456466
2014-07-24,59.0299,59.0575,57.972,58.018,2334614
2014-07-25,57.7512,58.294,57.7237,58.0272,1461059
2014-07-28,57.926,58.064,57.1073,57.1993,2102024
2014-07-29,57.1901,57.1901,56.2702,56.2794,1856957
2014-07-30,56.5738,56.5738,55.8103,56.0494,2200763
2014-07-31,55.4239,55.5619,53.9337,54.0809,3093566
2014-08-01,54.4672,54.6788,54.0073,54.5592,1516808
2014-08-04,54.4672,54.6788,54.0073,54.5592,1516808
2014-08-05,54.3292,55.1663,54.1268,54.2924,1326196
2014-08-06,53.8049,54.228,53.3081,53.8417,1885759
2014-08-07,54.5224,55.2215,54.136,54.182,1867980
2014-08-08,54.3936,55.2031,54.2096,55.1295,1325150
2014-08-11,55.4423,55.8885,55.3411,55.5159,1352711
2014-08-12,55.3779,55.8609,55.1571,55.4515,1147867
2014-08-13,55.9023,56.284,55.6447,55.9666,1118841
2014-08-14,55.9482,56.2426,55.6263,55.985,1858410
2014-08-15,56.2334,56.445,55.2123,55.6999,1993558
2014-08-18,56.169,57.2085,56.031,57.1993,2551643
2014-08-19,56.8865,57.1073,56.5278,56.6198,2642119
2014-08-20,56.6382,57.1487,56.4634,56.9969,1287478
2014-08-21,57.0337,57.1625,56.6291,57.0429,1252838
2014-08-22,56.9233,57.3189,56.5278,56.5462,1475814
2014-08-25,56.8773,57.1073,56.6658,56.8773,1026302
2014-08-26,56.9325,57.1349,56.123,56.1506,1691141
2014-08-27,56.261,56.5094,55.9299,56.1046,1343368
2014-08-28,55.9391,56.0126,55.5435,55.6815,1753553
2014-08-29,55.9666,55.985,55.1755,55.3779,2044868
2014-09-02,55.6631,55.8011,55.1387,55.3963,1691967
2014-09-03,55.7919,55.985,54.9732,55.1203,1031657
2014-09-04,55.1939,55.7367,54.8628,55.0835,1843719
2014-09-05,54.8536,55.3963,54.4028,55.3411,2288228
2014-09-08,55.4239,56.3898,55.1709,55.3779,2146462
2014-09-09,55.2031,55.5251,54.9364,54.9456,1749811
2014-09-10,54.8902,55.6199,54.8624,55.3243,1739396
2014-09-11,55.1026,55.8047,55.0749,55.6938,1280873
2014-09-12,55.5645,55.7123,55.038,55.2966,1651266
2014-09-15,55.1488,55.352,54.8717,55.0287,1676509
2014-09-16,54.8809,55.6476,54.6223,55.4814,1706094
2014-09-17,55.4629,55.9248,54.9733,55.3059,1713550
2014-09-18,55.4075,55.7585,55.2874,55.5553,1385733
2014-09-19,55.7493,55.8878,54.6454,54.7516,4477955
2014-09-22,54.7239,54.8163,53.5692,53.7632,2200053
2014-09-23,53.7909,54.1511,53.3475,53.5877,1667171
2014-09-24,53.5322,53.6338,53.135,53.2366,1886948
2014-09-25,53.1165,53.135,52.2574,52.4237,2412196
2014-09-26,52.5253,53.1535,52.3868,53.0981,1875952
2014-09-29,52.4237,53.172,52.2574,52.8948,1733524
2014-09-30,52.8579,52.8948,51.9433,52.0634,2094581
2014-10-01,51.8602,52.2205,50.9364,51.2967,3261413
2014-10-02,51.1859,51.5369,50.3545,51.3983,2741831
2014-10-03,51.7678,52.2297,51.6293,52.1096,2343560
2014-10-06,52.2759,52.7101,52.1004,52.3498,3239063
2014-10-07,52.6269,52.8117,51.6477,51.6847,2808959
2014-10-08,51.6847,53.2274,51.4722,53.2089,3403121
2014-10-09,53.0426,53.0981,51.4538,51.5831,3209633
2014-10-10,51.5184,51.7032,50.4468,50.5023,2854746
2014-10-13,50.5762,50.7517,49.403,49.4861,3067741
2014-10-14,49.8926,50.4746,49.7263,49.9573,3778932
2014-10-15,49.209,50.1697,48.47,49.8279,3232270
2014-10-16,48.9596,50.918,48.9503,50.724,2754988
2014-10-17,51.306,52.5346,51.1859,52.1743,2981008
2014-10-20,52.0819,52.8856,51.814,52.7932,2680104
2014-10-21,53.4399,54.6223,53.3659,53.8925,3758481
2014-10-22,52.7932,55.5183,52.4699,53.3382,7247657
2014-10-23,53.8186,56.2019,53.8094,55.4352,2756970
2014-10-24,55.6384,55.7308,54.8163,55.6661,1734801
2014-10-27,55.4444,55.7862,55.0491,55.5922,1989549
2014-10-28,55.9802,57.3659,55.8878,57.2735,2121364
2014-10-29,57.255,57.4398,56.0818,56.7931,1602776
2014-10-30,56.6176,57.2827,56.3035,57.0241,1509238
2014-10-31,57.6245,58.031,57.3843,57.8462,2368019
2014-11-03,57.8185,57.8924,56.867,57.098,2350239
2014-11-04,56.9779,57.0979,56.3589,56.6638,1588367
2014-11-05,57.0887,57.6522,56.0172,57.4582,3315319
2014-11-06,57.3843,58.382,57.255,58.345,1855558
2014-11-07,58.345,58.9085,58.2573,58.6684,1465764
2014-11-10,58.6684,58.9917,58.5113,58.5852,1628375
2014-11-11,58.8162,58.8993,58.1141,58.2434,1541558
2014-11-12,58.0402,58.5945,57.8739,58.1972,1465230
2014-11-13,58.3266,58.3266,57.5783,57.7631,1294617
2014-11-14,57.6615,58.1511,57.6615,57.8185,1084965
2014-11-17,57.7354,57.8739,57.4767,57.7538,1531210
2014-11-18,57.8832,58.3912,57.5968,57.9755,1322334
2014-11-19,57.9016,57.9386,57.255,57.9201,1271685
2014-11-20,57.5321,58.4097,57.2827,58.2157,1190877
2014-11-21,58.8716,59.2781,58.5206,58.6314,1150882
2014-11-24,58.8716,59.0194,58.6499,58.9085,1237721
2014-11-25,58.9363,59.2596,58.6868,58.9732,1462607
2014-11-26,58.9732,59.0563,58.5298,58.6499,1041040
2014-11-28,58.5113,58.5575,58.0125,58.2527,640396
2014-12-01,58.0679,58.1511,56.9409,57.3843,1406083
2014-12-02,57.7723,58.4559,57.6014,58.2527,1326679
2014-12-03,58.2527,59.5367,58.1788,58.9455,1642565
2014-12-04,58.6961,58.8808,58.2619,58.4559,1548806
2014-12-05,58.4559,59.0009,58.3681,58.7515,1364704
2014-12-08,58.5852,58.77,57.6799,57.8,1293836
2014-12-09,57.5044,58.2342,57.0887,58.1603,1871492
2014-12-10,58.0676,58.1789,57.4925,57.7708,2440529
2014-12-11,57.9934,58.9672,57.9934,58.522,2314560
2014-12-12,57.8264,58.2531,57.5389,57.5667,2110124
2014-12-15,57.7151,58.0954,56.7506,57.1123,1554696
2014-12-16,56.8433,57.8079,56.324,56.3703,1933516
2014-12-17,56.5002,57.6502,56.1756,57.4833,1964307
2014-12-18,58.4107,58.9301,57.7615,58.9115,1462859
2014-12-19,59.1527,59.5051,58.8744,59.3474,2286979
2014-12-22,59.3938,59.7462,59.3011,59.5329,1379712
2014-12-23,59.672,60.2285,59.5886,59.7926,1210357
2014-12-24,59.737,60.0429,59.5793,59.8112,379599
2014-12-26,60.1079,60.2842,59.8112,59.9039,738102
2014-12-29,59.8019,60.3491,59.6164,59.9039,868914
2014-12-30,59.7741,59.9503,59.3011,59.5886,1132190
2014-12-31,59.8946,59.9447,58.7539,58.791,683565
2015-01-02,58.8837,59.3567,58.0954,58.6704,1104235
2015-01-05,58.151,58.42,57.3998,57.6502,1761834
2015-01-06,57.7059,57.8357,55.9808,56.4445,2218717
2015-01-07,57.0474,57.2978,56.5929,56.7506,1715164
2015-01-08,57.2143,57.9284,57.1754,57.9006,1716821
2015-01-09,58.0768,58.0768,57.1494,57.27,966946
2015-01-12,58.3736,58.4014,56.9824,57.6873,2258651
2015-01-13,58.2809,58.6611,56.6764,57.3998,1337119
2015-01-14,56.324,57.0288,56.1385,56.9732,1577410
2015-01-15,57.2421,57.6595,56.5002,57.0845,2754511
2015-01-16,56.8619,57.2236,55.786,57.1494,2902902
2015-01-20,57.678,58.1603,56.9732,57.845,2466764
2015-01-21,57.5575,58.6843,57.3627,58.5406,1864221
2015-01-22,59.1249,60.0616,58.8095,60.043,2714149
2015-01-23,59.8204,60.8416,59.6813,59.9688,3152733
2015-01-26,59.9781,60.6273,59.3196,60.5902,1670785
2015-01-27,59.7741,60.3862,59.1527,60.0616,1697744
2015-01-28,60.4233,60.7201,59.1712,59.2176,2025810
2015-01-29,59.1619,60.0523,58.7168,59.9688,2839978
2015-01-30,61.1096,61.7124,60.145,61.5826,4296044
2015-02-02,61.6753,61.7032,60.2378,61.36,3059235
2015-02-03,61.7588,62.6769,61.6939,62.5564,2650089
2015-02-04,62.6028,62.6028,61.6475,61.9628,2005880
2015-02-05,62.0556,62.4451,61.8979,61.9907,1890428
2015-02-06,62.037,62.2689,61.629,61.7588,2637139
2015-02-09,61.7217,62.3802,61.2116,61.5826,2258843
2015-02-10,61.935,62.204,61.5038,62.1298,1658242
2015-02-11,61.8516,62.1947,61.7774,61.8237,1988416
2015-02-12,62.2782,62.9088,61.8794,62.7234,3518768
2015-02-13,62.8346,63.0943,62.102,62.779,2065903
2015-02-17,62.6863,62.9181,62.1854,62.8439,1402005
2015-02-18,62.8439,63.5302,62.5379,62.983,2121094
2015-02-19,62.7234,63.2242,62.6034,63.0387,1309852
2015-02-20,63.0851,64.0032,62.6955,63.8177,1736816
2015-02-23,63.8085,63.9383,63.354,63.6601,1768650
2015-02-24,63.3911,63.8456,63.252,63.7621,1222477
2015-02-25,63.4189,63.6137,62.9552,63.2705,1409391
2015-02-26,63.3447,63.4468,62.779,63.0109,1286925
2015-02-27,62.8532,63.0201,62.2504,62.3153,1605744
2015-03-02,62.3524,63.0851,62.2504,62.8625,1553979
2015-03-03,62.5193,62.8717,62.102,62.5564,1479113
2015-03-04,62.306,62.4358,61.3786,62.1391,2074435
2015-03-05,62.5193,62.7999,62.4173,62.7697,1882253
2015-03-06,62.2967,62.6306,61.564,62.0092,1621222
2015-03-09,62.1391,62.8996,62.1391,62.7512,1321284
2015-03-10,62.1669,62.1669,61.3507,61.4249,1846175
2015-03-11,61.7417,61.8534,61.2386,61.6671,1268806
2015-03-12,61.8628,62.8735,61.8534,62.7757,1055275
2015-03-13,62.7105,62.7757,61.8069,62.6173,1558214
2015-03-16,62.9526,63.9494,62.7105,63.9028,1661898
2015-03-17,63.3253,63.4184,62.8316,63.139,1623317
2015-03-18,62.8968,64.0425,62.4263,63.8469,1588767
2015-03-19,63.5209,63.7128,62.7943,63.2228,1235783
2015-03-20,63.5954,64.0984,63.465,63.5395,1839530
2015-03-23,63.7072,63.819,62.934,62.934,1062700
2015-03-24,63.0179,63.465,62.5055,63.2973,1698776
2015-03-25,63.3159,63.4464,62.1981,62.1981,1432431
2015-03-26,62.1609,62.9806,61.8534,62.8502,2160361
2015-03-27,62.5428,63.2694,62.3751,63.1296,1387520
2015-03-30,63.3439,63.8655,63.2507,63.7631,1416588
2015-03-31,63.5209,63.8283,63.1296,63.4184,1473767
2015-04-01,63.3812,63.4464,62.3565,62.4589,2107243
2015-04-02,62.2447,63.1948,62.0584,62.9061,1932894
2015-04-06,62.3378,63.6047,62.0677,63.2042,1484995
2015-04-07,63.4557,63.6699,62.7384,62.7384,1173644
2015-04-08,62.6732,63.0831,62.431,62.8874,1300827
2015-04-09,62.8409,63.3159,62.4776,63.2228,1936091
2015-04-10,63.1855,64.0239,62.9154,63.8935,2034750
2015-04-13,63.6233,64.4151,63.5395,63.996,1465364
2015-04-14,63.8003,64.0262,63.4188,63.8842,1267066
2015-04-15,64.2009,64.6667,63.9773,64.4524,1095779
2015-04-16,64.2288,64.6573,63.9727,64.0891,1645099
2015-04-17,63.614,63.6792,62.4869,62.7291,1364822
2015-04-20,63.111,63.2042,62.785,63.0458,1048675
2015-04-21,63.111,63.4487,62.5428,62.5987,1349481
2015-04-22,62.5894,62.9713,62.0584,62.8688,1656047
2015-04-23,64.1077,64.648,63.288,64.3313,2832010
2015-04-24,64.4058,64.4058,63.5581,63.9308,2055735
2015-04-27,63.968,64.648,63.7258,63.9308,1787561
2015-04-28,63.8376,64.4804,63.5302,64.4524,1718641
2015-04-29,63.9494,64.2381,62.9526,63.0179,2412402
2015-04-30,62.6825,63.1483,61.2666,61.3318,2886140
2015-05-01,61.4622,62.4683,61.3411,62.2726,1713569
2015-05-04,62.3844,62.7663,62.1236,62.3099,1262920
2015-05-05,62.1236,62.3937,61.2852,61.3225,1589330
2015-05-06,61.4902,62.2447,60.9871,62.2447,3489274
2015-05-07,62.254,62.7943,62.0398,62.5428,1556781
2015-05-08,63.288,63.6513,62.7477,62.8222,1588094
2015-05-11,62.6918,63.1762,62.4962,62.5707,1624686
2015-05-12,62.5614,63.1296,62.3472,62.8968,1466424
2015-05-13,62.9713,63.7538,62.6452,63.4557,1962227
2015-05-14,64.7319,65.4026,64.2568,65.3746,2622325
2015-05-15,65.3001,66.0733,65.2442,66.0546,3010372
2015-05-18,65.6727,65.9894,65.5237,65.6727,1602435
2015-05-19,65.71,65.7938,64.7598,64.9647,1986209
2015-05-20,65.03,65.1138,64.4617,64.5921,1567499
2015-05-21,64.6015,65.0858,64.2382,64.7598,1128343
2015-05-22,65.5237,65.5237,64.5269,64.5269,1153832
2015-05-26,64.322,64.3369,63.7724,63.8935,942998
2015-05-27,64.2382,64.9089,63.9401,64.7598,1236599
2015-05-28,64.6573,64.9275,64.3127,64.6853,1090862
2015-05-29,64.5456,64.7412,63.8935,64.0705,2018217
2015-06-01,64.3034,64.5269,63.7072,64.2661,1299054
2015-06-02,64.1264,64.9368,63.9028,64.499,2193799
2015-06-03,64.6108,64.7458,64.1869,64.3593,2269064
2015-06-04,64.0798,64.3872,63.5721,64.322,2822112
2015-06-05,64.294,64.499,63.9308,64.3779,2154629
2015-06-08,64.3313,64.4338,63.8795,63.8935,960580
2015-06-09,63.9494,64.2754,63.7445,63.9121,1258193
2015-06-10,64.2863,65.0815,64.1273,64.726,1052699
2015-06-11,65.0067,65.2499,64.9225,65.1563,1650651
2015-06-12,65.465,65.9234,65.147,65.3528,2685846
2015-06-15,64.6699,64.8289,64.015,64.5857,1910591
2015-06-16,64.2676,64.6792,64.1741,64.6044,1520952
2015-06-17,64.7167,64.8289,64.1133,64.5296,2128902
2015-06-18,64.5483,65.2966,64.5015,64.9505,1400923
2015-06-19,64.9692,65.0441,64.5296,64.5389,2101173
2015-06-22,64.7447,64.9037,64.3799,64.8008,2079474
2015-06-23,64.8476,64.9692,64.4079,64.4267,1395744
2015-06-24,64.436,64.5389,63.8934,64.146,1123142
2015-06-25,64.3986,64.3986,63.5941,63.7718,950664
2015-06-26,63.9496,64.1507,63.6034,64.015,1708148
2015-06-29,63.6128,63.7718,63.1404,63.2199,1920167
2015-06-30,63.7344,64.0618,62.8363,63.0702,1757717
2015-07-01,63.6408,63.6596,62.9907,63.2386,1181336
2015-07-02,63.4912,63.6596,62.9579,63.1544,826432
2015-07-06,62.4902,63.0515,62.0505,62.7054,1624039
2015-07-07,62.9392,63.0608,62.0038,62.9579,1678896
2015-07-08,62.3686,62.9018,61.8821,61.9102,1816354
2015-07-09,62.6025,62.9392,61.8354,61.8354,1497204
2015-07-10,62.4808,62.6025,61.9102,62.1254,1157288
2015-07-13,63.0796,63.1544,62.7521,62.8925,2038452
2015-07-14,62.9486,63.2292,62.8925,63.0983,1631856
2015-07-15,63.2573,63.3415,62.7708,63.0234,2693640
2015-07-16,64.1086,64.2583,63.2292,63.3134,3485368
2015-07-17,63.3134,63.9215,62.8738,63.2667,1470314
2015-07-20,63.5099,64.8102,63.3976,64.3237,2514455
2015-07-21,64.4828,64.6231,63.3976,63.6034,1827811
2015-07-22,63.5847,64.0618,63.276,63.7999,2662869
2015-07-23,63.8467,63.8467,62.5744,62.6492,2135531
2015-07-24,62.5276,62.7521,61.5734,61.7418,1408473
2015-07-27,61.2741,61.4892,60.7596,60.8063,2215711
2015-07-28,57.9063,57.9999,56.5405,56.7838,8875737
2015-07-29,56.9147,58.0747,56.7183,57.5321,4237247
2015-07-30,57.1205,57.31,56.7744,57.1673,2660752
2015-07-31,57.317,57.7847,57.2328,57.4386,2299789
2015-08-03,57.2421,57.3263,56.5592,56.6247,3543610
2015-08-04,56.8586,57.2094,55.2496,55.5489,4526677
2015-08-05,55.9418,56.5686,55.9418,56.0915,3231955
2015-08-06,56.1196,56.3815,55.9325,56.1383,2701511
2015-08-07,56.0915,56.5125,55.8389,56.3628,3774112
2015-08-10,56.6715,57.8362,56.6434,57.6257,2683831
2015-08-11,57.0831,57.4105,56.758,57.1205,2164397
2015-08-12,56.5312,57.766,56.157,57.6631,2606084
2015-08-13,57.5041,57.8783,57.3638,57.4199,2068063
2015-08-14,57.5228,57.9905,57.317,57.5789,1706876
2015-08-17,57.3076,58.3834,57.0831,58.1121,1966287
2015-08-18,57.8315,58.2571,57.766,58.1309,1901424
2015-08-19,57.6631,58.028,56.9896,56.9896,1803878
2015-08-20,56.4751,56.7651,55.7267,55.7454,2183081
2015-08-21,55.1373,55.5115,54.0241,54.0522,2630031
2015-08-24,49.1409,53.2009,49.1409,51.9754,5506347
2015-08-25,53.837,53.837,50.778,50.806,2878790
2015-08-26,52.0502,52.2467,50.6844,51.7976,2667745
2015-08-27,52.3683,53.098,51.4983,52.3309,3524184
2015-08-28,52.2747,52.7799,51.9847,52.1344,4012758
2015-08-31,51.9193,52.2934,51.5918,51.7228,2331925
2015-09-01,50.4693,50.8247,49.8238,50.1231,6049302
2015-09-02,50.9089,51.096,50.0249,50.7312,3940721
2015-09-03,50.6283,51.1709,50.1418,50.2073,6715320
2015-09-04,49.5806,50.0156,49.3186,49.4309,3234265
2015-09-08,50.3009,50.516,49.8612,50.4131,3429045
2015-09-09,51.269,59.8844,50.9398,51.0339,4458790
2015-09-10,50.874,51.8239,50.7705,51.0621,2988124
2015-09-11,50.9304,51.8051,50.7235,51.7299,3018727
2015-09-14,51.7111,51.8898,51.5135,51.6923,3084467
2015-09-15,52.1249,53.1924,51.7205,53.1219,3180763
2015-09-16,53.0466,53.9025,52.8867,53.705,3243409
2015-09-17,53.4887,53.7897,52.6704,52.7833,2710233
2015-09-18,50.3191,52.3224,50.3191,51.6828,2963870
2015-09-21,51.7863,52.2096,51.3537,51.5512,1514945
2015-09-22,50.7893,50.8364,50.1215,50.7235,2393467
2015-09-23,50.7329,50.8175,49.689,49.9805,2376475
2015-09-24,49.181,49.6042,48.3345,49.529,3511460
2015-09-25,49.9805,50.2062,49.1952,49.3973,2225077
2015-09-28,48.9553,49.1434,47.9019,47.9395,2162851
2015-09-29,48.2499,48.5226,47.2905,47.6009,3951966
2015-09-30,47.9959,48.2687,46.839,47.7514,6712210
2015-10-01,47.7796,47.9865,46.9707,47.6761,2850205
2015-10-02,47.0648,48.3345,46.7826,48.3345,2938155
2015-10-05,48.6261,49.8958,48.1652,49.6701,3538171
2015-10-06,49.7453,50.3849,49.529,50.1498,2700693
2015-10-07,50.3191,51.4101,50.1498,50.5542,3101317
2015-10-08,50.3285,51.744,50.225,51.5982,2948102
2015-10-09,51.7299,52.5105,51.5041,51.5888,3241613
2015-10-12,51.5324,51.7017,51.0715,51.3348,1578236
2015-10-13,50.8646,51.3913,50.5636,50.6294,1394489
2015-10-14,50.62,50.7423,50.0463,50.3002,2054538
2015-10-15,50.479,51.0527,50.0275,51.0245,2067158
2015-10-16,50.827,50.9305,50.0651,50.4131,5119639
2015-10-19,50.2062,50.4884,49.9428,50.178,2139512
2015-10-20,50.0369,51.57,49.8958,51.0997,3211751
2015-10-21,51.3443,51.9838,51.0057,51.0903,2012715
2015-10-22,51.0997,52.7363,51.0997,52.36,3372108
2015-10-23,52.6234,53.3758,52.5199,53.2159,5474021
2015-10-26,53.1689,53.5827,52.7739,53.4323,3355700
2015-10-27,54.2317,54.5515,52.4165,53.9778,5099333
2015-10-28,53.9684,55.2428,53.8085,55.1723,3559919
2015-10-29,54.8243,55.5344,54.6079,55.4732,2051694
2015-10-30,55.5297,56.4514,55.3039,55.7366,2663621
2015-11-02,55.8024,56.7712,55.5861,56.6301,2493415
2015-11-03,56.3291,56.837,55.9623,56.2539,3058701
2015-11-04,56.5266,56.6771,55.793,55.9999,2432761
2015-11-05,56.0376,56.442,55.84,56.3479,2906457
2015-11-06,55.9999,56.5643,55.6331,56.4796,2263802
2015-11-09,56.442,56.5925,55.144,55.6331,2164499
2015-11-10,55.3604,55.5673,54.8807,55.3698,1543127
2015-11-11,55.6331,55.6519,54.9936,55.3416,1163474
2015-11-12,54.7678,54.9277,53.5639,53.6674,2101407
2015-11-13,53.611,54.2317,53.2893,53.4793,1567048
2015-11-16,53.5075,54.2976,53.3758,54.2693,1940438
2015-11-17,54.4198,54.6456,53.7332,53.8461,1193191
2015-11-18,54.2317,54.6456,53.8273,54.5797,1771759
2015-11-19,54.7208,55.2945,54.4386,55.1817,1634287
2015-11-20,55.398,55.9059,55.1158,55.2099,1829408
2015-11-23,55.351,55.3698,54.8525,54.9371,2291414
2015-11-24,54.7302,55.1723,54.2882,55.0218,1229965
2015-11-25,55.0876,55.492,54.9277,55.0312,1648072
2015-11-27,55.0218,55.3322,54.6362,55.05,534604
2015-11-30,55.0218,55.6049,54.9842,55.1817,2314496
2015-12-01,55.2569,55.5391,54.8901,55.4732,2009882
2015-12-02,55.3227,55.5739,54.5139,54.5891,1780112
2015-12-03,54.6738,54.7302,53.6862,54.2129,2426887
2015-12-04,54.4386,54.9842,54.0812,54.9559,1676950
2015-12-07,54.5515,54.7302,53.7567,53.8461,1795420
2015-12-08,53.3382,53.3382,51.965,52.0685,2736000
2015-12-09,51.8321,52.7492,51.5768,51.955,2743187
2015-12-10,51.7659,52.5034,51.6713,51.8983,2439298
2015-12-11,51.4633,52.0968,51.2553,51.5862,2933917
2015-12-14,51.6241,51.8321,50.688,51.208,1785772
2015-12-15,51.5011,51.7848,50.5273,50.584,2141056
2015-12-16,50.7731,51.4917,50.4611,51.3971,1918911
2015-12-17,51.4917,51.8132,50.4989,50.5084,2314389
2015-12-18,50.272,50.4895,49.6953,49.752,2758473
2015-12-21,50.1207,50.4233,49.5345,50.2436,1744724
2015-12-22,50.3949,51.5484,50.3476,51.2742,2684135
2015-12-23,51.6335,53.0234,51.4444,52.6074,2404176
2015-12-24,52.5034,52.8021,52.371,52.5979,455321
2015-12-28,52.4939,52.6452,52.0495,52.4845,1204731
2015-12-29,52.8532,53.2976,52.4939,53.1652,1422283
2015-12-30,53.1558,53.4016,52.7397,52.787,1248212
2015-12-31,52.4277,52.7808,52.2575,52.2765,1091728
2016-01-04,51.435,52.2103,51.0379,52.1346,2637534
2016-01-05,52.2954,52.6641,51.4539,51.5768,2345313
2016-01-06,50.8298,51.2553,50.1396,50.48,2288372
2016-01-07,49.4589,49.6953,48.7639,48.9767,2301351
2016-01-08,49.2414,49.3927,48.3999,48.5134,1841528
2016-01-11,48.7876,49.0996,48.1636,48.6741,2206324
2016-01-12,49.2036,49.7425,48.6079,49.4683,2044860
2016-01-13,49.8371,50.0924,48.5228,48.589,2909072
2016-01-14,48.7308,49.5487,47.8421,49.2225,1915281
2016-01-15,47.861,49.1941,47.8043,48.9199,2525229
2016-01-19,49.5156,49.6953,47.3031,47.8232,3519754
2016-01-20,47.2181,47.2181,44.5158,46.2536,4184863
2016-01-21,46.4049,46.9722,45.4311,46.1686,3168845
2016-01-22,46.7169,48.0501,46.6318,47.7097,1786493
2016-01-25,47.3221,47.6813,46.1024,46.1591,2704222
2016-01-26,46.5278,47.9083,46.3198,47.8326,2317444
2016-01-27,47.6152,48.277,46.9722,47.2937,2420973
2016-01-28,48.1919,48.277,46.8115,47.2275,2425809
2016-01-29,47.7003,48.7119,47.5017,48.6647,2522554
2016-02-01,48.1352,48.3243,47.1424,48.1352,1669951
2016-02-02,47.5206,47.5206,45.8471,46.1402,3280830
2016-02-03,46.3577,47.549,45.6107,47.2275,3195556
2016-02-04,47.0668,49.0901,46.9817,48.5039,2790020
2016-02-05,48.5039,49.232,48.1446,48.5417,3152344
2016-02-08,47.4922,47.5679,46.2915,46.7642,3417528
2016-02-09,47.7381,48.7403,46.6035,47.4166,3818359
2016-02-10,47.1897,47.8137,46.7406,46.8493,2366293
2016-02-11,45.9795,46.906,45.6769,46.3198,2140180
2016-02-12,46.9249,48.6458,46.4049,48.5228,6507292
2016-02-16,49.1563,49.1563,48.2014,48.9199,3221915
2016-02-17,49.4967,50.6218,49.2698,49.5912,2996012
2016-02-18,49.7614,49.9033,49.0901,49.2603,2145226
2016-02-19,49.232,49.232,48.5228,49.1847,1387148
2016-02-22,49.5629,50.8298,49.4494,50.7731,2185967
2016-02-23,50.7258,51.8793,50.4233,50.5084,2619121
2016-02-24,49.8371,52.5979,49.4589,52.4277,4893525
2016-02-25,52.5317,53.4111,52.0495,53.4111,2685649
2016-02-26,53.6569,53.8933,52.995,53.4678,2421477
2016-02-29,53.5056,53.6474,52.5034,52.5317,2709339
2016-03-01,53.1179,54.158,52.4845,53.9878,2260796
2016-03-02,53.6569,54.1107,53.5245,54.1107,1677271
2016-03-03,54.0351,54.8955,53.9501,54.4322,1744122
2016-03-04,54.262,54.7442,53.846,54.2998,1939372
2016-03-07,54.3849,55.5762,54.3849,55.1319,2496855
2016-03-08,54.8387,54.9995,53.7892,54.0824,2265955
2016-03-09,54.4056,54.7194,54.1774,54.4912,1383965
2016-03-10,54.6909,54.8715,53.9397,54.5863,2345485
2016-03-11,55.2804,56.06,55.2011,55.8984,1901497
2016-03-14,56.583,56.659,55.9611,56.1931,1790802
2016-03-15,55.7938,55.7938,55.0427,55.7558,1876130
2016-03-16,55.7558,56.4689,55.3849,56.3072,1639283
2016-03-17,56.2977,58.0093,56.1741,57.9997,3406999
2016-03-18,58.0567,58.7603,57.7525,58.6557,4132974
2016-03-21,58.2944,58.9125,58.1518,58.903,2306492
2016-03-22,58.4656,58.922,58.2849,58.5416,2087972
2016-03-23,58.4751,58.6557,57.819,58.3895,1924510
2016-03-24,57.762,58.342,57.6479,58.2659,1811989
2016-03-28,57.5433,58.3135,57.3912,58.2659,1959450
2016-03-29,57.9997,59.1692,57.5718,59.0171,2213248
2016-03-30,59.2833,59.4069,58.7318,59.0171,1755862
2016-03-31,58.998,59.1692,58.7223,58.96,1720682
2016-04-01,58.2754,59.1502,57.8761,59.0266,1870824
2016-04-04,58.9125,58.9885,58.2754,58.4085,1624549
2016-04-05,57.781,57.8666,57.0584,57.1915,2517216
2016-04-06,57.3341,57.3341,56.2597,56.9348,1645120
2016-04-07,56.6971,57.3151,56.4404,56.6685,1389040
2016-04-08,57.1725,58.2184,57.1344,57.3817,1814635
2016-04-11,57.5813,58.2659,57.4197,57.6669,1809406
2016-04-12,57.7715,58.6272,57.7715,58.4276,1314920
2016-04-13,58.9125,60.3482,58.6557,60.2151,1733249
2016-04-14,60.7856,60.7856,60.0688,60.5479,1501373
2016-04-15,60.5859,60.9377,60.2816,60.6334,916367
2016-04-18,60.2912,60.9375,60.2389,60.757,1098917
2016-04-19,61.2325,61.3275,60.4718,60.738,1248158
2016-04-20,60.7856,60.9472,60.3007,60.4908,1393861
2016-04-21,60.5669,61.1469,60.2912,60.4052,1105172
2016-04-22,60.5764,61.299,60.4338,61.2705,1390385
2016-04-25,60.9187,61.1374,60.3387,60.8807,2077855
2016-04-26,63.7616,64.161,61.86,62.1738,4098283
2016-04-27,62.3354,63.039,62.0787,62.8108,2233444
2016-04-28,62.5256,63.1531,61.9741,62.1167,1850870
2016-04-29,61.917,62.5636,61.7554,62.3164,2454504
2016-05-02,62.6302,63.2767,62.0787,62.8869,1985779
2016-05-03,62.3449,62.8679,61.9456,62.7538,1595114
2016-05-04,62.3449,62.5065,61.3561,61.6603,1691064
2016-05-05,61.9741,62.3069,61.3846,61.6603,1649750
2016-05-06,61.4797,62.3449,61.4131,62.3069,1266340
2016-05-09,62.0787,62.2974,61.7744,62.0406,1299711
2016-05-10,62.4305,63.1816,62.1452,63.077,1296372
2016-05-11,62.9439,63.562,62.6016,62.6967,1626855
2016-05-12,63.02,63.2197,62.1357,62.6777,1268372
2016-05-13,62.4875,63.058,61.9551,62.3639,1627142
2016-05-16,62.6302,63.4288,62.6302,63.0675,2106708
2016-05-17,62.9344,63.3813,62.2023,62.402,1632566
2016-05-18,62.2308,62.8583,61.5462,61.9931,1979112
2016-05-19,61.5557,61.6508,60.5574,60.8616,2587547
2016-05-20,61.299,61.7554,61.0233,61.0423,1714895
2016-05-23,61.0803,61.5938,60.6239,61.4036,1065006
2016-05-24,61.8315,62.5826,61.6984,62.3259,999221
2016-05-25,62.7347,63.31,62.6872,63.0295,1254621
2016-05-26,63.2387,63.6475,62.9249,63.02,1119420
2016-05-27,63.0295,63.3338,62.6302,63.2101,1426462
2016-05-31,63.2672,63.6665,63.039,63.5239,1842785
2016-06-01,63.0865,63.31,61.9551,63.2292,1627024
2016-06-02,62.9629,63.2957,62.7633,63.2957,913641
2016-06-03,63.0105,63.1531,62.1357,62.5636,1659231
2016-06-06,62.6967,62.8298,62.0311,62.6587,3541392
2016-06-07,62.8583,63.3718,62.3069,62.6016,2114637
2016-06-08,62.8691,63.2513,62.6398,62.9074,1370046
2016-06-09,62.4965,62.8309,62.2576,62.764,971310
2016-06-10,62.1525,62.2003,61.2258,61.6175,1024456
2016-06-13,61.2926,61.5411,60.7194,60.7194,1154982
2016-06-14,60.4805,60.8531,60.1939,60.8245,1592935
2016-06-15,61.0251,61.8181,60.8913,61.4551,2214162
2016-06-16,61.2258,61.7513,60.6047,61.6748,1376690
2016-06-17,61.7895,62.401,61.5793,62.2385,1873357
2016-06-20,63.0507,63.624,62.9838,63.0316,1348439
2016-06-21,62.9933,63.1558,62.4487,62.487,1109647
2016-06-22,62.6303,63.0889,62.2863,62.4487,941007
2016-06-23,63.2227,63.3564,62.8214,63.3373,1065358
2016-06-24,60.5283,61.4551,59.9932,60.0696,4607963
2016-06-27,59.2766,59.3244,56.4676,56.544,4309934
2016-06-28,57.2797,57.6237,56.6969,57.6237,3106008
2016-06-29,58.4263,59.2097,57.8816,59.0855,2429647
2016-06-30,59.2671,60.8722,59.1047,60.8436,2963135
2016-07-01,60.9296,61.5936,60.6047,61.1589,1859216
2016-07-05,60.8722,60.9391,59.9741,60.2703,1767908
2016-07-06,59.9741,61.2162,59.6779,61.2066,2304974
2016-07-07,61.3786,62.0952,61.1589,61.6462,1394453
2016-07-08,62.2385,62.9265,62.2385,62.8118,1216548
2016-07-11,63.0602,63.538,62.936,62.9456,1560179
2016-07-12,63.4902,64.1112,63.3612,63.9584,1474554
2016-07-13,63.9966,64.5412,63.8055,64.5125,1574569
2016-07-14,64.9807,65.5635,64.8804,64.9807,1620797
2016-07-15,65.2864,65.554,64.8756,64.9138,1556895
2016-07-18,64.675,64.675,62.8309,64.1399,2760320
2016-07-19,63.8628,64.1208,63.558,64.1208,1187956
2016-07-20,64.331,64.7609,63.7959,64.5221,985880
2016-07-21,64.4074,64.6654,63.901,64.0252,1872661
2016-07-22,63.8055,64.7418,63.6048,64.7036,1153265
2016-07-25,64.4456,64.9138,64.1303,64.8374,1223847
2016-07-26,64.7992,65.2005,64.3979,65.1336,2585419
2016-07-27,61.5315,63.4233,61.5315,62.6972,4489238
2016-07-28,62.7354,63.6717,62.5252,63.4997,3118549
2016-07-29,63.4424,63.6622,63.2465,63.3087,2445376
2016-08-01,63.4329,63.8342,62.9074,63.4138,2114070
2016-08-02,63.3469,63.6335,63.0029,63.3564,2665661
2016-08-03,63.3373,64.7801,63.3373,64.3405,2589241
2016-08-04,64.4743,65.6304,64.3763,64.7705,1949886
2016-08-05,64.9425,65.4393,64.9377,65.3056,1624972
2016-08-08,65.3056,65.4966,64.6176,64.7514,1954361
2016-08-09,64.9616,65.2291,64.7036,65.124,1671720
2016-08-10,65.2482,65.4966,64.6463,64.7992,1242353
2016-08-11,65.1336,65.554,65.0667,65.296,993918
2016-08-12,65.0094,65.1909,64.4934,64.9711,1337545
2016-08-15,65.3342,65.468,65.124,65.2578,1843663
2016-08-16,64.9807,65.1336,64.3788,64.3883,1387180
2016-08-17,64.3979,64.5221,63.9775,64.2641,2915402
2016-08-18,64.3023,64.4934,64.159,64.2737,1785792
2016-08-19,64.1781,64.6558,64.112,64.4361,1541605
2016-08-22,64.3788,64.4265,63.987,64.2163,1198992
2016-08-23,64.4743,65.0667,64.4743,64.866,919861
2016-08-24,64.8852,64.9329,64.417,64.5412,977318
2016-08-25,64.4361,65.0859,64.2737,64.7705,1168621
2016-08-26,64.9903,65.2578,64.3405,64.6272,851899
2016-08-29,64.6176,65.7833,64.4409,65.5826,1568486
2016-08-30,65.4202,65.5683,64.9711,65.1718,1214274
2016-08-31,64.9711,65.0858,64.6941,64.9616,1506771
2016-09-01,64.952,65.1909,64.1686,65.124,1478632
2016-09-02,65.4584,65.8979,65.1049,65.4775,1076100
2016-09-06,65.4107,65.4107,63.624,63.5475,2114166
2016-09-07,63.7875,64.5076,63.6531,64.4212,1230192
2016-09-08,64.3444,64.8916,64.1043,64.7188,1682885
2016-09-09,63.6339,63.6819,60.5329,60.5809,5552660
2016-09-12,60.1296,62.8082,59.9088,62.7026,3828430
2016-09-13,61.9442,62.1842,61.0993,61.2337,1840754
2016-09-14,61.2529,61.5601,60.7825,61.1857,1920404
2016-09-15,61.0225,61.4353,60.7633,61.2817,2883018
2016-09-16,60.8977,60.9457,60.456,60.7825,2462210
2016-09-19,61.3009,62.0114,61.1281,61.4641,1680632
2016-09-20,62.0786,62.3474,61.4065,61.5025,1763169
2016-09-21,61.8386,62.9522,61.6369,62.9042,1813087
2016-09-22,63.5091,63.9315,63.0483,63.4131,2294457
2016-09-23,62.9618,62.9618,61.997,62.069,2248494
2016-09-26,61.8866,63.0099,61.8194,62.7794,2376759
2016-09-27,62.5778,64.1091,62.2514,64.0275,3012393
2016-09-28,64.0467,64.8964,64.0467,64.7956,2314538
2016-09-29,64.5652,65.5061,64.258,64.4212,2384729
2016-09-30,64.6228,65.4965,64.5748,65.2276,2132581
2016-10-03,64.834,65.5445,64.7956,65.0356,1358765
2016-10-04,65.122,65.2996,64.2292,64.3156,1701102
2016-10-05,64.7572,65.1028,64.402,64.8628,1595937
2016-10-06,64.9108,66.0725,64.9108,66.0341,1452998
2016-10-07,65.9381,65.9381,64.6228,64.7572,1927781
2016-10-10,65.0836,65.2948,64.258,64.5364,830879
2016-10-11,63.6243,64.0179,62.0018,62.1938,3703994
2016-10-12,62.261,63.5475,62.2034,63.2883,1966087
2016-10-13,62.7794,62.9811,62.261,62.7794,2162329
2016-10-14,63.0867,63.7395,62.9714,63.1635,1391397
2016-10-17,63.2691,63.4995,62.477,62.6642,1769281
2016-10-18,63.2691,63.4035,62.3522,62.3666,1341998
2016-10-19,62.4434,63.1827,62.021,62.8178,1558202
2016-10-20,62.645,63.7395,62.573,63.1827,2280558
2016-10-21,62.5106,63.3363,62.1746,63.1347,1283017
2016-10-24,63.6051,64.402,62.8754,63.1635,2269800
2016-10-25,62.9907,62.9907,61.6753,62.021,3100175
2016-10-26,63.5283,64.1859,61.3201,63.6819,4467336
2016-10-27,64.1331,64.6516,63.3939,64.3636,3669144
2016-10-28,64.3924,65.2756,63.8643,64.2772,2497447
2016-10-31,64.6708,65.2756,64.2964,64.6036,2281034
2016-11-01,64.7956,65.2852,64.1619,64.6324,2805541
2016-11-02,64.6612,64.8724,64.1715,64.6036,2485929
2016-11-03,64.7284,64.9684,64.1427,64.3156,2303354
2016-11-04,64.3636,66.6005,64.3636,66.0053,3470897
2016-11-07,66.9942,67.9494,66.8118,67.8966,3315992
2016-11-08,67.7526,69.4712,67.5894,69.0007,3008447
2016-11-09,68.7127,71.7274,68.4727,71.2953,4452037
2016-11-10,71.8426,72.8698,71.7658,72.697,3460666
2016-11-11,72.169,72.8602,72.1498,72.8026,2367827
2016-11-14,73.0523,73.3979,71.8282,72.073,4432113
2016-11-15,72.1306,72.9082,71.6313,72.889,2973178
2016-11-16,72.1018,72.7546,71.7562,72.2266,1892800
2016-11-17,72.2362,72.4282,71.5545,71.6985,2215919
2016-11-18,71.4873,71.737,71.1705,71.4873,1853703
2016-11-21,71.8618,72.3226,71.5161,72.1114,1710059
2016-11-22,72.3802,72.7354,72.217,72.601,1903801
2016-11-23,72.697,72.8506,72.3898,72.5626,1227966
2016-11-25,72.6106,73.0811,72.3706,73.0811,931681
2016-11-28,72.9274,72.9274,71.737,71.7466,1879690
2016-11-29,71.4009,72.3898,71.2857,72.0634,1975954
2016-11-30,72.5818,73.2635,71.5641,71.5641,1999620
2016-12-01,72.0154,72.1114,71.0745,71.6121,3347815
2016-12-02,71.6889,71.785,71.0649,71.5257,2508392
2016-12-05,71.9098,72.3888,71.6313,71.9002,2093030
2016-12-06,71.9866,72.8986,71.929,72.8794,1635549
2016-12-07,73.0628,75.3116,72.947,75.2827,2179804
2016-12-08,75.0896,76.2864,75.0896,76.0065,2293228
2016-12-09,75.7942,76.2478,74.9352,75.717,1860329
2016-12-12,75.717,75.9872,74.9256,75.0414,1404630
2016-12-13,75.3888,75.6494,74.5009,75.1282,1755461
2016-12-14,74.7422,76.4505,74.6312,74.9738,2186671
2016-12-15,74.8676,75.1234,74.1148,74.5395,2267242
2016-12-16,74.4912,74.9256,74.1631,74.4526,3068883
2016-12-19,74.4526,74.7615,73.7095,74.2789,1236219
2016-12-20,74.7711,75.1572,74.3272,74.5974,1203512
2016-12-21,74.6939,74.8001,73.999,74.0569,1249720
2016-12-22,74.0955,74.2306,73.5019,73.7481,1441536
2016-12-23,73.584,74.3561,73.4778,74.1824,1203533
2016-12-27,74.5684,74.9642,74.1245,74.3368,553126
2016-12-28,74.6746,75.08,73.1593,73.2655,1127957
2016-12-29,73.3909,73.6419,72.696,72.9373,1318188
2016-12-30,73.2076,73.2076,72.1553,72.4258,1425283
2017-01-03,73.169,73.5454,72.532,73.2848,2237583
2017-01-04,73.6129,74.0087,73.2462,73.4682,1116680
2017-01-05,73.3523,73.4682,71.7598,72.6092,1759473
2017-01-06,72.8022,72.9035,72.2424,72.4451,2001120
2017-01-09,72.3872,72.7153,72.1362,72.2907,1529664
2017-01-10,72.532,73.4971,72.2665,73.362,1604927
2017-01-11,73.7481,74.5298,73.2944,74.4719,1880868
2017-01-12,74.3658,74.4236,72.5802,73.97,1637526
2017-01-13,74.221,74.9931,74.1341,74.5781,1049730
2017-01-17,74.1052,74.636,73.6515,73.9218,1457507
2017-01-18,74.2113,74.4623,73.8253,74.4526,1592679
2017-01-19,74.5684,75.5819,74.5684,75.524,2481822
2017-01-20,75.7846,75.9776,75.4274,75.9004,2177932
2017-01-23,75.7459,75.8328,75.2537,75.688,1913199
2017-01-24,75.8039,77.4832,75.8039,76.8173,2898695
2017-01-25,77.6473,78.0527,77.2613,77.5991,3085403
2017-01-26,77.4446,77.8983,77.213,77.3771,1933632
2017-01-27,77.6377,77.85,77.1067,77.213,1776719
2017-01-30,76.6339,76.9138,75.9293,76.7787,2289464
2017-01-31,76.6822,76.9138,75.6494,76.5856,2845615
2017-02-01,74.4816,76.5663,74.3175,75.2827,4180149
2017-02-02,75.2827,75.91,74.8097,75.2827,2336898
2017-02-03,75.6494,76.3057,75.4081,76.2671,1463256
2017-02-06,75.9776,77.213,75.6687,77.1261,2439763
2017-02-07,77.2226,77.8741,76.9524,77.0682,2136247
2017-02-08,76.9234,77.406,76.6532,77.2902,1701669
2017-02-09,77.2999,78.4194,77.2902,78.0044,1565011
2017-02-10,78.1782,79.1337,77.9948,78.3615,2811171
2017-02-13,78.6125,79.3074,78.4774,79.124,2730745
2017-02-14,78.9117,78.9503,78.2554,78.8248,1723737
2017-02-15,78.738,79.1337,78.2843,78.7766,1914228
2017-02-16,78.8248,78.9117,77.8886,78.2747,1996646
2017-02-17,78.0913,78.4243,77.6087,78.1685,1700363
2017-02-21,78.1202,78.8538,78.0469,78.6704,1497913
2017-02-22,78.2457,78.8055,78.0044,78.6607,1793876
2017-02-23,79.124,79.2784,77.9948,78.4098,1508502
2017-02-24,77.8597,78.487,77.3771,78.487,1484309
2017-02-27,78.4677,78.6028,78.0816,78.2168,1573041
2017-02-28,78.2071,78.3133,76.547,76.5953,3102818
2017-03-01,77.628,78.7476,77.628,78.1782,3027949
2017-03-02,78.0334,78.1106,77.1165,77.2323,1371024
2017-03-03,77.3385,77.4736,76.4216,77.1744,1359659
2017-03-06,76.5953,76.8848,76.2478,76.576,1673854
2017-03-07,76.5277,76.9331,76.4795,76.8173,2161600
2017-03-08,76.8464,77.3314,76.7106,76.7979,1661955
2017-03-09,76.8561,77.1471,75.7988,76.245,1274621
2017-03-10,76.8852,77.2635,76.0316,77.1083,1291397
2017-03-13,77.1083,77.3411,76.9337,77.2732,987607
2017-03-14,76.8464,77.021,76.2838,76.6427,1170317
2017-03-15,77.0986,78.7962,76.8561,78.3888,1613380
2017-03-16,78.7671,78.835,77.7485,78.1365,1327096
2017-03-17,78.4858,78.7574,77.894,78.5634,1971625
2017-03-20,79.3685,79.4946,78.3306,78.8253,1580500
2017-03-21,79.1163,79.2796,76.8173,76.9822,1674562
2017-03-22,76.9046,77.4866,76.6718,77.2344,1104635
2017-03-23,77.1956,77.8552,76.6718,77.4187,635703
2017-03-24,77.4381,77.7534,76.4875,76.8076,980975
2017-03-27,76.0219,76.6427,74.9451,76.2062,1652663
2017-03-28,76.2741,77.6612,75.8473,77.3023,1652501
2017-03-29,77.0113,77.4818,76.9143,77.4284,1496257
2017-03-30,77.2538,78.4955,77.1956,78.4761,1220897
2017-03-31,78.1851,79.1357,78.122,78.8835,1961822
2017-04-03,79.126,79.4461,78.0686,78.7865,2463626
2017-04-04,78.7089,79.0872,78.2384,79.0387,1286101
2017-04-05,79.223,80.6295,79.1454,79.417,2562158
2017-04-06,79.4946,80.9012,79.2909,80.193,1759598
2017-04-07,80.0184,80.6101,79.8923,80.1445,1723411
2017-04-10,80.1348,81.2164,80.1057,80.7556,1762175
2017-04-11,80.6877,81.4735,80.2706,81.1437,1817151
2017-04-12,81.0758,81.0758,79.5722,79.8244,2259409
2017-04-13,79.5722,80.8333,79.3685,79.4073,2399297
2017-04-17,79.7662,79.9214,79.3394,79.7759,1997961
2017-04-18,79.2521,79.7468,78.8156,79.4752,1906294
2017-04-19,79.9117,80.1251,79.0872,79.3976,1687218
2017-04-20,79.9311,80.7653,79.4849,80.2706,1718093
2017-04-21,80.4937,80.8915,80.0572,80.5422,1507512
2017-04-24,81.8615,82.4144,80.9012,81.6675,1621127
2017-04-25,82.3756,83.3699,82.1331,83.0934,2347752
2017-04-26,84.2672,86.3916,83.8695,86.023,3153804
2017-04-27,86.0521,87.0609,85.8483,86.5759,2074772
2017-04-28,86.6923,86.889,85.761,86.0909,1755510
2017-05-01,86.3625,86.3625,85.3536,86.12,1437710
2017-05-02,86.3625,86.7311,86.0424,86.6244,1367287
2017-05-03,86.2655,86.6147,85.9551,86.4304,1468611
2017-05-04,86.7311,87.1773,86.2364,87.1288,1413734
2017-05-05,87.3519,87.4732,86.8766,87.3131,1047879
2017-05-08,87.187,87.4489,86.5274,86.7214,1452296
2017-05-09,86.8572,87.1773,86.4595,86.6826,1104546
2017-05-10,86.6826,86.8426,84.8104,85.8677,3058688
2017-05-11,85.7901,85.926,84.7425,85.7804,1604057
2017-05-12,85.6155,85.7319,85.2178,85.373,1659702
2017-05-15,85.4797,86.0521,85.373,85.8774,1295963
2017-05-16,86.314,86.411,85.7222,86.1491,1325143
2017-05-17,85.1402,85.7416,84.8793,85.082,1762726
2017-05-18,84.6746,86.1394,84.0829,85.5282,1555548
2017-05-19,86.1976,87.0512,85.6252,86.5662,1422738
2017-05-22,87.1191,87.2161,86.2655,86.5565,1167604
2017-05-23,86.7602,86.9639,86.023,86.3625,1141272
2017-05-24,86.5468,86.9784,85.7222,85.8677,2113982
2017-05-25,86.3819,86.7893,85.926,86.6341,988483
2017-05-26,86.411,87.1385,86.411,86.6729,657960
2017-05-30,86.4595,86.7117,85.8872,86.5177,885541
2017-05-31,86.12,87.0609,85.7804,86.9154,1550351
2017-06-01,87.2743,87.2937,86.2558,86.9154,1370511
2017-06-02,86.9154,87.2709,86.6341,86.799,1133978
2017-06-05,86.6535,87.4101,86.4207,86.6729,1888835
2017-06-06,86.2073,86.7117,85.4458,86.2461,1361533
2017-06-07,86.7625,87.0207,85.4276,85.8758,2032752
2017-06-08,85.7491,86.0025,85.4763,85.7199,1693312
2017-06-09,85.7491,86.1097,85.4081,85.8563,1735761
2017-06-12,85.8466,86.0609,85.4568,85.5932,1647553
2017-06-13,85.8758,87.3764,85.7101,87.3764,1822362
2017-06-14,87.7564,87.8636,86.0317,86.4215,1728116
2017-06-15,85.7491,87.5615,85.6809,87.5615,1135966
2017-06-16,87.698,89.9781,87.5908,89.9781,4128202
2017-06-19,90.2704,90.7869,89.9976,90.2217,1953363
2017-06-20,89.7248,89.9586,88.7991,88.916,1642044
2017-06-21,89.2375,89.4324,88.0195,88.1657,1972422
2017-06-22,88.2339,88.6529,88.078,88.3995,1281102
2017-06-23,88.4093,89.0719,88.0195,88.7503,1825270
2017-06-26,89.0232,89.5006,88.5554,88.6042,2307811
2017-06-27,88.5652,88.8283,87.8831,88.1949,1587934
2017-06-28,88.6919,89.4811,88.5165,89.2863,1344893
2017-06-29,89.3058,89.4422,87.4446,88.0585,1528924
2017-06-30,88.3606,89.5396,88.1949,89.0524,1170676
2017-07-03,89.3642,89.6371,89.0719,89.1011,754727
2017-07-05,89.0524,89.8953,88.9842,89.8027,1101700
2017-07-06,89.6078,90.173,89.3837,89.7637,1696243
2017-07-07,89.8125,91.1279,89.1401,90.8648,1853853
2017-07-10,90.8746,91.9757,90.7869,91.3326,1301610
2017-07-11,91.1377,91.2936,90.1535,90.5335,1345236
2017-07-12,91.2156,91.9464,91.0401,91.1182,1236309
2017-07-13,91.1474,91.4012,90.009,90.4751,1199641
2017-07-14,90.4361,90.5822,89.5688,90.4556,1273427
2017-07-17,90.3192,90.8746,89.2083,90.6894,1435666
2017-07-18,90.3581,90.6456,89.676,90.095,1210182
2017-07-19,90.3776,90.8941,89.8514,90.8161,1251903
2017-07-20,90.7869,90.8221,89.3642,89.8222,1394495
2017-07-21,89.3837,89.8222,88.8673,89.3252,1198973
2017-07-24,89.1304,89.257,88.5067,88.7211,1466006
2017-07-25,89.4909,89.4909,88.1559,88.1559,1588692
2017-07-26,87.1328,87.1328,83.5956,84.7162,4795738
2017-07-27,84.7357,85.944,84.6967,85.5347,2199201
2017-07-28,85.3691,86.4897,84.8234,86.2753,1608774
2017-07-31,86.5287,87.1036,85.5055,85.6322,1444582
2017-08-01,84.8624,86.2461,84.6188,85.9245,1542594
2017-08-02,83.849,85.0267,83.849,84.9209,2451791
2017-08-03,85.0475,85.3301,83.9659,84.5116,1988325
2017-08-04,84.8624,86.2461,84.6188,85.9245,1542594
2017-08-07,85.8563,86.0025,85.2726,85.8466,1344630
2017-08-08,85.7783,85.866,85.0875,85.2619,1147452
2017-08-09,85.0573,85.3593,84.6578,85.028,879769
2017-08-10,84.4434,84.8429,82.7382,82.8064,2449943
2017-08-11,82.6017,83.352,82.4458,82.9135,2023511
2017-08-14,83.5859,84.1023,83.5274,83.7126,1159583
2017-08-15,83.7223,84.4921,83.6931,83.9952,1326678
2017-08-16,84.229,84.648,84.0341,84.5213,1411924
2017-08-17,84.1218,84.5896,83.1864,83.2741,1549933
2017-08-18,83.2741,83.9952,82.7187,83.0012,1333890
2017-08-21,82.9135,83.1572,82.592,82.9525,830531
2017-08-22,83.011,84.1316,83.011,83.9172,652249
2017-08-23,81.2668,82.1632,80.9452,82.1243,1551532
2017-08-24,82.4263,82.6212,81.4714,81.6273,1551082
2017-08-25,82.1243,82.9525,82.1243,82.4653,1171884
2017-08-28,82.8258,82.8258,81.5494,81.715,1410586
2017-08-29,81.2668,82.1632,80.9452,82.1243,1551532
2017-08-30,81.8904,83.6249,81.6468,83.3423,1521383
2017-08-31,83.6833,83.7808,82.4653,83.2059,2176009
2017-09-01,83.7028,83.9075,82.8746,82.9038,1205705
2017-09-05,82.7674,83.2741,82.4263,82.6115,1573601
2017-09-06,83.1572,83.5567,81.793,82.2315,1706539
2017-09-07,82.4078,83.3874,81.6044,83.3286,1724087
2017-09-08,83.0641,86.8162,82.8486,85.6798,2980886
2017-09-11,86.2872,86.728,85.5916,86.7182,1977036
2017-09-12,87.1982,88.6187,87.1664,88.1779,1933284
2017-09-13,87.786,88.9518,87.5901,88.5305,1494281
2017-09-14,85.5678,85.9518,84.9769,85.4201,1157012
2017-09-15,87.7174,88.0701,87.1492,87.6195,2448987
2017-09-18,87.9036,88.7314,87.7762,88.6677,1463656
2017-09-19,88.7167,89.6375,88.5403,88.6187,1914835
2017-09-20,87.2864,87.7958,86.7182,87.4823,1583777
2017-09-21,87.4921,87.835,87.306,87.4235,1289281
2017-09-22,87.2864,87.6391,86.5908,87.1101,1617659
2017-09-25,87.1982,87.4823,86.0814,87.0415,1719746
2017-09-26,87.0415,87.3452,86.5712,86.9435,1366279
2017-09-27,87.4529,87.5313,86.0226,86.2578,1631639
2017-09-28,86.1206,86.5027,85.5818,86.3851,1240034
2017-09-29,86.3753,87.6489,86.2823,87.355,1764433
2017-10-02,87.5509,88.1681,87.0709,88.1289,1678905
2017-10-03,88.1191,88.3052,87.5901,88.3052,1168632
2017-10-04,88.0603,89.2751,88.0603,88.6187,1530996
2017-10-05,88.8636,89.3436,88.5599,89.04,1432749
2017-10-06,89.2457,90.8817,89.0595,90.1763,2153899
2017-10-09,90.1274,90.8719,89.9706,90.1861,1254689
2017-10-10,90.4898,90.4898,89.04,89.52,969278
2017-10-11,89.5886,89.6571,89.1771,89.569,1215339
2017-10-12,89.4416,90.1274,89.2457,89.52,1500246
2017-10-13,89.9902,90.3625,89.3632,89.4612,777414
2017-10-16,89.7551,89.7551,89.0498,89.4416,1134322
2017-10-17,88.7852,89.3436,88.3738,89.2457,1704991
2017-10-18,89.3632,89.5886,88.893,89.3632,1127220
2017-10-19,89.04,89.2653,88.5011,89.2261,1669120
2017-10-20,89.8237,91.6164,89.6865,91.6066,1542662
2017-10-23,91.5185,93.3896,91.3094,91.8515,2084897
2017-10-24,92.4589,94.2713,92.0279,93.6639,2519195
2017-10-25,88.7363,91.5968,87.4039,89.4612,4451379
2017-10-26,90.1763,90.6025,88.7559,88.8146,2145316
2017-10-27,87.7664,89.4122,87.5166,89.2947,2440217
2017-10-30,89.0302,89.2604,87.0611,87.0709,1899132
2017-10-31,86.9043,87.3844,86.199,86.7966,2988058
2017-11-01,87.4333,87.5607,85.5524,85.7483,1709353
2017-11-02,85.7679,86.3165,84.2789,85.8169,2524446
2017-11-03,85.4251,85.9149,84.0634,84.4944,2991392
2017-11-06,84.563,85.474,84.0046,84.3964,1595330
2017-11-07,84.6511,84.7197,83.4266,83.8184,1506791
2017-11-08,83.887,84.1613,82.8976,83.936,1482162
2017-11-09,83.2894,83.4658,82.1041,82.6919,1567182
2017-11-10,82.2412,83.3972,82.0649,83.2307,1386082
2017-11-13,82.7604,83.5343,82.6625,83.0347,1681401
2017-11-14,82.829,83.5343,82.731,82.9759,1755818
2017-11-15,82.3294,82.4567,81.6044,81.6632,1542939
2017-11-16,82.1922,83.6911,82.1628,83.5246,1747007
2017-11-17,82.9074,83.5735,82.4371,83.3874,1329537
2017-11-20,83.6225,84.2299,82.9466,83.0053,1588282
2017-11-21,83.3874,83.7401,82.7408,83.5441,1768652
2017-11-22,83.6127,83.7107,82.78,82.8682,1181039
2017-11-24,83.1523,83.2209,82.251,82.5155,690464
2017-11-27,82.5155,83.2698,82.4665,83.0053,1263878
2017-11-28,83.2405,85.2977,82.7506,84.8863,2415977
2017-11-29,85.3369,85.4153,83.9459,84.3181,1826443
2017-11-30,84.5826,86.4243,84.4748,85.8365,2395267
2017-12-01,85.67,86.1598,83.1425,84.4552,1756844
2017-12-04,85.2291,85.4838,83.3776,83.3874,2395871
2017-12-05,83.5343,83.8038,82.6331,82.8584,2005680
2017-12-06,82.5841,84.8373,82.0061,84.5042,2441977
2017-12-07,84.7209,85.8928,84.2876,84.9868,1463487
2017-12-08,86.9859,87.6851,85.745,86.2768,2178766
2017-12-11,86.2177,87.104,86.2177,86.4836,2348707
2017-12-12,86.7495,86.7692,85.0065,85.0655,1599308
2017-12-13,85.1345,86.1488,84.3959,85.8041,1992301
2017-12-14,86.1586,86.5526,84.7012,84.7209,1192732
2017-12-15,85.4201,86.07,84.9375,85.4299,2851065
2017-12-18,85.8238,86.4984,85.2527,85.3216,1491688
2017-12-19,85.5678,85.9518,84.9769,85.4201,1166122
2017-12-20,86.3359,86.4639,85.4004,85.8829,1088380
2017-12-21,86.3556,89.3198,86.0799,89.0047,3225777
2017-12-22,88.5418,89.2607,87.7737,88.404,1303767
2017-12-26,88.4729,88.4729,87.6555,87.8525,524641
2017-12-27,88.0888,88.1125,87.6358,87.754,762197
2017-12-28,88.079,88.079,87.1533,87.8722,659036
2017-12-29,88.2168,88.7979,87.8328,87.8328,941476
2018-01-02,88.3646,88.5812,86.4639,87.3995,1899505
2018-01-03,87.3207,88.6895,87.1139,88.5812,1285359
2018-01-04,88.6994,89.8811,88.5418,89.0145,1292033
2018-01-05,89.2804,89.4774,87.9805,88.3449,1396545
2018-01-08,88.6698,89.5463,88.4926,89.0441,1976567
2018-01-09,89.3493,89.9205,89.0539,89.5069,1779228
2018-01-10,89.4872,89.7137,88.7289,89.5955,1495262
2018-01-11,89.6152,91.378,89.3887,90.5902,1897820
2018-01-12,90.9644,90.9644,89.3001,89.7137,1744093
2018-01-16,90.4818,90.5311,88.6108,88.8865,1451498
2018-01-17,89.0933,89.3395,88.3754,88.8077,1166194
2018-01-18,88.5418,89.7285,88.1873,88.9554,1237619
2018-01-19,89.4183,89.6645,88.7486,89.5463,1143233
2018-01-22,89.3395,89.4478,87.9116,88.4729,1197186
2018-01-23,89.891,90.4523,88.9554,90.3735,1643808
2018-01-24,90.7871,91.9196,90.2955,90.5803,1744698
2018-01-25,91.2401,91.2401,89.4843,90.1766,1071252
2018-01-26,90.5902,92.4317,90.1076,92.3923,1619431
2018-01-29,92.2052,93.7118,92.1658,92.4416,2071983
2018-01-30,91.9886,92.5105,90.3834,91.122,2512497
2018-01-31,91.9492,93.3377,89.9205,93.19,4407496
2018-02-01,92.9143,96.1837,92.8158,95.13,3633986
2018-02-02,94.5096,95.002,93.6282,93.7907,2601308
2018-02-05,93.1014,93.8252,88.9702,89.1524,3789342
2018-02-06,87.3601,90.8856,86.4935,90.3538,3032561
2018-02-07,90.3341,92.1855,89.763,89.8023,2110075
2018-02-08,89.7433,89.891,86.2079,86.267,2111475
2018-02-09,87.3601,88.5123,84.4451,87.8032,2351736
2018-02-12,88.5123,90.3341,88.3074,89.5266,1484922
2018-02-13,88.6797,89.5266,88.2661,88.8865,1172164
2018-02-14,88.3252,89.3493,87.9707,89.0145,1852203
2018-02-15,89.8713,90.9545,88.5034,90.6099,1580099
2018-02-16,90.3341,91.8212,89.4084,89.6448,1961522
2018-02-20,89.113,89.8122,88.335,88.6698,1649158
2018-02-21,88.8274,89.8614,87.9411,88.6403,2985211
2018-02-22,89.2115,90.2061,88.7289,88.9357,1295156
2018-02-23,89.5955,89.7531,88.207,88.7782,1553521
2018-02-26,88.916,89.5955,87.8525,89.2706,2160753
2018-02-27,89.3493,90.3735,88.7092,88.7092,1546131
2018-02-28,89.1622,89.9993,87.4389,87.4487,1816678
2018-03-01,87.626,87.6949,84.5042,84.5633,2665542
2018-03-02,83.805,85.2527,82.771,84.9769,2858215
2018-03-05,84.5141,85.3117,83.7459,84.908,3552229
2018-03-06,85.4496,86.5624,84.6421,85.6663,1970710
2018-03-07,84.4747,86.1685,84.4648,85.9026,1992312
2018-03-08,86.3184,86.7638,85.7046,86.5955,1951995
2018-03-09,87.3677,88.7337,86.9816,88.7238,2017961
2018-03-12,88.7436,89.0505,87.0113,87.1895,1375322
2018-03-13,87.6349,88.4466,86.9222,87.3479,1407576
2018-03-14,87.9715,88.2883,86.9123,87.4271,1406759
2018-03-15,87.6052,89.4068,87.2291,89.3078,2351694
2018-03-16,89.2386,89.288,88.0606,88.5753,2321118
2018-03-19,88.3774,88.4961,86.744,87.625,944791
2018-03-20,87.8923,89.1123,87.7438,88.0606,1125371
2018-03-21,88.2487,89.1792,87.9517,88.0903,1359791
2018-03-22,87.1004,87.1004,84.982,85.2097,1274988
2018-03-23,85.4869,85.7937,82.7647,83.0121,1559039
2018-03-26,84.1901,85.4077,83.4873,85.2988,1522648
2018-03-27,85.7046,85.9373,83.6952,84.1406,1285224
2018-03-28,84.2396,84.7841,82.7548,83.1012,1406402
2018-03-29,83.616,85.3978,83.616,84.6455,995485
2018-04-02,84.2891,84.8137,81.1027,82.3093,1516685
2018-04-03,82.6558,83.6655,81.9728,83.6259,1138389
2018-04-04,81.557,84.3238,81.3095,84.1802,1396275
2018-04-05,85.5562,85.6255,84.4475,85.0018,1498776
2018-04-06,84.0119,84.5762,81.4085,82.3489,1848969
2018-04-09,82.8439,83.2695,81.7649,81.9233,1601222
2018-04-10,82.8736,84.2396,82.6162,83.5665,1137240
2018-04-11,82.7647,83.1605,82.3588,82.7449,741862
2018-04-12,83.2299,83.903,83.2101,83.4477,998438
2018-04-13,84.0812,84.4376,82.8538,83.2794,941144
2018-04-16,84.101,84.3633,83.4576,84.1307,1021229
2018-04-17,84.6356,85.5265,84.5069,85.1899,1415656
2018-04-18,85.7343,86.2689,85.3681,85.4869,1015711
2018-04-19,85.4671,85.5562,82.7548,83.6358,2354295
2018-04-20,83.3685,83.7843,81.8045,82.7152,2965751
2018-04-23,82.7647,83.6061,82.3093,82.4182,1948315
2018-04-24,82.7845,83.3933,78.8249,79.5772,3872944
2018-04-25,83.4081,84.5366,81.3095,84.299,4278392
2018-04-26,84.4574,84.7742,82.4182,84.1505,3894506
2018-04-27,83.9624,85.378,83.1606,85.2394,2334506
2018-04-30,85.2988,85.6255,82.8142,83.0418,2382207
2018-05-01,82.7152,85.1355,82.6657,85.0612,2821783
2018-05-02,85.0612,85.6255,84.2297,84.3584,2355224
2018-05-03,84.1406,85.4473,83.2398,85.1008,2318742
2018-05-04,84.497,86.3877,84.1901,85.7937,1360397
2018-05-07,86.1204,86.8727,85.8927,86.5065,1816513
2018-05-08,86.3679,87.4865,86.1402,87.1895,1661195
2018-05-09,87.4865,87.9319,87.0608,87.6646,1743430
2018-05-10,87.9022,88.6446,87.6151,87.8329,1339580
2018-05-11,87.9814,88.605,87.3579,87.922,1319487
2018-05-14,88.1101,88.8822,88.0705,88.2586,1133296
2018-05-15,87.9715,88.506,87.6646,87.9814,1403062
2018-05-16,88.0408,88.7139,87.4667,87.6052,1507034
2018-05-17,87.7141,89.5553,87.7141,89.0604,1697830
2018-05-18,88.9911,89.288,88.7882,89.001,1454141
2018-05-21,89.8226,91.1094,89.783,90.664,1416712
2018-05-22,90.8026,91.1391,89.9414,89.9711,1172744
2018-05-23,89.3969,89.4959,88.7733,89.3474,1418111
2018-05-24,89.3276,90.2086,89.0109,89.1594,1778100
2018-05-25,88.803,89.4959,88.5555,88.902,1048472
2018-05-29,88.1596,89.001,87.2093,87.9418,1346096
2018-05-30,88.6149,89.1792,88.2586,88.7535,1409008
2018-05-31,88.9218,88.9614,86.457,86.6549,1989848
2018-06-01,87.526,88.1101,87.0212,87.3776,994676
2018-06-04,88.0507,88.5654,87.0311,87.1895,870629
2018-06-05,87.2885,87.7384,86.8826,87.5161,1120932
2018-06-06,87.6052,89.3969,87.2558,89.2287,1793249
2018-06-07,89.5072,90.2633,88.9998,90.134,1108907
2018-06-08,90.1837,90.3528,89.7261,90.2235,789081
2018-06-11,91.0791,92.9245,90.6413,92.5515,1932908
2018-06-12,92.5912,92.7803,91.1288,91.9545,1922545
2018-06-13,91.865,91.865,90.5518,90.6811,1737390
2018-06-14,91.0293,92.054,90.6712,91.4372,1250996
2018-06-15,90.9398,92.1933,89.935,91.666,2520549
2018-06-18,90.9398,91.5864,90.3031,91.5466,826667
2018-06-19,90.7607,91.3129,89.4542,90.5518,1215154
2018-06-20,90.9398,91.1686,90.0345,90.4324,794741
2018-06-21,90.134,90.2036,89.0844,89.4077,2064462
2018-06-22,90.134,90.7309,89.7907,90.2931,1500471
2018-06-25,89.6962,89.7062,88.5074,89.3281,1097143
2018-06-26,89.7062,89.9847,88.5123,88.6118,1725608
2018-06-27,89.4376,90.7806,88.4029,88.4327,1590803
2018-06-28,88.4327,89.5768,87.4876,88.5223,1356907
2018-06-29,89.0794,90.1936,88.7014,89.2684,1598777
2018-07-02,88.6715,88.9899,87.806,88.97,1305393
2018-07-03,89.3679,90.3429,89.1093,89.4773,1016518
2018-07-05,90.134,90.6015,89.4177,89.9947,1472884
2018-07-06,89.746,89.935,88.8904,89.4077,1470095
2018-07-09,89.935,91.7755,89.935,91.2382,1391724
2018-07-10,91.2382,91.8948,90.711,90.9796,769172
2018-07-11,90.0842,90.0842,88.7611,88.8207,1139175
2018-07-12,89.6664,89.9549,88.6616,89.4177,1045832
2018-07-13,89.2286,90.711,89.1689,90.5816,789334
2018-07-16,90.4722,90.711,89.2286,89.4972,1030730
2018-07-17,89.5072,90.6712,89.1689,90.4225,962805
2018-07-18,90.7408,91.1487,90.4324,90.7906,993290
2018-07-19,90.2533,91.6262,90.1041,91.3278,911504
2018-07-20,90.7906,91.5466,90.2036,91.3278,1462894
2018-07-23,90.6513,90.9846,89.4376,89.6863,1420936
2018-07-24,90.5816,91.3576,89.3182,90.6115,1722330
2018-07-25,92.1137,95.7648,92.0739,95.6256,3788813
2018-07-26,95.8146,98.3017,95.6952,97.2273,2763430
2018-07-27,97.4959,97.9834,96.7497,97.2173,1309671
2018-07-30,97.3865,98.4907,96.5906,96.7199,1782972
2018-07-31,97.4959,98.4211,97.0979,98.0033,1598325
2018-08-01,97.8739,98.1923,96.4811,96.9189,1073858
2018-08-02,96.2324,96.7597,95.4962,96.123,1226285
2018-08-03,96.4214,96.7547,95.5012,96.4513,1345915
2018-08-06,96.8393,97.088,96.1628,96.6204,864770
2018-08-07,96.889,97.3865,96.4015,97.0482,1019493
2018-08-08,97.0283,97.6949,96.5209,97.1079,980281
2018-08-09,96.6901,97.2671,95.4763,96.0136,2062839
2018-08-10,95.934,96.2125,95.2485,95.7549,939643
2018-08-13,95.9937,96.312,95.1779,95.546,1189244
2018-08-14,95.6753,97.0681,95.6753,96.5408,1275105
2018-08-15,96.0931,97.6949,94.9889,97.3964,2096637
2018-08-16,97.7148,98.8787,97.4262,98.3316,1643984
2018-08-17,98.5604,99.5453,98.1823,99.2966,1096585
2018-08-20,99.4856,99.9532,98.9882,99.3165,1294644
2018-08-21,99.983,101.0077,99.5353,100.2417,1978852
2018-08-22,99.9333,100.1721,98.5504,99.0081,1075611
2018-08-23,99.0777,99.1871,98.3117,98.9185,725125
2018-08-24,99.0877,99.3662,98.2918,99.0777,689168
2018-08-27,99.4856,100.5501,99.3861,100.4108,1110492
2018-08-28,100.6695,101.2365,100.4307,100.5401,1077089
2018-08-29,100.7391,101.7141,100.1621,101.2266,1261858
2018-08-30,100.958,101.3062,100.3611,100.6098,868862
2018-08-31,100.2715,101.336,100.2118,100.769,1001050
2018-09-04,100.6496,101.3261,100.2616,101.2962,1433327
2018-09-05,101.0177,102.8184,100.8386,102.5,2258339
2018-09-06,102.63,103.03,101.08,101.24,1916141
2018-09-07,100.7,100.885,99.7,100.29,1553578
2018-09-10,101.09,102.6999,101.0473,102.5,1243822
2018-09-11,102.18,103.19,101.41,102.03,1619349
2018-09-12,101.95,103.1,101.7,102.85,1521913
2018-09-13,103.42,103.51,102.2,103.26,2193058
