date,open,high,low,close,volume
2013-09-16,32.213,32.476,32.0346,32.476,2858658
2013-09-17,32.4478,33.1804,32.3539,33.124,3116176
2013-09-18,33.0395,33.3494,32.7812,33.2837,2146428
2013-09-19,33.4433,33.6687,33.3353,33.4058,2495522
2013-09-20,33.3964,33.4339,32.7671,32.7671,2956929
2013-09-23,32.5699,32.7108,32.26,32.4009,2384142
2013-09-24,32.3445,32.7296,32.213,32.3445,2327452
2013-09-25,32.4103,33.0019,32.26,32.7859,3229239
2013-09-26,32.8423,33.1452,32.7296,33.0771,2274971
2013-09-27,32.8517,32.9738,32.6638,32.8235,1375826
2013-09-30,32.5511,32.9456,32.3727,32.8517,2824685
2013-10-01,32.8798,33.1663,32.8329,32.9644,1777705
2013-10-02,32.8141,33.0019,32.4666,32.7859,1925532
2013-10-03,32.6826,32.8047,32.3633,32.6732,2653816
2013-10-04,32.6826,32.955,32.5136,32.739,1589000
2013-10-07,32.4854,32.7061,32.2224,32.5042,1357198
2013-10-08,32.4103,32.5887,32.0017,32.1191,2602221
2013-10-09,32.0722,32.523,32.044,32.2694,2875008
2013-10-10,32.6075,33.1898,32.5605,33.1898,3058724
2013-10-11,33.1334,33.6218,33.0677,33.4433,2556464
2013-10-14,33.1992,33.5372,33.0771,33.4715,1420082
2013-10-15,33.34,33.4152,32.8423,32.955,2192472
2013-10-16,33.0019,33.0583,32.5042,32.7671,5856542
2013-10-17,32.6732,33.6124,32.6638,33.556,2720594
2013-10-18,33.7439,33.9786,33.5372,33.772,3044800
2013-10-21,33.8472,33.988,33.603,33.6687,2222848
2013-10-22,33.772,34.2134,33.6781,34.0256,2689103
2013-10-23,33.9596,34.2143,33.9313,34.1671,1623324
2013-10-24,34.318,34.5261,34.1105,34.1577,1552078
2013-10-25,34.035,34.4218,33.8558,34.4218,1261425
2013-10-28,34.3652,34.4973,33.9407,34.0916,2186594
2013-10-29,34.1577,34.4784,34.1199,34.3841,1735508
2013-10-30,34.5444,34.8369,34.1388,34.3841,2494871
2013-10-31,34.3558,34.6954,34.0633,34.4784,2767346
2013-11-01,34.4878,34.6671,34.2803,34.4784,1497721
2013-11-04,34.5444,34.5539,34.252,34.5539,1578704
2013-11-05,34.535,34.7897,32.8087,34.6954,2575143
2013-11-06,34.6954,34.7614,34.2048,34.4124,2086683
2013-11-07,34.4595,34.5633,33.6766,33.8369,2465975
2013-11-08,33.8935,34.4383,33.8652,34.3369,2840652
2013-11-11,34.4312,34.7331,34.3841,34.7237,1355943
2013-11-12,34.5727,34.6576,34.0162,34.2803,3385929
2013-11-13,34.0539,34.7237,34.0445,34.6482,4319603
2013-11-14,35.0161,35.8462,34.9029,35.4689,6723876
2013-11-15,35.4877,35.4877,34.8274,35.0161,5303859
2013-11-18,34.9689,35.6481,34.9595,35.4689,3230599
2013-11-19,35.4311,35.7707,35.2708,35.4311,2084829
2013-11-20,35.4028,35.5066,34.9972,35.0444,2576834
2013-11-21,34.9878,35.6104,34.9218,35.5443,2929296
2013-11-22,35.45,36.2613,35.3179,36.2518,4866563
2013-11-25,36.2518,36.5631,36.1575,36.2518,3158315
2013-11-26,36.1952,36.5678,35.8839,35.9122,3413106
2013-11-27,35.9217,36.1952,35.7141,35.8462,2694683
2013-11-29,35.9971,36.3509,35.6953,35.9783,1298492
2013-12-02,36.0349,36.2707,35.4972,35.5632,2404367
2013-12-03,35.3746,35.7896,35.2896,35.7141,3774093
2013-12-04,35.5255,35.8179,34.9972,35.384,3876612
2013-12-05,35.384,35.5538,35.0632,35.1387,2503318
2013-12-06,35.0916,35.7519,35.0312,35.6104,2879527
2013-12-09,35.8368,35.8462,35.3934,35.6009,2107997
2013-12-10,35.5726,35.9594,35.384,35.4028,2118557
2013-12-11,35.3462,35.5726,35.0255,35.0727,2368575
2013-12-12,35.0727,35.7708,35.0161,35.6481,3241633
2013-12-13,35.6104,35.6104,34.9972,35.2331,2788324
2013-12-16,35.3557,35.9594,35.2426,35.7802,2646638
2013-12-17,35.8085,35.9688,35.6858,35.799,2125059
2013-12-18,35.7424,36.9216,35.5821,36.8556,3097225
2013-12-19,36.7046,36.7424,36.365,36.7046,2094550
2013-12-20,36.7424,37.4499,36.6763,37.3555,3806202
2013-12-23,37.7706,37.9875,37.5395,37.8932,2758369
2013-12-24,37.7989,37.9781,37.78,37.9687,944191
2013-12-26,37.1669,38.412,37.1669,38.3177,1469168
2013-12-27,38.3554,39.0912,38.3554,38.8743,4193690
2013-12-30,38.8082,39.0724,38.7139,38.846,2051462
2013-12-31,38.8554,38.978,38.3554,38.7139,2503243
2014-01-02,38.563,38.7516,38.1668,38.3554,2881549
2014-01-03,38.3554,38.5535,37.9593,38.1479,2331366
2014-01-06,38.6762,39.2893,38.4592,38.5158,3714716
2014-01-07,38.3177,38.8177,38.3177,38.6479,2476712
2014-01-08,39.0724,39.1573,38.6667,38.8271,3077558
2014-01-09,39.0252,39.2233,38.5347,38.6667,2030938
2014-01-10,38.6856,38.8224,38.4026,38.7894,2429810
2014-01-13,38.5818,38.7799,37.9404,38.0536,2382967
2014-01-14,38.1951,38.5724,38.1479,38.5441,2686862
2014-01-15,38.4781,38.9497,38.4215,38.9309,1841646
2014-01-16,38.7988,38.8931,38.5818,38.8648,2104865
2014-01-17,38.912,39.0912,38.7611,39.0346,2870153
2014-01-21,38.9969,39.695,38.7611,39.0252,1752929
2014-01-22,39.0726,39.2336,38.8832,39.1389,2330031
2014-01-23,38.94,39.1294,38.1966,38.3813,2764304
2014-01-24,38.0214,38.1635,37.3112,37.3112,2538175
2014-01-27,37.368,37.7847,37.1502,37.3396,2511487
2014-01-28,37.4059,37.9267,37.3964,37.832,2394247
2014-01-29,37.4248,38.0782,37.3585,37.5858,2141432
2014-01-30,37.7847,37.8415,37.4059,37.5669,3684418
2014-01-31,37.5669,38.7979,37.0744,38.3434,6191195
2014-02-03,38.5044,38.6938,37.3869,37.4532,3724187
2014-02-04,37.7184,37.9267,37.3112,37.8131,2936415
2014-02-05,37.6426,38.2582,37.4248,38.1256,3885899
2014-02-06,38.2013,38.7979,38.1729,38.6559,2438806
2014-02-07,38.8264,39.4608,38.6559,39.3472,2836347
2014-02-10,39.3377,39.3803,39.0347,39.2051,2786149
2014-02-11,39.2525,39.5839,39.1152,39.404,2107980
2014-02-12,39.4703,39.6976,39.0915,39.2525,1743052
2014-02-13,39.1673,39.5934,38.9211,39.5271,1919841
2014-02-14,39.3945,39.9627,39.2904,39.7071,2825231
2014-02-18,39.9059,40.0669,39.8017,39.9438,1657105
2014-02-19,39.7733,40.1379,39.4514,39.5461,2149449
2014-02-20,39.6218,40.1285,39.3377,40.0101,2806057
2014-02-21,40.119,40.3415,39.9533,40.048,2359492
2014-02-24,40.1143,40.6351,40.1143,40.2942,3134229
2014-02-25,40.2658,40.3794,40.0953,40.1995,3875519
2014-02-26,40.2279,40.602,40.1521,40.3605,2445835
2014-02-27,40.1521,40.4078,40.0764,40.209,2466920
2014-02-28,40.3131,40.351,39.7544,39.9438,2608370
2014-03-03,40.1711,40.8624,39.9438,40.7393,3846227
2014-03-04,41.3643,41.3927,40.7677,41.1086,3532168
2014-03-05,41.2317,41.5158,40.9571,41.3643,2432062
2014-03-06,41.4211,41.6484,41.369,41.4874,1912931
2014-03-07,41.5821,41.762,41.3359,41.4968,2314683
2014-03-10,41.3075,41.6294,40.9665,41.3548,2247551
2014-03-11,41.459,41.5063,40.5783,40.6351,2034346
2014-03-12,40.4173,40.7203,40.2232,40.6635,2936271
2014-03-13,40.8056,41.0518,40.1427,40.3794,3402640
2014-03-14,40.3889,40.7203,40.3226,40.6162,2744286
2014-03-17,40.7677,41.3264,40.7677,41.1086,2686658
2014-03-18,41.1086,41.2601,40.4173,40.6256,3471914
2014-03-19,40.6351,40.7866,39.9469,40.1048,3214228
2014-03-20,40.1048,40.2563,39.868,40.1237,1605600
2014-03-21,40.4362,40.6256,40.1711,40.4457,3959628
2014-03-24,40.5025,40.7014,39.6171,39.7165,2424183
2014-03-25,39.9817,40.1569,39.6881,39.9343,1923250
2014-03-26,40.1048,40.3983,40.0385,40.1143,3554396
2014-03-27,40.0953,40.1711,39.404,39.4703,3394245
2014-03-28,39.6502,40.0196,39.5195,39.5934,2351179
2014-03-31,39.7733,40.2658,39.565,40.1521,2373985
2014-04-01,40.3605,40.7109,40.2468,40.6635,2898797
2014-04-02,40.6256,40.7677,40.1805,40.19,3880536
2014-04-03,40.3415,40.5309,40.1237,40.3321,5540761
2014-04-04,40.5215,40.7203,39.9343,40.0385,1805438
2014-04-07,39.9343,39.9911,38.779,38.8832,2715277
2014-04-08,38.8358,39.1957,38.3718,39.1483,3070922
2014-04-09,39.3188,39.4419,38.94,39.2998,5914703
2014-04-10,39.3093,39.7828,38.7885,38.8074,3414878
2014-04-11,38.6654,38.8879,38.4192,38.4665,2188845
2014-04-14,38.6559,38.94,38.2771,38.5707,2534833
2014-04-15,38.7222,39.1578,38.3813,38.7506,2963766
2014-04-16,38.9873,39.3567,38.8216,39.3567,2572930
2014-04-17,39.243,40.2563,39.243,39.9817,3769781
2014-04-21,40.0101,40.2658,40.0006,40.2468,1687620
2014-04-22,40.2279,40.4599,40.048,40.351,1625635
2014-04-23,40.4176,40.7552,40.2464,40.3225,2535397
2014-04-24,40.5127,40.5127,40.0562,40.1418,2446353
2014-04-25,39.4856,40.0181,38.8864,39.2668,8267835
2014-04-28,39.3524,39.4856,38.1922,38.8389,4909113
2014-04-29,38.9435,39.1717,38.6962,38.9815,2649867
2014-04-30,39.0101,39.2859,38.7248,38.896,3365187
2014-05-01,38.953,39.0671,38.6106,38.7723,2309764
2014-05-02,38.8104,39.2193,38.7058,38.8104,2192488
2014-05-05,38.5536,38.7818,38.1828,38.7248,3543250
2014-05-06,38.6962,38.896,38.5346,38.6202,2614447
2014-05-07,38.7533,39.0481,38.6002,39.0291,2823180
2014-05-08,39.0291,39.5331,38.915,39.2383,2554285
2014-05-09,39.2098,39.6663,39.0957,39.5521,2904760
2014-05-12,39.8565,41.1403,39.8374,40.9406,6438964
2014-05-13,40.9216,41.2925,40.817,40.836,2421505
2014-05-14,40.855,40.9501,40.6173,40.6458,2020208
2014-05-15,40.4936,40.5127,39.9611,40.3795,1541269
2014-05-16,40.2939,40.5887,40.1703,40.5697,1877122
2014-05-19,40.4556,41.1165,40.39,41.0547,1762724
2014-05-20,40.9882,41.1403,40.5031,40.6648,2208237
2014-05-21,40.8455,41.0357,40.3985,40.5412,2947523
2014-05-22,40.6078,40.9596,40.5317,40.6743,3425501
2014-05-23,40.7599,41.2497,40.6458,41.1688,1705464
2014-05-27,41.359,41.6206,41.2544,41.5112,1910074
2014-05-28,41.6253,42.0913,41.5492,41.5778,2681218
2014-05-29,41.5873,41.7109,41.2355,41.5588,2683500
2014-05-30,41.5017,41.6634,41.4066,41.5017,3044080
2014-06-02,41.5017,41.7775,41.1593,41.5968,2697705
2014-06-03,41.4066,41.5968,40.9977,41.1593,3236847
2014-06-04,41.1593,41.7775,41.0642,41.5873,2862537
2014-06-05,41.7204,41.9296,41.4304,41.7299,2241841
2014-06-06,41.9296,42.2625,41.9296,42.253,2592003
2014-06-09,42.3291,42.7951,42.2435,42.6429,1724388
2014-06-10,42.5668,42.7095,42.2625,42.3956,2313751
2014-06-11,42.3005,42.5573,42.1484,42.4717,1919683
2014-06-12,42.4812,42.6619,42.3005,42.4242,2616987
2014-06-13,42.4432,42.6429,42.1864,42.5573,1714349
2014-06-16,42.5193,43.3561,42.5193,43.1469,3568644
2014-06-17,43.0328,43.8174,42.9948,43.7461,3516993
2014-06-18,43.5939,43.9933,43.3847,43.9363,2597922
2014-06-19,43.9172,44.3547,43.7365,44.1835,3907151
2014-06-20,44.2976,44.2976,43.8221,43.9648,4834046
2014-06-23,43.9648,44.0218,43.5559,43.7175,3316772
2014-06-24,43.67,43.8316,43.3181,43.3561,3026676
2014-06-25,43.223,43.651,42.8806,43.5844,3792847
2014-06-26,43.6129,43.6129,43.1089,43.3942,3342038
2014-06-27,43.4132,43.7651,42.6904,43.1564,25378171
2014-06-30,42.9948,43.4988,42.6429,43.3657,6734797
2014-07-01,43.4512,43.8307,43.3942,43.6319,2051374
2014-07-02,43.4798,43.727,43.1755,43.3847,2372091
2014-07-03,43.4322,43.8031,43.4227,43.6985,1357070
2014-07-07,43.5368,43.5368,43.0043,43.1089,2257969
2014-07-08,43.0423,43.1945,42.7665,42.8331,3362670
2014-07-09,42.9567,43.3229,42.8521,42.8711,3164021
2014-07-10,42.5288,42.8331,42.3576,42.6239,2528039
2014-07-11,42.6619,43.1945,42.6619,43.0804,2202712
2014-07-14,43.2706,43.5178,43.0233,43.0518,2236143
2014-07-15,43.0613,43.4322,42.9472,43.1755,2517342
2014-07-16,43.3371,43.4893,43.0804,43.223,2169582
2014-07-17,42.8521,43.2515,42.4432,42.4717,2230444
2014-07-18,42.5953,43.0423,42.5002,43.0233,1517305
2014-07-21,43.0138,43.204,42.7285,43.1374,2144831
2014-07-22,43.4037,43.5939,43.0804,43.0899,2557618
2014-07-23,43.0803,43.214,42.8416,42.8894,2527596
2014-07-24,42.8798,43.1758,42.7271,42.7843,2335283
2014-07-25,42.9562,43.7773,42.9562,43.1663,3626113
2014-07-28,43.1854,43.4145,42.8703,43.2522,3391626
2014-07-29,43.2808,43.4718,42.5838,42.6125,3446729
2014-07-30,42.6602,42.8321,42.1637,42.4788,3640945
2014-07-31,42.2688,42.3547,41.1707,41.1994,4491403
2014-08-01,41.3331,41.4476,41.018,41.3617,1775583
2014-08-04,41.3331,41.4476,41.018,41.3617,1775583
2014-08-05,41.2376,41.524,40.8557,41.018,1694911
2014-08-06,40.7315,41.1039,40.6456,40.8939,2154018
2014-08-07,41.1803,41.2949,40.7029,40.7697,2079003
2014-08-08,40.8175,41.5145,40.7888,41.5049,2352173
2014-08-11,41.61,41.8676,41.4667,41.5049,1244501
2014-08-12,41.419,41.6672,41.3044,41.4094,1213157
2014-08-13,41.5813,41.8582,41.5527,41.8486,1316941
2014-08-14,41.8391,42.1112,41.8105,41.9823,1489336
2014-08-15,42.1351,42.1637,41.4858,41.8773,1709602
2014-08-18,42.2115,42.5456,42.1637,42.4406,1481699
2014-08-19,42.4788,42.7843,42.4502,42.6984,1480699
2014-08-20,42.7557,43.0517,42.6316,42.9467,1803279
2014-08-21,43.0135,43.1949,42.9371,43.109,1085215
2014-08-22,43.0421,43.1663,42.8512,42.9085,1553818
2014-08-25,43.0708,43.1758,42.6316,42.6411,1899267
2014-08-26,42.7843,42.7843,42.2783,42.3833,2101340
2014-08-27,42.4597,42.6411,42.3738,42.5266,1947136
2014-08-28,42.3833,42.7366,42.0873,42.6698,3098998
2014-08-29,42.6984,42.7796,42.307,42.6029,1949253
2014-09-02,42.6029,42.7271,42.0014,42.1542,3332012
2014-09-03,42.307,42.3738,41.9728,41.9919,2118060
2014-09-04,42.0587,42.0873,41.715,41.7436,3493261
2014-09-05,41.6577,42.116,41.5336,42.0969,2535069
2014-09-08,42.0205,42.2974,42.011,42.1828,2477586
2014-09-09,42.1924,42.2115,41.9585,41.9919,2383023
2014-09-10,41.9823,42.5266,41.8391,42.2879,2919542
2014-09-11,42.2592,43.0421,42.0873,42.8989,4123125
2014-09-12,42.9085,42.9658,42.2688,42.326,3056800
2014-09-15,42.2497,42.3547,42.0301,42.221,2603791
2014-09-16,42.1351,42.5456,42.0587,42.4406,2871981
2014-09-17,42.4597,42.6602,42.1542,42.307,2952799
2014-09-18,42.412,43.1185,42.2974,43.004,3203111
2014-09-19,43.0612,43.1758,42.6889,42.8798,5515103
2014-09-22,42.8703,42.9085,42.5552,42.6316,2533240
2014-09-23,42.4597,42.5552,42.3356,42.3451,2482268
2014-09-24,42.2306,42.4215,42.1924,42.2879,3833193
2014-09-25,42.116,42.2401,41.7532,41.8105,3115481
2014-09-26,41.8105,42.2879,41.6672,42.2306,2445315
2014-09-29,42.1637,42.3165,41.7818,42.2974,3043103
2014-09-30,42.3451,42.6125,42.2497,42.5552,3571547
2014-10-01,42.4597,42.7653,42.3356,42.4215,5381041
2014-10-02,42.2974,42.4406,40.9893,41.3044,5078812
2014-10-03,41.524,41.7245,41.3999,41.5336,3431033
2014-10-06,41.6386,41.6863,40.9798,41.0084,4279570
2014-10-07,40.6361,40.7888,40.3974,40.4642,3494782
2014-10-08,40.5883,41.7245,40.4833,41.715,5408584
2014-10-09,41.7054,41.7627,40.4356,40.5597,5105142
2014-10-10,40.6265,40.932,40.0918,40.13,6646879
2014-10-13,40.2541,40.3974,39.6431,39.6622,5704645
2014-10-14,39.5094,39.6622,37.6762,37.8958,9506259
2014-10-15,37.0747,37.3707,36.4254,37.1893,6877438
2014-10-16,36.5386,37.5602,36.5386,37.1687,5276470
2014-10-17,37.829,38.841,37.7908,38.3732,3834892
2014-10-20,38.1727,38.5546,37.9913,38.3446,2711862
2014-10-21,38.7456,39.0797,38.5451,39.0511,4510394
2014-10-22,39.1072,39.1359,38.3016,38.4359,3808877
2014-10-23,38.9729,39.6442,38.8962,39.3469,3203240
2014-10-24,39.3469,39.9031,39.1215,39.8839,1632831
2014-10-27,39.788,39.9511,39.3085,39.7017,2483094
2014-10-28,39.8935,40.3634,39.8264,40.3538,1608536
2014-10-29,40.2579,40.5744,40.0853,40.4593,2330269
2014-10-30,40.3059,40.7278,39.9798,40.5073,1558022
2014-10-31,41.1306,41.1881,40.7278,41.169,2547559
2014-11-03,41.1498,41.2744,40.8669,40.9963,1784355
2014-11-04,41.0155,41.2169,40.8717,41.1977,2292507
2014-11-05,41.3416,41.4662,41.0443,41.3608,1284946
2014-11-06,41.3895,41.6964,41.3128,41.658,1498117
2014-11-07,41.6389,41.7635,41.3895,41.5334,1994081
2014-11-10,41.4566,41.8786,41.3608,41.869,1750348
2014-11-11,42.0129,42.2862,41.5334,41.6101,2309966
2014-11-12,41.5334,41.706,41.3128,41.5813,3442269
2014-11-13,40.8909,41.0251,40.0469,40.6991,6054873
2014-11-14,40.7086,40.8237,40.373,40.6607,2859968
2014-11-17,40.5073,40.8909,40.4497,40.8525,1865265
2014-11-18,40.8141,40.8717,40.1668,40.2292,3010079
2014-11-19,40.2387,40.2387,39.788,39.9127,2287250
2014-11-20,39.6634,39.7669,39.5627,39.6154,2969391
2014-11-21,40.0661,41.4662,39.9223,41.1306,5586048
2014-11-24,40.8621,41.0635,40.5026,40.7758,3605707
2014-11-25,40.8333,41.7827,40.6223,41.6005,5478066
2014-11-26,41.332,41.4471,40.8525,41.0922,3021772
2014-11-28,40.9388,41.1402,40.6991,41.1402,4971496
2014-12-01,40.9484,41.4183,40.6799,41.1114,3424556
2014-12-02,41.2553,41.543,41.0059,41.3895,2591539
2014-12-03,41.5909,41.9649,41.4758,41.6676,2726990
2014-12-04,41.5717,41.658,41.1018,41.4758,2606436
2014-12-05,41.4758,41.8211,41.4183,41.5813,1560648
2014-12-08,41.5813,41.7539,41.3128,41.5909,2155220
2014-12-09,41.121,41.6101,41.0251,41.5813,1801971
2014-12-10,41.4662,41.5717,40.5888,40.6607,2763761
2014-12-11,40.7278,40.8813,40.3251,40.4497,2101379
2014-12-12,39.999,40.3251,39.8072,39.8456,2230619
2014-12-15,40.1333,40.2963,39.7497,39.8935,3082934
2014-12-16,39.8264,40.8477,39.8168,39.8935,3221012
2014-12-17,39.8743,40.2196,39.5195,40.1333,2727563
2014-12-18,40.8813,41.2457,40.6032,41.2457,2214238
2014-12-19,41.4662,41.6974,41.3703,41.3895,4085473
2014-12-22,41.4662,41.9265,41.3703,41.917,1543909
2014-12-23,42.0896,42.7992,42.0129,42.5499,1440037
2014-12-24,42.6266,43.0006,42.6266,42.8663,929490
2014-12-26,42.8855,42.991,42.5211,42.5691,1121480
2014-12-29,42.4828,42.9047,42.4348,42.7417,956702
2014-12-30,42.5595,42.6746,42.2814,42.406,876372
2014-12-31,42.5691,42.6266,42.0272,42.0608,1278245
2015-01-02,42.1855,42.31,41.5238,41.8211,1671050
2015-01-05,41.4662,41.7252,41.1306,41.1881,1622900
2015-01-06,41.1114,41.1594,40.2483,40.7374,2111826
2015-01-07,41.0059,41.4087,40.9196,41.3895,2606575
2015-01-08,41.6484,42.1855,41.6293,42.1855,2564528
2015-01-09,42.2622,42.4156,41.7683,41.9265,2570543
2015-01-12,41.9745,42.0033,41.3799,41.495,2405788
2015-01-13,41.706,42.0992,41.2744,41.5813,3210021
2015-01-14,41.0826,41.169,40.4593,41.1018,2171532
2015-01-15,41.1402,41.2361,40.7758,40.9004,2930506
2015-01-16,40.6319,40.8045,40.1812,40.7566,2835993
2015-01-20,40.536,40.8429,40.0949,40.4018,2946142
2015-01-21,40.2958,40.787,40.2814,40.5751,2252530
2015-01-22,40.4981,41.0181,39.978,41.0085,2575090
2015-01-23,40.9026,41.0085,40.6965,40.8255,1725432
2015-01-26,40.7196,40.8351,40.4403,40.6425,2222565
2015-01-27,40.161,40.3054,39.6987,40.0647,3218148
2015-01-28,40.3247,40.5751,39.6794,39.7083,2256671
2015-01-29,39.5542,40.2958,39.4483,40.1706,3347013
2015-01-30,38.62,39.9298,38.4178,39.3038,5473419
2015-02-02,39.2653,40.055,38.9667,39.9106,4268960
2015-02-03,40.0743,40.6117,39.9009,40.3054,3204975
2015-02-04,39.9973,40.4114,39.7757,39.8817,3068903
2015-02-05,40.0165,40.5366,39.9009,40.4884,2007509
2015-02-06,40.5462,40.6618,39.8335,40.0358,4453135
2015-02-09,39.9202,40.4499,39.8528,40.2188,4872693
2015-02-10,40.4306,40.5414,40.2669,40.4114,4632167
2015-02-11,40.4114,40.6522,40.2188,40.3921,3938942
2015-02-12,40.4499,41.4515,40.4499,41.336,4637187
2015-02-13,41.2685,41.6971,41.2396,41.596,3686141
2015-02-17,41.5671,41.7402,41.3745,41.5286,1425635
2015-02-18,41.5382,41.8079,41.0567,41.1915,3537384
2015-02-19,41.1819,41.4323,41.0567,41.1626,1389766
2015-02-20,40.9892,41.1626,40.4499,41.1241,2569147
2015-02-23,41.1144,41.1241,40.6522,40.9218,1958113
2015-02-24,40.8544,41.1241,40.6522,41.0374,1338539
2015-02-25,41.047,41.6056,40.864,41.3167,2856317
2015-02-26,41.2589,41.336,41.0085,41.1144,1607610
2015-02-27,41.1241,41.2396,40.5751,40.6618,2881408
2015-03-02,40.7581,41.6634,40.6233,41.6634,3205019
2015-03-03,41.3745,41.5565,41.1433,41.5286,2016484
2015-03-04,41.413,41.413,40.8833,41.2204,2678905
2015-03-05,41.2396,41.3071,41.0085,41.0952,1066675
2015-03-06,40.8063,40.9892,40.4595,40.5462,1800859
2015-03-09,40.3921,41.1241,40.3632,40.9507,1520660
2015-03-10,40.5462,40.5462,40.1032,40.1032,1748793
2015-03-11,40.0936,40.2091,39.9395,40.0261,1417444
2015-03-12,40.2573,40.8929,40.1802,40.8159,1225239
2015-03-13,40.8159,40.9026,40.0311,40.527,2038899
2015-03-16,40.6907,40.9218,40.5366,40.7581,1594062
2015-03-17,40.604,40.8351,40.5655,40.7196,1528594
2015-03-18,40.5944,41.5575,40.4018,41.336,1729020
2015-03-19,41.1626,41.23,40.787,41.0855,1108590
2015-03-20,41.4419,41.596,41.153,41.5478,2972734
2015-03-23,42.3279,42.3761,41.7212,41.856,2676528
2015-03-24,41.7501,42.0583,41.6345,41.7212,2129982
2015-03-25,41.7405,41.8753,41.4323,41.5382,3204400
2015-03-26,41.413,41.4173,41.0278,41.1144,1678300
2015-03-27,40.97,41.23,40.7677,41.2108,1351888
2015-03-30,41.336,42.0968,41.3072,41.856,1580557
2015-03-31,41.7212,41.8175,41.4033,41.4708,1713982
2015-04-01,41.3937,41.7742,40.864,41.49,2585821
2015-04-02,41.4034,41.9138,41.23,41.7308,1803877
2015-04-06,41.3648,41.8079,41.1963,41.596,1593699
2015-04-07,41.5575,41.6634,41.1915,41.2204,1499692
2015-04-08,41.2204,41.5247,41.1337,41.4226,2353775
2015-04-09,41.4226,41.9234,41.3552,41.856,1755609
2015-04-10,41.856,42.0775,41.6538,41.8464,945382
2015-04-13,41.7405,41.7501,41.4515,41.5575,1128248
2015-04-14,41.4708,41.6923,41.2108,41.6249,1529452
2015-04-15,41.6634,41.962,41.6152,41.7693,1281208
2015-04-16,41.6441,41.8945,41.4419,41.7116,1018147
2015-04-17,41.3552,41.3937,40.7292,40.864,3001000
2015-04-20,41.0278,41.2878,40.9411,41.1626,1360194
2015-04-21,41.3937,41.7019,40.8881,40.9989,1722501
2015-04-22,41.0328,41.3037,40.7618,41.2263,1481522
2015-04-23,41.1005,41.5844,41.0134,41.2166,2827034
2015-04-24,38.5553,40.1618,38.4392,38.7489,12089843
2015-04-27,38.8843,39.1166,38.6134,38.7198,5573244
2015-04-28,38.7489,38.7876,38.294,38.6811,2527636
2015-04-29,38.7101,38.9618,38.536,38.7198,4054656
2015-04-30,38.5553,38.6618,37.994,38.1101,4628703
2015-05-01,38.1585,38.4779,38.1295,38.3521,2680054
2015-05-04,38.3714,38.7489,38.3714,38.5843,2223064
2015-05-05,38.6134,38.7585,38.115,38.2263,2324203
2015-05-06,38.4972,38.6085,38.0327,38.3134,2456224
2015-05-07,38.3908,38.5843,38.1198,38.3037,1363942
2015-05-08,38.536,38.8166,38.3327,38.4876,2694681
2015-05-11,38.4585,38.6811,38.2166,38.236,1720059
2015-05-12,38.1392,38.236,37.7714,37.7908,2882553
2015-05-13,37.8682,38.2263,37.8682,38.0134,2791158
2015-05-14,38.2263,38.4101,37.8924,38.3327,3290791
2015-05-15,38.294,38.4682,38.0811,38.1972,2327915
2015-05-18,38.0811,38.6134,38.0424,38.4682,2252330
2015-05-19,38.6618,39.1843,38.623,38.894,5706628
2015-05-20,38.6424,39.5521,38.6424,39.5134,8044716
2015-05-21,39.4069,39.8134,39.2521,39.5714,4761979
2015-05-22,39.4844,39.736,39.3489,39.6102,2307628
2015-05-26,39.4844,39.5521,39.0876,39.1166,2873988
2015-05-27,39.0876,39.4795,39.0682,39.4553,1586849
2015-05-28,39.3295,39.4456,39.1747,39.436,1744151
2015-05-29,39.465,39.465,38.9908,39.0585,3050215
2015-06-01,39.0876,39.1553,38.865,38.9714,2103833
2015-06-02,38.9231,39.1166,38.7585,39.0585,3009850
2015-06-03,39.2327,39.3973,39.0779,39.2424,1141155
2015-06-04,38.9424,39.1311,38.7682,38.8263,1474369
2015-06-05,38.7198,38.9521,38.6521,38.9231,1298065
2015-06-08,38.836,38.9714,38.7343,38.7876,2013980
2015-06-09,38.8263,39.0585,38.7392,38.9327,1773714
2015-06-10,39.0198,39.3585,38.9714,39.165,1281484
2015-06-11,39.2327,39.3682,39.0972,39.2908,1252042
2015-06-12,39.194,39.2037,38.836,38.9811,1708396
2015-06-15,38.6521,38.6618,37.9359,38.3618,1920182
2015-06-16,38.3618,38.6618,38.1101,38.6327,1976863
2015-06-17,38.6424,39.1843,38.6037,38.9714,2393933
2015-06-18,39.0972,39.3973,38.9521,39.1456,2595031
2015-06-19,38.9811,39.1263,38.7876,38.8456,2280836
2015-06-22,38.9521,39.0972,38.7101,38.7101,2035128
2015-06-23,38.7392,38.8843,38.444,38.5456,3073124
2015-06-24,38.5069,38.7101,38.3908,38.4198,3198273
2015-06-25,38.3714,38.6037,37.9263,37.9456,2082165
2015-06-26,37.9553,38.2747,37.873,38.1198,2227390
2015-06-29,37.7424,37.8488,37.065,37.094,1852600
2015-06-30,37.3553,37.4811,36.9972,37.2392,3081583
2015-07-01,37.4714,37.6166,37.2585,37.5876,2184509
2015-07-02,37.6747,37.7424,37.0263,37.1714,1977022
2015-07-06,36.7746,37.2198,36.7263,36.9779,1696816
2015-07-07,36.9972,37.4811,36.6392,37.4424,2367004
2015-07-08,37.0359,37.1424,36.465,36.5521,1621306
2015-07-09,36.9295,37.2585,36.7359,36.7456,3865168
2015-07-10,37.1424,37.2488,36.4456,36.5037,3284489
2015-07-13,36.7746,37.0166,36.7553,36.9004,2240704
2015-07-14,36.9101,37.1037,36.8134,36.8811,3096552
2015-07-15,36.9198,37.0456,36.6585,36.9392,2006056
2015-07-16,37.1908,37.4714,37.1424,37.3069,4073448
2015-07-17,37.2392,37.3069,36.9875,37.1617,1961736
2015-07-20,37.123,37.1424,36.915,37.0746,2268271
2015-07-21,37.0263,37.123,36.8424,36.8521,2095280
2015-07-22,36.8764,36.9299,36.1855,36.1855,2705390
2015-07-23,36.1758,36.458,35.9909,36.0688,2353067
2015-07-24,36.0104,36.0396,35.4412,35.4558,2874789
2015-07-27,35.2515,35.6309,35.2223,35.3099,3196864
2015-07-28,35.485,35.5628,34.9498,35.4558,6974930
2015-07-29,35.4558,35.9034,35.3293,35.7963,6029953
2015-07-30,35.6309,36.0688,35.6212,35.9326,3236017
2015-07-31,36.205,37.3823,36.1953,36.9639,5520672
2015-08-03,36.9639,37.2169,36.4483,37.1488,3814618
2015-08-04,37.2266,37.7813,37.1099,37.2364,2961096
2015-08-05,37.5575,37.5769,37.0807,37.2461,1941235
2015-08-06,37.3531,37.431,37.1293,37.2948,2057591
2015-08-07,37.2461,37.3337,36.7499,36.9542,1511393
2015-08-10,37.285,37.5769,37.2364,37.4894,2144980
2015-08-11,37.0418,37.1391,36.7304,36.818,1143940
2015-08-12,36.4969,37.071,36.3899,36.8764,3646889
2015-08-13,36.7888,36.8958,36.4483,36.458,2457940
2015-08-14,36.5164,36.7304,36.4191,36.5942,2109392
2015-08-17,36.4969,37.0418,36.2147,36.9445,3129721
2015-08-18,36.9445,37.178,36.8666,37.0418,2066049
2015-08-19,36.6818,37.3045,36.3655,36.3996,2125861
2015-08-20,36.0882,36.2828,35.7477,35.7574,2498591
2015-08-21,35.485,35.5726,34.9012,34.9596,3248798
2015-08-24,33.1985,34.6677,33.0914,33.6752,5162005
2015-08-25,34.5509,34.7942,33.7628,33.8115,5976902
2015-08-26,34.5509,34.6288,33.792,34.5607,3607658
2015-08-27,34.9596,35.485,34.7261,35.4363,2924796
2015-08-28,35.2709,35.5045,35.159,35.3974,1392140
2015-08-31,35.2515,35.592,35.0861,35.3099,2282002
2015-09-01,34.4634,34.9207,34.2882,34.4731,3820621
2015-09-02,34.8623,35.0277,34.3952,35.0277,2205113
2015-09-03,35.0763,35.6942,34.9401,35.1931,2273259
2015-09-04,34.7455,34.7455,34.3466,34.4536,2445905
2015-09-08,35.0082,35.4169,34.8331,35.3974,1793858
2015-09-09,35.6893,35.7672,34.8428,34.8915,1652395
2015-09-10,34.9012,35.0471,34.6093,34.765,1789132
2015-09-11,34.7747,34.9888,34.5334,34.9888,1204490
2015-09-14,34.9888,35.0763,34.6677,35.0666,2590297
2015-09-15,35.1444,35.6796,35.0082,35.6309,2313976
2015-09-16,35.6309,35.9618,35.5434,35.8937,1933232
2015-09-17,35.8353,36.0201,35.3731,35.4461,1745128
2015-09-18,35.0374,35.0374,34.4634,34.5607,2924243
2015-09-21,34.6677,34.7844,34.3855,34.5509,1483015
2015-09-22,34.1423,34.1909,33.7239,33.9671,1445082
2015-09-23,33.9671,34.0839,33.5974,33.685,1962368
2015-09-24,33.2082,33.3931,32.8385,33.2958,3172967
2015-09-25,33.5974,33.7531,33.3347,33.539,1655742
2015-09-28,33.325,33.3931,32.5952,32.6439,1755449
2015-09-29,32.6439,32.7412,32.1671,32.4882,4551389
2015-09-30,32.7606,32.9844,32.2547,32.5563,4137527
2015-10-01,32.6244,32.9941,32.3909,32.9552,3214414
2015-10-02,32.5271,33.4612,32.1866,33.4612,2874229
2015-10-05,33.5682,34.0547,32.2936,33.9282,3768575
2015-10-06,33.899,34.3077,33.8406,34.2201,2678914
2015-10-07,34.4147,35.0277,34.4147,34.619,3267157
2015-10-08,34.0158,35.4461,34.0158,35.2515,2652626
2015-10-09,35.3196,35.5823,35.0958,35.378,1869885
2015-10-12,35.4072,35.4753,35.0471,35.1055,1345011
2015-10-13,34.8526,35.2417,34.7261,34.7747,2100485
2015-10-14,34.7163,35.3488,34.5898,35.0861,2180224
2015-10-15,35.2612,35.5045,34.8331,35.4753,2276535
2015-10-16,35.5336,35.6796,35.1834,35.485,2881829
2015-10-19,35.2709,35.5142,35.0374,35.1736,1713345
2015-10-20,34.9693,35.665,34.9693,35.6407,1987132
2015-10-21,35.7336,35.8902,35.2151,35.2835,2046919
2015-10-22,35.401,36.7806,35.352,36.3501,3027448
2015-10-23,36.5066,36.6338,35.9685,36.1544,2435044
2015-10-26,36.1837,36.3403,35.7434,35.8021,1393936
2015-10-27,35.538,35.6652,34.9607,35.2151,1942880
2015-10-28,35.4303,35.763,34.9802,35.4401,2714372
2015-10-29,35.401,35.7434,35.2444,35.6945,1961028
2015-10-30,35.7728,35.9098,35.5869,35.6554,3354142
2015-11-02,35.6945,36.3501,35.5184,36.262,1920913
2015-11-03,36.2522,36.4553,36.037,36.2914,1568671
2015-11-04,36.3599,36.5849,36.1104,36.2033,3811695
2015-11-05,36.2424,36.3696,35.8413,36.125,1417505
2015-11-06,35.9293,36.2424,35.7239,36.2229,1854666
2015-11-09,36.1152,36.3012,35.9,35.9783,3108408
2015-11-10,35.9587,36.1544,35.5624,35.9293,2776808
2015-11-11,36.4675,36.8002,36.3794,36.536,3205745
2015-11-12,36.2327,36.4675,35.6652,35.7141,3019099
2015-11-13,33.8941,34.8432,33.3951,34.5497,7657740
2015-11-16,34.4616,35.0879,34.3247,34.9411,5336767
2015-11-17,35.1172,35.2248,34.5986,34.716,3669092
2015-11-18,34.7356,35.1172,34.5595,35.0683,2851840
2015-11-19,35.0976,35.2151,34.8041,35.0585,1762890
2015-11-20,35.1172,35.3325,34.7063,34.8726,4387850
2015-11-23,34.3638,34.9644,34.1975,34.5497,3054837
2015-11-24,34.3931,34.5888,34.1192,34.4519,3723750
2015-11-25,34.4519,34.6182,34.0898,34.491,2654925
2015-11-27,34.5203,34.6867,34.2464,34.3931,1013097
2015-11-30,34.5203,34.9019,34.4519,34.5497,2709663
2015-12-01,34.628,34.7552,34.0311,34.2366,2732956
2015-12-02,34.1192,34.217,33.2483,33.356,4058678
2015-12-03,33.444,33.6202,32.7982,33.0135,2605407
2015-12-04,33.1114,33.307,32.7689,33.2288,3223139
2015-12-07,33.1603,33.2679,32.8667,33.1016,2067246
2015-12-08,32.7787,33.0135,32.446,32.5145,2028536
2015-12-09,32.4166,32.9254,32.2992,32.5341,1890055
2015-12-10,32.5341,32.5739,32.172,32.2503,6414774
2015-12-11,31.9959,32.2014,31.6828,31.7611,3049617
2015-12-14,31.4186,31.5067,30.8022,31.0859,5173758
2015-12-15,31.3599,31.6828,30.8316,31.1544,4835416
2015-12-16,31.2425,31.6045,31.037,31.5262,2234630
2015-12-17,31.4577,31.6143,30.5771,30.6065,3852631
2015-12-18,30.4597,30.5771,30.1759,30.1759,4127288
2015-12-21,30.4401,30.6945,30.3031,30.5086,2769403
2015-12-22,30.5869,31.2523,30.5184,31.0664,2325373
2015-12-23,31.3403,31.8589,31.3305,31.6339,3816841
2015-12-24,31.4773,31.673,31.2718,31.4088,1311011
2015-12-28,31.3501,31.6045,31.174,31.5067,1455176
2015-12-29,31.673,31.9763,31.6447,31.947,1870960
2015-12-30,31.8491,31.9861,31.4577,31.5067,1539000
2015-12-31,31.3403,31.6632,31.1936,31.2033,2016981
2016-01-04,30.763,31.218,30.7141,31.1055,3318953
2016-01-05,31.0761,31.2816,30.5575,30.7337,3283061
2016-01-06,29.9705,30.4499,29.7748,30.4401,5867713
2016-01-07,29.8139,30.1172,29.5399,29.6671,3120534
2016-01-08,29.8628,30.0683,29.5595,29.6182,3259162
2016-01-11,29.6769,29.8628,29.3932,29.628,3598855
2016-01-12,30.1368,30.626,29.6769,29.9118,4440831
2016-01-13,30.538,30.8609,29.0214,29.1681,3161830
2016-01-14,29.2366,29.8579,28.9626,29.5693,3916392
2016-01-15,28.8746,29.765,28.8746,29.6378,4019164
2016-01-19,30.1564,30.1564,29.4861,29.8628,4565414
2016-01-20,29.1092,29.6313,28.5084,29.3752,4572174
2016-01-21,29.3457,29.9467,29.1142,29.5427,2977654
2016-01-22,29.917,30.2963,29.7397,30.1337,2124423
2016-01-25,32.3699,33.8771,31.5917,33.6406,22872030
2016-01-26,33.1185,33.7391,32.5964,33.4732,8051289
2016-01-27,33.4338,34.2268,32.9609,33.1185,6547683
2016-01-28,33.5027,33.68,32.892,32.9806,4597911
2016-01-29,33.7786,34.2465,33.4338,33.8771,4978110
2016-02-01,33.68,33.9756,33.1284,33.5717,3568153
2016-02-02,33.2565,33.3353,33.0397,33.2466,4370167
2016-02-03,33.5224,34.0544,33.286,33.7687,5171325
2016-02-04,33.483,34.4977,33.3648,34.1824,4525676
2016-02-05,34.1233,34.478,33.9559,34.4583,5099564
2016-02-08,34.1726,34.3253,33.8574,34.212,3081524
2016-02-09,33.946,34.3302,33.8771,34.1332,3356726
2016-02-10,34.1824,34.478,33.5372,33.5914,4315509
2016-02-11,33.1185,33.355,32.4241,32.7541,2863483
2016-02-12,33.0299,33.1185,32.5078,33.02,4829806
2016-02-16,33.4929,33.8377,33.2171,33.6899,3212983
2016-02-17,33.6899,34.5371,33.6505,34.4287,3350264
2016-02-18,34.4386,34.5272,33.9263,33.9854,3830712
2016-02-19,33.9263,33.9854,32.6556,33.0693,7676838
2016-02-22,33.1185,33.7391,33.1185,33.6603,4195835
2016-02-23,33.4929,33.8623,33.1777,33.3156,3175773
2016-02-24,33.0496,33.9362,32.5176,33.8869,4623357
2016-02-25,34.0347,34.3696,33.5421,34.3598,4810685
2016-02-26,34.478,34.9459,34.4189,34.8818,3618477
2016-02-29,34.8129,34.9015,34.5371,34.6553,5408276
2016-03-01,34.9114,35.4827,34.8424,35.4827,4043794
2016-03-02,35.463,35.5714,35.1774,35.335,2452677
2016-03-03,35.1872,35.6157,35.1478,35.5813,2223143
2016-03-04,35.5813,35.8374,35.3744,35.7586,2901074
2016-03-07,35.6305,35.8669,35.4039,35.7881,1899800
2016-03-08,35.6305,35.7093,35.1182,35.2562,2887932
2016-03-09,35.4039,35.5813,35.3744,35.4532,1522184
2016-03-10,35.5025,35.7192,34.7439,34.8917,2161465
2016-03-11,35.0887,35.7684,35.0838,35.7389,1549267
2016-03-14,35.6896,35.9704,35.6305,35.8965,1189888
2016-03-15,35.5911,35.601,35.335,35.5517,1071668
2016-03-16,35.3744,35.9654,35.2069,35.8078,1181507
2016-03-17,35.8472,36.2511,35.7783,36.1329,1994332
2016-03-18,36.261,36.3792,35.9654,36.0147,5077773
2016-03-21,36.0935,36.0935,35.8177,35.9654,2124351
2016-03-22,35.8177,35.9654,35.5222,35.6305,3207939
2016-03-23,35.5222,35.6502,35.1478,35.1872,2425397
2016-03-24,35.0887,35.4926,34.8621,35.4729,2000614
2016-03-28,35.6305,35.8374,35.5616,35.6305,2053406
2016-03-29,35.463,35.7586,35.3744,35.6207,2890659
2016-03-30,35.9063,36.261,35.6995,36.0738,3434664
2016-03-31,36.0639,36.2807,35.8866,36.1625,2795935
2016-04-01,35.9162,36.3398,35.6798,36.261,1955114
2016-04-04,36.2216,36.3151,35.9556,35.9654,1383117
2016-04-05,35.4039,35.4039,34.4878,34.8917,5541898
2016-04-06,34.8227,34.8917,34.143,34.7144,5000801
2016-04-07,34.6159,34.9508,34.2415,34.5272,3918755
2016-04-08,34.8227,35.4138,34.803,34.8917,2453948
2016-04-11,34.9311,35.3892,34.9311,35.1084,1980531
2016-04-12,35.138,35.729,35.135,35.4335,1675399
2016-04-13,35.5517,36.261,35.4926,36.1625,2536266
2016-04-14,36.2019,36.5072,36.0048,36.4777,2821742
2016-04-15,36.5269,36.5959,36.1132,36.2413,1417413
2016-04-18,36.1329,36.5836,35.9851,36.3989,1324707
2016-04-19,36.5565,36.7732,36.1822,36.1821,3225110
2016-04-20,36.306,36.5041,35.9494,36.3159,2291087
2016-04-21,36.8508,38.7726,36.7319,38.4754,5590165
2016-04-22,38.3665,39.1342,38.3466,38.8221,3357382
2016-04-25,38.7825,38.8122,38.515,38.7726,2772057
2016-04-26,38.7825,39.2679,38.7825,39.0698,2754734
2016-04-27,39.0698,39.5354,39.0203,39.3472,2936210
2016-04-28,38.9806,39.7335,38.8419,39.0302,2443736
2016-04-29,38.525,38.5547,37.8117,38.1584,3602168
2016-05-02,38.2971,38.4655,37.8315,37.9603,2313028
2016-05-03,37.673,37.673,36.9796,37.4353,3342609
2016-05-04,37.2471,37.4353,36.6329,36.9796,3548536
2016-05-05,36.9895,37.4155,36.8607,36.8904,2581291
2016-05-06,36.5734,37.3659,36.3753,37.3065,2410982
2016-05-09,37.0985,37.4452,37.0588,37.3263,1664368
2016-05-10,37.465,38.0197,37.3461,37.9207,2625310
2016-05-11,38.0197,38.3169,37.7275,38.1188,2674551
2016-05-12,38.1188,38.6834,38.0098,38.3367,3431396
2016-05-13,38.2377,38.8122,37.8216,38.0098,1982739
2016-05-16,38.0891,40.0307,37.8612,39.8524,4917424
2016-05-17,39.6939,40.1595,39.2778,39.7434,5730781
2016-05-18,39.5453,40.2288,39.2976,39.8227,3839779
2016-05-19,39.5849,40.1297,39.3967,39.9712,2990229
2016-05-20,40.2189,40.7835,40.209,40.7439,3933887
2016-05-23,40.7736,41.0708,40.5458,40.8034,3506764
2016-05-24,40.9817,42.0317,40.9024,41.9525,3276278
2016-05-25,42.0218,42.5865,41.9822,42.2893,2980070
2016-05-26,42.5865,42.6558,42.0912,42.2298,2630738
2016-05-27,42.1902,42.4379,42.1407,42.2794,1953412
2016-05-31,42.3388,42.4577,41.9822,42.2199,2642743
2016-06-01,41.9624,42.8638,41.685,42.8341,4078818
2016-06-02,42.7945,43.0917,42.5468,43.0322,3328183
2016-06-03,42.9926,43.0322,42.4924,42.8539,2121586
2016-06-06,43.0025,43.1412,42.7053,42.9134,2966968
2016-06-07,43.0223,43.2502,42.953,43.0124,2592182
2016-06-08,43.062,43.2601,42.9134,43.0322,3023840
2016-06-09,42.7351,43.3443,42.6162,43.2799,3172848
2016-06-10,43.0223,43.4285,42.8539,43.0818,2365511
2016-06-13,43.0521,43.374,42.8737,42.8936,2686639
2016-06-14,42.844,43.161,42.6063,42.8936,2121253
2016-06-15,42.9728,43.0768,42.5865,42.6459,2040869
2016-06-16,42.4874,42.9233,42.1407,42.8341,3423099
2016-06-17,42.844,42.8638,42.4082,42.5865,2609007
2016-06-20,43.062,43.369,42.6953,42.7549,2521728
2016-06-21,42.7945,43.0421,42.6459,42.7747,2623586
2016-06-22,42.844,43.161,42.6893,43.062,1488721
2016-06-23,43.5077,43.5672,43.3393,43.5573,1699024
2016-06-24,41.9921,42.3487,41.0609,41.2095,8887508
2016-06-27,40.7637,40.8133,39.4363,39.8425,4474056
2016-06-28,40.2486,40.625,39.6245,40.5557,5789130
2016-06-29,41.2095,41.4374,40.8479,41.3086,3203987
2016-06-30,41.5067,42.4973,41.5067,42.2001,4774582
2016-07-01,42.3388,42.9332,42.2001,42.4775,2084462
2016-07-05,42.3388,42.3388,41.1402,41.1996,3520343
2016-07-06,41.0015,41.2194,40.4864,41.1699,3560866
2016-07-07,41.1699,41.4968,40.7736,41.3383,3152406
2016-07-08,41.5859,42.428,39.9415,42.3685,4759847
2016-07-11,42.5667,42.8341,42.428,42.5567,1666134
2016-07-12,42.8341,43.062,42.6162,42.6954,3217102
2016-07-13,42.7152,43.0025,42.428,42.9035,3308907
2016-07-14,43.3195,43.5474,42.9134,42.9332,2038265
2016-07-15,43.0719,43.1016,42.5518,42.7846,3139076
2016-07-18,42.9431,42.953,42.6063,42.745,1476521
2016-07-19,42.7351,42.8936,42.5667,42.8044,2122705
2016-07-20,42.8392,43.108,42.67,43.0283,3269220
2016-07-21,43.0482,45.4669,43.0482,44.3919,9195690
2016-07-22,44.3123,45.5863,44.1332,45.5465,5151217
2016-07-25,45.5266,45.5266,44.7801,44.9593,2359007
2016-07-26,44.9891,45.5067,44.9891,45.3674,2551069
2016-07-27,45.3972,45.9148,45.3375,45.5266,3130821
2016-07-28,45.3176,45.3176,44.6607,45.1982,1994475
2016-07-29,44.8,45.5366,44.7801,45.3574,2258883
2016-08-01,45.3574,45.9696,44.9991,45.5465,3112655
2016-08-02,45.3972,45.4769,44.5512,44.8,2564555
2016-08-03,44.65,44.9701,44.2798,44.9701,3362893
2016-08-04,45.0602,45.1702,44.4099,44.64,2056224
2016-08-05,44.8901,45.3903,44.8701,45.3403,1371675
2016-08-08,45.3903,45.6504,45.0902,45.1902,1204172
2016-08-09,45.3203,45.3203,44.5499,44.75,1300652
2016-08-10,44.71,44.8601,44.5099,44.7,1175316
2016-08-11,44.74,44.825,44.1998,44.5099,2689226
2016-08-12,44.3999,44.3999,43.6095,43.8296,2451749
2016-08-15,43.8596,44.2598,43.7346,44.1698,1664717
2016-08-16,44.1197,44.3048,43.5295,43.9797,3628893
2016-08-17,43.9397,44.2298,43.5895,44.1998,3280196
2016-08-18,44.1998,44.9401,44.0697,44.9301,3302790
2016-08-19,44.79,45.2252,44.64,44.9801,2754729
2016-08-22,44.81,44.9701,44.2298,44.3598,2831819
2016-08-23,44.5699,45.4703,44.5299,45.1402,6025147
2016-08-24,44.9801,45.1652,43.8696,44.1898,5568763
2016-08-25,44.0797,44.4299,44.0097,44.1397,4102716
2016-08-26,44.1397,44.4099,43.7045,43.7196,3597714
2016-08-29,43.7496,44.4199,43.7496,44.2998,3536626
2016-08-30,44.3698,44.3698,43.9497,44.0197,5933481
2016-08-31,43.8396,44.5399,43.5795,43.6995,4810878
2016-09-01,43.7496,45.0301,43.7496,45.0301,6300386
2016-09-02,45.5104,46.0806,45.3403,45.6104,27850597
2016-09-06,45.5357,46.7873,45.1439,46.7204,6146416
2016-09-07,46.6535,46.7491,44.972,45.1153,10753582
2016-09-08,45.3924,45.8414,45.163,45.7267,10999312
2016-09-09,45.4592,45.5739,43.663,43.663,12709691
2016-09-12,43.2522,44.3318,42.6407,44.0452,13340196
2016-09-13,43.4528,43.7968,42.4592,42.8509,10513709
2016-09-14,42.9178,42.9751,42.3923,42.5452,7276762
2016-09-15,42.507,42.7746,42.2394,42.3063,7446201
2016-09-16,42.4879,42.8987,42.3254,42.5643,8395746
2016-09-19,42.7172,42.7649,41.9146,42.2299,6704291
2016-09-20,42.4401,42.5261,41.8191,41.9815,7665793
2016-09-21,42.2872,42.6121,42.0063,42.5643,8083251
2016-09-22,42.9273,43.3286,42.8223,42.956,4841285
2016-09-23,42.7649,42.8987,42.4114,42.4114,5536811
2016-09-26,42.0292,42.5547,41.5898,42.3159,4386721
2016-09-27,42.3254,43.042,41.6662,42.9751,9300756
2016-09-28,43.2426,44.3032,43.0707,44.1503,9520472
2016-09-29,44.1598,44.542,43.7108,43.8637,7051552
2016-09-30,44.2267,44.7044,43.7681,44.456,6368994
2016-10-03,44.2554,44.7713,44.1503,44.2745,4764789
2016-10-04,44.3318,44.456,43.2331,43.4433,4639151
2016-10-05,43.577,44.37,43.5102,43.9019,4951312
2016-10-06,43.7395,43.8876,43.3286,43.6153,3797200
2016-10-07,43.749,43.9305,43.2235,43.2713,3851290
2016-10-10,43.4242,43.6153,42.6885,42.7458,3736371
2016-10-11,42.3445,42.8127,42.0579,42.2681,4336904
2016-10-12,42.2585,42.4592,42.0579,42.2203,3606127
2016-10-13,41.8382,41.9719,40.9783,41.5515,5997073
2016-10-14,41.8477,42.3254,41.7187,41.9241,5328612
2016-10-17,41.9337,42.8175,41.714,41.7904,10730111
2016-10-18,42.2585,42.2968,41.8991,42.0101,7937693
2016-10-19,42.2203,42.8079,42.0292,42.4019,4714125
2016-10-20,42.3923,42.5929,42.2012,42.2203,5724810
2016-10-21,41.9146,42.1917,41.5229,42.0961,3719124
2016-10-24,42.5834,42.7267,42.2203,42.4114,3601973
2016-10-25,42.2968,42.3731,41.7999,41.9528,3972577
2016-10-26,41.7713,42.2203,41.6853,42.1248,3890415
2016-10-27,42.249,42.4305,41.8812,42.0484,4656699
2016-10-28,42.0197,42.2299,41.6089,41.8095,6006887
2016-10-31,37.5387,38.8381,37.4145,38.5228,16630562
2016-11-01,38.991,39.7267,38.991,39.4209,8530978
2016-11-02,39.4018,39.6407,39.249,39.5069,7198554
2016-11-03,39.6407,39.784,38.8095,38.991,4515132
2016-11-04,39.1439,39.3445,38.8333,39.0579,5362540
2016-11-07,39.7458,40.1566,39.4305,39.7171,7389754
2016-11-08,41.0834,42.4019,40.4432,41.9815,12196069
2016-11-09,41.7522,42.4019,40.9783,41.8859,10083782
2016-11-10,42.1439,43.2904,42.1439,43.2331,9670984
2016-11-11,43.0229,43.2522,41.9719,42.1917,6603748
2016-11-14,42.2872,42.4019,41.3413,42.1057,6311338
2016-11-15,42.2872,42.6121,42.1439,42.5165,5239604
2016-11-16,42.5356,42.6025,42.2299,42.5261,4424378
2016-11-17,42.6789,42.9942,42.5547,42.7458,4809201
2016-11-18,42.6312,42.8605,42.5643,42.7172,4641822
2016-11-21,42.784,43.0229,42.6503,42.8509,4570030
2016-11-22,42.9273,43.3286,42.7649,43.2331,4480011
2016-11-23,43.2331,43.6057,43.1949,43.577,3651303
2016-11-25,43.6153,43.8446,43.5006,43.8446,1412617
2016-11-28,43.6917,44.1121,42.956,42.9656,6220382
2016-11-29,42.9178,43.8254,42.9178,43.3573,5292583
2016-11-30,43.5197,43.7777,42.9751,42.9751,4012877
2016-12-01,43.0898,43.7681,43.0898,43.6917,6192050
2016-12-02,43.6344,43.7394,42.9751,43.3,4771381
2016-12-05,43.3668,43.8589,42.5643,42.6407,6506377
2016-12-06,42.4974,42.4974,41.4751,42.1343,9801836
2016-12-07,42.3732,42.5165,41.7713,42.2968,6694691
2016-12-08,42.1057,42.2585,41.5897,41.7044,5674174
2016-12-09,41.7331,41.8955,41.5659,41.7808,5066927
2016-12-12,41.6367,42.0883,41.5694,41.6944,4725129
2016-12-13,41.9442,42.1364,41.6367,41.7424,5776001
2016-12-14,41.4926,42.1007,41.2331,41.31,5263071
2016-12-15,41.3004,41.6751,40.7238,40.7623,8167495
2016-12-16,40.8199,41.0025,40.3106,40.4355,12472765
2016-12-19,40.4452,40.8199,40.2914,40.6566,4807779
2016-12-20,40.9833,41.2716,40.5413,41.1947,4318132
2016-12-21,41.3196,41.7904,41.1274,41.137,5183759
2016-12-22,41.1274,41.4541,40.8076,40.9448,3817055
2016-12-23,40.9929,41.089,40.7238,40.8391,2422552
2016-12-27,40.7911,41.0313,40.6191,40.7142,3172317
2016-12-28,40.868,41.1082,40.1569,40.2241,4058442
2016-12-29,40.1665,40.4452,39.7725,40.0512,3151407
2016-12-30,40.1665,40.3587,39.3881,39.5803,4885590
2017-01-03,40.0031,40.8776,39.8494,40.7719,9454531
2017-01-04,40.7815,40.9256,40.5797,40.8295,5106778
2017-01-05,40.8007,40.9737,40.1665,40.301,5184847
2017-01-06,40.3106,41.4637,40.3106,41.1178,6010175
2017-01-09,40.9544,41.0794,40.6979,40.9352,3569930
2017-01-10,41.1562,41.925,40.9623,41.9058,10411766
2017-01-11,41.9538,42.6808,41.8865,42.3574,14690571
2017-01-12,42.4631,42.4919,41.3965,42.0787,5546912
2017-01-13,42.0499,42.2805,41.925,41.9538,4866232
2017-01-17,41.8097,41.8481,41.2043,41.4253,4710348
2017-01-18,41.4637,41.6847,41.2139,41.4061,3998108
2017-01-19,41.3773,41.5118,40.9028,41.1947,3193504
2017-01-20,41.4157,41.7808,40.8487,41.2235,5968377
2017-01-23,41.0313,41.579,40.9833,41.5502,4863407
2017-01-24,41.6944,42.4631,41.6655,42.2325,5366971
2017-01-25,42.5207,42.8667,42.2325,42.4631,4290781
2017-01-26,42.4054,42.6457,42.1076,42.5688,5391522
2017-01-27,42.8859,42.9532,41.9202,42.0211,4716685
2017-01-30,42.0211,42.0883,41.4061,42.0595,4153610
2017-01-31,41.8865,42.7994,41.4061,42.2613,9406909
2017-02-01,41.5118,41.6271,40.5989,40.8391,10608813
2017-02-02,40.8199,40.9064,40.3683,40.647,7591098
2017-02-03,40.6662,41.0217,40.4548,40.9929,6130012
2017-02-06,40.9256,41.089,40.3683,40.647,6650697
2017-02-07,40.8584,40.9833,39.4074,39.6188,8410645
2017-02-08,39.6188,39.7245,39.2152,39.4074,7211430
2017-02-09,39.465,39.9311,39.3593,39.6956,5818972
2017-02-10,39.7245,40.4259,39.5611,40.2145,6262651
2017-02-13,40.3875,40.4452,39.9743,40.1184,4764402
2017-02-14,39.9839,40.1665,39.3497,39.8686,6170341
2017-02-15,39.7341,40.0992,39.0422,39.9935,8504316
2017-02-16,39.9935,40.1761,39.7629,40.0512,5548953
2017-02-17,39.9551,40.4932,39.8206,40.2722,5994423
2017-02-21,40.4355,41.1274,40.3491,40.9641,6770852
2017-02-22,40.7142,40.8334,40.2866,40.522,4387719
2017-02-23,40.7142,40.7142,39.8398,39.8686,5052925
2017-02-24,39.7629,40.1857,39.638,40.1857,4854391
2017-02-27,40.0896,40.6181,40.08,40.5893,3628268
2017-02-28,40.522,40.8776,40.2434,40.301,7027177
2017-03-01,40.5989,41.1755,40.5989,41.0121,4738145
2017-03-02,40.9641,41.0601,40.5749,40.6181,3384202
2017-03-03,40.5509,40.5797,40.2049,40.4163,3279128
2017-03-06,40.0224,40.1953,39.8494,40.1281,4173550
2017-03-07,40.0127,40.2818,39.7629,39.8494,3810599
2017-03-08,39.8398,39.9935,39.4938,39.5323,4517619
2017-03-09,39.6476,39.7149,38.8596,39.2248,4723620
2017-03-10,39.4938,40.6181,39.0422,39.6188,5340920
2017-03-13,39.2152,39.6476,39.0807,39.6284,5567614
2017-03-14,39.4554,39.5323,39.1287,39.2921,3517576
2017-03-15,39.5131,40.4067,39.4074,40.2914,4746810
2017-03-16,40.4932,40.7911,40.0608,40.1377,5082411
2017-03-17,40.3202,40.4162,40.0608,40.3298,7041170
2017-03-20,40.5619,41.0355,40.3879,40.8615,5224743
2017-03-21,40.9872,41.1467,39.9529,40.0012,7114036
2017-03-22,40.0012,40.499,39.7402,40.4169,3972395
2017-03-23,40.3395,40.6682,40.0302,40.1172,4278708
2017-03-24,40.0689,40.0689,39.4309,39.8465,5944453
2017-03-27,39.4695,40.1317,39.3052,39.9819,3659038
2017-03-28,39.8465,40.5522,39.7257,40.3492,4177830
2017-03-29,40.3395,40.9485,40.2042,40.8422,3467525
2017-03-30,40.7745,40.9872,40.5135,40.7359,2945109
2017-03-31,40.7455,40.9679,40.5715,40.7165,3800317
2017-04-03,40.7455,40.8615,39.6145,39.7982,5869763
2017-04-04,39.7209,40.1462,39.5855,39.9239,3164764
2017-04-05,40.1269,40.5232,39.5952,39.6145,3276530
2017-04-06,39.6532,40.035,39.5275,39.8079,4143877
2017-04-07,39.7692,39.9422,39.5179,39.6242,3282512
2017-04-10,39.6629,40.0785,39.5662,39.7499,3297767
2017-04-11,39.7305,39.9045,39.6126,39.8465,4184813
2017-04-12,39.8175,39.8852,39.3245,39.5372,3432744
2017-04-13,39.4792,39.6435,39.2472,39.2472,2526635
2017-04-17,39.2762,39.7499,39.0152,39.7209,4277077
2017-04-18,39.5469,40.1365,39.4792,39.9722,3707380
2017-04-19,40.2139,40.3492,39.8079,39.9045,3809619
2017-04-20,40.1365,40.5425,40.0109,40.3395,2947836
2017-04-21,40.3105,40.7552,40.2042,40.6392,3904815
2017-04-24,41.0839,41.6639,40.9679,41.4802,5542750
2017-04-25,41.5575,41.9346,41.5575,41.7605,4372460
2017-04-26,41.7219,42.1569,41.5962,41.6155,5503542
2017-04-27,40.5329,41.2385,39.9529,40.7552,7485695
2017-04-28,40.8132,40.8712,40.035,40.1849,6319857
2017-05-01,40.3782,40.4555,39.9529,40.1269,5670345
2017-05-02,40.1849,40.4362,39.8079,40.0785,4911534
2017-05-03,39.9625,40.2719,39.7315,40.2235,4932548
2017-05-04,40.3492,40.4169,40.0553,40.0882,3219655
2017-05-05,40.1945,40.6005,40.1945,40.5715,3315928
2017-05-08,40.5039,40.6972,40.446,40.6199,2620390
2017-05-09,40.6005,40.7359,40.4555,40.6102,4376536
2017-05-10,40.5329,41.05,40.5039,40.9969,4423121
2017-05-11,40.7552,40.8905,40.3492,40.5135,2916011
2017-05-12,40.4749,40.7262,40.2622,40.6392,4340051
2017-05-15,40.6295,41.2965,40.6295,41.0355,6970743
2017-05-16,41.1902,41.3062,40.5619,40.6682,4339260
2017-05-17,40.2332,40.2622,39.8562,39.9529,4670953
2017-05-18,40.0012,40.5522,39.8659,40.3782,4568828
2017-05-19,40.4265,41.5092,40.3975,41.1805,7334164
2017-05-22,41.3835,41.6059,41.1806,41.2192,2897693
2017-05-23,41.3159,41.3159,40.5425,40.5812,3503456
2017-05-24,40.5619,40.6924,40.3492,40.6199,2979089
2017-05-25,40.7552,40.9485,40.5374,40.7552,4372385
2017-05-26,40.6779,40.7939,40.5425,40.6295,3261466
2017-05-30,40.5909,40.673,40.3975,40.5812,2524950
2017-05-31,40.6779,40.7069,40.1825,40.3685,4880327
2017-06-01,40.5715,40.8615,40.3879,40.7745,4135459
2017-06-02,40.8035,41.0549,40.6779,40.8422,3091458
2017-06-05,40.6682,40.9775,40.6295,40.6392,6086745
2017-06-06,40.4555,40.4749,39.8562,39.8852,5939679
2017-06-07,39.9625,40.0302,39.4212,39.7885,6530274
2017-06-08,39.7595,39.9951,39.7209,39.8949,3944191
2017-06-09,39.7209,40.6875,39.5759,40.6682,4641648
2017-06-12,40.4169,40.5619,39.8562,40.0882,7140442
2017-06-13,40.0495,40.5522,40.0109,40.5232,4885884
2017-06-14,40.6102,40.6924,40.1945,40.4652,4668485
2017-06-15,40.1172,40.5957,40.1172,40.5425,4168296
2017-06-16,40.5619,40.7359,40.238,40.4652,5166480
2017-06-19,40.7359,41.2772,40.7359,41.1225,5602627
2017-06-20,40.8905,40.9099,40.4845,40.6102,4473697
2017-06-21,40.6779,40.7649,40.0205,40.0689,4206318
2017-06-22,40.0302,40.7069,39.9045,40.4265,3927762
2017-06-23,40.5425,40.6199,40.2815,40.4265,16759588
2017-06-26,40.5821,41.2532,40.5821,41.1462,5475309
2017-06-27,41.117,41.117,40.8739,40.9906,4371256
2017-06-28,41.2921,41.7491,41.224,41.7005,5718623
2017-06-29,41.7005,41.8464,41.1656,41.3796,4899923
2017-06-30,41.6227,42.5077,41.6032,42.1673,5918521
2017-07-03,42.4104,42.5368,41.929,42.0603,2933859
2017-07-05,42.1089,42.4979,42.0214,42.3715,3759104
2017-07-06,42.284,42.3132,41.8464,41.8658,2697547
2017-07-07,41.9533,42.1284,41.8221,41.9728,2760524
2017-07-10,41.9631,42.5855,41.8755,42.1867,3164486
2017-07-11,42.1187,42.2645,41.6859,41.895,5877472
2017-07-12,42.1381,42.5077,42.1187,42.2062,2813370
2017-07-13,42.1089,42.5709,42.1089,42.3521,3331507
2017-07-14,42.3521,42.8772,42.1867,42.6633,3443319
2017-07-17,42.6341,42.9647,42.5879,42.8772,2973719
2017-07-18,42.7605,42.8675,42.5757,42.7897,3553421
2017-07-19,42.8578,42.9453,42.6438,42.9356,2986773
2017-07-20,42.9453,43.0231,42.6633,42.8967,2876943
2017-07-21,42.8286,43.0523,42.6924,42.9745,3006415
2017-07-24,42.8869,42.9745,42.6924,42.7897,3308467
2017-07-25,43.1301,43.1495,42.7216,42.9647,4867118
2017-07-26,42.8675,42.9647,42.1187,42.1284,7298484
2017-07-27,38.9094,39.386,37.6841,39.0359,17869955
2017-07-28,38.9386,39.0942,37.83,38.5496,14471829
2017-07-31,38.5496,38.5982,37.5869,37.8786,8509206
2017-08-01,38.3357,38.3357,37.8397,38.0925,6439660
2017-08-02,37.5382,38.394,37.4507,38.287,5682631
2017-08-03,38.2579,38.4232,37.7036,38.3746,4998570
2017-08-04,38.3357,38.3357,37.8397,38.0925,6439660
2017-08-07,38.1222,38.783,38.0828,38.6858,5036535
2017-08-08,38.6221,38.8803,38.3259,38.5204,5272855
2017-08-09,38.3746,38.535,38.2287,38.3648,3493821
2017-08-10,38.112,38.3259,37.7425,37.8203,4337093
2017-08-11,37.9272,38.0293,37.5869,37.6063,2936758
2017-08-14,37.8786,37.9126,37.4799,37.5869,3155273
2017-08-15,37.4118,37.441,36.7116,36.7894,6708243
2017-08-16,36.8769,36.9256,36.3421,36.5171,9637725
2017-08-17,36.4199,36.6727,35.8072,35.8753,10463457
2017-08-18,35.8558,36.3907,35.7294,36.0309,4523953
2017-08-21,36.1281,37.7619,36.1195,37.2173,13091925
2017-08-22,37.2854,37.5869,36.7311,37.5577,8637403
2017-08-23,37.3146,37.7716,37.2173,37.4993,6255028
2017-08-24,37.5771,37.7716,37.3729,37.5285,5425734
2017-08-25,37.8008,38.0439,37.6549,37.7619,3941935
2017-08-28,37.8397,37.9175,37.548,37.7716,2652650
2017-08-29,37.6355,37.806,37.4167,37.6841,2576848
2017-08-30,37.8591,38.1412,37.616,38.0634,3427063
2017-08-31,38.2579,38.8997,38.1801,38.501,7634270
2017-09-01,38.5788,38.9678,38.4037,38.7927,3953925
2017-09-05,38.7927,39.0164,38.6663,38.8997,4168189
2017-09-06,38.9386,39.2304,38.4621,38.5302,5104074
2017-09-07,38.7052,38.7052,37.9661,38.1314,3533524
2017-09-08,38.1217,38.394,37.8883,38.0828,4264778
2017-09-11,38.2579,38.5593,37.9953,38.3162,4681795
2017-09-12,38.3843,39.0067,38.3358,38.8997,2877219
2017-09-13,38.9775,38.9921,38.6031,38.8025,3028405
2017-09-14,38.6663,39.0067,38.5204,38.997,4057174
2017-09-15,38.9192,38.997,38.5739,38.7149,6186135
2017-09-18,38.783,38.783,38.1995,38.4815,5758707
2017-09-19,38.5496,38.5496,37.8786,37.9661,5653598
2017-09-20,38.1023,39.2109,38.1023,38.6566,5681526
2017-09-21,38.7247,38.9289,38.4232,38.8803,3170836
2017-09-22,38.939,39.0956,38.6454,39.0368,2617293
2017-09-25,39.0368,39.2717,38.8803,39.2619,3752547
2017-09-26,39.1641,40.2405,39.0662,40.0644,6581989
2017-09-27,40.221,40.309,39.5261,39.5849,6322414
2017-09-28,39.4381,39.5359,38.4644,39.2032,6972866
2017-09-29,39.1445,39.487,38.9096,39.4283,3899303
2017-10-02,39.5555,39.8882,39.4479,39.5849,3492387
2017-10-03,39.6338,39.8687,39.35,39.6044,3773887
2017-10-04,39.6827,40.1231,39.4283,40.0742,3854077
2017-10-05,40.035,40.5733,39.9205,40.3188,3645930
2017-10-06,40.2895,40.4167,40.1133,40.1916,3167745
2017-10-09,40.2307,40.3188,39.6534,39.7317,2932312
2017-10-10,39.7904,41.0332,39.7904,40.6026,8196063
2017-10-11,40.6124,40.7592,40.2993,40.4656,3866685
2017-10-12,40.2699,40.5928,40.1329,40.5048,2884427
2017-10-13,40.5635,40.8766,40.4656,40.7983,3202348
2017-10-16,40.9256,40.9647,40.5243,40.8571,2965096
2017-10-17,40.7298,40.8375,40.2161,40.3188,3429232
2017-10-18,39.9959,40.2993,39.761,39.7904,3736411
2017-10-19,39.8002,40.4656,39.7317,40.358,3588609
2017-10-20,40.5733,41.0332,40.4656,40.7298,4016738
2017-10-23,40.7396,40.8864,40.5635,40.7201,3016201
2017-10-24,40.7005,41.2828,40.5635,41.0626,4193570
2017-10-25,41.0626,41.2191,39.9078,40.3188,4106928
2017-10-26,40.6026,41.4051,40.5243,41.2681,5360756
2017-10-27,41.2191,41.6889,41.1311,41.5029,3886394
2017-10-30,41.2779,41.5421,40.9402,41.2387,4778245
2017-10-31,41.0821,41.0821,40.358,40.5048,5013394
2017-11-01,40.8668,40.9549,40.221,40.3188,3969590
2017-11-02,40.2699,40.5145,39.6925,39.7806,3376948
2017-11-03,39.6436,40.1035,39.4674,39.8099,3561173
2017-11-06,39.9665,40.4656,39.8589,40.2112,3468374
2017-11-07,40.3384,40.6711,39.898,40.1133,4198097
2017-11-08,40.0057,40.2944,39.8099,40.1231,3617333
2017-11-09,39.35,40.3775,37.4613,37.6864,10586212
2017-11-10,36.9915,36.9915,35.6998,36.1401,13793684
2017-11-13,35.8466,35.8759,35.083,35.23,11405109
2017-11-14,35.0832,35.3964,34.8582,35.1224,12358421
2017-11-15,34.7309,35.0441,33.7719,34.9658,10840306
2017-11-16,35.0539,35.4453,34.6037,35.367,5557164
2017-11-17,35.1909,35.7585,34.9658,35.6117,5414720
2017-11-20,35.9542,36.0031,35.1322,35.2888,4311627
2017-11-21,35.2398,35.5726,34.9658,35.23,4548518
2017-11-22,35.23,36.0374,35.23,36.0031,5848244
2017-11-24,36.0227,36.1499,35.783,36.1206,1935552
2017-11-27,36.1401,36.4533,35.9053,36.2967,6357792
2017-11-28,36.4533,37.7059,36.2478,37.5983,6661308
2017-11-29,37.5396,37.6766,37.0894,37.2753,4917409
2017-11-30,37.3928,37.4906,36.652,36.835,8348304
2017-12-01,36.923,37.0111,35.9836,36.6197,6359751
2017-12-04,36.9133,36.9818,36.512,36.6295,8025307
2017-12-05,36.6197,36.6539,36.2282,36.3359,6577667
2017-12-06,36.3359,36.8839,36.2831,36.4435,5860811
2017-12-07,36.8741,37.0992,36.4142,36.561,5506556
2017-12-08,35.9346,36.649,35.7389,36.6099,7141668
2017-12-11,36.4924,37.2166,36.4881,36.9035,4515693
2017-12-12,36.923,37.4711,36.649,37.4319,6617588
2017-12-13,37.2753,37.4026,36.8447,36.8545,5143601
2017-12-14,36.7762,36.9035,36.5707,36.6099,3072066
2017-12-15,36.7873,36.9351,36.2551,36.7183,8063022
2017-12-18,36.9844,37.2012,36.6493,36.9646,5518716
2017-12-19,37.0139,37.1026,36.6592,36.9154,6150316
2017-12-20,36.9646,37.3096,36.8858,37.1026,4742861
2017-12-21,37.2012,37.5264,37.0928,37.4475,5973404
2017-12-22,37.4475,37.6545,37.3243,37.5559,4355188
2017-12-26,37.5559,37.7333,37.3293,37.349,3642275
2017-12-27,37.349,37.4672,37.0829,37.3687,5233869
2017-12-28,37.3391,37.6348,37.1617,37.6249,3758399
2017-12-29,37.6446,37.7924,37.4869,37.5559,3886212
2018-01-02,37.7629,37.9008,37.2012,37.6742,5874982
2018-01-03,37.6151,38.502,37.5362,38.3936,4805087
2018-01-04,38.7286,39.5515,38.5907,39.2706,10941933
2018-01-05,38.7483,39.3396,37.4968,37.8614,9508757
2018-01-08,37.6545,38.5907,37.5855,38.3739,5222870
2018-01-09,38.4231,38.5956,38.1078,38.1866,7898084
2018-01-10,38.3049,38.6202,37.9008,38.4921,4825563
2018-01-11,38.4823,39.0341,38.4823,38.9848,3776414
2018-01-12,39.0834,39.3889,38.8666,39.2214,5939625
2018-01-16,39.3495,39.7338,39.2805,39.586,7696859
2018-01-17,39.586,39.6845,38.8075,38.9553,9552419
2018-01-18,38.1571,39.1031,37.9895,38.7188,9700546
2018-01-19,38.768,38.7878,38.1176,38.3344,10415894
2018-01-22,38.3344,38.6399,38.0388,38.6301,6868488
2018-01-23,38.975,39.9802,38.7779,39.8816,7437644
2018-01-24,39.8816,40.0984,39.4283,40.0097,5648623
2018-01-25,40.1575,40.2955,39.6944,40.197,4054661
2018-01-26,40.3546,40.9262,40.197,40.8277,8190400
2018-01-29,40.6601,40.8375,39.8126,39.8718,5990194
2018-01-30,39.6451,39.8274,38.7286,39.2608,6945827
2018-01-31,39.5958,39.8225,37.8023,38.5611,8171757
2018-02-01,38.226,39.6201,38.2162,39.2312,8174205
2018-02-02,38.8469,39.3445,38.837,38.9553,5307497
2018-02-05,38.7582,38.9651,36.9252,36.9745,7449859
2018-02-06,36.3734,37.4475,35.9299,37.073,7436124
2018-02-07,36.9646,37.6791,36.9055,37.0533,5186837
2018-02-08,37.0632,37.1716,35.9989,36.0186,5363389
2018-02-09,36.4325,36.5902,34.9149,35.7624,8006874
2018-02-12,36.0482,37.0829,35.9891,36.8661,8824991
2018-02-13,36.7183,37.2701,36.5902,36.8464,4508453
2018-02-14,36.5606,37.1322,36.5606,36.9646,7114222
2018-02-15,37.2012,37.7037,36.9055,37.6348,6726076
2018-02-16,37.6151,38.2753,37.5362,37.8614,5131168
2018-02-20,37.6348,37.9107,37.2012,37.3194,3563741
2018-02-21,37.3096,37.9895,37.2701,37.2997,2956048
2018-02-22,37.5461,38.1127,37.28,37.4278,3766282
2018-02-23,37.5756,38.2852,37.4968,38.2556,3319350
2018-02-26,38.3049,38.433,37.8417,38.1768,3046056
2018-02-27,38.1669,38.4231,37.4672,37.4672,3527462
2018-02-28,37.4771,37.6241,36.329,36.334,4555444
2018-03-01,36.334,36.334,34.5503,35.3781,9791625
2018-03-02,34.9937,35.8215,34.4813,35.7427,6717177
2018-03-05,35.5554,36.4818,35.516,36.3832,5658790
2018-03-06,36.5113,36.9942,36.334,36.8464,3705579
2018-03-07,36.3832,36.6099,35.8018,36.531,4190371
2018-03-08,36.6394,37.1026,36.4916,37.0829,3926715
2018-03-09,37.2603,37.9797,37.1223,37.9797,3016616
2018-03-12,38.6794,38.9356,37.8713,38.1373,6003179
2018-03-13,38.4428,39.113,38.2457,38.3147,4590151
2018-03-14,38.4823,38.4823,36.6099,36.6789,7578476
2018-03-15,36.7478,36.7971,36.2354,36.5113,5288675
2018-03-16,36.4518,36.6304,36.2831,36.422,7465126
2018-03-19,36.4121,36.5808,35.8564,36.1342,4150954
2018-03-20,36.1541,36.2335,35.3403,35.5785,7017718
2018-03-21,35.7075,36.4816,35.5785,36.0548,4170481
2018-03-22,35.7472,36.1392,35.1617,35.2311,6112816
2018-03-23,35.2311,35.4197,33.9509,34.07,5598107
2018-03-26,34.457,34.7349,33.6333,34.6754,5403861
2018-03-27,34.596,34.854,33.8318,34.0601,4581636
2018-03-28,34.1692,34.2982,33.6631,34.0303,6098111
2018-03-29,34.1593,35.2063,34.1593,34.9731,4209254
2018-04-02,34.7945,34.8738,33.2959,33.673,4588478
2018-04-03,33.7226,34.199,33.3157,34.1692,4654956
2018-04-04,33.6532,34.8242,33.5142,34.7349,4005510
2018-04-05,33.9013,34.8738,33.6631,34.3379,5741054
2018-04-06,34.1593,34.2585,33.1768,33.3852,4806239
2018-04-09,33.5539,33.7127,32.9783,33.0081,4831243
2018-04-10,33.4051,33.802,33.1867,33.4646,9491924
2018-04-11,33.2264,34.2089,33.0379,34.0402,4901439
2018-04-12,34.1196,34.1891,33.8169,33.9509,4674779
2018-04-13,34.2982,34.4074,33.6532,33.8219,4627566
2018-04-16,33.9707,34.5364,33.9112,34.4372,5453202
2018-04-17,34.5265,34.5761,33.9906,34.0303,3716758
2018-04-18,34.199,34.3479,33.9906,34.1792,3692787
2018-04-19,33.941,34.0601,33.5241,33.7524,4021956
2018-04-20,33.9707,34.3677,33.8311,34.0104,6002497
2018-04-23,34.0303,34.2883,33.7425,33.8913,5283374
2018-04-24,34.0402,34.1494,32.7352,33.018,5633636
2018-04-25,32.8691,33.5341,32.6419,33.5341,5152806
2018-04-26,33.5738,34.1792,33.3951,34.0799,5538917
2018-04-27,33.9707,34.4273,33.7028,34.2089,5021722
2018-04-30,34.1792,34.3627,33.5837,33.6135,5415911
2018-05-01,34.328,35.6976,34.0898,35.6678,8402514
2018-05-02,35.6876,35.7273,34.725,35.0426,6465313
2018-05-03,34.8738,35.3701,34.3677,35.122,5149479
2018-05-04,34.8639,36.0499,34.7746,35.9754,4309809
2018-05-07,36.0449,36.5907,35.9783,36.3724,7192238
2018-05-08,36.0548,36.3029,35.777,36.0151,5289771
2018-05-09,36.0251,36.3327,35.6976,35.9953,3403557
2018-05-10,36.0648,36.6106,36.035,36.4419,3358746
2018-05-11,36.4717,36.5163,35.9109,36.0251,3429994
2018-05-14,36.0449,36.5262,36.0251,36.2037,2814583
2018-05-15,35.906,36.1243,35.7968,35.9953,3023936
2018-05-16,35.9854,36.3526,35.8564,36.1442,3918049
2018-05-17,36.1541,36.5014,36.0548,36.2335,3624183
2018-05-18,36.1739,36.2831,35.5189,35.6777,6234615
2018-05-21,35.896,36.1144,35.3601,35.4594,6019956
2018-05-22,35.4991,35.6777,34.8937,34.9235,6522586
2018-05-23,34.7349,34.8441,33.6035,33.9608,7769035
2018-05-24,33.9608,34.3876,33.8219,34.1593,4105445
2018-05-25,34.1891,34.8565,34.0998,34.3776,5770731
2018-05-29,34.0898,34.3082,33.5539,33.802,4750467
2018-05-30,34.0998,34.4009,33.7921,34.1494,3134053
2018-05-31,34.2089,34.2288,33.2165,33.3058,4499540
2018-06-01,33.5142,33.7822,33.2066,33.4745,4280766
2018-06-04,33.7127,33.8715,33.5539,33.8219,3457773
2018-06-05,33.941,34.2784,33.9013,34.2486,3242988
2018-06-06,34.2089,34.457,33.9807,34.3082,4446087
2018-06-07,34.4074,34.7051,34.2883,34.6754,3243272
2018-06-08,34.6853,34.8937,34.5315,34.8738,3546080
2018-06-11,34.8639,35.1517,34.586,34.8242,3115749
2018-06-12,34.9235,34.9929,34.606,34.9235,3487459
2018-06-13,34.9731,34.9731,34.3975,34.6555,4841110
2018-06-14,34.7349,34.8937,34.5116,34.6257,2792129
2018-06-15,34.6257,34.8143,33.7425,34.7746,7689961
2018-06-18,34.3975,34.467,34.0501,34.2784,3943662
2018-06-19,34.0501,34.3181,33.678,34.2387,5156952
2018-06-20,34.4769,34.9929,34.2486,34.983,5432851
2018-06-21,34.9632,34.9632,33.9906,34.07,6162430
2018-06-22,34.24,34.52,33.98,33.99,4389574
2018-06-25,33.93,34.5,33.52,34.36,4667066
2018-06-26,34.42,34.51,34.035,34.16,2854802
2018-06-27,34.15,34.35,33.53,33.53,3967905
2018-06-28,33.53,33.55,32.9,33.29,4075627
2018-06-29,33.48,33.7458,33.3,33.45,4480920
2018-07-02,33.15,33.35,32.93,33.32,3427133
2018-07-03,33.49,34.21,33.45,33.63,2515167
2018-07-05,33.72,34.33,33.57,34.22,3512522
2018-07-06,34.23,34.78,34.2,34.64,3116872
2018-07-09,34.69,35.27,34.4,34.96,2524672
2018-07-10,34.99,34.99,34.51,34.87,2736838
2018-07-11,34.56,34.56,33.97,34.16,3341639
2018-07-12,34.29,34.82,33.93,34.74,3452861
2018-07-13,34.72,35.29,34.72,35.12,3410630
2018-07-16,35.13,35.22,34.555,34.76,2650511
2018-07-17,34.61,35.44,34.54,35.31,4340632
2018-07-18,35.24,35.47,35.02,35.42,4181520
2018-07-19,35.31,35.99,35.25,35.85,4666335
2018-07-20,35.7,36.34,35.57,36.14,4923114
2018-07-23,35.98,36.18,35.54,35.56,3540720
2018-07-24,35.69,35.87,35.41,35.52,2395152
2018-07-25,35.36,35.71,35.115,35.46,4444680
2018-07-26,35.47,35.99,35.18,35.72,3156604
2018-07-27,35.84,36.11,35.69,36.06,2919398
2018-07-30,36.11,36.63,36.05,36.46,5506664
2018-07-31,36.53,37.645,36.16,37.51,8142115
2018-08-01,36.95,38.16,36.95,37.68,7858546
2018-08-02,37.46,37.99,37.32,37.81,3956348
2018-08-03,37.99,38.1,37.15,37.94,4375720
2018-08-06,38.01,38.1,37.58,37.69,3438101
2018-08-07,37.79,38.36,37.62,37.86,3863505
2018-08-08,37.8,37.9,37.29,37.32,4247804
2018-08-09,37.31,37.88,37.24,37.33,4464191
2018-08-10,37.17,37.2,36.65,36.9,3738739
2018-08-13,36.96,37.05,36.37,36.65,4529853
2018-08-14,36.72,37.21,36.72,36.99,2648401
2018-08-15,36.41,37.64,36.41,37.55,4455528
2018-08-16,37.57,37.86,37.45,37.62,3760332
2018-08-17,37.64,38.47,37.6061,38.25,4218677
2018-08-20,38.31,38.81,38.225,38.74,4513499
2018-08-21,39.0,40.325,38.8,40.01,9581158
2018-08-22,39.95,39.96,39.08,39.61,5858276
2018-08-23,39.45,39.59,39.085,39.14,3791863
2018-08-24,39.16,39.37,39.11,39.21,3067118
2018-08-27,39.36,40.08,39.36,39.72,5158017
2018-08-28,39.75,39.825,38.73,38.93,7477223
2018-08-29,38.89,39.05,38.385,38.42,20122576
2018-08-30,38.28,38.49,37.535,37.65,6062079
2018-08-31,37.56,38.11,37.52,37.77,4383686
2018-09-04,37.75,37.85,37.49,37.77,3487568
2018-09-05,37.63,38.3,37.59,38.27,6946057
2018-09-06,38.28,38.9,38.13,38.83,6881597
2018-09-07,38.51,38.72,38.21,38.3,4213498
2018-09-10,38.69,38.91,38.39,38.4,2887060
2018-09-11,37.5,37.88,37.12,37.6,4913273
2018-09-12,37.6,37.64,37.26,37.57,3481517
2018-09-13,37.88,38.02,37.58,37.94,3788823
