date,open,high,low,close,volume
2013-09-16,77.9453,78.0673,77.4224,77.5967,7580544
2013-09-17,77.6141,77.7623,77.2045,77.6228,6292099
2013-09-18,77.4921,78.3637,76.9604,78.3637,10115451
2013-09-19,78.4857,78.6164,78.2591,78.5031,6721349
2013-09-20,78.6164,79.0696,78.1632,78.1632,14709212
2013-09-23,77.9453,78.2242,77.4049,77.649,7376343
2013-09-24,77.588,77.7449,76.8297,76.8907,7626473
2013-09-25,77.065,77.1086,75.8884,75.8971,7493027
2013-09-26,76.0714,76.4403,75.5833,75.8884,6400181
2013-09-27,75.6618,75.7751,75.3393,75.5921,5461071
2013-09-30,75.2434,75.7838,75.0865,75.5572,7962314
2013-10-01,75.47,76.2545,75.1824,76.237,6318781
2013-10-02,75.9407,76.0801,75.3393,76.0801,6383361
2013-10-03,75.993,76.176,75.1998,75.4613,7731275
2013-10-04,75.6705,76.1891,75.4439,76.0976,6049955
2013-10-07,75.5659,75.8099,75.2086,75.47,5705238
2013-10-08,75.4962,75.6008,74.581,74.6159,8711718
2013-10-09,74.8948,75.1563,74.52,74.9209,8014226
2013-10-10,75.5833,76.5072,75.5659,76.5072,8647855
2013-10-11,77.2393,77.9889,76.7164,77.9627,8447844
2013-10-14,77.4224,78.3462,77.2481,78.2678,9184293
2013-10-15,78.7297,79.7146,78.3811,78.3811,11024237
2013-10-16,78.8082,79.4619,78.5816,79.4096,8059465
2013-10-17,79.2004,80.1853,79.1132,80.1591,8569649
2013-10-18,79.9674,80.2289,79.4357,79.8628,9082602
2013-10-21,79.8628,79.8628,79.1132,79.488,6940488
2013-10-22,79.7756,80.6734,79.7451,80.499,9635464
2013-10-23,80.2463,80.56,79.7669,80.2724,6449625
2013-10-24,80.7518,81.0481,80.3073,80.4903,5251016
2013-10-25,80.2201,80.4206,79.9935,80.2637,6076014
2013-10-28,80.1504,80.8825,80.1155,80.5252,6537894
2013-10-29,80.8825,81.2094,80.6908,81.1789,6096833
2013-10-30,81.2922,81.4491,80.7518,80.8738,6295422
2013-10-31,80.9261,81.3619,80.4642,80.7169,7773908
2013-11-01,80.5166,81.5623,80.5166,81.3793,6835898
2013-11-04,81.4578,81.4926,80.56,81.083,6862530
2013-11-05,80.6559,81.0133,80.4293,80.8912,5357054
2013-11-06,81.083,81.2312,80.8128,81.0917,5301288
2013-11-07,81.2224,81.3619,80.7867,80.7867,6121393
2013-11-08,80.7344,82.0156,80.6734,81.972,7229531
2013-11-11,81.9023,82.4862,81.8761,82.1812,4723227
2013-11-12,81.911,82.0069,81.0569,81.5449,7643136
2013-11-13,81.3706,81.4491,80.4642,81.3532,8954411
2013-11-14,81.4055,82.0504,81.4055,81.8587,7045742
2013-11-15,81.6059,82.2771,81.5362,82.2683,7068584
2013-11-18,82.2422,82.4514,81.9371,82.1899,8491988
2013-11-19,82.1638,82.7303,81.9284,82.678,6624211
2013-11-20,82.7477,83.2097,82.5037,82.9307,7085659
2013-11-21,83.2009,83.4537,82.841,82.9743,6897627
2013-11-22,82.8427,83.8871,82.8427,83.5975,6462244
2013-11-25,83.8081,84.247,83.4483,83.931,6375396
2013-11-26,83.8871,84.1416,83.3517,83.4307,7267610
2013-11-27,83.6765,83.7028,83.0358,83.3605,4603769
2013-11-29,83.5799,83.8169,82.8778,83.0797,4106795
2013-12-02,82.8602,83.0794,82.4697,82.7462,5828580
2013-12-03,82.6759,82.9919,82.0704,82.4741,9065252
2013-12-04,82.2898,82.7198,81.7368,82.1757,6218496
2013-12-05,81.9914,82.1757,81.3243,81.5964,8667604
2013-12-06,82.1493,82.9217,81.9914,82.8866,7280472
2013-12-09,82.7637,82.9217,82.2371,82.8866,6974541
2013-12-10,83.0094,83.1938,82.4653,82.6233,7576606
2013-12-11,82.8515,82.8954,81.6491,81.7193,9424296
2013-12-12,81.4823,81.4999,79.9289,80.0078,12285664
2013-12-13,80.2711,80.6178,79.9376,80.1746,7909466
2013-12-16,80.236,81.0259,80.0078,80.1921,6623019
2013-12-17,80.1307,80.157,79.4286,79.569,8793968
2013-12-18,79.8235,81.3243,78.7879,81.3068,9692564
2013-12-19,81.0961,81.0961,80.2316,80.7275,7339601
2013-12-20,80.7012,81.4033,80.7012,80.8241,11264971
2013-12-23,81.2366,81.3419,80.5344,80.7714,5320255
2013-12-24,80.9031,81.0874,80.6134,80.7977,3147331
2013-12-26,80.7363,81.219,80.5432,81.219,3459501
2013-12-27,81.4209,81.5876,80.9031,81.0523,3511614
2013-12-30,80.8855,81.0084,80.5081,81.0084,4370142
2013-12-31,80.8943,80.9347,79.9999,80.3852,6348274
2014-01-02,79.9903,80.5081,79.8762,79.8937,5921167
2014-01-03,80.1219,80.9382,80.0956,80.6134,5637762
2014-01-06,80.6836,81.4033,80.631,81.0347,7467811
2014-01-07,81.6578,83.0446,81.614,82.7549,11089742
2014-01-08,82.6496,83.027,82.3951,82.6408,9097188
2014-01-09,83.3254,83.7116,82.5794,83.1411,7952774
2014-01-10,83.0621,83.3561,82.6233,83.1499,6700178
2014-01-13,82.8251,83.3693,82.5531,82.9392,9594869
2014-01-14,83.027,83.2903,82.7813,83.1323,7567457
2014-01-15,83.0709,83.6151,82.948,83.2025,7423588
2014-01-16,83.027,83.4557,82.7023,83.0621,8401397
2014-01-17,83.1323,83.5273,82.8339,83.4307,13815121
2014-01-21,83.3166,83.4658,81.2892,82.5267,16368694
2014-01-22,82.4916,82.9831,82.0967,82.7813,8897354
2014-01-23,82.2722,82.3249,81.1049,81.3945,9322328
2014-01-24,80.8504,81.2805,79.5251,79.5251,10661597
2014-01-27,79.253,79.6568,78.8581,78.9371,8692336
2014-01-28,79.4988,79.5163,78.8054,79.0775,8279490
2014-01-29,78.5246,78.7352,77.6996,78.0243,11168264
2014-01-30,78.6562,78.7967,78.1209,78.5509,6876827
2014-01-31,78.1209,78.4105,77.3661,77.6469,12198893
2014-02-03,77.8927,77.919,76.0145,76.1637,13950813
2014-02-04,76.2953,76.6025,75.5581,76.0232,11438774
2014-02-05,75.9091,76.9448,75.9004,76.6025,10678430
2014-02-06,76.9097,77.9014,76.8395,77.8927,10038015
2014-02-07,78.0419,79.0249,77.7698,79.0249,9526254
2014-02-10,79.2004,79.9376,78.8142,79.9289,8080445
2014-02-11,79.9464,81.5964,79.8235,81.5964,11581143
2014-02-12,81.5789,81.614,80.7012,81.1137,7699343
2014-02-13,80.7451,81.2892,80.4906,81.2366,5926351
2014-02-14,81.2717,81.5745,80.7698,81.4121,5524615
2014-02-18,81.4209,81.4911,80.8241,80.8943,6935397
2014-02-19,80.8767,81.4033,80.3677,80.4291,7693621
2014-02-20,80.473,81.3858,80.1395,81.0786,8160140
2014-02-21,81.2023,81.5426,80.8399,80.9018,7381439
2014-02-24,80.8399,81.3791,80.5305,80.5393,8407203
2014-02-25,80.9636,81.2112,80.1415,80.5393,6387063
2014-02-26,80.5393,80.9194,80.2388,80.5393,6334213
2014-02-27,80.5835,80.8134,80.2211,80.7603,7040593
2014-02-28,80.8134,81.8918,80.4951,81.4321,9644505
2014-03-03,80.557,81.3084,80.2918,80.9371,7506726
2014-03-04,81.7415,82.6167,81.5471,82.5106,8796989
2014-03-05,82.4487,82.4752,81.662,81.8476,6843672
2014-03-06,82.378,82.7846,82.0509,82.1128,7718786
2014-03-07,82.5371,82.6344,81.9361,82.4929,6792275
2014-03-10,82.3603,82.6432,82.0244,82.6078,4880978
2014-03-11,82.8377,82.873,82.2896,82.6432,5837194
2014-03-12,82.0509,82.7581,81.9007,82.7404,6159381
2014-03-13,82.9614,83.2708,82.1924,82.2101,7659366
2014-03-14,82.104,82.599,81.7327,82.0421,7337843
2014-03-17,82.4399,83.2531,82.3692,83.0322,5876845
2014-03-18,83.0056,83.3062,82.6344,83.041,5891904
2014-03-19,82.9968,83.4123,82.1393,82.7316,5937603
2014-03-20,82.6697,83.262,82.1747,83.2001,5727520
2014-03-21,83.7747,84.8001,82.988,84.8001,24005402
2014-03-24,84.2432,84.3581,83.5714,84.1548,13949809
2014-03-25,84.5968,86.3648,84.5968,86.0819,14167327
2014-03-26,86.1968,87.0454,85.7902,85.7902,11215165
2014-03-27,85.8167,86.3648,85.0918,85.9935,8694613
2014-03-28,86.1968,86.8244,85.7106,86.1349,8815993
2014-03-31,86.6299,87.1603,86.2852,86.8333,7545682
2014-04-01,86.904,87.2311,86.073,86.5769,7068696
2014-04-02,86.6388,86.9747,86.073,86.8333,7995623
2014-04-03,86.6034,86.9305,86.2145,86.8598,5476117
2014-04-04,87.178,87.8498,86.9128,87.0012,10310236
2014-04-07,86.9747,87.8322,86.4797,86.5327,11410399
2014-04-08,86.6565,87.2708,86.188,86.683,9601881
2014-04-09,87.0012,87.5139,86.4355,87.4697,8921922
2014-04-10,87.3902,87.452,85.3217,85.3393,9668076
2014-04-11,85.0388,85.9219,84.9062,85.631,8711166
2014-04-14,85.9935,86.0642,85.083,85.8697,8617844
2014-04-15,87.0277,87.6996,86.6741,87.6907,14005235
2014-04-16,88.0178,88.1415,86.6918,87.2929,11308070
2014-04-17,87.2399,88.0885,87.2399,87.4786,9153584
2014-04-21,87.5228,88.5128,87.2222,88.3979,7032062
2014-04-22,88.3979,89.0609,88.1681,88.557,7937911
2014-04-23,88.6101,88.8929,88.3272,88.5924,5880223
2014-04-24,88.6101,88.725,88.0001,88.3625,6154027
2014-04-25,88.3714,88.6277,87.8675,88.2123,5897880
2014-04-28,88.8929,89.7239,88.5041,89.5824,8793329
2014-04-29,89.8388,90.1482,89.2465,89.3084,7811264
2014-04-30,89.1404,89.8741,89.0167,89.5382,8519913
2014-05-01,89.0786,89.3084,88.336,88.8664,6590499
2014-05-02,88.5482,88.7338,87.4078,87.788,8744242
2014-05-05,87.7703,88.5482,87.5493,88.3979,5438240
2014-05-06,88.4156,88.4156,87.9648,87.9648,5795969
2014-05-07,88.2653,89.3217,87.8233,89.2023,8720814
2014-05-08,88.9902,89.3614,88.7161,88.8399,5668825
2014-05-09,89.1581,89.5029,88.7603,89.2023,5691707
2014-05-12,89.494,89.494,88.7692,88.8576,7437341
2014-05-13,89.1935,89.715,88.9504,89.2996,6183174
2014-05-14,89.2377,89.3703,89.0786,89.167,4187810
2014-05-15,88.9637,89.1404,88.7603,89.0078,7011935
2014-05-16,88.9018,89.1846,88.5217,88.9106,6517090
2014-05-19,88.5924,89.22,88.5084,88.9637,6997400
2014-05-20,89.1139,89.2642,88.3625,88.6189,5438763
2014-05-21,88.9283,89.4587,88.8664,89.4056,5302472
2014-05-22,89.5302,89.913,89.0852,89.8685,5124957
2014-05-23,89.9397,90.0465,89.6104,89.8863,5276064
2014-05-27,89.9931,90.2246,89.2499,89.735,4524361
2014-05-28,89.6104,89.8418,89.1208,89.281,4353776
2014-05-29,89.5124,89.7216,89.1475,89.6905,3685692
2014-05-30,89.6371,90.3848,89.5035,90.3136,5972931
2014-06-02,90.3848,91.0257,89.913,90.9456,5852618
2014-06-03,90.7141,91.3283,90.6518,91.2037,6683665
2014-06-04,90.999,91.4262,90.7408,91.3995,5608597
2014-06-05,91.4886,92.0048,91.1681,91.8802,4731051
2014-06-06,91.9069,91.9781,91.5407,91.8446,4625104
2014-06-09,91.7467,91.8891,91.3995,91.8802,3748814
2014-06-10,92.1028,92.6813,91.4797,92.6635,5797720
2014-06-11,92.4054,92.708,91.8028,91.9692,5960610
2014-06-12,91.8446,91.8713,91.2482,91.266,5935011
2014-06-13,91.2482,91.3728,90.9456,91.266,4302188
2014-06-16,91.2571,91.5865,90.6518,91.1948,5645516
2014-06-17,90.91,90.9723,90.2424,90.7319,4835591
2014-06-18,90.7141,91.5331,90.6699,91.5153,5449119
2014-06-19,91.6221,92.4588,91.5153,92.4054,5481511
2014-06-20,92.9039,93.8919,92.6368,93.705,12464629
2014-06-23,93.3846,93.5715,92.9662,93.2421,6066848
2014-06-24,93.1353,93.6694,93.0641,93.0997,5915291
2014-06-25,92.7793,94.2391,92.7793,94.1412,6411062
2014-06-26,94.2124,94.3281,93.4914,94.0433,5106917
2014-06-27,93.883,93.9898,92.9751,93.4558,6462995
2014-06-30,94.0166,94.3548,93.0374,93.1264,6944226
2014-07-01,93.5982,94.3548,93.4558,94.2391,5133942
2014-07-02,94.0878,94.3281,93.7273,94.2302,3764939
2014-07-03,94.2391,94.5773,93.5626,93.8385,4199082
2014-07-07,93.8385,95.0135,93.705,94.7732,7018503
2014-07-08,94.5417,94.5773,93.9275,94.1056,6268373
2014-07-09,94.3548,94.5417,94.1056,94.3904,5721371
2014-07-10,93.5359,94.3548,93.0374,94.1768,4955123
2014-07-11,94.2124,94.3628,93.34,93.5537,5464127
2014-07-14,93.8029,93.9008,93.5626,93.8029,7786696
2014-07-15,93.6694,93.883,91.4797,91.9336,14224802
2014-07-16,92.1562,92.2808,90.7497,90.9901,11947879
2014-07-17,90.7052,90.8833,89.2454,89.3433,11226538
2014-07-18,89.6104,90.7586,89.3433,90.6162,8408731
2014-07-21,90.2958,90.4204,89.9219,90.1444,6386413
2014-07-22,90.7141,91.2749,90.5984,91.2126,6554213
2014-07-23,91.5064,91.6221,90.6903,90.9634,4815975
2014-07-24,91.0969,91.444,90.8121,90.9723,5177227
2014-07-25,91.0346,91.1503,90.6162,90.8922,3952062
2014-07-28,90.6963,91.1503,90.4916,90.8922,4634905
2014-07-29,91.1948,91.2482,90.5183,90.7586,6058738
2014-07-30,91.0346,91.5509,90.6251,91.0613,5995785
2014-07-31,90.5895,90.6518,89.0585,89.0941,9142218
2014-08-01,88.8003,89.3789,87.9458,88.925,8610725
2014-08-04,89.0051,89.3478,88.4042,89.1564,6790846
2014-08-05,88.8626,89.2276,88.6134,88.8537,6230883
2014-08-06,88.7202,89.7528,88.6579,89.646,7412322
2014-08-07,89.9842,90.0732,88.6401,88.9517,7417911
2014-08-08,89.2009,90.0376,88.8092,89.9753,5619629
2014-08-11,90.456,90.5984,89.913,90.0465,5706553
2014-08-12,89.9041,90.0999,89.2899,89.5748,4577733
2014-08-13,90.0376,90.7497,90.0376,90.5628,4563668
2014-08-14,90.6963,90.8388,90.3492,90.8121,5239445
2014-08-15,90.9812,91.1859,89.7261,90.0554,6986145
2014-08-18,90.723,91.4351,90.5717,91.4173,5981073
2014-08-19,91.444,91.6488,90.8121,91.6488,5670017
2014-08-20,91.5687,91.9514,91.4173,91.8713,5183142
2014-08-21,91.9781,92.9484,91.9781,92.7437,8357633
2014-08-22,92.8691,93.2275,92.2776,92.3941,5076573
2014-08-25,92.887,93.0304,92.3851,92.5106,3678216
2014-08-26,92.7257,92.9497,92.4568,92.6988,3512447
2014-08-27,92.8422,92.9497,92.2238,92.5016,4786441
2014-08-28,92.2149,92.4748,92.0446,92.2597,3485694
2014-08-29,92.3941,92.9856,92.3107,92.9587,5287778
2014-09-02,92.5733,92.9405,92.3224,92.6271,4644820
2014-09-03,93.0393,93.2903,92.7884,92.9856,4725840
2014-09-04,93.1917,93.2903,92.9856,93.0573,6147742
2014-09-05,93.129,93.577,92.6092,93.577,5750803
2014-09-08,93.577,93.7204,93.0483,93.2455,4900319
2014-09-09,93.5591,93.5591,92.7974,93.0214,6006566
2014-09-10,93.3709,94.4015,93.1648,94.0879,7406861
2014-09-11,93.8997,93.9982,93.2902,93.6935,4835853
2014-09-12,93.6846,93.9221,93.1648,93.7204,5931020
2014-09-15,93.7294,94.0162,93.5143,93.8459,4525564
2014-09-16,93.6398,94.9392,93.4695,94.8854,6081537
2014-09-17,94.8854,95.5576,94.8137,95.1632,6627848
2014-09-18,95.1543,96.2566,95.0199,96.2028,6628840
2014-09-19,96.6867,97.1169,96.4447,96.7763,13033621
2014-09-22,96.7853,97.0093,96.5837,96.6778,5790392
2014-09-23,96.5792,96.8749,96.0594,96.3014,8108322
2014-09-24,96.5164,97.4753,96.1938,97.3588,5892456
2014-09-25,97.2603,97.2782,95.9519,95.9787,5691811
2014-09-26,96.2566,96.3282,95.1722,95.9787,4467569
2014-09-29,95.3335,95.5755,95.0288,95.4769,6581602
2014-09-30,95.4411,96.0772,95.3962,95.5217,6822524
2014-10-01,94.975,95.2439,93.1558,93.4695,12267373
2014-10-02,93.2544,93.6846,92.5285,93.0662,7566157
2014-10-03,93.4068,94.2671,93.3172,94.2133,6856127
2014-10-06,94.7062,94.993,93.5277,93.9713,5016549
2014-10-07,93.6129,93.6129,91.713,91.7578,8409384
2014-10-08,91.7937,94.1237,91.4443,94.0162,8336957
2014-10-09,93.7652,93.9713,91.2201,91.48,10677257
2014-10-10,91.722,91.8833,90.7183,90.7183,9988521
2014-10-13,90.9244,90.9244,88.7378,88.8274,10341254
2014-10-14,90.091,90.4226,85.4399,86.9365,20808277
2014-10-15,86.0762,88.4689,85.2248,88.0119,21905946
2014-10-16,86.9006,87.8237,86.4794,86.7304,14575531
2014-10-17,87.4115,88.8543,87.2053,88.451,12281405
2014-10-20,88.5675,88.8991,88.1105,88.8991,7991982
2014-10-21,89.4637,89.9566,89.0245,89.9386,7288282
2014-10-22,90.6018,91.2201,90.082,90.7093,9364649
2014-10-23,91.6413,92.2866,91.3546,91.9729,7570675
2014-10-24,92.2597,92.5644,91.5926,92.421,5973242
2014-10-27,92.3672,93.4157,92.3359,93.2634,7044535
2014-10-28,93.6935,93.9176,92.8063,93.9086,10347753
2014-10-29,94.0968,94.5987,93.9713,94.5987,8188368
2014-10-30,94.2492,95.9339,94.0162,95.925,9068343
2014-10-31,96.7315,96.9466,96.1221,96.5881,10803709
2014-11-03,96.6329,96.8928,95.6651,96.3014,7084618
2014-11-04,96.6867,97.4395,96.1938,97.3409,9349214
2014-11-05,97.7263,97.9145,96.7405,97.5201,6966795
2014-11-06,97.6187,97.9682,97.2782,97.6904,6200277
2014-11-07,97.6814,97.7083,96.7136,96.9645,6652571
2014-11-10,96.848,97.6098,96.0684,97.5201,7573288
2014-11-11,97.5739,98.0399,97.2782,97.6008,6229047
2014-11-12,97.3857,97.6814,97.1314,97.4574,4895939
2014-11-13,97.7263,98.1206,97.2334,97.7442,4859955
2014-11-14,97.6098,97.7352,96.7943,96.9287,5650746
2014-11-17,96.7853,97.4036,96.4358,97.0541,5232983
2014-11-18,96.9018,97.7352,96.5344,97.5291,5407151
2014-11-19,97.1886,97.5112,96.8749,97.4664,5217829
2014-11-20,97.2782,97.2961,96.5075,96.9466,8090667
2014-11-21,98.0741,98.0741,97.0729,97.2894,8417378
2014-11-24,97.3435,97.6231,96.189,96.4054,9097994
2014-11-25,96.4956,96.685,96.2431,96.2431,7367894
2014-11-26,96.3062,96.7392,96.1529,96.7031,5503702
2014-11-28,97.0639,98.1553,96.8113,97.6412,5881239
2014-12-01,97.3164,98.149,96.8294,97.4427,5638779
2014-12-02,97.3886,97.8937,96.9647,97.8757,6184380
2014-12-03,97.9027,98.3086,97.1,97.1631,8957411
2014-12-04,97.4968,97.6863,96.8564,97.0188,6813598
2014-12-05,96.9917,98.0831,96.713,97.8757,6449739
2014-12-08,97.7945,98.2094,97.5424,97.8847,6500735
2014-12-09,97.6141,97.8396,96.4145,97.4608,7214300
2014-12-10,97.0639,97.3796,95.747,95.8282,9416414
2014-12-11,95.4764,96.7888,95.0344,96.2611,7114640
2014-12-12,96.198,96.3964,94.1595,94.1955,8334704
2014-12-15,94.5022,94.7638,93.4739,93.7716,12110559
2014-12-16,93.3386,94.8991,92.4547,92.6892,10212440
2014-12-17,93.1492,94.2497,92.6351,93.8708,10207637
2014-12-18,95.2689,96.3513,94.4752,96.3423,11756825
2014-12-19,96.1799,96.8654,95.1607,95.2058,19154418
2014-12-22,95.3321,96.3603,95.314,96.2792,8124539
2014-12-23,96.207,96.4325,93.7355,94.0602,10181076
2014-12-24,94.1504,95.0073,94.1504,94.3399,3420184
2014-12-26,94.7728,95.3321,94.4301,94.7638,2951001
2014-12-29,94.385,95.3321,94.3579,95.0073,4273424
2014-12-30,95.0885,95.4313,94.7638,95.0344,4371735
2014-12-31,95.2599,95.7109,94.2948,94.3218,6202118
2015-01-02,94.7548,95.2058,93.9249,94.2767,5756961
2015-01-05,94.2406,94.4661,93.5208,93.6183,8079279
2015-01-06,94.1144,94.7007,92.8516,93.1582,7428022
2015-01-07,93.7265,95.4583,93.6363,95.2148,7931714
2015-01-08,95.6658,96.0537,95.3862,95.9635,9925854
2015-01-09,96.0627,96.0627,94.4842,94.6556,7364760
2015-01-12,94.863,95.4493,94.0783,94.3308,6838966
2015-01-13,95.1066,95.9093,94.0242,94.4932,10155188
2015-01-14,93.6814,94.1955,93.3657,93.8077,8887694
2015-01-15,92.8786,93.7445,91.9586,92.4457,10834811
2015-01-16,92.0578,94.3669,92.0037,93.8438,14092276
2015-01-20,91.5978,92.0488,90.4342,91.3633,20467800
2015-01-21,90.7048,92.0939,90.5605,91.9135,11702890
2015-01-22,92.3555,93.6543,91.6158,93.5912,9036608
2015-01-23,92.8516,92.8786,91.9493,92.1841,10125960
2015-01-26,91.8233,92.4096,91.2911,92.2382,8962787
2015-01-27,91.8503,92.6956,91.0385,92.0849,10160531
2015-01-28,92.4366,92.8425,91.4986,91.5346,9053222
2015-01-29,91.5617,92.4186,90.804,92.3464,7569330
2015-01-30,91.6248,92.0037,90.2809,90.326,10676345
2015-02-02,90.6417,90.9664,89.6405,90.9483,8990701
2015-02-03,91.4625,92.5088,91.2099,92.4186,10005207
2015-02-04,92.1119,92.4096,91.1197,91.4264,9514074
2015-02-05,91.6158,92.5088,91.5166,92.4186,6642224
2015-02-06,92.1029,92.4096,90.9483,91.1919,9215663
2015-02-09,91.1558,91.1558,89.3879,90.0013,9851745
2015-02-10,90.3711,90.8311,89.681,90.5154,12275450
2015-02-11,90.6146,90.9123,90.1546,90.5425,8177011
2015-02-12,90.6507,90.6868,87.629,88.7926,25835156
2015-02-13,88.7926,89.902,88.6934,89.8569,11153595
2015-02-17,89.6495,90.6326,89.4059,90.5966,8627082
2015-02-18,90.8311,91.0476,89.6405,90.1636,7878157
2015-02-19,90.1546,90.9574,89.8479,90.8311,10028180
2015-02-20,90.9946,91.1635,90.0227,91.0672,10085673
2015-02-23,91.5032,91.5305,90.6494,90.9946,6878246
2015-02-24,91.0581,91.7848,90.8311,91.4669,6588073
2015-02-25,91.6849,92.0028,90.9764,91.9301,9683963
2015-02-26,92.0845,93.7195,91.9392,93.3743,11437890
2015-02-27,93.5923,93.8557,93.0837,93.1109,8500014
2015-03-02,93.4288,93.9284,93.2835,93.7558,7277612
2015-03-03,93.6468,93.6468,92.4751,92.9565,6419659
2015-03-04,92.7567,92.7567,91.8938,92.3298,8665474
2015-03-05,92.7113,93.7467,92.6477,93.12,8042336
2015-03-06,92.7294,93.0383,90.7221,90.931,9287621
2015-03-09,91.0127,91.6667,90.6131,91.4305,5701061
2015-03-10,90.822,91.2307,90.386,90.4042,8735743
2015-03-11,90.6766,90.6766,89.2143,89.3051,9138141
2015-03-12,89.8864,91.0491,89.7683,90.6766,8317996
2015-03-13,90.6948,90.8765,89.5951,90.1135,7821813
2015-03-16,90.5949,91.8029,90.5949,91.7939,7726509
2015-03-17,90.931,91.3034,90.2952,90.7311,7301526
2015-03-18,90.7311,92.4115,90.0408,92.1572,7972458
2015-03-19,91.7757,92.6068,91.6576,92.3661,6863107
2015-03-20,92.5296,93.4652,92.4297,93.011,12433761
2015-03-23,93.0746,93.8739,92.8566,93.5378,9015961
2015-03-24,93.4016,93.7649,92.5841,92.6113,8390708
2015-03-25,92.5114,93.1018,91.1399,91.1399,8444099
2015-03-26,90.7856,91.5668,90.4314,90.9582,9972373
2015-03-27,91.0854,91.694,90.9673,91.1399,5847382
2015-03-30,91.9574,92.5205,91.5214,92.2389,6061170
2015-03-31,91.7121,92.1844,91.367,91.376,8027954
2015-04-01,91.2489,91.2489,89.5685,90.059,11368126
2015-04-02,90.3224,90.822,89.8228,90.5041,6097146
2015-04-06,89.7774,90.4314,89.0508,90.0681,9697623
2015-04-07,90.4223,91.6213,90.316,90.9219,7900303
2015-04-08,90.6857,91.2398,90.4677,90.9764,7354110
2015-04-09,91.3488,92.3298,91.1308,92.0391,8073887
2015-04-10,92.0391,92.7748,91.6758,92.7022,6786456
2015-04-13,92.2299,92.6295,91.3306,91.3306,10753497
2015-04-14,91.7848,92.1572,90.9991,91.3034,9322175
2015-04-15,91.3215,91.9574,91.1308,91.376,8237103
2015-04-16,91.0763,91.1216,90.6221,90.6403,7324783
2015-04-17,90.2588,90.6962,90.0227,90.4496,11084248
2015-04-20,91.0672,91.6304,90.8765,91.0218,6668541
2015-04-21,91.4305,91.7303,90.9764,91.1035,6532698
2015-04-22,91.4033,91.5577,90.7947,91.2216,4764283
2015-04-23,91.2852,91.5759,90.7493,91.2489,7351494
2015-04-24,90.931,92.2199,90.8311,91.812,6566915
2015-04-27,91.8847,92.2844,91.258,91.3579,9113861
2015-04-28,91.2398,91.6899,90.2043,91.5032,7484612
2015-04-29,91.2943,91.3851,90.7402,91.1853,8926249
2015-04-30,90.8946,90.9673,89.7138,90.1044,10170628
2015-05-01,90.4859,91.1853,90.4859,90.9491,6255973
2015-05-04,91.1308,91.3306,90.9764,91.149,5532387
2015-05-05,90.9491,91.0945,90.1862,90.3769,8828129
2015-05-06,90.4859,90.713,89.6139,90.0772,8030769
2015-05-07,89.8683,90.8311,89.841,90.5222,6401552
2015-05-08,91.267,92.3479,91.2334,92.1663,7508622
2015-05-11,92.03,92.3389,91.7485,91.7666,5698884
2015-05-12,91.6304,91.7848,91.0854,91.258,6903070
2015-05-13,91.4487,91.8574,91.258,91.3306,5826750
2015-05-14,91.7121,92.5296,91.694,92.4933,5454009
2015-05-15,92.6295,92.9383,92.3479,92.9202,6023543
2015-05-18,92.9838,94.7731,92.9383,93.9375,10479584
2015-05-19,94.1555,94.5733,93.7875,94.428,7724081
2015-05-20,94.8458,94.9003,93.8376,94.101,7146547
2015-05-21,94.1558,94.5133,93.6343,93.7075,6875627
2015-05-22,93.5703,93.6984,92.7102,92.7285,6216965
2015-05-26,92.6187,92.9115,92.024,92.2436,7918872
2015-05-27,92.4175,92.7834,92.2253,92.5273,9297934
2015-05-28,92.4175,93.0488,92.2345,92.5456,5700051
2015-05-29,92.9115,92.9756,91.3378,91.6215,9957798
2015-06-01,91.7496,92.0423,91.2372,91.53,7298085
2015-06-02,91.4202,91.713,90.6699,91.4751,8312446
2015-06-03,91.7862,91.8868,91.347,91.5757,5375153
2015-06-04,91.4385,91.9234,90.6333,90.7889,8057860
2015-06-05,90.5693,90.6242,89.8465,90.2033,7557268
2015-06-08,90.2125,90.5601,89.6269,89.6269,7054613
2015-06-09,90.0661,90.1576,89.4805,89.8556,7844315
2015-06-10,90.1027,91.0817,89.8465,90.4687,10025139
2015-06-11,90.7614,91.3104,90.4229,90.798,6175188
2015-06-12,90.4687,90.788,89.7733,89.9837,8717217
2015-06-15,89.4348,89.5446,88.7577,89.1969,6833452
2015-06-16,89.206,90.1118,88.8401,89.9929,6049522
2015-06-17,90.0112,90.6881,89.8008,90.3314,6155753
2015-06-18,90.4504,91.9966,90.3131,91.8228,8815756
2015-06-19,91.3836,91.6764,91.2921,91.3653,11653584
2015-06-22,92.0423,92.2619,91.4842,91.5757,5055871
2015-06-23,91.5849,91.8228,91.0176,91.2921,6046627
2015-06-24,91.0451,91.3195,90.6425,90.8804,7254699
2015-06-25,91.0359,91.4751,90.6791,90.6882,6581098
2015-06-26,90.9719,91.6123,90.6882,91.164,9041052
2015-06-29,90.5601,90.8987,89.3158,89.3707,11150902
2015-06-30,90.0569,90.0752,89.0231,89.1694,8967911
2015-07-01,89.938,90.2811,89.3341,90.0935,6726694
2015-07-02,90.4412,90.5967,89.9563,90.0661,6091886
2015-07-06,89.3982,90.121,88.4192,89.8465,6817796
2015-07-07,90.2399,90.5601,89.2243,90.5053,7122569
2015-07-08,90.0478,90.2033,89.3799,89.4531,6845543
2015-07-09,90.6242,91.0723,90.0295,90.0295,7316390
2015-07-10,91.2921,91.3927,90.6608,91.0634,6969285
2015-07-13,91.5391,91.9325,91.3744,91.7404,6986321
2015-07-14,90.8163,91.3836,90.1667,91.2921,9890556
2015-07-15,91.2738,92.3534,91.1549,91.8777,7990325
2015-07-16,92.3626,92.7377,92.207,92.509,5774981
2015-07-17,92.3077,92.326,91.4568,91.5666,8054183
2015-07-20,91.9508,92.0881,91.5849,91.8319,5016152
2015-07-21,92.0423,92.2345,91.5574,91.8045,5891640
2015-07-22,91.8685,92.143,91.2463,91.6581,6721856
2015-07-23,91.9508,92.0423,91.4934,91.6764,5016148
2015-07-24,91.2646,91.4476,90.6242,90.7157,6524173
2015-07-27,90.551,90.5693,89.5857,89.9197,8733993
2015-07-28,90.4778,90.7889,90.0478,90.5967,7757505
2015-07-29,90.8163,91.5391,90.6242,91.2463,7853488
2015-07-30,91.3104,91.4934,90.9261,91.347,5517401
2015-07-31,91.8045,92.39,91.4568,91.6855,6216815
2015-08-03,91.4934,91.6855,90.7889,91.5117,6172519
2015-08-04,91.8685,91.9508,91.1732,91.3104,6005340
2015-08-05,92.0149,92.4083,91.8136,91.9691,4571280
2015-08-06,91.9417,92.0423,90.5876,90.6425,6987963
2015-08-07,90.5967,90.6425,89.8099,90.4412,6027855
2015-08-10,91.1,91.5483,90.9902,91.3012,6133458
2015-08-11,90.6242,90.8895,90.368,90.5876,6682636
2015-08-12,90.0295,90.3314,89.1237,90.3131,7607491
2015-08-13,90.3406,90.5601,89.8008,90.1027,5047960
2015-08-14,89.9654,90.4183,89.5471,90.4046,5177310
2015-08-17,90.0661,91.3836,89.7184,91.3744,6901809
2015-08-18,90.798,91.2006,90.5967,90.917,7618826
2015-08-19,90.7431,91.4842,90.3772,90.8621,7642349
2015-08-20,90.5327,91.6031,90.3863,90.3863,10620430
2015-08-21,89.6303,90.8288,88.0538,88.0999,16141529
2015-08-24,83.9697,87.7772,75.4049,85.5738,25636323
2015-08-25,88.2198,88.229,83.3428,83.647,15671123
2015-08-26,85.6568,87.7865,84.32,87.6851,14738289
2015-08-27,88.5978,88.8744,86.9844,88.7084,11131225
2015-08-28,88.441,88.7729,87.012,87.7404,9200294
2015-08-31,87.473,87.7404,86.2745,86.6433,9083511
2015-09-01,85.0852,85.6384,84.3201,84.9008,14593543
2015-09-02,86.1546,86.1731,85.2788,86.0625,11517391
2015-09-03,86.3483,86.7447,85.0575,85.4079,9027240
2015-09-04,84.4306,84.7072,83.5021,84.1817,10997186
2015-09-08,85.8228,86.6433,85.288,86.6064,11394069
2015-09-09,87.5744,87.7312,84.8455,85.0207,7384549
2015-09-10,84.9193,86.1823,84.4629,85.4816,8359464
2015-09-11,85.2235,85.7398,84.6335,85.6752,7381327
2015-09-14,85.6476,86.5787,85.288,86.0348,7948727
2015-09-15,86.4681,87.3486,85.9149,87.0305,7030679
2015-09-16,87.1135,87.4177,86.4958,87.2241,5630442
2015-09-17,87.1503,88.6807,86.9567,87.4361,8258048
2015-09-18,86.7355,87.3241,85.9703,86.0993,14211147
2015-09-21,86.5419,87.2149,85.159,85.8596,7053655
2015-09-22,85.0575,86.1454,84.7071,85.961,10618668
2015-09-23,85.9334,86.3851,85.3341,85.7306,5609270
2015-09-24,85.2973,85.6845,84.6104,85.2604,7407588
2015-09-25,85.6752,85.855,83.6746,83.8959,10794367
2015-09-28,83.6193,84.8824,82.8818,84.237,14332752
2015-09-29,85.0391,86.5142,84.6611,85.7767,11519966
2015-09-30,86.7816,87.095,85.3618,86.0625,10970101
2015-10-01,86.1362,86.5234,84.5966,85.8965,9675937
2015-10-02,84.9469,86.6341,84.6703,86.5972,8368056
2015-10-05,86.8369,87.4177,86.7309,87.3624,9419198
2015-10-06,87.1411,87.2702,85.3526,86.127,8365247
2015-10-07,86.9014,87.9709,86.1454,87.5652,9466389
2015-10-08,87.3163,87.7634,86.4865,87.6574,7090710
2015-10-09,87.7127,88.4687,87.3785,87.9248,8259654
2015-10-12,87.6482,88.9389,87.5652,88.4964,8957937
2015-10-13,87.39,88.7176,86.9475,87.9985,12761886
2015-10-14,87.7772,88.4687,86.7723,87.1503,8881871
2015-10-15,87.5836,89.7502,87.4546,89.5658,9561891
2015-10-16,90.2296,90.6352,89.7963,90.5707,9495256
2015-10-19,90.3955,90.5338,89.7133,90.2941,8725430
2015-10-20,90.3033,90.5799,89.7133,89.9715,6041789
2015-10-21,90.0175,90.5523,89.492,90.0083,7093295
2015-10-22,90.2112,92.0181,89.5474,91.76,9887929
2015-10-23,92.0827,93.0046,91.76,92.4791,9178873
2015-10-26,92.2394,92.4515,91.7231,92.138,7561604
2015-10-27,92.1196,93.023,91.9167,92.3685,8883164
2015-10-28,92.6082,92.6358,91.7323,92.6358,7256317
2015-10-29,92.6266,93.6039,92.3039,93.4564,6340702
2015-10-30,93.6039,94.1478,93.1245,93.1429,10520339
2015-11-02,93.2812,94.3506,92.9677,94.1939,6297939
2015-11-03,93.8897,94.3138,93.2167,94.0003,6229192
2015-11-04,93.945,94.3967,93.7514,93.9819,5592309
2015-11-05,94.2677,94.4889,93.5025,94.3414,6545590
2015-11-06,93.6407,93.9634,92.9862,93.9634,6221110
2015-11-09,93.4748,93.6592,92.7004,92.9677,6625850
2015-11-10,93.1152,93.8159,92.8202,93.5301,5114204
2015-11-11,93.8344,94.3645,93.5762,93.9081,6284749
2015-11-12,93.2443,93.673,92.3961,92.4422,6918671
2015-11-13,92.2302,93.0599,91.9536,92.0827,8517537
2015-11-16,92.5436,93.3826,92.2302,93.3181,5755804
2015-11-17,93.4287,93.7698,93.0046,93.5762,5124025
2015-11-18,93.6039,94.7747,93.401,94.6549,7148429
2015-11-19,94.6457,94.6641,94.0925,94.4889,5164480
2015-11-20,95.1855,95.4734,94.9162,95.1762,7671517
2015-11-23,95.0926,95.6591,94.9069,95.4455,6730605
2015-11-24,94.554,95.4641,94.554,94.7676,7492381
2015-11-25,94.8883,95.0369,94.6933,94.6933,5401491
2015-11-27,94.9905,95.3062,94.5354,95.074,2353779
2015-11-30,95.1762,95.1762,94.0246,94.0246,8983655
2015-12-01,94.4797,95.1855,93.9131,95.0648,7545986
2015-12-02,95.1948,95.5941,94.7211,94.7768,6623500
2015-12-03,94.9812,95.074,93.1609,93.6067,12008737
2015-12-04,94.1732,95.6591,94.0617,95.6127,7845387
2015-12-07,95.2969,96.1142,95.2877,95.9563,7262911
2015-12-08,95.6406,95.882,94.6471,95.1205,8005368
2015-12-09,94.8604,95.9749,94.4239,94.8697,7947010
2015-12-10,95.009,95.9749,94.5447,95.3248,6479272
2015-12-11,95.074,95.074,94.201,94.4332,7796497
2015-12-14,94.4007,94.9997,93.5974,94.8697,10641483
2015-12-15,95.3341,97.2287,95.3341,96.7086,9283193
2015-12-16,97.1823,97.9717,96.1421,97.7488,8178826
2015-12-17,97.6652,97.7581,96.2442,96.2535,8740832
2015-12-18,95.7334,95.7334,94.684,94.684,14966025
2015-12-21,95.0462,95.5848,93.6624,94.3403,8321937
2015-12-22,94.6468,95.5477,93.941,95.3898,5581632
2015-12-23,95.7613,96.2814,95.4177,96.1142,5531671
2015-12-24,95.7706,96.5043,95.6684,96.3278,2546278
2015-12-28,95.8263,96.0956,95.5895,95.8635,4062986
2015-12-29,95.9749,96.7597,95.9749,96.6157,4229973
2015-12-30,96.69,96.9036,96.1514,96.3836,3847819
2015-12-31,96.0028,96.235,95.3712,95.3991,4592603
2016-01-04,94.4611,94.554,92.3622,93.3187,12722756
2016-01-05,93.4116,94.2103,93.4023,93.7088,6467235
2016-01-06,92.7058,93.7738,92.5015,93.2352,7733825
2016-01-07,92.2321,92.9565,91.8328,92.1485,9433097
2016-01-08,92.7615,92.8172,90.8762,91.1641,9766711
2016-01-11,91.2384,91.6006,89.2323,90.6161,8151427
2016-01-12,91.0062,91.6006,90.3097,91.2384,6745013
2016-01-13,91.4706,91.9257,89.9382,90.1053,8290689
2016-01-14,90.1796,92.3807,90.0868,91.8421,10164344
2016-01-15,89.5017,91.0155,89.3902,90.0868,12662181
2016-01-19,90.9505,91.3963,89.9939,90.5511,12457849
2016-01-20,89.2602,90.3468,87.7928,88.9259,12685151
2016-01-21,88.9444,89.7524,87.5606,89.1023,11266449
2016-01-22,90.1053,90.1657,89.1116,89.8546,8379951
2016-01-25,89.8267,90.7276,89.1952,89.5295,9350181
2016-01-26,90.3282,94.1175,90.2121,93.9689,17266649
2016-01-27,93.328,96.0121,93.328,94.879,19330465
2016-01-28,95.1948,95.6963,94.5911,94.9812,12789459
2016-01-29,95.557,97.2844,95.3155,96.9965,15614567
2016-02-01,96.2257,97.3169,95.8635,96.9315,9803745
2016-02-02,95.9378,96.8293,95.6591,96.0399,10616349
2016-02-03,96.2628,96.9408,94.7397,96.7179,10168633
2016-02-04,96.2257,96.6668,95.4084,96.495,10389000
2016-02-05,95.3434,95.4455,92.6686,93.3745,15522154
2016-02-08,93.1609,96.1328,93.0773,94.7304,14323776
2016-02-09,94.0896,94.9533,93.7761,94.7026,10044539
2016-02-10,94.7768,95.5756,94.1438,94.4797,9833124
2016-02-11,93.3002,94.749,92.8544,94.4518,12465832
2016-02-12,94.5632,94.7118,93.5416,94.5632,9035013
2016-02-16,95.074,95.7056,94.4054,95.0276,10452827
2016-02-17,95.427,95.882,94.944,95.1948,8904013
2016-02-18,95.5013,97.2163,95.1948,96.8108,10744647
2016-02-19,96.895,97.924,96.7079,97.4375,9343260
2016-02-22,97.6995,97.9895,97.3346,97.9895,6946975
2016-02-23,97.8959,98.0269,97.2504,97.3627,6629181
2016-02-24,96.6705,98.2935,96.3243,98.1859,9076094
2016-02-25,98.1765,99.5236,98.0082,99.5143,8092468
2016-02-26,99.9259,100.0194,98.6162,98.953,9049441
2016-02-29,98.4852,99.3459,98.2607,98.4198,10111077
2016-03-01,99.0652,100.3188,98.6349,100.3,8298471
2016-03-02,100.01,100.4778,99.561,100.1317,9766977
2016-03-03,99.9259,100.0942,98.8127,99.7668,6927155
2016-03-04,99.6359,100.0755,99.2243,99.6265,6715668
2016-03-07,99.1588,100.019,98.6817,99.851,6973521
2016-03-08,99.6452,99.8791,99.126,99.3646,7632880
2016-03-09,99.9446,100.1129,99.243,99.9446,7564238
2016-03-10,100.0849,100.5433,99.2243,100.2252,10474747
2016-03-11,100.562,101.0203,100.2907,100.7584,7768990
2016-03-14,100.9549,101.3103,100.3842,100.7116,7242758
2016-03-15,100.6742,101.3571,99.8697,100.8052,8476598
2016-03-16,100.7771,100.8239,99.9773,100.4778,7065081
2016-03-17,100.5339,100.6555,99.5797,99.851,8571010
2016-03-18,100.0849,100.88,99.4955,100.562,14758303
2016-03-21,100.4778,100.7958,99.6733,100.3562,7674706
2016-03-22,100.3562,100.6836,100.141,100.4497,7821676
2016-03-23,100.3655,101.8015,100.2813,101.4974,8191313
2016-03-24,101.2355,101.6003,100.7958,101.3197,6284486
2016-03-28,101.4132,101.8716,101.0858,101.2449,4738112
2016-03-29,101.3103,102.199,100.7865,102.0961,6612787
2016-03-30,102.3861,102.489,101.8997,101.9465,5248182
2016-03-31,101.8342,101.9465,101.0671,101.2168,8167693
2016-04-01,101.0297,102.2364,100.7397,102.1429,9043232
2016-04-04,101.7968,102.0587,101.2729,101.5816,10668885
2016-04-05,101.2449,102.7509,101.0344,101.9184,7938961
2016-04-06,101.7032,102.4329,100.9174,102.3581,6828705
2016-04-07,101.9652,102.5451,101.619,102.2177,7822916
2016-04-08,102.3113,102.5639,101.7406,102.0587,6301634
2016-04-11,102.1055,102.5451,101.6377,101.9371,6823922
2016-04-12,101.9652,103.1251,101.7313,102.5264,8412327
2016-04-13,102.9006,103.228,102.2552,102.779,5758284
2016-04-14,102.9006,103.1719,102.3861,102.7509,4457099
2016-04-15,102.9661,103.2748,102.4329,103.069,10057921
2016-04-18,102.9006,103.9296,102.5919,103.7706,7772549
2016-04-19,104.4441,106.5957,104.2851,105.4077,10526437
2016-04-20,105.8847,106.8202,105.7538,106.2496,8213383
2016-04-21,105.997,106.3899,105.4918,106.2402,7884452
2016-04-22,106.1093,106.4115,105.5461,106.0063,7508690
2016-04-25,105.997,106.2215,105.2206,106.1841,6139854
2016-04-26,106.128,106.2309,105.3796,105.6228,5853561
2016-04-27,105.6696,105.8941,105.2019,105.4918,5759301
2016-04-28,104.8651,105.4357,104.4348,105.2206,6640041
2016-04-29,104.8277,104.9773,104.3132,104.8464,7774512
2016-05-02,104.9773,105.5103,104.7061,105.4731,5178847
2016-05-03,105.2954,105.8005,104.8838,105.417,7554529
2016-05-04,104.809,105.2767,104.4909,104.9773,5214649
2016-05-05,104.8464,105.8005,104.809,105.5947,5404341
2016-05-06,105.3141,105.7538,105.0288,105.4638,6099860
2016-05-09,105.6883,106.6331,105.4544,106.3805,6512715
2016-05-10,106.6425,107.5779,106.5676,107.2692,8356411
2016-05-11,107.1757,107.3534,106.9325,106.9886,6680655
2016-05-12,107.1102,107.3533,106.2121,106.8576,7156263
2016-05-13,106.5489,106.7267,106.0438,106.2309,6779907
2016-05-16,106.0718,107.2318,105.997,107.0541,6222861
2016-05-17,107.1476,107.1663,105.9315,106.4834,9233911
2016-05-18,106.2776,106.6658,105.5947,106.2589,8267933
2016-05-19,105.6976,105.7444,104.9586,105.5667,8232205
2016-05-20,105.708,106.3863,105.2935,106.1225,7435203
2016-05-23,106.245,106.2921,105.5573,105.6703,6462321
2016-05-24,106.0095,106.9328,106.0095,106.1696,6125259
2016-05-25,106.6313,107.1448,106.3204,106.7915,5455518
2016-05-26,106.5653,106.7632,106.3204,106.3675,3973550
2016-05-27,106.4994,106.782,106.1696,106.5182,4647024
2016-05-31,106.7067,107.0553,105.8211,106.1696,10104705
2016-06-01,106.0566,106.5182,105.5855,106.2544,4749563
2016-06-02,106.3392,108.0162,106.3298,107.8655,7310801
2016-06-03,107.8467,108.7134,107.5122,108.1199,6881721
2016-06-06,108.3177,109.2881,108.2801,109.0714,6349758
2016-06-07,109.2975,109.5048,108.7699,109.0337,6417404
2016-06-08,108.8359,109.241,108.7323,109.0997,5863782
2016-06-09,109.0809,110.4093,108.9207,110.2303,7375474
2016-06-10,109.9853,110.447,109.6273,110.2397,6067428
2016-06-13,110.3527,110.8332,110.0324,110.0324,7940893
2016-06-14,109.7121,110.3999,109.5708,110.3433,6378395
2016-06-15,110.8332,110.9274,109.6037,109.6744,6371378
2016-06-16,108.9961,110.1266,108.5533,109.8911,6664815
2016-06-17,109.8723,109.9194,108.3554,108.7982,10702199
2016-06-20,109.8534,110.3575,109.693,109.7969,5588202
2016-06-21,110.2208,110.3716,109.4577,109.4577,5493490
2016-06-22,109.7969,110.4281,109.5803,109.7215,5833754
2016-06-23,110.4187,110.5883,109.9288,110.5883,6775873
2016-06-24,108.4119,110.3433,108.346,108.9395,13939481
2016-06-27,108.346,109.8911,108.346,109.8063,10896051
2016-06-28,110.3904,111.521,109.8063,111.3891,10089587
2016-06-29,111.9638,112.5008,111.2666,112.4254,8341454
2016-06-30,112.2841,114.3851,112.2654,114.2815,11559922
2016-07-01,114.5076,114.5076,113.801,114.272,7051358
2016-07-05,114.338,116.0998,114.3191,115.1953,9334141
2016-07-06,114.875,115.5628,114.5076,115.5439,9332366
2016-07-07,115.4968,115.7041,114.9504,115.4214,6058727
2016-07-08,115.8831,115.9773,114.9033,115.7418,6129913
2016-07-11,115.6099,116.3071,115.3272,115.8171,6711586
2016-07-12,115.5533,116.0715,115.5157,115.8077,6415861
2016-07-13,115.5816,116.26,115.2236,115.8831,5230819
2016-07-14,115.8643,116.5803,115.7983,116.0527,5322718
2016-07-15,116.6085,117.1079,115.6099,115.8831,7192765
2016-07-18,115.8831,116.0904,115.3555,116.015,6599199
2016-07-19,117.5601,118.474,116.2034,118.0029,11325700
2016-07-20,118.5588,118.7755,117.8051,117.8993,7334633
2016-07-21,117.9652,118.4646,117.6637,117.9087,5563937
2016-07-22,117.8804,118.0971,117.4329,117.7956,5839195
2016-07-25,117.8333,117.8899,116.9571,117.6637,4880569
2016-07-26,117.7909,118.2856,117.5318,117.9087,5589861
2016-07-27,117.8616,117.9841,117.1456,117.5507,4812634
2016-07-28,117.7485,117.7674,117.2115,117.2586,4320393
2016-07-29,117.1456,118.0689,117.1456,117.9841,7020910
2016-08-01,118.0594,118.4363,117.8616,118.1442,4615103
2016-08-02,118.3798,118.6153,117.2737,117.6261,7158693
2016-08-03,117.7674,117.7674,116.5332,116.731,5310641
2016-08-04,117.0513,117.1927,116.4861,116.6933,4728165
2016-08-05,117.1833,117.1833,116.5991,117.0513,5146935
2016-08-08,116.8252,116.9666,116.0998,116.4955,5232469
2016-08-09,116.7404,116.8252,116.194,116.2882,3941488
2016-08-10,116.439,116.618,116.1092,116.2223,4333466
2016-08-11,116.6839,116.9571,116.3259,116.6085,4051971
2016-08-12,116.3259,116.6085,115.836,116.0904,4234841
2016-08-15,115.9962,116.1375,115.2048,115.233,6469495
2016-08-16,115.0446,115.2424,113.1132,113.3676,11289111
2016-08-17,113.5278,114.3097,112.9154,114.2909,10442818
2016-08-18,114.159,114.3663,112.9625,113.735,8728000
2016-08-19,113.7255,113.8014,113.166,113.735,7798299
2016-08-22,113.7161,113.7161,112.8151,112.9858,6544864
2016-08-23,113.4979,113.773,112.8815,113.2798,5603177
2016-08-24,113.3177,113.441,112.5021,112.5874,6303942
2016-08-25,112.7297,113.0617,112.227,112.4547,5566048
2016-08-26,112.7107,113.5643,112.4452,112.9004,6482673
2016-08-29,113.147,113.9342,112.9146,113.735,5074924
2016-08-30,114.4463,114.4463,113.1043,113.3082,3820510
2016-08-31,113.3746,113.4505,112.872,113.1849,5693081
2016-09-01,113.0427,113.2324,112.4831,112.9384,4551792
2016-09-02,113.2039,113.6307,112.7676,113.166,5806365
2016-09-06,113.6023,113.7825,113.2039,113.5738,5280652
2016-09-07,113.6592,113.7635,113.275,113.441,4753760
2016-09-08,113.2134,113.6402,112.9953,113.3082,4833010
2016-09-09,112.8909,113.0142,112.0848,112.1322,7957267
2016-09-12,111.6864,113.2893,111.326,113.0142,7239795
2016-09-13,112.3124,112.7013,111.4304,111.5442,7957869
2016-09-14,111.7718,112.227,111.4019,111.7813,6124894
2016-09-15,111.7339,112.8056,111.2691,112.5116,5814900
2016-09-16,112.3978,112.9953,112.0279,112.1512,12408779
2016-09-19,112.2555,112.54,111.5726,111.5916,5457633
2016-09-20,112.0753,112.1417,111.62,111.8666,5187716
2016-09-21,111.8666,112.8625,111.5726,112.7771,6337292
2016-09-22,113.0996,113.6592,112.9953,113.2988,5340466
2016-09-23,113.2513,113.4315,112.5874,112.6823,4772980
2016-09-26,112.5116,112.521,111.4968,111.7054,5998854
2016-09-27,112.2839,113.0711,111.6485,113.0711,5349466
2016-09-28,112.9099,113.3557,112.6823,113.2324,5076091
2016-09-29,112.7487,113.1186,111.0068,111.2217,6190185
2016-09-30,111.7054,112.5011,111.3355,112.0374,7941065
2016-10-03,111.9141,112.872,111.3735,112.6823,6098589
2016-10-04,112.7107,113.3177,112.1796,112.6918,5733934
2016-10-05,113.0711,113.2798,112.4784,113.0332,5778691
2016-10-06,112.3883,112.7202,111.8382,112.6254,4448450
2016-10-07,113.0237,113.3983,112.5685,113.0901,4799292
2016-10-10,113.3462,113.9963,113.1944,113.6212,3657049
2016-10-11,113.2513,113.46,111.0225,111.5726,6394159
2016-10-12,111.8761,112.3219,111.4398,111.8856,4686022
2016-10-13,111.4778,113.0522,111.2312,112.1606,7387365
2016-10-14,112.3883,112.6728,111.4968,111.4968,5640519
2016-10-17,111.4398,112.4357,111.4398,112.3788,6956374
2016-10-18,111.326,112.3693,109.2205,109.4576,12598255
2016-10-19,109.6094,109.9129,108.5566,108.6799,7400937
2016-10-20,108.9076,109.7327,108.6799,108.9455,6973009
2016-10-21,108.2247,108.348,107.1625,107.5892,8422032
2016-10-24,108.054,108.3003,107.5892,107.7505,6141858
2016-10-25,107.7789,108.2721,107.2601,108.0824,5594989
2016-10-26,107.7789,109.2774,107.741,108.6515,6429241
2016-10-27,109.0498,110.5388,108.8696,109.7327,7548667
2016-10-28,109.8465,109.9318,108.661,109.3818,8813324
2016-10-31,109.3343,110.2353,108.5946,110.0077,8552528
2016-11-01,108.8412,109.9603,108.7179,109.3912,7591930
2016-11-02,109.562,109.7896,108.9076,108.936,6591318
2016-11-03,108.955,109.4854,108.8317,109.0972,6227110
2016-11-04,109.1067,109.9603,109.1067,109.1731,7160570
2016-11-07,109.9129,110.7001,109.8655,110.6432,6398177
2016-11-08,110.4725,111.5062,110.463,111.0131,6675268
2016-11-09,113.8109,116.182,112.0089,114.1049,16219977
2016-11-10,114.5412,114.8542,112.8815,113.3746,11905170
2016-11-11,113.3272,113.3272,112.0374,112.3598,8134783
2016-11-14,112.4641,112.853,110.4914,110.5863,10054905
2016-11-15,110.3966,110.6716,109.8465,110.3207,7446670
2016-11-16,110.6337,110.757,110.0931,110.3586,6594838
2016-11-17,110.6621,110.6621,110.131,110.5578,5730329
2016-11-18,110.5769,110.7011,109.641,110.1663,7717773
2016-11-21,110.2427,110.4718,109.6315,109.8225,5843313
2016-11-22,109.431,109.8225,107.2154,107.6642,11649748
2016-11-23,107.1963,108.3232,106.5374,107.9794,8467037
2016-11-25,108.4855,109.0872,108.2754,108.9917,3433340
2016-11-28,108.667,108.9821,107.9603,108.0367,9065730
2016-11-29,107.8648,108.3041,107.1151,107.416,7799649
2016-11-30,107.139,107.4542,106.2891,106.2891,11178468
2016-12-01,106.3464,106.5182,106.0026,106.3655,8143287
2016-12-02,106.6902,107.4637,106.4228,106.9194,6167740
2016-12-05,107.3396,107.3587,106.6997,106.9003,5451568
2016-12-06,107.1868,108.1035,106.8143,107.0149,6530358
2016-12-07,106.8525,106.8525,104.3982,106.0981,11761134
2016-12-08,105.5633,106.1888,104.9808,105.993,7774945
2016-12-09,106.3941,107.3682,106.1936,107.2059,7672088
2016-12-12,107.6165,110.2045,107.5114,110.1663,9544063
2016-12-13,110.3286,110.7488,109.832,110.6724,7051623
2016-12-14,110.8921,112.0189,109.4214,109.8129,9378704
2016-12-15,110.1376,110.7011,109.7174,110.6724,6738083
2016-12-16,111.169,111.2168,110.2618,110.6629,11291124
2016-12-19,110.8443,111.4078,110.7202,110.7966,6310789
2016-12-20,110.7584,111.0162,109.7365,110.4528,5715163
2016-12-21,110.9685,110.9685,109.5742,110.1185,5907740
2016-12-22,109.8225,110.3248,108.7529,110.2427,4602309
2016-12-23,110.2045,111.0831,110.109,110.7393,2993339
2016-12-27,110.6724,110.7775,110.1854,110.6915,3232942
2016-12-28,110.6629,110.9303,109.8702,109.918,3278292
2016-12-29,110.0421,110.6533,109.832,110.2904,2993622
2016-12-30,110.5865,110.7679,109.7986,110.023,5506734
2017-01-03,110.5674,110.7775,110.0421,110.6247,5953048
2017-01-04,110.3,110.9971,110.1185,110.4432,5828946
2017-01-05,110.7775,111.7038,110.2428,111.5988,6217214
2017-01-06,111.4173,111.7325,110.5483,111.064,5221381
2017-01-09,111.1117,111.36,110.6724,111.0449,5457539
2017-01-10,110.8061,111.7325,110.6533,110.9303,5312812
2017-01-11,110.8539,111.0162,108.8866,109.5647,8887197
2017-01-12,109.1254,109.5647,108.2659,109.4596,6627250
2017-01-13,109.7652,109.8416,109.2877,109.4405,4935188
2017-01-17,108.8102,109.8702,108.5524,109.6983,6255447
2017-01-18,109.7652,109.918,109.2591,109.536,5014570
2017-01-19,109.5169,109.727,108.7911,109.0585,5540831
2017-01-20,109.3355,109.8511,108.9439,109.0108,7502425
2017-01-23,109.3546,109.6029,108.6765,108.7816,7989760
2017-01-24,107.8266,108.199,106.1458,106.7284,12450307
2017-01-25,106.8907,107.7215,105.7734,107.7215,9385502
2017-01-26,106.9576,107.7597,106.5756,106.8048,10164341
2017-01-27,106.9576,108.428,106.8621,108.2754,8885867
2017-01-30,108.2945,108.4855,107.7693,108.0367,6969430
2017-01-31,107.712,108.2945,107.3682,108.1513,8713408
2017-02-01,107.416,108.2181,107.4064,108.1322,7082322
2017-02-02,107.7406,108.5046,107.6929,108.4569,7826308
2017-02-03,108.39,108.5428,107.5878,108.5237,7267569
2017-02-06,108.3518,108.476,107.5496,108.2945,6178433
2017-02-07,108.4855,108.5046,107.9603,108.3709,5507915
2017-02-08,108.199,108.5715,108.0558,108.2945,5271951
2017-02-09,108.3614,109.4883,108.2945,108.9439,5854606
2017-02-10,109.1731,110.7679,109.0872,110.0517,6438536
2017-02-13,110.0899,110.8921,110.0326,110.6629,5710779
2017-02-14,110.2427,111.1595,110.1281,111.1213,5539136
2017-02-15,110.682,112.1717,110.3859,111.9234,5979679
2017-02-16,111.7325,112.9548,111.7277,112.7638,7119291
2017-02-17,112.8689,113.5469,112.7352,113.5087,8691397
2017-02-21,113.0694,114.4923,112.993,114.2727,8595110
2017-02-22,113.9098,114.3777,113.8812,114.139,5103903
2017-02-23,114.139,116.4118,114.1008,116.2208,9980945
2017-02-24,116.7977,117.9897,116.2209,117.9801,10834986
2017-02-27,117.4033,118.1243,117.3776,117.6629,5946157
2017-02-28,117.2879,117.9032,117.2207,117.4802,8885513
2017-03-01,117.7494,119.6335,117.6821,119.0663,9393869
2017-03-02,118.9606,119.547,118.2589,118.8452,6950220
2017-03-03,118.6338,119.1336,118.4607,118.9991,5593811
2017-03-06,118.2492,119.6112,117.8551,118.9222,6670681
2017-03-07,117.8359,119.6431,117.6532,119.0375,6643988
2017-03-08,118.9606,119.8546,118.7203,119.2971,7909858
2017-03-09,119.7585,121.3254,119.3643,121.0755,8571147
2017-03-10,121.162,121.5946,120.6813,121.3254,7395375
2017-03-13,120.9601,122.0368,120.9217,121.7772,7162476
2017-03-14,121.9502,122.8058,121.8637,122.1329,7679707
2017-03-15,122.1329,124.0074,121.7003,123.969,8360637
2017-03-16,123.4691,123.719,122.825,123.4883,7610720
2017-03-17,123.4787,123.9497,122.9981,123.1038,13300756
2017-03-20,123.0846,123.4499,123.0173,123.1134,5827497
2017-03-21,123.4114,123.4787,122.2194,122.3251,7578634
2017-03-22,122.1329,122.7097,121.3254,121.3735,10272668
2017-03-23,121.2197,122.0867,120.7967,121.0274,8508073
2017-03-24,120.9889,121.4696,120.2872,120.6236,6490304
2017-03-27,120.316,121.2581,120.3064,120.9313,5004285
2017-03-28,120.7582,120.912,119.9507,120.7967,5287559
2017-03-29,120.2103,120.4795,119.547,120.0853,3971828
2017-03-30,119.9123,120.5756,119.4701,119.8354,4711693
2017-03-31,119.3067,119.994,119.2298,119.7296,5657560
2017-04-03,119.9027,120.4602,119.4729,119.8642,4956532
2017-04-04,119.6912,119.9363,119.4124,119.8546,5358474
2017-04-05,119.8931,120.7405,119.5951,119.97,5646251
2017-04-06,120.018,120.6044,119.6816,120.2103,4324385
2017-04-07,120.2776,120.614,119.9988,120.0853,3615126
2017-04-10,120.0373,120.1142,119.422,119.5278,4594234
2017-04-11,119.4509,119.9604,119.1529,119.4124,4161540
2017-04-12,119.72,120.6044,119.547,120.5467,5556604
2017-04-13,120.2872,120.7871,120.1238,120.1526,5396539
2017-04-17,120.1815,120.9409,120.0949,120.8544,5367465
2017-04-18,118.4127,118.5953,116.269,117.1053,13485682
2017-04-19,117.3745,117.5475,116.4228,116.6727,6993098
2017-04-20,117.1437,117.4225,116.6535,117.1534,6330136
2017-04-21,117.0668,117.3168,116.8361,117.0476,6021721
2017-04-24,117.7782,118.4415,117.4225,118.1339,5679021
2017-04-25,118.5665,118.9558,118.2492,118.653,5089987
2017-04-26,118.9991,119.4509,118.7011,118.7299,5021839
2017-04-27,118.7972,119.4948,118.6241,118.951,4225165
2017-04-28,119.0567,119.1048,118.3646,118.6914,4381766
2017-05-01,118.6241,118.9846,118.2396,118.5665,4556360
2017-05-02,118.7395,118.951,118.1339,118.9125,4881641
2017-05-03,118.8068,118.9125,118.2781,118.5569,3736531
2017-05-04,118.9029,119.1529,118.4607,119.1529,3753201
2017-05-05,119.0087,119.0087,118.105,118.7299,4139755
2017-05-08,118.7491,119.0087,118.2589,118.48,3609058
2017-05-09,118.4607,118.6914,118.1243,118.4415,3762488
2017-05-10,118.1531,118.2925,117.6436,118.057,4237412
2017-05-11,117.759,118.4415,117.6052,118.4319,4095893
2017-05-12,118.3454,119.2971,118.2492,118.8549,4097060
2017-05-15,119.5951,122.4309,119.5182,122.0752,9854621
2017-05-16,122.4117,123.4018,122.1425,122.825,7233801
2017-05-17,121.7003,122.9404,121.5561,121.7676,6480802
2017-05-18,121.5657,122.9211,121.0851,122.056,6571254
2017-05-19,122.1137,122.4597,121.5465,122.0848,6957196
2017-05-22,121.7291,122.7097,121.7291,122.3348,4858199
2017-05-23,122.3828,123.1903,122.3828,122.5847,3973025
2017-05-24,122.8442,123.0461,122.3636,122.5751,3968185
2017-05-25,122.6429,123.4944,122.2461,123.4073,5294263
2017-05-26,123.117,123.5428,122.7299,122.817,4005234
2017-05-30,122.6041,123.2719,122.1106,123.0009,3665353
2017-05-31,123.2331,124.6363,123.2331,124.104,8813511
2017-06-01,124.1718,124.6169,123.9782,124.6169,5790899
2017-06-02,124.8782,125.9329,124.6653,125.8749,6562557
2017-06-05,125.7684,126.4748,125.6039,126.1458,4634663
2017-06-06,125.9716,127.0845,125.8265,126.6006,5619093
2017-06-07,126.7651,127.2296,126.3587,126.5232,5765471
2017-06-08,126.7651,127.1522,125.7588,126.3297,8101669
2017-06-09,126.1555,127.4425,126.0974,127.278,5993031
2017-06-12,127.3845,127.7715,126.8522,127.5586,8020951
2017-06-13,127.4909,128.4392,127.1522,127.7522,5733817
2017-06-14,128.2263,129.2424,128.2263,128.4779,7329376
2017-06-15,127.7328,129.0392,127.5441,128.7392,5264996
2017-06-16,129.3972,130.2536,128.7392,130.0068,12639630
2017-06-19,129.8133,130.3262,129.1746,129.7359,7488704
2017-06-20,129.5714,130.3988,129.5714,129.881,5201174
2017-06-21,129.9488,130.7423,129.6875,130.5487,5841053
2017-06-22,131.0713,132.5712,130.8971,131.6519,7311037
2017-06-23,131.0713,132.097,130.9455,132.0196,9007077
2017-06-26,132.068,132.4734,131.797,131.9325,5561844
2017-06-27,132.0873,132.3099,130.6262,130.6455,6120536
2017-06-28,131.5551,131.797,129.2521,129.494,6557871
2017-06-29,129.0876,129.4046,128.0328,128.3521,5749952
2017-06-30,128.4102,128.894,128.0038,128.0134,5264416
2017-07-03,128.4973,129.0101,128.3618,128.6037,2930998
2017-07-05,128.6811,129.7262,128.1392,129.3198,4302669
2017-07-06,129.2908,129.6391,128.1247,128.236,4282244
2017-07-07,128.6134,128.7005,127.4328,128.2554,4994080
2017-07-10,128.4489,128.5747,126.9877,127.2974,4019587
2017-07-11,127.1812,127.5296,126.262,126.9877,3733072
2017-07-12,127.7715,128.594,127.5102,127.9554,5053248
2017-07-13,127.8296,127.9457,126.7555,127.5973,4424422
2017-07-14,127.7328,128.7005,127.4812,128.3134,4383133
2017-07-17,128.4199,128.6327,127.4909,127.878,4939384
2017-07-18,127.3651,130.5874,126.8427,130.1133,10255960
2017-07-19,130.481,131.0326,130.1713,130.839,5503298
2017-07-20,131.3422,132.6486,131.2358,132.1551,6088612
2017-07-21,130.9552,131.8648,130.7326,130.9358,6773546
2017-07-24,130.6262,130.7907,128.5553,128.7102,8306671
2017-07-25,129.4166,129.5229,127.2006,127.6167,6262907
2017-07-26,127.4038,127.9651,126.5232,126.7168,5382182
2017-07-27,126.62,126.9103,125.3824,126.6006,5838110
2017-07-28,126.9006,127.7231,126.3007,127.5877,4970860
2017-07-31,127.8683,129.2617,127.8296,128.4295,5440788
2017-08-01,128.865,129.0392,128.0038,128.2263,3837566
2017-08-02,127.8102,128.2166,127.249,127.8876,4032147
2017-08-03,127.6457,129.0876,127.2587,129.0392,4327314
2017-08-04,129.4166,129.6778,128.507,128.8747,3192805
2017-08-07,128.7876,129.165,128.2263,128.565,3010828
2017-08-08,128.2166,128.507,127.1522,127.9941,5535804
2017-08-09,128.5166,129.0972,128.086,128.9231,6332347
2017-08-10,128.7392,129.5231,128.0909,128.7876,5607853
2017-08-11,129.3198,130.1423,128.4586,128.7973,4270571
2017-08-14,129.8617,130.0262,128.5747,129.165,3041064
2017-08-15,129.523,129.6101,128.8892,129.0682,3931763
2017-08-16,129.7456,130.6068,129.5327,129.8327,4469937
2017-08-17,129.8423,130.3842,128.7309,128.7392,5741389
2017-08-18,128.3812,129.4553,128.1015,128.3424,4792761
2017-08-21,128.0038,129.3295,127.9143,129.1359,4659993
2017-08-22,128.1266,128.9836,127.8637,128.7499,3277861
2017-08-23,130.0843,130.1423,128.3618,128.507,5129938
2017-08-24,128.5263,128.7779,127.9941,128.594,5398432
2017-08-25,128.4577,129.0907,128.1753,128.2337,4133347
2017-08-28,128.2337,128.6622,128.0487,128.2922,5349181
2017-08-29,128.1266,128.9836,127.8637,128.7499,3277875
2017-08-30,128.5453,128.5453,127.4741,127.6397,5430781
2017-08-31,127.9513,129.0323,127.815,128.9057,7407143
2017-09-01,129.1296,129.1783,127.5082,127.6007,3820814
2017-09-05,127.2988,127.7468,126.325,126.5003,5154935
2017-09-06,127.1236,127.5715,126.8022,127.2502,5601903
2017-09-07,127.4352,129.0517,126.8411,128.7304,3800234
2017-09-08,128.5453,128.8764,127.4449,127.552,4854414
2017-09-11,127.9318,129.8503,127.591,129.7237,5724233
2017-09-12,130.3275,130.3761,128.4772,129.1589,5465190
2017-09-13,129.1978,130.2463,128.3993,128.9836,4679486
2017-09-14,128.6817,130.9507,128.5356,130.6683,6274510
2017-09-15,131.2623,131.9051,130.6683,130.9312,15522011
2017-09-18,130.9215,132.2167,130.6001,131.8369,5261593
2017-09-19,131.4863,132.2362,130.8338,131.6811,4903837
2017-09-20,129.7626,130.7754,128.8764,129.7334,8705535
2017-09-21,129.8211,130.3177,127.9391,128.3019,6051811
2017-09-22,128.5356,128.9251,127.8346,127.9513,4334862
2017-09-25,128.0292,128.3116,127.406,127.7371,6017418
2017-09-26,128.0584,128.4869,127.3962,127.5131,4516193
2017-09-27,127.5715,127.6592,126.0426,126.3542,5796066
2017-09-28,126.51,126.8606,125.9063,126.0816,3992740
2017-09-29,126.1887,127.0554,125.6726,126.6074,5736925
2017-10-02,126.7535,127.8929,126.6172,127.7858,4492936
2017-10-03,128.2045,128.9349,127.9221,128.6427,3900761
2017-10-04,128.9349,129.6945,128.6427,129.4121,3589047
2017-10-05,129.4121,129.8211,128.8959,129.7042,3741108
2017-10-06,129.5192,129.7626,129.0128,129.7334,2469506
2017-10-09,130.1619,130.3128,129.6847,129.9574,3751097
2017-10-10,130.0645,130.6196,129.4413,130.3956,4184588
2017-10-11,131.35,133.4924,130.8533,133.0737,8269430
2017-10-12,132.7718,133.9209,132.4601,133.2489,5172806
2017-10-13,133.025,133.8235,132.7718,132.8594,4106625
2017-10-16,132.8789,133.6677,131.9927,132.5575,5120140
2017-10-17,134.067,137.4267,133.4729,137.1053,11717348
2017-10-18,137.1053,137.8746,136.4041,136.9982,6827734
2017-10-19,137.0274,139.238,136.857,138.3226,9181291
2017-10-20,138.6537,139.8612,138.1181,138.6732,5634523
2017-10-23,138.4102,140.5744,138.3625,139.8612,6685964
2017-10-24,139.6275,139.6275,137.2416,137.9331,6585767
2017-10-25,137.4656,139.4814,137.2703,138.6926,4856522
2017-10-26,138.7803,139.9878,137.6799,138.0986,5841067
2017-10-27,137.3098,138.9653,136.5307,138.0694,5140654
2017-10-30,137.3877,137.5143,135.6738,136.336,6034336
2017-10-31,136.3555,136.5892,135.3427,135.7614,4832136
2017-11-01,136.1704,136.9105,135.6932,136.3165,5006771
2017-11-02,136.4431,136.6184,135.4693,136.2678,3494055
2017-11-03,136.073,136.7255,135.6543,136.4139,2736951
2017-11-06,136.3457,136.8132,136.0633,136.1023,4220666
2017-11-07,136.4139,136.482,135.2745,136.112,4201853
2017-11-08,136.0438,138.157,135.8102,137.6214,4440729
2017-11-09,137.1735,137.7091,136.1412,136.6768,3513501
2017-11-10,136.4626,136.4626,134.9824,135.9075,4240786
2017-11-13,135.3719,136.3555,134.7973,136.1023,4322275
2017-11-14,135.9172,136.6128,135.2842,135.8393,4078239
2017-11-15,135.5861,136.1704,135.1187,135.4595,4811462
2017-11-16,135.7712,136.0244,135.0116,135.2355,4193806
2017-11-17,134.6805,135.2258,134.2812,134.3883,4247381
2017-11-20,134.5344,134.9337,134.1351,134.3202,4266264
2017-11-21,134.8265,135.6153,134.5733,134.7194,5660581
2017-11-22,134.6805,134.7584,133.025,133.6969,3917467
2017-11-24,133.9014,134.7584,133.7164,134.3981,2606832
2017-11-27,134.7313,135.5151,134.7019,135.3093,3933071
2017-11-28,135.5053,137.6902,135.458,137.1905,5052825
2017-11-29,137.3865,137.7882,136.1422,136.9848,5851449
2017-11-30,137.2297,137.4453,135.6817,136.5145,8941892
2017-12-01,136.7496,137.6902,135.7992,137.1513,5990487
2017-12-04,137.7784,138.6406,136.1226,136.2009,5916688
2017-12-05,137.0534,137.9646,136.3871,136.8476,6745335
2017-12-06,137.4159,139.0913,137.3571,138.2095,5591702
2017-12-07,138.1507,138.6396,136.4459,137.1807,4713177
2017-12-08,137.1709,137.9156,136.975,137.749,5101341
2017-12-11,137.2689,138.3173,137.0044,138.2879,4358620
2017-12-12,139.1893,140.6688,139.1697,139.7184,8016720
2017-12-13,139.6204,140.5316,139.3363,140.0025,6118375
2017-12-14,140.6982,140.7178,138.7484,138.7876,5337934
2017-12-15,139.8458,140.2475,138.915,139.5812,12516980
2017-12-18,139.5518,140.8941,138.5436,138.9346,5833232
2017-12-19,138.8562,139.5028,138.5035,138.915,6580136
2017-12-20,139.4147,139.6988,138.2291,138.3075,6289782
2017-12-21,138.8954,139.2971,138.1703,138.2095,6284711
2017-12-22,138.0527,138.4937,137.2101,137.2885,4665587
2017-12-26,137.6216,137.7,136.8574,137.2591,3271087
2017-12-27,137.5824,138.2977,137.3669,137.7294,3753629
2017-12-28,137.8568,138.1507,137.4943,137.7196,2484959
2017-12-29,138.1311,138.3539,136.7594,136.8966,4452924
2018-01-02,136.8378,137.1219,135.9168,136.4165,6842124
2018-01-03,136.5439,137.8372,136.0932,137.7196,5350496
2018-01-04,137.6118,138.2879,137.3865,137.7098,4837642
2018-01-05,137.847,138.9542,137.4463,138.8464,6158754
2018-01-08,138.8366,139.1305,138.0723,139.0227,5129798
2018-01-09,139.493,142.7362,139.3853,141.2273,8897002
2018-01-10,140.6492,141.242,140.4238,141.0607,6558622
2018-01-11,141.2175,141.9719,140.7864,141.8641,4962160
2018-01-12,142.0601,143.4612,141.9719,142.8145,5450570
2018-01-16,143.4612,145.0681,143.0791,143.8923,8804005
2018-01-17,144.8525,145.3228,142.5402,144.0099,10619654
2018-01-18,143.9609,144.4606,143.0203,143.9511,5554815
2018-01-19,144.4802,144.6663,143.4612,144.3822,8738791
2018-01-22,144.0393,145.1464,143.7551,145.1464,7010438
2018-01-23,143.9903,144.4606,138.7582,138.964,17473631
2018-01-24,140.6002,140.659,138.9346,139.1991,13034368
2018-01-25,139.4343,141.7368,139.3368,141.482,7938846
2018-01-26,141.58,142.6578,141.2175,142.3932,8065646
2018-01-29,141.9229,142.0111,140.6296,140.7766,8013444
2018-01-30,140.5022,140.9137,139.5518,139.5518,8376092
2018-01-31,139.689,139.689,135.3093,135.3975,13137396
2018-02-01,134.7508,137.8274,134.2316,137.1905,9393645
2018-02-02,136.2107,137.5237,134.6039,134.8978,9262508
2018-02-05,133.82,134.2316,119.6816,127.7551,19954145
2018-02-06,127.3828,130.3026,125.4134,129.166,19193520
2018-02-07,129.2248,130.7337,128.6957,128.7643,10550411
2018-02-08,128.2646,128.5978,123.5616,123.8066,11680221
2018-02-09,124.9431,128.2744,122.9052,126.9125,15030881
2018-02-12,127.373,128.6663,125.0955,127.6376,9963943
2018-02-13,126.599,127.9609,126.0993,127.3338,6339029
2018-02-14,126.8243,127.3877,125.7955,127.0497,6259662
2018-02-15,127.471,128.6271,126.7851,128.5782,5606447
2018-02-16,128.3136,131.7331,128.196,130.4594,7970065
2018-02-20,130.185,130.7533,128.0197,128.2254,6563538
2018-02-21,128.1568,129.7586,127.2358,127.2848,6578047
2018-02-22,127.471,128.3724,126.8635,127.2848,5732245
2018-02-23,127.4612,129.411,127.3926,129.3522,5126832
2018-02-26,129.8749,131.5467,129.1747,130.2298,6684416
2018-02-27,130.3679,131.2356,129.7664,129.8354,7158550
2018-02-28,130.1115,130.4862,128.0605,128.0703,7985941
2018-03-01,127.3111,128.307,124.7572,125.5066,9424007
2018-03-02,125.1417,127.3111,125.1417,127.0251,6910426
2018-03-05,126.8378,128.4845,126.394,127.9816,5799799
2018-03-06,128.1887,128.3859,126.1377,126.4335,5546530
2018-03-07,125.7038,127.528,125.4967,127.2421,6391661
2018-03-08,127.528,130.4566,127.528,130.22,6423362
2018-03-09,130.6637,131.9555,129.7269,131.9357,7557814
2018-03-12,131.9357,132.3597,130.4763,130.782,4942046
2018-03-13,131.9357,133.5036,131.5906,132.4781,9152306
2018-03-14,133.3557,133.8093,130.0622,130.4763,6770620
2018-03-15,130.7031,132.3696,130.6243,131.206,6147165
2018-03-16,131.3046,132.5274,130.2594,131.8174,14233523
2018-03-19,131.492,131.6103,127.5576,128.4253,6016952
2018-03-20,128.9578,129.9439,127.5773,129.3818,6214255
2018-03-21,129.5692,130.9299,128.8395,129.3621,5158743
2018-03-22,128.6521,128.8592,125.3291,125.6052,7560078
2018-03-23,125.8517,126.0884,123.1597,123.3569,8452497
2018-03-26,124.6487,125.763,123.4654,125.615,8358246
2018-03-27,125.3389,127.3012,124.629,125.4376,7789861
2018-03-28,125.8517,127.2223,125.4376,125.6742,6868531
2018-03-29,126.187,126.966,125.053,126.3645,6119424
2018-04-02,126.0391,126.0982,121.8187,122.8245,8916907
2018-04-03,123.4358,126.6948,122.9428,126.5617,8034954
2018-04-04,125.1319,129.2931,124.629,128.593,7717054
2018-04-05,128.593,129.372,127.6956,128.8888,5621686
2018-04-06,128.4056,128.8198,124.6487,126.3151,6399310
2018-04-09,126.8575,129.3128,125.901,127.6759,6395848
2018-04-10,128.4352,129.0856,127.4886,128.4352,6069549
2018-04-11,127.3407,128.5338,127.2322,127.8238,4575422
2018-04-12,128.2774,129.4804,128.0506,128.6127,4559776
2018-04-13,129.2635,129.5889,127.8238,128.8,4742250
2018-04-16,129.579,131.0285,129.4508,129.9242,6379562
2018-04-17,130.2693,130.358,127.0153,128.7212,11008695
2018-04-18,127.883,128.0901,125.1713,125.9404,9383604
2018-04-19,125.8517,126.4828,125.1195,125.7728,5959525
2018-04-20,126.2165,126.5124,124.412,124.8952,7743916
2018-04-23,125.1121,125.5263,124.0275,125.0628,7501870
2018-04-24,125.1713,125.6841,123.564,124.4318,6577490
2018-04-25,124.1557,125.0826,123.5344,124.9938,5842088
2018-04-26,124.8558,127.4195,124.8558,126.2264,8211074
2018-04-27,125.9503,126.9955,125.7235,126.4828,4266797
2018-04-30,127.0646,127.1829,124.7276,124.7276,8219410
2018-05-01,124.56,124.8755,123.2288,124.2543,5122550
2018-05-02,123.7711,124.4219,121.4834,121.7792,7390805
2018-05-03,121.582,121.9617,119.5902,121.3158,7282886
2018-05-04,120.8918,122.7752,120.1029,122.4596,6127629
2018-05-07,122.4103,123.495,121.6017,121.868,6707913
2018-05-08,121.1482,121.7694,119.9945,120.9016,5951815
2018-05-09,121.2763,122.3216,120.8228,121.7891,6808562
2018-05-10,122.4892,124.2937,122.2673,123.6035,4948013
2018-05-11,124.0176,125.8221,124.0078,125.4671,5716654
2018-05-14,125.5756,125.832,123.85,124.3036,6101637
2018-05-15,123.7908,124.0768,122.6667,123.3865,5875704
2018-05-16,123.6922,124.1458,123.2583,123.6035,3818114
2018-05-17,123.7415,123.8401,121.8285,122.1244,6473359
2018-05-18,122.0553,122.7061,121.5623,122.5089,5433919
2018-05-21,122.8836,123.2485,121.6017,121.9962,5558662
2018-05-22,122.0751,122.5089,121.0496,121.1975,7172652
2018-05-23,121.158,122.2427,121.0298,121.7299,4940832
2018-05-24,121.5031,121.6708,119.8564,120.5467,6923611
2018-05-25,120.7553,121.9871,120.3281,120.6659,4594795
2018-05-29,119.7023,120.0003,117.8357,118.6096,9821920
2018-05-30,119.3248,120.7751,118.7486,120.1692,6423721
2018-05-31,120.1195,120.4473,118.7486,118.8281,10337475
2018-06-01,119.5831,120.5169,119.1758,120.4573,5741030
2018-06-04,121.0434,121.5599,120.2188,121.1427,4853030
2018-06-05,121.242,121.7437,120.0996,120.6758,5125356
2018-06-06,121.1626,121.9771,120.6575,121.9771,6799291
2018-06-07,122.1857,122.6725,121.4606,122.5136,7414082
2018-06-08,122.5434,124.0185,122.5136,123.2387,6208077
2018-06-11,123.4473,123.5169,121.7387,121.848,5571389
2018-06-12,122.3447,122.3645,121.1427,121.7288,5227303
2018-06-13,122.3347,123.2685,121.6493,121.8182,5836904
2018-06-14,121.8977,122.3347,121.2818,121.5996,5239195
2018-06-15,121.2917,121.916,120.4375,121.7983,13173510
2018-06-18,120.8049,121.0061,119.4539,120.5169,6787408
2018-06-19,119.8612,122.3581,119.7718,121.7586,8572409
2018-06-20,121.6096,121.848,120.8546,121.2321,6277185
2018-06-21,121.0235,121.4308,120.3083,120.646,4417154
2018-06-22,120.8745,122.5632,120.8447,122.0268,10305307
2018-06-25,122.0069,122.6129,120.7056,121.7785,8170503
2018-06-26,121.6791,122.0765,120.795,121.54,5496350
2018-06-27,121.3215,122.1559,120.6487,120.8049,5666040
2018-06-28,120.9738,121.5996,120.2685,121.1924,5296978
2018-06-29,121.4308,122.3645,120.3877,120.5367,7728480
2018-07-02,120.5367,120.9241,119.3149,120.7751,5481356
2018-07-03,120.8447,122.6427,120.4573,121.8977,4248060
2018-07-05,122.7818,124.2917,122.4142,124.1725,7319147
2018-07-06,124.3314,125.0864,123.7851,124.9175,7312163
2018-07-09,125.3844,125.9109,124.7685,125.2155,6706121
2018-07-10,125.5334,126.6758,125.2752,126.5367,5075638
2018-07-11,126.5665,126.5964,125.2255,125.4043,4827374
2018-07-12,126.8646,127.3612,126.3281,126.9142,6198989
2018-07-13,124.4904,126.656,124.4904,125.0963,8252131
2018-07-16,125.1659,125.2652,123.3381,123.8646,7314433
2018-07-17,127.6791,129.6758,126.7193,128.2553,12858746
2018-07-18,127.9573,128.1957,126.3281,126.954,7152355
2018-07-19,126.6858,126.8546,125.0367,125.1063,5984636
2018-07-20,124.4705,125.305,124.2917,125.0169,5862442
2018-07-23,124.9175,125.8414,124.6195,125.7917,4631107
2018-07-24,126.3977,128.7619,126.3083,128.5036,7159042
2018-07-25,128.2851,128.3745,126.805,127.7685,6539081
2018-07-26,129.0401,130.3513,128.9904,129.4175,7640607
2018-07-27,129.1195,131.3944,129.0798,130.6791,6735319
2018-07-30,130.9076,131.6129,130.3811,131.295,11013512
2018-07-31,131.4043,131.7619,130.8977,131.6427,7598851
2018-08-01,131.5136,132.0798,131.2056,131.7619,5770569
2018-08-02,132.0103,132.1195,130.2222,130.3811,6563468
2018-08-03,130.3116,131.8215,130.0334,131.0765,6498714
2018-08-06,130.7685,131.6527,130.1427,131.146,5840245
2018-08-07,131.007,131.295,130.4308,130.5897,4664630
2018-08-08,130.6195,130.9275,130.0235,130.3017,3721868
2018-08-09,130.6692,130.848,129.805,130.3315,4058143
2018-08-10,130.3215,130.7586,129.3977,129.8844,4324061
2018-08-13,129.8546,130.0334,128.9904,129.3579,3778022
2018-08-14,128.8116,129.6063,128.4937,128.6427,4543002
2018-08-15,128.8911,129.8745,128.0765,129.5666,5377274
2018-08-16,130.1526,132.0003,129.7056,131.603,7861491
2018-08-17,131.5732,134.1063,131.3149,133.5798,6701056
2018-08-20,134.0368,136.2123,133.1129,135.9739,7935000
2018-08-21,136.0931,136.5202,134.4043,134.454,5832414
2018-08-22,134.6626,134.7818,133.5301,133.7189,4688593
2018-08-23,133.7189,134.5931,133.2123,134.2156,5057560
2018-08-24,134.2156,135.2451,133.9374,135.05,4809565
2018-08-27,135.5,136.05,134.21,134.92,4325878
2018-08-28,134.78,134.9,133.89,134.32,6037517
2018-08-29,134.32,134.944,133.94,134.86,4648795
2018-08-30,134.7,135.6,134.6,134.95,4822040
2018-08-31,134.6,135.0,133.97,134.69,6139494
2018-09-04,134.69,134.75,133.44,133.72,4406793
2018-09-05,133.48,135.94,133.46,135.86,6174815
2018-09-06,135.5,137.31,135.18,136.87,6562238
2018-09-07,136.78,137.69,135.745,137.32,6375196
2018-09-10,137.53,138.4716,137.06,137.21,4892017
2018-09-11,137.64,138.91,137.22,138.51,7856779
2018-09-12,138.9,139.99,138.56,139.36,6767681
2018-09-13,139.89,140.48,139.02,139.89,6456132
