date,open,high,low,close,volume
2013-09-16,52.6585,52.8827,52.4516,52.5723,1309547
2013-09-17,52.1154,52.305,51.8222,52.2792,2221519
2013-09-18,52.2188,52.9603,51.9774,52.7706,2243226
2013-09-19,52.7361,52.8223,52.1757,52.6585,2646908
2013-09-20,52.6585,52.6585,52.1412,52.2188,2196329
2013-09-23,52.0636,52.2102,51.7447,51.9343,1131023
2013-09-24,51.8567,51.8826,51.4429,51.6929,1543959
2013-09-25,51.7102,51.8654,51.5636,51.624,1778824
2013-09-26,51.624,51.805,51.4084,51.5981,1675664
2013-09-27,51.4688,51.4903,50.5118,50.8825,2125025
2013-09-30,50.6842,50.9256,50.5118,50.6325,1764969
2013-10-01,50.4515,50.7015,50.2963,50.6498,2181138
2013-10-02,50.5032,50.7877,50.0118,50.7705,1721828
2013-10-03,50.6756,51.0205,50.486,50.7705,1804926
2013-10-04,50.7705,51.236,50.5722,51.1756,1348563
2013-10-07,50.8912,51.5377,50.8825,51.3136,1444937
2013-10-08,51.2963,51.7533,50.986,51.3826,2683630
2013-10-09,51.5205,51.6412,50.8567,51.3912,2536620
2013-10-10,51.7705,52.2964,51.5895,52.2964,1075274
2013-10-11,52.305,52.4085,52.0464,52.3826,931419
2013-10-14,52.0723,52.1499,51.7705,51.9774,1195001
2013-10-15,51.9688,52.1111,51.6584,51.7188,1005359
2013-10-16,52.0205,52.6585,51.8826,52.305,2181540
2013-10-17,52.1757,52.5895,52.0714,52.5551,1374876
2013-10-18,52.6326,53.1068,52.6068,52.9775,2213018
2013-10-21,52.1585,52.6844,51.9429,52.6326,1639188
2013-10-22,52.7016,53.5034,52.5723,53.3568,1415412
2013-10-23,53.2965,53.8827,53.2361,53.7275,1506325
2013-10-24,53.8655,53.8655,53.2879,53.5637,1142550
2013-10-25,53.4689,53.8224,53.262,53.8224,1108526
2013-10-28,53.8137,54.8569,53.7362,54.7017,2916853
2013-10-29,54.8397,55.5208,54.7534,55.4173,2444574
2013-10-30,55.3138,55.4173,54.8828,54.9949,1959719
2013-10-31,54.9518,55.0337,54.469,54.5293,1911726
2013-11-01,54.4517,54.5638,53.5827,53.7017,3515331
2013-11-04,54.7535,55.9691,53.8569,54.0724,6389405
2013-11-05,53.5982,54.5552,53.2922,54.3914,2350020
2013-11-06,54.4517,54.8138,54.2707,54.6155,1688188
2013-11-07,54.6155,54.7448,53.4861,53.5206,1495395
2013-11-08,53.3827,53.6155,52.8223,53.6155,1460646
2013-11-11,53.7534,53.9319,53.193,53.3999,900263
2013-11-12,53.3913,53.4948,53.0936,53.4948,1175370
2013-11-13,53.1413,53.8655,52.9861,53.8569,1558944
2013-11-14,54.081,54.5897,53.9172,54.5724,1659722
2013-11-15,54.3138,54.4,53.7362,53.9776,1665542
2013-11-18,54.1931,54.1931,53.4517,53.7706,1233161
2013-11-19,53.5724,53.6672,53.1672,53.2016,1850549
2013-11-20,53.1413,53.4086,52.6154,52.7102,1792303
2013-11-21,52.9775,53.443,52.8309,53.2275,4853763
2013-11-22,53.3051,53.8913,53.0637,53.8569,5072529
2013-11-25,54.0638,54.0939,53.4603,53.5637,1173423
2013-11-26,53.4603,53.5991,52.9171,53.2189,2366700
2013-11-27,53.2797,53.4317,52.8628,52.8801,1632964
2013-11-29,52.9236,52.9844,52.6282,52.6717,1070972
2013-12-02,52.6717,52.8801,52.3156,52.6282,1911981
2013-12-03,52.4806,53.2059,52.4806,53.0973,2826704
2013-12-04,52.9062,53.1234,52.663,52.8975,1595968
2013-12-05,52.8193,52.8888,52.5501,52.6196,1161592
2013-12-06,52.9757,53.6011,52.967,53.5403,1530446
2013-12-09,53.6011,54.1222,53.6011,53.8009,1722804
2013-12-10,53.6445,53.7453,52.9583,53.0625,1398453
2013-12-11,53.2015,53.436,52.9583,53.0191,2016287
2013-12-12,53.0886,53.1581,52.6282,52.6717,1620390
2013-12-13,52.8541,52.8715,52.3416,52.5501,1307984
2013-12-16,52.8367,52.9409,52.3416,52.4893,1426108
2013-12-17,52.5501,52.5761,52.0289,52.4111,1328833
2013-12-18,52.0463,52.6109,51.751,52.5761,2530250
2013-12-19,52.498,52.7151,52.1505,52.6369,1412726
2013-12-20,52.6282,53.0973,52.4893,52.5674,1849842
2013-12-23,52.2721,52.524,52.0029,52.4111,1773963
2013-12-24,52.4893,52.5674,52.2895,52.3329,771540
2013-12-26,52.4893,52.8368,52.359,52.7412,944326
2013-12-27,52.7412,53.1407,52.7151,52.967,1026432
2013-12-30,52.9583,53.3231,52.9496,53.2102,1593114
2013-12-31,53.2276,53.4882,52.9149,53.0452,1526250
2014-01-02,52.967,53.1928,52.5935,52.8193,1830452
2014-01-03,52.9757,53.0539,52.5848,52.6196,1413685
2014-01-06,52.802,52.802,52.0115,52.3329,1992949
2014-01-07,52.6543,52.967,52.4458,52.8107,1764368
2014-01-08,52.7846,52.7846,52.1418,52.2721,2058696
2014-01-09,52.3069,52.524,51.9768,52.359,1530223
2014-01-10,52.4545,52.8454,52.4545,52.7933,1052070
2014-01-13,52.6804,53.2102,52.4458,52.4893,1736272
2014-01-14,52.5935,53.1755,52.5588,52.8888,1845591
2014-01-15,53.0017,53.2971,52.6196,53.0712,1449989
2014-01-16,52.8541,53.245,52.7846,53.2363,1522092
2014-01-17,53.2189,53.2189,52.4458,52.524,2113474
2014-01-21,52.9496,53.0799,52.6003,52.7759,1143361
2014-01-22,52.7759,53.0799,52.3503,52.9931,1556223
2014-01-23,52.7933,52.8367,52.3357,52.5501,1026127
2014-01-24,52.4285,52.6196,51.9681,51.9681,1950707
2014-01-27,51.9681,52.3286,51.8986,51.9942,1399764
2014-01-28,52.1071,52.4545,51.8726,52.1418,1909716
2014-01-29,52.0115,52.0115,50.4828,50.7,3133153
2014-01-30,50.9779,51.1169,50.3265,50.4915,2841406
2014-01-31,50.0746,50.7173,49.953,50.3612,2376797
2014-02-03,50.3873,50.5089,49.345,49.4231,2555988
2014-02-04,49.6055,49.8835,49.4058,49.7358,2468937
2014-02-05,49.6837,50.1614,49.51,49.8314,3136987
2014-02-06,49.51,50.2222,48.3721,50.1528,6290757
2014-02-07,50.3786,50.8719,50.1614,50.6913,3172661
2014-02-10,50.6913,51.5512,50.6739,51.5338,3306648
2014-02-11,51.1169,52.0463,51.1169,52.0029,3488882
2014-02-12,51.916,52.2113,51.4122,51.6033,2793197
2014-02-13,51.447,51.6902,51.334,51.6641,2665108
2014-02-14,51.8639,52.3416,51.7249,52.2808,1638013
2014-02-18,52.2808,52.359,51.8726,52.22,1366316
2014-02-19,52.2548,52.3503,51.8031,51.8813,2420264
2014-02-20,51.7857,52.4024,51.6294,52.3242,1787831
2014-02-21,52.2374,52.4889,52.055,52.0723,1293532
2014-02-24,52.5414,52.9236,52.233,52.7325,2025918
2014-02-25,52.7846,53.2102,52.6891,52.828,2658688
2014-02-26,52.8715,53.0799,52.385,52.4024,2113867
2014-02-27,52.2287,52.4632,51.9336,52.2548,2152646
2014-02-28,52.3416,52.967,52.2548,52.7151,1872636
2014-03-03,52.4111,52.7754,52.2026,52.6977,2009225
2014-03-04,52.9866,53.678,52.9603,53.6167,2513360
2014-03-05,53.6342,53.783,53.3192,53.6342,2132312
2014-03-06,53.643,53.818,53.4504,53.7655,2137470
2014-03-07,53.8005,53.9143,53.573,53.9143,1629454
2014-03-10,53.9143,54.0697,53.6517,53.9843,1331125
2014-03-11,53.9581,54.2119,53.853,54.0018,1437254
2014-03-12,53.8268,54.3607,53.713,54.3257,1365774
2014-03-13,54.4307,54.4832,54.0281,54.2469,1563241
2014-03-14,53.9056,54.0719,53.2623,53.3016,2356512
2014-03-17,53.6167,53.8093,53.2316,53.2579,1799078
2014-03-18,53.4504,54.2688,53.3016,54.1331,2687763
2014-03-19,54.1331,54.5445,53.8968,54.0281,3380856
2014-03-20,53.9493,54.2644,53.8443,54.1594,1268767
2014-03-21,54.5532,54.6408,53.8793,53.8968,1747092
2014-03-24,53.9843,54.2031,53.7218,53.7393,1109534
2014-03-25,54.0106,54.2557,53.4679,53.9406,1063384
2014-03-26,54.3432,54.3432,53.9143,53.9931,855993
2014-03-27,54.1856,54.2907,53.9756,54.0543,892212
2014-03-28,54.2644,54.4832,54.1331,54.3782,924984
2014-03-31,54.5795,54.9208,54.422,54.8858,1377751
2014-04-01,54.6758,54.9252,54.5357,54.807,1555518
2014-04-02,54.6933,54.9733,54.6495,54.8333,1240724
2014-04-03,55.0171,58.4393,54.8946,58.1067,8017107
2014-04-04,57.7041,58.378,55.656,55.8136,6775842
2014-04-07,55.8311,57.6078,55.7348,56.9426,3712704
2014-04-08,57.1877,57.284,55.9886,56.33,2692338
2014-04-09,57.0564,57.8704,56.9735,57.8529,4040863
2014-04-10,57.7653,58.2205,57.1702,57.424,2855411
2014-04-11,57.2577,57.8966,57.0546,57.4853,2078302
2014-04-14,57.7828,57.7828,57.1089,57.3627,2167249
2014-04-15,57.4415,57.5553,56.8245,57.0739,1904156
2014-04-16,57.3277,57.7828,57.2927,57.7478,3209719
2014-04-17,57.6778,58.0935,57.6691,58.0629,1859355
2014-04-21,57.7653,57.9579,57.354,57.7478,1631595
2014-04-22,57.7566,58.0979,57.487,58.0104,2401783
2014-04-23,57.9491,58.3342,57.9491,58.238,2017804
2014-04-24,58.0979,58.2642,57.6603,58.2292,1198444
2014-04-25,58.0191,58.4218,57.8704,58.3867,1231581
2014-04-28,58.5705,59.0694,58.448,58.8944,1743750
2014-04-29,58.6668,59.0694,58.5837,58.6581,1553279
2014-04-30,58.3605,58.6668,57.9929,58.4918,2940142
2014-05-01,58.5881,58.8506,56.9076,57.2139,3984996
2014-05-02,57.2139,57.4327,56.8113,57.4152,3003189
2014-05-05,57.3277,57.3627,56.7151,56.9339,2209606
2014-05-06,57.1002,57.5203,56.9864,57.1877,2645013
2014-05-07,57.3627,57.8966,57.3146,57.8266,2339957
2014-05-08,57.7566,57.9929,57.599,57.7916,1170100
2014-05-09,57.9929,58.8375,57.7303,58.8244,2325510
2014-05-12,58.9994,60.216,58.9556,59.8834,4235891
2014-05-13,59.6471,59.8309,59.227,59.6121,3030824
2014-05-14,59.6033,59.6033,59.1132,59.1482,1066611
2014-05-15,59.6646,59.8834,58.7106,58.8419,1449779
2014-05-16,58.6318,59.1394,58.6231,59.1132,1690379
2014-05-19,58.9556,59.192,58.6406,59.1657,1570747
2014-05-20,59.1219,59.4108,58.6843,59.332,1907091
2014-05-21,59.4458,59.4458,58.8506,59.332,1056524
2014-05-22,59.2007,59.297,58.9206,59.2095,755061
2014-05-23,59.3845,59.3845,58.9031,59.1307,800307
2014-05-27,59.4983,59.6908,59.262,59.4983,1506021
2014-05-28,59.5158,59.6733,59.3583,59.5333,1065982
2014-05-29,59.6302,60.6877,59.5157,60.5643,1852250
2014-05-30,60.5996,60.8022,60.1678,60.7846,2160502
2014-06-02,60.8022,61.1283,60.8022,60.908,1778074
2014-06-03,60.6084,60.8992,60.5114,60.8727,2798400
2014-06-04,60.767,61.1547,60.7494,61.1459,1428162
2014-06-05,61.2428,61.2428,60.5996,60.6612,1250284
2014-06-06,60.5996,60.7758,60.3,60.7229,1459864
2014-06-09,60.4498,60.7053,59.9387,60.0268,1599694
2014-06-10,59.8241,60.3176,59.8241,59.9739,1398349
2014-06-11,59.9739,60.203,59.3835,59.5774,1471847
2014-06-12,59.6919,59.921,59.0927,59.2425,1116845
2014-06-13,59.1897,59.3835,58.9253,59.2249,1083934
2014-06-16,59.3395,59.5179,59.1209,59.4276,1115351
2014-06-17,59.4364,59.5421,58.7138,58.7755,1792416
2014-06-18,58.4142,58.9253,57.9119,58.8989,2872409
2014-06-19,59.0134,59.2954,58.7931,58.9782,1155950
2014-06-20,59.1103,59.4188,58.987,59.2513,2401906
2014-06-23,59.1897,59.2029,58.238,58.5376,1745974
2014-06-24,58.5111,58.5111,58.0265,58.0441,1088782
2014-06-25,57.7004,57.7004,56.8369,57.1893,2201694
2014-06-26,57.2687,57.3656,56.806,57.1189,1751495
2014-06-27,57.0836,57.2863,56.9162,57.2422,1340634
2014-06-30,57.4537,57.9207,57.1277,57.8943,2392231
2014-07-01,57.7004,58.141,57.4008,58.0353,2132520
2014-07-02,57.9824,58.3085,57.9472,58.2027,1300778
2014-07-03,58.4847,58.8019,58.3261,58.5199,1236705
2014-07-07,58.4583,58.5728,57.9295,58.0353,1798511
2014-07-08,58.0617,58.4318,57.9031,58.2115,1779940
2014-07-09,58.3085,58.564,58.0265,58.2468,1415147
2014-07-10,57.815,58.1498,57.7886,58.0529,1201860
2014-07-11,58.0705,58.2027,57.7445,58.1146,1069600
2014-07-14,58.4054,58.5552,58.1587,58.3349,1011850
2014-07-15,57.5683,57.9119,57.4008,57.7709,3098395
2014-07-16,57.9384,58.1763,57.674,58.1763,1290311
2014-07-17,58.1146,58.2996,57.9031,58.0794,1487341
2014-07-18,58.1939,58.4671,57.9736,58.3085,1365184
2014-07-21,57.9736,58.3613,57.956,58.2468,940312
2014-07-22,58.2908,58.5993,58.2115,58.3966,1081305
2014-07-23,58.5023,58.5376,57.5903,57.6652,1399304
2014-07-24,57.7886,58.0089,57.6916,57.8767,885560
2014-07-25,57.7886,57.9031,57.4449,57.6035,725269
2014-07-28,57.6476,57.7709,57.3832,57.6652,1192250
2014-07-29,57.8414,57.9207,57.1805,57.1805,1125302
2014-07-30,57.4449,57.5242,55.9028,56.1584,2557990
2014-07-31,55.5063,55.6032,52.6776,52.7217,8994185
2014-08-01,54.1757,54.6956,53.9289,54.6868,2614133
2014-08-04,54.1757,54.6956,53.9289,54.6868,2614133
2014-08-05,54.3519,54.6251,54.0082,54.1052,1653303
2014-08-06,53.9906,55.4798,53.9906,55.3212,4225938
2014-08-07,55.4358,55.612,54.6075,54.9687,1768234
2014-08-08,54.9423,55.7618,54.5105,55.7266,1606187
2014-08-11,55.7706,56.4932,55.753,56.2289,1879064
2014-08-12,55.9116,56.079,55.612,55.9116,1407405
2014-08-13,56.0526,56.3963,55.9072,56.3787,1289199
2014-08-14,56.3963,56.4403,56.1407,56.3963,1079222
2014-08-15,56.458,56.8104,56.3963,56.643,2040009
2014-08-18,56.7928,56.8721,56.5373,56.6606,1433775
2014-08-19,56.7047,57.1189,56.643,56.8104,987886
2014-08-20,56.7223,57.4449,56.3698,57.1189,1797565
2014-08-21,57.2422,57.4801,57.1541,57.1717,913588
2014-08-22,57.3039,57.3568,56.5989,56.6606,1647440
2014-08-25,57.0307,57.3391,56.9602,57.1453,1185154
2014-08-26,57.1893,57.6123,56.9779,57.0572,1594954
2014-08-27,57.1779,57.6219,57.0536,57.4887,1351723
2014-08-28,57.1779,57.6219,57.0536,57.4887,1351723
2014-08-29,57.4709,57.8438,57.3555,57.684,1188925
2014-09-02,57.6485,57.9681,57.4265,57.5242,1369137
2014-09-03,57.7373,57.9592,57.5064,57.5242,1197217
2014-09-04,57.5597,58.048,57.4976,57.6485,1517408
2014-09-05,57.5153,57.8971,57.2756,57.8882,898214
2014-09-08,57.6485,57.8438,57.1424,57.2134,1321953
2014-09-09,57.1957,57.4265,56.9205,57.1069,1420049
2014-09-10,57.1069,57.2268,56.8317,57.2134,1363128
2014-09-11,57.0181,57.5127,56.9648,57.4354,1041842
2014-09-12,57.3111,57.4443,56.6719,56.7251,1996753
2014-09-15,56.8228,56.8619,56.4499,56.5831,1731666
2014-09-16,56.4233,57.0625,56.4055,56.7074,2107257
2014-09-17,56.077,56.4144,55.5176,55.7574,3065762
2014-09-18,55.9882,55.9971,55.4732,55.8373,2021465
2014-09-19,56.0415,56.1747,55.6064,55.6331,2513700
2014-09-22,55.6331,55.7396,55.2779,55.3046,1479656
2014-09-23,55.2424,55.4022,54.7008,54.7097,1566407
2014-09-24,54.7807,55.4377,54.7807,55.3578,1551169
2014-09-25,55.0737,55.2424,54.6321,54.763,1260878
2014-09-26,54.7807,54.9592,54.4487,54.8251,943169
2014-09-29,54.4966,54.976,54.4433,54.8784,1365035
2014-09-30,54.026,54.9494,53.7508,54.6919,3192969
2014-10-01,53.7153,54.2125,53.6531,53.8485,2274808
2014-10-02,53.9905,54.0971,53.369,53.9106,2003148
2014-10-03,54.1592,54.6298,54.0527,54.3279,1488197
2014-10-06,54.5499,54.6742,53.9728,54.1148,1400882
2014-10-07,53.9373,54.2391,53.4223,53.4312,1632591
2014-10-08,53.4312,54.3102,53.3868,54.2658,1810127
2014-10-09,54.248,54.6209,53.6531,53.8662,2005874
2014-10-10,53.9816,54.3812,53.5111,53.5377,2106005
2014-10-13,53.5644,53.7952,53.005,53.005,1853490
2014-10-14,53.2358,53.9373,53.1293,53.4401,1106728
2014-10-15,52.9162,53.3513,52.4634,53.1915,2376885
2014-10-16,52.4723,53.3246,52.2326,53.0494,1698450
2014-10-17,53.4223,54.2835,53.1204,54.0882,1836250
2014-10-20,53.6709,54.8429,53.6709,54.834,2130448
2014-10-21,54.8517,54.9494,54.6564,54.7807,2436869
2014-10-22,55.3489,55.491,54.8606,55.0826,1447156
2014-10-23,55.4111,55.4644,54.7186,54.8162,1549687
2014-10-24,54.8695,55.1714,54.6919,54.9938,1507820
2014-10-27,54.9938,55.4466,54.7452,55.1359,1975676
2014-10-28,55.42,55.713,55.2246,55.713,1512601
2014-10-29,55.5798,55.6419,54.5499,55.4644,2793413
2014-10-30,56.2723,56.5786,56.0681,56.5387,1377437
2014-10-31,57.2667,57.4798,56.4943,56.7873,2069612
2014-11-03,56.5032,57.0625,56.5032,56.9116,1528306
2014-11-04,56.7606,57.1424,56.3966,56.5564,1668137
2014-11-05,57.0891,57.3289,56.5254,56.6807,1231450
2014-11-06,56.8228,57.3111,56.6275,57.2934,1553458
2014-11-07,56.5831,56.6719,56.0237,56.5209,2308162
2014-11-10,56.441,56.8139,56.0504,56.734,1719540
2014-11-11,56.8228,56.8583,56.4472,56.6008,899163
2014-11-12,56.2723,56.5786,56.0681,56.5387,1377437
2014-11-13,56.4321,56.805,56.4321,56.6452,1033038
2014-11-14,56.6452,56.8405,56.5032,56.6541,1025513
2014-11-17,56.8139,57.8527,56.7429,57.8349,2046534
2014-11-18,57.8882,58.7672,57.8083,58.2434,2805202
2014-11-19,58.27,58.5807,58.048,58.5008,2128840
2014-11-20,58.2434,58.7761,58.1191,58.2789,1683489
2014-11-21,58.8027,59.1667,57.9681,58.1279,3784888
2014-11-24,58.2522,58.3677,57.6929,57.8172,1667622
2014-11-25,57.7639,58.1457,57.7106,57.8349,1267455
2014-11-26,57.9781,58.148,57.8797,58.0854,1382293
2014-11-28,58.3627,59.3199,58.3627,59.2663,1476375
2014-12-01,58.9084,59.4541,58.8637,59.1231,1628945
2014-12-02,59.1321,59.7046,59.1052,59.5615,2488713
2014-12-03,59.4094,59.5973,59.0784,59.3826,1774781
2014-12-04,59.3647,59.3915,58.8458,59.1231,2163948
2014-12-05,59.0337,59.4005,58.9442,59.4005,1147041
2014-12-08,59.3468,59.4273,58.9263,59.1142,1891350
2014-12-09,58.9532,59.2752,58.6401,58.8816,2240233
2014-12-10,58.7921,59.1052,57.9154,57.9602,1560413
2014-12-11,58.4701,60.295,58.2017,60.0267,3847271
2014-12-12,59.6688,59.9014,58.6848,58.7116,2105491
2014-12-15,58.8637,58.8816,57.2669,57.334,2603120
2014-12-16,57.3876,58.7027,57.2624,57.3429,1695244
2014-12-17,57.656,58.1928,56.9582,58.0049,1615482
2014-12-18,58.4969,59.0873,58.4969,59.0605,1817803
2014-12-19,59.2752,60.0356,58.9889,59.7762,2510142
2014-12-22,59.7136,59.964,59.472,59.803,1308895
2014-12-23,59.8835,60.3308,59.7136,60.1519,926032
2014-12-24,60.2414,60.2502,59.9551,59.9551,376153
2014-12-26,60.0088,60.1519,59.8477,59.9462,384489
2014-12-29,59.8477,60.1609,59.5436,59.9014,587295
2014-12-30,59.8209,59.9819,59.5615,59.5973,460601
2014-12-31,59.3199,59.6867,58.4522,58.5416,1266093
2015-01-02,58.7116,59.1679,58.2285,58.5774,848380
2015-01-05,58.3627,58.479,57.3787,57.486,1364104
2015-01-06,57.7276,58.2285,57.4413,57.656,2200673
2015-01-07,58.2375,59.1231,58.2107,59.0516,1683397
2015-01-08,59.472,60.1609,59.3736,60.1251,1424145
2015-01-09,60.0714,60.0714,59.3468,59.4273,1352007
2015-01-12,59.0247,59.4452,58.4656,58.5774,1365139
2015-01-13,58.9979,59.5525,58.5238,59.0158,1376777
2015-01-14,58.7116,59.8388,58.3985,59.6957,2631167
2015-01-15,59.9551,61.0912,59.7136,60.5992,2287040
2015-01-16,60.4024,61.1002,60.3845,60.9391,2242566
2015-01-20,60.9839,61.7353,60.6439,61.6995,2512909
2015-01-21,61.4669,61.8606,61.0796,61.7532,5279504
2015-01-22,61.8963,62.5181,61.6928,62.4778,2258454
2015-01-23,62.12,62.1379,61.3864,61.4401,2106388
2015-01-26,61.7979,61.7979,61.0018,61.619,1431529
2015-01-27,61.0912,61.5967,60.8855,61.2165,1346459
2015-01-28,61.3954,61.6011,60.1966,60.2771,1712703
2015-01-29,60.1877,60.3398,59.302,60.2414,1896087
2015-01-30,59.9909,60.0714,58.5864,58.6669,2828826
2015-02-02,58.7295,59.4899,58.157,59.4631,1388902
2015-02-03,59.6957,59.9104,59.2842,59.6241,1459267
2015-02-04,59.5436,60.219,59.3915,59.6152,1520306
2015-02-05,60.0267,60.0982,59.633,59.964,1306467
2015-02-06,59.7046,59.803,59.0247,59.2663,1806108
2015-02-09,59.0963,59.481,58.7742,58.8637,1526120
2015-02-10,59.1768,59.5167,58.9532,59.3199,1443002
2015-02-11,59.4094,59.7403,59.0247,59.311,1272733
2015-02-12,56.2426,57.5218,55.9026,56.6272,5481667
2015-02-13,56.001,56.6237,55.3033,56.5378,4007530
2015-02-17,56.2157,56.7033,55.7595,56.5467,2788847
2015-02-18,56.2336,57.2356,56.1621,57.0656,2179274
2015-02-19,56.9493,57.4055,56.8598,57.0656,2395256
2015-02-20,57.0209,57.6022,56.8062,57.334,1550262
2015-02-23,57.1908,57.6113,57.0298,57.5129,1851849
2015-02-24,57.2266,57.4681,56.7793,57.2803,1880573
2015-02-25,57.2803,58.1301,57.1729,57.9512,2253258
2015-02-26,57.9244,58.0944,57.7276,57.8528,2219283
2015-02-27,57.7186,58.1749,57.665,57.6828,2067492
2015-03-02,57.5844,57.8886,57.3876,57.5129,1274143
2015-03-03,57.2892,57.987,56.9672,57.9333,2825921
2015-03-04,58.0956,58.5012,57.9333,58.3389,5147320
2015-03-05,58.3389,58.5282,57.5187,57.735,2686788
2015-03-06,57.3654,57.4826,56.1215,56.3108,2811128
2015-03-09,56.3829,56.6713,56.2297,56.428,1616990
2015-03-10,56.1846,56.5812,55.842,56.437,2486121
2015-03-11,56.428,56.446,55.6798,55.8601,1824644
2015-03-12,55.8691,56.2396,55.8691,56.1666,1582466
2015-03-13,56.0404,56.2026,55.6257,56.0223,1460981
2015-03-16,56.1666,56.6533,56.0043,56.6443,2043807
2015-03-17,56.1846,56.3649,55.8871,56.1125,1787145
2015-03-18,56.0674,56.9688,55.4635,56.8426,2169488
2015-03-19,56.6082,57.0229,56.446,56.6173,1956454
2015-03-20,56.7705,57.762,56.7705,57.762,4427210
2015-03-23,57.6178,57.9423,57.4916,57.6449,1594216
2015-03-24,57.6899,57.7801,56.7254,56.7344,1764049
2015-03-25,57.2663,57.6719,56.4551,56.9237,5476572
2015-03-26,57.1942,57.2573,56.3018,56.7885,2514346
2015-03-27,56.8877,57.5727,56.7885,57.5457,1859689
2015-03-30,57.5998,59.042,57.3835,59.042,3614799
2015-03-31,58.7175,59.8353,58.6274,59.4477,3946835
2015-04-01,59.2133,59.7181,58.5823,59.655,3601523
2015-04-02,59.4116,60.0696,59.3215,59.8353,2442700
2015-04-06,59.9885,60.3941,59.5198,59.5198,3972064
2015-04-07,59.4477,59.655,59.1502,59.2584,1605828
2015-04-08,59.3485,59.3485,58.7987,59.1232,1951650
2015-04-09,59.051,59.1727,58.8167,59.033,1632128
2015-04-10,59.1863,59.4747,58.9339,59.2494,1544135
2015-04-13,59.2674,59.3485,58.9609,59.006,967685
2015-04-14,58.9789,59.3756,58.8257,59.1142,1692053
2015-04-15,59.2223,59.5288,58.6905,58.7446,1387796
2015-04-16,58.6815,58.9113,58.4111,58.6364,1251580
2015-04-17,58.2488,58.402,57.7981,58.0415,1496706
2015-04-20,58.4471,59.015,57.8702,58.1947,1625656
2015-04-21,58.2488,58.4291,57.4826,57.5637,1753474
2015-04-22,57.726,57.9513,57.4466,57.6719,1156837
2015-04-23,57.5637,57.7891,57.3384,57.5547,934521
2015-04-24,57.6989,57.8702,57.3429,57.4466,1196856
2015-04-27,57.3925,57.5818,57.0499,57.3384,1437825
2015-04-28,57.3835,57.5295,57.095,57.3925,1573920
2015-04-29,57.3384,57.6539,57.0589,57.1311,1239869
2015-04-30,57.2122,57.2753,56.8156,57.086,1332279
2015-05-01,57.1671,57.6629,57.1401,57.5908,1613870
2015-05-04,57.5727,58.0775,57.5547,57.8071,2199121
2015-05-05,58.5282,58.6634,56.4189,56.9508,3151891
2015-05-06,57.1401,57.2392,56.2973,56.7975,1651357
2015-05-07,56.8066,57.4015,56.7428,57.2933,1268263
2015-05-08,57.6899,58.0234,57.3023,57.3384,1567608
2015-05-11,57.095,57.8702,57.095,57.4916,1421598
2015-05-12,57.2302,57.4285,56.9688,57.3925,1340388
2015-05-13,57.4105,57.7801,57.2302,57.4466,1386512
2015-05-14,57.8071,58.366,57.5998,58.2127,1815132
2015-05-15,58.2488,59.1682,58.1767,58.7987,3109285
2015-05-18,58.6634,58.6634,58.1406,58.2668,1738526
2015-05-19,58.402,58.402,57.762,57.8612,1741192
2015-05-20,57.9694,58.2398,57.8792,57.8973,1391417
2015-05-21,57.8161,57.9964,57.5006,57.6539,1022506
2015-05-22,57.6178,57.8342,57.3835,57.4015,978633
2015-05-26,57.2753,57.3835,56.6713,56.7885,1131981
2015-05-27,56.9237,57.0589,56.7146,57.0049,1426758
2015-05-28,56.8867,57.0866,56.5415,56.8322,1697405
2015-05-29,56.9685,57.132,56.6869,57.023,1995309
2015-06-01,56.8686,57.2229,56.4417,56.8232,1833264
2015-06-02,56.6142,56.7323,56.3599,56.4779,2204442
2015-06-03,56.5597,56.6778,56.0873,56.5688,3584455
2015-06-04,56.3326,56.7278,56.269,56.5597,3161796
2015-06-05,56.2872,56.4234,55.5877,55.8239,1584118
2015-06-08,55.842,56.0146,55.5332,55.6967,1727775
2015-06-09,55.833,56.4144,55.6876,55.8784,1492873
2015-06-10,56.0964,56.4869,55.8875,56.3689,1111145
2015-06-11,56.4779,56.7051,56.4144,56.5234,1293315
2015-06-12,56.2508,56.4689,56.1146,56.4416,1027103
2015-06-15,56.2145,56.4325,56.0192,56.0419,1484454
2015-06-16,56.1418,56.805,56.0237,56.7505,1056816
2015-06-17,56.6869,57.1774,56.4779,57.0684,1660114
2015-06-18,57.0139,57.6226,56.9413,57.3228,1381790
2015-06-19,57.3137,58.0314,57.2865,57.5408,1958423
2015-06-22,57.7134,58.0041,57.4682,57.5953,805803
2015-06-23,57.5772,57.7679,57.3319,57.6589,1666022
2015-06-24,57.4409,57.9042,57.3864,57.6044,1193404
2015-06-25,57.5772,57.8097,57.0048,57.1139,1229935
2015-06-26,57.2229,57.4227,56.8777,57.2774,4073268
2015-06-29,56.9594,57.3501,56.8368,56.8686,1554832
2015-06-30,57.1139,57.4227,56.6869,56.9594,1931602
2015-07-01,56.9594,57.2955,56.3144,57.241,1937240
2015-07-02,57.4954,57.7407,57.1774,57.3591,1162496
2015-07-06,57.132,57.5681,56.7505,56.9958,1189760
2015-07-07,57.1411,58.3584,56.9413,58.2494,1740657
2015-07-08,58.0768,58.4311,57.8315,57.8497,1511548
2015-07-09,58.4038,58.4856,57.7679,57.7679,1018734
2015-07-10,57.9042,58.1131,57.7407,57.9133,1175639
2015-07-13,58.2403,58.3939,58.0586,58.3039,709372
2015-07-14,58.2222,58.3403,58.0496,58.2494,645548
2015-07-15,57.8497,58.3493,57.777,57.8497,794482
2015-07-16,58.0768,58.7127,58.0768,58.5946,1308895
2015-07-17,58.3857,58.5946,58.0132,58.4584,1503486
2015-07-20,58.3948,58.5219,58.1041,58.2676,595730
2015-07-21,58.2767,58.3948,58.0314,58.1586,671539
2015-07-22,58.1677,58.7945,58.0413,58.4947,691427
2015-07-23,58.422,58.7627,58.1667,58.4402,1087687
2015-07-24,58.2948,58.8217,58.1677,58.631,1326353
2015-07-27,58.3584,58.8944,58.1222,58.7581,1437525
2015-07-28,59.0034,59.1851,58.4856,59.0943,1121663
2015-07-29,59.1306,59.603,59.0852,59.4395,898311
2015-07-30,59.2396,60.1753,59.1669,60.039,1141497
2015-07-31,60.3752,60.3752,59.821,60.1117,1245991
2015-08-03,59.8937,60.3207,59.4576,60.0209,1902086
2015-08-04,59.7847,61.7469,59.6848,61.32,2513452
2015-08-05,61.7742,62.5918,61.7651,62.3737,2820431
2015-08-06,61.865,62.8734,61.7197,62.5554,2322375
2015-08-07,62.5554,62.7462,62.2466,62.6099,1643498
2015-08-10,62.5645,63.0369,62.3374,62.6826,1489740
2015-08-11,62.3556,62.9006,62.1466,62.8643,1216360
2015-08-12,62.3374,62.7462,61.4835,62.5918,2012897
2015-08-13,62.4828,62.8643,62.292,62.5827,1316229
2015-08-14,62.6554,63.4548,62.4646,63.3821,1327808
2015-08-17,63.1005,63.4366,62.8734,63.2277,2100863
2015-08-18,63.1368,63.4457,62.7553,62.9552,1566903
2015-08-19,62.7916,63.1732,62.2284,62.6372,2610582
2015-08-20,62.2193,62.9642,62.0876,62.4283,1726813
2015-08-21,62.0467,62.2738,61.2654,61.2836,2156103
2015-08-24,58.8944,60.6931,57.7043,59.7211,4070078
2015-08-25,60.6568,60.8657,59.1124,59.1397,3431150
2015-08-26,60.1481,60.9747,59.5667,60.8021,2706716
2015-08-27,61.3472,61.6652,60.3835,61.1928,2294138
2015-08-28,61.1196,61.3941,60.7901,61.3575,1853078
2015-08-31,61.1379,61.2843,60.4789,60.6619,2078867
2015-09-01,59.7742,60.8908,59.4904,60.1403,3078141
2015-09-02,60.4972,61.1104,60.3325,61.083,1907524
2015-09-03,61.028,61.8518,60.8175,61.6229,1456911
2015-09-04,61.0738,61.2385,60.4881,60.9365,1462316
2015-09-08,61.8243,61.9158,61.1928,61.7968,1937410
2015-09-09,62.0623,62.2178,60.4331,60.5521,1963336
2015-09-10,60.424,61.1013,60.3691,60.726,1464678
2015-09-11,60.5613,61.3301,60.3782,61.3118,1378576
2015-09-14,61.3118,61.3209,60.9274,61.0738,985140
2015-09-15,60.9914,61.8609,60.7809,61.7419,1412896
2015-09-16,61.7328,62.767,61.7328,62.5931,1776910
2015-09-17,62.5748,63.6914,62.3323,63.0324,1709284
2015-09-18,61.989,62.8951,61.6046,61.7328,3295042
2015-09-21,62.0897,62.3277,61.7968,61.925,1617084
2015-09-22,61.2569,61.6687,60.9091,61.3484,1737393
2015-09-23,61.3758,61.687,60.964,61.5863,1050631
2015-09-24,61.2935,61.6412,60.7901,61.5131,2610443
2015-09-25,61.9524,63.2704,61.7145,62.4375,1494702
2015-09-28,61.9616,62.2911,60.8084,60.8725,1987396
2015-09-29,60.8633,61.0097,60.3965,60.8175,2561433
2015-09-30,61.3209,61.5497,60.5796,60.9091,2533024
2015-10-01,60.6436,60.9731,59.5179,60.6253,2915997
2015-10-02,60.2959,61.6962,60.0396,61.6962,1854090
2015-10-05,62.0623,62.4856,61.6779,62.2911,3953436
2015-10-06,62.2178,62.2362,61.7694,61.8243,1821964
2015-10-07,62.0165,62.4467,61.8701,62.4375,1783393
2015-10-08,62.3917,63.3894,62.1721,63.371,1415518
2015-10-09,63.3253,64.0666,63.2429,63.5541,2273671
2015-10-12,63.5083,64.0575,63.4077,63.911,1253710
2015-10-13,63.5816,63.8744,63.3527,63.4809,1330804
2015-10-14,63.3619,63.5541,62.7441,62.8311,1005088
2015-10-15,63.1239,63.4077,62.8082,63.3344,1325095
2015-10-16,63.5999,63.9202,63.3161,63.8744,1045454
2015-10-19,63.8195,64.2222,63.6182,63.7097,2083951
2015-10-20,63.7371,63.7371,63.0599,63.1239,1565100
2015-10-21,63.2612,64.0483,63.0965,63.7097,1397472
2015-10-22,64.0666,66.2083,64.0225,65.9063,2546839
2015-10-23,65.9337,66.1717,65.348,65.6225,1979451
2015-10-26,65.6774,65.8239,65.3242,65.4852,1645741
2015-10-27,65.2473,65.4395,64.7256,65.0185,925029
2015-10-28,65.0734,65.1283,64.3046,64.9086,1005872
2015-10-29,64.6707,65.1008,64.2222,64.9727,992670
2015-10-30,64.7805,65.1466,64.5242,64.5426,1595691
2015-11-02,64.7256,64.8537,64.1307,64.6249,2110306
2015-11-03,62.5839,63.1239,61.3758,62.3185,4212235
2015-11-04,62.6206,63.3253,62.5199,62.8585,2849525
2015-11-05,62.8036,63.5541,62.6938,63.49,1493822
2015-11-06,63.1788,63.1788,61.5955,62.1721,1824705
2015-11-09,61.925,62.017,61.2111,61.7511,1303466
2015-11-10,61.5589,61.9616,61.3575,61.6229,1222212
2015-11-11,61.7053,62.2178,61.687,61.8884,1282078
2015-11-12,61.4765,61.7419,60.6436,60.6803,1854163
2015-11-13,60.6436,61.0463,60.3233,60.4881,1752708
2015-11-16,60.4881,61.2752,60.4789,61.2569,1561223
2015-11-17,61.2569,61.6138,59.1701,60.4331,3204026
2015-11-18,60.607,60.8313,60.067,60.6894,2969522
2015-11-19,61.0006,61.385,60.7443,60.8358,1750996
2015-11-20,61.2477,61.2752,60.5064,60.6345,2128182
2015-11-23,61.6779,63.3253,61.4124,62.7578,5234286
2015-11-24,62.648,63.0324,61.8151,62.108,3026546
2015-11-25,62.2911,63.6365,62.2362,63.3161,2606817
2015-11-27,63.5466,64.026,63.3715,63.8601,1164739
2015-11-30,63.9431,64.025,63.3577,63.3991,3140344
2015-12-01,63.9707,64.5239,63.648,63.9615,2452366
2015-12-02,63.7863,64.1551,63.436,63.5098,2245090
2015-12-03,63.4821,64.0998,62.8737,63.1779,2410966
2015-12-04,63.3162,64.8834,63.1963,64.699,2123803
2015-12-07,64.6253,65.3628,64.4501,65.0032,1752008
2015-12-08,64.7636,65.4651,64.4317,65.289,1749514
2015-12-09,64.7082,65.6394,64.5423,65.0862,1788712
2015-12-10,65.0862,65.8145,64.5976,65.2061,1729429
2015-12-11,64.7728,65.0493,64.3026,64.6529,1379006
2015-12-14,64.6806,65.6209,64.6806,65.5287,2027222
2015-12-15,65.6762,66.1372,65.3351,65.9251,2419793
2015-12-16,65.9344,66.4414,65.3351,66.3492,2410355
2015-12-17,66.0358,66.6166,65.3628,66.0173,2395164
2015-12-18,65.7039,65.7869,65.2337,65.2522,2030541
2015-12-21,65.6855,65.8145,65.0125,65.5011,1664556
2015-12-22,65.4826,66.8378,65.3351,66.552,1775220
2015-12-23,66.7364,67.4832,66.552,67.3633,1197141
2015-12-24,67.1974,67.4186,66.9485,67.1789,374751
2015-12-28,67.1421,67.2988,66.9116,67.1789,719473
2015-12-29,67.5569,67.8519,67.52,67.7689,954057
2015-12-30,67.8335,67.9257,67.4002,67.4739,657903
2015-12-31,67.1052,67.2066,66.3584,66.6258,958920
2016-01-04,65.9989,66.0819,65.3259,66.0173,2039839
2016-01-05,66.4414,67.0038,65.9528,66.257,2210468
2016-01-06,65.7223,66.6534,65.5933,66.3861,2503981
2016-01-07,65.5379,65.7131,64.7728,64.8742,1933206
2016-01-08,65.7684,66.7364,64.8834,65.8975,3157399
2016-01-11,66.0726,66.3031,65.4826,65.962,1184503
2016-01-12,66.34,66.5059,65.16,65.8883,1645503
2016-01-13,65.9528,66.598,65.3351,65.3628,1365630
2016-01-14,65.4089,66.6534,65.2522,66.0726,1681041
2016-01-15,64.8189,65.6209,64.8004,65.1507,2252297
2016-01-19,65.4734,65.9712,65.2798,65.6762,1529878
2016-01-20,65.2429,65.4458,63.3623,64.6253,2496628
2016-01-21,64.6437,65.0217,63.6757,64.4962,2301503
2016-01-22,65.1415,66.2109,64.7912,66.0173,1366213
2016-01-25,65.6394,66.0542,64.9387,65.0032,1289336
2016-01-26,64.8465,65.9159,64.6253,65.6394,2239654
2016-01-27,65.8422,66.6811,65.584,65.9805,1244776
2016-01-28,66.5059,67.52,66.1187,67.1052,1580620
2016-01-29,67.391,68.1193,67.0683,67.7044,2324941
2016-02-01,67.5938,68.3497,67.3357,67.8427,2443787
2016-02-02,67.3357,67.5385,66.6258,66.7272,2210988
2016-02-03,66.8102,67.3449,65.9344,66.6903,1897244
2016-02-04,66.3953,66.6074,65.82,66.2202,1616174
2016-02-05,66.5244,66.9254,65.9805,66.2294,2252953
2016-02-08,65.7131,66.3308,65.2107,65.7408,2469578
2016-02-09,65.1139,66.0911,64.8373,65.8237,2660347
2016-02-10,66.1833,66.8378,65.0493,65.3259,3244865
2016-02-11,66.8378,68.7001,66.5889,67.9349,5267127
2016-02-12,68.5249,69.1518,67.9441,69.1149,2599412
2016-02-16,68.5341,69.4468,68.064,69.3177,3284737
2016-02-17,69.2348,70.2857,69.1518,69.834,2535521
2016-02-18,69.917,70.0645,68.9674,69.8709,2039388
2016-02-19,69.7049,69.8455,69.1334,69.622,2124650
2016-02-22,69.3085,69.539,67.6675,68.0547,3852859
2016-02-23,67.8058,68.76,67.792,68.3313,2809457
2016-02-24,68.1469,68.4512,67.7874,68.1377,2257021
2016-02-25,68.3497,69.1149,68.2576,69.0596,2083399
2016-02-26,69.2174,69.5237,67.6582,68.1687,2872197
2016-02-29,67.9738,69.1524,67.8126,68.6977,2097641
2016-03-01,69.1988,69.3009,68.6791,68.8369,1841568
2016-03-02,68.5863,69.7371,67.8527,69.6907,3353571
2016-03-03,69.3381,69.5144,68.8276,69.4587,2162967
2016-03-04,69.4587,70.0713,69.1524,69.8207,1701264
2016-03-07,69.5515,69.7928,69.2731,69.5422,1456567
2016-03-08,69.2731,69.7279,69.1432,69.4587,1227604
2016-03-09,69.8392,70.4611,69.5886,69.7928,1299135
2016-03-10,69.7928,70.1733,69.4773,69.83,1366944
2016-03-11,70.0713,70.2569,69.7,70.0991,1206223
2016-03-14,69.8856,69.997,69.3473,69.5608,2089719
2016-03-15,69.1617,69.9367,68.8833,69.6907,1209366
2016-03-16,69.932,70.4054,69.1432,70.1919,1732206
2016-03-17,70.4611,71.2871,70.2569,70.9437,2155587
2016-03-18,71.0272,71.0736,70.3869,70.6838,2632195
2016-03-21,70.3404,70.5817,69.9692,70.062,1480874
2016-03-22,69.8485,70.0156,68.7719,69.0782,2415945
2016-03-23,68.9947,69.9413,68.8647,69.6443,1841213
2016-03-24,69.5422,70.1919,69.3102,70.0156,1212196
2016-03-28,69.9506,70.4982,69.9127,70.229,1088290
2016-03-29,70.3311,71.3613,70.1919,71.0829,1841462
2016-03-30,71.3242,71.5098,70.9994,71.3056,1698891
2016-03-31,71.0272,71.3427,70.8973,71.0458,1902340
2016-04-01,70.2662,72.3729,70.0991,72.2616,2277432
2016-04-04,72.2801,72.4843,71.4634,72.4565,2986497
2016-04-05,72.2987,72.3915,71.1351,71.2871,1991676
2016-04-06,72.3915,72.3915,71.714,72.1873,2315942
2016-04-07,72.0017,72.0945,71.3706,71.5655,1232615
2016-04-08,71.6583,71.9274,71.2871,71.6954,819002
2016-04-11,71.7975,72.2337,71.352,71.4541,1091836
2016-04-12,71.5098,71.9553,71.5098,71.779,912843
2016-04-13,71.9274,71.9274,70.9065,71.1571,1685871
2016-04-14,71.1757,71.5655,70.9065,70.9622,2205827
2016-04-15,71.0086,72.0203,70.9065,71.9739,2237544
2016-04-18,71.8439,72.2523,71.5933,72.0852,1399189
2016-04-19,72.1038,72.1966,71.5098,72.0203,1541783
2016-04-20,71.9646,72.178,71.0736,71.1943,1373316
2016-04-21,71.2314,71.2314,69.5701,69.5979,1862255
2016-04-22,69.6722,69.932,69.3473,69.8671,1210576
2016-04-25,69.7464,70.6235,69.7186,70.3497,1312075
2016-04-26,70.4518,70.5724,69.7835,69.9042,1767864
2016-04-27,70.1269,71.1293,70.062,70.8973,1397087
2016-04-28,70.4611,71.3799,70.3404,70.9808,859542
2016-04-29,70.9158,71.4077,70.591,71.2871,1300545
2016-05-02,71.4634,72.1038,71.2778,71.8718,1427305
2016-05-03,71.5841,72.0481,71.1386,71.3242,1873166
2016-05-04,71.0458,71.7882,71.0272,71.482,3060165
2016-05-05,70.4425,71.1478,69.4958,69.6536,3398554
2016-05-06,69.5237,69.8764,68.4007,69.6258,3021151
2016-05-09,69.6072,70.2476,69.3381,69.9228,2101707
2016-05-10,70.2198,70.888,70.1641,70.8787,2004344
2016-05-11,70.7673,71.3892,70.6003,70.7024,1941009
2016-05-12,71.2035,71.9646,71.1107,71.7511,2172287
2016-05-13,71.5655,72.3358,71.417,71.6397,2378564
2016-05-16,71.4727,71.8718,71.2546,71.6769,1622586
2016-05-17,71.3984,71.7697,69.7371,69.997,2099800
2016-05-18,69.8856,70.0156,68.7256,69.6443,3177753
2016-05-19,69.4494,69.9506,69.1803,69.83,1877265
2016-05-20,69.8114,69.8114,68.7812,68.9575,2587367
2016-05-23,68.9575,69.6536,68.9204,69.0596,1739239
2016-05-24,69.0968,69.6072,68.9019,69.2824,1758741
2016-05-25,69.3381,69.7186,69.1433,69.3752,1479081
2016-05-26,69.4216,70.1548,69.4123,69.9166,1669626
2016-05-27,70.0568,70.2997,69.3193,69.5989,1434569
2016-05-31,69.5896,70.0007,69.1505,69.4868,3182342
2016-06-01,69.5148,70.309,69.4681,69.982,2129487
2016-06-02,69.8699,69.9035,69.384,69.6363,1214234
2016-06-03,69.6737,70.5893,69.6737,70.1969,1636805
2016-06-06,70.2063,70.3931,69.4494,69.627,1117400
2016-06-07,69.6363,70.5052,69.5148,70.2249,1971457
2016-06-08,70.2343,71.2901,70.1502,71.0845,2052023
2016-06-09,71.0472,72.5982,70.9724,72.5888,3129659
2016-06-10,72.2712,73.0467,72.2058,72.9906,3924099
2016-06-13,72.8785,73.1214,71.7573,71.8507,2455366
2016-06-14,71.5424,72.1403,70.8324,71.832,2262878
2016-06-15,71.8414,72.0095,70.8416,71.2994,1986085
2016-06-16,71.2621,72.1871,71.1032,71.9722,1740479
2016-06-17,71.9161,71.9254,70.9631,71.7292,1863609
2016-06-20,72.0095,72.3833,71.776,71.8133,1478273
2016-06-21,72.0563,72.6075,71.9068,72.2525,1735396
2016-06-22,72.2992,72.5631,72.1123,72.2712,1201586
2016-06-23,72.6355,72.7196,72.0936,72.7196,978065
2016-06-24,71.4022,72.7196,71.1686,72.1217,2932419
2016-06-27,71.7479,72.1964,71.3835,71.7853,2574445
2016-06-28,71.8694,72.0656,70.6174,71.1593,2092837
2016-06-29,71.5517,72.6075,71.0285,72.4767,3037550
2016-06-30,72.486,77.1484,72.458,76.2888,9125285
2016-07-01,76.0973,76.6625,75.3451,76.2421,3805956
2016-07-05,76.1767,77.1671,75.7189,76.8588,2919468
2016-07-06,76.7747,77.4474,76.6065,77.0643,2938242
2016-07-07,77.4941,77.7277,76.6158,76.8681,1870479
2016-07-08,77.1577,77.2792,76.3636,77.2138,1805791
2016-07-11,77.083,77.1297,76.2141,76.3262,2208060
2016-07-12,76.2982,76.5691,75.8964,76.1673,1949358
2016-07-13,76.3075,77.8211,76.1019,77.6529,3009740
2016-07-14,77.5502,80.0729,77.5502,79.7178,7542209
2016-07-15,79.858,80.5587,79.3529,80.3438,8330879
2016-07-18,80.3065,80.7036,79.7926,79.9888,3281974
2016-07-19,79.9701,81.437,79.7926,81.2688,3168079
2016-07-20,81.1941,81.2875,76.7934,76.8588,8305049
2016-07-21,77.0737,77.4965,76.7466,77.0643,2683922
2016-07-22,77.3353,77.4287,76.8588,77.4194,1555883
2016-07-25,77.3633,78.1668,77.3259,78.0267,1553110
2016-07-26,78.0267,78.5125,77.3353,77.4007,1563646
2016-07-27,77.2138,77.3493,75.7562,75.9338,3017064
2016-07-28,76.0085,76.5411,75.831,76.4196,1954071
2016-07-29,76.5411,77.6343,76.4294,77.2792,1943306
2016-08-01,77.1951,77.3446,76.6345,76.9615,2005006
2016-08-02,76.9709,77.1484,76.2514,76.4944,1231165
2016-08-03,76.5131,76.5785,75.2797,75.7562,2330007
2016-08-04,77.0269,78.5779,76.6766,77.0083,2652177
2016-08-05,77.4007,78.1108,76.9615,77.2792,2490263
2016-08-08,77.4474,77.5034,76.5598,77.4754,1636296
2016-08-09,77.4754,77.7464,77.2512,77.5315,1048896
2016-08-10,77.5782,77.8585,77.3726,77.5128,842878
2016-08-11,77.709,78.7461,77.5502,77.98,1837505
2016-08-12,78.0173,78.4939,77.8772,78.0454,1079183
2016-08-15,77.9052,78.3257,77.7137,77.9146,1466496
2016-08-16,77.7651,77.8865,76.9802,77.0363,1239206
2016-08-17,77.3166,77.8211,76.3916,77.1484,2067328
2016-08-18,77.0737,77.5875,76.9242,77.5689,1671664
2016-08-19,77.41,77.681,76.8755,77.5875,2148995
2016-08-22,77.6436,77.8772,77.2886,77.5969,1498352
2016-08-23,77.5875,77.7184,76.8961,77.2605,849702
2016-08-24,77.2231,77.3166,76.485,76.9335,1076742
2016-08-25,76.9802,78.1575,76.9802,77.382,1674709
2016-08-26,77.354,77.8959,76.8214,76.9615,1494807
2016-08-29,77.0923,77.7651,77.0083,77.653,2225923
2016-08-30,77.4743,77.7564,76.788,76.8914,1636926
2016-08-31,76.9948,77.3991,76.7127,77.2957,1269578
2016-09-01,76.9854,77.1358,76.4495,76.8068,1543092
2016-09-02,77.2581,77.8316,77.2111,77.4931,1055494
2016-09-06,77.5401,77.8307,77.2393,77.6248,944924
2016-09-07,77.3333,77.4555,75.8402,75.97,2046991
2016-09-08,75.7631,75.8947,75.1426,75.2084,2044567
2016-09-09,74.7383,74.7477,72.5194,72.5194,2806147
2016-09-12,72.6604,74.6255,72.6322,74.3998,2443652
2016-09-13,73.9015,74.334,73.2432,73.4596,1630445
2016-09-14,73.6194,74.0331,73.1775,73.422,2302304
2016-09-15,73.1211,73.8075,73.0929,73.5818,2904005
2016-09-16,73.2433,73.6288,72.9519,73.3561,1957280
2016-09-19,73.375,73.845,73.1869,73.4972,1142094
2016-09-20,73.8827,73.9861,72.651,72.6604,1448998
2016-09-21,72.7544,73.0647,72.3031,72.9424,1582192
2016-09-22,73.2621,73.7134,73.1399,73.5442,2098418
2016-09-23,73.2433,73.4267,73.0365,73.0647,779964
2016-09-26,72.8672,73.0177,72.6322,72.7638,1210964
2016-09-27,73.0177,73.0835,72.4535,72.7544,825447
2016-09-28,72.7544,73.2339,72.7262,73.1681,1117694
2016-09-29,73.1587,73.4032,72.6134,72.6416,845383
2016-09-30,72.8108,73.3561,72.8108,72.839,1444692
2016-10-03,72.5946,72.792,72.2373,72.6322,1311914
2016-10-04,72.4065,72.5191,71.4945,71.5979,1601751
2016-10-05,71.692,71.8988,70.7893,71.6261,2441384
2016-10-06,71.4005,71.6167,70.968,71.4287,1688822
2016-10-07,71.5133,72.2561,71.3629,71.7766,2190804
2016-10-10,71.927,72.4535,71.6731,71.8988,1657798
2016-10-11,71.8988,71.9458,71.2406,71.5039,1617671
2016-10-12,71.4663,72.1292,71.3347,71.8894,1036906
2016-10-13,71.5133,71.5227,70.6201,71.2501,1808424
2016-10-14,71.4475,71.7587,70.9391,70.9774,2295278
2016-10-17,71.1372,71.1466,70.4509,70.5073,2703422
2016-10-18,70.9304,71.1654,70.6295,70.8552,1282298
2016-10-19,70.8646,70.9022,70.1124,70.4509,1309831
2016-10-20,70.4885,70.4885,69.6141,69.7927,1815777
2016-10-21,69.5953,70.1218,69.2568,69.8961,1730673
2016-10-24,70.0842,70.3286,69.4542,69.8397,1728677
2016-10-25,69.8021,70.0372,69.7269,69.7739,1093071
2016-10-26,69.7551,70.0748,69.5388,69.6423,1296140
2016-10-27,69.6423,70.197,69.5765,69.7269,1928346
2016-10-28,69.8303,70.4979,69.6988,70.1688,2139912
2016-10-31,70.4227,70.6577,70.1876,70.6389,2416057
2016-11-01,71.0996,71.4945,70.2534,70.7141,3057950
2016-11-02,70.7705,71.2877,70.385,70.6013,2282552
2016-11-03,70.5073,70.6295,69.3414,69.5482,1623458
2016-11-04,69.52,69.6705,69.1345,69.2662,1324886
2016-11-07,69.9243,70.5731,69.6329,70.4697,1283586
2016-11-08,70.2816,73.6852,70.2816,72.3595,3390737
2016-11-09,70.9116,70.9398,68.9841,70.4038,1923082
2016-11-10,70.009,70.1688,68.1285,68.3072,2972702
2016-11-11,68.373,68.8666,67.743,68.1661,1785130
2016-11-14,68.1003,68.5986,67.5362,68.1943,2320269
2016-11-15,68.3824,69.1063,68.3542,69.0123,1884270
2016-11-16,69.0593,69.2286,68.5986,68.8807,1110027
2016-11-17,68.6926,69.3602,68.2413,69.0499,1197534
2016-11-18,68.9653,69.144,68.4811,68.702,1183170
2016-11-21,68.4764,69.2004,68.4764,69.0029,1308724
2016-11-22,69.2098,70.197,69.2098,70.0372,1281810
2016-11-23,69.6893,70.1406,68.8196,69.0029,1341164
2016-11-25,69.3038,70.0278,69.1388,69.7269,497277
2016-11-28,69.5859,70.1218,69.2756,69.473,1094978
2016-11-29,69.615,69.8139,68.9617,69.7097,959861
2016-11-30,69.3688,69.4825,68.1379,68.1758,1854570
2016-12-01,67.8065,68.0337,66.978,67.191,2359688
2016-12-02,67.4467,67.7023,67.03,67.3898,1352949
2016-12-05,67.4467,67.8775,67.333,67.8633,2075601
2016-12-06,68.0527,68.3273,67.8065,68.1474,1108155
2016-12-07,67.2099,68.8859,67.2099,68.7912,1958792
2016-12-08,68.4882,68.545,68.0432,68.261,1128773
2016-12-09,68.3273,69.4351,68.2516,69.2268,2393599
2016-12-12,69.0753,70.0411,69.009,69.8802,1778469
2016-12-13,69.8802,70.5335,69.7381,70.0222,1685088
2016-12-14,70.2021,70.4293,69.0753,69.2363,1320644
2016-12-15,69.1416,69.9275,68.9711,69.5109,1285393
2016-12-16,69.5582,70.1169,69.1889,69.3972,2421499
2016-12-19,69.4257,69.5677,68.777,69.0469,5504583
2016-12-20,68.1095,69.3878,68.0148,69.3783,1409914
2016-12-21,69.3215,70.0601,69.1132,69.2647,1714735
2016-12-22,69.4067,69.9086,68.8386,69.7476,1687268
2016-12-23,69.6624,69.7381,69.1984,69.6624,615043
2016-12-27,69.6624,70.1263,69.3688,69.9275,657030
2016-12-28,69.8991,69.9748,69.4257,69.5298,674806
2016-12-29,69.6056,70.2021,69.4351,70.0317,1461617
2016-12-30,70.0695,70.221,69.5203,69.7949,1041964
2017-01-03,69.7949,69.7949,68.9617,69.473,1700599
2017-01-04,69.634,69.8139,69.2457,69.2931,1097819
2017-01-05,69.1605,69.4825,68.5166,69.2268,1576146
2017-01-06,68.9049,69.5203,68.7438,69.2457,1078310
2017-01-09,69.3688,69.3688,68.2042,68.2989,1586774
2017-01-10,68.4409,68.5072,67.8159,67.8538,1198518
2017-01-11,67.8349,68.3746,67.7781,68.0527,1154059
2017-01-12,67.9959,68.4882,67.8633,68.1,1428685
2017-01-13,67.9769,68.0811,67.2762,67.5887,2150096
2017-01-17,67.7023,68.2231,67.6834,68.2042,2455852
2017-01-18,68.1852,68.6965,68.0148,68.1568,1975518
2017-01-19,68.0905,68.2705,67.8728,67.9674,1538414
2017-01-20,68.0905,68.7912,67.958,68.3746,2522399
2017-01-23,68.3651,68.6112,67.8538,68.4504,1655105
2017-01-24,68.4598,68.9996,68.3273,68.7534,1955421
2017-01-25,68.9617,68.9617,68.3699,68.4693,1605502
2017-01-26,68.4693,68.725,68.1284,68.261,1700463
2017-01-27,68.2989,69.241,68.0243,69.1226,1911061
2017-01-30,69.17,69.17,68.4598,68.8102,1038458
2017-01-31,68.867,69.1132,68.7534,68.8481,1205606
2017-02-01,68.4693,68.6587,67.655,68.0811,1448570
2017-02-02,68.2989,69.5298,68.1947,68.9049,2030739
2017-02-03,69.1416,69.8707,68.7155,69.4635,1420790
2017-02-06,69.2741,69.4256,68.4314,68.4882,1061458
2017-02-07,68.7439,69.1889,68.5356,68.9806,1972664
2017-02-08,68.9806,69.6908,68.8196,69.5866,2130689
2017-02-09,70.6377,72.6167,70.6282,72.3799,3654201
2017-02-10,72.1148,72.4936,71.6887,71.9633,2623176
2017-02-13,71.8591,72.0012,71.3289,71.6035,2463914
2017-02-14,71.4899,72.1053,71.2531,71.8876,1871737
2017-02-15,71.2815,72.2474,70.5723,72.0012,1934353
2017-02-16,71.8591,72.3799,70.4199,70.7418,3254816
2017-02-17,69.1132,69.776,68.5924,69.028,4179456
2017-02-21,70.1737,70.9028,69.918,70.7702,3602762
2017-02-22,70.6755,71.1774,70.1737,70.5335,2143442
2017-02-23,70.6093,71.0354,70.5619,70.827,1404831
2017-02-24,70.7039,71.2342,70.7039,71.2342,1714667
2017-02-27,70.9768,71.32,70.2998,70.4428,1326725
2017-02-28,70.4619,71.1293,70.4619,70.624,1789343
2017-03-01,70.624,71.3581,70.3189,71.3486,1908500
2017-03-02,71.444,71.606,71.0244,71.5298,3104708
2017-03-03,71.5393,71.5393,70.624,71.0054,2688893
2017-03-06,70.6049,70.9386,70.3284,70.767,1379483
2017-03-07,70.7002,71.2819,70.6335,70.6907,1740674
2017-03-08,70.5,70.6335,70.214,70.4237,1370344
2017-03-09,70.6621,70.8337,70.2903,70.6526,1959934
2017-03-10,71.0626,71.1769,70.5858,70.7384,1271375
2017-03-13,70.5954,70.7288,70.4084,70.7002,1345994
2017-03-14,70.4333,71.0149,70.4333,70.7765,2105320
2017-03-15,70.9195,71.5107,70.7765,71.2723,1538120
2017-03-16,71.177,71.2819,70.7813,71.2819,2111770
2017-03-17,71.5965,71.8063,71.2533,71.6156,3593631
2017-03-20,71.5202,71.6919,71.1865,71.4916,2655851
2017-03-21,70.6144,70.8337,70.0423,70.1758,4262847
2017-03-22,70.1854,70.2044,68.9172,69.3272,4567944
2017-03-23,69.3368,70.1282,69.0126,69.7086,3006277
2017-03-24,69.8803,70.0423,69.3654,69.6037,2932976
2017-03-27,69.4512,69.6037,69.0336,69.1842,2523285
2017-03-28,69.0698,69.4226,68.841,69.2796,1742145
2017-03-29,69.2891,69.7563,68.9363,69.68,2055681
2017-03-30,69.537,69.7277,69.0126,69.1651,2143605
2017-03-31,69.0793,69.5275,69.0793,69.2319,2145622
2017-04-03,69.2128,69.3653,68.7847,69.0031,2156056
2017-04-04,69.0412,69.2891,68.5168,68.9077,1420956
2017-04-05,68.9745,69.5751,68.8219,69.3654,1516649
2017-04-06,69.2128,69.2128,68.6693,69.0412,1777706
2017-04-07,68.9935,69.3463,68.8934,69.2128,1811150
2017-04-10,69.1079,69.377,68.7742,68.9077,1714867
2017-04-11,68.9363,69.1651,68.6217,68.7933,2045127
2017-04-12,68.717,69.2128,68.6217,68.9649,2494405
2017-04-13,68.9745,69.2033,68.5645,68.6026,1698062
2017-04-17,68.7266,69.0031,68.6503,68.9459,1264860
2017-04-18,69.0126,69.9661,68.9363,69.5847,1831730
2017-04-19,69.7468,69.9184,69.0984,69.2796,1204554
2017-04-20,69.2224,69.4512,68.8696,69.4035,2164515
2017-04-21,69.1651,69.394,68.9602,69.0507,2739164
2017-04-24,69.3749,69.6037,69.1651,69.3844,1863785
2017-04-25,69.4226,69.5751,68.9745,68.984,2218019
2017-04-26,69.0126,69.0603,68.1449,68.164,2428653
2017-04-27,68.2307,68.2879,67.487,67.6587,2293782
2017-04-28,67.754,67.8684,67.2868,67.6968,3897729
2017-05-01,67.7826,67.878,66.8673,66.8863,2060918
2017-05-02,67.2296,67.2296,65.7136,65.8184,3625941
2017-05-03,65.9043,65.9805,65.4752,65.7326,2853706
2017-05-04,65.4943,68.164,65.4943,67.1247,5348999
2017-05-05,67.4489,67.4489,66.7338,67.4012,2684877
2017-05-08,67.4012,70.0151,66.9817,69.3177,6966653
2017-05-09,69.2319,69.3368,67.1915,67.5538,3663200
2017-05-10,67.5252,67.9924,67.487,67.7445,1931561
2017-05-11,67.7349,67.8017,66.9245,67.4012,3431438
2017-05-12,67.1819,67.6491,67.0294,67.5347,1940536
2017-05-15,67.4489,67.8303,67.4394,67.7159,2310274
2017-05-16,67.8303,67.8589,66.9245,67.077,2292371
2017-05-17,66.8101,67.6491,66.7147,67.2487,2528926
2017-05-18,67.1056,67.2582,66.6003,66.8196,2434480
2017-05-19,66.934,67.7921,66.5717,67.7254,2606384
2017-05-22,67.3154,68.1068,67.3154,67.9924,1221985
2017-05-23,68.0305,68.4786,67.9447,68.2784,1986113
2017-05-24,68.2784,69.2224,68.2307,69.1461,2594480
2017-05-25,69.4607,69.7182,69.0402,69.2986,2218299
2017-05-26,69.4226,69.6324,68.9268,69.2414,1313136
2017-05-30,69.0878,69.0878,68.3579,68.8381,1827243
2017-05-31,68.963,69.3087,68.7133,68.7613,1711791
2017-06-01,69.0398,70.0578,68.7229,70.0482,2075294
2017-06-02,70.586,70.586,69.8465,70.077,1760669
2017-06-05,69.7793,70.1442,69.6736,70.0578,1542917
2017-06-06,69.9521,70.1922,69.76,69.9521,1176736
2017-06-07,69.8657,70.3267,69.8177,70.2306,1630954
2017-06-08,70.077,70.3459,69.3663,69.3855,1860306
2017-06-09,69.3279,69.8849,69.2222,69.7793,1403820
2017-06-12,69.9041,70.7108,69.8657,70.1826,2518750
2017-06-13,69.9809,70.5571,69.4623,70.3939,1676159
2017-06-14,70.6436,71.335,70.5283,70.5763,1690515
2017-06-15,70.3939,70.7204,69.9953,70.2018,1661607
2017-06-16,70.0482,70.1058,68.2619,69.0302,3595785
2017-06-19,69.1454,69.2703,68.526,68.9149,2270632
2017-06-20,68.9534,69.1454,68.2427,68.2715,1785257
2017-06-21,68.454,68.6364,67.5993,67.6857,1598165
2017-06-22,67.7049,68.1371,67.5608,67.6185,1602119
2017-06-23,67.7049,68.0794,67.5993,67.7625,1714985
2017-06-26,67.9642,68.5264,67.7337,68.1755,1204886
2017-06-27,67.34,67.484,66.5429,66.5909,3023629
2017-06-28,67.0999,67.5704,66.7445,66.7734,2100840
2017-06-29,66.7445,66.8214,65.8418,65.9667,3505569
2017-06-30,66.37,67.1383,66.3124,66.7061,2498291
2017-07-03,66.8214,66.8214,66.0147,66.0339,1086069
2017-07-05,66.0051,66.2163,64.8912,65.0159,4124401
2017-07-06,64.8526,65.1127,63.8635,63.9115,2709384
2017-07-07,64.0075,64.2476,63.777,63.8827,2991169
2017-07-10,63.9019,64.0459,63.172,63.2585,2589777
2017-07-11,63.028,63.4601,62.7303,62.7495,2707223
2017-07-12,63.1336,63.5466,63.052,63.1336,1370735
2017-07-13,63.1528,63.5657,63.0089,63.4025,2022137
2017-07-14,63.6714,63.8155,63.5274,63.7482,1414307
2017-07-17,63.6042,64.286,63.6042,64.1036,1785028
2017-07-18,64.0556,64.1036,63.5274,63.633,1957178
2017-07-19,63.8059,64.0556,63.6042,63.7194,1775053
2017-07-20,63.8155,64.2092,63.6138,64.1036,3329692
2017-07-21,63.9691,64.6126,63.9019,64.5549,1462427
2017-07-24,64.5837,64.8142,64.0075,64.1804,1739680
2017-07-25,64.3148,65.0169,64.1804,64.8911,1772759
2017-07-26,64.8911,64.9583,64.3917,64.6414,1156766
2017-07-27,64.603,65.0639,64.3917,64.9967,2414509
2017-07-28,64.9679,65.1119,64.6798,64.9679,1787928
2017-07-31,65.0639,65.4865,64.8622,65.304,4103939
2017-08-01,68.6845,68.8093,66.6197,66.8598,2864561
2017-08-02,64.5453,65.2848,63.8923,64.7662,2580473
2017-08-03,65.4,68.1178,65.1215,67.5704,5046709
2017-08-04,68.6845,68.8093,66.6197,66.8598,2864661
2017-08-07,67.0422,67.364,66.8598,67.3304,2923946
2017-08-08,67.0711,67.1671,66.2259,66.4756,1702661
2017-08-09,66.2932,66.5717,66.1587,66.3028,1565860
2017-08-10,66.1107,66.3028,65.8802,66.0243,2022562
2017-08-11,65.909,66.2644,65.765,66.0819,1054904
2017-08-14,66.5045,67.0999,66.2836,67.0903,1984615
2017-08-15,67.1191,67.3015,66.8694,67.0422,1405651
2017-08-16,66.9462,67.7433,66.9462,67.2919,1297099
2017-08-17,67.1671,67.7913,67.1479,67.3208,2106198
2017-08-18,67.2727,67.2919,66.783,67.1767,1975934
2017-08-21,67.1959,67.8778,66.9126,67.4168,1281028
2017-08-22,67.3592,67.4744,66.9558,67.2247,1861151
2017-08-23,66.927,67.2919,66.8214,67.1383,1756368
2017-08-24,66.6773,66.6869,65.1311,65.2176,2713748
2017-08-25,65.304,65.4,64.7278,65.0255,2241284
2017-08-28,65.0735,65.1215,63.681,64.1324,2045489
2017-08-29,64.1132,64.3341,63.4409,63.6714,1833893
2017-08-30,63.9038,64.0781,63.41,63.9522,2120328
2017-08-31,63.5552,64.0006,63.0905,63.3809,3006513
2017-09-01,63.3906,63.7005,62.9937,63.3713,2474695
2017-09-05,63.4003,64.5235,63.3519,64.2911,3256581
2017-09-06,64.2427,65.7144,63.8457,65.6854,4069122
2017-09-07,65.7919,66.2566,65.0851,65.5982,2490438
2017-09-08,65.5643,66.6149,65.24,66.276,2764777
2017-09-11,66.4212,66.915,66.3825,66.5858,2665675
2017-09-12,66.5084,67.0215,66.1792,66.3147,1437159
2017-09-13,66.3534,66.5858,65.7144,65.8209,1763957
2017-09-14,65.6854,65.8693,65.0657,65.4723,2732582
2017-09-15,65.5208,66.1501,65.4723,66.1501,2579089
2017-09-18,66.1404,66.4696,65.9274,66.4309,1876393
2017-09-19,65.7144,65.8693,63.5165,63.7779,5904370
2017-09-20,62.8291,63.5068,61.6768,62.6645,6004059
2017-09-21,62.6645,62.9259,61.6962,61.8899,2341994
2017-09-22,62.0448,62.3353,61.1056,61.3476,1962218
2017-09-25,61.3089,62.19,60.9991,61.9964,2996721
2017-09-26,61.8995,61.9189,60.97,61.4057,2929146
2017-09-27,61.4057,61.4638,60.4278,61.0378,3092079
2017-09-28,60.941,61.7446,60.3213,60.8151,3940227
2017-09-29,61.0475,61.1685,60.1373,60.3891,4069148
2017-10-02,60.2439,61.1153,59.7404,60.728,4200248
2017-10-03,60.7183,60.8248,60.0212,60.0502,2831708
2017-10-04,60.0115,60.8248,59.9921,60.4375,2804130
2017-10-05,60.5731,61.1443,60.3892,60.7086,2251529
2017-10-06,60.9119,61.1782,60.3504,60.4181,3205758
2017-10-09,60.4375,60.4956,59.0917,59.1013,4129701
2017-10-10,59.324,59.7694,59.1788,59.5177,3694088
2017-10-11,59.5855,59.9824,59.2756,59.3047,4974925
2017-10-12,59.2466,60.6021,59.2466,60.4085,3105660
2017-10-13,60.4569,60.4785,59.6823,59.9921,2875791
2017-10-16,59.9243,60.2826,59.8566,59.9437,1755148
2017-10-17,59.905,60.118,59.6339,59.7791,2032225
2017-10-18,59.7888,59.9873,59.5758,59.8275,2688807
2017-10-19,59.7597,60.0018,59.4596,59.7404,2222035
2017-10-20,59.7016,59.7888,59.0239,59.4983,3907968
2017-10-23,59.5951,59.9534,59.3724,59.5274,3461663
2017-10-24,59.508,59.7791,59.0336,59.2563,3030512
2017-10-25,59.0239,59.1207,58.0992,58.6221,3675197
2017-10-26,58.8302,58.9561,58.1234,58.6269,3217503
2017-10-27,58.501,58.5688,57.9201,58.3461,3143504
2017-10-30,58.1621,58.2493,56.8937,57.0003,6126042
2017-10-31,60.5053,61.8995,59.8081,60.544,11598383
2017-11-01,60.6505,61.6962,59.8469,61.0088,4620455
2017-11-02,60.8442,61.0669,60.3552,60.3988,3334790
2017-11-03,60.4569,60.5052,59.692,59.9921,3072355
2017-11-06,59.8856,59.8856,58.2783,58.288,3584785
2017-11-07,58.3364,59.4402,58.2202,58.9077,6320077
2017-11-08,59.0626,60.97,58.9271,60.8248,4624456
2017-11-09,60.6989,61.4057,60.5004,61.2702,4600678
2017-11-10,61.0378,63.1195,60.9119,62.6451,6215498
2017-11-13,62.5483,62.9356,61.5994,61.7349,3419122
2017-11-14,61.7253,63.1776,61.58,63.1098,4270135
2017-11-15,62.9356,62.9937,60.9991,61.7156,4553501
2017-11-16,62.0157,63.2648,61.8511,63.2067,2948829
2017-11-17,62.9162,63.7489,62.8678,63.2841,4617495
2017-11-20,63.2067,64.1168,63.1776,63.4778,4112934
2017-11-21,63.197,63.197,62.0351,62.3062,3875627
2017-11-22,62.8775,62.8775,62.1222,62.6548,1771319
2017-11-24,62.8968,62.9646,62.4514,62.8678,797500
2017-11-27,62.8387,63.2648,62.3546,63.0033,1877952
2017-11-28,63.1583,63.8651,62.7225,63.8457,2060681
2017-11-29,63.5068,65.5885,63.5068,64.6784,3235385
2017-11-30,65.1958,65.6204,64.1708,64.5808,4505857
2017-12-01,64.4441,64.942,63.5363,64.4148,3329835
2017-12-04,64.571,66.1036,64.3953,65.9279,4200559
2017-12-05,66.0352,66.6599,65.6741,66.3476,4446173
2017-12-06,66.3476,66.6599,66.0206,66.5038,1890699
2017-12-07,66.3769,66.5038,65.635,65.6643,1758892
2017-12-08,65.4691,65.6252,64.776,64.942,2361225
2017-12-11,64.8736,65.0347,64.4539,64.9615,1767436
2017-12-12,65.0298,65.0298,64.3563,64.3758,2145728
2017-12-13,64.6394,64.737,64.2196,64.2587,3051268
2017-12-14,64.0537,64.2977,63.4582,63.4973,3022173
2017-12-15,63.917,64.3465,62.6773,63.4387,7038530
2017-12-18,63.6535,64.5515,63.3509,64.0732,4558780
2017-12-19,64.2782,64.4441,63.8194,63.9073,5184249
2017-12-20,64.205,65.5472,63.5851,65.2738,5328189
2017-12-21,65.3226,66.2207,65.2348,66.0352,3461334
2017-12-22,66.2109,66.6209,66.0547,66.4745,2452259
2017-12-26,66.3378,66.5965,66.1816,66.5233,1372781
2017-12-27,66.5819,67.0699,66.4647,66.6599,1603101
2017-12-28,66.6014,66.7527,66.1524,66.4062,1538548
2017-12-29,66.5331,66.9821,66.3378,66.3573,1154845
2018-01-02,66.4062,66.5428,65.9864,66.3476,2978186
2018-01-03,66.4842,66.5038,65.801,66.0352,2223443
2018-01-04,66.1133,67.1285,65.879,67.0894,2438803
2018-01-05,67.2066,67.5385,66.9625,67.2944,2211935
2018-01-08,67.2261,67.558,66.9821,67.5189,1941119
2018-01-09,67.5482,67.558,66.9577,67.1383,3051352
2018-01-10,66.7088,66.8259,65.225,65.4203,3379864
2018-01-11,65.6838,65.6838,64.0049,64.4051,3897367
2018-01-12,64.4344,64.4832,63.1167,63.1459,4940164
2018-01-16,63.6925,64.6198,63.507,64.366,4747416
2018-01-17,64.6394,65.7717,64.5515,64.9224,3809560
2018-01-18,64.7858,64.7858,63.7999,64.2294,3429804
2018-01-19,64.3758,65.4105,64.2294,65.0298,3454603
2018-01-22,65.3519,65.5862,64.6979,65.5667,2143906
2018-01-23,65.3715,65.7131,64.9224,65.3324,1788498
2018-01-24,65.4398,66.2305,65.4105,65.6936,4236767
2018-01-25,65.7619,66.7185,65.7229,66.289,2206212
2018-01-26,66.1719,66.8064,66.0059,66.699,2352899
2018-01-29,66.494,66.7771,66.1133,66.1426,2125407
2018-01-30,66.0547,66.6111,65.5081,66.3183,2788978
2018-01-31,66.4062,66.9137,65.8107,66.4842,3145647
2018-02-01,66.3769,67.314,65.5667,66.6892,3026768
2018-02-02,66.5428,66.5428,63.8585,63.8877,3240426
2018-02-05,64.0732,64.7565,62.5456,62.5992,4194789
2018-02-06,61.6329,63.7511,61.4572,63.6047,5066171
2018-02-07,63.6144,65.1079,62.6285,62.6773,4871263
2018-02-08,63.0483,65.7131,63.0092,64.4051,5911815
2018-02-09,65.0103,66.1621,64.4246,65.7229,4226515
2018-02-12,66.0352,66.8357,65.3617,65.4691,3287655
2018-02-13,65.2934,66.1816,65.0786,65.879,3139781
2018-02-14,65.7131,66.3964,65.1274,66.1231,2367296
2018-02-15,66.4745,68.2608,65.7424,68.1534,3559679
2018-02-16,67.4897,68.2218,67.148,67.9972,2020042
2018-02-20,67.6751,68.6122,67.6751,68.0168,3399810
2018-02-21,67.8508,68.1925,66.6209,66.6795,2780895
2018-02-22,66.7088,67.9387,66.5331,66.6307,1825942
2018-02-23,66.5038,66.904,65.3226,66.904,2779069
2018-02-26,66.8259,67.5092,66.1816,67.3042,1917715
2018-02-27,67.353,67.6458,65.5081,65.5276,3125130
2018-02-28,65.635,65.8595,64.6003,64.6198,2130000
2018-03-01,65.2153,66.2207,64.8151,65.3129,2790468
2018-03-02,65.3129,66.8973,65.3129,66.6021,2292979
2018-03-05,66.356,68.1175,66.3462,68.0978,3908560
2018-03-06,68.0486,68.8949,67.7337,68.7867,3269530
2018-03-07,67.9109,68.5899,67.5271,68.1963,1906918
2018-03-08,68.3931,68.6194,67.9306,68.5308,1452970
2018-03-09,68.7375,69.6822,68.1963,69.1311,2907986
2018-03-12,69.2689,69.9479,68.7178,68.7178,2463709
2018-03-13,69.0327,69.4952,68.3537,68.5308,2737479
2018-03-14,68.7965,69.5346,67.7928,67.901,2557250
2018-03-15,67.9109,68.2553,65.4212,65.923,3555956
2018-03-16,66.1199,66.6414,64.8307,65.3818,8421158
2018-03-19,65.3129,66.2183,65.0964,65.372,3552674
2018-03-20,65.5688,66.0707,64.8209,65.2637,4128552
2018-03-21,62.961,63.2857,62.0261,62.6658,5261287
2018-03-22,62.5969,63.453,62.341,62.3607,2918946
2018-03-23,62.6362,63.3251,61.9474,61.9474,2202967
2018-03-26,62.7346,63.2168,62.2721,63.1086,1723789
2018-03-27,63.3743,63.9943,63.1381,63.3546,1966727
2018-03-28,63.4924,63.9844,62.7543,62.8823,3488590
2018-03-29,63.1578,64.2009,63.1578,63.9746,1946649
2018-04-02,63.9352,63.9549,61.8785,62.1147,1545395
2018-04-03,62.4296,62.528,61.5371,62.3607,1878834
2018-04-04,61.9966,64.4863,61.9868,63.8959,2357482
2018-04-05,64.1222,64.3387,63.3448,63.5317,1294148
2018-04-06,63.4727,64.3977,62.7543,63.2168,1653445
2018-04-09,63.4825,64.2108,62.9315,63.453,1532059
2018-04-10,63.581,63.9844,62.4591,62.6067,3105856
2018-04-11,62.5083,62.7839,62.1344,62.341,1701825
2018-04-12,62.3902,62.5378,61.5439,61.6128,1796275
2018-04-13,61.6915,62.1245,61.416,62.0556,2187536
2018-04-16,61.9474,62.8626,61.4357,62.8134,2404273
2018-04-17,63.1676,63.3251,62.4493,62.774,1918740
2018-04-18,62.6461,62.7986,62.2426,62.4001,2529079
2018-04-19,62.154,62.2721,60.9338,61.2093,1943905
2018-04-20,61.1601,61.6128,58.8476,59.3101,4461003
2018-04-23,59.4183,59.7234,59.0345,59.5561,1516133
2018-04-24,59.7529,59.93,58.9607,59.497,1895035
2018-04-25,59.3888,60.4516,59.3298,59.9792,2223815
2018-04-26,59.9694,60.0481,57.7749,59.1428,4916349
2018-04-27,59.2313,59.7726,59.1625,59.2806,3094185
2018-04-30,59.3002,59.5118,57.9127,57.9619,3671418
2018-05-01,57.8733,58.138,57.2829,57.8143,3087724
2018-05-02,57.6371,57.6421,55.5017,55.7477,4451166
2018-05-03,57.5692,57.9324,56.4464,57.2238,7239877
2018-05-04,57.3813,59.684,57.3222,58.8476,5641510
2018-05-07,58.8279,59.6545,58.8279,59.5266,3409172
2018-05-08,59.379,59.6643,59.0345,59.3396,2197653
2018-05-09,59.5266,60.1957,59.0837,59.3691,2165748
2018-05-10,59.6447,60.2154,59.5069,60.0678,2227135
2018-05-11,60.1761,60.7173,59.93,60.4122,2198883
2018-05-14,60.5008,60.737,60.1072,60.6681,3275058
2018-05-15,60.5106,60.8944,59.7923,60.2745,2774844
2018-05-16,60.4024,60.6976,60.1269,60.5106,2154598
2018-05-17,60.6287,60.6976,59.9792,60.2056,1792892
2018-05-18,59.6348,59.7135,58.3457,59.2313,3741734
2018-05-21,59.5167,60.3926,59.1665,59.8021,2504260
2018-05-22,60.0088,61.1404,59.812,60.5402,2603530
2018-05-23,60.8452,61.3274,60.5598,61.2389,1999466
2018-05-24,61.2979,62.5674,61.229,62.4985,3923178
2018-05-25,62.587,64.5257,62.3902,64.1911,4612135
2018-05-29,63.7286,64.378,63.1086,63.5514,3727675
2018-05-30,63.7286,65.2145,63.4137,64.9193,3085783
2018-05-31,65.088,65.088,63.2127,63.8874,2934593
2018-06-01,63.9966,64.0958,63.0887,63.3318,2395948
2018-06-04,63.6195,64.4232,63.5203,64.1156,2131939
2018-06-05,64.195,64.3736,62.4884,62.7762,3241782
2018-06-06,62.7762,62.7762,61.6947,62.419,6795784
2018-06-07,61.1688,62.7067,60.8116,61.7741,5245572
2018-06-08,62.0816,63.4013,62.0816,63.2127,2720278
2018-06-11,63.3814,65.2517,63.3814,64.9392,2605280
2018-06-12,65.7925,65.7925,64.5224,65.1971,2045210
2018-06-13,65.3956,65.7726,64.7506,65.2567,1666880
2018-06-14,65.4055,66.2588,64.9987,66.0802,2390644
2018-06-15,66.1596,66.616,65.6238,66.5366,3788653
2018-06-18,66.3282,66.7846,65.3559,65.7428,1848677
2018-06-19,65.2964,66.5168,65.2864,66.0703,1453962
2018-06-20,66.1596,66.2885,64.9888,66.1695,1433666
2018-06-21,66.2786,66.665,65.852,66.3183,1679392
2018-06-22,66.6259,67.1815,66.2588,66.8739,2914361
2018-06-25,67.2907,68.6996,67.2807,68.5111,4278527
2018-06-26,68.263,68.4416,67.886,68.1638,3560351
2018-06-27,68.015,69.7315,67.2619,68.6401,6122901
2018-06-28,68.6103,69.6223,68.1043,69.1262,3052944
2018-06-29,69.1957,69.7513,68.1985,69.3247,2226237
2018-07-02,69.0469,69.5132,68.6103,69.0667,2061651
2018-07-03,69.1461,69.2056,68.6301,68.7988,1202459
2018-07-05,69.1858,70.9916,68.9972,70.9816,3337163
2018-07-06,71.0312,71.6762,70.5054,71.2694,2041572
2018-07-09,71.2694,71.3884,69.6719,69.92,2509360
2018-07-10,70.1184,70.3466,69.5132,70.0887,2314798
2018-07-11,70.178,70.1978,69.5529,69.7811,1328305
2018-07-12,70.1085,70.3764,69.7215,70.1283,1504934
2018-07-13,69.92,70.7534,69.6719,70.6145,1985485
2018-07-16,70.5451,70.5451,69.8902,70.039,1157881
2018-07-17,69.8704,70.4458,69.7811,70.0986,1335884
2018-07-18,70.1581,70.2474,68.1638,68.4218,2391285
2018-07-19,68.3722,69.409,68.3424,69.0568,1669562
2018-07-20,69.533,69.8208,68.8583,69.6521,1330466
2018-07-23,69.5033,69.8009,68.898,69.3147,1508089
2018-07-24,69.0965,69.667,68.6698,69.6322,1413253
2018-07-25,69.6521,70.3466,69.6322,70.297,2754683
2018-07-26,70.7931,71.696,70.2176,70.3268,2514344
2018-07-27,70.5748,71.0808,70.2276,70.8427,1533578
2018-07-30,70.1978,71.1305,70.05,70.7733,1738184
2018-07-31,70.9419,71.2198,70.039,70.4756,2371455
2018-08-01,70.5748,70.5947,68.6202,68.8881,3177374
2018-08-02,68.1638,69.4933,66.2687,69.3346,3908595
2018-08-03,69.6521,72.6684,69.4735,71.5869,3626816
2018-08-06,71.7357,72.0929,71.0164,71.6365,2064204
2018-08-07,71.4877,71.5174,70.813,71.3388,1711429
2018-08-08,71.5869,71.6762,70.4458,70.4558,1382946
2018-08-09,70.9023,70.9023,70.3466,70.7435,1421604
2018-08-10,70.5252,71.2495,70.2772,70.8229,1125574
2018-08-13,70.9221,70.9816,70.039,70.4558,1535675
2018-08-14,70.5848,71.5869,70.5848,70.9519,1575313
2018-08-15,70.8526,71.6166,70.684,71.5373,1425430
2018-08-16,71.5373,72.7378,71.4281,72.1326,2069675
2018-08-17,72.1127,73.3034,72.1127,73.0553,1992922
2018-08-20,73.2041,73.7399,73.0156,73.1446,1577930
2018-08-21,73.3034,73.4423,71.4281,71.6563,1909176
2018-08-22,71.7258,72.1028,70.9717,71.5769,1245893
2018-08-23,71.1503,71.5571,70.7832,71.5472,1115008
2018-08-24,71.5571,72.3806,71.5174,71.8845,947442
2018-08-27,72.083,72.3211,71.2495,71.4579,1219646
2018-08-28,71.1007,71.4678,70.4359,70.9122,1143664
2018-08-29,71.3091,71.3587,70.8874,71.2495,1333845
2018-08-30,70.9618,71.5968,70.9221,71.19,1144216
2018-08-31,71.28,72.09,71.255,71.79,1401126
2018-09-04,71.81,72.3,71.62,71.91,1057012
2018-09-05,71.57,72.76,71.32,72.7,1539442
2018-09-06,72.47,73.715,72.46,73.65,1485751
2018-09-07,73.34,74.44,73.15,74.09,1925680
2018-09-10,74.14,74.58,73.78,74.02,1827949
2018-09-11,73.89,73.99,73.16,73.46,995878
2018-09-12,73.79,74.51,73.55,74.45,1132855
2018-09-13,74.56,74.84,73.92,74.8,1563888
