date,open,high,low,close,volume
2013-09-16,16.6352,16.7154,16.5309,16.6192,2468699
2013-09-17,16.6512,16.7636,16.563,16.563,1840711
2013-09-18,16.6031,16.8117,16.3062,16.8037,8734619
2013-09-19,16.8519,17.1488,16.8438,16.9401,4444599
2013-09-20,16.9803,16.9803,16.5469,16.555,4740676
2013-09-23,16.5148,16.6352,16.3953,16.4426,2977619
2013-09-24,16.4587,16.4988,16.2259,16.258,3798075
2013-09-25,16.2982,16.4105,16.1296,16.2019,3840083
2013-09-26,16.2179,16.4105,16.2019,16.3864,2592968
2013-09-27,16.3383,16.4185,16.2259,16.3463,2190574
2013-09-30,16.258,16.3864,16.1457,16.1938,4749209
2013-10-01,16.1857,16.5263,16.1371,16.356,4220456
2013-10-02,16.6236,16.8588,16.2749,16.3641,3329095
2013-10-03,16.3317,16.3722,15.91,15.9668,3434227
2013-10-04,15.983,16.0398,15.8289,15.8776,2902923
2013-10-07,15.7478,15.9587,15.683,15.8938,3695017
2013-10-08,15.8938,15.9506,15.5857,15.61,4774217
2013-10-09,15.6911,15.9579,15.6262,15.8776,5441570
2013-10-10,16.0235,16.3722,15.9343,16.3722,3955557
2013-10-11,16.3479,16.5506,16.1979,16.5344,4310348
2013-10-14,16.4128,16.6561,16.4047,16.6398,4619379
2013-10-15,16.6479,16.6966,16.3966,16.4533,3372254
2013-10-16,16.5425,16.8588,16.5101,16.8507,2269085
2013-10-17,16.8182,17.0534,16.6966,16.9723,2838525
2013-10-18,17.0534,17.0777,16.8263,16.9155,3993399
2013-10-21,16.9318,16.948,16.7453,16.8182,3177189
2013-10-22,16.875,17.1102,16.8263,17.0534,2573651
2013-10-23,17.0047,17.0939,16.9277,17.0534,4003622
2013-10-24,17.0777,17.244,17.0534,17.2075,4720146
2013-10-25,17.2967,17.5805,17.2156,17.5237,6388868
2013-10-28,17.5075,17.5399,17.3048,17.5156,4445235
2013-10-29,17.4751,17.4751,17.2318,17.4102,7680093
2013-10-30,17.4345,17.6373,17.2367,17.5562,8955418
2013-10-31,17.5156,17.6535,17.3291,17.4183,5679811
2013-11-01,17.4589,17.5967,17.2886,17.4832,4011669
2013-11-04,17.5724,17.7021,17.5075,17.5643,5195174
2013-11-05,17.4507,17.5075,17.2642,17.321,5522885
2013-11-06,17.3615,17.6291,17.2967,17.3372,3484053
2013-11-07,17.4021,17.4021,17.0696,17.1264,3025467
2013-11-08,17.021,17.0696,16.729,17.0291,3428489
2013-11-11,17.0047,17.1426,16.9723,17.0615,2061936
2013-11-12,17.1426,17.1426,16.7939,16.9074,2807003
2013-11-13,16.8669,16.9723,16.7899,16.9642,2495117
2013-11-14,17.0372,17.2642,17.0372,17.1264,2652457
2013-11-15,17.0615,17.175,17.0047,17.175,5489295
2013-11-18,17.2237,17.3291,17.1183,17.1669,2654803
2013-11-19,17.1264,17.1977,16.952,17.1183,2482481
2013-11-20,17.1102,17.321,16.8588,16.9318,2363695
2013-11-21,16.948,17.0453,16.8831,16.9966,3176173
2013-11-22,17.021,17.021,16.8345,16.9561,3185977
2013-11-25,17.0129,17.0291,16.8588,16.8993,2261455
2013-11-26,16.948,17.0453,16.8588,16.9237,4387641
2013-11-27,17.0291,17.0778,16.9155,16.9318,2221690
2013-11-29,16.948,16.9642,16.7128,16.7209,1386469
2013-12-02,16.6885,16.8263,16.4371,16.7534,5420632
2013-12-03,16.6479,16.8588,16.6236,16.7534,2773742
2013-12-04,16.6155,16.8669,16.5425,16.7858,2557889
2013-12-05,16.7128,16.8912,16.5993,16.8101,2348469
2013-12-06,16.9318,17.0534,16.8385,17.0129,3185723
2013-12-09,17.0129,17.1507,16.9074,17.1183,2127000
2013-12-10,17.1021,17.1994,16.9074,16.9155,2456910
2013-12-11,16.8912,16.9642,16.3641,16.3722,4346377
2013-12-12,16.3722,16.5425,16.2668,16.3803,3658340
2013-12-13,16.4533,16.6479,16.2344,16.2344,3202084
2013-12-16,16.1938,16.3155,16.0641,16.1452,3230648
2013-12-17,16.1533,16.4331,16.0831,16.2993,4762144
2013-12-18,16.356,16.6196,15.9992,16.5993,4232270
2013-12-19,16.575,16.575,16.2911,16.3966,2925171
2013-12-20,16.356,16.4777,16.2587,16.3885,4768747
2013-12-23,16.4858,16.5182,16.2668,16.3155,2456478
2013-12-24,16.3479,16.429,16.2506,16.3074,958658
2013-12-26,16.7534,16.8182,16.3074,16.429,1641966
2013-12-27,16.4128,16.4452,16.2425,16.3236,1411701
2013-12-30,16.3359,16.4507,16.3359,16.3441,1605521
2013-12-31,16.3523,16.4097,16.1637,16.1965,2668537
2014-01-02,16.2129,16.2867,16.0817,16.2129,2627327
2014-01-03,16.1801,16.4343,16.1801,16.3523,3176019
2014-01-06,16.3851,16.4425,16.1965,16.3605,4520726
2014-01-07,16.4015,16.5081,16.3113,16.4097,6138556
2014-01-08,16.4261,16.6065,16.3687,16.5245,3128564
2014-01-09,16.5983,16.6229,16.3687,16.6229,3079700
2014-01-10,16.5163,16.9181,16.5081,16.8607,3485157
2014-01-13,16.7705,16.7705,16.5409,16.5983,3393030
2014-01-14,16.6065,17.0411,16.5819,16.8853,5841908
2014-01-15,16.9017,17.0657,16.8525,17.0247,3535086
2014-01-16,16.9673,17.156,16.8607,17.1313,2797859
2014-01-17,17.0493,17.1888,16.9673,17.0247,3466544
2014-01-21,17.1149,17.2134,17.0247,17.1888,3392583
2014-01-22,17.1888,17.2872,17.119,17.2872,2243244
2014-01-23,17.1724,17.2708,17.0411,17.1231,3628826
2014-01-24,17.0329,17.1231,16.8853,16.9673,3353656
2014-01-27,16.9591,17.0903,16.7484,16.7787,2470994
2014-01-28,16.7623,17.0493,16.7623,16.9755,2235856
2014-01-29,17.0411,17.0411,16.709,16.8607,2361966
2014-01-30,16.9837,17.1568,16.9673,17.0903,2694111
2014-01-31,16.8689,17.2011,16.7869,17.1477,3165273
2014-02-03,17.1067,17.1313,16.7295,16.7787,7254891
2014-02-04,16.8115,16.8607,16.6557,16.7787,5413561
2014-02-05,16.7295,16.8607,16.6475,16.8279,4112402
2014-02-06,16.8525,17.0739,16.7787,17.0247,5107603
2014-02-07,17.1231,17.2544,17.0247,17.1642,3381139
2014-02-10,17.1724,17.3692,17.0985,17.3282,3885315
2014-02-11,17.3118,17.607,17.3118,17.4512,4502177
2014-02-12,17.5004,17.5086,17.3446,17.4676,2687604
2014-02-13,17.4102,17.689,17.3282,17.6234,2878091
2014-02-14,17.5988,17.812,17.5988,17.7792,1637101
2014-02-18,17.812,17.8284,17.6517,17.8284,1774227
2014-02-19,17.8284,18.1482,17.7546,17.8776,2419950
2014-02-20,17.8858,17.9924,17.7259,17.7956,1937271
2014-02-21,17.771,17.976,17.7054,17.8694,1719705
2014-02-24,17.8858,18.0252,17.8038,17.8202,2749339
2014-02-25,17.8612,18.0826,17.8202,17.976,2009160
2014-02-26,17.976,18.1072,17.9268,18.0334,2119846
2014-02-27,17.9678,18.1154,17.9022,18.0416,2968702
2014-02-28,18.058,18.2877,17.9842,18.2548,5110017
2014-03-03,18.181,18.2548,18.0416,18.2466,3028839
2014-03-04,18.2548,18.5583,18.2548,18.5501,3930887
2014-03-05,18.5501,18.6157,18.3041,18.5583,3273322
2014-03-06,18.5419,18.5747,18.2713,18.3533,2771852
2014-03-07,18.058,18.3369,17.9391,18.0826,2873142
2014-03-10,18.0826,18.1154,17.7874,17.9514,3518478
2014-03-11,17.894,18.0908,17.8694,17.9678,2424573
2014-03-12,17.9104,18.099,17.9104,18.0416,4267636
2014-03-13,18.058,18.099,17.9514,18.0088,3780068
2014-03-14,17.9678,18.181,17.9268,17.9432,4194025
2014-03-17,18.017,18.1072,17.8694,17.935,3271095
2014-03-18,17.9432,18.017,17.853,18.0088,3434621
2014-03-19,18.099,18.1482,17.607,17.6316,3005563
2014-03-20,17.5414,17.73,17.4676,17.7136,2154546
2014-03-21,17.8694,17.9924,17.6808,17.9186,3455143
2014-03-24,17.9842,18.0252,17.689,17.8202,1958856
2014-03-25,17.9186,18.0416,17.7956,17.935,2264939
2014-03-26,17.976,18.0334,17.7218,17.771,1681309
2014-03-27,17.7382,17.9432,17.6398,17.8448,2553704
2014-03-28,17.9186,18.0088,17.853,17.9104,2109488
2014-03-31,17.9924,18.0252,17.7792,17.9432,3343820
2014-04-01,17.9805,18.0551,17.7402,18.0468,3306369
2014-04-02,18.0219,18.1296,17.9474,18.0799,2105630
2014-04-03,18.0965,18.1379,17.9722,18.1048,1718900
2014-04-04,18.1794,18.2415,18.0551,18.1296,1907378
2014-04-07,18.1545,18.4114,18.1379,18.1959,2625061
2014-04-08,18.1462,18.3368,18.0882,18.3119,1856279
2014-04-09,18.3368,18.3948,18.2042,18.3699,2039432
2014-04-10,18.3865,18.5108,18.1338,18.1711,3215487
2014-04-11,18.1214,18.2871,18.0219,18.0219,2908937
2014-04-14,18.1877,18.2208,17.9722,18.1048,2609216
2014-04-15,18.0965,18.3617,18.0302,18.3534,2989853
2014-04-16,18.4694,18.7262,18.4031,18.7179,2452615
2014-04-17,18.6599,18.6599,18.4611,18.6019,2343116
2014-04-21,18.6268,18.7511,18.5605,18.6682,1609141
2014-04-22,18.6848,18.8091,18.5191,18.7677,2032460
2014-04-23,18.776,18.776,18.5481,18.6268,2403000
2014-04-24,18.6765,18.8008,18.6185,18.8008,1362407
2014-04-25,18.8008,18.8008,18.6434,18.6765,1128542
2014-04-28,18.7511,18.9002,18.6599,18.9002,2939201
2014-04-29,18.9665,19.0245,18.8588,18.9334,2323457
2014-04-30,18.9168,18.9997,18.8422,18.9914,2902324
2014-05-01,18.9831,19.0908,18.776,19.066,2335580
2014-05-02,19.0162,19.1571,18.9251,19.0328,1983327
2014-05-05,18.9914,19.0494,18.9085,18.9997,2485516
2014-05-06,18.9334,19.0162,18.8091,18.9417,1777069
2014-05-07,19.008,19.24,18.9251,19.2234,3336251
2014-05-08,19.1571,19.2524,18.9085,18.9831,3840891
2014-05-09,19.0162,19.0908,18.7345,18.834,3526374
2014-05-12,18.7925,18.95,18.7345,18.8422,4995618
2014-05-13,18.8588,19.1074,18.7511,18.834,2594343
2014-05-14,18.8671,18.9997,18.7842,18.8754,1751233
2014-05-15,18.8671,18.8754,18.6599,18.8422,2597280
2014-05-16,18.8174,18.9997,18.7262,18.9997,2195694
2014-05-19,18.9417,18.9997,18.7801,18.9085,2777309
2014-05-20,18.9831,18.9997,18.6682,18.6931,4100954
2014-05-21,18.7594,18.8422,18.6682,18.7097,2090941
2014-05-22,18.7262,18.8215,18.6434,18.6682,2170229
2014-05-23,18.7345,18.8257,18.7014,18.8174,1607064
2014-05-27,18.8754,19.008,18.8422,18.9831,2175574
2014-05-28,18.9748,18.9831,18.7345,18.8505,2555671
2014-05-29,18.8422,18.9417,18.7925,18.8837,1507151
2014-05-30,18.8588,19.0411,18.8588,18.9914,3277732
2014-06-02,18.9831,19.1902,18.9831,19.0825,1738190
2014-06-03,19.0742,19.0991,18.9914,19.0825,1678630
2014-06-04,19.0825,19.2027,19.0742,19.1488,1557117
2014-06-05,19.1985,19.5134,19.1074,19.5051,2542439
2014-06-06,19.5465,19.5631,19.3402,19.3891,1972270
2014-06-09,19.3394,19.4388,19.0411,19.0411,3015156
2014-06-10,19.0825,19.0825,18.7842,18.8671,3047889
2014-06-11,18.8588,18.9002,18.6765,18.7428,1763204
2014-06-12,18.7179,18.7677,18.4528,18.6351,3504598
2014-06-13,18.6765,18.8174,18.5108,18.8008,2053301
2014-06-16,18.7925,18.9085,18.6558,18.7097,1726505
2014-06-17,18.6517,18.8588,18.6185,18.8505,2096603
2014-06-18,18.8091,19.1074,18.7594,19.0742,2260470
2014-06-19,19.008,19.3228,19.008,19.2814,2178641
2014-06-20,19.2897,19.4803,19.1612,19.4803,3315137
2014-06-23,19.4637,19.5797,19.4057,19.4471,2805111
2014-06-24,19.3891,19.4471,19.2897,19.3145,1722554
2014-06-25,19.298,19.3518,19.0991,19.1157,3785947
2014-06-26,19.1322,19.1322,18.95,18.9582,4623938
2014-06-27,18.9334,19.0825,18.9002,19.0494,3939756
2014-06-30,19.0742,19.0991,18.9417,19.0411,3688370
2014-07-01,19.1792,19.2545,19.0202,19.2126,2268361
2014-07-02,19.2879,19.3884,19.1373,19.3382,2537940
2014-07-03,19.3131,19.3382,19.0537,19.1373,1482181
2014-07-07,19.1541,19.2879,19.1101,19.2712,1500520
2014-07-08,19.2796,19.4177,19.2712,19.3716,1250248
2014-07-09,19.3967,19.4051,19.2126,19.3633,1640153
2014-07-10,19.2712,19.5055,19.2628,19.3884,2211189
2014-07-11,19.3884,19.4386,19.3005,19.4135,1515462
2014-07-14,19.4553,19.5557,19.3716,19.4971,1932108
2014-07-15,19.5055,19.5892,19.38,19.4386,1725756
2014-07-16,19.4553,19.9323,19.38,19.539,1337255
2014-07-17,19.4971,19.5725,19.4386,19.4804,1462458
2014-07-18,19.5223,19.6998,19.4888,19.6729,1420413
2014-07-21,19.5808,19.652,19.493,19.5641,1430074
2014-07-22,19.6394,19.7314,19.6059,19.6812,1172380
2014-07-23,19.6478,19.7566,19.6227,19.7314,886950
2014-07-24,19.7398,19.7566,19.5725,19.6729,1381433
2014-07-25,19.6561,19.744,19.4888,19.5223,1188223
2014-07-28,19.5223,19.7649,19.5055,19.631,1915519
2014-07-29,19.6561,19.6812,19.4971,19.5139,2136075
2014-07-30,19.5892,19.7231,19.0871,19.1541,3357520
2014-07-31,19.0285,19.0788,18.7106,18.7273,4345913
2014-08-01,18.7189,18.8026,18.585,18.7189,1792915
2014-08-04,18.7189,18.8026,18.585,18.7189,1792915
2014-08-05,18.6436,18.7608,18.5014,18.5432,2332235
2014-08-06,18.5097,18.6436,18.4512,18.6018,2391825
2014-08-07,18.5181,18.652,18.4428,18.5181,4377478
2014-08-08,18.585,18.6604,18.4428,18.652,3114529
2014-08-11,18.6938,19.0118,18.6687,18.9783,2349819
2014-08-12,18.9281,19.0453,18.903,18.9532,1861546
2014-08-13,19.0034,19.1959,18.9616,19.1959,1756879
2014-08-14,19.221,19.2754,19.129,19.2294,1827839
2014-08-15,19.2963,19.3298,19.1457,19.2461,8216864
2014-08-18,19.3131,19.3298,19.2085,19.3298,3164858
2014-08-19,19.3967,19.6059,19.3298,19.5808,2766012
2014-08-20,19.5474,19.7817,19.4135,19.7482,2534310
2014-08-21,19.8151,19.8737,19.7147,19.7231,1561885
2014-08-22,19.7231,19.7231,19.4511,19.4888,1734137
2014-08-25,19.5892,19.5892,19.3465,19.4302,1455697
2014-08-26,19.4804,19.5557,19.4302,19.4804,1631557
2014-08-27,19.5139,19.5725,19.4218,19.4804,1694344
2014-08-28,19.4302,19.4888,19.3633,19.4469,1468682
2014-08-29,19.5055,19.6729,19.4135,19.6561,1444086
2014-09-02,19.698,19.7482,19.631,19.6896,1641700
2014-09-03,19.7147,19.7984,19.5892,19.631,3038225
2014-09-04,19.6227,19.7314,19.5306,19.5725,1864567
2014-09-05,19.5725,19.7482,19.5055,19.7482,1668008
2014-09-08,19.6729,19.79,19.5474,19.5976,1666426
2014-09-09,19.5557,19.5725,19.4135,19.472,1490986
2014-09-10,19.4218,19.4218,19.129,19.1875,2919017
2014-09-11,19.1206,19.3047,19.063,19.2377,2042263
2014-09-12,19.1373,19.2043,18.5181,18.6938,3950112
2014-09-15,18.6938,18.8779,18.5683,18.7189,2794741
2014-09-16,18.6938,18.9951,18.6771,18.9198,2890451
2014-09-17,19.0118,19.0955,18.7691,18.7942,2844152
2014-09-18,18.7942,18.8612,18.6018,18.7022,3021077
2014-09-19,18.7775,18.8193,18.7106,18.7608,6585853
2014-09-22,18.6938,18.7273,18.5265,18.5348,3293952
2014-09-23,18.5348,18.6018,18.3675,18.3759,2833383
2014-09-24,18.3508,18.5767,18.2754,18.3508,2902448
2014-09-25,18.3089,18.3173,18.1164,18.1416,2132392
2014-09-26,18.1248,18.4317,18.0244,18.401,1961142
2014-09-29,18.3005,18.3842,18.1918,18.3759,1595550
2014-09-30,18.401,18.4428,18.2336,18.334,2976222
2014-10-01,18.1583,18.3424,18.0913,18.1834,4954839
2014-10-02,18.0997,18.2964,18.0411,18.1918,3729924
2014-10-03,18.2671,18.4261,18.1667,18.3759,2013005
2014-10-06,18.4093,18.585,18.3842,18.5348,2756489
2014-10-07,18.4846,18.606,18.401,18.401,3028452
2014-10-08,18.4177,18.8947,18.4135,18.8947,2980017
2014-10-09,18.8863,19.1457,18.8612,18.9365,4586578
2014-10-10,18.9616,19.2712,18.9532,18.9783,3175273
2014-10-13,18.9198,19.2796,18.903,18.97,3006658
2014-10-14,19.1457,19.6227,18.97,19.2712,4580877
2014-10-15,19.1373,19.4386,19.0537,19.1792,3716897
2014-10-16,19.0369,19.3047,18.8193,19.2043,3283157
2014-10-17,19.3047,19.3214,19.0202,19.0871,3292345
2014-10-20,19.0955,19.3633,19.0285,19.3465,2377127
2014-10-21,19.4135,19.6561,19.2712,19.631,2253198
2014-10-22,19.6812,19.8402,19.608,19.7566,2761907
2014-10-23,19.8821,20.0118,19.79,19.9909,5272570
2014-10-24,20.0411,20.1749,19.9825,20.1415,3274312
2014-10-27,20.1247,20.267,20.0076,20.2001,2615606
2014-10-28,20.2001,20.2419,20.0494,20.2252,2895695
2014-10-29,21.1958,21.1958,20.8193,20.9783,2854396
2014-10-30,20.744,20.744,20.5348,20.585,3068346
2014-10-31,20.744,20.9113,20.5348,20.8778,5926235
2014-11-03,20.9197,21.1791,20.8862,21.154,3629751
2014-11-04,21.0954,21.2377,20.8778,21.0954,3075749
2014-11-05,21.1958,21.1958,20.8193,20.9783,2854396
2014-11-06,21.0117,21.1205,20.6519,20.6938,2771989
2014-11-07,20.7356,20.8611,20.5348,20.744,2517641
2014-11-10,20.6687,20.8946,20.6435,20.8695,2814805
2014-11-11,20.9197,20.9197,20.6435,20.7356,1833316
2014-11-12,20.744,20.744,20.5348,20.585,3068346
2014-11-13,20.6603,20.836,20.5933,20.7021,2267764
2014-11-14,20.6603,20.7523,20.4344,20.4678,2501619
2014-11-17,20.4344,20.7607,20.4344,20.7105,2819155
2014-11-18,20.7607,20.903,20.6854,20.7942,2051548
2014-11-19,20.7942,20.903,20.6184,20.6268,2709654
2014-11-20,20.6101,20.6938,20.5431,20.6101,2365054
2014-11-21,20.7272,20.8527,20.677,20.7942,4251726
2014-11-24,20.8611,20.9783,20.8025,20.903,2462118
2014-11-25,20.903,21.0452,20.8486,20.995,3525416
2014-11-26,21.0201,21.3297,20.9866,21.246,2665468
2014-11-28,21.3297,21.5598,21.2126,21.2962,1711256
2014-12-01,21.2628,21.7481,21.2628,21.4552,4923194
2014-12-02,21.4134,21.4552,21.2628,21.3799,3191721
2014-12-03,21.3799,21.4636,21.2377,21.2962,2934919
2014-12-04,21.3213,21.3548,21.2042,21.3046,2804631
2014-12-05,21.2126,21.313,21.0536,21.2042,4053906
2014-12-08,21.2293,21.5389,21.2042,21.3046,2795103
2014-12-09,21.1875,21.3213,21.1038,21.2795,5030918
2014-12-10,21.1958,21.3213,21.1373,21.2544,3947710
2014-12-11,21.313,21.3799,21.2042,21.246,3852613
2014-12-12,21.1289,21.3632,21.1289,21.1707,2602323
2014-12-15,21.2377,21.2962,20.9119,20.9699,2837033
2014-12-16,21.0536,21.2126,20.7858,20.8611,4473427
2014-12-17,20.9364,21.2293,20.836,21.1958,6696542
2014-12-18,21.3297,21.3632,21.087,21.3381,5789423
2014-12-19,21.4134,21.4469,21.2962,21.405,5601732
2014-12-22,21.4218,21.6812,21.4218,21.6812,3432597
2014-12-23,21.7565,21.7899,21.6059,21.6226,2254946
2014-12-24,21.6895,21.7899,21.5473,21.5724,1279304
2014-12-26,21.5891,21.7063,21.5222,21.564,1784814
2014-12-29,21.5724,21.769,21.5724,21.6728,2814872
2014-12-30,21.8755,21.8755,21.639,21.6643,2438253
2014-12-31,21.7319,21.8924,21.1914,21.2336,3339454
2015-01-02,21.3349,21.5461,21.2843,21.5039,2716503
2015-01-05,21.4954,21.8755,21.4616,21.6981,4106091
2015-01-06,21.8248,21.9768,21.715,21.8248,4957917
2015-01-07,21.9346,22.4498,21.7741,22.3907,4571887
2015-01-08,22.5005,22.5976,22.3231,22.4667,4189148
2015-01-09,22.5258,22.5681,22.3316,22.416,2812305
2015-01-12,22.4583,22.6272,22.4414,22.5512,2691404
2015-01-13,22.585,22.7623,22.4921,22.6525,3457282
2015-01-14,22.509,23.058,22.4836,23.0326,3532600
2015-01-15,23.134,23.286,22.9313,23.0411,3529017
2015-01-16,22.9566,23.4211,22.9439,23.4042,3406307
2015-01-20,23.4634,23.4803,22.9735,23.058,2874781
2015-01-21,22.9397,23.0917,22.8468,23.058,2719755
2015-01-22,23.2269,23.6661,23.2184,23.6661,2424428
2015-01-23,23.6745,23.7336,23.5056,23.6323,2035533
2015-01-26,23.5732,23.9195,23.4887,23.9026,2419933
2015-01-27,23.8012,23.9744,23.7759,23.9279,2079741
2015-01-28,23.9955,24.1053,23.7421,23.7505,2650207
2015-01-29,23.7674,23.9279,23.5858,23.8941,2379891
2015-01-30,23.8012,23.8519,23.3451,23.3536,3309664
2015-02-02,23.3536,23.4887,22.8552,23.4549,2971664
2015-02-03,23.3958,23.7083,23.3198,23.6999,2490209
2015-02-04,23.5816,23.683,23.3789,23.3874,4798358
2015-02-05,23.3958,23.7294,23.3367,23.6661,3115383
2015-02-06,23.5985,23.5985,22.4583,22.5765,5948325
2015-02-09,22.5934,22.6863,22.3443,22.3992,2215665
2015-02-10,22.4329,22.7623,22.3231,22.7032,2937503
2015-02-11,22.7539,22.8552,22.4076,22.6188,4596119
2015-02-12,22.6356,22.8848,22.4921,22.8721,2198054
2015-02-13,22.8468,22.8721,22.5174,22.661,1698594
2015-02-17,22.661,22.8384,22.4752,22.6019,3460408
2015-02-18,22.6019,22.7961,22.3654,22.7539,1979217
2015-02-19,22.6779,22.737,22.2176,22.2471,2604854
2015-02-20,22.2894,22.7961,22.1627,22.7201,4503067
2015-02-23,22.7032,23.0411,22.6863,23.0242,3931980
2015-02-24,22.8806,22.8806,22.2725,22.34,4283835
2015-02-25,22.2978,22.4921,22.2767,22.34,3056074
2015-02-26,22.2725,22.2725,21.96,22.1035,2409782
2015-02-27,22.1289,22.2978,21.9684,22.1964,2361289
2015-03-02,22.1796,22.4878,22.0951,22.2218,2004482
2015-03-03,22.1373,22.3231,22.0529,22.2556,2274798
2015-03-04,22.2049,22.2725,21.7995,21.867,2315355
2015-03-05,21.9937,22.302,21.9346,22.112,1894195
2015-03-06,21.6981,21.6981,21.3265,21.3603,3475355
2015-03-09,21.4616,21.6052,21.4067,21.5545,2057382
2015-03-10,21.487,21.7572,21.4701,21.6221,2747426
2015-03-11,21.6221,21.7572,21.563,21.6306,2223586
2015-03-12,21.7235,22.0698,21.6559,22.0275,1765375
2015-03-13,22.036,22.1542,21.8924,21.9937,1716097
2015-03-16,22.112,22.4583,22.112,22.3147,2319696
2015-03-17,22.2133,22.4245,22.1458,22.2302,1559237
2015-03-18,22.2302,22.8975,22.1035,22.8552,1985339
2015-03-19,22.7286,22.9566,22.6019,22.7961,1885727
2015-03-20,22.8468,23.4549,22.737,23.4296,3717322
2015-03-23,23.4211,23.607,23.3029,23.3536,2779912
2015-03-24,23.2944,23.3705,23.0622,23.1002,3850144
2015-03-25,23.1593,23.2015,22.5681,22.5934,2249116
2015-03-26,22.5005,22.661,22.2894,22.34,2558986
2015-03-27,22.34,22.5596,22.3274,22.3992,2208268
2015-03-30,22.5681,22.889,22.416,22.8299,3024874
2015-03-31,22.7792,22.965,22.5934,22.6779,3332631
2015-04-01,22.6268,22.6949,22.3796,22.4819,2674062
2015-04-02,22.4989,22.7716,22.4819,22.6779,1822275
2015-04-06,22.729,23.0571,22.6097,22.9762,2047089
2015-04-07,22.9421,22.9421,22.5415,22.5415,1565474
2015-04-08,22.5841,22.6097,22.4435,22.533,1063347
2015-04-09,22.4563,22.4563,21.8683,21.9535,1702783
2015-04-10,22.0558,22.3455,21.9705,22.0813,2847169
2015-04-13,22.0984,22.1495,21.9279,21.9364,1482098
2015-04-14,21.9791,22.1666,21.9279,21.9961,1326608
2015-04-15,22.0302,22.0387,21.7234,21.7319,1699201
2015-04-16,21.6552,21.8811,21.5444,21.749,1809257
2015-04-17,21.6637,21.8086,21.3995,21.5615,1710396
2015-04-20,21.6467,21.7149,21.5061,21.587,1425615
2015-04-21,21.7063,21.8257,21.5444,21.5615,1909447
2015-04-22,21.5956,21.749,21.4081,21.4507,3584895
2015-04-23,21.4336,21.6041,21.4038,21.4762,2621827
2015-04-24,21.4848,21.8427,21.4592,21.6723,2420550
2015-04-27,21.7234,21.8342,21.4933,21.5615,1877004
2015-04-28,21.4933,21.7234,21.2802,21.6467,3913076
2015-04-29,21.3995,21.5921,20.9606,20.9905,2615540
2015-04-30,20.8456,20.9393,20.509,20.5388,4323467
2015-05-01,20.5729,20.8285,20.5217,20.6666,3799029
2015-05-04,20.7689,20.9649,20.7092,20.803,2866665
2015-05-05,20.6922,20.7604,20.2746,20.3172,3143768
2015-05-06,20.3513,20.3854,20.1808,20.3598,3307927
2015-05-07,20.428,20.7178,20.2064,20.6411,3662297
2015-05-08,20.8797,21.3314,20.8456,20.9223,3123820
2015-05-11,20.8371,20.8797,20.4365,20.5644,3808210
2015-05-12,20.428,20.6197,20.2064,20.5644,2395136
2015-05-13,20.6496,20.82,20.3428,20.4195,3147695
2015-05-14,20.4962,20.8541,20.4962,20.8541,2259023
2015-05-15,20.9223,20.999,20.82,20.9905,5271143
2015-05-18,20.8882,20.9947,20.7689,20.9138,1648424
2015-05-19,20.8541,20.9819,20.7945,20.8712,2207212
2015-05-20,20.8541,21.0331,20.803,20.8456,1433545
2015-05-21,20.9052,20.9564,20.5984,20.7178,1897662
2015-05-22,20.7263,20.8882,20.5729,20.7433,1275804
2015-05-26,20.7092,20.7433,20.445,20.4791,2970909
2015-05-27,20.5132,20.7604,20.4621,20.7178,1425568
2015-05-28,20.6837,20.7689,20.5558,20.7263,2177807
2015-05-29,20.7263,20.803,20.3428,20.4195,4836141
2015-06-01,20.445,20.7732,20.3769,20.6837,2570404
2015-06-02,20.6325,20.6325,20.3215,20.4791,2185179
2015-06-03,20.4706,20.4962,20.1808,20.249,2347486
2015-06-04,20.2235,20.3343,20.1127,20.1553,2257040
2015-06-05,19.9337,20.0274,19.7292,19.8911,3008028
2015-06-08,19.9337,19.9934,19.7888,19.8655,2088656
2015-06-09,19.8911,19.9081,19.6184,19.6525,1340410
2015-06-10,19.6354,20.0019,19.5843,19.8314,2065086
2015-06-11,19.9593,20.0573,19.8911,19.9422,3094381
2015-06-12,19.874,19.9593,19.7888,19.8314,3063522
2015-06-15,19.7803,19.9167,19.6951,19.8229,3648785
2015-06-16,19.8229,20.036,19.765,19.9763,2901274
2015-06-17,19.9678,20.1638,19.7973,20.1297,1793937
2015-06-18,20.1553,20.5729,20.1553,20.4706,2982954
2015-06-19,20.3087,20.4621,20.249,20.249,2653822
2015-06-22,20.4195,20.4195,20.0104,20.0274,2953065
2015-06-23,20.0019,20.0871,19.84,19.8911,2280509
2015-06-24,19.8996,19.9936,19.7292,19.8144,2315477
2015-06-25,19.84,19.8485,19.7036,19.7036,2056524
2015-06-26,19.6951,19.8826,19.6354,19.7121,2811743
2015-06-29,19.6525,19.857,19.3031,19.3201,3060750
2015-06-30,19.4565,19.5417,19.1582,19.2093,3973916
2015-07-01,19.3385,19.5969,19.2093,19.5797,2957652
2015-07-02,19.907,19.976,19.6917,19.7262,2918158
2015-07-06,19.6228,19.9846,19.5625,19.9673,4495505
2015-07-07,20.0363,20.4067,20.0363,20.398,4315665
2015-07-08,20.2775,20.7168,20.2775,20.5359,5626041
2015-07-09,20.6909,20.7857,20.2947,20.355,2407117
2015-07-10,20.4928,20.7685,20.398,20.5703,3161570
2015-07-13,20.734,20.8804,20.5359,20.7082,3497023
2015-07-14,20.7512,20.8804,20.5617,20.7685,3878385
2015-07-15,20.7082,21.0269,20.6048,20.8977,3886437
2015-07-16,21.001,21.1776,20.9321,21.1389,3550588
2015-07-17,21.1389,21.2336,20.9881,21.0613,3337229
2015-07-20,20.9666,21.113,20.889,21.0613,1527525
2015-07-21,21.0613,21.1819,20.9493,20.958,2039672
2015-07-22,20.958,21.2078,20.8638,21.1475,2397355
2015-07-23,21.1389,21.1733,20.6823,20.8029,2887634
2015-07-24,20.7426,21.0183,20.734,20.9235,2773566
2015-07-27,20.9493,21.113,20.8718,20.958,2215763
2015-07-28,20.9838,21.1992,20.8718,21.0269,3647568
2015-07-29,21.0183,21.225,20.8632,21.113,3242533
2015-07-30,21.0527,21.2052,20.9752,21.0613,2970694
2015-07-31,21.2681,21.5265,21.2336,21.2853,3394602
2015-08-03,21.2767,21.5954,21.2767,21.5868,3921074
2015-08-04,21.5351,21.8194,21.4059,21.4317,2980776
2015-08-05,21.5093,21.5265,21.1647,21.2336,2837043
2015-08-06,21.2078,21.4145,20.9752,21.38,3995210
2015-08-07,21.3284,21.5006,21.1216,21.4576,1959704
2015-08-10,21.5179,21.5868,21.1647,21.2508,2967263
2015-08-11,21.225,21.5696,21.1733,21.449,3080540
2015-08-12,21.3887,21.6815,21.3111,21.6729,4025705
2015-08-13,21.5351,21.9141,21.4834,21.8107,2876055
2015-08-14,21.7505,21.8926,21.6212,21.8797,1733199
2015-08-17,21.871,22.0261,21.6643,22.0089,2209228
2015-08-18,21.94,22.1381,21.9055,22.1036,1857006
2015-08-19,21.9744,22.0003,21.7246,21.8797,2820105
2015-08-20,21.7849,21.8797,21.5868,21.6902,2544408
2015-08-21,21.6471,21.716,21.1389,21.1475,4181731
2015-08-24,21.449,22.0261,20.0058,20.0707,7127657
2015-08-25,20.467,20.5876,19.3988,19.4677,6017190
2015-08-26,20.0104,20.3377,19.6228,20.2861,7235827
2015-08-27,20.4583,20.7082,20.1482,20.51,5283722
2015-08-28,20.4842,20.4842,20.2085,20.3119,4619758
2015-08-31,20.2258,20.3119,19.8295,19.8554,6912867
2015-09-01,19.5022,19.7864,19.2438,19.416,4818781
2015-09-02,19.64,19.7262,19.3687,19.6056,3909852
2015-09-03,19.7089,19.8381,19.4247,19.6659,3034417
2015-09-04,19.4333,19.4763,19.0112,19.1921,3187463
2015-09-08,19.4419,19.5539,19.2438,19.5022,3200557
2015-09-09,19.6572,19.7003,19.1404,19.1749,2743597
2015-09-10,19.1404,19.5022,19.0543,19.3471,4643613
2015-09-11,19.2868,19.8123,19.2696,19.8123,3175318
2015-09-14,19.8898,19.8984,19.6745,19.7778,2134509
2015-09-15,19.8381,20.1569,19.7175,20.0449,2805924
2015-09-16,20.0276,20.3894,20.0276,20.3205,2492170
2015-09-17,20.2861,20.9321,20.2301,20.5359,3344902
2015-09-18,20.2172,20.958,20.1999,20.7857,7537426
2015-09-21,20.8115,21.0958,20.7512,20.9235,3756327
2015-09-22,20.6134,20.8977,20.5359,20.7254,3832036
2015-09-23,20.7168,20.9924,20.6479,20.8718,2195465
2015-09-24,20.7771,20.9493,20.4583,20.6134,3420770
2015-09-25,20.6565,20.8804,20.467,20.7771,3616192
2015-09-28,20.6823,20.7426,20.1913,20.398,3238305
2015-09-29,20.3894,20.7771,20.3894,20.7426,2872949
2015-09-30,21.0269,21.0872,20.7943,21.0441,4253424
2015-10-01,21.1746,21.3442,20.8614,21.3051,4779375
2015-10-02,21.1398,21.6531,21.0528,21.6531,4831559
2015-10-05,21.6966,22.001,21.5704,21.9749,3424603
2015-10-06,21.9749,22.1141,21.7401,21.7575,2740961
2015-10-07,21.7923,22.0706,21.7227,22.0706,2993242
2015-10-08,22.1054,22.3925,21.9749,22.3664,2620811
2015-10-09,22.3664,22.4012,22.001,22.1402,3642312
2015-10-12,22.1837,22.5143,22.0445,22.4969,5126944
2015-10-13,22.4621,22.697,22.3229,22.5578,3929663
2015-10-14,22.6187,22.6187,21.9401,21.9749,3985715
2015-10-15,21.9749,22.1489,21.8706,22.1141,5797113
2015-10-16,22.1228,22.5013,22.1228,22.4795,3122650
2015-10-19,22.4534,22.7927,22.4012,22.7753,2671309
2015-10-20,22.7579,22.8449,22.5883,22.6883,2401037
2015-10-21,22.8449,22.9058,22.5056,22.5404,2090444
2015-10-22,22.7318,22.9754,22.6187,22.958,2448843
2015-10-23,22.9493,23.045,22.697,22.8971,2124148
2015-10-26,22.9493,23.0798,22.8188,23.0711,2052227
2015-10-27,23.045,23.3843,22.4534,23.3582,2919191
2015-10-28,23.3669,23.6974,23.1233,23.5757,3783398
2015-10-29,23.4452,23.6801,23.3756,23.5844,2522756
2015-10-30,23.6279,23.6627,23.2364,23.2886,3135711
2015-11-02,23.2364,23.7757,23.219,23.7583,2681711
2015-11-03,23.5844,23.7061,23.4539,23.6366,1834708
2015-11-04,23.7061,23.7061,23.3147,23.4017,2247975
2015-11-05,22.6883,23.4887,22.349,23.4365,2755074
2015-11-06,23.1059,23.1059,22.5274,22.7492,3229031
2015-11-09,22.5752,22.7492,22.0228,22.2011,3459383
2015-11-10,22.2098,22.5317,22.1228,22.4708,2049585
2015-11-11,22.5839,22.8014,22.4578,22.7231,2593916
2015-11-12,22.6274,22.8188,22.4273,22.5317,2423873
2015-11-13,22.5752,22.6361,22.1489,22.175,2549055
2015-11-16,22.1663,22.4534,21.9749,22.436,1965813
2015-11-17,22.2707,22.7144,22.2011,22.523,1597614
2015-11-18,22.6187,22.8536,22.3577,22.8362,2040531
2015-11-19,22.9145,23.0276,22.7927,22.9058,1812521
2015-11-20,23.0189,23.2277,22.9493,23.0624,3600719
2015-11-23,23.0972,23.1146,22.7405,22.784,3432240
2015-11-24,22.6796,22.8101,22.5056,22.6883,3865617
2015-11-25,22.697,22.7753,22.523,22.7057,2802751
2015-11-27,22.697,23.0189,22.6622,22.9493,1100124
2015-11-30,23.0102,23.0493,22.6535,22.697,3822809
2015-12-01,22.8797,23.1972,22.7753,23.1842,2841206
2015-12-02,23.0972,23.0972,22.5404,22.6013,2915084
2015-12-03,22.523,22.6013,21.8445,21.9836,5316690
2015-12-04,22.1663,22.4969,22.0445,22.2707,6207505
2015-12-07,22.2968,22.4882,22.1576,22.262,3811945
2015-12-08,22.2098,22.2881,21.9619,22.1489,4134422
2015-12-09,21.9836,22.4273,21.8967,22.1663,2541242
2015-12-10,22.2359,22.3403,21.9228,21.9401,3347227
2015-12-11,21.7488,22.0445,21.7314,21.8619,4371538
2015-12-14,21.7401,22.0184,21.7335,21.9923,4167973
2015-12-15,22.2359,22.7057,22.1837,22.4969,5111690
2015-12-16,22.7579,23.0885,22.6883,22.9841,3260058
2015-12-17,23.0102,23.0885,22.6447,22.8014,2984207
2015-12-18,22.6361,22.7927,22.4273,22.4273,5290008
2015-12-21,22.6883,22.7405,22.4969,22.697,3648266
2015-12-22,22.7405,22.8623,22.6492,22.7231,2441235
2015-12-23,22.8362,23.0711,22.7057,23.045,2333960
2015-12-24,23.045,23.1146,22.8884,23.0363,951122
2015-12-28,22.9493,23.2103,22.9232,23.1929,2428877
2015-12-29,23.3321,23.6018,23.2016,23.4626,2350440
2015-12-30,23.4582,23.5636,23.3616,23.4406,1578264
2015-12-31,23.423,23.5197,23.2298,23.2386,2394595
2016-01-04,22.9839,23.0015,22.4043,22.615,4018403
2016-01-05,22.7117,23.4318,22.6282,23.3264,2699084
2016-01-06,23.1244,23.4055,23.0761,23.1157,4626944
2016-01-07,22.7029,22.9224,22.5272,22.536,4445133
2016-01-08,22.659,22.7468,22.1057,22.1496,3185538
2016-01-11,22.2023,22.5887,22.1935,22.5009,3328127
2016-01-12,22.738,22.8434,22.1606,22.4043,4332587
2016-01-13,22.4482,22.817,22.1144,22.1408,3460853
2016-01-14,22.2989,22.4394,22.0881,22.2023,3035846
2016-01-15,21.8158,22.3647,21.7368,22.3077,4828380
2016-01-19,22.6063,22.7204,22.4745,22.5799,3028040
2016-01-20,22.2374,22.5887,21.8246,22.2637,5587968
2016-01-21,22.457,23.1157,22.2637,22.8346,6569732
2016-01-22,23.1683,23.568,23.0717,23.344,4438682
2016-01-25,23.3616,23.5987,22.9927,23.0015,3475661
2016-01-26,23.0278,23.4933,23.0278,23.4845,3155022
2016-01-27,23.344,23.467,23.0674,23.221,2277410
2016-01-28,23.423,23.5197,23.1508,23.221,2731382
2016-01-29,23.4406,23.8973,23.2693,23.8797,5147512
2016-02-01,23.7041,24.2223,23.4933,23.9676,4357315
2016-02-02,23.8534,24.0203,23.7568,23.871,4081277
2016-02-03,24.5648,24.6614,24.0905,24.3628,5100350
2016-02-04,24.2749,24.5253,24.1836,24.4243,3173517
2016-02-05,24.4243,24.4243,24.1081,24.2135,3557348
2016-02-08,24.2135,24.3101,23.142,23.5899,3656744
2016-02-09,23.423,23.9676,23.344,23.7304,3504271
2016-02-10,23.8446,24.029,23.4538,23.4845,4017518
2016-02-11,23.1508,23.3089,22.8872,23.0805,3548801
2016-02-12,23.344,23.423,22.94,23.0893,4054467
2016-02-16,23.4143,23.5372,23.0454,23.2913,4017381
2016-02-17,23.5636,23.7304,23.3703,23.5109,2869042
2016-02-18,23.4757,23.5811,23.2913,23.5197,2544752
2016-02-19,23.5284,23.8183,23.3089,23.625,2149744
2016-02-22,23.8446,23.9676,23.6075,23.7743,2065089
2016-02-23,23.6777,23.8797,23.5899,23.6163,2164318
2016-02-24,23.5197,23.5899,23.142,23.3264,2462188
2016-02-25,23.5284,23.827,23.5197,23.8183,2663843
2016-02-26,23.8446,23.8446,23.4055,23.4406,3746129
2016-02-29,23.4406,23.5987,23.344,23.4933,4740969
2016-03-01,23.7304,24.0554,23.6163,24.0554,2394981
2016-03-02,23.9412,24.152,23.9149,24.152,1841567
2016-03-03,24.0905,24.2662,23.9851,24.2662,1436646
2016-03-04,24.2398,24.2662,24.0203,24.2486,1970431
2016-03-07,24.0203,24.1432,23.8095,24.1081,1869205
2016-03-08,24.0027,24.1256,23.8797,24.0027,2552879
2016-03-09,24.0466,24.2442,23.9324,24.0378,2037675
2016-03-10,24.073,24.2003,23.6865,24.0027,2497441
2016-03-11,24.2398,24.4155,24.0554,24.3979,2929421
2016-03-14,24.3101,24.4594,24.2662,24.4155,1830946
2016-03-15,24.2925,24.7053,24.2837,24.6702,2217297
2016-03-16,24.5209,24.9424,24.433,24.9073,2906703
2016-03-17,24.8809,25.566,24.7756,25.5133,5472251
2016-03-18,25.4606,25.4606,25.0039,25.0215,4923560
2016-03-21,24.8722,25.0083,24.4594,24.4857,2186088
2016-03-22,24.4945,24.7931,24.4286,24.5911,2389749
2016-03-23,24.5823,24.6175,24.3803,24.4067,1841275
2016-03-24,24.3013,24.4945,24.1696,24.4155,2073346
2016-03-28,24.4418,24.6175,24.4023,24.5999,2050266
2016-03-29,24.5384,25.3113,24.5384,25.3025,2265666
2016-03-30,25.3464,25.3815,25.1532,25.1708,1929604
2016-03-31,25.241,25.2937,25.0127,25.2782,2858703
2016-04-01,25.2472,25.5308,25.1231,25.3712,2285154
2016-04-04,25.3801,25.4155,25.0168,25.1674,1923679
2016-04-05,25.0522,25.132,24.8927,24.9459,1750627
2016-04-06,24.937,25.1851,24.8528,25.1674,2274879
2016-04-07,25.0877,25.1231,24.8484,24.8927,1779688
2016-04-08,25.0168,25.1231,24.9547,24.9725,1626801
2016-04-11,24.999,25.2339,24.9104,25.1231,1922389
2016-04-12,25.2472,25.389,25.0877,25.3712,1724470
2016-04-13,25.4599,25.4599,25.0965,25.4244,2819246
2016-04-14,25.3535,25.4864,25.194,25.2738,1522354
2016-04-15,25.3181,25.4421,25.2649,25.389,1771229
2016-04-18,25.3801,25.4687,25.1763,25.3801,1441825
2016-04-19,25.4421,25.482,25.3003,25.3978,3212119
2016-04-20,25.4333,25.4333,25.0522,25.0611,2529279
2016-04-21,24.999,25.1231,24.5737,24.7155,2478641
2016-04-22,24.7598,25.0699,24.6269,25.0079,2496975
2016-04-25,24.9016,25.2029,24.8174,25.2029,1970265
2016-04-26,25.2649,25.4864,25.0611,25.3181,2310802
2016-04-27,25.2649,25.5308,25.132,25.451,2444587
2016-04-28,24.8395,25.3535,24.6977,25.1851,4768831
2016-04-29,25.0434,25.1231,24.6003,24.9193,3742758
2016-05-02,24.937,25.3358,24.937,25.2915,1801151
2016-05-03,25.1851,25.3092,25.0611,25.2649,2326169
2016-05-04,25.0611,25.7168,25.0345,25.6903,2953471
2016-05-05,25.646,25.9827,25.4599,25.8852,3808383
2016-05-06,25.8675,26.222,25.7346,26.222,3139094
2016-05-09,26.3106,26.4967,26.2486,26.284,2809256
2016-05-10,26.4701,26.5587,26.2574,26.346,2100255
2016-05-11,26.2929,26.2929,25.708,25.9561,3280492
2016-05-12,25.965,26.0359,25.6105,25.8055,3264111
2016-05-13,25.6903,25.6903,25.3314,25.4155,2016860
2016-05-16,25.4687,25.9295,25.4246,25.8055,3706473
2016-05-17,25.7523,25.7523,24.6446,24.7509,5577352
2016-05-18,24.6269,24.7066,24.0154,24.2103,3967176
2016-05-19,23.9268,24.1217,23.7407,24.0774,3280389
2016-05-20,24.2458,24.3787,24.104,24.2015,9292611
2016-05-23,24.2635,24.3521,24.0243,24.1838,3286039
2016-05-24,24.3256,24.7212,24.104,24.618,3548682
2016-05-25,24.6091,24.6712,24.2812,24.5914,3430549
2016-05-26,24.556,24.9104,24.5116,24.8218,3050859
2016-05-27,24.8218,24.968,24.6889,24.9104,1916284
2016-05-31,24.9193,25.0345,24.7155,24.9725,3295536
2016-06-01,24.8484,25.2206,24.8307,25.2029,2830225
2016-06-02,25.1497,25.4953,25.0965,25.4864,2904071
2016-06-03,25.6548,25.9738,25.4288,25.5928,2459559
2016-06-06,25.5662,25.6902,25.256,25.4421,2285839
2016-06-07,25.4333,25.6548,25.4067,25.5751,1699648
2016-06-08,25.5308,25.9207,25.4776,25.8941,1724008
2016-06-09,25.8941,26.0802,25.77,25.9473,1881945
2016-06-10,25.8143,26.0757,25.7877,25.9384,2088403
2016-06-13,25.9827,26.2663,25.7523,25.8764,2150571
2016-06-14,25.8852,25.9428,25.6903,25.8232,2388292
2016-06-15,25.8852,26.1156,25.7789,26.0181,2788388
2016-06-16,25.9384,26.1068,25.7877,26.089,2170558
2016-06-17,26.027,26.0359,25.7346,25.9916,3622998
2016-06-20,26.2131,26.3283,26.089,26.1156,1991535
2016-06-21,26.0979,26.3815,26.0314,26.284,1839019
2016-06-22,26.2751,26.3726,26.1511,26.3017,1674503
2016-06-23,26.4081,26.5499,26.2574,26.346,1730866
2016-06-24,25.646,26.4435,25.6194,26.1954,3628331
2016-06-27,26.1334,26.6296,26.0802,26.5764,3754626
2016-06-28,26.7891,27.1081,26.5499,27.0904,3041848
2016-06-29,27.2233,27.5335,27.2233,27.4006,4808416
2016-06-30,27.4006,27.8082,27.2056,27.8101,3124148
2016-07-01,27.7878,28.0559,27.6537,27.9039,3039711
2016-07-05,27.9218,28.3507,27.9218,28.3328,2931913
2016-07-06,28.2434,28.4132,28.0111,28.1541,4014462
2016-07-07,28.0469,28.0737,27.5555,27.895,3399177
2016-07-08,28.0916,28.2345,27.8369,28.1809,2651021
2016-07-11,28.2434,28.4043,27.9486,28.3417,4111328
2016-07-12,28.3775,28.4043,27.8414,28.0558,2351558
2016-07-13,28.1898,28.3596,28.0737,28.2077,1970140
2016-07-14,28.2077,28.2256,27.8749,27.9754,1720273
2016-07-15,28.0111,28.0335,27.7699,27.9575,1972799
2016-07-18,27.9754,28.0469,27.8637,27.9039,1988075
2016-07-19,27.9575,28.0916,27.8056,28.0558,2268083
2016-07-20,28.1541,28.1541,27.9218,28.029,1681947
2016-07-21,27.9575,28.1005,27.7788,28.0916,1546062
2016-07-22,28.0826,28.306,27.9575,28.1184,2106786
2016-07-25,28.1452,28.2792,27.8592,28.0022,2675757
2016-07-26,28.029,28.105,27.8146,27.9218,2154620
2016-07-27,27.8592,27.9709,27.6269,27.8056,2098916
2016-07-28,27.8056,28.6902,27.1981,28.44,2882203
2016-07-29,28.3507,28.8063,28.2979,28.6813,2815378
2016-08-01,28.6545,28.7706,28.5294,28.7438,2333035
2016-08-02,28.6276,28.6813,28.163,28.2792,3107227
2016-08-03,28.2613,28.2613,27.9575,28.1005,1953460
2016-08-04,28.1452,28.1452,27.886,27.895,1912190
2016-08-05,27.9575,28.0022,27.7252,27.8324,1603765
2016-08-08,27.8324,27.9754,27.7163,27.8414,1643187
2016-08-09,27.8414,27.8682,27.6001,27.8414,2468783
2016-08-10,27.9218,28.0022,27.6359,27.761,2308766
2016-08-11,27.7878,27.8592,27.064,27.1802,3321184
2016-08-12,27.1802,27.4393,27.1712,27.2517,2824740
2016-08-15,27.2517,27.2874,27.1444,27.2159,2394589
2016-08-16,27.1444,27.2159,26.3582,26.4118,4242488
2016-08-17,26.4207,26.8049,26.1973,26.8049,4835987
2016-08-18,26.7245,26.8317,26.5592,26.7692,2166770
2016-08-19,26.653,26.8138,26.3894,26.4833,2473297
2016-08-22,26.5101,26.7781,26.4386,26.6977,2889760
2016-08-23,26.8049,26.8496,26.5279,26.5369,1610870
2016-08-24,26.5279,26.5994,26.2554,26.519,1377787
2016-08-25,26.5815,26.8987,26.519,26.653,1733465
2016-08-26,26.7692,26.9389,26.2241,26.4028,3062568
2016-08-29,26.4922,26.8049,26.4922,26.8049,1655022
2016-08-30,26.8496,26.8496,26.4475,26.787,2031486
2016-08-31,26.7156,26.9389,26.653,26.8496,3639428
2016-09-01,26.8585,26.8585,26.5547,26.8049,1794076
2016-09-02,26.8407,27.1623,26.796,26.9479,2095189
2016-09-06,26.9657,27.4304,26.8138,27.4125,4140976
2016-09-07,27.3231,27.4036,27.2159,27.3231,2499405
2016-09-08,27.1712,27.2472,27.0015,27.0908,3690093
2016-09-09,26.8317,26.8317,25.8757,25.8757,2793516
2016-09-12,25.8399,26.4565,25.831,26.3492,2814739
2016-09-13,26.1795,26.2331,25.5451,25.5987,2363390
2016-09-14,25.6702,25.7685,25.5004,25.5808,1941990
2016-09-15,25.563,25.697,25.3843,25.6434,2175393
2016-09-16,25.4379,25.6523,25.3217,25.5898,2858424
2016-09-19,25.6791,25.8891,25.6255,25.831,1697097
2016-09-20,26.0544,26.1437,25.8846,25.8935,2092395
2016-09-21,25.8935,26.2331,25.4468,26.2063,2382220
2016-09-22,26.4118,26.7424,26.3761,26.7334,2283632
2016-09-23,26.6083,26.9121,26.4565,26.7602,2399155
2016-09-26,26.7334,27.0194,26.6262,26.9211,1899062
2016-09-27,27.0104,27.0194,26.5369,26.5905,1818551
2016-09-28,26.662,26.8049,26.4922,26.787,1309071
2016-09-29,26.6977,26.7692,26.1168,26.1884,1985509
2016-09-30,26.3582,26.4743,25.8578,25.8667,2840572
2016-10-03,25.8081,25.8081,25.2447,25.3304,2441388
2016-10-04,26.349,26.349,25.2808,25.6098,11854648
2016-10-05,25.6459,25.8172,24.8166,25.069,7950885
2016-10-06,24.9608,25.1681,24.6182,24.9608,4745632
2016-10-07,25.123,25.5377,25.0329,25.1411,4101950
2016-10-10,25.1952,25.4025,25.1952,25.3214,2455487
2016-10-11,25.096,25.3394,24.9428,25.2402,4508927
2016-10-12,25.3214,25.4971,25.2943,25.4025,2739003
2016-10-13,25.2493,25.691,25.2312,25.5557,2982356
2016-10-14,25.5557,25.709,25.3033,25.3214,1789607
2016-10-17,25.3394,25.5557,25.1771,25.1771,2332646
2016-10-18,25.3214,25.4386,25.2312,25.2402,1554446
2016-10-19,25.2493,25.3304,25.078,25.2853,1335739
2016-10-20,25.3124,25.4295,25.0419,25.2763,1498160
2016-10-21,25.114,25.3033,25.0419,25.2402,1458023
2016-10-24,25.4115,25.5828,25.0419,25.1411,2845323
2016-10-25,25.0419,25.114,24.9337,24.9428,2526334
2016-10-26,24.8075,24.8076,24.3343,24.5732,2719052
2016-10-27,24.5732,24.5732,23.7709,23.825,2755822
2016-10-28,23.852,23.9963,23.4058,23.7168,5370176
2016-10-31,23.843,24.0143,23.7078,23.9872,3287776
2016-11-01,23.8881,23.9241,23.1489,23.3112,3385623
2016-11-02,22.8514,23.1038,22.7252,22.7523,10669225
2016-11-03,22.7433,22.9866,22.4954,22.5359,10665171
2016-11-04,22.554,22.7072,22.3466,22.608,10655576
2016-11-07,22.9055,23.23,22.7748,22.9776,5662928
2016-11-08,22.9326,23.4554,22.8785,23.4374,3913764
2016-11-09,22.9866,23.131,22.3196,22.9686,4575484
2016-11-10,22.9866,23.4644,22.4458,23.1309,5048738
2016-11-11,23.0858,23.5005,22.9686,23.0497,3267441
2016-11-14,23.0588,23.7078,22.8154,23.5816,3469096
2016-11-15,23.6177,23.8971,23.3112,23.5005,4467438
2016-11-16,23.4103,23.6131,23.303,23.5455,2365367
2016-11-17,23.5185,23.6988,23.0678,23.0858,3045996
2016-11-18,23.0948,23.2571,22.9416,23.1219,5528883
2016-11-21,23.2481,23.4734,23.1038,23.1579,2952023
2016-11-22,23.239,23.6086,23.1309,23.5185,3276712
2016-11-23,23.3382,23.5275,23.1759,23.5005,2156095
2016-11-25,23.6717,23.9692,23.5095,23.7529,1557209
2016-11-28,23.7168,23.9963,23.541,23.6627,3132759
2016-11-29,23.4374,23.7709,23.2481,23.4734,5859379
2016-11-30,23.3021,23.3833,22.9506,23.0227,5373771
2016-12-01,22.9506,23.0678,22.5765,22.6711,3364334
2016-12-02,22.7883,23.1399,22.6171,22.7162,3065478
2016-12-05,22.7252,23.194,22.6621,23.1759,5460570
2016-12-06,23.2931,23.5005,23.0948,23.3292,3773919
2016-12-07,23.3833,23.6537,23.3021,23.6267,4008904
2016-12-08,23.3202,23.834,23.3112,23.7439,3145893
2016-12-09,23.7078,23.9422,23.3112,23.4193,3947182
2016-12-12,23.4193,23.7889,23.3923,23.7619,3062716
2016-12-13,23.861,24.0053,23.5906,23.7709,2955043
2016-12-14,23.7529,23.852,22.8424,22.9235,4976368
2016-12-15,22.8604,23.1309,22.5179,22.599,4260621
2016-12-16,22.6982,23.0768,22.599,22.9957,6292536
2016-12-19,23.2571,23.3202,23.0452,23.1579,2951236
2016-12-20,23.1759,23.4734,23.1399,23.3202,3047624
2016-12-21,23.3292,23.5275,22.7883,22.8154,2528133
2016-12-22,22.7433,22.7973,22.5359,22.6982,2312751
2016-12-23,22.7252,22.7252,22.4593,22.59,2279499
2016-12-27,22.6261,22.7072,22.5089,22.572,1617610
2016-12-28,22.6261,22.6351,22.1844,22.2745,3606274
2016-12-29,22.311,22.7029,22.1925,22.5844,4172640
2016-12-30,22.6026,23.113,22.5662,22.9307,5305890
2017-01-03,23.1312,23.1403,22.8578,23.1312,3131292
2017-01-04,23.2133,23.6689,23.1403,23.6598,4072108
2017-01-05,23.432,23.7829,23.3408,23.7601,2550031
2017-01-06,23.751,23.8421,23.5687,23.5869,1777308
2017-01-09,23.7874,23.833,23.277,23.3044,2952136
2017-01-10,23.2679,23.3044,22.9034,22.9125,2394568
2017-01-11,22.8305,22.9808,22.7029,22.7393,2583070
2017-01-12,22.7393,23.1814,22.5297,23.1039,2930188
2017-01-13,23.0583,23.2133,22.8396,23.0857,2405379
2017-01-17,23.0765,23.3044,23.0492,23.277,2542295
2017-01-18,23.2497,23.4229,23.0765,23.2406,1966906
2017-01-19,23.1403,23.2224,22.7029,22.7667,2478798
2017-01-20,22.7849,22.9581,22.6846,22.9216,2018901
2017-01-23,22.9398,23.1631,22.8487,23.1039,2940117
2017-01-24,23.1221,23.2041,22.9307,23.1495,2294287
2017-01-25,23.1586,23.2215,22.8396,22.8943,2522630
2017-01-26,22.9581,23.154,22.7849,22.8578,2358359
2017-01-27,22.9034,22.9125,22.4659,22.6117,2871910
2017-01-30,22.5753,22.7029,22.3838,22.5662,4109085
2017-01-31,22.6117,22.9489,22.5479,22.6846,7566716
2017-02-01,22.6755,22.8578,22.3383,22.393,3081071
2017-02-02,22.3474,22.7029,22.2654,22.6664,3688830
2017-02-03,22.876,22.876,22.1105,22.6482,5493182
2017-02-06,22.6482,22.7484,22.4841,22.5662,2615494
2017-02-07,22.5206,22.6664,22.1287,22.156,3597000
2017-02-08,22.156,22.4477,22.1196,22.4295,3462684
2017-02-09,22.475,22.63,22.4021,22.5935,2393471
2017-02-10,22.5662,22.8578,22.5206,22.8214,2034490
2017-02-13,22.7576,22.9216,22.5707,22.7029,2136473
2017-02-14,22.6755,22.6755,22.4021,22.4932,2783686
2017-02-15,22.4659,22.4659,21.8917,22.0011,3896300
2017-02-16,22.0649,22.3565,21.9646,22.0831,3923995
2017-02-17,22.0922,22.2016,21.9145,22.1743,3157878
2017-02-21,22.1651,22.5206,22.0558,22.4659,2001319
2017-02-22,22.4659,22.557,22.1105,22.1925,2947223
2017-02-23,22.2654,22.3383,22.0558,22.311,2635077
2017-02-24,22.2927,22.3019,21.9373,22.2198,3208465
2017-02-27,22.2745,22.4932,22.1378,22.2836,3673362
2017-02-28,22.2472,22.4203,22.0102,22.1013,9280492
2017-03-01,21.9738,21.9738,21.5809,21.6548,3998688
2017-03-02,21.5819,21.6457,21.3358,21.4451,4274210
2017-03-03,21.5272,21.5545,20.9621,21.3084,5274796
2017-03-06,21.2446,21.2446,20.9621,21.1079,4976046
2017-03-07,21.0715,21.117,20.716,20.7343,3138957
2017-03-08,20.6431,20.6431,20.1601,20.2694,4057991
2017-03-09,20.2512,20.4016,19.6497,19.677,5680709
2017-03-10,19.7955,19.9869,19.5586,19.7226,4907507
2017-03-13,20.0325,20.0325,19.7444,19.914,5561479
2017-03-14,19.7773,20.3241,19.7773,20.2239,5988446
2017-03-15,20.3788,20.9803,20.2603,20.7798,5324796
2017-03-16,20.7981,20.8801,20.6887,20.7707,4255718
2017-03-17,20.7798,20.8163,20.47,20.7707,7561684
2017-03-20,20.7707,20.7981,20.5155,20.5611,3960430
2017-03-21,20.552,20.6978,20.4882,20.5793,3082257
2017-03-22,20.5702,20.5702,19.9231,20.1692,3732225
2017-03-23,20.1601,20.7343,20.1327,20.4973,3007904
2017-03-24,20.4973,20.7343,20.4973,20.5793,3146409
2017-03-27,20.5064,20.6796,19.9869,20.0507,3319801
2017-03-28,19.9869,20.1601,19.7955,20.1327,3172830
2017-03-29,20.1054,20.1054,19.832,19.9869,3265535
2017-03-30,19.9687,20.0416,19.7864,20.0143,2475871
2017-03-31,20.0507,20.1601,20.0097,20.1327,5048478
2017-04-03,20.1327,20.4926,20.0866,20.3819,4520120
2017-04-04,20.3911,20.4926,20.1512,20.2066,3999956
2017-04-05,20.2619,20.3403,20.142,20.1696,3500129
2017-04-06,20.142,20.1604,19.9482,20.0036,4111307
2017-04-07,20.0405,20.0958,19.8006,19.8375,4361042
2017-04-10,19.8652,20.2896,19.7729,20.2342,4269914
2017-04-11,20.2988,20.6125,20.2527,20.5203,3654613
2017-04-12,20.5295,20.7233,20.4003,20.6218,3181306
2017-04-13,20.6218,20.7233,20.5387,20.6125,2057958
2017-04-17,20.6771,20.8709,20.6264,20.8155,2647880
2017-04-18,20.8063,20.9816,20.7279,20.9631,3224777
2017-04-19,20.9539,21.2492,20.8893,20.9355,3246534
2017-04-20,20.9539,20.9539,20.6956,20.8524,2289681
2017-04-21,20.834,20.8984,20.4464,20.511,2704666
2017-04-24,20.5941,20.6125,19.8513,19.9113,4858982
2017-04-25,19.9574,20.1097,19.8652,20.0312,5728563
2017-04-26,19.9759,20.0174,19.4592,19.5053,8016414
2017-04-27,19.8283,20.1604,19.0348,19.0717,5790318
2017-04-28,19.044,19.0532,18.6196,18.721,4208015
2017-05-01,18.7487,19.0809,18.6011,18.8502,4012499
2017-05-02,18.8502,19.2839,18.6888,19.1178,5654936
2017-05-03,19.1824,19.1824,18.4812,18.555,3562330
2017-05-04,18.3704,18.4442,17.8906,18.4166,6884674
2017-05-05,18.4535,18.5629,18.3243,18.3981,4074880
2017-05-08,18.4166,18.4627,17.8168,17.9275,3667624
2017-05-09,17.9091,18.1213,17.6969,18.0106,4851597
2017-05-10,17.946,18.2643,17.8906,18.1213,5303847
2017-05-11,18.0106,18.0383,17.6231,17.743,3840924
2017-05-12,17.7615,17.8122,17.4109,17.457,2986810
2017-05-15,17.7799,17.8168,17.4016,17.4754,3513869
2017-05-16,17.4662,17.4662,16.7188,16.7465,6176579
2017-05-17,16.7188,16.9311,16.5205,16.8111,6586825
2017-05-18,16.8203,16.9034,16.6266,16.8019,7627442
2017-05-19,16.8203,17.3924,16.7281,17.1156,7982733
2017-05-22,17.0879,17.2033,16.7096,16.7927,6211151
2017-05-23,16.8203,16.8572,16.6018,16.6358,6648301
2017-05-24,16.5989,17.0141,16.5943,16.8942,7353156
2017-05-25,16.9311,17.1156,16.8203,16.9403,4080161
2017-05-26,16.9495,16.9772,16.5435,16.6358,2754556
2017-05-30,16.6081,16.6266,16.1053,16.1376,6233636
2017-05-31,16.1837,16.2483,15.8146,16.1837,7300099
2017-06-01,16.1376,16.479,16.0453,16.4605,7780874
2017-06-02,16.5066,16.645,16.1145,16.2391,6356250
2017-06-05,16.1837,16.1929,15.9069,15.9623,5350078
2017-06-06,15.9807,16.6727,15.7039,16.5159,7399429
2017-06-07,16.5897,17.2678,16.5343,16.9956,10800653
2017-06-08,17.0049,17.0049,16.6727,16.7927,7429982
2017-06-09,16.7927,17.254,16.5159,17.1156,5474917
2017-06-12,17.1433,17.8261,17.1433,17.7984,11995371
2017-06-13,17.7338,18.1305,17.4939,17.9368,8962486
2017-06-14,18.0475,18.1121,17.6603,17.7707,7285116
2017-06-15,17.6323,18.352,17.6231,18.0383,8911491
2017-06-16,17.9645,18.0014,16.9264,17.0602,16648000
2017-06-19,17.0602,17.0887,16.442,16.4882,9199251
2017-06-20,16.5343,16.7004,16.1745,16.2391,11070600
2017-06-21,16.2667,16.4882,16.0361,16.1652,6932829
2017-06-22,16.1468,16.5066,15.9715,16.4697,7296038
2017-06-23,16.4605,16.7465,16.276,16.5989,7827365
2017-06-26,16.6358,17.4662,16.6081,17.0418,6905251
2017-06-27,17.0233,17.337,16.9311,17.2448,6296354
2017-06-28,17.3001,17.6046,17.2632,17.3463,5538451
2017-06-29,17.2909,17.6923,17.254,17.3094,5171405
2017-06-30,17.3832,17.5216,16.6635,16.9311,6906835
2017-07-03,17.0247,17.8254,16.9685,17.7926,3486292
2017-07-05,17.6709,17.7926,16.6314,16.7157,6381878
2017-07-06,16.6314,17.0153,16.4816,16.8187,7236824
2017-07-07,16.8749,17.3244,16.7438,17.2588,6741791
2017-07-10,17.3899,17.4227,17.0434,17.0715,6175322
2017-07-11,17.0715,17.2401,16.8093,17.1464,4797211
2017-07-12,17.3056,17.5866,17.0715,17.2026,5885375
2017-07-13,17.2682,17.6053,17.2214,17.5398,4271603
2017-07-14,17.6615,17.905,17.5899,17.7458,4345163
2017-07-17,17.699,17.8862,17.6287,17.727,3676298
2017-07-18,17.7177,17.8394,17.4883,17.8301,4716021
2017-07-19,17.8488,17.8956,17.7458,17.8582,3357119
2017-07-20,17.8956,18.0173,17.7645,17.8301,2828047
2017-07-21,17.8113,17.933,17.521,17.6896,2814232
2017-07-24,17.6709,17.905,17.507,17.7177,4221177
2017-07-25,17.7739,18.4762,17.6053,18.42,6573877
2017-07-26,18.4107,18.626,18.2327,18.4856,5164422
2017-07-27,18.8227,19.806,18.5699,19.6842,9708716
2017-07-28,19.7404,19.8903,19.0381,19.113,6641903
2017-07-31,19.113,19.1598,18.5652,18.8976,11735253
2017-08-01,18.6729,19.1317,18.6541,19.0287,4771098
2017-08-02,19.2441,19.2628,18.7291,18.7665,5372586
2017-08-03,18.7759,19.0568,18.626,18.6635,3452704
2017-08-04,18.6729,19.1317,18.6541,19.0287,4771098
2017-08-07,18.9913,19.2441,18.8321,19.1598,2282617
2017-08-08,19.0662,19.2722,18.9257,19.1692,3658758
2017-08-09,19.1036,19.4595,19.01,19.1973,4019205
2017-08-10,19.1598,19.2816,19.1317,19.1598,4455790
2017-08-11,18.9632,19.0662,18.6354,18.7197,3203958
2017-08-14,18.5511,18.9304,18.42,18.8133,2709288
2017-08-15,18.6448,18.7103,18.2608,18.42,2875808
2017-08-16,18.5418,18.804,18.3872,18.4294,2739818
2017-08-17,18.4013,18.5511,18.2327,18.2889,3134005
2017-08-18,18.1578,18.1812,17.9237,18.111,3378100
2017-08-21,18.1485,18.4949,18.0735,18.4575,2656753
2017-08-22,18.4856,18.6167,18.2889,18.2983,2395732
2017-08-23,18.2796,18.6354,18.2327,18.5324,1910796
2017-08-24,18.6729,19.0194,18.2796,18.3545,3696747
2017-08-25,18.42,18.701,18.2702,18.5886,2382409
2017-08-28,18.4949,18.6697,18.111,18.1578,2124961
2017-08-29,18.1672,18.2796,17.8769,18.0642,3053348
2017-08-30,18.0267,18.2187,17.7926,18.2046,2770785
2017-08-31,18.2889,18.5137,18.1859,18.3732,3452017
2017-09-01,18.3826,18.6869,18.2889,18.5511,2411135
2017-09-05,18.5886,18.8274,18.3545,18.5418,4492585
2017-09-06,18.6073,18.9632,18.5324,18.907,4463845
2017-09-07,18.9538,19.3003,18.7618,19.2722,5599061
2017-09-08,19.1692,19.1973,18.8555,18.8882,3832347
2017-09-11,18.9444,19.1317,18.8976,19.01,3436616
2017-09-12,19.01,19.2909,18.626,18.7384,5820156
2017-09-13,18.7665,18.8555,18.4528,18.5979,3753409
2017-09-14,18.6448,19.202,18.5699,19.1973,4392127
2017-09-15,19.2535,19.319,18.9819,19.2441,6458425
2017-09-18,19.1973,19.2254,18.6541,18.7571,3392570
2017-09-19,18.626,18.6635,18.2889,18.42,4018794
2017-09-20,18.4294,18.5324,18.1578,18.2515,3263429
2017-09-21,18.2234,18.4388,17.9518,18.0361,2835037
2017-09-22,18.0361,18.1906,17.9143,17.9612,2562805
2017-09-25,18.0548,18.4575,18.0267,18.3357,2789344
2017-09-26,18.626,18.9678,18.42,18.8789,4864031
2017-09-27,18.7759,18.8508,18.0548,18.1765,3786441
2017-09-28,18.2046,18.2796,18.0361,18.2421,3270228
2017-09-29,18.2608,18.4294,18.1765,18.3076,2847562
2017-10-02,18.3076,18.3451,17.9799,18.1297,2753906
2017-10-03,18.1297,18.2247,17.9018,18.1487,2500296
2017-10-04,18.1487,18.2532,18.0063,18.2532,4339342
2017-10-05,18.3102,18.6331,18.2437,18.3197,3211625
2017-10-06,18.2247,18.2529,18.0158,18.1487,3058401
2017-10-09,18.1582,18.3292,18.106,18.1962,2172426
2017-10-10,18.2722,18.5761,18.2437,18.4811,2729363
2017-10-11,18.5096,18.6141,18.4099,18.4431,2090429
2017-10-12,18.4336,18.5761,18.2532,18.3102,3380670
2017-10-13,18.4431,18.7945,18.3102,18.4811,2650824
2017-10-16,18.4431,18.5666,18.229,18.2912,2204459
2017-10-17,18.2817,18.3671,18.1962,18.2912,3290894
2017-10-18,18.2912,18.5244,18.1012,18.2152,1760959
2017-10-19,18.2247,18.4051,18.0442,18.1107,2627882
2017-10-20,18.1107,18.1392,17.7593,17.8258,3048236
2017-10-23,17.8068,18.0537,17.7119,17.9208,2073557
2017-10-24,17.8828,17.9778,17.6026,17.7878,3172236
2017-10-25,17.7213,17.8116,17.2275,17.5504,4332250
2017-10-26,17.5694,17.8068,16.8809,17.4079,7425953
2017-10-27,17.2465,17.4364,16.8666,17.4364,4537909
2017-10-30,17.4174,17.5504,17.2892,17.5029,3431820
2017-10-31,17.5029,17.5029,16.8666,17.2465,5938921
2017-11-01,17.3035,17.7878,17.2085,17.6169,4479287
2017-11-02,17.7498,18.1487,17.6929,18.0063,4950688
2017-11-03,17.9018,18.0253,17.5789,17.6359,4446933
2017-11-06,17.4364,17.9208,17.4269,17.6834,3173263
2017-11-07,17.7213,18.1107,17.7024,17.8733,4657433
2017-11-08,17.8353,18.3197,17.8353,17.9778,3299138
2017-11-09,17.8923,18.3861,17.8591,18.1107,4627052
2017-11-10,18.0063,18.3102,18.0063,18.1867,3425325
2017-11-13,18.2247,18.4906,17.9113,17.9968,2493757
2017-11-14,18.0063,18.1867,17.7119,17.9683,3586513
2017-11-15,17.9398,18.2532,17.8543,18.1392,2516449
2017-11-16,18.0632,18.4051,17.9873,18.3292,2539963
2017-11-17,18.3387,18.5476,18.3197,18.3766,4279155
2017-11-20,18.3861,18.3956,17.9873,18.0347,2786538
2017-11-21,18.0537,18.0537,17.7308,17.7973,7392048
2017-11-22,17.7688,18.0442,17.7308,17.8353,4784072
2017-11-24,17.8733,17.9208,17.7593,17.8543,1305410
2017-11-27,17.6454,17.7024,17.199,17.275,7515523
2017-11-28,17.0945,17.3985,17.0566,17.3795,6242346
2017-11-29,17.3225,17.6644,17.3225,17.5409,4021232
2017-11-30,17.5694,17.8258,17.4934,17.5884,4771835
2017-12-01,17.6264,17.6311,17.3557,17.5694,3902080
2017-12-04,17.6074,18.4051,17.5789,18.1297,7433731
2017-12-05,18.1487,18.1487,17.5314,17.5504,4565286
2017-12-06,17.6834,17.6978,16.9948,17.1325,3887005
2017-12-07,17.104,17.3468,17.0281,17.2465,3684565
2017-12-08,17.3225,17.4174,17.1848,17.37,2137311
2017-12-11,17.351,17.5314,17.1515,17.199,2162105
2017-12-12,17.3225,17.6359,17.2418,17.4839,4652793
2017-12-13,17.5314,17.7688,17.4174,17.4839,3678199
2017-12-14,17.5029,17.5884,17.3415,17.4364,3295112
2017-12-15,17.5219,17.6976,17.4459,17.5409,7748984
2017-12-18,17.6169,17.9113,17.5219,17.9018,4010564
2017-12-19,17.7783,17.9018,17.37,17.389,3980929
2017-12-20,17.389,17.5789,17.1088,17.123,2956369
2017-12-21,17.142,17.2149,17.0091,17.0471,4044988
2017-12-22,17.0471,17.2275,16.9331,17.1135,2818287
2017-12-26,17.161,17.4459,17.0566,17.332,1752699
2017-12-27,17.37,17.4317,17.294,17.332,2439563
2017-12-28,17.332,17.4934,17.2085,17.4459,3127008
2017-12-29,17.4459,17.5809,17.3881,17.5038,2296746
2018-01-02,17.5906,17.716,17.4459,17.4749,4118248
2018-01-03,17.4556,17.5461,17.2241,17.3591,6540893
2018-01-04,17.3302,17.3591,16.9782,17.0505,6021480
2018-01-05,17.1084,17.1518,16.9444,17.0698,2725777
2018-01-08,17.0987,17.2241,16.9551,17.1663,3832861
2018-01-09,17.1084,17.1663,16.578,16.6069,5301172
2018-01-10,16.5008,16.5683,16.3272,16.5201,3072529
2018-01-11,16.5876,16.6358,16.3755,16.4044,2620831
2018-01-12,16.3755,16.4333,16.0861,16.1633,5447575
2018-01-16,16.2501,16.3658,15.9608,15.9608,3722340
2018-01-17,16.0186,16.0765,15.8643,16.009,5919776
2018-01-18,15.98,15.98,15.8209,15.8836,3087812
2018-01-19,15.845,15.9415,15.7679,15.8257,4736115
2018-01-22,15.8161,16.0379,15.8161,15.9897,6273041
2018-01-23,16.0572,16.144,15.9318,16.009,3249469
2018-01-24,15.9704,16.0765,15.6811,15.7486,5059622
2018-01-25,15.7486,15.8257,15.4882,15.6136,4042882
2018-01-26,15.6522,15.7004,15.2857,15.4207,12460134
2018-01-29,15.4111,15.4207,14.9096,15.3628,6969725
2018-01-30,15.3339,15.4207,15.0157,15.0446,5450952
2018-01-31,15.0639,15.3628,15.006,15.3435,17769804
2018-02-01,15.3339,15.3821,14.736,14.8131,6853032
2018-02-02,14.707,14.707,14.1863,14.3406,11164094
2018-02-05,14.2441,14.7649,14.0995,14.1381,8344529
2018-02-06,14.0513,14.2634,13.8198,14.1477,7778490
2018-02-07,14.1477,14.4087,13.9934,14.003,5589427
2018-02-08,13.897,14.003,13.5015,13.5112,7182102
2018-02-09,13.6076,13.7282,13.2122,13.6751,11249280
2018-02-12,13.7137,13.8873,13.4051,13.8102,7088667
2018-02-13,13.8102,13.9645,13.5883,13.8294,4179818
2018-02-14,13.6944,13.8825,13.4919,13.7523,5116685
2018-02-15,14.1284,14.4563,13.9548,14.1477,9583229
2018-02-16,14.0995,14.6878,14.0995,14.6588,7789531
2018-02-20,14.6878,15.0301,14.6685,14.707,7793600
2018-02-21,14.707,14.7408,14.1477,14.1573,4519453
2018-02-22,14.1477,14.6926,14.1091,14.4563,4883126
2018-02-23,14.5238,14.7263,14.3309,14.7167,3628977
2018-02-26,14.8517,15.006,14.6781,14.9385,4749192
2018-02-27,14.9771,15.0639,14.3116,14.3213,4814428
2018-02-28,14.4081,14.5913,14.3695,14.4274,8155960
2018-03-01,14.3502,14.871,14.2924,14.6203,3904719
2018-03-02,14.6492,14.7697,14.437,14.7456,3438194
2018-03-05,14.5045,14.8228,14.4659,14.601,6681382
2018-03-06,14.601,14.6588,14.3888,14.4274,6051322
2018-03-07,14.4177,14.6974,14.3888,14.6685,4502234
2018-03-08,14.6203,14.7167,14.5335,14.601,3157969
2018-03-09,14.5624,14.5817,13.7909,13.9645,7360385
2018-03-12,13.9162,14.2104,13.897,14.167,6289770
2018-03-13,14.2345,14.355,14.0754,14.1573,4599589
2018-03-14,14.1766,14.2827,13.9645,14.0705,4345335
2018-03-15,14.0705,14.1091,13.7716,13.9259,3746108
2018-03-16,13.9355,14.0513,13.7716,14.0223,6480000
2018-03-19,13.9452,13.9645,13.598,13.7426,4701174
2018-03-20,13.7523,13.9259,13.5353,13.6655,4065174
2018-03-21,13.6366,13.733,13.4726,13.6366,4027583
2018-03-22,13.5691,13.9452,13.5498,13.6944,4725654
2018-03-23,13.7426,13.8487,13.4726,13.5112,3748710
2018-03-26,13.598,13.7041,13.4148,13.6848,2730883
2018-03-27,13.4726,13.8005,13.2026,13.6269,5403674
2018-03-28,13.6944,14.1573,13.5787,14.0127,4482961
2018-03-29,14.0609,14.0898,13.7378,13.8873,7603789
2018-04-02,13.9168,14.0348,13.7143,13.7594,4092680
2018-04-03,13.8578,14.143,13.7103,14.0348,3400972
2018-04-04,13.9758,14.4479,13.9266,14.3299,4807778
2018-04-05,14.3201,14.4381,14.2069,14.4184,3574197
2018-04-06,14.3594,14.4872,14.025,14.0938,3701511
2018-04-09,14.1332,14.1974,13.9561,14.0348,2153350
2018-04-10,14.0938,14.2315,13.9463,14.0742,3751308
2018-04-11,14.084,14.2512,13.9955,14.0938,2910134
2018-04-12,14.1135,14.1135,13.6218,13.7791,3836981
2018-04-13,13.7791,13.8283,13.6021,13.7594,3294255
2018-04-16,13.7988,13.907,13.6709,13.7201,5842982
2018-04-17,13.7791,13.9611,13.6808,13.7889,6505598
2018-04-18,13.8185,13.8922,13.7004,13.7201,3183927
2018-04-19,13.6906,13.7496,13.2972,13.3759,5129746
2018-04-20,13.4349,13.6021,13.0907,13.1103,4158594
2018-04-23,13.1103,13.2775,13.0267,13.1398,3090106
2018-04-24,13.1595,13.2283,13.0021,13.0907,3560681
2018-04-25,13.071,13.189,12.9431,13.0218,3896832
2018-04-26,13.3169,13.9365,13.2185,13.8381,7362686
2018-04-27,13.8283,14.5364,13.8086,14.4479,5252765
2018-04-30,14.4381,14.5266,14.1838,14.2709,5151352
2018-05-01,14.2807,14.5758,14.261,14.5364,4663048
2018-05-02,14.3692,14.4086,14.1529,14.1922,4577356
2018-05-03,14.1627,14.2512,14.084,14.1233,3012831
2018-05-04,14.1037,14.4774,14.1037,14.4282,3146907
2018-05-07,14.4872,14.4872,14.2709,14.3889,3612263
2018-05-08,14.3496,14.4478,14.1332,14.2119,3002232
2018-05-09,14.202,14.3486,14.1627,14.2315,2924357
2018-05-10,14.3299,14.4282,14.2315,14.3201,2594776
2018-05-11,14.3496,14.4823,14.1824,14.1922,3208478
2018-05-14,14.1922,14.2905,13.9955,14.0447,2841738
2018-05-15,13.9365,13.9758,13.6316,13.7496,4946674
2018-05-16,13.8283,13.966,13.7299,13.7693,2579808
2018-05-17,13.7791,13.9857,13.7103,13.7693,2559822
2018-05-18,13.7594,13.9021,13.7201,13.8185,6071883
2018-05-21,13.9168,14.4479,13.7299,14.3987,5168677
2018-05-22,14.3889,14.9102,14.3791,14.8512,8446798
2018-05-23,14.8512,14.9888,14.743,14.9102,4399324
2018-05-24,14.9102,14.9888,14.6249,14.7233,2834357
2018-05-25,14.7921,14.8512,14.6348,14.743,2213304
2018-05-29,14.6643,14.9446,14.6053,14.8708,3131645
2018-05-30,14.861,15.2151,14.6446,15.1364,3312269
2018-05-31,15.097,15.2151,14.9298,15.2052,6266968
2018-06-01,15.1954,15.3331,15.0577,15.1364,3092334
2018-06-04,15.2151,15.4708,15.1069,15.4511,4945270
2018-06-05,15.4904,15.8347,15.4904,15.697,5591912
2018-06-06,15.6773,15.9625,15.6478,15.9429,4845915
2018-06-07,15.9527,16.1789,15.8593,16.0117,4687662
2018-06-08,16.0117,16.1592,15.5249,16.1101,3805965
2018-06-11,16.1297,16.2871,16.056,16.2281,3434694
2018-06-12,16.2084,16.5625,16.1494,16.4543,3949881
2018-06-13,16.4838,16.5428,16.0019,16.0314,3802879
2018-06-14,16.1101,16.3166,16.0658,16.2576,4590076
2018-06-15,16.474,16.5256,16.1691,16.2182,7405457
2018-06-18,16.2084,16.3658,15.9134,16.0904,3372206
2018-06-19,15.9625,16.2477,15.9625,16.1887,4281404
2018-06-20,16.1789,16.6412,16.1789,16.6313,4167633
2018-06-21,16.6608,17.1428,16.4838,17.1132,7962967
2018-06-22,17.0837,17.664,16.9067,17.605,9464859
2018-06-25,17.5362,17.6345,17.1378,17.2706,5745881
2018-06-26,17.2804,17.3886,17.1329,17.1624,3287859
2018-06-27,17.1624,17.2214,16.828,16.8674,4720310
2018-06-28,16.8477,16.8969,16.6412,16.7887,3908059
2018-06-29,16.7297,16.8379,16.6313,16.71,5025140
2018-07-02,16.7,16.81,16.1545,16.32,4543231
2018-07-03,16.26,16.79,16.23,16.66,2956479
2018-07-05,16.65,16.86,16.49,16.84,3780600
2018-07-06,16.92,17.03,16.82,16.91,2785801
2018-07-09,16.92,16.95,16.67,16.77,3455115
2018-07-10,16.8,16.91,16.56,16.72,3056171
2018-07-11,16.66,16.79,16.42,16.43,3177287
2018-07-12,16.45,16.57,16.305,16.54,3765617
2018-07-13,16.61,16.73,16.5,16.54,2347364
2018-07-16,16.47,16.6,16.25,16.5,2325182
2018-07-17,16.56,16.88,16.56,16.61,4523404
2018-07-18,16.58,16.62,16.36,16.58,3377168
2018-07-19,16.51,16.89,16.33,16.84,2558306
2018-07-20,16.75,16.78,16.56,16.65,3045122
2018-07-23,16.64,16.83,16.515,16.81,2291075
2018-07-24,16.81,16.9,16.66,16.67,3264402
2018-07-25,16.72,16.81,16.56,16.7,3804737
2018-07-26,16.97,17.34,16.615,16.67,6420533
2018-07-27,16.68,16.69,15.95,16.02,4496222
2018-07-30,16.05,16.35,15.97,16.33,3435489
2018-07-31,16.41,16.765,16.25,16.69,5411233
2018-08-01,16.64,16.72,16.38,16.66,4035305
2018-08-02,16.64,16.83,16.59,16.73,2754449
2018-08-03,16.78,17.14,16.76,17.09,2382860
2018-08-06,17.09,17.1595,16.7,16.76,5007290
2018-08-07,16.7,16.72,16.3382,16.46,4071467
2018-08-08,16.49,16.52,16.35,16.48,3120555
2018-08-09,16.47,16.55,16.31,16.44,3673078
2018-08-10,16.39,16.46,16.19,16.27,4047918
2018-08-13,16.27,16.33,16.01,16.11,2371863
2018-08-14,16.18,16.44,16.15,16.4,3030744
2018-08-15,16.38,16.75,16.35,16.69,3894492
2018-08-16,16.71,16.87,16.635,16.8,3478876
2018-08-17,16.79,17.01,16.755,16.99,3023688
2018-08-20,17.05,17.54,17.01,17.24,4293773
2018-08-21,17.24,17.27,16.955,17.06,2641558
2018-08-22,17.08,17.12,16.92,17.01,2210925
2018-08-23,17.01,17.06,16.93,17.04,1826234
2018-08-24,17.0,17.15,16.95,17.13,1464253
2018-08-27,17.07,17.165,16.91,17.0,2091727
2018-08-28,17.09,17.28,16.95,17.27,3073123
2018-08-29,17.26,17.27,17.13,17.21,1666878
2018-08-30,17.25,17.265,16.99,17.02,2103082
2018-08-31,17.03,17.17,16.94,17.11,2464478
2018-09-04,17.11,17.34,16.9,16.96,2499698
2018-09-05,16.88,17.25,16.78,17.22,7527730
2018-09-06,17.26,17.565,17.24,17.48,3938698
2018-09-07,17.38,17.49,17.315,17.47,3905219
2018-09-10,17.59,17.66,17.325,17.39,2611116
2018-09-11,17.32,17.395,17.16,17.23,2926720
2018-09-12,17.24,17.29,17.06,17.08,3194996
2018-09-13,17.18,17.18,17.025,17.09,3270719
