date,open,high,low,close,volume
2013-09-16,86.4127,87.0567,85.8322,86.8571,430756
2013-09-17,86.848,87.1292,86.5397,87.0657,302085
2013-09-18,87.1383,87.3651,85.9047,87.1564,426987
2013-09-19,87.1655,87.6099,87.0748,87.1383,306564
2013-09-20,87.3106,87.3333,86.0589,86.3673,710352
2013-09-23,85.9501,86.3038,85.3152,85.7233,436678
2013-09-24,85.8503,86.975,85.7233,86.6394,428860
2013-09-25,86.5759,87.7188,86.4036,87.0113,766945
2013-09-26,86.9841,87.3378,86.6304,86.9932,432356
2013-09-27,86.3945,86.8423,86.1768,86.5578,244803
2013-09-30,85.9954,86.068,85.4534,85.7143,416388
2013-10-01,85.7143,86.5215,85.6236,86.4671,377141
2013-10-02,85.9319,86.0363,84.5714,85.1973,406757
2013-10-03,84.9342,85.1973,83.2154,84.0544,652438
2013-10-04,84.0725,84.39,83.6553,84.2449,239308
2013-10-07,84.2449,84.6168,83.6825,84.0363,336802
2013-10-08,84.1995,84.7528,83.4104,83.4376,331401
2013-10-09,83.5646,83.8548,82.9759,83.3923,346013
2013-10-10,83.9546,84.8617,83.9546,84.8617,790352
2013-10-11,84.6712,85.2335,84.6712,85.2063,550348
2013-10-14,84.9433,86.3129,84.4807,86.1496,383812
2013-10-15,85.8685,86.6213,84.9886,84.9977,498862
2013-10-16,85.4603,85.6598,85.0068,85.3152,450057
2013-10-17,85.2335,85.7596,85.0068,85.6054,586267
2013-10-18,86.6213,86.6213,85.6326,85.9592,404931
2013-10-21,86.0771,86.1442,85.3968,85.6236,321026
2013-10-22,85.9319,86.6848,85.6689,86.1678,546105
2013-10-23,86.2857,87.0748,85.7687,87.0567,574567
2013-10-24,87.1202,87.4558,86.5034,87.3378,361985
2013-10-25,87.3016,88.5886,86.7392,88.4626,681364
2013-10-28,88.1451,88.5079,87.746,88.0725,720596
2013-10-29,88.2177,88.9342,86.7029,88.8707,1067244
2013-10-30,89.4149,91.1564,88.9796,90.2041,1392448
2013-10-31,90.0952,91.5102,89.6961,91.1111,956484
2013-11-01,91.2381,92.0181,90.7936,91.3923,720386
2013-11-04,91.6099,91.8276,91.1202,91.4648,533385
2013-11-05,91.365,91.9002,90.9387,91.6553,676227
2013-11-06,91.7279,92.8072,91.7279,92.7709,620816
2013-11-07,92.7709,93.1791,91.4195,91.483,600750
2013-11-08,91.483,92.1768,91.4104,92.0635,607061
2013-11-11,92.0635,92.1904,91.746,91.9274,394750
2013-11-12,91.9818,92.2902,91.6086,91.8276,401538
2013-11-13,91.6281,92.4535,91.229,92.3991,349063
2013-11-14,92.5906,93.2198,91.9157,92.9827,348385
2013-11-15,92.9645,93.0557,92.2076,92.9736,391644
2013-11-18,93.3019,94.305,93.3019,93.8035,465923
2013-11-19,93.5937,93.8582,92.6088,92.8186,668231
2013-11-20,92.8186,93.5208,92.1893,92.4355,568900
2013-11-21,92.8186,93.2472,92.2714,92.8915,545198
2013-11-22,92.9006,93.425,92.8915,93.3293,741283
2013-11-25,93.4296,93.4296,92.8915,93.3566,603294
2013-11-26,93.4752,94.3415,93.2563,93.9403,576085
2013-11-27,94.1774,94.7245,93.7214,94.3689,441360
2013-11-29,94.3871,94.7063,94.1318,94.3506,276882
2013-12-02,94.3506,94.6333,93.9106,94.1044,695493
2013-12-03,93.8399,94.4108,93.2654,93.6393,487299
2013-12-04,93.384,93.612,91.7725,92.6362,764393
2013-12-05,92.6362,92.7182,91.7242,91.934,582480
2013-12-06,92.5359,92.9827,92.4629,92.8368,582151
2013-12-09,93.0009,93.2308,92.7638,92.9736,655847
2013-12-10,92.7638,93.4387,92.3352,93.3657,722471
2013-12-11,93.4478,93.7032,91.8063,91.9978,570101
2013-12-12,91.7516,92.5632,91.7516,92.3808,511466
2013-12-13,92.6635,93.3384,92.2413,93.2289,436579
2013-12-16,93.1925,94.2959,93.0374,93.9494,909205
2013-12-17,94.1774,94.3506,93.0648,93.3749,469855
2013-12-18,93.4022,95.6639,93.1742,95.5544,830859
2013-12-19,95.3447,95.6639,94.6607,95.3629,633623
2013-12-20,95.8371,96.7856,95.5727,96.2019,1014556
2013-12-23,96.3478,96.8859,96.3113,96.6944,353201
2013-12-24,96.5028,97.5334,96.5028,97.3327,175141
2013-12-26,97.433,98.1444,97.3327,97.6975,453200
2013-12-27,99.0381,99.1202,97.6428,97.6884,254018
2013-12-30,97.9346,98.0623,97.0135,97.3783,371261
2013-12-31,97.4604,97.6975,97.2707,97.4513,323395
2014-01-02,96.7308,96.9223,95.7003,95.828,720066
2014-01-03,95.8736,96.5311,95.7788,96.1016,369001
2014-01-06,96.3569,96.7673,95.7642,96.284,564432
2014-01-07,95.0437,96.2657,94.8317,95.5179,717239
2014-01-08,95.4267,96.4025,94.8796,96.1745,615270
2014-01-09,97.4969,97.9437,96.7126,96.9315,660895
2014-01-10,97.0318,97.2962,96.5302,96.9588,551775
2014-01-13,97.1777,97.5242,96.1928,96.3569,460340
2014-01-14,96.5849,97.0106,96.1745,96.7947,403270
2014-01-15,97.0318,98.2173,96.9771,97.8343,438633
2014-01-16,97.278,97.8343,97.123,97.579,304816
2014-01-17,97.6154,98.1352,97.4969,98.0988,418155
2014-01-21,98.1079,99.2478,98.0988,98.801,533653
2014-01-22,99.1202,99.3481,98.2994,99.0563,569185
2014-01-23,98.9378,99.0107,97.7705,98.2264,611675
2014-01-24,97.3874,97.4878,94.989,94.9981,774171
2014-01-27,95.217,95.217,93.7861,94.5786,648162
2014-01-28,94.6516,95.4267,94.606,95.2717,570758
2014-01-29,94.378,95.0072,93.8764,94.5877,628834
2014-01-30,95.3082,96.1472,94.3142,96.1289,1234065
2014-01-31,95.3903,101.7648,95.144,101.2906,1910666
2014-02-03,100.5428,102.0384,98.7919,99.0563,1879566
2014-02-04,99.1019,99.3937,97.278,98.7919,1085287
2014-02-05,98.2173,99.8315,97.4878,99.3664,825532
2014-02-06,99.3664,100.3057,99.3208,99.9592,484734
2014-02-07,101.9837,103.917,100.9897,103.0689,1292834
2014-02-10,102.8956,103.0871,101.8378,102.5035,697102
2014-02-11,102.8227,103.2695,102.4761,102.6312,1475296
2014-02-12,102.5491,103.8076,102.5491,103.1601,680697
2014-02-13,102.8044,103.5978,102.467,103.1236,901913
2014-02-14,103.2239,103.6252,102.4488,103.5066,581714
2014-02-18,103.7529,104.829,103.2603,104.7104,862913
2014-02-19,103.9626,105.0478,103.4155,103.6617,1279109
2014-02-20,103.8167,105.6953,103.3607,105.4673,581342
2014-02-21,105.5129,106.2334,104.7651,105.4035,760185
2014-02-24,105.0934,107.1271,105.057,106.0601,1016297
2014-02-25,105.3579,105.7865,103.6252,103.8167,1450828
2014-02-26,103.9626,104.3365,103.2422,103.9444,715160
2014-02-27,103.0551,104.3936,103.0551,104.3478,653582
2014-02-28,103.981,106.2547,103.981,105.7963,777205
2014-03-03,105.3287,106.7681,105.0537,106.3555,748509
2014-03-04,106.8414,108.3266,106.8414,107.7123,948358
2014-03-05,107.7123,108.6108,107.0614,107.4098,1442763
2014-03-06,107.5932,107.8774,107.1531,107.3731,1241694
2014-03-07,107.9782,108.3908,107.0935,107.4923,1084112
2014-03-10,106.8047,106.9697,105.8513,106.5205,1035368
2014-03-11,106.8231,106.8231,105.2737,105.4937,622813
2014-03-12,105.2554,105.9269,104.7511,105.8513,847895
2014-03-13,106.2638,106.5572,104.4669,104.8245,702765
2014-03-14,104.7053,106.3372,104.3111,105.7046,776097
2014-03-17,106.0713,107.639,105.9888,107.3181,469679
2014-03-18,108.1799,108.9133,107.6665,107.9049,509295
2014-03-19,108.1524,108.1707,105.8604,106.7406,531450
2014-03-20,106.2455,107.364,106.2455,106.4013,501796
2014-03-21,107.3456,107.3456,106.0621,106.3555,1367212
2014-03-24,106.3555,106.6947,105.2187,106.1813,433235
2014-03-25,106.5755,107.1714,105.8421,106.5114,811589
2014-03-26,107.3273,108.7345,107.3273,107.5106,1540022
2014-03-27,107.6482,107.6527,106.493,106.8139,780086
2014-03-28,107.0156,108.1982,106.9606,107.639,354126
2014-03-31,107.7857,108.8216,107.7398,108.3174,1409304
2014-04-01,108.6383,109.2434,108.2166,108.9041,991415
2014-04-02,109.2984,110.2518,109.1425,110.1968,1298849
2014-04-03,109.9676,110.151,109.4726,109.9309,675506
2014-04-04,110.2977,110.6277,106.5205,106.658,1286478
2014-04-07,106.8047,107.5381,104.8887,105.3929,854334
2014-04-08,105.3562,105.5029,103.9535,105.182,717409
2014-04-09,105.7138,107.1164,105.3929,106.9331,1327103
2014-04-10,107.0523,107.2448,104.5311,104.7236,717793
2014-04-11,104.4944,105.3929,104.0911,104.2011,681268
2014-04-14,104.7511,105.5396,103.9627,104.7603,602422
2014-04-15,105.127,106.9697,104.6503,106.8322,754350
2014-04-16,107.2631,107.5381,106.2363,107.2906,574742
2014-04-17,107.1714,108.2441,107.1714,107.9324,447894
2014-04-21,108.3082,108.4641,107.6115,108.0332,857483
2014-04-22,108.0974,108.6199,107.0247,107.0339,639587
2014-04-23,107.2539,108.0286,106.6672,107.7215,594283
2014-04-24,107.9874,108.3999,105.8146,106.7681,693829
2014-04-25,106.6122,106.6122,105.3379,105.6771,464942
2014-04-28,106.3555,106.493,104.1277,105.1454,923480
2014-04-29,106.0438,106.548,105.3562,105.9705,720350
2014-04-30,105.8604,106.493,105.1087,105.7688,829645
2014-05-01,105.4296,106.1951,103.6052,105.1362,991663
2014-05-02,104.9162,105.3104,103.7427,103.9444,1297908
2014-05-05,104.3661,105.2737,103.8527,104.8153,960433
2014-05-06,104.6503,104.907,104.1644,104.3294,627573
2014-05-07,104.6961,105.9154,104.1002,105.8054,580904
2014-05-08,105.9613,106.6305,105.1912,105.3287,586056
2014-05-09,105.0903,105.5854,104.4761,105.017,687003
2014-05-12,105.5671,106.4105,105.3759,106.2088,409586
2014-05-13,106.3188,111.3244,106.3188,110.9852,4684100
2014-05-14,110.1601,110.8844,107.9049,108.1341,2843746
2014-05-15,107.8023,108.2032,106.4846,107.2126,1960924
2014-05-16,108.088,108.346,105.7383,105.8488,1955849
2014-05-19,105.5171,106.1068,104.7707,105.7843,1116825
2014-05-20,105.7383,106.1529,105.1209,105.5171,1006807
2014-05-21,106.2266,106.6413,105.2314,105.9778,830535
2014-05-22,105.9686,107.1205,105.5816,107.0652,813726
2014-05-23,107.0467,108.5211,106.8993,108.4934,949159
2014-05-27,108.6501,109.1477,108.1064,109.1292,804641
2014-05-28,109.3228,110.0599,109.2306,109.6268,866743
2014-05-29,109.6453,110.963,109.3965,110.9538,928561
2014-05-30,110.6128,111.7186,110.3179,111.6541,1061092
2014-06-02,111.5803,112.1885,111.0643,112.0779,1066915
2014-06-03,111.8015,112.8428,111.5619,112.7414,1124065
2014-06-04,112.5202,113.4509,112.2807,113.3772,1043139
2014-06-05,113.7366,115.2294,113.3864,115.0727,909655
2014-06-06,115.1833,115.9573,115.175,115.7177,842575
2014-06-09,115.5703,117.275,115.2017,116.8051,1022156
2014-06-10,116.3628,117.0262,115.5427,116.2245,1054714
2014-06-11,116.1047,116.2706,115.4781,115.9389,864887
2014-06-12,115.5979,116.3812,114.8331,115.3768,789071
2014-06-13,115.3676,115.9573,114.9621,115.6993,796139
2014-06-16,115.4874,115.9205,114.8331,115.2109,920328
2014-06-17,115.3215,115.3215,113.7089,114.3724,936337
2014-06-18,114.6028,114.6488,113.2768,114.1328,922308
2014-06-19,114.1328,114.658,112.6953,114.483,715982
2014-06-20,114.2987,114.999,113.9393,113.9854,1145247
2014-06-23,113.5615,114.1236,112.7045,113.239,493327
2014-06-24,113.1837,113.6352,111.7554,111.8291,568974
2014-06-25,111.3223,112.1885,111.3223,112.1056,439320
2014-06-26,112.1424,112.1424,111.35,111.7278,416265
2014-06-27,111.4882,111.8752,111.1565,111.6725,734011
2014-06-30,112.0964,112.0964,111.0551,111.267,547548
2014-07-01,111.3961,111.9766,110.3732,111.6633,570829
2014-07-02,111.2394,112.0964,110.5944,110.7142,433233
2014-07-03,110.9814,111.608,110.8247,111.1565,352763
2014-07-07,111.092,111.1288,109.8665,109.9954,591953
2014-07-08,109.8296,110.2534,109.0463,109.2398,570433
2014-07-09,109.7466,110.3087,109.1477,109.8756,520575
2014-07-10,108.7514,110.3087,108.6501,109.6821,468545
2014-07-11,109.7098,110.9261,109.4057,110.7787,454400
2014-07-14,111.4053,111.5711,110.7879,111.1473,443688
2014-07-15,111.1473,112.1701,110.9261,111.3316,567549
2014-07-16,111.6172,112.0365,111.1657,111.8199,552703
2014-07-17,111.221,112.5018,111.1196,111.138,519767
2014-07-18,111.3961,112.4189,111.2578,112.382,405174
2014-07-21,112.0319,112.981,111.7001,112.8151,381727
2014-07-22,113.368,113.3956,112.64,113.2021,450705
2014-07-23,113.1284,113.3309,112.2438,112.769,333361
2014-07-24,112.8704,112.8704,111.7923,112.4097,337688
2014-07-25,111.9674,112.2807,111.1565,111.3592,296098
2014-07-28,111.3776,111.9489,110.3179,111.2947,397549
2014-07-29,111.4421,111.4974,109.9033,109.9125,592666
2014-07-30,110.5483,110.8155,109.2951,110.2442,694698
2014-07-31,101.3613,103.2042,91.5292,96.7171,5484881
2014-08-01,96.7171,100.4122,96.3964,98.9747,2345957
2014-08-04,98.9655,98.9655,96.0444,96.3393,1635085
2014-08-05,95.6851,97.141,95.4639,96.5973,1712207
2014-08-06,96.2379,96.284,93.2386,93.4275,1318634
2014-08-07,94.1094,94.5148,93.3814,93.6118,1140616
2014-08-08,94.008,96.6157,93.9988,96.5236,1024856
2014-08-11,96.8092,97.1502,95.8509,95.9431,768402
2014-08-12,95.8325,96.6526,95.5008,96.0444,1268564
2014-08-13,96.1826,97.3621,96.0076,97.2608,645112
2014-08-14,97.2145,98.3266,97.1218,97.7705,775068
2014-08-15,97.8725,98.827,97.1125,97.9929,1546945
2014-08-18,98.6741,100.5322,98.6509,100.4024,1032123
2014-08-19,100.9677,101.1621,99.6889,99.8557,744142
2014-08-20,99.7815,101.3662,99.3923,101.2736,947062
2014-08-21,101.635,102.4922,101.2736,102.3115,733684
2014-08-22,102.2188,102.5154,101.5423,101.7277,459378
2014-08-25,102.0798,102.2188,101.3477,101.6165,515280
2014-08-26,101.8296,102.2541,101.3477,101.4126,468423
2014-08-27,101.6813,101.9686,101.1531,101.5145,563363
2014-08-28,101.0141,101.6443,100.8751,101.496,491091
2014-08-29,101.5979,102.052,101.3245,101.8945,531132
2014-09-02,102.1262,102.432,101.5887,102.1169,518146
2014-09-03,102.5617,102.9973,101.9316,102.0798,690146
2014-09-04,103.7202,104.7396,102.6173,102.8398,1553710
2014-09-05,102.9417,103.8962,102.3486,103.8499,592998
2014-09-08,105.101,105.8609,104.6005,104.684,714628
2014-09-09,104.7118,105.0732,103.8731,104.0445,854732
2014-09-10,103.785,105.3327,103.6553,105.2585,1014107
2014-09-11,105.0639,106.4169,104.6005,106.3984,1005385
2014-09-12,106.1111,106.5838,105.4161,106.3706,678777
2014-09-15,106.176,107.5476,105.6292,107.3344,716881
2014-09-16,107.3159,107.9275,106.8989,107.6217,789544
2014-09-17,108.0387,108.3909,106.9637,107.492,728341
2014-09-18,107.9461,108.2612,106.8154,107.0286,744871
2014-09-19,107.5476,107.77,105.6663,105.8702,1169750
2014-09-22,105.8424,106.1389,104.304,104.3596,775603
2014-09-23,103.7665,104.1743,102.4691,102.5247,994022
2014-09-24,102.6544,103.1548,102.0706,102.988,708324
2014-09-25,103.0622,103.2012,101.5979,101.6906,708424
2014-09-26,101.8296,106.4169,101.7925,106.3428,1384704
2014-09-29,105.1566,106.9637,104.7025,106.8154,1108866
2014-09-30,106.9637,110.7726,106.5004,110.2073,2031708
2014-10-01,109.7254,109.7254,106.7876,106.7876,1191155
2014-10-02,106.6764,107.0286,103.7572,105.2863,974507
2014-10-03,105.7497,107.0657,105.2585,106.6579,1071474
2014-10-06,107.1954,107.5105,104.7025,104.7952,1205952
2014-10-07,104.2762,105.2771,102.6451,102.6822,1297858
2014-10-08,102.6544,103.9611,101.1068,103.8499,1312958
2014-10-09,103.6553,104.0399,100.0132,100.1893,1166291
2014-10-10,99.8279,113.6918,98.6602,106.7135,5234662
2014-10-13,107.5012,109.0813,101.1438,101.2458,2911240
2014-10-14,100.7731,102.4042,99.7074,100.3376,1305931
2014-10-15,98.9104,101.9779,97.4369,101.0975,1595604
2014-10-16,98.7992,102.3671,98.1783,101.2272,848399
2014-10-17,102.2188,104.165,102.2188,102.5247,1032990
2014-10-20,101.9686,102.5432,100.8287,101.5238,1320800
2014-10-21,102.2652,102.9695,101.6906,102.0798,1557990
2014-10-22,102.4691,105.1103,102.4691,103.4792,992323
2014-10-23,104.9064,107.0101,104.0352,106.0463,905824
2014-10-24,106.4355,106.4355,104.5357,106.1667,537017
2014-10-27,105.62,106.8525,105.3975,106.7876,548995
2014-10-28,107.1213,108.4743,106.8989,108.2055,626354
2014-10-29,114.0996,114.4517,112.9875,114.081,755118
2014-10-30,109.0604,111.7059,108.8927,111.5289,945109
2014-10-31,112.8856,113.1358,111.3935,112.5612,1209200
2014-11-03,112.4129,113.3767,110.9533,112.5612,962075
2014-11-04,112.7002,114.0579,112.7002,113.6177,921307
2014-11-05,114.0996,114.4517,112.9875,114.081,755118
2014-11-06,113.905,114.4981,112.7465,114.081,821999
2014-11-07,113.5621,114.2849,112.0793,112.728,781467
2014-11-10,112.6909,112.6909,111.0228,111.236,1650316
2014-11-11,111.3286,111.4121,109.6327,110.0034,1252952
2014-11-12,109.7717,110.2166,108.5392,108.6318,1296842
2014-11-13,109.0604,111.7059,108.8927,111.5289,945109
2014-11-14,111.6034,112.479,110.9327,111.1097,716152
2014-11-17,111.0259,111.9201,110.7371,111.6313,816289
2014-11-18,111.6593,113.2987,111.5941,112.6374,1469383
2014-11-19,112.479,112.9634,111.6919,112.5721,794606
2014-11-20,111.9201,113.3826,111.8642,113.0565,1003182
2014-11-21,114.5563,114.668,113.4198,113.9135,774166
2014-11-24,114.4724,115.2549,114.1184,115.022,650670
2014-11-25,115.3201,116.3354,114.4631,115.525,777123
2014-11-26,115.3387,116.2795,114.8832,115.8883,449153
2014-11-28,116.1398,116.9223,115.6647,116.0653,286382
2014-12-01,115.7858,116.7173,115.2735,115.4132,669030
2014-12-02,115.2549,115.7017,114.5842,115.0593,836620
2014-12-03,114.6587,116.9036,114.2768,116.531,837094
2014-12-04,114.7705,115.3012,114.2209,115.0593,920720
2014-12-05,115.4878,117.2669,115.4878,116.056,826722
2014-12-08,116.1305,117.0061,115.6275,115.8045,645757
2014-12-09,114.6587,116.9036,114.2768,116.531,837094
2014-12-10,116.3727,116.6056,114.1371,114.1836,722885
2014-12-11,114.9847,116.0839,114.1278,114.3047,774746
2014-12-12,113.3174,114.3141,111.8735,111.9108,859481
2014-12-15,112.1902,113.1217,111.3176,112.4604,814686
2014-12-16,112.3113,114.7984,111.6593,112.7957,969260
2014-12-17,113.1776,114.1091,112.5163,113.5409,1332791
2014-12-18,115.199,117.4532,114.8916,117.416,1060132
2014-12-19,117.9842,118.8691,116.6428,116.7639,1365355
2014-12-22,116.9036,119.2231,116.8012,118.776,884057
2014-12-23,119.4466,120.0894,118.7853,119.4839,598705
2014-12-24,119.4839,120.3688,119.251,119.5491,315309
2014-12-26,119.6888,120.4061,119.2138,119.4373,414141
2014-12-29,119.0834,119.8006,118.3847,119.0088,609392
2014-12-30,118.6828,120.1918,117.8538,119.3162,853148
2014-12-31,119.605,119.7168,117.4439,117.565,685076
2015-01-02,118.2916,119.5118,117.2762,118.7573,719180
2015-01-05,117.5836,118.571,115.525,115.6275,662883
2015-01-06,115.6647,116.6894,114.0532,115.171,574966
2015-01-07,116.0373,117.6395,115.9535,117.0993,788414
2015-01-08,117.891,119.931,117.8538,119.074,1080186
2015-01-09,119.1113,119.2138,117.4998,118.4686,861065
2015-01-12,118.925,119.0368,117.8631,118.1239,1027522
2015-01-13,118.3009,120.611,116.5962,117.6023,667300
2015-01-14,116.2236,117.891,116.0932,117.1924,618904
2015-01-15,118.3754,118.6549,116.8851,117.0993,645195
2015-01-16,116.9688,117.7979,116.1025,117.062,1040752
2015-01-20,117.3694,118.5803,115.6647,117.1831,641631
2015-01-21,117.062,118.0587,116.4193,117.1831,718172
2015-01-22,117.5371,119.6516,117.5371,119.4653,899153
2015-01-23,119.4932,119.7727,118.6269,118.9902,623291
2015-01-26,118.6921,119.0834,117.4719,119.0182,659202
2015-01-27,117.3228,118.5897,116.9502,117.0993,467323
2015-01-28,117.9376,118.6269,115.9162,116.056,981763
2015-01-29,114.0067,118.422,113.1311,114.6308,930916
2015-01-30,113.6806,116.0746,112.2934,114.6867,1292683
2015-02-02,114.8916,116.1212,113.3732,115.9069,717860
2015-02-03,116.4286,118.2916,116.261,118.2264,596814
2015-02-04,117.9749,119.3442,117.1645,118.3754,648939
2015-02-05,118.7946,119.7727,117.8351,119.0554,482292
2015-02-06,119.5491,121.0581,118.9343,120.0801,702108
2015-02-09,119.428,120.6483,118.4127,118.8225,453258
2015-02-10,119.3162,120.2291,118.5431,119.9124,385852
2015-02-11,119.7168,120.611,118.776,119.5771,546761
2015-02-12,120.2571,120.7321,119.4466,120.4061,435450
2015-02-13,120.2291,121.1233,120.0708,120.5831,441421
2015-02-17,120.1918,121.1233,119.8379,120.4527,392578
2015-02-18,120.2012,120.7135,119.0834,120.7042,722755
2015-02-19,120.7601,122.2225,120.2105,122.1946,616949
2015-02-20,121.8592,123.8154,121.1886,123.7688,524574
2015-02-23,121.3003,123.1727,120.2291,122.9118,658557
2015-02-24,121.7568,123.6105,121.5798,123.3683,560894
2015-02-25,123.182,123.2379,121.794,122.1014,728437
2015-02-26,122.2044,123.4401,122.0266,122.401,874268
2015-02-27,122.298,122.4619,121.0998,121.1653,446198
2015-03-02,121.0623,122.8972,120.878,122.8785,483380
2015-03-03,122.0921,122.504,119.8921,120.6036,622312
2015-03-04,120.5287,120.5287,119.3866,119.7424,521699
2015-03-05,119.3024,119.8921,118.8998,119.1339,357792
2015-03-06,118.2913,118.9186,116.831,117.299,485447
2015-03-09,117.4956,118.853,117.3458,118.2164,372714
2015-03-10,117.196,117.5518,115.9326,115.9603,468534
2015-03-11,117.7952,118.3522,116.5407,117.0931,751035
2015-03-12,117.505,118.4505,117.0275,117.608,443379
2015-03-13,117.5331,118.4411,115.7684,116.9152,449271
2015-03-16,117.1399,119.0112,117.0931,118.8811,487539
2015-03-17,118.4037,119.2556,118.1884,118.9092,374251
2015-03-18,118.75,119.7892,116.6718,118.9934,795724
2015-03-19,118.722,119.1947,118.2164,118.6752,551278
2015-03-20,119.2556,120.7628,118.7969,120.3977,1386939
2015-03-23,120.6317,121.2308,119.4522,119.5177,537871
2015-03-24,119.2088,120.3321,118.7407,119.0683,657546
2015-03-25,119.5832,119.5832,116.6812,116.6812,905341
2015-03-26,116.0071,117.4488,115.5203,117.1773,561029
2015-03-27,117.2148,117.8888,116.7935,117.2335,541291
2015-03-30,117.842,119.0683,117.842,118.6003,755234
2015-03-31,118.1135,118.4879,117.1656,117.7577,434091
2015-04-01,116.9433,117.7858,115.5016,117.2897,697694
2015-04-02,117.402,118.5347,116.9152,117.0088,401003
2015-04-06,116.6344,118.3007,116.3629,117.7016,404719
2015-04-07,117.7016,119.2088,117.3646,117.3646,455113
2015-04-08,117.4582,118.7969,117.3833,118.2445,399280
2015-04-09,118.2633,118.8343,117.3646,117.7765,431680
2015-04-10,118.0199,118.5254,117.3271,117.9918,323562
2015-04-13,117.5331,118.2164,116.4378,116.625,382552
2015-04-14,116.3067,116.8871,115.1272,116.0446,367608
2015-04-15,116.2412,116.9246,115.614,115.745,407789
2015-04-16,115.614,116.8216,115.1927,116.4752,490096
2015-04-17,115.4735,115.7263,114.2846,114.6217,550576
2015-04-20,114.9399,116.2131,114.9399,115.7918,278464
2015-04-21,116.4565,116.6624,114.9961,115.4455,355052
2015-04-22,115.3799,116.1101,114.5936,115.9229,292478
2015-04-23,115.745,116.625,115.3425,115.8386,397114
2015-04-24,115.848,116.1195,114.8931,115.4923,278348
2015-04-27,115.6701,115.9042,113.9195,114.1068,459876
2015-04-28,113.854,114.7902,113.3299,114.7621,349279
2015-04-29,114.2753,115.0055,113.4948,113.8821,574914
2015-04-30,111.9911,113.7355,106.4772,107.5725,1421320
2015-05-01,107.6567,108.1061,105.5223,107.2074,1351283
2015-05-04,107.0201,108.5648,107.0201,107.844,550888
2015-05-05,107.7223,107.8908,105.6721,106.1402,755060
2015-05-06,106.421,106.8423,105.541,106.6082,548285
2015-05-07,106.2244,107.9282,105.8312,107.5631,677625
2015-05-08,108.3963,109.4916,108.3963,109.0141,470308
2015-05-11,108.752,109.8473,108.4337,109.192,599923
2015-05-12,108.4805,109.6039,107.9844,109.3137,689032
2015-05-13,109.7443,111.0456,109.3511,110.8583,944280
2015-05-14,111.6396,112.9669,111.4043,112.9292,623772
2015-05-15,112.9292,113.1599,112.2138,112.5433,514362
2015-05-18,112.581,113.3528,112.4962,113.174,316778
2015-05-19,113.0516,113.9459,112.7786,113.447,451266
2015-05-20,113.6446,114.7648,113.061,113.9459,654681
2015-05-21,114.1153,114.9719,113.9044,114.0023,525903
2015-05-22,113.5505,113.8047,112.2138,112.5056,657958
2015-05-26,112.1856,112.2421,110.5007,110.8207,486743
2015-05-27,111.2349,111.8091,110.7266,111.6491,542389
2015-05-28,111.5455,111.8279,110.8866,111.2725,600911
2015-05-29,111.4702,111.6396,110.3124,110.896,575478
2015-06-01,110.9807,111.7526,110.2089,110.9995,521837
2015-06-02,110.6324,111.2631,109.8135,110.6889,464608
2015-06-03,111.3949,112.1479,110.6983,111.5079,727037
2015-06-04,110.9148,111.5455,109.9359,109.9829,766118
2015-06-05,109.437,109.9829,108.3545,108.9569,692431
2015-06-08,108.7498,109.1828,108.3074,108.345,484799
2015-06-09,108.1662,108.4204,107.3378,107.4131,530851
2015-06-10,107.4696,109.3052,107.432,109.0416,513154
2015-06-11,109.1169,110.4253,108.9946,110.3218,523043
2015-06-12,109.3711,109.9076,108.5992,109.71,402265
2015-06-15,108.5992,109.4417,108.0438,108.7122,361242
2015-06-16,108.4486,109.2299,108.1191,108.9381,347081
2015-06-17,109.1828,110.237,108.5239,109.6064,485945
2015-06-18,109.87,111.1784,109.5311,110.7266,435980
2015-06-19,110.623,110.6795,109.5876,109.917,476859
2015-06-22,110.4159,110.6795,109.6441,110.5101,304549
2015-06-23,110.3406,110.6324,109.4088,109.8606,412976
2015-06-24,109.8606,109.87,108.7686,108.9381,409130
2015-06-25,108.9569,108.9569,107.4885,107.5732,394088
2015-06-26,107.9685,108.1333,107.5873,107.9685,492330
2015-06-29,107.1966,108.025,106.566,106.6319,509917
2015-06-30,107.5449,107.6014,106.3777,106.726,535613
2015-07-01,107.9026,109.0981,107.752,109.051,539334
2015-07-02,109.3146,109.6252,108.8439,108.9475,681914
2015-07-06,108.0156,109.2487,107.1025,109.2016,596662
2015-07-07,109.6064,111.3761,108.4957,111.3008,809913
2015-07-08,110.4818,111.5832,110.2653,110.3312,884440
2015-07-09,111.2631,111.5832,110.6889,110.6889,765632
2015-07-10,112.0915,113.5411,111.7526,113.1646,651195
2015-07-13,113.9647,114.2188,113.4677,113.9459,663499
2015-07-14,114.0682,114.7836,113.4658,114.5201,528751
2015-07-15,114.6142,114.9436,114.1247,114.8872,509215
2015-07-16,115.3766,116.0826,114.8759,116.0544,572173
2015-07-17,115.5273,115.8567,115.2731,115.4708,485316
2015-07-20,115.6779,115.8097,115.2731,115.5931,472627
2015-07-21,115.2449,115.3955,114.3412,114.6048,682663
2015-07-22,114.5577,114.8683,114.0202,114.6048,579686
2015-07-23,114.8778,115.7626,114.5671,114.7742,496962
2015-07-24,114.5012,114.5389,113.2399,113.5693,349828
2015-07-27,113.3152,113.414,112.5245,113.1363,466334
2015-07-28,113.4281,114.8307,113.014,114.4448,529427
2015-07-29,114.8401,117.103,114.2471,116.7604,722725
2015-07-30,111.3384,111.5267,106.6601,108.0156,2723357
2015-07-31,107.7144,110.6042,106.6883,108.6839,1287446
2015-08-03,108.618,109.0134,106.8295,107.6955,1034967
2015-08-04,107.6108,108.7498,106.9143,108.025,478990
2015-08-05,108.3262,109.4934,108.2603,108.7686,903432
2015-08-06,108.8063,109.2487,107.8367,108.9192,702787
2015-08-07,108.6274,109.2675,107.4037,108.5051,593289
2015-08-10,109.3617,110.4724,108.9287,109.5123,925232
2015-08-11,108.4957,108.9569,107.9591,108.8439,670503
2015-08-12,107.592,109.1969,107.0837,108.7592,793640
2015-08-13,108.8444,110.0561,108.267,109.384,697706
2015-08-14,109.4787,109.9615,108.2765,109.2704,675187
2015-08-17,108.8823,109.721,108.7119,109.6112,350152
2015-08-18,109.2136,109.4692,108.6835,108.9107,439938
2015-08-19,108.125,108.8066,107.3488,107.7085,525435
2015-08-20,106.705,106.9322,105.5975,105.6732,496760
2015-08-21,104.4047,104.9348,102.644,102.7102,645321
2015-08-24,95.7146,102.644,95.7146,100.0218,1151859
2015-08-25,101.1672,102.0381,98.6776,98.8006,862080
2015-08-26,100.7412,101.5695,98.2894,101.4039,736646
2015-08-27,102.3032,103.0321,99.5674,101.4039,1008752
2015-08-28,101.0726,101.4512,100.5803,101.2619,528866
2015-08-31,100.9022,101.1009,99.5769,99.8419,559521
2015-09-01,98.2421,98.6586,97.2103,97.57,598592
2015-09-02,98.4882,100.2963,98.28,100.2963,377461
2015-09-03,100.5614,101.8299,100.23,100.6466,334205
2015-09-04,99.1414,99.6999,98.6586,99.0467,414405
2015-09-08,99.3402,101.3376,99.2645,101.3092,1088598
2015-09-09,102.2748,102.502,100.0691,100.2868,588739
2015-09-10,99.9934,100.9022,98.6984,100.1922,382522
2015-09-11,99.9177,100.5046,99.5201,99.9744,454639
2015-09-14,99.946,100.3531,99.4727,100.1922,455637
2015-09-15,100.3626,102.2085,100.107,101.7731,353938
2015-09-16,101.9056,102.1138,100.7412,101.9056,498591
2015-09-17,102.0097,103.9882,101.8299,102.3126,851653
2015-09-18,101.0726,102.1706,100.4478,101.1861,843336
2015-09-21,101.6784,102.8996,101.4417,102.1801,581753
2015-09-22,100.8738,101.1218,99.8419,100.3342,388357
2015-09-23,100.6276,101.2429,98.2989,98.8669,472459
2015-09-24,97.8824,99.0846,97.0872,98.7722,602562
2015-09-25,99.2929,99.5532,97.9486,98.706,705487
2015-09-28,97.9392,98.28,96.4056,96.4624,589082
2015-09-29,96.3583,97.6457,95.7335,96.6328,526184
2015-09-30,97.7404,98.9994,97.57,98.9426,498083
2015-10-01,98.7722,99.397,97.258,98.4409,379966
2015-10-02,97.2765,99.6715,96.9357,99.6431,411331
2015-10-05,100.4762,101.4891,100.4762,101.4133,438883
2015-10-06,101.2619,102.786,101.1861,101.8961,608486
2015-10-07,102.36,104.6603,102.36,104.5467,758885
2015-10-08,104.2627,107.15,104.2627,106.8092,478645
2015-10-09,107.0837,108.2481,106.6293,107.6138,433461
2015-10-12,107.5002,107.7747,107.0364,107.5192,330717
2015-10-13,106.582,107.2257,105.4933,105.5312,450134
2015-10-14,105.5028,105.9572,103.0037,103.6569,367774
2015-10-15,104.3479,104.7928,103.0984,104.452,592227
2015-10-16,104.9064,105.2094,104.1681,104.452,434691
2015-10-19,104.0734,104.2627,103.7421,104.0639,658559
2015-10-20,103.903,105.1431,102.4358,104.755,461203
2015-10-21,105.5028,106.7145,105.3703,105.4082,435044
2015-10-22,106.1939,108.5794,106.0992,107.9262,365763
2015-10-23,108.3143,108.9864,107.3961,108.7119,341181
2015-10-26,108.8539,109.1568,108.2575,108.9012,256749
2015-10-27,108.3522,109.0716,108.1386,108.4374,419963
2015-10-28,110.6147,119.4941,110.6052,118.8883,1869702
2015-10-29,117.1843,124.3504,114.4769,121.5483,2197276
2015-10-30,120.6301,121.8986,119.6172,119.6551,1360153
2015-11-02,119.6551,120.668,116.5027,117.6009,1327030
2015-11-03,117.1938,118.0742,116.7015,117.1181,870000
2015-11-04,117.3263,117.8517,116.0578,116.4744,876024
2015-11-05,116.5595,117.1465,115.8874,116.3702,709207
2015-11-06,115.9253,116.4176,114.0415,115.575,707155
2015-11-09,114.9692,115.1869,113.5256,114.2403,388236
2015-11-10,113.8806,114.5432,112.6973,113.4924,486244
2015-11-11,113.8143,115.0165,113.5587,113.7575,478442
2015-11-12,113.3292,113.8241,112.6629,113.1198,820086
2015-11-13,112.958,113.8622,112.5487,112.701,481048
2015-11-16,113.2245,117.9739,113.2245,117.6884,1149275
2015-11-17,118.0691,118.8258,117.1125,118.4213,878082
2015-11-18,118.6687,119.887,118.2214,119.1256,679091
2015-11-19,119.4777,120.1154,118.4213,119.3159,519215
2015-11-20,119.9631,120.8102,119.768,120.2582,496059
2015-11-23,120.0393,120.4961,119.6586,119.9441,407327
2015-11-24,119.5729,119.8584,112.5868,118.6021,2009842
2015-11-25,118.4784,120.5152,117.1268,117.6122,482091
2015-11-27,117.6408,118.84,117.6313,118.4688,152501
2015-11-30,118.5926,118.5926,116.1465,116.5082,699640
2015-12-01,117.3553,117.9263,116.2893,117.0316,625233
2015-12-02,117.0031,117.5361,116.1179,116.4606,466227
2015-12-03,116.6509,116.9745,114.2905,114.9187,482083
2015-12-04,115.366,118.802,115.1852,118.031,1175495
2015-12-07,117.8407,119.6348,117.8407,119.4206,815706
2015-12-08,118.2785,119.1922,117.46,118.2214,823037
2015-12-09,117.5456,118.4403,114.1474,114.7949,737318
2015-12-10,114.7569,116.0894,114.0621,115.347,538875
2015-12-11,113.9954,114.6807,113.1959,113.51,560919
2015-12-14,113.7861,114.1097,112.2537,113.748,671020
2015-12-15,114.0811,115.4517,113.4244,113.7194,465670
2015-12-16,114.5284,115.4403,113.3483,114.9472,461808
2015-12-17,115.1566,115.3946,111.8634,111.9777,658289
2015-12-18,111.911,112.1014,110.8165,110.9402,1055889
2015-12-21,112.0348,112.9389,111.1306,111.6065,512719
2015-12-22,112.2442,113.3768,111.911,112.7676,432243
2015-12-23,113.2435,114.1097,112.4345,113.9479,872456
2015-12-24,113.8432,114.6427,113.3292,114.1668,123490
2015-12-28,113.9383,113.9383,112.3584,113.6242,316082
2015-12-29,114.2619,115.4231,114.1572,114.8996,270399
2015-12-30,114.9567,115.8134,114.4999,115.109,302713
2015-12-31,114.4618,114.9149,113.3768,113.748,290300
2016-01-04,112.168,112.168,110.3691,111.6255,474407
2016-01-05,111.9301,114.3238,111.9301,113.8336,555291
2016-01-06,112.6058,113.5671,110.8736,111.8159,502640
2016-01-07,109.503,111.892,109.3888,110.1026,573606
2016-01-08,110.4643,111.6217,108.7511,109.0271,746207
2016-01-11,109.5411,110.8355,109.0985,110.3025,437130
2016-01-12,111.0735,111.7207,109.3127,111.3019,460081
2016-01-13,111.9015,112.0919,107.904,108.675,494000
2016-01-14,108.7321,109.1794,107.3139,108.0753,491577
2016-01-15,105.2771,107.076,104.6013,106.305,607572
2016-01-19,107.5233,107.6042,104.3634,104.5728,697649
2016-01-20,103.126,103.7066,100.7751,102.8405,632435
2016-01-21,103.1451,104.7917,102.7168,103.6019,690009
2016-01-22,104.5918,106.2194,104.5918,106.1813,422400
2016-01-25,106.1813,106.4478,104.8297,104.9535,347462
2016-01-26,104.8583,106.8409,104.8583,106.5239,427339
2016-01-27,105.6388,106.6952,104.5918,104.8964,755544
2016-01-28,107.076,109.0462,104.944,106.581,864300
2016-01-29,107.3996,111.2353,107.2663,111.2067,1069827
2016-02-01,112.6629,113.0056,111.3876,111.9206,854804
2016-02-02,111.0259,111.8539,110.569,111.121,657600
2016-02-03,112.1395,112.5107,110.2169,111.9015,655404
2016-02-04,111.9015,112.7391,111.2543,111.7302,543065
2016-02-05,111.873,112.2632,111.0925,111.911,768135
2016-02-08,110.5405,111.6255,110.036,111.5494,699167
2016-02-09,110.2073,113.3958,110.2073,112.4536,608611
2016-02-10,112.8247,113.5005,111.892,112.406,349711
2016-02-11,110.3025,110.7746,107.0284,109.1984,484033
2016-02-12,109.6363,110.3691,108.4846,109.7695,416042
2016-02-16,111.3971,111.3971,109.6172,110.5976,572827
2016-02-17,111.5969,112.6629,110.7689,111.4922,595594
2016-02-18,111.873,113.1388,110.8355,111.7683,485364
2016-02-19,111.7016,112.0157,110.6309,111.892,508433
2016-02-22,112.149,114.1477,112.149,112.8914,533202
2016-02-23,112.5202,113.6338,110.7879,112.1204,373389
2016-02-24,111.5398,112.5202,110.7689,112.2346,309756
2016-02-25,112.0062,113.491,111.9301,113.4434,318469
2016-02-26,113.8934,114.7551,113.6062,113.8551,395923
2016-02-29,113.7785,114.4295,112.2945,112.3137,591929
2016-03-01,112.7541,114.2476,112.3807,113.8455,622751
2016-03-02,113.7402,114.7168,113.3285,114.3817,561428
2016-03-03,114.6402,115.4635,113.4051,115.4157,536520
2016-03-04,115.1093,115.6166,113.9508,114.4104,535799
2016-03-07,113.9987,114.8125,111.9116,112.9839,567137
2016-03-08,112.6488,113.9317,111.586,112.8881,459504
2016-03-09,113.6828,114.3338,112.3615,112.5817,465417
2016-03-10,113.0413,113.9173,110.8201,112.0169,644265
2016-03-11,113.2998,114.6402,112.6224,114.0179,567449
2016-03-14,113.5009,113.9891,111.4137,112.8307,271533
2016-03-15,111.969,113.2376,111.835,112.8019,432725
2016-03-16,112.6488,113.3285,111.7297,112.9073,407141
2016-03-17,113.2615,113.5392,112.5052,112.9647,507376
2016-03-18,113.0987,114.4295,112.7206,113.6828,850714
2016-03-21,113.2519,114.4774,112.9168,113.7306,479404
2016-03-22,113.453,114.7934,112.7924,114.2955,1248472
2016-03-23,114.2381,115.7029,114.2381,114.487,533333
2016-03-24,113.654,114.037,112.5569,113.3764,488522
2016-03-28,113.6062,114.1902,112.2371,113.6349,380724
2016-03-29,113.2136,114.0274,112.4956,113.903,707406
2016-03-30,114.4391,115.7508,114.1825,114.8987,401804
2016-03-31,115.2146,115.4731,113.2519,113.453,929052
2016-04-01,112.8785,113.9508,111.9882,113.4913,756193
2016-04-04,113.2328,114.7551,113.003,114.3147,539895
2016-04-05,113.7689,114.8317,113.3189,114.0466,536917
2016-04-06,113.8647,115.4348,113.6157,115.1189,421611
2016-04-07,114.5636,115.1955,113.1179,113.9604,582110
2016-04-08,114.5732,115.5545,114.1519,114.3242,352926
2016-04-11,114.6689,115.3774,114.2476,114.2572,334853
2016-04-12,114.2764,115.2433,114.2764,114.7263,454712
2016-04-13,115.2912,115.521,114.353,114.9753,430049
2016-04-14,114.7934,115.2242,113.5535,114.7934,1913249
2016-04-15,114.353,115.9231,114.0945,115.3678,1171464
2016-04-18,115.1763,118.0198,114.8987,117.2826,1243082
2016-04-19,117.3784,118.0486,116.7465,117.9624,641667
2016-04-20,118.1156,119.14,117.2635,118.2975,1020483
2016-04-21,118.1443,118.8336,117.3592,117.5986,329948
2016-04-22,117.7518,119.3506,117.0289,118.7475,615352
2016-04-25,118.24,119.1496,117.8858,118.5751,391796
2016-04-26,118.7379,119.6761,118.1969,119.5038,1126178
2016-04-27,121.0548,125.9376,121.0548,125.3057,1458033
2016-04-28,124.3675,126.9812,123.1803,125.2674,1104509
2016-04-29,125.0185,126.2535,124.3675,125.928,695658
2016-05-02,126.962,128.8362,126.962,127.8524,884951
2016-05-03,126.8567,128.6471,126.378,128.2928,684072
2016-05-04,127.7375,128.9008,127.412,128.6375,1124578
2016-05-05,128.6183,130.0066,128.3598,129.9683,1118621
2016-05-06,129.5758,130.8395,129.0779,130.7725,788937
2016-05-09,130.7725,131.1651,130.0832,130.1406,711114
2016-05-10,130.7725,131.7395,130.3513,131.4044,569523
2016-05-11,131.2225,131.9693,130.0257,130.0928,482040
2016-05-12,130.313,130.7629,129.5662,129.997,681774
2016-05-13,129.9681,130.3819,128.8614,129.4484,446377
2016-05-16,129.3426,131.4598,128.8614,131.1229,356128
2016-05-17,130.892,131.8255,130.507,131.3443,647694
2016-05-18,130.9112,132.2104,130.5166,131.4694,473403
2016-05-19,132.0757,132.8071,131.248,131.7004,570484
2016-05-20,132.6724,133.423,131.9891,132.9996,644929
2016-05-23,132.9803,133.1054,132.4044,132.7493,567904
2016-05-24,133.3171,133.6732,132.836,133.1343,592217
2016-05-25,133.4519,133.8946,132.605,132.6242,587633
2016-05-26,132.5569,133.3268,132.528,132.605,528500
2016-05-27,132.6146,133.0862,132.0613,132.7012,322892
2016-05-31,132.759,132.8071,131.4694,132.0468,421974
2016-06-01,131.5464,133.346,131.046,133.0765,413166
2016-06-02,133.6251,135.2708,133.3171,134.5971,696187
2016-06-03,134.0485,136.849,133.3268,136.6277,670751
2016-06-06,136.6181,137.465,135.8867,136.2235,650475
2016-06-07,136.6854,139.7554,136.3101,138.87,998047
2016-06-08,138.8219,141.4588,138.1001,141.3818,841275
2016-06-09,140.7466,142.4356,140.6215,142.3346,520074
2016-06-10,141.3626,142.0555,140.5253,140.6985,728363
2016-06-13,140.6215,141.2182,139.4282,139.5148,429231
2016-06-14,139.6688,140.4964,138.9663,140.2943,518234
2016-06-15,140.6408,140.9871,139.5581,140.0152,410020
2016-06-16,139.6592,140.0297,138.0039,139.1299,779872
2016-06-17,139.3031,139.3031,137.3014,138.2926,645002
2016-06-20,139.842,140.3521,137.821,137.975,898005
2016-06-21,138.0231,138.6198,137.744,138.3215,717761
2016-06-22,138.639,139.5436,138.2564,138.4466,580804
2016-06-23,139.8613,139.8613,138.2252,138.8893,289445
2016-06-24,135.2226,138.7449,133.9716,136.0695,1013646
2016-06-27,135.6557,135.7616,133.3556,134.8377,1210835
2016-06-28,135.5402,135.9829,134.0389,135.9252,629107
2016-06-29,136.4352,138.2349,136.3197,137.9269,378751
2016-06-30,138.3888,141.1797,138.1579,141.1701,528243
2016-07-01,141.4973,142.0362,140.2201,141.2278,381679
2016-07-05,140.7274,141.6994,140.6504,141.6898,680032
2016-07-06,141.9881,145.0966,141.0931,144.625,970994
2016-07-07,144.5961,144.5961,140.8621,141.2759,752660
2016-07-08,141.8822,144.3844,141.8149,144.0861,416950
2016-07-11,143.6819,145.212,143.3162,143.422,698252
2016-07-12,144.2015,144.3363,142.9024,143.7685,467388
2016-07-13,143.7781,144.2304,143.2777,143.6626,244241
2016-07-14,144.5865,144.7309,143.0467,143.1911,302092
2016-07-15,143.6626,144.4902,142.5944,144.1534,433018
2016-07-18,144.3459,144.4903,143.0563,143.4124,416962
2016-07-19,143.3547,145.7028,142.5848,143.8455,554476
2016-07-20,143.961,144.2015,143.2296,143.6337,218094
2016-07-21,143.6337,143.961,141.8052,142.2383,299264
2016-07-22,141.8245,142.6233,140.9006,142.4789,288247
2016-07-25,142.3827,142.3827,141.1123,141.9015,148341
2016-07-26,142.1036,142.8446,141.478,142.4019,288398
2016-07-27,142.3346,143.2488,141.2663,141.8919,788040
2016-07-28,142.6714,148.6862,142.6714,144.2015,848947
2016-07-29,143.9417,146.2706,142.9803,145.9242,621314
2016-08-01,145.4719,146.2706,144.7982,145.8087,615339
2016-08-02,145.366,145.4719,143.807,144.6057,525472
2016-08-03,144.8271,144.9041,143.1622,144.471,610235
2016-08-04,144.6442,146.2803,144.3555,144.8463,261272
2016-08-05,145.2505,146.4342,144.9907,145.3179,310550
2016-08-08,145.1254,145.5874,143.8936,144.3267,330242
2016-08-09,144.6827,145.0869,144.1342,144.3652,419210
2016-08-10,144.4325,145.3179,144.317,145.0773,831119
2016-08-11,145.3083,145.5104,143.3739,143.4317,669294
2016-08-12,143.5183,143.7396,142.3731,142.6329,675050
2016-08-15,143.2517,146.3363,143.2517,145.3983,913339
2016-08-16,144.7505,145.6884,142.6571,143.2614,658968
2016-08-17,143.2421,144.5668,142.8268,144.4604,642552
2016-08-18,144.6925,145.6304,144.4701,145.6014,474449
2016-08-19,145.1372,145.5917,143.8609,143.9189,1618544
2016-08-22,144.2863,144.2863,143.4258,144.0349,490742
2016-08-23,144.5377,144.5377,142.1591,142.2171,709043
2016-08-24,142.0527,142.5459,141.2888,141.927,536690
2016-08-25,142.7296,144.8858,141.9464,143.4741,645967
2016-08-26,144.0736,144.5668,142.5459,143.3387,372742
2016-08-29,143.6288,144.5861,143.3484,144.1993,445665
2016-08-30,144.2573,144.2573,143.1309,143.7062,234210
2016-08-31,143.6868,144.18,142.6522,143.8996,404869
2016-09-01,143.8125,144.5571,142.8746,144.4024,336215
2016-09-02,144.6828,145.7077,144.3928,144.9342,324685
2016-09-06,145.8624,146.4837,144.7698,146.3749,476167
2016-09-07,146.0462,146.2492,144.9635,145.2533,238211
2016-09-08,144.6248,145.5434,144.1703,145.1469,268251
2016-09-09,143.7932,144.354,142.0817,142.1494,490427
2016-09-12,141.8303,144.4894,141.6079,144.0253,369718
2016-09-13,143.3097,143.5708,141.4726,141.7916,323127
2016-09-14,141.5112,142.8456,140.5926,141.1051,364595
2016-09-15,141.0181,143.0003,140.8731,142.7102,254707
2016-09-16,142.0914,142.4685,141.2405,141.927,453450
2016-09-19,142.043,143.184,141.869,142.4492,260852
2016-09-20,143.097,143.6482,141.8207,142.2268,388482
2016-09-21,142.2945,144.7795,142.2945,144.7601,287212
2016-09-22,145.3016,145.6256,144.1993,145.1179,333494
2016-09-23,144.8568,145.524,143.9866,145.1179,277572
2016-09-26,144.7601,146.9744,144.0349,145.6691,394613
2016-09-27,145.9591,147.6126,145.2146,147.4482,477806
2016-09-28,147.9994,148.8309,147.7673,148.5312,580894
2016-09-29,148.1541,148.9857,145.0502,145.7658,796419
2016-09-30,146.2492,146.6167,144.122,145.7464,550812
2016-10-03,145.379,146.5103,144.4991,146.0365,570680
2016-10-04,146.1235,147.1581,144.8278,145.2049,546070
2016-10-05,145.3887,146.0655,144.6538,145.4757,295015
2016-10-06,145.582,147.5546,145.0212,147.4966,654758
2016-10-07,146.7907,146.9648,144.6538,146.5877,582288
2016-10-10,145.6884,147.777,145.6884,146.0558,360448
2016-10-11,145.4853,146.4329,143.7932,144.6151,386276
2016-10-12,144.5474,144.9632,143.8416,144.2283,531149
2016-10-13,143.8319,144.5668,142.923,144.122,477841
2016-10-14,144.9729,145.4467,143.4741,143.6288,424914
2016-10-17,143.8609,144.4411,143.2227,143.3194,289580
2016-10-18,144.325,144.881,143.5321,144.2863,211014
2016-10-19,144.7505,144.7505,143.0118,143.2517,305739
2016-10-20,142.981,143.1115,141.4339,142.4298,346491
2016-10-21,141.1148,142.0044,140.4863,141.4919,293966
2016-10-24,142.4395,142.8553,141.8303,142.2848,249949
2016-10-25,142.2945,143.4354,141.2018,143.039,368982
2016-10-26,142.8456,144.5668,142.043,143.7932,1023077
2016-10-27,140.7474,140.7474,130.7299,133.1956,2560335
2016-10-28,134.1625,136.1834,133.7081,135.4679,1228105
2016-10-31,135.3615,135.3712,132.2673,132.4124,1044779
2016-11-01,132.3157,132.6734,131.2907,131.9192,795933
2016-11-02,132.0449,132.6251,129.7436,130.4011,711737
2016-11-03,130.4011,130.4011,127.9983,129.6179,669611
2016-11-04,129.5599,131.8225,129.3278,130.1401,581831
2016-11-07,131.7742,133.3696,131.2907,133.0409,872634
2016-11-08,132.8281,133.9208,132.4124,133.1762,409813
2016-11-09,136.0287,145.3983,135.5839,143.4451,1665021
2016-11-10,145.8431,147.0228,143.9092,145.6401,946680
2016-11-11,145.1856,146.3459,143.8319,145.9398,876035
2016-11-14,145.9108,149.4595,145.1663,148.8406,1183885
2016-11-15,149.2681,150.016,145.8393,147.1602,935619
2016-11-16,146.9271,147.1602,144.9358,146.0529,447878
2016-11-17,146.4026,146.422,145.0913,145.6741,420293
2016-11-18,145.1593,147.9179,145.0815,147.8402,530995
2016-11-21,148.3162,148.6561,147.4419,147.7528,428495
2016-11-22,148.3453,148.6076,147.034,147.7042,453199
2016-11-23,147.4614,150.5988,147.4614,150.5503,470673
2016-11-25,150.968,152.1627,150.6863,151.881,232870
2016-11-28,151.5313,152.6416,151.1137,152.0364,488170
2016-11-29,152.1142,154.3094,151.3662,154.086,474521
2016-11-30,154.0666,155.0865,152.4638,153.2506,578360
2016-12-01,153.1729,155.4993,152.4347,152.9787,615723
2016-12-02,152.9301,153.3769,152.153,152.7261,511958
2016-12-05,153.9597,154.6591,152.5901,153.9209,947463
2016-12-06,153.4352,154.4551,152.7164,153.9209,615992
2016-12-07,154.5425,157.272,153.9597,156.9321,910603
2016-12-08,154.2511,155.6013,153.6003,153.7752,803178
2016-12-09,153.9209,154.7465,153.4789,153.9112,676711
2016-12-12,152.3958,153.6295,149.103,153.5323,957279
2016-12-13,153.7363,154.9698,152.4541,153.6295,483661
2016-12-14,153.7849,154.9311,153.3672,153.5226,504534
2016-12-15,153.0758,153.9889,152.3904,153.5518,534678
2016-12-16,153.6683,153.8723,152.1433,152.8427,853479
2016-12-19,153.5712,153.6974,150.3269,150.8028,646513
2016-12-20,150.56,152.8232,150.0986,151.609,423365
2016-12-21,151.4536,151.7353,149.5886,149.5983,378826
2016-12-22,149.8703,149.8703,148.0345,149.3944,427677
2016-12-23,149.0835,149.8606,148.1996,148.763,256671
2016-12-27,149.3749,149.3957,147.5828,148.7533,261641
2016-12-28,148.7921,148.831,147.0631,147.3642,347181
2016-12-29,147.6751,148.8018,147.6071,148.5881,259636
2016-12-30,148.5881,148.6367,147.3254,147.7528,317327
2017-01-03,148.6561,149.8023,147.3642,147.9276,414695
2017-01-04,147.6459,148.9767,146.8786,147.8693,611374
2017-01-05,147.102,149.2972,146.7911,147.9665,414805
2017-01-06,147.7916,150.0063,146.3443,149.6955,529266
2017-01-09,149.7343,149.7343,148.1122,148.491,363685
2017-01-10,148.4813,148.7144,146.4414,146.6357,511872
2017-01-11,146.7037,146.7037,142.6677,143.2748,883485
2017-01-12,142.1578,145.0815,139.4283,141.5361,624322
2017-01-13,141.7304,145.0524,141.371,144.625,646830
2017-01-17,143.44,144.5764,142.9154,144.3433,530567
2017-01-18,143.8965,145.3924,142.6726,144.2365,566486
2017-01-19,144.761,147.7139,144.761,147.5585,650528
2017-01-20,148.2385,148.2385,146.0335,147.0728,515588
2017-01-23,147.0728,147.0728,144.4987,145.4021,455398
2017-01-24,144.8096,146.0626,143.5857,145.3147,730024
2017-01-25,146.1986,146.762,145.2661,146.5289,1084821
2017-01-26,149.6275,154.9505,148.8115,151.1914,1734251
2017-01-27,151.5216,155.1642,151.1039,153.8723,875210
2017-01-30,153.7557,153.7557,151.5605,152.629,543544
2017-01-31,152.5221,154.1929,150.1132,154.1443,870246
2017-02-01,154.2997,154.6494,152.5707,153.0952,684962
2017-02-02,152.9689,153.3186,151.7742,152.7941,510673
2017-02-03,153.8432,156.0287,152.6387,155.5333,700566
2017-02-06,155.0088,156.9515,154.5037,156.3978,733418
2017-02-07,156.9612,157.2517,155.5375,156.1453,681524
2017-02-08,156.0481,156.8058,155.3682,155.6013,433503
2017-02-09,155.6596,157.0486,155.6596,156.8738,334185
2017-02-10,157.0098,158.7776,156.631,158.4377,433656
2017-02-13,159.4965,161.1089,158.3405,160.7301,443753
2017-02-14,161.1769,162.09,160.5844,160.9826,819689
2017-02-15,161.9151,163.479,161.2352,163.3333,584244
2017-02-16,163.3722,163.6927,161.3906,163.6636,433096
2017-02-17,163.4013,163.887,162.2648,163.411,841312
2017-02-21,162.6922,164.5572,162.4688,163.9647,394953
2017-02-22,164.0132,164.3532,162.8282,164.1881,437451
2017-02-23,164.2658,164.2658,161.3517,161.682,480775
2017-02-24,161.0603,162.3522,160.3221,162.3522,404954
2017-02-27,162.8791,165.1818,161.435,164.8013,385448
2017-02-28,164.8013,165.0355,163.6304,164.2354,472840
2017-03-01,165.3184,166.9869,165.0407,166.6649,507592
2017-03-02,167.0845,167.0845,163.5328,163.5523,505062
2017-03-03,163.5133,164.6061,163.25,163.484,333178
2017-03-06,163.0352,164.7623,162.7531,164.2646,529800
2017-03-07,164.0402,165.4648,164.0402,164.9672,535712
2017-03-08,165.1916,165.5916,163.1523,163.484,486588
2017-03-09,163.6792,165.7673,163.6792,165.6892,582781
2017-03-10,166.3039,166.7918,165.3965,166.1868,545326
2017-03-13,166.1868,166.4112,165.2404,166.138,263013
2017-03-14,165.1623,166.2746,164.4695,166.2161,252155
2017-03-15,166.3527,166.8698,165.8453,166.2356,391655
2017-03-16,166.3527,166.7332,163.3377,163.7963,351905
2017-03-17,164.372,166.2942,164.0792,165.3477,706435
2017-03-20,165.4648,165.9136,163.6011,163.9231,772460
2017-03-21,164.2549,164.2549,162.8791,163.1913,775142
2017-03-22,163.1816,165.6014,162.7327,165.0159,618253
2017-03-23,164.7525,165.7185,163.8548,164.1768,663724
2017-03-24,164.0109,165.4453,162.3424,162.8693,498371
2017-03-27,160.9667,161.5911,159.2396,161.2594,414622
2017-03-28,160.8496,163.2303,160.4105,162.6547,326894
2017-03-29,162.3815,163.0059,161.6887,162.762,397136
2017-03-30,162.723,163.166,162.04,162.6156,416836
2017-03-31,161.9912,162.5181,160.5764,161.2789,570946
2017-04-03,160.8105,161.8058,160.2349,160.8788,476647
2017-04-04,160.9862,161.7668,160.0202,160.7422,323731
2017-04-05,160.9471,161.5423,158.3029,158.4688,436646
2017-04-06,158.5078,159.1762,158.1078,158.9469,626341
2017-04-07,160.8398,162.118,159.4543,161.7765,872862
2017-04-10,161.7472,162.9962,161.4594,162.079,847151
2017-04-11,161.9814,163.2108,161.5618,163.2011,381623
2017-04-12,163.0645,163.1425,161.8155,162.4107,326813
2017-04-13,161.7472,162.9474,161.7472,162.2546,350148
2017-04-17,162.4986,162.9767,161.7375,162.4986,591540
2017-04-18,161.2594,162.7376,161.2594,162.079,447318
2017-04-19,162.7522,163.084,161.9326,162.5473,541067
2017-04-20,162.8888,164.4695,162.3619,164.0597,254943
2017-04-21,164.5086,165.2013,163.2889,163.8158,677852
2017-04-24,165.7477,166.2844,164.772,166.0209,652689
2017-04-25,165.8551,166.9381,165.1623,166.3234,457299
2017-04-26,166.2746,168.7042,165.5136,167.5919,643843
2017-04-27,169.3482,175.583,165.2501,169.719,674147
2017-04-28,170.4117,170.7337,166.8796,167.6016,568858
2017-05-01,165.8453,167.1723,164.9086,165.6502,463809
2017-05-02,165.9526,166.138,164.5476,165.1038,460314
2017-05-03,164.9867,164.9867,163.8353,164.3037,418690
2017-05-04,164.7232,166.0892,163.728,163.9134,652632
2017-05-05,164.0109,165.1135,163.4353,164.8989,458277
2017-05-08,164.489,164.5086,161.8936,161.9717,557484
2017-05-09,161.7668,163.6987,161.6887,163.6987,749144
2017-05-10,163.7572,164.5183,163.0547,164.4403,452228
2017-05-11,164.0792,164.4305,163.0742,163.8646,289745
2017-05-12,163.3279,163.5719,161.2691,161.3082,309960
2017-05-15,161.3765,161.9717,160.8665,161.2691,531198
2017-05-16,160.9569,161.3164,159.6884,159.7177,554870
2017-05-17,158.7277,159.4923,157.7769,158.1298,622055
2017-05-18,157.8357,158.0023,156.2772,157.5122,837411
2017-05-19,157.8945,160.3941,157.6495,159.4825,752309
2017-05-22,161.6194,163.5749,160.4578,162.1977,861876
2017-05-23,162.5506,162.9525,160.5803,160.9332,580189
2017-05-24,161.1293,161.933,160.845,161.5704,439961
2017-05-25,162.2467,165.3246,162.1291,164.6679,553678
2017-05-26,164.5699,164.8492,162.7466,163.8347,640368
2017-05-30,163.7955,164.0307,161.7762,162.8545,802050
2017-05-31,163.5994,165.5011,161.835,165.256,640389
2017-06-01,165.0796,165.4668,163.7171,163.8641,554466
2017-06-02,163.7661,166.6911,163.0897,165.109,536749
2017-06-05,165.1972,165.1972,162.7662,162.8251,346360
2017-06-06,162.3643,163.2171,160.3843,160.4333,582241
2017-06-07,160.5411,160.7568,158.316,159.5511,627577
2017-06-08,159.4139,161.1489,157.8553,161.0704,702189
2017-06-09,160.9136,163.2563,160.7372,163.0015,736884
2017-06-12,162.8741,163.7367,162.0654,163.6288,657510
2017-06-13,163.521,166.9812,162.5604,164.4718,725805
2017-06-14,164.6777,165.7265,163.1583,165.0404,1133391
2017-06-15,164.217,165.305,163.0113,164.6091,412127
2017-06-16,164.4718,165.158,163.1093,163.6484,1043347
2017-06-19,164.4228,166.4911,163.7073,166.3931,497488
2017-06-20,165.6089,168.6672,165.6089,166.893,563828
2017-06-21,166.6381,167.736,165.7657,166.1382,440633
2017-06-22,166.148,167.2557,165.4619,165.5011,528282
2017-06-23,165.3834,166.5695,164.315,164.56,602621
2017-06-26,165.0208,165.1188,162.678,163.1191,873297
2017-06-27,163.0505,164.5895,162.5506,162.7466,341219
2017-06-28,163.472,165.2658,163.2563,164.7169,421234
2017-06-29,164.7169,165.3736,161.0901,162.7662,509650
2017-06-30,163.3152,164.3444,162.9329,163.7759,612166
2017-07-03,164.0209,167.2067,163.8151,167.2067,317222
2017-07-05,167.1576,168.6378,166.7361,167.9418,559667
2017-07-06,167.7556,168.0889,165.5207,165.7167,509967
2017-07-07,165.7167,169.3239,165.4717,168.1183,651987
2017-07-10,168.1085,168.1085,166.0716,166.6773,461922
2017-07-11,166.7459,167.0596,165.207,166.3048,415392
2017-07-12,167.0204,167.0665,165.7069,166.1382,377636
2017-07-13,166.3539,167.7066,165.3442,165.6481,336044
2017-07-14,166.148,169.0495,165.5795,168.7064,508114
2017-07-17,168.775,169.9317,167.6968,168.579,430778
2017-07-18,168.3927,168.3927,166.1284,166.5107,540201
2017-07-19,167.0204,168.6084,166.942,168.5594,330268
2017-07-20,171.5392,177.1559,170.0787,174.2055,1012982
2017-07-21,173.0488,174.8328,169.3141,173.1272,1106401
2017-07-24,173.0978,175.8228,172.294,174.1662,479764
2017-07-25,174.7642,174.8083,172.6371,173.8036,528649
2017-07-26,174.0486,174.3035,171.5304,172.049,1146024
2017-07-27,172.4803,175.0484,170.412,172.5391,1001316
2017-07-28,172.7841,173.137,171.304,172.8822,590955
2017-07-31,173.137,174.0976,171.451,171.5098,474428
2017-08-01,171.6863,171.7745,169.3435,170.9119,608038
2017-08-02,170.657,172.245,170.4022,171.5098,485367
2017-08-03,171.5098,171.9901,169.1769,171.9313,515850
2017-08-04,172.3038,172.6371,171.1668,172.5195,315594
2017-08-07,173.4409,173.6761,172.392,173.088,411957
2017-08-08,174.0388,175.1367,172.99,174.6564,551578
2017-08-09,174.725,178.5478,174.5681,178.1362,987327
2017-08-10,178.0675,181.4591,178.0675,179.6653,1450750
2017-08-11,180.3613,181.3415,179.7633,179.9986,657404
2017-08-14,178.8125,179.6261,176.6364,179.381,854862
2017-08-15,180.0207,180.1093,178.1113,178.5739,442034
2017-08-16,178.9873,179.7058,178.2688,178.5936,522471
2017-08-17,178.4656,179.2727,175.7392,175.7786,537963
2017-08-18,175.5424,176.3888,174.7067,175.2766,413960
2017-08-21,175.1979,177.5503,174.8337,177.2845,368624
2017-08-22,177.9833,179.4794,177.0975,177.8258,432393
2017-08-23,177.0483,177.9833,175.8475,176.4577,295735
2017-08-24,176.9794,177.5995,175.5325,177.2353,267752
2017-08-25,177.9243,178.0424,176.1526,176.3987,240743
2017-08-28,177.0286,177.0286,175.503,176.0837,957562
2017-08-29,176.6743,179.2333,176.438,178.9676,297594
2017-08-30,178.9873,179.2432,178.2097,178.751,343866
2017-08-31,179.1743,179.8042,178.2589,178.6231,326830
2017-09-01,179.4302,179.9322,178.8003,179.3318,647943
2017-09-05,179.7845,180.07,178.131,179.9715,882123
2017-09-06,180.4243,181.2117,177.5847,178.2491,688889
2017-09-07,178.5444,178.7018,177.3632,178.6231,428606
2017-09-08,178.0719,179.3711,177.629,179.3318,270969
2017-09-11,179.9715,180.7196,179.5434,180.3751,532902
2017-09-12,180.69,181.694,180.129,181.4971,252804
2017-09-13,181.0641,181.2314,179.627,179.8436,607307
2017-09-14,179.9125,181.3298,179.3711,181.192,531902
2017-09-15,181.5956,183.0227,181.5168,182.7275,726804
2017-09-18,182.7275,184.3515,181.6743,184.3515,748580
2017-09-19,184.5188,186.8712,183.692,186.4381,414588
2017-09-20,186.5267,186.7432,185.0208,186.5267,384954
2017-09-21,186.4578,188.2393,185.8082,187.3239,465990
2017-09-22,187.3338,188.0129,185.9066,186.3003,318776
2017-09-25,186.2609,186.6448,184.9371,186.3397,425037
2017-09-26,186.3101,186.4479,184.4509,186.0346,307007
2017-09-27,186.6251,186.9401,185.4538,185.9952,348614
2017-09-28,185.9952,186.133,184.3219,184.9223,338719
2017-09-29,184.6271,185.5424,184.3908,185.4637,300616
2017-10-02,183.9479,188.5838,182.944,188.5346,408207
2017-10-03,188.6527,188.9775,186.133,187.442,498153
2017-10-04,187.7669,187.9539,185.6113,185.6507,815295
2017-10-05,186.0346,187.1172,185.7196,186.4283,943317
2017-10-06,186.0247,186.4873,185.6212,186.3987,413717
2017-10-09,185.2373,186.0936,183.9677,184.7353,375280
2017-10-10,185.257,185.257,184.0168,184.6172,401657
2017-10-11,184.9125,184.9814,184.1546,184.7058,328841
2017-10-12,184.7452,186.5857,184.4863,185.8475,405832
2017-10-13,186.3987,186.7334,184.3121,184.6074,407981
2017-10-16,184.7747,185.4785,183.3278,183.4164,334174
2017-10-17,182.9834,183.6723,182.3436,183.1704,297772
2017-10-18,183.318,183.318,181.4774,182.8751,396820
2017-10-19,182.196,184.7353,181.6645,184.6172,366239
2017-10-20,185.4145,186.4381,183.9676,186.4381,460291
2017-10-23,186.2708,186.6842,185.9853,186.2216,392663
2017-10-24,186.4972,186.4972,184.8141,185.2471,380473
2017-10-25,184.6566,185.6113,184.3219,185.5129,390507
2017-10-26,185.4342,187.009,180.0109,182.5306,1005454
2017-10-27,183.0818,188.1999,183.0818,186.1231,584455
2017-10-30,186.3397,186.8318,184.4893,184.8141,420816
2017-10-31,185.0109,186.4972,183.9184,184.2334,559706
2017-11-01,184.8436,185.2078,182.3633,182.629,485973
2017-11-02,182.5798,185.5326,182.5798,184.6074,665842
2017-11-03,184.2038,184.6468,183.0326,183.5838,525424
2017-11-06,183.1507,184.0217,182.9932,183.4656,510624
2017-11-07,183.4755,184.942,182.6487,183.1704,503375
2017-11-08,182.8751,184.7452,182.7176,184.1054,477222
2017-11-09,183.2393,183.9578,181.7038,181.8515,337209
2017-11-10,181.507,182.5601,181.1231,181.32,354804
2017-11-13,181.0542,182.6156,180.2422,182.2058,267194
2017-11-14,181.6054,182.6782,180.8967,181.8022,481007
2017-11-15,181.7924,182.2648,180.1585,180.2078,334063
2017-11-16,181.1663,184.3487,181.0675,183.0244,659738
2017-11-17,182.2041,184.072,181.9372,182.2337,345146
2017-11-20,182.6785,187.4816,182.5253,187.0072,913373
2017-11-21,187.5706,188.9443,186.1079,188.2525,566066
2017-11-22,188.3711,188.3711,186.4237,186.9875,388831
2017-11-24,187.6101,188.7565,187.1061,187.7979,201035
2017-11-27,187.7781,190.6343,187.1654,190.5454,414386
2017-11-28,191.1779,192.7493,189.9326,192.4923,432685
2017-11-29,192.9964,194.4492,192.5912,194.1527,565726
2017-11-30,195.052,197.6315,194.2021,196.2677,1381179
2017-12-01,196.1787,196.5345,189.9434,193.2533,860518
2017-12-04,194.2515,195.3189,190.6738,190.6837,909632
2017-12-05,190.9308,194.2021,190.4169,192.7691,820939
2017-12-06,194.1329,195.5363,191.4843,192.3638,770198
2017-12-07,191.8104,193.7079,188.8356,191.3558,956647
2017-12-08,191.3459,192.1464,189.5027,191.5831,656768
2017-12-11,191.2273,192.2156,190.5355,191.1482,785993
2017-12-12,191.8895,193.0754,191.425,192.1168,502186
2017-12-13,191.8697,194.1033,191.6226,191.7017,364933
2017-12-14,192.2848,192.8934,189.4978,190.1599,536068
2017-12-15,192.2551,193.5893,190.8616,192.7691,840249
2017-12-18,192.3638,193.4164,190.7134,191.929,506686
2017-12-19,192.9173,192.9766,190.5849,190.6837,322585
2017-12-20,192.4627,193.1446,191.5732,191.8302,320398
2017-12-21,192.2749,193.5103,191.9191,192.9964,612156
2017-12-22,193.6289,196.7124,192.9469,195.3881,525152
2017-12-26,195.052,196.1491,194.637,195.0224,260799
2017-12-27,194.9137,195.8822,194.3801,195.8526,248073
2017-12-28,195.7439,197.3449,195.1904,196.7223,635488
2017-12-29,196.9101,197.1769,195.477,195.5363,284560
2018-01-02,196.1491,196.1738,193.5202,195.9514,472131
2018-01-03,195.7636,197.0385,194.9433,196.9101,421438
2018-01-04,197.0089,197.3943,195.6648,195.9514,460105
2018-01-05,196.663,199.6477,196.3863,199.2227,795501
2018-01-08,199.1535,201.5847,198.5506,200.883,635438
2018-01-09,201.3475,204.4113,200.1715,202.5928,851747
2018-01-10,201.8812,204.1099,201.1202,203.3242,709227
2018-01-11,203.7195,204.7967,203.003,204.0555,940327
2018-01-12,204.6485,207.5245,204.0555,207.0105,585891
2018-01-16,207.6332,208.325,204.7374,204.9647,1121332
2018-01-17,211.0231,211.3492,207.1489,210.1237,833166
2018-01-18,210.4795,211.0774,207.3367,207.5343,486236
2018-01-19,208.1273,208.5918,206.7239,208.2657,391255
2018-01-22,208.2855,208.4041,205.8443,207.3466,641484
2018-01-23,207.4652,208.2855,206.6943,206.7536,374722
2018-01-24,206.5164,208.9773,206.378,207.3367,1004722
2018-01-25,209.4121,209.9853,200.9423,206.7536,1136540
2018-01-26,208.6412,214.9269,207.06,214.4723,1370383
2018-01-29,215.1838,216.1474,213.5037,214.917,674238
2018-01-30,213.2863,213.9188,210.3905,211.8631,575301
2018-01-31,213.0491,213.7211,209.847,209.9755,629957
2018-02-01,209.3627,213.8496,208.7005,211.5765,578067
2018-02-02,210.3313,211.0626,207.0105,208.0384,593002
2018-02-05,206.7536,208.068,195.0026,197.0583,978573
2018-02-06,192.858,201.0511,190.5859,199.9442,1329254
2018-02-07,199.4006,207.5047,198.8817,205.2612,1020035
2018-02-08,204.9944,206.1013,196.1787,196.4653,812726
2018-02-09,198.4815,202.9288,196.4851,200.1418,888996
2018-02-12,201.1104,203.6602,198.9756,202.0492,587614
2018-02-13,201.6638,204.8264,201.3574,204.1939,867992
2018-02-14,203.0474,206.9117,202.6027,206.5559,522856
2018-02-15,207.989,210.9539,206.7832,210.8551,561368
2018-02-16,210.0249,212.9107,208.7104,210.4004,1140363
2018-02-20,208.2953,211.7989,207.5442,208.5128,641235
2018-02-21,208.5226,211.4975,207.7913,208.1965,567568
2018-02-22,208.829,211.1911,207.6134,209.5406,534638
2018-02-23,210.1929,211.1466,208.2756,210.9144,327829
2018-02-26,212.209,212.8663,209.7333,212.4363,412030
2018-02-27,212.634,213.7409,210.351,210.351,409543
2018-02-28,211.234,211.3382,205.8671,205.8968,522884
2018-03-01,206.4028,206.6409,200.2819,202.1569,779148
2018-03-02,200.6986,204.5278,200.3514,203.6152,929485
2018-03-05,202.1073,205.0065,200.506,204.5874,421201
2018-03-06,205.3215,205.3215,201.9882,203.5854,379067
2018-03-07,202.2362,204.5874,200.3911,203.7342,538019
2018-03-08,204.9147,205.8968,203.4465,205.629,454771
2018-03-09,206.5417,208.863,205.3115,208.7241,385938
2018-03-12,208.3968,208.7142,202.1023,203.139,639582
2018-03-13,203.1787,206.2837,203.1787,204.875,380058
2018-03-14,205.4603,205.4703,201.2541,202.2462,443555
2018-03-15,203.0299,203.1985,201.522,202.1271,306445
2018-03-16,202.2561,204.6866,201.8692,203.7243,830864
2018-03-19,203.5358,205.3314,201.4327,204.9544,566755
2018-03-20,205.2223,206.4425,204.2798,205.1429,419919
2018-03-21,205.0735,206.631,203.6747,204.7064,580775
2018-03-22,203.3176,203.9773,198.1094,198.7542,787036
2018-03-23,198.9228,205.4405,198.8732,200.0934,530438
2018-03-26,202.9505,207.1468,202.0974,206.869,662318
2018-03-27,207.3353,208.0595,201.8593,202.891,595900
2018-03-28,202.7025,203.1588,199.0617,201.026,683727
2018-03-29,202.762,207.9702,202.266,206.3433,650398
2018-04-02,205.381,206.4722,202.1073,205.8472,1156639
2018-04-03,206.2639,207.0327,204.131,206.7698,735899
2018-04-04,203.6747,209.24,202.9505,209.0714,691862
2018-04-05,210.4503,212.0375,208.5059,211.3729,664558
2018-04-06,209.7856,210.6487,203.6548,206.125,916335
2018-04-09,207.7817,209.0515,206.3333,207.0079,458528
2018-04-10,209.3888,211.5118,207.7321,209.0317,586481
2018-04-11,207.5635,210.5296,207.5635,208.7341,469696
2018-04-12,209.5178,211.0753,209.3888,209.7955,377982
2018-04-13,210.5197,211.1149,207.7222,208.6448,655532
2018-04-16,210.2221,211.2538,208.7341,210.9562,503982
2018-04-17,212.3252,212.6228,210.8074,212.2161,652893
2018-04-18,213.2875,213.6843,211.7499,212.8014,488334
2018-04-19,212.8907,215.1922,212.484,214.3391,390206
2018-04-20,215.0533,215.0533,213.0891,213.3768,467280
2018-04-23,213.7736,214.3559,211.7598,213.2577,515643
2018-04-24,214.4879,215.2021,203.139,205.2024,747585
2018-04-25,205.3711,205.5248,198.8832,200.3911,1048434
2018-04-26,200.6986,201.1053,197.6034,199.3296,1118887
2018-04-27,199.0816,199.5429,193.9627,195.7285,1027897
2018-04-30,196.1055,197.3753,193.7047,194.3198,1875593
2018-05-01,195.4309,197.6134,183.3181,185.4907,1979956
2018-05-02,187.7029,188.1394,182.5642,182.7924,1110244
2018-05-03,182.3757,183.209,178.8044,181.7706,1107584
2018-05-04,180.6595,182.7626,179.5186,182.5344,1087260
2018-05-07,182.6138,187.2962,181.8896,186.8994,1656671
2018-05-08,186.9391,191.7405,186.6315,190.8278,1450038
2018-05-09,192.058,193.3764,190.2921,192.2068,1060177
2018-05-10,193.1591,194.1809,192.3754,194.0123,762609
2018-05-11,193.5262,194.9249,193.2286,194.538,1146889
2018-05-14,195.1233,195.1829,188.9529,190.3417,1222927
2018-05-15,189.7763,191.5123,189.1116,190.5005,519445
2018-05-16,190.6096,192.5837,190.2822,191.8298,532421
2018-05-17,191.3815,193.9316,190.4551,193.2045,557391
2018-05-18,192.806,194.2604,192.6068,193.314,1486617
2018-05-21,194.3002,196.3423,194.0313,195.8542,482469
2018-05-22,195.645,195.645,193.0899,193.5431,818649
2018-05-23,193.2244,195.5952,192.3976,195.4358,738053
2018-05-24,195.406,198.3347,195.1519,197.8864,718751
2018-05-25,197.4182,197.7669,196.2726,197.3186,517488
2018-05-29,195.8243,196.7906,193.7324,195.127,1032048
2018-05-30,195.3462,198.7232,194.619,198.2649,560090
2018-05-31,198.3944,199.0917,196.3523,197.5676,765767
2018-06-01,198.5737,200.5959,198.0657,199.54,493282
2018-06-04,199.6695,200.3668,197.4879,199.4105,596173
2018-06-05,199.4005,200.0779,197.7768,199.6795,607925
2018-06-06,199.6496,201.7116,199.5898,200.2074,335152
2018-06-07,200.8649,201.7266,200.2373,201.5323,441927
2018-06-08,201.6319,203.5446,200.7653,203.435,422040
2018-06-11,202.5285,203.0465,200.7843,201.5224,438339
2018-06-12,204.4511,204.5208,197.0994,200.8749,830707
2018-06-13,200.6059,201.8511,198.5439,199.6396,708403
2018-06-14,200.5362,201.622,196.1431,196.9998,531272
2018-06-15,196.1132,196.9301,193.9117,196.7209,776190
2018-06-18,196.7508,197.7669,194.888,197.5875,741151
2018-06-19,196.2427,196.3224,192.5071,192.8857,457684
2018-06-20,193.5631,195.3362,192.5769,194.36,358451
2018-06-21,193.4834,194.0811,191.0328,192.1585,436587
2018-06-22,193.5531,194.3351,192.08,193.3937,736475
2018-06-25,191.4911,193.5182,189.957,191.9593,639685
2018-06-26,191.9593,193.334,191.2968,191.3815,510894
2018-06-27,191.6505,194.7286,189.6432,190.0168,582973
2018-06-28,189.6283,191.7088,188.5624,190.744,440176
2018-06-29,190.7639,193.6727,190.7639,191.5807,906070
2018-07-02,190.3455,192.6466,190.1861,191.9095,503417
2018-07-03,193.2244,195.0473,192.547,192.8857,392821
2018-07-05,193.832,194.0512,191.511,192.8857,442381
2018-07-06,192.5171,194.4397,191.521,192.8259,379126
2018-07-09,193.5531,196.173,192.9753,195.5753,426295
2018-07-10,196.3025,196.7408,194.868,196.5416,507022
2018-07-11,195.2665,197.1393,194.5393,196.5316,699755
2018-07-12,198.8228,201.4427,197.4481,201.2733,695450
2018-07-13,200.8948,203.5047,200.8948,202.5584,493230
2018-07-16,203.0066,204.471,201.622,203.4151,470353
2018-07-17,203.8633,204.4555,202.1001,202.2496,568691
2018-07-18,202.9568,203.6143,201.9009,202.4289,536035
2018-07-19,202.3791,204.3714,201.8611,203.6641,554928
2018-07-20,202.2197,204.1024,201.622,202.7775,324574
2018-07-23,203.0166,203.0166,199.3918,199.6396,460531
2018-07-24,201.0741,203.1461,197.5975,199.6496,696850
2018-07-25,199.2312,200.2871,195.2864,199.4902,916961
2018-07-26,194.1807,209.0931,192.547,205.6166,1755906
2018-07-27,206.533,211.4341,206.2541,211.1153,1291142
2018-07-30,211.1253,212.7889,209.7705,210.4579,845177
2018-07-31,210.7866,214.1237,210.0096,213.6157,1022097
2018-08-01,213.1375,213.8647,210.5874,210.8862,687760
2018-08-02,209.9399,211.2903,208.3361,210.6471,442652
2018-08-03,210.3981,211.3842,207.6686,210.5973,418433
2018-08-06,210.169,210.6571,207.1506,208.4855,430784
2018-08-07,208.6748,211.0456,208.0372,210.7468,293492
2018-08-08,210.8862,212.6295,210.2686,211.474,719670
2018-08-09,211.5537,213.9942,210.0694,210.1192,579600
2018-08-10,209.8801,210.6471,208.7445,209.2525,418709
2018-08-13,209.1131,210.0495,206.8319,207.7384,593886
2018-08-14,207.9177,210.438,207.9177,209.0533,459140
2018-08-15,207.9077,208.7943,206.0748,207.31,408533
2018-08-16,207.91,210.53,207.91,209.76,320642
2018-08-17,209.68,210.715,209.14,210.38,281326
2018-08-20,211.0,211.85,210.35,211.1,293692
2018-08-21,211.08,212.59,210.76,211.98,440040
2018-08-22,211.48,212.8,210.82,212.25,472537
2018-08-23,211.41,212.03,208.81,209.86,324674
2018-08-24,209.98,211.4,209.77,211.34,241651
2018-08-27,212.0,213.54,211.25,211.9,489780
2018-08-28,213.26,214.35,211.91,212.28,601000
2018-08-29,212.6,213.15,210.76,211.1,635386
2018-08-30,211.1,213.72,210.3,213.37,812592
2018-08-31,212.33,214.44,212.22,213.72,533394
2018-09-04,213.72,213.72,210.85,211.43,377135
2018-09-05,210.37,212.51,209.08,211.0,406600
2018-09-06,211.29,212.21,210.64,211.6,505132
2018-09-07,211.46,211.46,209.01,209.99,308911
2018-09-10,210.33,210.86,209.35,209.7,330156
2018-09-11,209.34,209.95,207.38,207.5,446114
2018-09-12,207.4,210.05,206.511,209.68,376146
2018-09-13,210.3,214.28,210.3,213.84,365433
