date,open,high,low,close,volume
2013-05-24,28.6147,28.9163,28.5299,28.888,861295
2013-05-28,29.3122,29.6892,28.7372,29.3593,2029116
2013-05-29,29.1425,29.5289,28.9257,29.1802,1171980
2013-05-30,29.1802,29.8023,29.1802,29.708,1176910
2013-05-31,29.6703,30.019,29.5101,29.5761,1952086
2013-06-03,29.6609,29.6986,28.577,28.9446,1206743
2013-06-04,28.888,28.9634,28.068,28.1906,1658643
2013-06-05,28.134,28.2094,27.5308,27.5402,1547849
2013-06-06,27.5591,27.8513,27.1067,27.6722,1632973
2013-06-07,27.9172,28.068,27.6722,27.823,1361338
2013-06-10,27.9803,28.0369,27.5174,27.6307,1093623
2013-06-11,27.319,27.3757,26.79,26.7995,1629173
2013-06-12,27.0073,27.0592,26.1854,26.2138,1692636
2013-06-13,26.1854,26.62,26.1665,26.5916,1335518
2013-06-14,26.5916,26.6389,26.1713,26.2232,940316
2013-06-17,26.4216,26.6483,26.0154,26.2043,1184913
2013-06-18,26.261,26.3649,25.7887,25.8454,1667133
2013-06-19,25.7887,25.8265,24.9527,24.9669,2485059
2013-06-20,24.7118,24.759,23.9089,24.0033,2368749
2013-06-21,24.1922,24.5607,23.8238,24.2867,3698695
2013-06-24,24.0128,24.1261,23.3326,23.5499,2429021
2013-06-25,23.8522,24.0213,23.4649,23.5971,2065646
2013-06-26,23.8238,23.8238,23.3799,23.6255,1739337
2013-06-27,23.8711,24.5512,23.6984,24.3906,1760714
2013-06-28,24.315,24.9291,24.2017,24.7685,2752946
2013-07-01,24.8535,25.1273,24.8346,24.9857,1588069
2013-07-02,25.0141,25.2502,24.5229,24.6646,1479190
2013-07-03,24.4662,24.6929,24.3056,24.3245,865343
2013-07-05,24.4945,24.7118,24.4662,24.6835,921421
2013-07-08,24.7685,24.8252,24.1922,24.23,1784037
2013-07-09,24.419,24.7874,24.2773,24.6551,1218155
2013-07-10,24.6173,24.844,24.3434,24.5984,1054882
2013-07-11,24.9763,25.3258,24.7874,25.3069,1260279
2013-07-12,25.3069,25.3258,25.0141,25.288,902302
2013-07-15,25.3353,25.5336,25.203,25.2786,1054472
2013-07-16,25.288,25.5242,25.2313,25.4675,912116
2013-07-17,25.6281,25.869,25.4675,25.8359,906379
2013-07-18,25.9398,26.431,25.9209,26.4216,1206789
2013-07-19,26.3933,26.3933,25.902,26.1476,985326
2013-07-22,26.1571,26.2705,26.0201,26.1382,1019739
2013-07-23,26.1288,26.2893,25.9304,26.2138,927130
2013-07-24,26.2138,26.3177,25.6564,25.6942,1148955
2013-07-25,25.5714,25.7603,25.4864,25.7131,841542
2013-07-26,25.5147,25.5336,25.1747,25.5147,686433
2013-07-29,25.4014,25.4958,24.9574,24.9763,999341
2013-07-30,25.2125,25.3919,25.1369,25.2313,878826
2013-07-31,25.3258,25.4581,24.9669,25.3447,1177177
2013-08-01,25.5431,25.902,25.4203,25.8832,1025831
2013-08-02,25.7792,25.7792,25.3447,25.5903,786684
2013-08-05,25.4958,25.7415,25.2691,25.5525,622631
2013-08-06,25.4392,25.5525,25.2408,25.2786,656467
2013-08-07,25.2125,25.3635,24.9196,25.2786,1212662
2013-08-08,25.4486,25.5053,25.2313,25.4486,736269
2013-08-09,25.4108,25.732,25.1567,25.6753,833908
2013-08-12,25.5336,25.6564,25.2313,25.3542,994002
2013-08-13,25.4203,25.5998,25.373,25.4108,884373
2013-08-14,25.3447,25.4581,25.2125,25.2408,793803
2013-08-15,25.0046,25.2219,24.9102,25.0141,1205544
2013-08-16,24.948,25.1463,24.8724,25.118,1108284
2013-08-19,25.033,25.0897,24.2206,24.2678,1213978
2013-08-20,24.2489,24.5134,24.0411,24.4284,779866
2013-08-21,24.3528,24.4284,24.0789,24.1545,774398
2013-08-22,24.2111,24.4567,24.0883,24.2111,813140
2013-08-23,24.3339,24.6079,24.1261,24.5701,574624
2013-08-26,24.5795,24.674,24.2962,24.315,606439
2013-08-27,24.0317,24.1828,23.7294,23.7388,640381
2013-08-28,23.7483,23.9277,23.5027,23.5215,1125960
2013-08-29,23.4554,23.7955,23.428,23.6916,672939
2013-08-30,23.7388,23.7388,23.446,23.5499,893402
2013-09-03,23.786,24.2111,23.7388,24.1072,1631897
2013-09-04,24.0789,24.8535,24.0128,24.7401,1481216
2013-09-05,24.7401,24.9857,24.7401,24.8818,1015456
2013-09-06,24.9952,25.2266,24.7496,25.0991,958410
2013-09-09,25.1366,25.8278,25.0988,25.8088,988488
2013-09-10,26.1307,26.5094,25.9887,26.4621,1379152
2013-09-11,26.4337,26.5189,26.1402,26.358,1207140
2013-09-12,26.2633,26.4242,26.0361,26.0739,809991
2013-09-13,26.1686,26.4242,26.055,26.3674,928755
2013-09-16,26.642,26.8598,26.5189,26.7935,1217958
2013-09-17,26.8029,27.2148,26.3485,26.5568,2304554
2013-09-18,26.5,26.5094,25.9035,26.216,2139042
2013-09-19,26.2444,26.3769,26.1213,26.1402,1471213
2013-09-20,26.2538,26.3788,25.8136,25.8183,4261002
2013-09-23,25.6195,25.8467,25.5059,25.6006,1308001
2013-09-24,25.5816,25.9225,25.4964,25.6384,1276168
2013-09-25,25.6763,25.9887,25.6668,25.8278,948550
2013-09-26,25.8562,26.0361,25.7426,25.913,662074
2013-09-27,25.7047,25.9698,25.6479,25.8467,1069454
2013-09-30,25.5343,25.8562,25.5059,25.7899,1210753
2013-10-01,25.8088,26.2633,25.752,25.9319,1636589
2013-10-02,25.7615,26.2538,25.6668,26.2538,1536825
2013-10-03,26.1686,26.1686,25.7994,25.8562,1487623
2013-10-04,25.8278,26.216,25.7236,26.2065,1428776
2013-10-07,25.9982,26.0929,25.8562,25.8941,1297653
2013-10-08,25.8372,26.0739,25.6952,25.7047,1577870
2013-10-09,25.8088,25.9935,25.3923,25.9319,1285652
2013-10-10,26.2444,26.5757,26.2444,26.5757,2042247
2013-10-11,26.5947,27.2479,26.5094,27.2479,1528047
2013-10-14,27.0396,27.068,26.6704,27.0396,740720
2013-10-15,26.9828,26.9923,26.4195,26.5284,773152
2013-10-16,26.7272,27.0586,26.6136,26.926,1062335
2013-10-17,26.784,27.2172,26.7556,26.9166,929558
2013-10-18,27.0018,27.1769,26.9355,27.1722,760097
2013-10-21,27.1532,27.2479,27.0775,27.2479,586384
2013-10-22,27.3994,27.9864,27.3142,27.9107,1293300
2013-10-23,27.8255,27.9201,27.5698,27.7592,864905
2013-10-24,27.8065,27.8728,27.584,27.7876,853734
2013-10-25,27.7686,27.8539,27.4562,27.5982,882411
2013-10-28,27.6645,27.6834,27.4751,27.5888,894265
2013-10-29,27.5982,27.7497,27.2101,27.2858,954344
2013-10-30,27.3331,27.5604,27.2195,27.3142,724771
2013-10-31,27.3142,27.3899,26.8314,26.8314,1022571
2013-11-01,26.9166,27.229,26.8882,27.1817,5128825
2013-11-04,27.2479,27.6361,27.2101,27.5793,995743
2013-11-05,27.4941,27.7402,27.3047,27.5604,1038604
2013-11-06,27.5604,27.8823,27.4373,27.532,733752
2013-11-07,27.7024,27.7118,26.8692,26.945,822992
2013-11-08,26.8882,27.3615,26.8124,27.3426,947040
2013-11-11,27.3426,27.3901,27.1248,27.2195,574867
2013-11-12,27.1817,27.1911,26.6231,26.6704,827218
2013-11-13,26.5473,26.6136,26.2964,26.6136,904389
2013-11-14,26.7177,26.7745,26.4337,26.5663,1047291
2013-11-15,26.4621,26.9734,26.4621,26.7651,1172518
2013-11-18,26.8787,27.2195,26.6893,26.7272,656940
2013-11-19,26.6988,27.2905,26.6515,26.8408,967329
2013-11-20,26.8408,26.9355,26.2728,26.358,864926
2013-11-21,26.4053,26.8408,26.3958,26.784,1163581
2013-11-22,26.8598,27.3615,26.7461,27.3521,845817
2013-11-25,27.3805,27.6361,27.3284,27.3805,681908
2013-11-26,27.3237,27.5982,27.158,27.1627,874281
2013-11-27,27.229,27.4467,26.9923,27.0207,609553
2013-11-29,27.0207,27.3899,26.8692,27.1343,519457
2013-12-02,27.1343,27.513,26.8314,26.8976,681905
2013-12-03,26.8029,26.8787,26.0361,26.3201,1224346
2013-12-04,26.1497,26.6231,26.055,26.4526,917097
2013-12-05,26.3485,26.4858,26.0929,26.2917,939827
2013-12-06,26.6041,26.642,26.358,26.6136,615296
2013-12-09,26.6609,26.7461,26.4621,26.5473,739525
2013-12-10,26.5473,26.5947,26.2633,26.3201,733310
2013-12-11,26.2917,26.3485,25.5627,25.6574,1198558
2013-12-12,25.7167,26.2291,25.6028,26.0488,1164019
2013-12-13,26.1532,26.2576,25.7546,25.8116,674359
2013-12-16,25.8875,26.1437,25.781,26.0393,1366587
2013-12-17,26.2386,26.2386,25.7831,26.1437,1224965
2013-12-18,26.1342,26.5138,25.6028,26.4853,1212317
2013-12-19,26.3999,26.3999,25.9634,26.0108,890621
2013-12-20,26.0678,26.77,26.0488,26.5233,2108470
2013-12-23,26.5992,26.8459,26.5043,26.7036,759748
2013-12-24,26.6941,26.8364,26.5897,26.7985,263203
2013-12-26,26.8269,27.1021,26.8269,26.9408,550407
2013-12-27,26.9408,27.2065,26.7131,26.7415,627686
2013-12-30,26.7985,27.1496,26.789,26.8459,752160
2013-12-31,26.9029,27.1211,26.77,26.8934,738727
2014-01-02,26.9218,27.1875,26.7985,27.0452,1237210
2014-01-03,27.0167,27.178,26.8174,26.9218,870233
2014-01-06,26.9693,27.0262,26.4948,26.5612,901016
2014-01-07,26.6561,26.7985,26.4189,26.4948,804465
2014-01-08,26.4568,26.751,26.2671,26.3809,1490183
2014-01-09,26.5328,26.6371,26.1722,26.4853,853049
2014-01-10,26.5233,26.8554,26.5138,26.7415,952271
2014-01-13,26.6561,26.751,25.9254,25.9729,1512836
2014-01-14,26.0203,26.286,26.0013,26.2006,1063723
2014-01-15,26.2006,26.4758,25.9349,26.4474,1637928
2014-01-16,26.4094,26.9456,26.2955,26.4284,1637680
2014-01-17,26.4758,26.9313,26.1247,26.5138,2325394
2014-01-21,26.6656,27.121,26.4379,27.0072,7195110
2014-01-22,27.0926,27.254,27.0547,27.1875,1895699
2014-01-23,27.0262,27.1116,26.5138,26.6751,2036500
2014-01-24,26.5138,26.5138,26.0061,26.0108,2392875
2014-01-27,25.9919,26.1057,25.451,25.6502,2143185
2014-01-28,25.7356,26.2101,25.6977,26.1532,1548607
2014-01-29,26.1437,26.2528,25.8685,25.9444,1360390
2014-01-30,26.0962,26.1532,25.9539,26.1152,1071634
2014-01-31,25.6218,26.0403,25.5648,25.9349,1757832
2014-02-03,25.6407,25.6977,24.7108,24.986,3791911
2014-02-04,25.0809,25.3561,24.8816,25.3086,1725997
2014-02-05,25.2327,25.6218,25.1473,25.2612,1331395
2014-02-06,25.2991,25.6502,25.2612,25.6218,1834403
2014-02-07,25.7451,26.324,25.745,26.2955,1418591
2014-02-10,26.305,26.7131,26.1057,26.7036,1479208
2014-02-11,26.6371,26.9456,26.6277,26.8269,1912342
2014-02-12,26.7795,26.8649,26.6087,26.7415,1396976
2014-02-13,26.4948,26.9598,26.362,26.8459,961168
2014-02-14,26.7795,26.8934,26.5612,26.6941,1181198
2014-02-18,26.7605,26.9313,26.5612,26.77,1307781
2014-02-19,26.7605,26.8458,26.1816,26.2101,2339807
2014-02-20,26.2765,26.4379,26.0962,26.3809,1221696
2014-02-21,26.3809,26.7273,26.3809,26.5233,1262389
2014-02-24,26.5328,26.8364,26.5043,26.5423,1408005
2014-02-25,26.5328,26.5944,26.305,26.5612,2423496
2014-02-26,26.5707,26.6182,26.4189,26.5612,1567407
2014-02-27,26.4474,26.7226,26.3809,26.7131,1538936
2014-02-28,26.7131,26.77,26.3809,26.5138,2085343
2014-03-03,26.2481,26.3525,25.8685,26.1532,2642606
2014-03-04,26.5423,26.8412,26.4284,26.7795,2353508
2014-03-05,26.77,26.7985,26.4189,26.5707,1086716
2014-03-06,26.5992,26.9408,26.5423,26.5992,1713825
2014-03-07,26.7226,26.7226,26.3145,26.4284,1214163
2014-03-10,26.4094,26.4189,26.0915,26.1722,1262519
2014-03-11,26.1911,26.1959,25.4557,25.5553,2448519
2014-03-12,25.3845,25.4984,25.2801,25.3466,1224107
2014-03-13,25.368,25.406,24.8448,24.9399,1695703
2014-03-14,24.959,25.1365,24.9019,25.0446,1159193
2014-03-17,25.1777,25.3822,25.0255,25.1016,936832
2014-03-18,25.1682,25.3965,25.0636,25.3775,1382390
2014-03-19,25.4346,25.4678,25.1112,25.2538,1355179
2014-03-20,25.1587,25.3555,25.0255,25.3014,1128698
2014-03-21,26.1479,26.1479,25.5582,25.8245,2350823
2014-03-24,25.8245,25.9006,25.4869,25.6819,1154230
2014-03-25,25.7865,25.9292,25.6438,25.8626,1068313
2014-03-26,25.9197,26.1479,25.4916,25.5106,1463211
2014-03-27,25.4441,25.5392,25.2348,25.425,1229119
2014-03-28,25.5867,26.0909,25.5725,25.9482,1281177
2014-03-31,26.2145,26.7377,26.1384,26.633,2364287
2014-04-01,26.6711,26.7186,26.2335,26.4904,1337670
2014-04-02,26.5665,26.576,26.3382,26.3762,1040162
2014-04-03,26.4523,26.4523,25.9101,26.0243,1171644
2014-04-04,26.1575,26.2526,25.6724,25.7104,1055455
2014-04-07,25.6628,25.6724,25.2443,25.3394,1719203
2014-04-08,25.3204,25.3584,24.9685,25.0826,1994432
2014-04-09,25.1207,25.2919,25.0636,25.2443,1945827
2014-04-10,25.2443,25.5297,24.9019,25.1016,2162779
2014-04-11,24.8829,25.0921,24.5024,24.5309,2314846
2014-04-14,24.7117,24.8377,24.2931,24.55,2300895
2014-04-15,24.569,24.7021,24.1505,24.4929,1246295
2014-04-16,24.7021,24.8258,24.4834,24.7307,1521788
2014-04-17,24.7117,24.9114,24.6451,24.8068,2584116
2014-04-21,24.8258,24.959,24.6736,24.7687,1186328
2014-04-22,24.7402,25.1587,24.6451,25.0446,1445424
2014-04-23,25.0351,25.1207,24.8924,24.9685,795021
2014-04-24,25.0636,25.1112,24.8068,24.9304,806669
2014-04-25,24.8734,24.959,24.4358,24.4548,957266
2014-04-28,24.5785,24.7117,23.8936,24.1505,1549356
2014-04-29,24.3026,24.4074,24.2551,24.3502,950954
2014-04-30,24.3026,24.3217,24.0649,24.2741,1071612
2014-05-01,24.2551,24.4453,24.1885,24.3787,678991
2014-05-02,24.3787,24.8041,24.3407,24.5024,1055846
2014-05-05,24.4073,24.4596,24.1409,24.3217,609468
2014-05-06,24.2836,24.4073,24.0744,24.0934,1139720
2014-05-07,24.1505,24.4358,24.0268,24.4263,1568721
2014-05-08,24.3502,24.7545,24.2931,24.4929,1218448
2014-05-09,24.7782,24.7782,24.2075,24.3502,1384839
2014-05-12,24.5119,24.5119,24.1124,24.2456,1415963
2014-05-13,24.217,24.3692,24.1457,24.2456,1166890
2014-05-14,24.3312,24.4834,24.1124,24.2361,1404797
2014-05-15,24.217,24.3026,23.8366,23.9317,1605090
2014-05-16,23.9507,23.9507,23.5417,23.8746,1214143
2014-05-19,23.7795,23.9127,23.6368,23.8651,1056227
2014-05-20,23.77,23.77,23.3705,23.4276,1663584
2014-05-21,23.4656,23.6692,23.3229,23.3705,1945978
2014-05-22,23.3705,24.1267,23.3705,24.0078,1463886
2014-05-23,23.9888,24.2836,23.9317,24.1695,938365
2014-05-27,24.3502,24.6451,24.2836,24.588,1293128
2014-05-28,24.5975,24.7307,24.4548,24.5024,999941
2014-05-29,24.5309,24.6546,24.2931,24.3787,767465
2014-05-30,24.3407,24.5214,24.2551,24.3978,2206661
2014-06-02,24.4358,24.588,24.2075,24.2551,751456
2014-06-03,24.2075,24.2266,23.7795,23.7795,1247777
2014-06-04,23.7795,23.9697,23.7224,23.9507,1302663
2014-06-05,23.9983,24.4643,23.8175,24.3883,1224737
2014-06-06,24.3978,24.9685,24.3978,24.8734,1169906
2014-06-09,24.8448,25.1777,24.7973,25.016,1016082
2014-06-10,24.8829,25.016,24.8353,24.959,618356
2014-06-11,24.8068,24.8068,24.5785,24.6165,974080
2014-06-12,24.638,24.7143,24.4759,24.5426,943813
2014-06-13,24.5426,24.6237,24.3615,24.5712,942526
2014-06-16,24.5522,24.9526,24.4568,24.9431,1427045
2014-06-17,24.924,25.3245,24.7238,25.2959,4063121
2014-06-18,25.2292,25.4675,25.0099,25.3912,1969688
2014-06-19,25.3912,25.4771,25.1529,25.4389,1856634
2014-06-20,25.5343,25.5343,25.1147,25.3245,2629981
2014-06-23,25.3054,25.4294,25.0861,25.2673,1540275
2014-06-24,25.1719,25.2721,25.0242,25.1052,1522851
2014-06-25,24.9717,25.2768,24.966,25.191,1314471
2014-06-26,25.2101,25.2101,24.8478,25.0099,812303
2014-06-27,24.9622,25.3245,24.8573,24.924,4339642
2014-06-30,24.924,25.1052,24.7762,25.0003,1763501
2014-07-01,25.0766,25.2673,24.8192,24.8478,1656973
2014-07-02,24.7619,24.8192,24.4759,24.5617,1089879
2014-07-03,24.6952,24.8096,24.5808,24.6857,642278
2014-07-07,24.5903,24.5903,24.2566,24.4473,933572
2014-07-08,24.3519,24.3806,24.023,24.1517,1084899
2014-07-09,24.1899,24.3806,24.1803,24.3424,1271656
2014-07-10,23.8371,24.371,23.8371,24.3424,1135460
2014-07-11,24.3138,24.331,24.0373,24.2852,1028555
2014-07-14,24.495,24.6094,24.371,24.4187,821366
2014-07-15,24.3806,24.5712,24.1803,24.1803,1195634
2014-07-16,24.2661,24.3806,24.0659,24.1136,1113036
2014-07-17,23.8943,24.1136,23.8847,23.8847,1090683
2014-07-18,23.9515,24.1708,23.8847,24.1326,1196878
2014-07-21,24.0373,24.0754,23.8943,23.8943,811938
2014-07-22,23.9515,24.1613,23.9089,23.9706,985193
2014-07-23,24.0754,24.0754,23.8371,23.8561,1116272
2014-07-24,23.9229,24.1994,23.7989,24.1803,843740
2014-07-25,24.1136,24.1231,23.9133,23.9133,462599
2014-07-28,23.8752,24.0161,23.7417,23.8847,932848
2014-07-29,23.9515,24.1517,23.8561,23.8561,757212
2014-07-30,23.9515,24.0278,23.7894,23.8657,1367013
2014-07-31,23.7227,23.818,23.3794,23.5606,2018761
2014-08-01,23.4557,23.5415,23.2459,23.4843,803830
2014-08-04,23.4557,23.5415,23.2459,23.4843,803830
2014-08-05,23.3985,23.7131,23.284,23.3317,1269015
2014-08-06,23.3127,23.6654,23.265,23.4557,586315
2014-08-07,23.5129,23.694,23.1315,23.2078,1010808
2014-08-08,23.3127,23.3127,22.9694,23.1601,1966060
2014-08-11,23.284,23.6464,23.1696,23.5892,988904
2014-08-12,23.5415,23.7894,23.4843,23.7608,1015609
2014-08-13,23.8561,24.0659,23.8561,23.961,1411013
2014-08-14,23.9706,23.9801,23.7989,23.9038,852686
2014-08-15,23.961,24.1136,23.6082,23.818,1195413
2014-08-18,23.8847,23.9992,23.7131,23.7608,2468198
2014-08-19,23.7703,23.9229,23.7036,23.7417,1180609
2014-08-20,23.6654,23.8752,23.6654,23.7799,764733
2014-08-21,23.7894,23.9992,23.7894,23.8943,1331770
2014-08-22,23.8371,23.961,23.675,23.8466,1720422
2014-08-25,23.9896,24.0945,23.8132,23.8466,1021761
2014-08-26,23.8561,23.9229,23.7894,23.8371,746037
2014-08-27,23.8466,23.8466,23.6845,23.7036,602970
2014-08-28,23.6178,23.7036,23.5129,23.5987,683531
2014-08-29,23.6654,23.7894,23.6035,23.7703,830002
2014-09-02,23.8561,23.9801,23.6981,23.7894,1106151
2014-09-03,24.0278,24.3233,23.8847,24.3138,3650619
2014-09-04,24.3329,24.9812,24.3043,24.9717,2357239
2014-09-05,25.0385,25.1529,24.8382,25.1338,1729006
2014-09-08,25.0957,25.2578,24.8859,24.9812,1480396
2014-09-09,24.9717,24.9908,24.514,24.5617,1592714
2014-09-10,24.5712,24.7619,24.4568,24.5808,1372990
2014-09-11,24.5258,24.6405,24.3824,24.6405,1222868
2014-09-12,24.631,24.9942,24.5736,24.9368,1565432
2014-09-15,24.8317,24.889,24.4111,24.6214,1190911
2014-09-16,24.6405,24.717,24.4207,24.4494,847957
2014-09-17,24.4685,24.6023,24.2869,24.4589,1157329
2014-09-18,24.5641,24.6453,24.3824,24.6023,1067149
2014-09-19,24.7457,24.7743,24.1339,24.2964,1955722
2014-09-22,24.2773,24.2964,23.8568,23.9237,1328771
2014-09-23,23.895,23.9619,23.57,23.5891,1064517
2014-09-24,23.5796,23.6847,23.4362,23.6082,1199334
2014-09-25,23.5318,23.6082,23.1112,23.159,1626567
2014-09-26,23.1877,23.4314,23.1017,23.3693,993026
2014-09-29,23.1877,23.1973,23.0061,23.0539,1415442
2014-09-30,22.9774,23.1399,22.6907,22.7863,1712939
2014-10-01,22.7767,22.7863,22.337,22.4039,2407476
2014-10-02,22.3753,22.5855,22.0981,22.5569,2129221
2014-10-03,22.6047,22.9774,22.6047,22.7767,2663810
2014-10-06,22.901,23.0634,22.3418,22.4995,1718155
2014-10-07,22.337,22.3466,21.5724,21.6393,4107630
2014-10-08,21.668,22.0407,21.4481,22.0312,3096474
2014-10-09,22.0312,22.0599,21.2302,21.4004,3438741
2014-10-10,21.3621,21.4386,20.9416,20.9511,3719747
2014-10-13,20.9894,21.1901,20.4637,20.4828,2521628
2014-10-14,20.5879,21.0467,20.5688,20.7217,2480667
2014-10-15,20.5497,20.9416,20.196,20.8747,3518860
2014-10-16,20.5879,21.2665,20.5019,20.9129,2237920
2014-10-17,21.2283,21.5915,21.1327,21.343,2581818
2014-10-20,21.2952,21.4577,21.1041,21.3717,2370117
2014-10-21,21.4959,21.9738,21.4386,21.668,2205887
2014-10-22,21.6775,21.8305,21.4577,21.5055,1857494
2014-10-23,21.6775,22.1746,21.6297,22.0025,1613268
2014-10-24,22.0312,22.1459,21.8687,22.0885,1266319
2014-10-27,21.9834,21.9834,21.6967,21.9165,763653
2014-10-28,21.9547,22.4995,21.7922,22.49,1198816
2014-10-29,22.5473,22.6094,21.9738,22.165,1641827
2014-10-30,23.1686,23.398,23.1399,23.3693,763405
2014-10-31,22.5378,22.7289,22.3562,22.7289,1527144
2014-11-03,22.7002,22.8723,22.5664,22.6047,1196047
2014-11-04,22.5378,22.6811,22.337,22.6047,1211526
2014-11-05,22.7289,22.8818,22.6047,22.8627,763857
2014-11-06,22.6047,22.901,22.6047,22.8054,897955
2014-11-07,22.8436,23.0061,22.7098,22.748,1167087
2014-11-10,23.1781,23.5222,23.0443,23.1303,1835589
2014-11-11,23.0921,23.3502,23.0443,23.2928,1534294
2014-11-12,23.1686,23.398,23.1399,23.3693,763405
2014-11-13,23.4075,23.6274,23.1781,23.2833,2052857
2014-11-14,23.3024,23.4171,23.1877,23.3311,982645
2014-11-17,23.2737,23.2833,22.9583,23.073,1378018
2014-11-18,23.1303,23.5222,23.1017,23.4458,760044
2014-11-19,23.4553,23.4649,23.1399,23.1686,1301170
2014-11-20,23.1303,23.1877,22.9965,23.0921,1511592
2014-11-21,23.3406,23.484,23.0539,23.1017,2689959
2014-11-24,23.1495,23.2642,22.9392,22.9583,2314140
2014-11-25,22.9487,22.9535,22.6333,22.7194,3542509
2014-11-26,22.748,22.8341,22.5951,22.6811,1768279
2014-11-28,22.7194,22.7194,21.9452,22.1076,1540662
2014-12-01,21.9834,22.1363,21.4386,21.6011,3407350
2014-12-02,21.6011,21.7444,21.4673,21.6106,2253512
2014-12-03,21.582,22.1172,21.5055,22.0503,3010347
2014-12-04,22.0599,22.1172,21.9547,22.0694,1921213
2014-12-05,22.1076,22.2415,21.9547,22.0503,2634458
2014-12-08,22.0312,22.1395,21.84,22.0025,1441477
2014-12-09,21.7636,22.0646,21.6202,22.0503,1701732
2014-12-10,22.0216,22.0216,21.5437,21.6297,3122957
2014-12-11,21.7855,21.9293,21.6226,21.8047,2610541
2014-12-12,21.6513,21.6801,20.8846,20.8941,7957000
2014-12-15,20.9325,21.0092,20.6066,20.6737,4028390
2014-12-16,20.4149,20.6641,20.089,20.1657,4587233
2014-12-17,20.2041,20.8079,20.1849,20.7504,3124858
2014-12-18,21.0667,21.3159,21.0235,21.1913,2773457
2014-12-19,21.0571,21.7855,21.0571,21.7759,4380802
2014-12-22,21.7567,21.8142,21.4117,21.7184,2507014
2014-12-23,21.7759,22.0442,21.7376,21.7663,1271721
2014-12-24,21.7376,21.7615,21.3925,21.5075,624704
2014-12-26,21.5842,21.7376,21.4692,21.4788,1191778
2014-12-29,21.4596,21.8718,21.4021,21.7184,1187573
2014-12-30,21.6801,21.7807,21.6139,21.7088,1146953
2014-12-31,21.8142,21.8334,21.4596,21.4884,1352836
2015-01-02,21.6034,21.7472,21.4117,21.6897,1298448
2015-01-05,21.5746,21.5746,20.9229,20.9804,1788998
2015-01-06,21.0475,21.0571,20.3957,20.76,2343447
2015-01-07,20.9612,21.0858,20.8941,20.9996,2189077
2015-01-08,21.22,21.8718,21.1433,21.8526,1857145
2015-01-09,21.8622,21.9254,21.4405,21.5555,1759140
2015-01-12,21.5075,21.5459,21.0283,21.1913,1545895
2015-01-13,21.3734,21.6513,21.0092,21.1817,1843613
2015-01-14,20.8462,20.9847,20.4916,20.9612,1937260
2015-01-15,21.0571,21.1816,20.6162,20.7408,2555295
2015-01-16,20.6641,20.9421,20.6066,20.9325,1272595
2015-01-20,20.6354,21.3015,20.5299,21.2296,2147909
2015-01-21,21.0954,21.5459,21.0092,21.4788,1470033
2015-01-22,21.5938,22.2168,21.498,22.2072,2597442
2015-01-23,22.121,22.3126,21.8526,22.0826,1375772
2015-01-26,22.0826,22.5523,22.0155,22.5427,1077523
2015-01-27,22.2743,22.8494,22.236,22.6673,1873708
2015-01-28,22.7631,22.7631,21.8047,21.8047,1432536
2015-01-29,21.7663,21.9676,21.5171,21.9293,1176849
2015-01-30,21.6705,22.0634,21.5842,21.728,1396572
2015-02-02,21.7184,21.8909,21.4692,21.8526,1381400
2015-02-03,21.9676,22.3414,21.9676,22.3318,1302274
2015-02-04,22.1497,22.4756,22.1401,22.3031,1346901
2015-02-05,22.3414,22.581,22.3318,22.4372,1180185
2015-02-06,22.5618,22.7535,22.3318,22.4181,1219048
2015-02-09,22.3031,22.6433,22.2475,22.5906,1137085
2015-02-10,22.7248,22.8014,22.3471,22.4372,1424248
2015-02-11,22.4085,22.4756,22.1401,22.3318,1287569
2015-02-12,22.4085,22.6337,22.351,22.5331,1843684
2015-02-13,22.5331,22.6577,22.3606,22.5235,1388401
2015-02-17,22.5235,22.811,22.3989,22.7344,1240911
2015-02-18,22.6098,22.8685,22.581,22.8494,1084615
2015-02-19,22.811,23.7695,22.6577,22.9548,1319187
2015-02-20,22.9452,23.1082,22.6289,23.1082,716254
2015-02-23,23.1944,23.1944,22.7919,22.9165,928269
2015-02-24,22.9356,23.3478,22.9356,23.1657,1105699
2015-02-25,23.1657,23.1944,22.9069,23.0602,903593
2015-02-26,23.0123,23.1034,22.7056,22.7823,935867
2015-02-27,22.7535,22.8925,22.5618,22.7439,1384671
2015-03-02,22.7344,22.859,22.5906,22.7152,1188493
2015-03-03,22.6289,23.0027,22.581,22.9931,1236701
2015-03-04,22.8494,22.9356,22.4852,22.8014,893406
2015-03-05,22.8781,23.0219,22.7056,22.9644,723506
2015-03-06,22.8781,23.0986,22.3701,22.4372,1706342
2015-03-09,22.4181,22.5331,22.2743,22.4277,1130783
2015-03-10,22.188,22.3414,22.0059,22.0826,1188548
2015-03-11,22.1018,22.3414,22.0155,22.2935,915967
2015-03-12,22.392,22.8052,22.392,22.6899,1512757
2015-03-13,22.613,22.6947,22.3824,22.6707,1633627
2015-03-16,22.7572,22.8533,22.5457,22.8533,1304862
2015-03-17,22.6803,22.7091,21.9212,22.2382,2375178
2015-03-18,22.1709,22.5554,22.1037,22.4689,1641140
2015-03-19,22.4016,22.4256,22.0844,22.1709,1727008
2015-03-20,22.1998,22.3343,22.0556,22.1517,2542364
2015-03-23,22.1325,22.5265,22.1229,22.3439,1333094
2015-03-24,22.3343,22.4304,22.1229,22.1517,959853
2015-03-25,22.1613,22.2286,21.7961,21.7961,1282441
2015-03-26,21.7193,21.8154,21.3733,21.3829,1486180
2015-03-27,21.3348,21.4261,21.2195,21.306,1630095
2015-03-30,21.4406,21.6039,21.2964,21.4694,2276507
2015-03-31,21.3733,21.6616,21.3348,21.4213,1809556
2015-04-01,21.4021,21.5655,21.3541,21.4309,1251304
2015-04-02,21.4309,21.7193,21.3925,21.6039,1092067
2015-04-06,21.4309,22.0652,21.4213,22.0268,969583
2015-04-07,22.0076,22.1709,21.9019,21.9595,907111
2015-04-08,21.9499,22.1133,21.8538,21.998,772745
2015-04-09,21.998,22.1325,21.8057,22.1037,941064
2015-04-10,22.1229,22.2767,22.0748,22.1709,692551
2015-04-13,22.1421,22.3343,22.1037,22.1902,741587
2015-04-14,22.1902,22.2286,21.9787,22.1229,541262
2015-04-15,22.1613,22.3343,22.1325,22.1806,1015222
2015-04-16,22.1806,22.1806,21.8922,21.998,1153257
2015-04-17,21.8442,21.8634,21.4598,21.825,1350283
2015-04-20,21.9211,22.1037,21.9211,21.9883,1004717
2015-04-21,22.0076,22.0941,21.8634,21.8826,1057683
2015-04-22,21.9115,22.0172,21.7193,21.825,1498493
2015-04-23,21.8634,22.0416,21.825,21.8826,1323317
2015-04-24,21.8634,22.1902,21.8154,22.1517,891820
2015-04-27,22.1806,22.5169,22.1806,22.3535,1246961
2015-04-28,22.3151,22.6995,22.1903,22.6803,1017223
2015-04-29,22.6034,22.9302,22.6034,22.8725,1057912
2015-04-30,22.8821,23.0935,22.7043,22.8437,1732533
2015-05-01,22.9013,23.0263,22.7379,23.0263,942598
2015-05-04,23.0455,23.2185,22.9398,23.0935,1099733
2015-05-05,23.0743,23.132,22.8244,22.8437,985530
2015-05-06,22.8629,22.9685,22.4881,22.5746,1248984
2015-05-07,22.565,22.6515,22.3631,22.6034,921903
2015-05-08,22.6803,23.1608,22.5073,23.0647,1926167
2015-05-11,23.1416,23.1512,22.959,23.0743,1775287
2015-05-12,22.9205,23.0935,22.6899,22.9974,1229501
2015-05-13,23.0647,23.156,22.9878,23.0263,754099
2015-05-14,23.1416,23.1512,22.8726,23.1224,1194481
2015-05-15,23.132,23.132,22.9782,23.1127,989608
2015-05-18,23.0935,23.353,22.9686,23.3146,880598
2015-05-19,23.353,23.4203,23.2185,23.3722,730977
2015-05-20,23.4587,24.1122,23.4011,23.8624,1735942
2015-05-21,23.8239,24.1122,23.8047,24.0065,961196
2015-05-22,23.9969,24.1026,23.8527,23.9488,719695
2015-05-26,23.9008,23.9296,23.6221,23.6509,895333
2015-05-27,23.7182,23.8499,23.6413,23.7182,945614
2015-05-28,23.6317,24.0305,23.5068,23.9969,1167394
2015-05-29,23.9681,24.0161,23.6701,23.6701,1639540
2015-06-01,23.7182,23.8624,23.5452,23.574,1376417
2015-06-02,23.5837,23.7278,23.4491,23.6125,883271
2015-06-03,23.6509,23.9296,23.526,23.872,806444
2015-06-04,23.6798,23.8239,23.2857,23.3242,1310586
2015-06-05,23.3914,23.6413,23.2857,23.6125,1110510
2015-06-08,23.6125,23.7181,23.5164,23.5933,848709
2015-06-09,23.5933,23.7566,23.3914,23.4011,940736
2015-06-10,23.5068,23.7855,23.4491,23.6605,937008
2015-06-11,23.6822,23.793,23.4414,23.5859,953915
2015-06-12,23.4992,23.6341,23.2198,23.2968,784893
2015-06-15,23.1909,23.239,22.8536,23.1523,1234320
2015-06-16,23.2005,23.2776,22.9933,23.1427,1245991
2015-06-17,23.2294,23.239,22.7187,22.9114,1440264
2015-06-18,22.9982,23.3257,22.95,23.3257,1448152
2015-06-19,23.3065,23.3546,23.056,23.2968,1680514
2015-06-22,23.4414,23.5329,23.3161,23.5088,1104383
2015-06-23,23.5088,23.6846,23.4125,23.5184,978629
2015-06-24,23.4703,23.5762,23.133,23.4414,1175079
2015-06-25,23.4414,23.4799,23.0897,23.1812,1025203
2015-06-26,23.2487,23.6726,23.2487,23.6726,3838363
2015-06-29,23.4028,23.5281,23.1909,23.239,2422989
2015-06-30,23.4992,23.7015,23.2535,23.3932,1998431
2015-07-01,23.6437,23.6919,23.3402,23.4992,1566208
2015-07-02,23.4992,23.663,23.3546,23.6341,1336164
2015-07-06,23.4317,23.5859,23.2776,23.5088,2521839
2015-07-07,23.5377,23.7015,22.9789,23.6822,1549605
2015-07-08,23.4895,23.5666,23.1427,23.2968,2392644
2015-07-09,23.6051,23.7111,23.3257,23.4703,1128917
2015-07-10,23.7593,23.8846,23.5184,23.8557,1040397
2015-07-13,23.9905,24.2699,23.9905,24.2603,859634
2015-07-14,24.2699,24.4626,24.1351,24.2796,1281967
2015-07-15,24.3181,24.3181,23.9809,24.0098,907209
2015-07-16,24.1351,24.1929,23.9809,24.0676,1088259
2015-07-17,23.9905,24.058,23.7497,23.9424,909724
2015-07-20,23.9231,24.0291,23.7208,23.846,773388
2015-07-21,23.8653,23.9713,23.5955,23.6726,764992
2015-07-22,23.6148,23.7015,23.0222,23.1427,1725275
2015-07-23,23.1427,23.1523,22.7766,22.844,895057
2015-07-24,22.8151,22.8729,22.3912,22.5453,957104
2015-07-27,22.4201,22.5357,22.3141,22.5261,1139741
2015-07-28,22.6417,23.0078,22.5261,22.8729,1239728
2015-07-29,22.8825,22.9403,22.7477,22.8729,872371
2015-07-30,22.8729,22.9789,22.7573,22.9693,1003386
2015-07-31,23.0271,23.0271,22.6128,22.6609,858154
2015-08-03,22.6417,22.6417,22.2563,22.4682,1558826
2015-08-04,22.4682,22.5935,22.3391,22.4586,956830
2015-08-05,22.7958,22.7958,22.1792,22.1985,1391584
2015-08-06,22.2852,22.2948,21.8661,22.0347,1733608
2015-08-07,22.0154,22.3141,21.9383,22.2948,1706216
2015-08-10,22.3815,22.632,22.3045,22.5261,1224554
2015-08-11,22.3045,22.3815,21.9769,22.131,1804545
2015-08-12,21.9191,22.3334,21.8324,22.2948,2212152
2015-08-13,22.2948,22.343,22.1503,22.1985,1015152
2015-08-14,22.1503,22.5164,22.1503,22.4971,821680
2015-08-17,22.3815,22.502,22.2177,22.449,990954
2015-08-18,22.449,22.449,22.184,22.3045,851493
2015-08-19,22.2274,22.2659,21.9528,22.1503,1004969
2015-08-20,21.9287,21.9787,21.4759,21.4855,1566378
2015-08-21,21.2928,21.341,20.628,20.6376,3164930
2015-08-24,19.7512,20.6087,19.4429,19.7898,3507359
2015-08-25,20.3293,20.4546,19.6453,19.6838,2864649
2015-08-26,20.3101,20.3101,19.6645,19.9825,2160948
2015-08-27,20.233,20.9267,20.233,20.9267,2086719
2015-08-28,20.8111,20.9074,20.5557,20.7147,2785651
2015-08-31,20.6087,20.7677,20.2921,20.6762,2463853
2015-09-01,20.2523,20.2908,19.8524,19.9536,2859307
2015-09-02,20.2233,20.233,19.8958,20.0981,2834618
2015-09-03,20.2041,20.416,20.1125,20.1752,2479390
2015-09-04,19.9632,20.0085,19.4429,19.5778,2173563
2015-09-08,19.9439,20.2137,19.9247,20.1559,2397013
2015-09-09,20.3679,20.4835,19.9343,19.9728,1983918
2015-09-10,19.9849,20.4005,19.782,20.2169,1718660
2015-09-11,20.1106,20.1975,19.9269,20.1202,1784764
2015-09-14,20.1395,20.1395,19.5597,19.6467,1836431
2015-09-15,19.7047,19.8883,19.579,19.8593,1773437
2015-09-16,19.8593,20.0622,19.8303,19.9366,1572340
2015-09-17,19.8496,20.0622,19.666,19.7337,2404304
2015-09-18,19.5211,20.1202,19.4824,19.608,7405196
2015-09-21,19.753,19.9559,19.4244,19.4341,3768157
2015-09-22,19.3278,19.666,19.2601,19.579,3441252
2015-09-23,19.5887,19.8496,19.3761,19.4824,2526679
2015-09-24,19.2988,19.666,19.2795,19.5404,3350919
2015-09-25,19.753,19.8158,19.4244,19.5694,3332340
2015-09-28,19.4244,19.4727,18.9799,19.2505,3952956
2015-09-29,19.2891,19.6757,19.1925,19.4051,3512406
2015-09-30,19.5694,19.6564,19.4003,19.579,2511990
2015-10-01,19.608,19.7433,18.6996,18.9412,4045737
2015-10-02,18.632,19.0282,18.4774,19.0185,3014860
2015-10-05,19.1828,19.608,19.1152,19.4051,3487524
2015-10-06,19.3954,19.7627,19.2601,19.6274,2919513
2015-10-07,19.7433,20.2555,19.7337,20.2459,2542202
2015-10-08,20.1589,20.4777,20.0477,20.4005,1846258
2015-10-09,20.4778,20.5744,20.2555,20.3618,1504545
2015-10-12,20.3425,20.4874,19.9269,19.9559,1054116
2015-10-13,19.898,20.0236,19.6274,19.6564,1166119
2015-10-14,19.6274,19.811,19.3423,19.4051,1366807
2015-10-15,19.4824,19.6998,19.2408,19.6564,1444837
2015-10-16,19.7627,19.8496,19.5404,19.8013,1272261
2015-10-19,19.7047,19.8496,19.5597,19.7047,1231288
2015-10-20,19.6564,19.6564,19.3568,19.5984,1241959
2015-10-21,19.6467,19.7047,19.2215,19.2311,1039864
2015-10-22,19.3568,19.6467,19.3568,19.4727,1464201
2015-10-23,19.5597,19.666,19.3172,19.5211,1520274
2015-10-26,19.5114,19.5211,19.2601,19.3568,1478100
2015-10-27,19.2891,19.4437,19.1345,19.4341,1496874
2015-10-28,19.4244,19.6467,19.1828,19.4148,2924891
2015-10-29,19.4148,19.5597,19.2698,19.3278,1367574
2015-10-30,19.3761,19.4631,19.2456,19.3374,1924037
2015-11-02,19.3471,19.5017,19.3085,19.4534,2605170
2015-11-03,19.3954,19.5017,19.2698,19.4051,1888710
2015-11-04,19.4341,19.5114,19.1925,19.2988,2030294
2015-11-05,19.3085,19.3278,18.6803,18.69,2525042
2015-11-06,18.6803,18.9461,18.661,18.8156,1976300
2015-11-09,18.8639,18.8929,18.1295,18.2648,3039858
2015-11-10,18.2068,18.3614,18.2019,18.2937,1821216
2015-11-11,18.3807,18.5064,18.1391,18.1584,1777038
2015-11-12,18.0425,18.2454,17.7864,17.8105,2886036
2015-11-13,17.7429,17.7622,17.3467,17.4047,2641862
2015-11-16,17.4047,17.9072,17.3419,17.8009,2119254
2015-11-17,17.8009,17.9072,17.4337,17.5013,2136473
2015-11-18,17.6076,17.7671,17.3757,17.7332,1871908
2015-11-19,17.7332,17.7854,17.453,17.511,1854861
2015-11-20,17.54,17.6463,17.3274,17.453,2240187
2015-11-23,17.4723,17.6269,17.3853,17.4433,2709109
2015-11-24,17.395,17.453,17.2307,17.4047,4371506
2015-11-25,17.4047,17.4143,17.308,17.3467,1801688
2015-11-27,17.3853,17.4433,17.2597,17.279,906033
2015-11-30,17.2984,17.2984,17.0761,17.0858,3536463
2015-12-01,17.25,17.4723,17.1244,17.1437,4258418
2015-12-02,17.1534,17.569,17.0568,17.395,6149637
2015-12-03,17.4337,17.511,17.2984,17.3563,3373891
2015-12-04,17.395,17.4337,17.0084,17.2017,5585956
2015-12-07,17.2017,17.2211,16.8635,16.9408,2823055
2015-12-08,16.7475,17.0664,16.6992,17.0471,2716482
2015-12-09,16.9988,17.1921,16.7282,16.7379,2858565
2015-12-10,16.7306,16.9052,16.6239,16.7015,1784427
2015-12-11,16.5172,16.5366,16.0953,16.1293,3962806
2015-12-14,16.1487,16.3523,15.4503,15.5958,5764641
2015-12-15,15.7607,16.4978,15.6443,16.4493,4748361
2015-12-16,16.4881,16.5258,15.9207,15.9935,4502702
2015-12-17,15.9644,16.1778,15.7607,15.8674,5049202
2015-12-18,15.8189,16.2068,15.7025,15.9644,5605258
2015-12-21,16.0517,16.3717,15.9741,16.1099,2154416
2015-12-22,16.1778,16.3863,15.9353,16.3426,1831171
2015-12-23,16.4396,16.9537,16.4008,16.9052,2167536
2015-12-24,16.9052,16.944,16.6724,16.8082,456193
2015-12-28,16.7112,16.7695,16.4687,16.4978,1565713
2015-12-29,16.6045,16.7112,16.4687,16.6433,1389315
2015-12-30,16.5657,16.6627,16.5075,16.5851,1161482
2015-12-31,16.4978,16.9246,16.4784,16.8664,2413876
2016-01-04,16.5269,16.6724,16.265,16.5075,2263138
2016-01-05,16.5463,16.8664,16.3814,16.5463,1610401
2016-01-06,16.2941,16.4687,16.1972,16.2941,1948171
2016-01-07,16.0032,16.1972,15.9062,16.0517,3611278
2016-01-08,16.1099,16.1196,15.4503,15.4794,3198177
2016-01-11,15.5667,15.6152,15.2273,15.4212,2086849
2016-01-12,15.5182,15.5376,15.043,15.1982,2431869
2016-01-13,15.2758,15.4212,14.9169,14.9363,2556674
2016-01-14,14.9751,15.6977,14.7423,15.6346,3235300
2016-01-15,15.1982,15.3533,14.9654,15.2661,3566390
2016-01-19,15.3921,15.5304,15.0818,15.46,4849329
2016-01-20,15.1691,15.8916,15.0139,15.7898,8304103
2016-01-21,15.8286,16.3135,15.7656,16.0032,2779189
2016-01-22,16.2941,16.5124,16.1584,16.3232,1972180
2016-01-25,16.2456,16.362,15.8286,15.9838,2286034
2016-01-26,16.0032,16.3523,15.8286,15.848,3464431
2016-01-27,15.8092,16.0565,15.6443,15.7219,5950708
2016-01-28,15.8965,15.9741,15.6346,15.6928,1886746
2016-01-29,15.7704,16.0808,15.7607,16.0614,2871222
2016-02-01,15.9741,16.1487,15.6928,16.0517,1788382
2016-02-02,15.8965,15.9256,15.3873,15.5085,2416216
2016-02-03,15.5861,15.9207,15.3146,15.8868,1885275
2016-02-04,15.9159,16.3426,15.8286,15.9159,1917296
2016-02-05,15.8771,15.9062,15.3921,15.5473,2599734
2016-02-08,15.4794,15.4794,14.7714,14.9848,2391254
2016-02-09,14.8587,15.0042,14.3835,14.5095,2459786
2016-02-10,14.5483,14.8102,14.4417,14.4707,1697761
2016-02-11,14.3059,14.4126,13.8985,14.1701,2713398
2016-02-12,14.335,14.5871,14.1216,14.335,2412877
2016-02-16,14.5289,14.6162,14.3059,14.3447,1927980
2016-02-17,14.5871,14.7811,14.432,14.7714,2940823
2016-02-18,14.8005,14.8102,14.4707,14.5289,1820457
2016-02-19,14.4998,14.5289,14.2283,14.3156,1987868
2016-02-22,14.5386,14.7908,14.4998,14.5871,2715410
2016-02-23,14.558,14.6502,14.3156,14.3156,1778954
2016-02-24,14.141,14.2186,13.8985,14.1798,2661893
2016-02-25,14.2186,14.4417,13.8403,14.1798,2449987
2016-02-26,14.2962,14.5968,14.1211,14.3835,2274346
2016-02-29,14.4126,14.4611,13.9761,14.0149,2617001
2016-03-01,14.1022,14.8102,14.0246,14.8005,2428719
2016-03-02,14.7811,15.1933,14.7811,15.1012,1973626
2016-03-03,15.0721,15.1497,15.0333,15.1206,1434157
2016-03-04,15.1303,15.4212,15.0721,15.2176,1535179
2016-03-07,15.1206,15.3824,14.9945,15.3727,2608875
2016-03-08,15.2467,15.3727,14.946,14.9654,1847667
2016-03-09,15.0624,15.0818,14.7326,14.7326,1715715
2016-03-10,14.8324,14.9444,14.5257,14.6864,3835653
2016-03-11,14.8032,14.9785,14.7058,14.8617,4217039
2016-03-14,14.8032,15.0345,14.6085,14.9883,2412292
2016-03-15,14.774,14.8519,14.0288,14.141,4156120
2016-03-16,14.0533,14.8617,13.9365,14.7838,4147711
2016-03-17,14.7448,15.3778,14.5695,15.3778,4725405
2016-03-18,15.4947,16.2251,15.446,16.1862,5140127
2016-03-21,16.1862,16.3128,16.0011,16.1277,2008547
2016-03-22,16.0206,16.1326,15.8356,15.9037,2081392
2016-03-23,15.7771,15.9037,15.5726,15.5823,2261103
2016-03-24,15.3973,15.6603,15.3659,15.6116,1945169
2016-03-28,15.6408,15.6603,15.2415,15.4557,1743400
2016-03-29,15.3389,15.485,14.9493,15.4265,1829080
2016-03-30,15.4752,15.631,15.3584,15.5142,1796996
2016-03-31,15.5142,15.7771,15.4655,15.7479,2085059
2016-04-01,15.6505,15.8453,15.3194,15.8063,2510905
2016-04-04,15.8063,15.8453,15.5434,15.6408,1674728
2016-04-05,15.5142,15.7479,15.4947,15.5629,2250003
2016-04-06,15.5823,15.7577,15.446,15.7382,1786419
2016-04-07,15.631,15.7479,15.0662,15.1246,1937726
2016-04-08,15.2804,15.3876,14.9201,15.0175,1315218
2016-04-11,15.0272,15.3486,15.0126,15.261,2238609
2016-04-12,15.2804,15.6603,15.2025,15.6408,2030460
2016-04-13,15.7577,16.2738,15.7382,16.2446,2597390
2016-04-14,16.2154,16.7315,16.0985,16.4589,2517233
2016-04-15,16.4394,16.566,16.2738,16.4199,1275538
2016-04-18,16.303,16.527,16.2251,16.4491,1338834
2016-04-19,16.4686,16.5903,16.3225,16.5368,1610901
2016-04-20,16.5076,16.5855,16.3858,16.5562,1472102
2016-04-21,16.566,16.6126,16.3809,16.5173,1211200
2016-04-22,16.5465,16.6439,16.4589,16.566,1193111
2016-04-25,16.4881,16.5368,16.303,16.4491,1359362
2016-04-26,16.5465,16.9069,16.5173,16.8582,1371240
2016-04-27,16.8582,17.0335,16.7218,16.8874,999542
2016-04-28,16.7705,16.8582,16.4589,16.5076,1190592
2016-04-29,16.4686,16.5562,16.0596,16.2446,1644765
2016-05-02,16.2738,16.6731,16.2251,16.4881,1953216
2016-05-03,16.3615,16.4102,15.9719,16.0401,1996514
2016-05-04,15.933,16.0498,15.7382,15.7966,1426423
2016-05-05,15.5823,16.3469,15.5823,16.1472,2655529
2016-05-06,15.9037,16.6049,15.9037,16.527,2483417
2016-05-09,16.4491,16.5222,16.1472,16.2836,1806243
2016-05-10,16.3225,17.3159,16.3225,17.2477,3580037
2016-05-11,17.1893,17.462,17.1795,17.2185,2974893
2016-05-12,17.2672,17.3938,16.8679,17.1114,2479447
2016-05-13,17.0627,17.3841,16.975,17.0335,1773701
2016-05-16,17.0335,17.2477,16.9166,17.0627,1713040
2016-05-17,16.9848,17.1747,16.9361,17.014,1946503
2016-05-18,17.0042,17.2185,16.9653,17.2185,2015337
2016-05-19,17.1406,17.3256,16.9653,17.3256,2477324
2016-05-20,17.3841,17.7152,17.1211,17.2282,2672259
2016-05-23,17.1698,17.2672,17.014,17.014,1354294
2016-05-24,17.0237,17.3451,16.9848,17.3159,1498241
2016-05-25,17.3548,17.6373,17.3305,17.4328,1350831
2016-05-26,17.4328,17.5983,17.3938,17.423,1431407
2016-05-27,17.4328,17.5399,17.3743,17.5009,1295071
2016-05-31,17.5204,17.686,17.3646,17.6275,3506885
2016-06-01,17.4814,17.6275,17.4181,17.6178,2582331
2016-06-02,17.5204,17.7395,17.4717,17.5594,1869864
2016-06-03,17.4717,17.4717,16.9361,17.1016,2136168
2016-06-06,17.1016,17.3743,17.0042,17.3256,1538556
2016-06-07,17.3061,17.5107,17.2185,17.4717,1747508
2016-06-08,17.4814,17.6762,17.3548,17.5301,1985581
2016-06-09,17.386,17.3958,17.1221,17.2883,1686397
2016-06-10,17.0635,17.083,16.8778,16.9267,1689810
2016-06-13,16.8485,17.0537,16.7508,16.8485,1781825
2016-06-14,16.8094,16.956,16.438,16.438,2082965
2016-06-15,16.4185,16.868,16.3207,16.5748,1645449
2016-06-16,16.438,16.526,16.2328,16.5064,1657740
2016-06-17,16.5553,16.8583,16.5064,16.6432,2004410
2016-06-20,16.8876,16.9755,16.6921,16.7019,1427362
2016-06-21,16.741,16.7801,16.5846,16.6432,1525047
2016-06-22,16.6823,16.8896,16.6237,16.7605,1183364
2016-06-23,17.0342,17.5717,17.0342,17.5717,2703316
2016-06-24,16.526,16.8094,15.8907,15.9103,4070352
2016-06-27,15.5682,15.6063,15.1285,15.2946,3360786
2016-06-28,15.5976,15.8663,15.4412,15.8321,2941130
2016-06-29,16.0666,16.3892,15.8516,16.311,2230727
2016-06-30,16.3403,16.9364,16.1742,16.9364,2965078
2016-07-01,16.9462,17.4055,16.9071,17.0733,2060270
2016-07-05,16.9169,16.9169,16.4413,16.4967,1353955
2016-07-06,16.3305,16.8583,16.1546,16.8485,2458246
2016-07-07,16.8778,17.1026,16.5944,16.7801,1845698
2016-07-08,17.0635,17.1514,16.8583,17.0635,2749939
2016-07-11,17.1514,17.2785,17.0146,17.0146,1207805
2016-07-12,17.2492,17.3078,17.1466,17.1905,1703767
2016-07-13,17.2199,17.4055,17.1123,17.386,1222448
2016-07-14,17.6108,17.6987,17.4349,17.4544,1148672
2016-07-15,17.5619,17.562,17.2883,17.4251,1280289
2016-07-18,17.4251,17.601,17.3762,17.5326,659732
2016-07-19,17.4544,17.645,17.4102,17.513,974872
2016-07-20,17.5619,17.6499,17.3761,17.6205,992654
2016-07-21,17.6499,17.7769,17.601,17.6694,1122311
2016-07-22,17.6596,17.7867,17.6205,17.7476,637807
2016-07-25,17.7476,17.7671,17.6303,17.728,788915
2016-07-26,17.7085,17.7965,17.6694,17.7085,770059
2016-07-27,17.728,17.8551,17.6499,17.7574,1127026
2016-07-28,17.728,17.7671,17.5717,17.728,687111
2016-07-29,17.6792,17.8551,17.5863,17.8453,1101015
2016-08-01,17.8551,18.0115,17.6401,17.6694,2128415
2016-08-02,17.5814,17.6694,17.1808,17.3958,1880862
2016-08-03,17.0733,17.601,17.0733,17.5912,1471618
2016-08-04,17.4935,18.4512,17.4935,18.2265,1850281
2016-08-05,18.4708,18.6223,18.3828,18.4317,2482177
2016-08-08,18.461,18.7053,18.3437,18.3828,2284183
2016-08-09,18.4024,18.6662,18.334,18.3731,1607978
2016-08-10,18.3926,18.5881,18.3144,18.4024,1629966
2016-08-11,18.4512,18.5001,18.3437,18.3535,1150547
2016-08-12,18.2753,18.2753,18.0505,18.2362,1106432
2016-08-15,18.334,18.6369,18.2753,18.4903,1391507
2016-08-16,18.4512,18.5587,18.2753,18.3926,1066702
2016-08-17,18.3926,18.4415,18.2411,18.4024,852402
2016-08-18,18.4317,18.5685,18.3437,18.4317,1111092
2016-08-19,18.334,18.334,18.1825,18.2753,1043654
2016-08-22,18.2362,18.2949,18.1385,18.2167,979920
2016-08-23,18.334,18.4073,18.1971,18.2558,1068098
2016-08-24,18.2558,18.549,18.1092,18.1483,1465609
2016-08-25,18.0994,18.4708,18.0994,18.4024,899664
2016-08-26,18.4903,18.6076,18.2704,18.3926,1048486
2016-08-29,18.4219,18.7053,18.4219,18.6076,1311013
2016-08-30,18.5783,18.7454,18.4903,18.6565,1369927
2016-08-31,18.5978,18.8128,18.549,18.7151,2055002
2016-09-01,18.764,18.7835,18.3437,18.461,1369308
2016-09-02,18.5783,18.7151,18.4173,18.5978,1003268
2016-09-06,18.5881,18.6418,18.3388,18.4121,1513717
2016-09-07,18.3437,18.7737,18.3046,18.764,1240680
2016-09-08,18.764,19.0474,18.6662,19.0278,1721875
2016-09-09,18.8812,18.9692,18.5392,18.549,1590010
2016-09-12,18.4024,19.0132,18.2069,18.9399,2011111
2016-09-13,18.6956,18.6956,18.0896,18.5783,1642276
2016-09-14,18.5294,18.6466,18.3291,18.4219,1110501
2016-09-15,18.4048,18.7775,18.395,18.7087,1053694
2016-09-16,18.5617,18.6695,18.4342,18.6009,2591910
2016-09-19,18.6891,18.9048,18.5715,18.5911,940756
2016-09-20,18.6989,18.7578,18.542,18.5518,1431980
2016-09-21,18.6695,18.9343,18.6009,18.7774,1848399
2016-09-22,18.8656,18.9048,18.6303,18.6989,1161529
2016-09-23,18.6499,18.748,18.4636,18.4734,1382453
2016-09-26,18.3165,18.4244,18.1792,18.2479,1478467
2016-09-27,18.2185,18.444,18.1106,18.395,1139750
2016-09-28,18.4342,18.5518,18.2479,18.493,1306928
2016-09-29,18.4832,18.5813,18.0224,18.3753,2405304
2016-09-30,18.5322,18.8264,18.4734,18.6695,3049251
2016-10-03,18.6107,18.7185,18.5126,18.5715,1070201
2016-10-04,18.6009,18.6646,18.4538,18.493,1425406
2016-10-05,18.6303,19.0225,18.5715,18.9245,2427031
2016-10-06,18.9735,19.1794,18.8362,19.1696,2710582
2016-10-07,19.2186,19.3559,19.0715,19.1696,4069175
2016-10-10,19.2873,19.3167,19.1009,19.1304,1765790
2016-10-11,19.0715,19.1597,18.846,18.895,2501890
2016-10-12,18.9245,19.0797,18.797,19.0225,2627596
2016-10-13,18.8068,18.8068,18.4293,18.5322,1942971
2016-10-14,18.7087,18.7627,18.4979,18.6009,1798197
2016-10-17,18.6401,18.6401,18.2577,18.2675,1660654
2016-10-18,18.5224,18.6352,18.3753,18.5911,1526237
2016-10-19,18.6401,18.6597,18.4146,18.4342,1708126
2016-10-20,18.3852,18.6009,18.3753,18.4342,1743934
2016-10-21,18.2675,18.4538,18.2479,18.395,1115498
2016-10-24,18.5224,18.5518,18.3067,18.4636,1425346
2016-10-25,18.4538,18.5028,18.2773,18.2969,1260298
2016-10-26,18.2185,18.5322,18.091,18.4342,2169693
2016-10-27,18.5518,18.5518,18.3165,18.3459,1427610
2016-10-28,18.4048,18.5224,18.1694,18.3459,1646787
2016-10-31,18.444,18.4636,18.2969,18.3067,1474408
2016-11-01,18.4244,18.4244,18.042,18.2185,1443982
2016-11-02,18.14,18.14,17.9537,17.9635,1365418
2016-11-03,18.0812,18.14,17.738,17.7478,1753939
2016-11-04,17.7772,17.8459,17.5223,17.5615,1749582
2016-11-07,17.9145,18.4244,17.9145,18.2969,2546468
2016-11-08,18.2969,18.596,18.1204,18.444,2869319
2016-11-09,18.3067,19.4049,18.2773,19.2676,3540925
2016-11-10,19.4539,20.0668,19.4441,19.8069,3883341
2016-11-11,19.8069,20.3855,19.7775,20.3757,3396709
2016-11-14,20.4247,20.6306,20.1403,20.356,2912646
2016-11-15,20.2188,20.4737,20.0423,20.4639,1602655
2016-11-16,20.2678,20.4247,20.2384,20.3462,1274196
2016-11-17,20.3462,20.4541,20.2776,20.3757,1245918
2016-11-18,20.3462,20.6502,20.2119,20.5816,1236154
2016-11-21,20.5914,20.6992,20.5472,20.6502,1407334
2016-11-22,20.6894,20.7777,20.4786,20.6208,1057902
2016-11-23,20.5914,20.8953,20.5325,20.8855,1583419
2016-11-25,20.964,21.0032,20.7777,20.9346,503108
2016-11-28,20.7679,20.8855,20.6404,20.6894,1105085
2016-11-29,20.7188,21.0228,20.709,20.915,1328177
2016-11-30,21.2679,21.6209,21.1993,21.5915,2419356
2016-12-01,21.6994,22.3367,21.6778,22.3269,2991118
2016-12-02,22.2485,22.2681,22.0034,22.1112,2060007
2016-12-05,22.2779,22.5328,22.1995,22.5132,2533990
2016-12-06,22.5525,22.6652,22.3073,22.5328,2369527
2016-12-07,22.5328,22.9545,22.4054,22.9545,2308025
2016-12-08,23.0918,23.6948,22.9251,23.4447,1858541
2016-12-09,23.4055,23.5722,23.1898,23.533,1772473
2016-12-12,23.5453,23.619,23.3683,23.4765,1370956
2016-12-13,23.5649,23.6436,22.9653,23.0931,1733109
2016-12-14,22.9653,23.447,22.8768,23.1225,1780293
2016-12-15,23.211,23.4519,23.0832,23.1914,1415799
2016-12-16,23.2209,23.329,23.0046,23.0636,2827380
2016-12-19,23.0144,23.1717,22.7622,22.9849,1130788
2016-12-20,23.152,23.4863,23.152,23.4863,1144668
2016-12-21,23.4568,23.4666,23.2307,23.3782,971506
2016-12-22,23.2798,23.329,23.0242,23.1029,1430382
2016-12-23,23.152,23.2012,23.0439,23.1422,1062437
2016-12-27,23.2602,23.3093,23.0734,23.0931,922699
2016-12-28,23.1029,23.1422,22.7785,22.8276,1003112
2016-12-29,22.808,22.9849,22.7293,22.808,720606
2016-12-30,22.7883,22.8768,22.7293,22.8571,1393217
2017-01-03,22.9653,23.1029,22.7391,22.9063,2115901
2017-01-04,23.0439,23.3192,23.0341,23.2504,1522989
2017-01-05,23.2012,23.2553,22.8374,23.0537,1243247
2017-01-06,23.1324,23.2405,22.9112,23.1324,1218116
2017-01-09,23.0341,23.0636,22.7883,22.8276,1055485
2017-01-10,22.8571,23.2504,22.8374,23.211,1287727
2017-01-11,23.1029,23.3978,23.0144,23.388,1372804
2017-01-12,23.2405,23.2897,22.749,22.9456,1124167
2017-01-13,23.0931,23.2012,22.9063,23.0636,1070561
2017-01-17,22.9161,22.9161,22.3656,22.4639,1159809
2017-01-18,22.5229,22.8276,22.3066,22.808,1319239
2017-01-19,22.8571,22.9456,22.4835,22.5425,1418511
2017-01-20,22.6605,22.808,22.5917,22.7391,959173
2017-01-23,22.5917,22.7293,22.3459,22.5229,868433
2017-01-24,22.69,23.1225,22.6507,22.9849,1274477
2017-01-25,23.2209,23.6338,23.1815,23.6043,1813129
2017-01-26,23.6239,23.8746,23.5551,23.8402,1633582
2017-01-27,23.8697,23.8697,23.388,23.5158,867648
2017-01-30,23.4568,23.4666,23.0242,23.3388,996229
2017-01-31,23.2209,23.4863,23.0832,23.447,1272338
2017-02-01,23.6239,23.8107,23.388,23.5355,1212038
2017-02-02,23.329,23.5355,23.1914,23.329,1545851
2017-02-03,23.7911,24.0663,23.6141,23.9385,1392391
2017-02-06,23.7616,24.1056,23.7075,23.9975,1144400
2017-02-07,24.145,24.1843,23.0144,23.2405,3145760
2017-02-08,23.1029,23.1422,22.7981,23.0242,1429295
2017-02-09,23.1422,23.6338,23.0931,23.4961,1577349
2017-02-10,23.6829,23.7517,23.4765,23.6043,914165
2017-02-13,23.7812,24.0467,23.7812,23.8697,1045914
2017-02-14,23.7714,24.5186,23.7714,24.4891,3362079
2017-02-15,24.5775,24.5972,24.317,24.5775,2224185
2017-02-16,24.5775,24.9413,24.5257,24.902,2444695
2017-02-17,24.8233,25.1477,24.4596,25.1281,2498122
2017-02-21,25.1379,25.4088,25.0199,25.2755,1517461
2017-02-22,25.1477,25.3247,25.021,25.2755,2357510
2017-02-23,25.3247,25.4623,25.0347,25.2854,1673492
2017-02-24,24.9806,25.2854,24.8626,25.2559,1645604
2017-02-27,25.3837,25.8851,25.3149,25.6983,2467119
2017-02-28,25.6983,26.1898,25.5901,26.1702,3116667
2017-03-01,26.5831,26.8731,26.5437,26.7404,3604084
2017-03-02,26.7404,26.7404,26.0817,26.1013,3381066
2017-03-03,26.0424,26.5339,25.9539,26.2193,2980981
2017-03-06,26.0129,26.1751,25.8162,26.0817,2309962
2017-03-07,26.1505,26.3078,26.0325,26.2095,2278360
2017-03-08,26.4258,26.4553,26.2095,26.2881,2011958
2017-03-09,26.3963,26.5339,26.1914,26.298,1910785
2017-03-10,26.4454,26.5339,26.0178,26.298,1515121
2017-03-13,26.3176,26.5831,26.2193,26.4749,1777073
2017-03-14,26.4749,26.4749,25.9146,26.3373,1893449
2017-03-15,26.4159,26.6126,26.298,26.4848,1901243
2017-03-16,26.6055,26.7237,26.1325,26.2704,1888536
2017-03-17,26.2803,26.3,25.8861,25.9551,2844042
2017-03-20,25.9058,26.0931,25.758,25.896,1968101
2017-03-21,25.9945,26.0536,25.3737,25.4723,2288993
2017-03-22,25.354,25.7383,25.1865,25.3934,1941372
2017-03-23,25.3934,25.6595,25.2998,25.4033,2086905
2017-03-24,25.5412,25.6299,25.1865,25.3442,1794293
2017-03-27,24.9303,25.3442,24.7529,25.2456,2378489
2017-03-28,25.2259,25.9354,25.1471,25.7186,2058804
2017-03-29,25.6496,25.9305,25.6102,25.7186,1473083
2017-03-30,25.7383,25.9453,25.6989,25.8861,1727010
2017-03-31,25.7482,25.8221,25.6152,25.6201,1406404
2017-04-03,25.6989,25.7186,25.3836,25.6201,2046567
2017-04-04,25.5117,25.6891,25.5015,25.6496,1237406
2017-04-05,25.896,26.167,25.6595,25.6792,1990779
2017-04-06,25.6496,26.0438,25.5018,25.9748,1570865
2017-04-07,25.8073,26.0536,25.7186,25.9058,920590
2017-04-10,25.9058,26.0684,25.6496,25.8566,1006869
2017-04-11,25.6792,25.7974,25.5117,25.7974,1429851
2017-04-12,25.7679,25.7777,25.4279,25.5511,1206605
2017-04-13,25.4427,25.6792,25.1372,25.1471,1137387
2017-04-17,25.1767,25.2653,25.0486,25.2653,1934134
2017-04-18,25.1077,25.2062,24.7431,24.8416,3093338
2017-04-19,25.0584,25.2358,24.9402,25.0781,1574189
2017-04-20,25.2259,25.4723,25.1175,25.423,1058859
2017-04-21,25.4033,25.4624,25.0584,25.1372,1071904
2017-04-24,25.6299,25.9157,25.4821,25.5807,1369050
2017-04-25,25.7482,26.0044,25.6595,25.7876,1319936
2017-04-26,25.7482,25.9551,25.6398,25.7679,1302141
2017-04-27,25.8369,25.896,25.4902,25.758,1267636
2017-04-28,25.6891,25.8763,24.9993,25.019,1895718
2017-05-01,25.0978,25.5313,25.0781,25.4526,1427953
2017-05-02,25.4821,25.5117,25.1767,25.3146,1301387
2017-05-03,25.1865,25.4526,25.1275,25.3343,1617087
2017-05-04,25.5018,25.561,24.8613,24.9697,1753210
2017-05-05,25.1077,25.4033,25.019,25.3836,1228200
2017-05-08,25.4131,25.7285,25.2752,25.7186,1551167
2017-05-09,25.6792,25.6891,24.9106,24.9303,1775577
2017-05-10,24.8613,25.2555,24.7825,25.2555,1683359
2017-05-11,25.1274,25.1274,24.7037,25.0288,1496048
2017-05-12,24.9402,25.0189,24.6938,24.9303,1690918
2017-05-15,24.9007,25.1077,24.8909,24.9993,1354726
2017-05-16,24.9993,25.0584,24.8268,24.9894,1239520
2017-05-17,24.5953,24.615,23.9794,24.0829,2137285
2017-05-18,24.0533,24.4031,23.9794,24.2602,1832006
2017-05-19,24.3095,24.4672,24.211,24.28,1451795
2017-05-22,24.4179,24.4376,24.0977,24.3292,1199865
2017-05-23,24.3686,24.4866,24.1321,24.4278,825042
2017-05-24,24.5066,24.546,24.3785,24.4278,1385457
2017-05-25,24.477,24.6051,24.2898,24.3391,986071
2017-05-26,24.2997,24.3883,24.1863,24.2602,674142
2017-05-30,24.1321,24.1765,23.876,24.0435,1405664
2017-05-31,24.0533,24.1321,23.4572,24.0336,2938601
2017-06-01,24.142,24.5953,23.8858,24.5756,1502066
2017-06-02,24.3883,24.477,24.1026,24.1321,1657105
2017-06-05,24.0927,24.3489,24.0533,24.0829,942884
2017-06-06,23.9252,24.1469,23.8365,24.0533,755555
2017-06-07,24.0533,24.2701,23.9794,24.1716,1156227
2017-06-08,24.2011,24.8909,24.1814,24.7825,1569719
2017-06-09,24.7135,24.95,24.4031,24.9106,2500129
2017-06-12,24.9205,25.3048,24.7579,25.0387,1868794
2017-06-13,25.1274,25.5659,25.1274,25.5018,1377569
2017-06-14,25.3442,25.492,25.0091,25.4131,1935077
2017-06-15,25.2082,25.6428,25.1193,25.465,1243609
2017-06-16,25.5144,25.7317,25.3662,25.7317,2163050
2017-06-19,25.8897,25.9786,25.7317,25.9095,1363544
2017-06-20,25.6922,25.7218,25.0254,25.0403,2015957
2017-06-21,25.0501,25.0501,24.5068,24.6846,1477160
2017-06-22,24.6254,24.8624,24.5266,24.7242,1375042
2017-06-23,24.9118,24.9415,24.6155,24.6846,3561584
2017-06-26,24.7242,25.0501,24.655,25.0007,1352491
2017-06-27,25.0798,25.4946,25.0007,25.4551,1931020
2017-06-28,25.7021,26.1021,25.6823,25.949,1831922
2017-06-29,26.2256,26.4528,25.5341,25.8008,2469602
2017-06-30,26.0182,26.0379,25.8206,25.8404,1373195
2017-07-03,26.0379,26.5219,26.0083,26.4824,1330340
2017-07-05,26.4725,26.5713,26.3046,26.4133,1957316
2017-07-06,26.3639,26.5219,26.1219,26.2947,2248111
2017-07-07,26.4231,26.5713,26.2355,26.433,1247505
2017-07-10,26.3145,26.4528,26.1861,26.2849,1573919
2017-07-11,26.2355,26.3145,25.959,26.2256,1034350
2017-07-12,26.3145,26.3787,26.1762,26.2651,1168176
2017-07-13,26.2453,26.3935,26.2157,26.3836,1130652
2017-07-14,26.1071,26.433,26.0675,26.3738,983822
2017-07-17,26.2453,26.4034,26.1367,26.275,859122
2017-07-18,26.1071,26.275,26.0873,26.2453,794049
2017-07-19,26.2849,26.3738,26.2157,26.2453,1907191
2017-07-20,26.3145,26.3935,26.0873,26.0972,1205881
2017-07-21,25.9786,26.2256,25.9293,26.1268,1116018
2017-07-24,26.3244,26.6701,26.196,26.4725,2163589
2017-07-25,26.7096,26.8775,26.5812,26.759,1327401
2017-07-26,26.7689,26.7786,26.438,26.4923,762601
2017-07-27,26.5219,26.6701,26.1861,26.2947,1652469
2017-07-28,26.2552,26.4231,25.6922,25.7317,1600362
2017-07-31,25.791,25.8996,25.6329,25.7119,1292229
2017-08-01,25.8008,25.8206,25.5737,25.7317,1067155
2017-08-02,25.6428,26.0675,25.6033,26.0478,2025867
2017-08-03,26.0182,26.3046,25.8996,25.9589,1129274
2017-08-04,26.1861,26.2552,25.8601,25.87,895809
2017-08-07,25.8601,25.8996,25.6823,25.8107,1426852
2017-08-08,25.7712,25.8799,25.3761,25.3958,1552765
2017-08-09,25.2378,25.3366,25.0156,25.2477,1848188
2017-08-10,25.0699,25.1785,24.8624,24.8723,1827744
2017-08-11,24.8427,24.9415,24.3883,24.4179,1594353
2017-08-14,24.6353,24.8131,24.5365,24.6056,1379781
2017-08-15,24.7637,24.7834,24.4179,24.4476,1058325
2017-08-16,24.5167,24.5365,24.2747,24.3587,1066808
2017-08-17,24.2599,24.2599,23.5882,23.5981,2105908
2017-08-18,23.4203,23.7858,23.361,23.6771,1955949
2017-08-21,23.6574,23.6969,23.524,23.687,1303349
2017-08-22,23.7067,23.7463,23.608,23.7067,1169383
2017-08-23,23.5586,23.8154,23.5388,23.7166,1040204
2017-08-24,23.7858,23.7858,23.5981,23.6969,1276883
2017-08-25,23.7858,24.0228,23.7265,23.9339,975631
2017-08-28,23.9339,24.0475,23.6872,23.7463,792784
2017-08-29,23.4203,23.5388,23.3413,23.4005,1234120
2017-08-30,23.4203,23.5783,23.4005,23.4598,820503
2017-08-31,23.5289,23.5289,23.361,23.3907,1317344
2017-09-01,23.4697,23.9043,23.4302,23.6574,936154
2017-09-05,23.4697,23.4993,22.7782,22.8177,1445104
2017-09-06,22.8968,22.9165,22.5214,22.5609,2143588
2017-09-07,22.5609,22.5609,21.9584,21.9979,2333873
2017-09-08,21.9584,22.2646,21.9584,22.0868,2372310
2017-09-11,22.3535,22.6202,22.2646,22.4523,1938044
2017-09-12,22.5807,22.8375,22.3732,22.7486,1130338
2017-09-13,22.6399,22.7091,22.4819,22.6399,1243684
2017-09-14,22.6597,22.956,22.551,22.7881,1701019
2017-09-15,22.7484,22.927,22.4806,22.7484,3661020
2017-09-18,22.8179,23.1849,22.803,23.1849,1831750
2017-09-19,23.2346,24.3159,23.2346,24.0977,3268507
2017-09-20,24.0977,24.3556,23.9389,24.187,2299708
2017-09-21,24.2068,24.3358,24.0778,24.2762,2440975
2017-09-22,24.2167,24.4449,24.1572,24.3457,1686597
2017-09-25,24.2961,24.5739,24.2366,24.4747,1800666
2017-09-26,24.5838,24.6532,24.3655,24.5838,1694305
2017-09-27,24.8219,25.0005,24.7227,24.812,2204557
2017-09-28,24.802,25.0501,24.6731,24.9112,1597492
2017-09-29,24.8318,25.2534,24.802,25.0501,1738315
2017-10-02,25.0401,25.2584,25.0005,25.2286,918316
2017-10-03,25.2386,25.2882,25.0997,25.2782,1044818
2017-10-04,25.2187,25.2882,25.1096,25.2187,1068396
2017-10-05,25.2981,25.437,25.189,25.2187,1145029
2017-10-06,25.2683,25.2931,24.9409,25.06,1250982
2017-10-09,25.0897,25.1592,24.8566,24.9211,775279
2017-10-10,24.931,25.1189,24.931,24.9905,1549801
2017-10-11,24.931,25.0798,24.8318,25.0699,1044026
2017-10-12,25.0798,25.2485,25.0104,25.1294,1395916
2017-10-13,25.1493,25.189,24.9806,25.0897,1052406
2017-10-16,25.1096,25.5163,25.1096,25.5064,1408628
2017-10-17,25.5461,25.6056,25.3278,25.4469,1725214
2017-10-18,25.556,25.5957,25.3675,25.5659,1121252
2017-10-19,25.3576,25.5957,25.0897,25.5858,1238839
2017-10-20,25.7941,25.8685,25.5461,25.804,1433278
2017-10-23,25.7941,25.7941,25.2931,25.3477,1206760
2017-10-24,25.3675,25.5659,25.308,25.5362,1036816
2017-10-25,25.5659,25.5759,24.8715,25.2435,1073426
2017-10-26,25.4667,25.5759,25.3278,25.3278,1166863
2017-10-27,25.179,25.5659,24.812,25.556,1515822
2017-10-30,25.3973,25.5659,25.0005,25.1195,1051905
2017-10-31,25.0997,25.3874,24.9806,25.0997,1027131
2017-11-01,25.2981,25.5461,24.9707,25.1294,1054261
2017-11-02,25.0699,25.2882,24.812,25.2485,1063576
2017-11-03,25.2782,25.6652,25.1294,25.5461,1323078
2017-11-06,25.5759,25.8437,25.437,25.7743,1280146
2017-11-07,25.7842,26.1017,25.5263,25.6751,1425098
2017-11-08,25.5759,25.8338,25.4072,25.8239,1713747
2017-11-09,25.6652,25.8933,25.5659,25.8536,1110905
2017-11-10,25.8239,25.9429,25.4568,25.4568,903420
2017-11-13,25.2882,25.4866,25.0699,25.4469,1083367
2017-11-14,25.3378,25.5064,25.0511,25.1195,1073266
2017-11-15,24.9509,25.179,24.7624,25.0699,1436715
2017-11-16,25.179,25.3378,24.7921,24.8516,1916711
2017-11-17,24.7425,25.1145,24.7227,24.931,1544105
2017-11-20,25.0203,25.6056,24.9707,25.4171,1761442
2017-11-21,25.4866,25.7644,25.4271,25.4667,1148822
2017-11-22,25.4568,25.4965,25.1592,25.1592,967527
2017-11-24,25.3378,25.5759,25.3179,25.4767,819539
2017-11-27,25.3874,25.5957,25.2683,25.4667,1143897
2017-11-28,25.5759,26.3646,25.5548,26.3001,1710411
2017-11-29,26.5283,26.8705,26.305,26.4191,1906940
2017-11-30,26.5878,26.6572,26.0124,26.1017,2694259
2017-12-01,26.2207,26.6076,25.6949,26.2207,1896854
2017-12-04,26.6374,26.7862,26.1711,26.181,3247799
2017-12-05,26.2108,26.2108,25.6751,25.7842,2834026
2017-12-06,25.7644,25.8735,25.69,25.7346,2976903
2017-12-07,25.6652,25.9231,25.5659,25.7941,1442109
2017-12-08,25.9429,26.0223,25.7544,25.8933,1346335
2017-12-11,25.8636,26.0223,25.7247,25.8536,1903548
2017-12-12,25.9831,26.2221,25.8935,26.003,2173212
2017-12-13,25.9333,25.9781,25.3856,25.4055,3103954
2017-12-14,25.3607,25.6047,25.3258,25.3557,2110526
2017-12-15,25.4254,25.7939,25.286,25.5648,2843744
2017-12-18,25.8536,25.9732,25.6047,25.7541,1512146
2017-12-19,25.9931,26.1873,25.5847,25.6047,1718967
2017-12-20,25.8935,26.5209,25.8437,26.3118,3361034
2017-12-21,26.4811,26.5707,26.2719,26.3516,2407640
2017-12-22,26.2819,26.3516,25.9532,26.1026,1343247
2017-12-26,26.2122,26.491,26.1922,26.4213,1209111
2017-12-27,26.4412,26.4412,26.1823,26.3217,841778
2017-12-28,26.3616,26.5707,26.252,26.5408,1398010
2017-12-29,26.5906,26.5906,26.1574,26.3815,1348059
2018-01-02,26.4412,26.7002,26.2171,26.6703,1840075
2018-01-03,26.6304,26.7848,26.5408,26.5807,1369395
2018-01-04,26.6504,26.9491,26.5309,26.73,1505524
2018-01-05,26.7898,26.8097,26.5408,26.7699,1012232
2018-01-08,26.75,27.8355,26.6404,27.1384,2538850
2018-01-09,27.2678,28.0247,27.263,27.4869,3808399
2018-01-10,27.4272,27.7957,27.3077,27.7259,1488316
2018-01-11,27.7558,28.1044,27.7558,27.8654,1348886
2018-01-12,28.0247,28.1841,27.6961,27.8156,1255364
2018-01-16,27.965,28.0546,27.3326,27.4371,1322350
2018-01-17,27.5865,27.7757,27.3077,27.706,1143275
2018-01-18,27.6562,27.6861,27.3276,27.5168,958938
2018-01-19,27.6662,27.9948,27.6263,27.8952,1236748
2018-01-22,27.6861,27.8952,27.5517,27.7957,1102039
2018-01-23,27.7757,27.8355,27.4969,27.5268,1199640
2018-01-24,27.7558,27.8056,27.4272,27.4272,1380057
2018-01-25,27.5168,27.5417,27.228,27.3176,755085
2018-01-26,27.4371,27.5367,27.2479,27.5168,1026656
2018-01-29,27.3973,27.5865,27.0537,27.0686,986125
2018-01-30,26.9392,27.0985,26.8396,26.979,1237742
2018-01-31,26.989,27.1284,26.8197,26.9591,1395550
2018-02-01,26.9193,26.9989,26.6703,26.9193,1287125
2018-02-02,26.8097,26.9093,26.1126,26.1823,1645311
2018-02-05,25.8935,26.2022,24.6586,24.6685,2441046
2018-02-06,24.1208,24.9673,23.8025,24.6287,4662408
2018-02-07,24.4793,25.3159,24.4793,24.9075,2243384
2018-02-08,24.9075,24.9075,23.7622,23.7622,2288178
2018-02-09,24.0809,24.3498,23.3639,24.1506,2004383
2018-02-12,24.3498,24.9922,24.2453,24.7382,2251771
2018-02-13,24.5191,24.6785,24.4444,24.4992,1478051
2018-02-14,24.31,25.1266,24.3,25.1167,1302370
2018-02-15,25.1963,25.2959,24.6287,24.8279,1859642
2018-02-16,24.7283,25.047,24.7183,24.8677,2044097
2018-02-20,24.8179,25.1963,24.8079,24.9972,1658521
2018-02-21,24.9474,25.3109,24.8577,24.8777,1473234
2018-02-22,24.9972,25.0071,24.3349,24.3797,1413948
2018-02-23,24.4793,24.8976,24.3598,24.8677,1747600
2018-02-26,24.9872,25.1266,24.7581,24.9175,1164997
2018-02-27,25.037,25.3457,24.4494,24.4594,1343940
2018-02-28,24.5789,24.6187,23.8818,23.8917,2193031
2018-03-01,23.832,24.1606,23.4635,23.5431,2122832
2018-03-02,23.3539,23.7722,23.0352,23.7125,1601634
2018-03-05,23.5133,24.0311,23.3639,23.822,1704636
2018-03-06,23.9913,24.1009,23.6676,23.9714,2705839
2018-03-07,23.7224,23.9415,23.573,23.9017,1599227
2018-03-08,23.9415,24.0013,23.5332,23.8818,2424272
2018-03-09,24.1208,24.6187,24.0311,24.3996,1694486
2018-03-12,24.3697,24.5092,24.31,24.3996,1797564
2018-03-13,24.549,24.549,24.1307,24.2004,2063559
2018-03-14,24.2901,24.4195,24.0909,24.2004,2751007
2018-03-15,24.3,24.4793,24.1805,24.31,3204069
2018-03-16,24.41,24.72,24.345,24.65,3007505
2018-03-19,24.6,24.63,23.76,24.0,2743457
2018-03-20,24.09,24.1,23.19,23.19,2790982
2018-03-21,23.16,23.39,23.08,23.16,2202463
2018-03-22,22.93,23.14,22.35,22.36,2149953
2018-03-23,22.42,22.51,21.72,21.85,2876112
2018-03-26,22.21,22.52,22.08,22.48,2028920
2018-03-27,22.55,22.61,22.03,22.15,2724888
2018-03-28,22.15,22.5,22.08,22.45,2469698
2018-03-29,22.62,22.92,22.56,22.73,2260491
2018-04-02,22.58,22.72,21.79,22.1,2232392
2018-04-03,22.26,22.34,21.96,22.28,1984815
2018-04-04,21.88,22.33,21.88,22.25,3840997
2018-04-05,22.37,22.65,22.26,22.48,2717519
2018-04-06,22.29,22.345,21.61,21.77,3098262
2018-04-09,23.6,24.748,23.26,24.29,7752576
2018-04-10,24.45,24.87,24.37,24.38,4877005
2018-04-11,24.14,24.37,24.04,24.31,2995326
2018-04-12,24.37,24.62,24.34,24.36,5342080
2018-04-13,24.5,24.62,24.25,24.3,3280381
2018-04-16,24.48,24.74,24.36,24.63,3120715
2018-04-17,24.79,24.82,24.44,24.53,3624388
2018-04-18,24.56,24.56,24.14,24.32,3322761
2018-04-19,24.35,24.63,24.11,24.11,2767176
2018-04-20,24.25,24.37,24.01,24.02,3490398
2018-04-23,24.15,24.5,24.1,24.42,3006522
2018-04-24,24.47,24.65,24.13,24.24,3362313
2018-04-25,24.2,24.7,24.03,24.46,2628601
2018-04-26,24.45,24.58,24.165,24.31,2876513
2018-04-27,24.21,24.51,23.79,24.04,2532713
2018-04-30,24.16,24.27,24.035,24.04,2206325
2018-05-01,23.99,24.11,23.64,24.06,3557481
2018-05-02,24.05,24.37,23.97,24.28,4296583
2018-05-03,24.13,24.32,23.77,23.99,7235390
2018-05-04,23.91,24.52,23.741,24.45,3290098
2018-05-07,24.44,24.77,24.16,24.64,2858997
2018-05-08,24.62,24.77,24.42,24.44,4993118
2018-05-09,24.49,24.715,24.35,24.64,2537636
2018-05-10,24.63,24.89,24.55,24.79,2901834
2018-05-11,24.73,24.905,24.53,24.56,2719913
2018-05-14,24.61,24.82,24.49,24.57,2880631
2018-05-15,24.45,24.565,23.74,23.79,3813372
2018-05-16,23.75,23.79,23.3,23.5,3085728
2018-05-17,23.49,23.63,23.435,23.44,1841041
2018-05-18,23.49,23.49,23.1,23.1,1667761
2018-05-21,23.22,23.39,23.18,23.23,1698422
2018-05-22,23.25,23.64,23.25,23.51,2341260
2018-05-23,23.41,23.49,23.27,23.47,1821527
