date,open,high,low,close,volume
2013-09-16,125.6812,126.0872,125.1013,125.4396,595884
2013-09-17,125.4879,127.0117,125.4396,126.6961,923772
2013-09-18,126.8218,127.479,125.2463,127.2084,838493
2013-09-19,127.7786,128.8709,127.2084,127.595,1637228
2013-09-20,127.4887,128.1798,126.4061,126.8797,2172876
2013-09-23,126.6864,126.9462,124.879,125.1689,1494173
2013-09-24,124.792,125.3816,123.1875,123.6321,1745425
2013-09-25,124.5214,125.629,124.1057,124.1831,1454512
2013-09-26,124.2797,124.734,123.6225,124.1444,919963
2013-09-27,123.9028,125.4299,123.7578,124.966,969569
2013-09-30,124.1057,124.386,123.6708,124.0091,782269
2013-10-01,124.6567,127.4162,124.6567,127.1214,1264753
2013-10-02,126.7348,126.7928,125.2076,126.1838,1028153
2013-10-03,125.5266,125.6861,124.532,125.2366,1071746
2013-10-04,125.6522,127.6071,125.1313,127.4597,1236416
2013-10-07,126.8508,126.9087,125.2366,125.2946,1307868
2013-10-08,132.9014,133.8003,128.9192,129.2478,6328363
2013-10-09,129.5668,130.166,128.3876,129.0158,2841432
2013-10-10,130.0597,133.4137,130.0597,133.2687,2285588
2013-10-11,133.2687,134.3512,132.6404,133.6843,1421518
2013-10-14,133.3073,134.1386,132.1194,134.0516,904042
2013-10-15,133.6263,134.6992,132.7951,133.3363,1284948
2013-10-16,134.4189,136.468,134.3512,136.0814,1157405
2013-10-17,135.6367,138.1305,135.4531,138.0435,1501049
2013-10-18,138.6717,139.0486,136.0524,136.7193,1521557
2013-10-21,136.7676,137.3379,135.7334,136.3037,1146272
2013-10-22,131.7899,138.4398,131.1423,137.3765,1984015
2013-10-23,137.7438,140.1931,136.4873,138.2658,2640476
2013-10-24,149.4295,149.8161,142.6733,144.9833,6964693
2013-10-25,146.7328,151.0436,145.9982,149.8064,4271018
2013-10-28,147.767,148.7529,146.9744,148.1536,3006307
2013-10-29,148.318,150.7343,148.1633,150.657,1941906
2013-10-30,151.034,152.0875,150.1351,150.8213,2142887
2013-10-31,150.9373,153.0831,150.1157,151.1113,2297741
2013-11-01,151.063,154.2333,150.7827,154.1076,2274064
2013-11-04,154.0883,154.4459,153.1991,154.3783,1239386
2013-11-05,154.2719,154.3686,153.1217,153.605,1223862
2013-11-06,153.6533,153.6727,148.8689,151.2273,2556502
2013-11-07,152.2132,152.7158,150.5894,151.063,1374186
2013-11-08,150.831,153.3247,150.6957,153.257,1331900
2013-11-11,153.489,154.1608,152.5031,153.5857,983311
2013-11-12,153.1507,154.3299,151.6042,152.6095,1469059
2013-11-13,152.0489,152.6191,151.2273,152.6095,1331698
2013-11-14,152.5901,154.4266,150.7053,154.1269,2013383
2013-11-15,154.3058,155.2385,153.7113,154.7939,1105596
2013-11-18,155.9441,156.1954,153.2764,153.4697,1193026
2013-11-19,153.6823,154.3415,152.1165,153.8853,916855
2013-11-20,154.3299,154.5803,152.5515,153.0927,978644
2013-11-21,153.8853,155.7798,153.0927,155.5188,1007744
2013-11-22,155.5188,158.5151,155.0655,158.1382,1703266
2013-11-25,158.4668,160.4966,158.1382,159.617,1916684
2013-11-26,159.4527,159.8582,158.1092,158.8534,1581635
2013-11-27,159.8116,160.286,158.5242,160.1988,908873
2013-11-29,160.4215,161.2346,159.9568,160.5763,703207
2013-12-02,160.5763,160.9248,158.9211,159.3954,978080
2013-12-03,157.8757,159.5019,157.3627,158.621,1361098
2013-12-04,158.2823,159.8881,156.7819,157.5272,1200262
2013-12-05,157.353,157.9725,154.6621,154.8556,1866171
2013-12-06,156.4625,157.8564,155.5719,157.595,1599418
2013-12-09,158.1951,159.3567,157.6337,157.808,1175027
2013-12-10,154.7395,156.4915,151.9711,154.8169,4266907
2013-12-11,152.2808,155.5429,152.2808,153.2682,2160438
2013-12-12,152.5906,153.3843,151.0031,151.7291,1539178
2013-12-13,152.5132,152.9004,151.0322,152.3486,1210629
2013-12-16,152.8713,153.3843,152.0785,152.4164,725332
2013-12-17,152.5809,153.6747,151.7969,153.3456,1507563
2013-12-18,154.4685,155.9011,151.7872,155.872,1107594
2013-12-19,154.9524,155.5332,153.4231,155.4461,1302251
2013-12-20,155.6687,157.4401,155.4964,156.327,1489196
2013-12-23,156.3463,156.7529,153.2391,155.2622,938329
2013-12-24,155.6881,155.6881,154.1606,155.1364,355105
2013-12-26,155.3687,156.4431,155.0008,156.2011,549870
2013-12-27,156.5302,156.8013,155.0202,155.8236,440603
2013-12-30,155.7946,156.114,154.8556,155.5429,536712
2013-12-31,156.1721,156.8393,155.4461,156.2302,685786
2014-01-02,155.6978,155.8309,154.3436,155.0299,846980
2014-01-03,155.117,156.9077,154.9816,155.5623,2156183
2014-01-06,160.7893,161.2036,154.7879,155.1267,2017912
2014-01-07,155.5913,158.108,154.9428,156.6464,2215352
2014-01-08,160.6828,167.536,160.2956,164.3708,5450756
2014-01-09,169.8204,171.3305,168.6202,169.714,3846505
2014-01-10,170.0044,170.227,168.7363,169.8204,1180767
2014-01-13,169.4236,169.7527,155.0783,161.7863,6215168
2014-01-14,162.1348,163.5866,159.0954,162.1057,4455154
2014-01-15,162.2412,162.7446,160.4989,161.9605,3290432
2014-01-16,162.0864,163.6642,161.8928,163.1608,1392248
2014-01-17,163.4609,163.6642,161.8928,162.7349,1683925
2014-01-21,163.306,164.5547,162.2316,163.1511,1488881
2014-01-22,163.1995,164.9322,161.9354,164.2449,1263024
2014-01-23,168.5621,168.717,165.4259,166.8488,3469241
2014-01-24,170.5271,171.8145,167.0037,168.1555,4560376
2014-01-27,167.8264,169.6269,166.268,167.4392,2539508
2014-01-28,167.0037,170.0237,166.9746,169.6462,1689448
2014-01-29,168.0587,169.3945,167.1537,167.7296,1673042
2014-01-30,170.0044,171.7951,169.4526,171.5531,2403215
2014-01-31,170.3625,171.3305,168.0878,168.8234,2700047
2014-02-03,169.0945,169.2784,164.4676,165.5227,2129025
2014-02-04,165.5227,165.7647,163.4028,164.0126,1633215
2014-02-05,163.1899,163.7803,161.6701,163.2189,1320213
2014-02-06,163.6351,167.536,162.6381,166.8778,2078377
2014-02-07,166.7326,169.3945,166.3551,169.3849,1438949
2014-02-10,168.9299,169.3849,166.3745,167.236,1775912
2014-02-11,166.9649,169.6462,166.0647,169.4429,1617891
2014-02-12,169.017,170.7207,168.1749,169.3461,1073176
2014-02-13,168.9106,170.2163,168.4943,170.0431,1094317
2014-02-14,170.0334,170.6819,169.4043,169.9753,1014450
2014-02-18,171.0498,173.2664,170.1012,171.7951,1649710
2014-02-19,172.2984,173.6536,170.7013,171.9693,1671590
2014-02-20,171.7564,172.8889,170.3625,171.8919,1225858
2014-02-21,171.9403,172.6179,170.5271,170.7013,2244171
2014-02-24,170.7981,172.4049,170.6432,170.6723,2109273
2014-02-25,170.8078,172.2694,170.6626,171.0691,1234450
2014-02-26,171.0207,171.6015,168.717,169.1816,1013780
2014-02-27,169.4142,169.7341,168.1444,169.0749,1587541
2014-02-28,169.3851,172.8843,168.8229,171.6145,1683641
2014-03-03,169.957,171.5466,169.5499,170.6452,1097293
2014-03-04,172.5547,175.8019,172.2688,175.2494,1688117
2014-03-05,176.1411,176.9398,174.0862,176.3738,1342331
2014-03-06,176.6936,178.3996,176.0345,176.9747,1479470
2014-03-07,177.3624,177.8762,175.86,176.8003,1191624
2014-03-10,176.7518,176.965,173.6501,174.9586,1492315
2014-03-11,175.4335,177.8665,175.0555,176.7712,1092810
2014-03-12,176.6742,178.0797,174.9489,178.0119,987560
2014-03-13,178.4384,180.2219,177.6532,178.0119,1171014
2014-03-14,177.44,178.2348,174.9004,175.2591,1359872
2014-03-17,175.6565,177.4981,175.2494,176.335,771097
2014-03-18,176.3059,177.8083,175.6274,177.5466,834031
2014-03-19,177.251,177.9925,175.3948,176.3253,954315
2014-03-20,176.3156,179.9796,176.2526,179.6597,1327430
2014-03-21,181.1912,182.2477,175.2009,175.2978,1784480
2014-03-24,175.5789,175.9376,171.1395,172.0895,1448077
2014-03-25,172.2639,173.4368,169.1525,171.0523,1631801
2014-03-26,172.0604,172.7777,168.5031,168.5031,1449158
2014-03-27,167.9699,169.327,166.3221,167.7858,1394780
2014-03-28,168.1638,170.3253,167.9409,170.0345,1124942
2014-03-31,171.1686,172.4966,170.5677,171.1492,1010305
2014-04-01,171.8181,172.7389,168.9102,170.6355,1163719
2014-04-02,170.7712,171.4013,169.2591,170.3544,1244101
2014-04-03,170.2866,170.8953,167.9966,168.4158,1356897
2014-04-04,168.7648,170.1121,165.5273,165.6242,1520928
2014-04-07,166.3706,167.0394,160.2543,162.4449,2246427
2014-04-08,162.9974,164.7712,162.2026,163.5305,1762816
2014-04-09,163.4239,167.7179,162.6485,167.6598,1359923
2014-04-10,167.7373,167.8924,161.6016,162.3286,1773313
2014-04-11,160.894,162.5031,157.8989,159.6243,1753862
2014-04-14,160.7099,163.4724,160.1768,162.3286,1417198
2014-04-15,162.3771,163.3076,159.2947,163.1428,1248116
2014-04-16,164.5192,165.7115,163.1719,164.7809,1368321
2014-04-17,164.2866,166.9716,163.8601,165.7309,1603808
2014-04-21,165.2559,167.1266,164.7228,166.6711,741307
2014-04-22,166.9134,168.0475,165.6921,165.7502,1054698
2014-04-23,165.9829,166.4191,164.936,165.3916,1207175
2014-04-24,166.1573,167.0103,165.1008,165.2268,853137
2014-04-25,165.2365,165.5661,162.474,162.6969,1030813
2014-04-28,162.4934,165.188,161.1945,162.3092,1840612
2014-04-29,162.3868,164.3205,161.8246,163.2979,1088383
2014-04-30,163.201,164.054,162.4158,163.9958,1294294
2014-05-01,161.844,164.7809,159.5273,163.0362,2813236
2014-05-02,163.327,164.0685,161.5435,161.8827,1647910
2014-05-05,160.739,163.9037,160.3222,163.5305,1168156
2014-05-06,162.8133,163.2688,161.6889,161.718,975568
2014-05-07,161.4369,162.6969,160.5936,161.3108,1216258
2014-05-08,161.6695,162.3674,160.4482,161.6016,1343611
2014-05-09,160.865,165.7793,160.6808,165.7502,2004066
2014-05-12,166.7486,168.9489,166.4384,168.8811,1608655
2014-05-13,174.4739,175.4432,172.1185,174.4739,3303143
2014-05-14,172.7777,174.2316,171.8956,172.7292,1579358
2014-05-15,171.9538,172.6032,170.8584,172.1185,1593593
2014-05-16,171.0911,172.8746,170.432,172.7389,1040367
2014-05-19,172.3415,175.6759,172.2736,175.1331,1573473
2014-05-20,174.9974,175.6953,173.3883,174.3188,912768
2014-05-21,174.726,178.04,174.6969,177.6435,1303858
2014-05-22,177.9343,179.7178,177.3334,177.9537,1321139
2014-05-23,178.4675,178.7485,177.1395,178.1088,1826548
2014-05-27,177.6338,178.4868,177.0135,177.7405,1247133
2014-05-28,176.8972,178.7175,175.5305,177.1104,1100679
2014-05-29,177.4885,182.9746,177.0135,182.7808,1844131
2014-05-30,182.6548,183.9149,181.6468,183.818,1272897
2014-06-02,184.0118,184.4189,183.0135,184.0022,1085025
2014-06-03,184.1669,186.1346,183.3469,185.7469,1795490
2014-06-04,185.2622,185.6209,182.7518,183.9246,1290541
2014-06-05,184.6719,184.9728,182.9638,183.0997,1230938
2014-06-06,183.9149,184.0605,182.5562,183.1676,1262266
2014-06-09,183.0123,183.8664,181.1295,181.1878,865723
2014-06-10,180.4793,181.5663,179.0914,180.1202,1085411
2014-06-11,179.5379,181.9545,178.5964,181.6439,1131092
2014-06-12,180.7898,181.3236,176.9563,177.8685,1249755
2014-06-13,177.9365,178.6256,176.6458,177.228,863740
2014-06-16,177.3348,178.0627,176.3836,177.1698,948050
2014-06-17,176.4322,179.5864,175.9373,179.2176,1030619
2014-06-18,179.1108,180.2269,177.1018,179.7902,1001972
2014-06-19,180.4793,181.3722,178.5576,179.829,899972
2014-06-20,179.994,180.9839,178.577,180.0231,1399890
2014-06-23,179.3826,181.178,178.6741,180.7122,924967
2014-06-24,176.3448,181.2072,176.3448,178.9944,934420
2014-06-25,179.0526,182.43,177.985,181.8283,971526
2014-06-26,181.9545,183.3811,181.8865,182.5465,1031399
2014-06-27,182.6727,183.682,182.333,183.352,1036393
2014-06-30,183.4297,183.4782,180.2949,180.7219,1342944
2014-07-01,181.0034,184.5458,180.4502,183.8761,1447992
2014-07-02,183.4297,185.0893,183.2686,183.8567,922870
2014-07-03,183.8276,184.6331,182.9056,184.4002,486095
2014-07-07,184.3323,185.1087,183.2744,184.0217,893471
2014-07-08,183.5364,184.3905,180.1881,182.4591,1199626
2014-07-09,182.7891,184.4099,181.7604,184.109,1070722
2014-07-10,182.6435,184.2352,181.7312,183.42,842331
2014-07-11,183.42,183.7014,182.0418,183.4006,494852
2014-07-14,184.4002,185.0407,183.352,184.7981,745848
2014-07-15,184.3614,184.735,182.4688,183.2064,958815
2014-07-16,184.012,184.012,181.6633,182.8668,817797
2014-07-17,182.7309,184.8758,182.4786,183.1482,1127621
2014-07-18,183.352,185.8754,182.6532,185.8075,1372506
2014-07-21,185.5939,185.5939,182.5077,182.8959,1021736
2014-07-22,183.2064,185.4193,183.1385,185.1766,681226
2014-07-23,185.0796,185.823,184.1867,185.0602,652475
2014-07-24,187.8165,189.0587,186.0113,187.8747,1446584
2014-07-25,187.5059,189.4469,185.8463,186.1471,632188
2014-07-28,186.1666,186.3315,184.177,185.7783,609377
2014-07-29,186.0113,186.9333,184.9243,185.4581,741557
2014-07-30,185.9239,186.7198,184.769,185.6134,1094146
2014-07-31,187.4574,190.1198,185.827,186.2054,2543331
2014-08-01,190.2622,190.6501,186.0501,187.962,1339943
2014-08-04,190.2622,190.6501,186.0501,187.962,1339943
2014-08-05,186.4383,187.797,185.361,186.1569,1080934
2014-08-06,185.4387,187.2924,184.2255,184.8272,1022691
2014-08-07,185.1281,185.3416,180.3628,181.081,1437189
2014-08-08,181.3527,184.3808,180.8384,184.2352,964139
2014-08-11,184.5167,186.8847,184.507,185.6522,899952
2014-08-12,184.4196,185.6231,182.3427,182.6241,1264150
2014-08-13,183.9441,184.9631,183.255,184.1576,824183
2014-08-14,184.8078,186.642,184.8078,186.4771,809977
2014-08-15,187.0594,187.7873,184.1867,185.5163,855424
2014-08-18,185.9336,186.875,185.0699,186.4577,591210
2014-08-19,186.5159,188.8452,186.3801,188.4667,722878
2014-08-20,187.9912,188.7665,187.3118,187.8844,481794
2014-08-21,188.1464,188.6899,187.2633,187.7485,693839
2014-08-22,187.8553,188.2241,185.9822,186.3413,963358
2014-08-25,187.4185,188.9617,186.4092,188.195,698171
2014-08-26,188.0979,188.5249,187.3215,188.0591,564606
2014-08-27,188.3891,188.3891,185.7783,186.3801,622896
2014-08-28,185.9234,187.9155,185.9234,187.5948,590452
2014-08-29,188.5082,189.5966,187.5171,189.5188,807283
2014-09-02,189.4897,189.8007,187.5656,189.7909,839342
2014-09-03,191.3166,191.5595,188.79,189.4703,619347
2014-09-04,189.8784,191.4332,189.3264,190.131,988558
2014-09-05,190.0242,192.7353,189.6063,192.7353,997078
2014-09-08,192.7936,194.3484,192.6479,193.9889,864133
2014-09-09,193.9597,194.329,190.7335,190.9376,903503
2014-09-10,191.6664,191.6664,189.6646,190.0047,698953
2014-09-11,189.6355,190.0242,187.5656,188.1973,1034398
2014-09-12,188.518,188.8872,186.5269,187.0215,1113023
2014-09-15,187.6434,187.7794,185.6124,186.3607,636929
2014-09-16,186.0692,189.9367,184.9177,189.7812,1048623
2014-09-17,189.7812,190.6364,188.4694,190.0144,723843
2014-09-18,190.0825,191.4332,189.4994,190.4614,562613
2014-09-19,191.7636,192.0162,190.1506,190.2574,991745
2014-09-22,189.3342,189.7812,187.7891,188.8192,631881
2014-09-23,190.51,190.51,187.7503,189.1885,850870
2014-09-24,189.5869,191.8802,189.1593,191.715,1032632
2014-09-25,190.9667,191.1854,188.0807,188.5277,625817
2014-09-26,188.6734,189.8007,187.7017,189.2954,640755
2014-09-29,188.4305,191.2777,188.1487,190.9667,1024222
2014-09-30,190.9473,191.7636,188.8532,189.169,812342
2014-10-01,189.412,189.48,186.5259,187.1284,734760
2014-10-02,187.3421,190.6752,186.9729,189.3439,954413
2014-10-03,190.7821,195.2424,189.995,193.9597,1231147
2014-10-06,194.397,194.6399,190.4906,191.0639,1069629
2014-10-07,189.5383,190.442,188.1487,188.1876,767942
2014-10-08,189.3731,194.1735,188.8581,194.086,1128081
2014-10-09,193.95,194.3193,190.2282,190.2865,1235040
2014-10-10,190.3837,192.6381,188.4694,188.4888,1401399
2014-10-13,188.5374,188.5374,184.252,184.3103,1191281
2014-10-14,184.6213,185.5687,180.6371,183.29,1368964
2014-10-15,181.1424,181.7984,173.2422,179.7917,2306376
2014-10-16,176.5267,182.0947,176.4295,180.0832,1616429
2014-10-17,182.8138,186.8563,182.2113,185.8262,1290744
2014-10-20,184.9322,187.7989,184.9322,187.6337,918172
2014-10-21,189.2468,192.4535,189.2468,191.3652,1405113
2014-10-22,191.8219,192.298,189.8492,190.0436,793252
2014-10-23,192.5507,194.2804,191.7247,193.1337,984859
2014-10-24,192.988,195.6603,192.4341,195.155,775363
2014-10-27,195.7186,197.6135,195.155,196.9721,1576045
2014-10-28,196.7875,199.0419,193.1434,195.5145,2018699
2014-10-29,190.4906,196.1267,189.4897,192.8422,2309433
2014-10-30,193.0754,198.5172,192.232,197.7301,1262891
2014-10-31,200.7522,201.0631,197.4483,197.662,1446028
2014-11-03,198.2354,199.1585,196.9527,197.6426,848345
2014-11-04,197.7009,198.7504,195.9518,197.6037,697695
2014-11-05,199.1877,200.1303,194.8246,195.9032,1182386
2014-11-06,196.3793,197.4288,194.7857,196.9332,669044
2014-11-07,196.3405,196.4571,192.5896,193.6876,931717
2014-11-10,194.3095,196.0004,192.5604,195.5922,712063
2014-11-11,195.6408,197.4094,194.5039,197.3802,895378
2014-11-12,196.632,198.0022,195.7671,197.39,894882
2014-11-13,196.943,199.2071,196.943,199.0322,867392
2014-11-14,198.3714,199.5181,197.4191,199.4501,995221
2014-11-17,198.284,200.0234,197.5553,198.6046,901225
2014-11-18,198.6046,202.1223,197.7787,202.1126,1297327
2014-11-19,201.1798,202.1223,199.1391,200.4412,899430
2014-11-20,198.935,201.2964,197.8855,199.2071,854285
2014-11-21,200.5967,201.9474,198.3228,199.3723,768536
2014-11-24,199.761,203.9103,199.7513,203.7937,1198416
2014-11-25,203.4633,203.5314,201.8211,203.0358,779458
2014-11-26,203.2693,203.6196,201.4306,202.5883,714174
2014-11-28,202.7245,205.5166,202.6272,205.0399,489988
2014-12-01,204.6508,204.6508,202.1019,203.1331,855508
2014-12-02,202.8802,205.5945,202.8413,204.9913,954070
2014-12-03,204.894,206.1685,204.0963,205.7599,711497
2014-12-04,205.9836,206.9759,204.2033,206.0712,597626
2014-12-05,206.2463,207.1219,205.1761,206.8592,556997
2014-12-08,206.9467,208.552,205.7307,207.0051,1007419
2014-12-09,204.3687,206.2463,202.7051,204.5827,1646114
2014-12-10,205.0399,205.6528,202.2868,202.4716,910488
2014-12-11,203.7558,206.3533,203.3374,203.9017,730585
2014-12-12,203.1818,203.892,199.7281,199.7573,840585
2014-12-15,200.2146,202.4619,199.2417,200.7983,957636
2014-12-16,199.8351,202.4521,195.8464,195.9534,1249131
2014-12-17,196.7512,200.8275,196.5274,199.7087,1061871
2014-12-18,202.1116,206.2171,201.4598,206.2171,1062632
2014-12-19,207.3456,208.4352,203.9795,205.3902,1533688
2014-12-22,205.7307,207.404,204.6119,205.8571,718035
2014-12-23,206.0323,207.0246,203.0845,203.532,997381
2014-12-24,203.7558,205.0983,203.1721,204.0963,326157
2014-12-26,204.3006,205.7404,204.213,204.4465,336636
2014-12-29,203.532,205.4679,203.4931,204.4757,477157
2014-12-30,204.5924,205.6431,203.7558,203.9212,669153
2014-12-31,204.8162,205.6139,201.7614,201.9462,684258
2015-01-02,203.3861,204.2325,200.1367,201.5766,787807
2015-01-05,200.7496,204.5243,200.4578,203.2304,1261701
2015-01-06,203.3277,206.2463,201.2166,202.7635,1197404
2015-01-07,204.5049,209.3497,203.7655,208.9217,1163281
2015-01-08,210.3323,212.1321,209.1746,211.3052,1665221
2015-01-09,211.5776,212.2196,210.3907,210.7895,741048
2015-01-12,211.8402,212.0153,208.0461,208.8341,721148
2015-01-13,211.2857,212.3169,207.2191,208.8244,901480
2015-01-14,207.3553,209.4762,206.7327,207.7348,730180
2015-01-15,207.8321,208.4936,205.4777,205.5653,974830
2015-01-16,204.8065,208.4158,203.4445,208.1726,921854
2015-01-20,210.1961,210.1961,206.3825,209.0384,862084
2015-01-21,207.9585,210.3031,207.6472,209.3886,751467
2015-01-22,209.1649,213.0563,207.3991,212.9493,942603
2015-01-23,212.9201,213.7179,211.5678,211.7624,615126
2015-01-26,211.2176,213.1049,209.9042,212.9979,690558
2015-01-27,211.7429,213.1244,209.8459,211.8013,749934
2015-01-28,213.1147,216.8796,211.704,212.0251,1910506
2015-01-29,211.6457,213.786,210.4782,213.5719,1112586
2015-01-30,212.7158,213.1925,206.4603,206.8786,1352860
2015-02-02,207.0538,209.0676,204.9135,208.9995,1069939
2015-02-03,209.4081,210.2447,203.3277,207.3456,1708352
2015-02-04,206.6646,207.978,204.9427,205.1178,1683829
2015-02-05,206.7035,211.3927,206.579,210.0015,2398809
2015-02-06,214.9826,218.9518,212.8082,216.7143,2099265
2015-02-09,215.0215,215.2161,209.9237,212.3364,1765140
2015-02-10,214.107,216.8602,213.0368,216.4127,1234233
2015-02-11,215.6149,218.8935,215.3231,217.6579,1031967
2015-02-12,218.8935,218.8935,216.8957,218.6697,680624
2015-02-13,217.6871,218.874,216.5391,218.7865,583945
2015-02-17,218.6113,220.6349,218.2416,219.915,1048414
2015-02-18,219.7107,220.343,217.9303,219.5161,630244
2015-02-19,219.1561,220.8684,218.1638,219.234,651041
2015-02-20,218.8351,223.0758,218.5043,222.9406,826530
2015-02-23,223.2713,224.0691,222.3559,223.5827,860039
2015-02-24,223.5827,224.7549,222.9406,223.9523,867803
2015-02-25,224.3901,225.2647,223.2811,223.3686,840001
2015-02-26,222.979,225.1896,222.531,223.4659,1379117
2015-02-27,223.164,225.1021,222.3801,222.7258,656954
2015-03-02,222.5408,224.3716,221.6837,222.2583,1134218
2015-03-03,222.6966,222.9498,219.7068,221.7422,788996
2015-03-04,221.4111,222.4921,219.0056,221.7227,816021
2015-03-05,222.7647,224.0113,221.9759,223.2127,614450
2015-03-06,222.7647,222.7647,218.2362,218.7329,1072346
2015-03-09,219.1224,219.9892,216.7754,219.4633,793112
2015-03-10,217.5935,218.022,212.3053,215.0809,1094465
2015-03-11,215.6652,217.1747,214.9737,216.3761,765839
2015-03-12,217.5545,219.4536,217.4866,219.2004,559587
2015-03-13,218.8303,220.3788,217.3013,218.7719,539143
2015-03-16,220.4469,224.1087,219.7847,223.5439,825544
2015-03-17,222.0928,222.8914,220.2815,222.2389,557873
2015-03-18,221.5766,223.5828,220.2911,222.9595,1102420
2015-03-19,222.7453,222.9693,218.5089,219.8529,1549860
2015-03-20,222.1609,224.1964,220.2444,223.9334,1292730
2015-03-23,224.2061,226.6116,223.2712,224.245,927781
2015-03-24,223.875,225.2287,222.3362,222.4336,667559
2015-03-25,222.2973,224.2158,219.6289,219.6289,956987
2015-03-26,219.2588,223.2322,217.7786,220.145,1297010
2015-03-27,219.697,221.9097,219.2198,220.2035,814106
2015-03-30,222.0441,223.5049,220.8657,223.1543,539665
2015-03-31,222.3362,224.2743,220.2911,220.2911,769924
2015-04-01,220.1255,220.593,215.4801,216.8923,1225268
2015-04-02,216.7851,219.0445,216.2592,217.6811,736217
2015-04-06,216.2203,219.8042,216.2203,218.5673,793649
2015-04-07,219.2588,219.9697,215.8307,216.045,814090
2015-04-08,215.8405,216.7072,213.7759,216.678,1483191
2015-04-09,216.7559,218.616,215.8892,217.4474,1142208
2015-04-10,217.1357,219.0251,216.8533,218.4797,701703
2015-04-13,218.5673,220.817,218.0999,218.1194,834469
2015-04-14,218.3336,220.3495,216.678,220.1061,949221
2015-04-15,220.6417,221.9272,219.3562,219.7652,711892
2015-04-16,220.0963,221.6594,218.9861,220.6514,835492
2015-04-17,219.2685,222.4434,217.5253,222.0733,1455118
2015-04-20,223.0374,225.3845,222.531,223.242,1108805
2015-04-21,224.7222,225.589,223.9139,225.2481,937329
2015-04-22,225.1897,225.8422,224.3522,225.2287,801708
2015-04-23,223.651,224.245,221.5085,223.1251,1635251
2015-04-24,223.2225,224.5469,221.8396,223.2127,809353
2015-04-27,224.5372,224.7729,220.8754,221.2358,912411
2015-04-28,220.9533,222.6284,218.3433,222.5505,852142
2015-04-29,221.0702,222.9887,218.9715,219.512,1268177
2015-04-30,219.8236,222.7258,216.902,217.5642,1317292
2015-05-01,218.47,219.6089,216.6098,219.064,890004
2015-05-04,219.5217,221.1968,219.1517,219.9989,644407
2015-05-05,219.3562,219.8918,216.4345,216.9604,838286
2015-05-06,216.6585,218.0804,215.2698,217.0773,918586
2015-05-07,217.2721,219.0445,216.678,217.9733,798040
2015-05-08,220.1645,223.5731,219.3951,223.0959,1061882
2015-05-11,222.8816,224.3132,221.7227,222.57,821673
2015-05-12,221.7227,224.0211,220.2229,223.5536,1448772
2015-05-13,226.8843,229.8351,225.7156,226.3097,2056360
2015-05-14,227.936,233.3216,227.712,233.2242,1462911
2015-05-15,233.1463,234.607,232.8931,233.6624,955871
2015-05-18,234.1591,236.5451,233.7014,236.4088,1012919
2015-05-19,237.2463,237.2463,235.6784,236.2627,828461
2015-05-20,236.0192,237.0808,234.6948,235.4836,765829
2015-05-21,234.7142,235.1135,232.2308,233.1852,1361376
2015-05-22,233.195,235.4252,232.7567,234.3247,729077
2015-05-26,233.1852,234.6071,230.8674,231.6465,929591
2015-05-27,231.2959,233.3605,230.9065,232.9515,770511
2015-05-28,232.114,233.3411,231.1109,231.627,832260
2015-05-29,232.6496,233.195,230.8479,231.033,1289259
2015-06-01,231.2277,232.9418,229.4163,232.0458,641613
2015-06-02,231.6855,232.8346,229.1923,230.4389,817950
2015-06-03,230.4681,231.7147,229.4456,230.8285,557748
2015-06-04,230.0097,231.1015,228.1379,228.8203,650312
2015-06-05,228.6254,229.6841,227.1558,229.532,621732
2015-06-08,229.0933,230.0682,227.553,227.553,824191
2015-06-09,228.1379,228.7033,226.9096,228.1184,682674
2015-06-10,228.1574,230.2631,227.0461,230.0194,714740
2015-06-11,231.8229,232.983,231.1015,231.6377,798750
2015-06-12,231.4525,231.6377,229.0543,229.2103,827683
2015-06-15,227.9527,229.1128,226.8219,227.8942,802384
2015-06-16,228.1477,229.0933,227.1777,228.5474,928154
2015-06-17,229.0933,230.0487,227.2167,227.8845,695597
2015-06-18,227.5433,230.4971,227.4165,230.1072,1299805
2015-06-19,229.7757,230.9553,229.6002,229.9219,796544
2015-06-22,231.5695,232.5053,229.649,229.8342,564345
2015-06-23,230.4874,230.5361,228.3037,229.6197,637105
2015-06-24,229.0933,229.8342,224.7259,224.7356,1348134
2015-06-25,224.9501,226.2953,223.0638,223.5658,1472279
2015-06-26,224.3262,224.6811,221.9085,222.1912,1263965
2015-06-29,220.4072,222.0938,218.555,218.6427,1220508
2015-06-30,220.1245,220.456,217.395,219.1594,1396131
2015-07-01,221.1969,221.5332,219.3544,220.105,928259
2015-07-02,221.0897,221.4406,217.3949,218.6232,923141
2015-07-06,216.6638,219.5201,216.0496,218.9352,1056721
2015-07-07,219.9686,222.5812,218.1456,222.4935,1474906
2015-07-08,220.8557,221.6473,218.5842,218.8767,1150587
2015-07-09,221.6746,222.3277,220.5632,221.1969,1255421
2015-07-10,224.219,224.3457,222.898,223.79,831751
2015-07-13,225.9055,226.158,223.6828,225.613,658852
2015-07-14,225.8177,227.982,224.3701,227.9527,941022
2015-07-15,227.826,229.2785,225.1548,228.5474,919881
2015-07-16,230.3704,230.9065,228.3232,229.1128,832261
2015-07-17,228.5279,229.7562,227.397,228.5669,955970
2015-07-20,229.3273,229.3273,227.3873,228.6546,819397
2015-07-21,229.0543,229.0738,224.7746,226.6464,943296
2015-07-22,226.5976,229.3175,226.2272,229.22,950592
2015-07-23,229.1518,229.181,223.2539,223.712,1283770
2015-07-24,224.3165,224.6089,220.5535,220.9629,910734
2015-07-27,220.0368,220.9239,218.555,219.1107,956849
2015-07-28,220.534,221.2651,218.1237,221.0409,1077240
2015-07-29,221.6063,221.9085,218.4283,221.1481,1400595
2015-07-30,215.9131,217.2097,210.1809,211.8967,4628298
2015-07-31,212.6181,215.182,211.5194,215.026,2082126
2015-08-03,215.9716,218.0091,215.026,217.8629,1753597
2015-08-04,217.6386,218.555,216.4298,217.3072,900320
2015-08-05,219.0814,219.0814,216.5565,217.7849,925295
2015-08-06,217.7166,217.9798,212.7448,212.9008,1179905
2015-08-07,212.6473,212.8812,208.3579,210.7073,1904527
2015-08-10,212.1501,213.4955,210.7366,211.8772,937465
2015-08-11,210.9121,211.6725,208.1717,210.1029,885422
2015-08-12,208.5626,210.2102,206.7104,209.7715,1159529
2015-08-13,209.8007,210.9511,208.8161,208.9038,841372
2015-08-14,208.8551,210.1029,207.812,209.869,636670
2015-08-17,208.8551,210.9608,207.0516,210.8536,1251936
2015-08-18,210.3661,210.9764,208.4846,210.0932,1000350
2015-08-19,208.5139,211.458,207.5293,210.0932,1079374
2015-08-20,208.0655,208.8444,205.0434,205.1994,944723
2015-08-21,203.3471,204.2245,197.0397,197.4394,1962579
2015-08-24,187.0474,197.1957,156.076,192.8283,2667911
2015-08-25,198.3558,199.7499,183.4306,183.7036,4399905
2015-08-26,189.6015,193.384,184.1813,192.9161,4234842
2015-08-27,195.324,196.1916,190.5179,193.8714,2351639
2015-08-28,194.2717,196.2339,193.3052,196.0289,1896429
2015-08-31,196.0289,198.3719,192.3192,192.8854,2178723
2015-09-01,190.3667,194.301,188.446,191.1282,2416225
2015-09-02,193.8031,195.2577,191.0891,192.3192,1613042
2015-09-03,193.4907,194.7793,189.5467,190.3374,2070790
2015-09-04,188.6388,189.9372,185.4367,188.2385,2254190
2015-09-08,191.6847,192.1435,189.0,190.7475,1655064
2015-09-09,192.6414,194.1741,188.0091,188.2678,2069991
2015-09-10,188.0238,191.5919,186.4325,190.4741,2903665
2015-09-11,189.6053,193.0514,189.5369,192.944,1479362
2015-09-14,193.3247,193.598,190.767,191.9385,1310062
2015-09-15,192.6707,195.9703,191.0208,195.6482,1538383
2015-09-16,197.8643,200.1291,196.3512,199.3872,2467484
2015-09-17,199.1724,202.56,197.8447,199.8363,1445456
2015-09-18,198.9479,203.0871,197.2492,198.8893,2487101
2015-09-21,199.0357,201.7204,195.9313,196.517,1737935
2015-09-22,194.135,194.6612,191.1682,194.2522,1702351
2015-09-23,194.0472,195.1796,192.4071,193.5102,771876
2015-09-24,192.1044,193.4028,188.8926,192.5535,1401511
2015-09-25,193.5493,194.1253,186.7938,187.6625,2171309
2015-09-28,187.0573,187.7309,178.359,179.8819,3131464
2015-09-29,180.7605,182.7129,178.8764,180.3798,2465134
2015-09-30,181.4634,182.7716,178.3199,180.6336,1786396
2015-10-01,180.37,181.8149,178.6714,181.6489,2008656
2015-10-02,179.8233,182.1175,177.8513,182.1077,1831364
2015-10-05,182.7911,185.8663,181.5513,185.2024,1958514
2015-10-06,185.056,185.1634,178.2614,179.6281,2143560
2015-10-07,180.1064,181.1998,178.2711,180.5848,2486111
2015-10-08,180.0381,182.586,179.0326,181.8637,2010838
2015-10-09,181.7856,185.876,181.6782,185.4367,2783049
2015-10-12,185.2805,186.7546,184.7143,186.081,1241877
2015-10-13,186.0029,189.7419,185.5734,187.3501,2081248
2015-10-14,186.7742,188.6095,184.4702,185.2708,1573876
2015-10-15,185.7296,189.3807,185.3781,189.1464,1542178
2015-10-16,190.2886,191.2746,188.6193,190.5717,1052753
2015-10-19,189.9567,192.0068,189.2245,190.2203,994311
2015-10-20,190.3179,190.5766,184.1383,184.8315,2444471
2015-10-21,185.7979,185.8663,179.8526,182.1858,2236618
2015-10-22,183.1914,183.5526,173.3313,177.1289,3640037
2015-10-23,178.3785,182.9473,178.0856,182.5178,2226906
2015-10-26,182.2639,185.2903,181.1608,185.0365,1552142
2015-10-27,184.5581,187.7504,164.9845,177.3632,5496777
2015-10-28,177.4316,178.5054,171.8183,178.0759,2828616
2015-10-29,182.6935,183.5331,176.1136,181.8246,2788271
2015-10-30,181.7563,181.7563,173.7902,174.5516,3742579
2015-11-02,175.6353,178.8764,174.8543,176.3479,2370088
2015-11-03,176.3772,179.1497,174.5516,179.0131,1811246
2015-11-04,178.4859,179.6086,175.0105,177.578,2301062
2015-11-05,177.5097,181.8246,176.5627,181.522,1996448
2015-11-06,184.0016,184.8705,177.1289,179.384,1942490
2015-11-09,178.8276,179.9013,176.221,178.7788,2717530
2015-11-10,179.0814,181.0144,177.2265,180.2724,1591358
2015-11-11,180.6531,181.4244,178.5738,179.1107,1715015
2015-11-12,178.6519,180.5848,175.6938,175.8208,1447962
2015-11-13,175.2253,178.071,175.2253,175.6157,1495046
2015-11-16,175.6157,178.2614,174.7664,178.0173,1989878
2015-11-17,178.4468,182.5568,176.221,181.0729,1761452
2015-11-18,181.1901,185.056,180.2919,184.7729,2641698
2015-11-19,183.0449,184.4019,180.2626,180.9558,1573006
2015-11-20,182.0394,185.4855,181.6099,185.1731,1812678
2015-11-23,185.4172,185.5929,184.0895,185.1927,1326189
2015-11-24,183.699,185.7686,183.699,185.2903,1432142
2015-11-25,185.1048,186.0859,184.4605,185.0657,1111836
2015-11-27,185.6035,187.6273,184.3178,186.1119,499257
2015-11-30,186.1021,186.7376,184.8311,185.1244,1330216
2015-12-01,185.9066,187.158,184.8507,186.982,1599140
2015-12-02,187.1873,188.8103,185.2808,185.7501,1362063
2015-12-03,185.8088,187.6957,182.9051,186.0532,2671290
2015-12-04,186.7376,188.0672,185.4715,186.2878,1241831
2015-12-07,186.3465,186.6203,182.9051,184.7627,1676153
2015-12-08,183.3157,185.8674,181.7749,184.6942,1761373
2015-12-09,183.6579,186.5078,181.8394,182.8855,1700472
2015-12-10,183.8045,187.1384,181.8785,186.2292,1303924
2015-12-11,184.5085,186.7474,184.3276,185.9652,2089947
2015-12-14,186.1021,187.1579,184.3645,186.327,1538320
2015-12-15,187.9499,188.6929,182.5922,182.9735,1666974
2015-12-16,184.2152,186.894,181.7905,186.4638,1385763
2015-12-17,186.7767,187.8619,185.6328,185.7795,937706
2015-12-18,185.1342,191.274,184.5085,189.084,3010003
2015-12-21,190.0422,191.3327,188.7027,190.9416,1618806
2015-12-22,191.1176,193.1414,190.2572,192.897,1622132
2015-12-23,193.4738,196.4079,192.9895,196.0256,1360527
2015-12-24,195.1554,195.8252,194.5688,194.9599,495318
2015-12-28,194.9599,196.4362,194.2071,195.8007,781475
2015-12-29,197.3552,197.6876,195.4194,195.8496,860320
2015-12-30,196.0745,196.9886,193.7476,194.3049,872375
2015-12-31,194.0995,196.0937,192.8188,192.8286,1976082
2016-01-04,189.2698,191.2936,188.5561,190.3257,1383026
2016-01-05,190.8145,192.4473,190.2572,191.1372,1016230
2016-01-06,187.5882,189.3871,187.0602,188.7907,1469835
2016-01-07,185.5155,186.0825,183.4819,183.6188,1909158
2016-01-08,184.264,185.1635,177.9384,178.3197,2217414
2016-01-11,165.2188,166.9688,158.1892,159.9002,9176467
2016-01-12,161.1027,162.9212,159.4749,160.3499,3460196
2016-01-13,160.2228,162.2564,152.8227,154.3176,4123521
2016-01-14,154.1221,162.4881,154.0341,161.1027,3069113
2016-01-15,157.9155,161.4645,155.2562,161.3178,3422258
2016-01-19,162.7746,166.1867,161.3471,165.6587,3553501
2016-01-20,163.019,166.8319,158.7172,166.2062,3493570
2016-01-21,166.2062,168.6504,164.8375,166.6462,2162659
2016-01-22,168.4549,169.765,165.7858,166.3822,2408329
2016-01-25,166.9395,169.0513,166.0107,166.3724,2012949
2016-01-26,167.8878,167.8878,163.3123,167.1741,1794171
2016-01-27,166.1671,167.6239,162.4226,163.195,2335285
2016-01-28,151.3357,167.0373,148.823,156.5467,4194666
2016-01-29,156.9085,159.4211,154.1025,157.3875,2870667
2016-02-01,156.2338,156.8693,152.8315,155.7157,2642688
2016-02-02,154.6109,156.3756,151.541,151.541,3201178
2016-02-03,152.9977,153.4768,145.9095,148.9697,4297936
2016-02-04,148.3537,154.2589,146.2126,150.3775,2673700
2016-02-05,148.647,152.8999,147.464,150.9153,2671871
2016-02-08,149.8105,150.2309,145.9486,148.08,2746174
2016-02-09,146.5939,149.7616,144.9807,147.0241,1987005
2016-02-10,147.5716,151.8343,147.1609,149.5758,2318391
2016-02-11,147.3467,148.6666,145.2251,146.6819,3006102
2016-02-12,148.1386,148.7839,145.4304,147.6596,1899131
2016-02-16,148.6079,150.2113,147.2783,149.1848,1432795
2016-02-17,150.6024,154.386,150.5672,152.0983,2141708
2016-02-18,151.6876,153.1884,151.4334,152.4795,1288158
2016-02-19,152.2449,152.2449,149.742,150.8273,1403315
2016-02-22,152.0787,153.2304,151.2672,152.9391,769643
2016-02-23,152.5187,152.6555,150.3678,150.5535,1270695
2016-02-24,149.8691,151.7561,148.5395,151.2183,1064617
2016-02-25,152.46,153.3301,150.0842,151.9027,1142138
2016-02-26,152.794,155.4189,151.3839,153.558,921462
2016-02-29,153.3425,154.7333,152.0888,152.4218,1868836
2016-03-01,151.5011,153.4306,151.2465,153.4306,1208086
2016-03-02,153.1172,158.4111,152.6862,155.4287,1688033
2016-03-03,154.9096,159.6893,154.4199,159.3563,1481159
2016-03-04,159.2486,161.5307,159.082,159.4249,1114155
2016-03-07,158.6707,160.5904,158.3377,159.6893,959521
2016-03-08,158.749,159.2877,154.3219,155.5364,1771376
2016-03-09,156.7118,160.1594,156.0556,158.5531,1280864
2016-03-10,159.3269,160.2966,156.3984,157.8088,1333263
2016-03-11,158.798,163.3255,158.5042,162.9803,1121555
2016-03-14,162.9607,163.6943,160.5904,161.5992,922343
2016-03-15,159.464,159.9342,153.5678,154.0673,1689676
2016-03-16,153.3719,154.9194,152.0398,152.794,1651371
2016-03-17,151.8145,152.5002,146.5255,148.5726,3453130
2016-03-18,148.8762,156.751,148.4354,155.0565,2847425
2016-03-21,154.7137,155.4248,152.1769,153.6363,1494230
2016-03-22,153.1564,154.2044,151.8145,153.3915,1273850
2016-03-23,153.7734,154.8117,151.7068,151.8439,1387174
2016-03-24,150.8547,155.1447,150.7763,154.0575,1507426
2016-03-28,154.0575,154.6843,152.1231,153.3131,1356708
2016-03-29,153.3327,155.7421,152.6765,155.605,1440809
2016-03-30,155.7323,156.702,154.3023,154.4884,1034999
2016-03-31,154.7137,156.5551,153.8812,154.0183,1199165
2016-04-01,153.5286,154.6549,152.3728,154.175,937166
2016-04-04,154.0085,158.4552,153.7734,154.9586,1190652
2016-04-05,153.1564,154.3219,151.1583,151.5109,1176336
2016-04-06,152.0888,160.0615,151.9712,159.8558,1647118
2016-04-07,159.0037,159.7089,156.5561,157.9361,1478261
2016-04-08,158.9057,159.9831,157.4953,158.8666,1139224
2016-04-11,158.9057,160.1594,157.8284,159.0429,1332701
2016-04-12,159.5914,161.8147,159.0135,160.9528,1461393
2016-04-13,161.0409,164.2437,159.9929,164.0576,1334645
2016-04-14,163.5189,165.9872,162.1085,165.1252,1801224
2016-04-15,165.615,169.2487,165.1939,169.2193,2334225
2016-04-18,168.377,170.8452,167.3241,170.4241,1250731
2016-04-19,170.855,172.7552,170.1498,172.2262,1454674
2016-04-20,172.7747,174.7826,171.4133,173.8913,1464004
2016-04-21,173.9991,175.194,173.4726,174.3712,1079438
2016-04-22,174.9785,175.6151,173.0392,174.5867,1509460
2016-04-25,174.4986,174.8316,171.9422,173.5191,1341062
2016-04-26,173.6954,175.0177,173.3232,173.5289,965689
2016-04-27,173.5485,174.8708,172.8237,174.2733,1155562
2016-04-28,172.8727,172.9804,165.6541,165.85,3047884
2016-04-29,164.9783,165.7521,162.99,164.3711,2145645
2016-05-02,164.3515,165.3799,163.421,164.9685,1554718
2016-05-03,163.3231,166.5748,162.9705,164.6943,1130289
2016-05-04,164.1458,164.6453,161.0116,161.6188,2127533
2016-05-05,168.2693,174.8316,165.9971,169.1508,3987269
2016-05-06,167.9852,169.5719,163.4994,165.3897,2085852
2016-05-09,166.0361,169.4152,165.9088,168.6806,1339606
2016-05-10,169.905,170.1474,165.7815,166.8099,1281044
2016-05-11,166.0459,168.4358,165.233,165.4191,1151131
2016-05-12,165.7913,166.5454,162.8137,163.8618,894587
2016-05-13,163.4896,164.802,162.089,162.5199,892710
2016-05-16,165.5366,169.9245,165.1155,168.9843,2224396
2016-05-17,168.5925,171.7757,166.7413,169.9441,1790291
2016-05-18,168.71,177.4271,168.71,176.193,3998712
2016-05-19,175.8502,180.15,174.7336,177.241,3491578
2016-05-20,178.054,179.1216,176.4281,178.5437,2530986
2016-05-23,176.1832,177.8385,174.6161,174.9785,1329822
2016-05-24,175.3213,180.0325,174.5965,179.0138,2070353
2016-05-25,179.1803,181.7672,178.3919,179.1607,2116091
2016-05-26,178.6808,179.5525,175.7816,175.8796,2038116
2016-05-27,175.8208,178.4653,175.3507,177.4957,1068935
2016-05-31,177.672,179.6015,176.8003,179.3762,2713320
2016-06-01,177.9854,181.6926,176.9374,181.0123,1787470
2016-06-02,181.4046,184.3965,181.1103,184.2101,1681814
2016-06-03,183.5333,184.8379,182.3659,182.9055,1497799
2016-06-06,183.082,184.112,182.2384,183.6019,748849
2016-06-07,183.3959,184.0139,181.2967,181.4439,1147183
2016-06-08,181.6499,184.4357,180.1981,184.1611,1273832
2016-06-09,183.8374,184.4063,182.1403,183.3175,1356390
2016-06-10,181.7578,182.9839,181.1202,181.9343,1127209
2016-06-13,182.1305,183.0036,179.9725,180.1392,1440768
2016-06-14,179.5114,180.0862,176.9316,178.0891,1299334
2016-06-15,179.0504,179.9921,177.1573,177.4809,1190961
2016-06-16,175.5877,176.7648,173.2432,176.3234,1184230
2016-06-17,176.4901,176.9414,173.5081,174.3909,1522956
2016-06-20,176.5098,177.9713,175.882,176.4411,1470601
2016-06-21,177.4416,177.5495,175.5092,175.8525,732962
2016-06-22,175.6563,179.2368,175.6073,178.0694,1107803
2016-06-23,179.8646,181.2869,179.4428,180.4924,1160550
2016-06-24,173.9887,175.7839,172.9097,173.6945,1633744
2016-06-27,171.4187,172.1544,167.8971,169.3391,1609316
2016-06-28,171.0459,174.4694,171.0459,173.2138,1609590
2016-06-29,176.5098,180.5512,174.9501,179.8449,1723684
2016-06-30,179.9921,183.1997,179.0602,183.0918,1580840
2016-07-01,183.4548,186.7311,183.2684,184.5142,1049795
2016-07-05,183.1997,184.5093,182.5033,183.906,917863
2016-07-06,183.3371,188.4478,181.8951,188.2221,2095594
2016-07-07,188.2221,189.9093,186.4565,187.5551,1255378
2016-07-08,188.6636,189.6837,188.2123,189.1148,1491108
2016-07-11,189.0461,190.2036,188.2418,189.7622,1448598
2016-07-12,190.2919,193.2445,190.1546,191.7437,1628582
2016-07-13,192.7737,194.2843,191.9498,193.6467,1620316
2016-07-14,195.0887,195.6282,193.7448,194.2549,1063381
2016-07-15,194.8925,195.2555,192.4794,193.3819,933408
2016-07-18,193.5388,194.1568,192.3362,193.9312,814661
2016-07-19,192.8423,194.9416,192.7737,194.196,925403
2016-07-20,194.2647,195.4713,194.0783,194.6571,887048
2016-07-21,194.6571,195.1487,192.1812,192.7541,1209733
2016-07-22,193.0287,193.2053,192.0871,192.8227,869619
2016-07-25,192.1557,192.3715,190.3508,192.2734,808349
2016-07-26,191.6947,193.2249,191.2778,192.5383,879239
2016-07-27,192.5088,194.1372,191.3317,193.1661,1040511
2016-07-28,187.663,193.1562,187.2412,189.7524,2661107
2016-07-29,189.1148,191.4102,187.5551,190.851,1440093
2016-08-01,191.4788,191.6554,188.075,188.4281,1379860
2016-08-02,188.5066,191.2876,188.1829,189.8407,1872532
2016-08-03,189.36,191.5867,189.2619,191.42,1157669
2016-08-04,190.9295,191.626,189.8113,190.7726,932368
2016-08-05,191.3415,192.8816,190.8118,190.9491,1029238
2016-08-08,191.2336,191.626,190.0957,191.3808,768944
2016-08-09,191.6848,193.1661,191.4592,192.5481,767205
2016-08-10,192.5481,192.7443,191.2287,191.9203,947791
2016-08-11,192.7835,193.1072,191.5671,192.8718,761474
2016-08-12,192.5383,192.7541,190.7431,191.5181,634323
2016-08-15,191.626,193.323,191.3808,192.3813,696353
2016-08-16,191.7339,192.3421,191.1355,191.2925,501199
2016-08-17,191.3611,192.2832,189.8897,192.0478,944136
2016-08-18,191.6162,192.2146,190.5175,190.7235,1085623
2016-08-19,190.0859,191.057,189.2914,190.1546,801089
2016-08-22,190.0565,190.2429,189.1736,189.9584,821885
2016-08-23,190.5175,190.9491,189.0069,189.0756,1048484
2016-08-24,189.105,189.8897,185.0439,185.4461,1536240
2016-08-25,183.4744,184.318,178.5403,179.8057,2898217
2016-08-26,180.1883,180.6003,178.3539,179.3054,1661342
2016-08-29,179.6684,180.8161,179.1289,180.3947,1178858
2016-08-30,180.267,180.6305,179.0488,179.8151,1081316
2016-08-31,179.8151,181.5933,178.9112,181.3771,1430570
2016-09-01,181.4754,181.4754,178.9309,180.0509,796655
2016-09-02,180.8073,181.1993,179.4614,179.7659,668481
2016-09-06,180.2768,181.7701,179.206,181.4459,1431719
2016-09-07,180.768,183.008,180.768,181.7112,971418
2016-09-08,181.2789,181.9568,179.6677,179.8249,1353609
2016-09-09,178.2432,178.6263,172.9282,172.997,2094884
2016-09-12,172.1422,178.3414,172.0342,177.3,1901181
2016-09-13,175.3548,176.2979,171.7002,172.7514,2511444
2016-09-14,172.5058,173.2622,164.4105,164.7543,5825361
2016-09-15,164.8919,166.8518,161.0899,166.002,5116645
2016-09-16,165.2849,165.6975,161.139,163.2414,5998039
2016-09-19,163.0547,163.7621,161.5909,162.1018,2406753
2016-09-20,162.2295,163.2807,161.473,161.9053,2161091
2016-09-21,162.4947,163.8505,161.4141,163.4772,1865520
2016-09-22,164.1649,165.9234,164.1275,165.167,1949856
2016-09-23,164.9999,166.0315,163.2119,164.1452,1265380
2016-09-26,163.094,163.8898,162.1312,162.2786,1481367
2016-09-27,162.2786,164.0765,162.2786,163.4379,1192408
2016-09-28,163.3102,164.4007,162.7207,163.6933,985195
2016-09-29,163.0547,163.2905,161.3256,161.532,1444529
2016-09-30,162.0723,164.2729,160.692,163.821,2085203
2016-10-03,163.3003,163.3396,161.9495,162.4751,1164358
2016-10-04,163.0351,163.8505,162.2983,162.7502,1208067
2016-10-05,163.1235,163.4281,161.7481,162.76,1555167
2016-10-06,161.9446,162.0723,160.412,161.8562,1677187
2016-10-07,162.4849,163.9684,161.3748,162.9074,1256893
2016-10-10,163.2512,163.8014,161.8955,162.426,1284218
2016-10-11,162.1018,162.8287,160.6379,160.7558,1898331
2016-10-12,161.4239,162.534,159.518,159.685,1596284
2016-10-13,158.791,160.0386,158.0541,159.2232,1549626
2016-10-14,159.8323,160.3629,158.1229,158.172,979316
2016-10-17,158.3783,158.4913,157.0029,157.8282,1267335
2016-10-18,159.518,160.2509,158.9727,159.2527,743683
2016-10-19,159.2527,159.9109,158.2408,158.2899,1171060
2016-10-20,158.1818,159.7046,157.9755,159.1053,1051866
2016-10-21,158.3096,159.2723,157.7398,158.2015,1597977
2016-10-24,159.125,159.9011,157.4254,157.4548,1386860
2016-10-25,157.3173,157.4254,155.4703,155.7159,1550607
2016-10-26,155.1952,156.1384,153.1911,155.7847,1837735
2016-10-27,156.1973,158.8106,154.7728,157.6808,1928705
2016-10-28,127.5201,128.5418,112.5183,121.93,28158084
2016-10-31,121.8121,126.3215,121.5763,124.9362,8527475
2016-11-01,124.9362,127.8666,124.0815,126.9994,4632203
2016-11-02,127.2548,134.4462,127.2548,133.4441,4652420
2016-11-03,134.6034,136.4209,127.0583,127.3137,5052748
2016-11-04,127.7755,131.5087,126.9994,128.4632,3505189
2016-11-07,130.4084,132.8841,129.6716,132.1473,2447865
2016-11-08,129.3179,130.9782,127.8934,128.2176,3605464
2016-11-09,138.8181,149.1042,132.8154,139.1914,5653707
2016-11-10,141.2447,145.813,141.1955,144.8993,4024715
2016-11-11,144.1625,145.3512,138.8672,140.5177,2951671
2016-11-14,137.0006,142.8559,136.5781,141.1661,2828192
2016-11-15,141.0777,141.9029,139.6629,140.3605,2499982
2016-11-16,139.9675,140.8419,138.8966,138.9949,1837113
2016-11-17,138.9163,139.8987,138.4644,138.9949,2458632
2016-11-18,139.211,139.5942,137.3444,137.59,2541089
2016-11-21,138.0911,139.7022,137.6686,138.8672,2030745
2016-11-22,139.1423,140.1247,137.6981,138.8475,2286956
2016-11-23,136.2441,139.1324,135.4188,138.7886,2119298
2016-11-25,138.8868,140.6356,138.0419,140.557,846406
2016-11-28,139.8889,141.5198,139.6335,140.5963,1549542
2016-11-29,140.4684,141.2066,138.9524,139.041,1808670
2016-11-30,139.3659,142.821,139.1887,141.561,3253392
2016-12-01,141.1968,142.4174,140.4191,140.8424,1972562
2016-12-02,141.6299,142.6536,140.803,141.3149,1903782
2016-12-05,141.6693,144.0613,140.8129,142.7324,2189228
2016-12-06,142.7324,143.1261,140.6652,143.1261,1908030
2016-12-07,140.4487,141.2066,134.6705,139.4053,4363825
2016-12-08,138.5685,141.9449,138.5587,141.0984,2906091
2016-12-09,141.8268,145.4492,140.2616,143.9628,2304901
2016-12-12,144.0219,144.8192,142.7816,144.1991,1784805
2016-12-13,144.4944,146.2662,144.0711,145.6559,1658797
2016-12-14,144.8291,145.528,139.9076,141.1279,3441012
2016-12-15,141.4429,141.8465,139.0804,140.114,2325486
2016-12-16,140.5865,141.0884,138.8639,140.0648,2376991
2016-12-19,140.7046,141.748,138.224,139.3462,1700882
2016-12-20,139.7596,140.6062,138.3225,138.9229,1603830
2016-12-21,138.9229,140.8227,138.4701,139.3757,1255006
2016-12-22,139.7399,140.3896,137.5743,138.1453,990152
2016-12-23,138.5685,140.0746,138.2929,138.9721,966356
2016-12-27,139.0312,140.6554,138.4209,139.8482,723766
2016-12-28,139.8384,140.557,138.9623,139.3167,695654
2016-12-29,138.6571,140.7538,138.6571,139.5627,814767
2016-12-30,139.2576,140.0352,137.909,138.2535,1204659
2017-01-03,138.2043,146.7732,138.2043,145.1244,2947881
2017-01-04,145.085,147.162,144.2188,146.2564,1897866
2017-01-05,144.9669,145.6166,142.9096,144.2089,1299032
2017-01-06,144.6322,145.1145,142.6241,144.6224,1334901
2017-01-09,144.0613,145.6953,143.3821,144.5436,1158892
2017-01-10,143.9826,146.2662,143.4018,144.5239,1184999
2017-01-11,144.2089,145.2425,138.8835,140.9605,2041575
2017-01-12,140.0156,142.8013,139.4545,142.4174,1298294
2017-01-13,143.2344,145.4492,142.7915,144.8783,1272852
2017-01-17,144.3763,146.9651,143.7463,146.1088,2310295
2017-01-18,147.8904,148.107,145.8627,147.3983,1348860
2017-01-19,147.3392,147.3392,144.2434,144.9866,1120576
2017-01-20,145.1933,149.4457,145.1933,147.9298,3076859
2017-01-23,147.2801,147.8511,146.0989,146.9848,1788466
2017-01-24,146.345,146.6403,145.3508,145.9906,1586295
2017-01-25,146.4041,148.8748,146.345,148.737,2905032
2017-01-26,138.7949,142.0532,135.4284,136.3833,7175834
2017-01-27,137.0428,137.0625,133.3416,134.6016,3354710
2017-01-30,134.8673,135.2512,132.0718,134.9658,3119925
2017-01-31,135.2906,137.092,133.6418,136.9739,3109874
2017-02-01,137.5153,138.3028,136.5408,137.8401,2800136
2017-02-02,137.6236,137.6236,135.6794,136.8262,2701049
2017-02-03,136.6392,137.5251,135.7041,136.6687,3957521
2017-02-06,136.9739,137.909,135.8517,137.6334,1579381
2017-02-07,138.0271,139.9073,136.905,137.7417,1797677
2017-02-08,137.722,138.9082,137.22,138.7359,1126983
2017-02-09,138.9131,139.3167,136.5998,137.5251,1532647
2017-02-10,137.8401,138.1748,137.0231,137.3873,1221687
2017-02-13,138.352,138.8048,137.6088,138.2929,1364325
2017-02-14,138.2929,143.5199,137.8598,142.9293,3548311
2017-02-15,144.0022,147.5016,142.4863,147.1817,2538253
2017-02-16,146.6994,147.1128,144.5731,147.0833,1590872
2017-02-17,146.6108,148.1858,145.7839,147.9003,1883874
2017-02-21,147.8609,149.1996,146.9159,148.5303,1312707
2017-02-22,147.664,148.6287,146.5517,146.7191,1313890
2017-02-23,147.162,147.2309,145.7544,146.6403,1266951
2017-02-24,146.6009,148.5106,145.4,148.4909,1248900
2017-02-27,148.5698,149.9011,147.8992,149.3587,1567095
2017-02-28,148.8755,149.1023,146.4791,148.057,2075513
2017-03-01,149.2108,149.5954,146.8341,146.913,2901088
2017-03-02,146.8439,149.122,146.2226,148.0865,1234750
2017-03-03,148.5303,150.9564,148.0865,150.4238,1449309
2017-03-06,149.625,149.8222,147.4159,148.1654,1371994
2017-03-07,146.6862,147.6625,144.6546,145.2069,2342420
2017-03-08,145.7789,149.4475,145.2759,145.7887,2381644
2017-03-09,146.2621,148.0767,145.4337,147.4061,1380059
2017-03-10,148.0077,148.2379,145.3055,145.6309,1311883
2017-03-13,146.2621,146.6664,144.6447,146.0057,1695387
2017-03-14,145.8873,147.1743,144.9702,145.0787,904641
2017-03-15,145.769,146.7256,144.201,146.2128,2071699
2017-03-16,146.5382,148.232,145.552,146.7749,2222475
2017-03-17,147.4061,147.4061,145.6211,145.8873,1907017
2017-03-20,145.9564,146.696,144.4869,145.1378,1415882
2017-03-21,145.4534,145.6605,143.5303,143.984,1467619
2017-03-22,144.053,144.7434,143.1457,144.2897,1058329
2017-03-23,144.2601,145.5619,143.4613,143.8065,969858
2017-03-24,143.698,144.3883,141.8735,143.6191,1632022
2017-03-27,143.1753,146.7157,142.4534,146.4495,1340577
2017-03-28,145.9564,148.0274,145.7197,147.8104,1785631
2017-03-29,147.8005,149.3291,147.0215,149.2601,1873562
2017-03-30,148.767,149.2798,146.9524,147.4159,1196741
2017-03-31,146.8538,147.1694,145.6309,146.2128,1733624
2017-04-03,146.3311,146.8144,143.7769,144.1516,2143352
2017-04-04,143.915,144.9702,142.6921,143.7572,959070
2017-04-05,144.5856,144.7532,142.5244,142.7512,1027914
2017-04-06,142.4455,143.2739,142.0313,142.84,1937670
2017-04-07,142.8696,143.126,141.844,141.9228,1292973
2017-04-10,141.8933,143.8489,141.3903,143.481,1229151
2017-04-11,143.5797,143.8459,142.2483,143.3725,1169830
2017-04-12,142.623,143.2345,141.3706,141.9031,1248097
2017-04-13,141.8242,142.3716,140.8873,141.2227,840801
2017-04-17,141.5284,142.4455,140.8676,142.2286,1181677
2017-04-18,137.0708,137.199,133.5304,135.7,5010859
2017-04-19,135.8874,136.4002,134.1221,134.2108,2258030
2017-04-20,134.8321,136.5481,134.0826,135.7591,1593898
2017-04-21,135.2167,135.4534,133.2641,134.0432,1336767
2017-04-24,135.3647,135.5422,133.8755,134.27,1401951
2017-04-25,133.1359,134.0235,131.9722,133.1359,2468489
2017-04-26,133.6191,135.0984,133.2937,134.1517,1381786
2017-04-27,134.6941,137.6625,134.556,136.8735,1796207
2017-04-28,136.7848,137.0659,135.7887,136.3805,1523399
2017-05-01,136.41,137.2187,135.6803,136.558,1283300
2017-05-02,137.0215,137.9584,135.2759,137.2877,1597088
2017-05-03,137.1398,137.1398,135.3647,136.3016,989471
2017-05-04,136.627,140.769,136.627,140.2562,1669662
2017-05-05,140.2858,140.7591,138.9347,139.5165,921397
2017-05-08,139.8913,140.1378,138.4712,138.9248,799791
2017-05-09,139.6447,140.9169,139.4771,140.5225,1041053
2017-05-10,140.4436,141.5086,139.6645,141.2522,1367717
2017-05-11,140.6112,144.6349,140.3252,143.6881,1804817
2017-05-12,143.3725,143.5895,142.0313,142.5836,1405870
2017-05-15,142.3666,145.1477,142.2483,143.3232,1978260
2017-05-16,143.3331,143.5797,141.8785,142.9189,1140283
2017-05-17,140.6211,142.7315,139.8124,140.0787,1822981
2017-05-18,140.5915,142.4159,138.6586,139.487,2016527
2017-05-19,150.9465,153.6388,149.9011,150.8972,7889264
2017-05-22,151.3804,156.479,151.3607,153.2739,3369795
2017-05-23,155.3646,157.7907,155.2857,156.8045,2954107
2017-05-24,155.9564,159.7631,155.9564,159.0037,2703848
2017-05-25,159.0037,161.1437,158.2887,160.1181,2495019
2017-05-26,159.8025,160.6506,158.8952,158.9741,1126357
2017-05-30,158.3134,161.4889,158.2936,159.8715,1114146
2017-05-31,158.4613,161.0944,158.3824,160.838,1997149
2017-06-01,160.6898,163.9301,160.3046,163.9104,2027385
2017-06-02,163.7325,163.9894,162.4483,163.693,1522150
2017-06-05,164.1475,164.1672,162.2803,163.8906,1350138
2017-06-06,163.4954,163.4954,159.2969,159.9786,2362312
2017-06-07,160.1366,160.2157,158.6647,159.6328,1255130
2017-06-08,160.0181,160.8973,159.05,160.186,1205142
2017-06-09,160.0181,161.5296,159.6624,161.411,1078791
2017-06-12,161.4209,162.5767,159.4253,159.8106,2147300
2017-06-13,160.6503,160.9368,159.3463,160.186,1070678
2017-06-14,160.6306,162.6261,159.8106,161.3912,1003984
2017-06-15,160.186,162.883,159.534,161.9247,1586981
2017-06-16,162.231,162.5026,156.9853,157.8941,2961291
2017-06-19,158.3782,160.2157,157.5879,159.7909,1754602
2017-06-20,159.3167,160.1959,158.7931,159.0203,815783
2017-06-21,158.5659,161.2035,158.1313,160.8973,1180997
2017-06-22,161.2035,165.2045,160.8874,163.5646,1753962
2017-06-23,163.8017,165.0662,162.2606,164.9378,3922185
2017-06-26,165.2736,166.548,164.5821,165.5799,1563173
2017-06-27,164.9279,167.2395,164.0585,164.671,1450675
2017-06-28,165.7182,166.39,163.9104,164.6019,1080119
2017-06-29,164.9575,165.2736,160.3737,161.658,2021603
2017-06-30,162.4977,163.3176,161.2925,162.5471,1235206
2017-07-03,163.288,165.0158,162.4878,162.557,577134
2017-07-05,162.6854,164.2364,161.8654,163.2682,1029600
2017-07-06,162.9916,164.3549,160.2848,161.1048,1333704
2017-07-07,161.6086,163.2682,160.7343,162.6854,1119633
2017-07-10,162.0136,163.6041,161.6283,162.715,1557785
2017-07-11,163.0015,163.7227,161.658,163.1991,1075608
2017-07-12,163.9894,165.3626,163.0707,164.3253,947378
2017-07-13,164.6612,165.0168,163.0707,164.3154,721291
2017-07-14,164.0783,166.2912,163.693,165.4712,908898
2017-07-17,165.5404,166.8246,164.6513,166.0837,1624234
2017-07-18,165.5898,165.6194,163.1596,163.4065,1575842
2017-07-19,164.2067,164.2462,160.6207,162.8533,1992902
2017-07-20,162.6656,164.8489,162.6162,163.0707,1908245
2017-07-21,163.4757,164.1672,162.6261,163.9104,1217261
2017-07-24,163.0015,165.3329,163.0015,164.7204,1365193
2017-07-25,164.8093,166.0442,164.0003,165.5996,939749
2017-07-26,164.1178,165.5404,162.3199,164.3352,1405037
2017-07-27,158.0621,161.8457,154.1994,160.5614,3253920
2017-07-28,161.1146,161.1146,157.4101,160.5417,1962866
2017-07-31,160.5812,160.8282,159.5133,159.9094,1377096
2017-08-01,154.2093,154.8119,152.115,152.8164,1090599
2017-08-02,158.0522,158.7437,153.1226,157.6768,2467813
2017-08-03,155.2466,156.1357,152.1051,153.4585,2339310
2017-08-04,154.2093,154.8119,152.115,152.8164,1090599
2017-08-07,152.8757,153.7944,151.9372,153.7944,969380
2017-08-08,153.5079,156.4123,153.172,155.3553,1510533
2017-08-09,154.8119,154.8811,151.7099,152.4015,1474905
2017-08-10,151.5025,151.5025,149.2007,149.2402,1990451
2017-08-11,149.5564,149.6996,147.9165,148.1733,1623794
2017-08-14,149.2303,149.8626,147.1657,147.2743,1388012
2017-08-15,147.6695,147.8671,147.1755,147.4521,1271065
2017-08-16,148.0152,148.1042,145.3479,145.8518,2517007
2017-08-17,145.4961,147.5213,144.6663,145.0516,1871445
2017-08-18,144.4292,145.4764,143.9155,144.2316,1980288
2017-08-21,144.2909,145.0121,143.3722,144.3699,2343720
2017-08-22,144.6663,147.2299,143.8562,146.484,1897388
2017-08-23,145.9901,146.6727,144.7602,145.4072,1804943
2017-08-24,145.8024,146.321,144.9627,145.0911,1249517
2017-08-25,145.8715,146.237,145.3776,145.7925,954681
2017-08-28,146.3556,147.0175,145.3726,146.5334,1019134
2017-08-29,145.3776,146.2963,145.0763,145.427,1308671
2017-08-30,145.328,145.7439,144.2883,145.2587,1002311
2017-08-31,145.734,148.8728,145.5248,147.8431,1873415
2017-09-01,148.0114,149.3877,147.4866,147.9421,885548
2017-09-05,147.1598,148.0708,145.2983,146.3677,1828861
2017-09-06,147.2787,151.0017,147.1648,150.5957,2437835
2017-09-07,150.6156,154.9327,150.5462,154.3089,2462458
2017-09-08,155.6753,159.2004,155.2001,155.3981,1437073
2017-09-11,156.4477,158.3488,155.8585,157.6755,1351271
2017-09-12,157.4874,157.4874,150.8829,154.8238,2424543
2017-09-13,154.5862,156.2397,154.2,156.1308,1118933
2017-09-14,158.4947,160.698,158.455,158.7627,2044838
2017-09-15,150.3482,150.4175,147.9124,148.4075,2903086
2017-09-18,148.9323,149.4224,146.5558,146.9618,2494835
2017-09-19,149.2293,149.7442,146.7935,146.9123,2044559
2017-09-20,147.4767,149.2293,146.5756,148.7045,2017527
2017-09-21,148.6451,151.7344,148.2391,151.071,1407861
2017-09-22,150.8235,152.8335,150.1997,152.4969,1616747
2017-09-25,151.7146,153.1653,151.3186,152.992,1752485
2017-09-26,152.992,154.3881,152.5266,153.3583,1199522
2017-09-27,153.6752,154.804,152.8236,154.4178,1129394
2017-09-28,153.8237,153.9524,150.6056,152.2097,2297893
2017-09-29,153.0712,154.7347,151.6255,152.1008,1440111
2017-10-02,152.2988,154.7446,152.1008,153.7346,1610294
2017-10-03,153.8138,154.2693,150.9374,152.4771,1467068
2017-10-04,152.3682,154.6654,151.8335,152.1008,1351056
2017-10-05,152.6751,153.0514,151.3879,152.2097,1706162
2017-10-06,152.3682,154.2495,147.5163,149.8036,2666323
2017-10-09,150.5066,150.5066,144.9914,146.6846,1873738
2017-10-10,147.9421,149.1204,146.9321,147.9421,1708889
2017-10-11,147.4173,148.6946,147.4173,148.4669,1288240
2017-10-12,148.4669,150.0115,147.7638,149.1897,1025615
2017-10-13,148.6649,149.4273,143.833,145.7241,2388359
2017-10-16,144.9914,147.14,144.1497,145.1696,1603801
2017-10-17,145.0904,146.0508,144.1844,144.9716,1614173
2017-10-18,144.9815,146.6648,144.4072,144.7735,1583794
2017-10-19,144.922,148.9471,144.8923,148.4867,2322216
2017-10-20,149.0808,150.4769,148.7738,149.2986,1404094
2017-10-23,148.9025,149.1204,146.7242,146.843,1936641
2017-10-24,146.4469,149.1303,145.5558,148.2787,1355042
2017-10-25,148.7738,151.0017,147.7143,149.9125,1848962
2017-10-26,157.2497,161.0124,141.199,142.1298,7193756
2017-10-27,142.2189,142.2189,133.0894,134.2876,4208200
2017-10-30,133.9113,135.7035,132.931,133.6935,4156485
2017-10-31,134.4163,139.9514,134.4163,136.5254,4050411
2017-11-01,137.4165,141.5257,136.6442,138.2978,2843561
2017-11-02,138.2978,139.3276,134.3569,135.7134,2763269
2017-11-03,135.149,137.5848,134.9015,136.258,1750440
2017-11-06,135.4956,135.7926,133.4558,133.8816,2752266
2017-11-07,134.3569,136.5254,133.9707,135.5847,2083533
2017-11-08,135.3074,140.3375,135.0104,138.981,2206876
2017-11-09,138.6245,141.1099,137.8225,138.7334,1817029
2017-11-10,137.9017,139.4266,135.7976,136.258,2088209
2017-11-13,136.1095,139.0503,134.3569,136.6937,2289807
2017-11-14,136.6244,136.6244,133.7034,134.8322,1482394
2017-11-15,134.6638,137.5848,134.04,137.4957,3334025
2017-11-16,137.6046,141.6149,137.1393,141.298,2732094
2017-11-17,140.3177,141.4366,139.5058,140.7336,1849009
2017-11-20,140.0108,140.6049,135.4857,136.8818,3618270
2017-11-21,137.5353,141.5653,137.0303,141.4663,2326135
2017-11-22,141.5951,145.1696,141.2089,144.3675,2220696
2017-11-24,144.3675,144.9815,142.6347,143.2387,768734
2017-11-27,142.8625,144.526,142.8625,143.4269,1831595
2017-11-28,143.5952,146.4073,143.2288,146.2984,3752842
2017-11-29,147.0014,150.8928,146.1697,146.6648,3283218
2017-11-30,147.7862,148.3568,143.3697,146.625,2767569
2017-12-01,145.93,146.625,142.7842,145.2852,2560714
2017-12-04,143.2209,152.4407,143.2209,151.9346,2866406
2017-12-05,152.1331,152.1629,146.2975,149.5527,1908804
2017-12-06,149.5527,151.1109,148.5106,149.3344,1262897
2017-12-07,149.523,150.1581,147.935,148.8779,1315063
2017-12-08,149.4436,151.8949,148.7191,151.4185,1400488
2017-12-11,151.7758,153.8302,151.1407,152.6492,1423194
2017-12-12,153.2943,154.515,152.7385,153.3836,1981464
2017-12-13,153.1156,155.8548,152.5896,154.0386,1461079
2017-12-14,157.413,160.033,155.0211,156.0136,2443460
2017-12-15,157.2343,163.0501,156.3709,161.3728,3323314
2017-12-18,158.0084,159.5963,155.5769,159.0505,2662359
2017-12-19,158.4947,160.698,158.455,158.7627,2045130
2017-12-20,159.0703,160.6682,158.455,159.4276,1119015
2017-12-21,159.6162,160.3705,157.8695,158.1871,1055970
2017-12-22,157.3137,158.8917,156.2915,157.2442,1249023
2017-12-26,157.3435,158.9215,156.0533,157.7008,957188
2017-12-27,157.8,157.939,155.9044,156.8274,673786
2017-12-28,156.6488,157.6114,155.1899,156.5396,692366
2017-12-29,157.0854,157.15,154.6738,154.773,641663
2018-01-02,155.7258,157.8794,155.4777,157.8,809914
2018-01-03,156.7778,157.403,153.86,155.5769,1589129
2018-01-04,155.6067,156.9465,151.3491,153.8897,1946501
2018-01-05,155.0608,156.0434,153.592,155.9739,938802
2018-01-08,156.1128,158.6734,154.9616,157.9489,1502599
2018-01-09,157.3733,160.2017,156.4999,159.4276,2008318
2018-01-10,158.5146,159.507,156.5197,159.4574,1278697
2018-01-11,159.7849,161.5614,157.9886,161.0751,1544169
2018-01-12,162.137,165.0548,161.0752,164.9953,1838431
2018-01-16,165.6404,170.5332,165.2434,169.372,2686782
2018-01-17,169.8682,172.528,169.4713,171.5256,1747329
2018-01-18,170.6126,170.7019,168.0917,170.4836,1368975
2018-01-19,170.4042,171.8134,167.9429,169.0743,2400022
2018-01-22,169.3919,172.5677,169.1239,171.6547,1561238
2018-01-23,171.6249,171.7241,168.975,169.3125,1788711
2018-01-24,171.8333,176.6268,171.0691,173.2624,1939277
2018-01-25,172.7761,174.1159,170.682,173.8777,1022030
2018-01-26,174.2946,176.6566,174.2003,175.3863,1354132
2018-01-29,175.1679,177.5101,174.4434,174.9992,1613913
2018-01-30,169.5209,170.9996,165.948,170.4538,2691105
2018-01-31,172.1608,172.7067,166.8832,167.6054,2755677
2018-02-01,163.1493,166.7321,159.2093,165.0151,2663588
2018-02-02,163.6654,163.8043,157.3633,158.0084,2173949
2018-02-05,157.3832,158.4352,151.2399,151.2399,2315020
2018-02-06,149.255,154.1627,146.9426,151.3689,2996638
2018-02-07,150.4658,155.1105,150.1482,151.6766,1485211
2018-02-08,151.4682,154.5051,148.997,149.0962,2750956
2018-02-09,151.0017,151.0613,143.7568,147.806,2232756
2018-02-12,148.4908,150.3169,146.7937,147.8953,1261056
2018-02-13,143.9057,146.2876,142.0002,145.0768,2461067
2018-02-14,144.263,148.9573,143.9156,147.6472,1875812
2018-02-15,148.1534,148.4908,145.1065,147.5777,1539253
2018-02-16,147.1113,150.8925,146.9426,149.3642,1719818
2018-02-20,148.8679,149.5329,146.8036,147.7266,1078338
2018-02-21,147.5976,150.2673,147.5281,148.461,1139626
2018-02-22,148.6297,151.6667,148.2328,148.9573,1583777
2018-02-23,149.5825,151.9098,149.1657,151.4979,1233926
2018-02-26,151.359,154.0982,151.0712,153.3538,1264096
2018-02-27,153.8302,154.2073,150.704,152.5202,1969628
2018-02-28,152.9279,153.0771,148.2928,148.4321,1796030
2018-03-01,148.7106,149.5337,144.9707,145.7565,1993106
2018-03-02,145.0204,149.3472,144.0357,149.0985,1511193
2018-03-05,148.4818,151.3166,147.1639,150.501,1309612
2018-03-06,150.8988,151.0977,149.1781,150.3617,1162680
2018-03-07,149.198,151.4061,149.1333,150.9386,715061
2018-03-08,150.9485,153.2263,150.9386,153.1567,1670921
2018-03-09,153.9723,155.4245,153.2711,154.957,1267537
2018-03-12,155.2753,157.4436,154.9222,156.9563,1304485
2018-03-13,157.6227,160.0098,156.5286,156.8468,1490081
2018-03-14,157.195,157.931,153.1766,154.6089,2001610
2018-03-15,154.6089,156.0511,152.7787,153.1368,2487553
2018-03-16,153.2561,153.4004,150.9386,151.5155,3664168
2018-03-19,151.1077,151.6846,146.7113,146.8307,2787085
2018-03-20,147.2087,147.9348,139.9676,141.0517,3067702
2018-03-21,140.8429,143.7274,140.4649,142.1558,1304147
2018-03-22,141.2407,143.0013,140.4152,140.9324,1662127
2018-03-23,141.5988,142.1061,138.1076,138.2966,1942190
2018-03-26,140.067,140.3157,136.369,138.5452,1526817
2018-03-27,138.8735,140.1068,137.1825,138.0081,1411931
2018-03-28,138.595,141.7381,138.595,139.9079,1693883
2018-03-29,140.3356,141.2009,139.4404,140.1168,1560441
2018-04-02,139.51,141.6585,136.8046,139.0624,1916440
2018-04-03,139.7985,140.5843,137.2621,139.7786,1496479
2018-04-04,138.0976,141.3899,138.0678,140.5942,1752521
2018-04-05,141.5093,143.0311,140.0173,141.8475,1420419
2018-04-06,140.7036,141.3303,138.3861,138.963,2012983
2018-04-09,139.4703,141.2308,138.0081,139.2813,911560
2018-04-10,140.8329,143.4986,140.3654,142.4343,1676428
2018-04-11,140.7136,143.4091,140.445,142.315,790740
2018-04-12,142.9217,143.787,141.8375,143.1704,1516564
2018-04-13,143.618,144.0357,140.8528,142.0862,1601209
2018-04-16,142.9316,149.8942,141.1313,147.0893,3443490
2018-04-17,148.1436,149.9538,147.2584,148.7006,2123688
2018-04-18,148.5216,150.0285,148.0044,148.4818,1701705
2018-04-19,147.6761,147.9546,145.4183,146.3135,1188769
2018-04-20,146.8307,146.8307,144.3242,145.468,1007874
2018-04-23,145.6968,148.0839,145.6968,147.5369,1189587
2018-04-24,148.6807,150.3319,147.1042,148.0939,1282791
2018-04-25,147.1888,151.3464,147.0992,150.8988,1511946
2018-04-26,152.1819,153.3755,149.3671,153.1368,1818460
2018-04-27,152.9776,157.8117,152.162,157.2845,1799392
2018-04-30,157.374,159.98,155.3549,155.3748,2110382
2018-05-01,154.778,156.0611,152.1421,153.3854,1439337
2018-05-02,153.0075,157.4038,152.6693,153.8032,1512532
2018-05-03,149.6356,150.1926,144.8513,145.8062,3794775
2018-05-04,145.5376,147.3081,144.544,146.035,1682675
2018-05-07,146.0648,147.6811,142.7228,143.5085,2534260
2018-05-08,144.9607,144.9607,141.8077,143.24,1515152
2018-05-09,143.6677,145.0503,142.8222,144.0357,1325912
2018-05-10,144.722,148.3227,144.6325,146.4726,1301188
2018-05-11,146.2936,149.6953,144.9607,148.4122,1739550
2018-05-14,149.2477,150.9287,149.2477,150.2125,914655
2018-05-15,149.8246,150.9485,147.9845,148.7902,910728
2018-05-16,149.3472,150.3716,148.2133,149.3571,1001369
2018-05-17,149.745,151.048,148.7006,150.1827,1247011
2018-05-18,150.2722,150.7198,148.0542,148.1237,1090901
2018-05-21,148.2729,148.6807,145.3487,145.7167,1531877
2018-05-22,145.8858,146.95,145.0403,145.657,2304283
2018-05-23,145.6769,146.6417,145.1298,146.0449,2145532
2018-05-24,143.2201,144.5131,138.0181,143.2599,3543682
2018-05-25,143.1604,145.8957,142.2851,145.0304,2076949
2018-05-29,144.1252,144.1252,139.3807,140.4649,2649644
2018-05-30,141.2407,144.3142,140.7235,143.6577,1870722
2018-05-31,143.3487,143.3487,140.8163,141.5142,2331035
2018-06-01,142.5212,142.7305,141.0057,141.8133,1026187
2018-06-04,141.574,143.4783,141.1253,142.3716,1567605
2018-06-05,142.3218,143.4484,142.0027,143.3387,2404978
2018-06-06,144.1961,145.911,143.4683,145.2031,2279370
2018-06-07,143.7175,145.9309,143.3686,145.1931,1180758
2018-06-08,145.572,145.7215,143.4583,144.9339,1136539
2018-06-11,144.8541,145.9409,143.9269,144.7744,1251428
2018-06-12,145.233,145.4723,143.3387,145.1034,1366843
2018-06-13,145.6816,149.889,145.6517,149.0714,3584854
2018-06-14,149.55,150.7863,148.3486,149.55,2024484
2018-06-15,149.2808,150.6218,148.7524,149.55,3216165
2018-06-18,148.9817,148.9817,145.223,145.6019,1775574
2018-06-19,144.565,146.6587,143.8671,146.2998,1119183
2018-06-20,146.2599,148.0844,145.5421,147.0575,1348064
2018-06-21,147.5161,147.875,145.8412,146.0206,1163861
2018-06-22,146.898,148.9817,146.5889,148.4334,1851195
2018-06-25,147.8451,148.5929,145.0037,145.6318,1237888
2018-06-26,145.6418,146.2001,143.4354,144.4952,1026486
2018-06-27,144.4952,145.6218,143.3287,144.226,1150702
2018-06-28,137.925,138.8322,131.0381,135.3926,4687839
2018-06-29,135.4923,135.8562,132.4372,132.9998,2260170
2018-07-02,132.8303,135.1433,131.6539,134.4754,1548133
2018-07-03,134.5551,135.1827,133.3986,134.1663,696241
2018-07-05,134.9639,136.3796,133.7276,135.6319,1883997
2018-07-06,135.6718,137.8951,135.3926,137.4664,1024413
2018-07-09,138.0446,139.3507,136.9579,137.8552,1389572
2018-07-10,138.4434,139.4404,137.7306,138.1044,1162284
2018-07-11,136.7585,136.7585,133.5581,134.2959,1603507
2018-07-12,135.1035,135.6219,133.937,135.5721,1320358
2018-07-13,135.3926,137.0775,135.0437,136.1802,814616
2018-07-16,136.3597,136.3597,134.4554,135.1733,898803
2018-07-17,134.9041,135.5721,134.0167,134.1763,1134034
2018-07-18,133.937,135.0636,132.8004,133.937,1281793
2018-07-19,132.95,134.4953,129.1913,133.4086,2574384
2018-07-20,132.2022,133.4086,131.0756,132.5013,1955609
2018-07-23,132.1324,133.4285,131.8034,132.2321,1327996
2018-07-24,132.4116,133.7376,131.5143,131.5841,1679592
2018-07-25,131.9131,133.1194,130.4973,132.95,2167068
2018-07-26,131.594,131.7735,126.1255,126.6788,3292588
2018-07-27,126.1404,126.3797,122.5512,123.5183,2039439
2018-07-30,123.628,126.5193,123.2491,125.5223,2011846
2018-07-31,125.4525,127.4764,124.7147,125.2232,2850763
2018-08-01,125.303,126.619,124.1564,124.4156,3179880
2018-08-02,124.2362,124.5353,122.631,123.618,2259783
2018-08-03,123.5283,126.5392,123.5283,125.8314,1346853
2018-08-06,124.9839,127.8802,124.9839,126.3697,1549341
2018-08-07,126.4395,127.6958,125.1235,126.3697,860413
2018-08-08,126.1903,126.3697,123.4286,123.6878,1652252
2018-08-09,123.628,124.3558,123.2591,123.5084,1066175
2018-08-10,123.1295,123.4779,122.2621,122.7706,990673
2018-08-13,122.641,126.5691,122.5811,125.6519,1689851
2018-08-14,125.8314,126.7287,125.6918,126.3,1418401
2018-08-15,125.5522,126.3099,124.4156,126.0407,1345145
2018-08-16,127.1175,127.6858,125.3428,126.7087,1560686
2018-08-17,126.4395,130.1883,126.3598,128.9919,1814243
2018-08-20,128.952,130.6568,128.8124,130.258,1665120
2018-08-21,130.1584,130.607,129.3807,129.9988,1067757
2018-08-22,129.6399,129.9988,128.613,129.3308,1003056
2018-08-23,129.4505,129.9889,128.8224,128.9719,694318
2018-08-24,129.4206,130.1883,128.9221,129.281,1173532
2018-08-27,129.6499,131.3896,129.3707,129.929,1672448
2018-08-28,130.0487,130.2182,128.8074,129.61,1773820
2018-08-29,129.7695,130.7167,129.1168,129.61,1676820
2018-08-30,129.281,130.2082,127.8553,129.5901,1477845
2018-08-31,128.69,129.885,127.641,128.75,1271696
2018-09-04,128.31,129.0,123.82,123.9,1833323
2018-09-05,123.18,124.26,122.49,123.43,1750340
2018-09-06,123.31,126.14,123.27,125.5,2509656
2018-09-07,124.57,130.01,124.36,129.74,3931746
2018-09-10,129.82,131.64,129.66,130.36,1598397
2018-09-11,129.88,130.19,129.15,130.08,1375944
2018-09-12,130.05,131.58,129.14,130.29,1144430
2018-09-13,131.2,131.86,129.41,129.61,1784909
