date,open,high,low,close,volume
2013-09-16,48.7706,48.9447,48.5449,48.7886,2522685
2013-09-17,48.7706,48.924,48.554,48.6803,2523299
2013-09-18,48.6532,48.9511,48.0937,48.8067,4809938
2013-09-19,48.8608,48.8698,48.554,48.7345,2778262
2013-09-20,48.9601,49.0052,48.4186,48.4727,6328798
2013-09-23,48.4818,48.6352,48.3013,48.5179,2611233
2013-09-24,48.5991,48.6143,48.202,48.22,2863179
2013-09-25,48.2471,48.2652,47.6154,47.6605,3631184
2013-09-26,47.5973,47.9493,47.5703,47.7778,2067265
2013-09-27,47.6334,47.9312,47.5071,47.832,2920334
2013-09-30,47.6695,48.6262,47.471,48.0576,5588261
2013-10-01,48.1388,48.3554,47.8771,48.3013,2987339
2013-10-02,48.1471,48.5644,48.0654,48.5553,3440313
2013-10-03,48.3829,48.4464,47.7397,48.1198,3178018
2013-10-04,48.0745,48.4464,47.8386,48.4011,2228894
2013-10-07,48.0473,48.0654,47.7479,47.8295,2631284
2013-10-08,47.8749,48.3739,47.5755,47.5936,5112085
2013-10-09,47.6844,48.3376,47.6572,48.138,4238210
2013-10-10,48.51,49.2357,48.4374,49.2357,3543374
2013-10-11,49.018,49.9343,49.0089,49.889,4230131
2013-10-14,49.6803,50.2065,49.5896,50.0704,3452177
2013-10-15,49.9343,50.2337,49.458,49.517,3086095
2013-10-16,49.6077,50.3335,49.5986,50.3335,3334222
2013-10-17,50.27,51.1409,50.1339,51.0956,3477760
2013-10-18,51.2407,51.4403,50.9323,51.3405,4941041
2013-10-21,51.1954,51.2816,50.8143,51.2498,3657775
2013-10-22,51.3224,51.5492,51.1863,51.4675,3183119
2013-10-23,51.6853,52.5109,51.6218,52.3022,4954055
2013-10-24,52.2115,52.3385,51.717,52.1661,4375452
2013-10-25,52.275,52.4201,51.717,52.0391,2817582
2013-10-28,52.0119,52.5834,51.9937,52.3022,3722463
2013-10-29,52.4564,53.1459,52.2846,53.0734,5742418
2013-10-30,53.2004,53.3637,52.3294,52.5653,4035446
2013-10-31,52.6197,52.7014,52.0545,52.0754,6618979
2013-11-01,52.2115,52.402,51.6717,51.9484,4723756
2013-11-04,51.2135,52.1389,51.2135,51.9575,8695720
2013-11-05,51.5311,51.9212,51.4948,51.8032,4104265
2013-11-06,52.275,52.7014,52.03,52.1389,4427793
2013-11-07,52.2206,52.4474,51.9484,51.9847,4102478
2013-11-08,51.9847,52.656,51.8304,52.647,3357507
2013-11-11,52.8012,52.9282,52.5925,52.7014,2849140
2013-11-12,52.6107,52.6379,52.2115,52.5199,2612258
2013-11-13,52.2931,52.8012,51.9847,52.7921,3398216
2013-11-14,52.9282,53.3909,52.6197,53.3818,3611110
2013-11-15,53.3002,53.3727,52.7105,53.1187,5443593
2013-11-18,53.0098,53.1822,52.6923,52.901,3653013
2013-11-19,52.4836,53.0416,51.9847,52.5653,4986783
2013-11-20,52.656,52.6923,51.277,51.6127,5823948
2013-11-21,52.0572,52.1298,51.7579,51.8032,3776307
2013-11-22,51.8849,52.2931,51.5583,52.2568,3742166
2013-11-25,52.3929,52.5925,51.8395,51.9665,2647196
2013-11-26,52.03,52.157,51.6308,52.0391,3548524
2013-11-27,52.0482,52.2931,51.8395,52.1208,2239579
2013-11-29,52.157,52.1843,51.8395,52.0028,2247202
2013-12-02,52.0028,52.6107,51.8486,52.1933,3952117
2013-12-03,52.0482,52.3476,51.7851,52.2931,4652914
2013-12-04,51.9575,52.6379,51.404,51.649,4477306
2013-12-05,51.6671,51.776,51.404,51.6308,4352818
2013-12-06,52.1933,52.783,52.157,52.7467,3318190
2013-12-09,52.774,52.8012,52.2568,52.5018,3579314
2013-12-10,52.0754,52.3022,51.9393,52.0572,2740296
2013-12-11,52.0663,52.1026,50.9822,51.0411,4009934
2013-12-12,50.9051,50.9686,50.4514,50.4877,3496797
2013-12-13,50.7327,50.9686,50.4061,50.7055,2536112
2013-12-16,51.023,51.3677,50.9232,51.1137,3156392
2013-12-17,51.9937,52.0572,50.8506,51.3405,4639444
2013-12-18,51.5401,52.4111,50.9776,52.402,4786049
2013-12-19,52.1026,52.2568,51.7941,51.8667,4110021
2013-12-20,51.8304,51.8849,51.5764,51.6127,6769444
2013-12-23,51.9847,52.1117,51.7125,52.0754,3628502
2013-12-24,52.0845,52.1388,51.8304,52.0482,1249445
2013-12-26,52.1661,52.1661,51.9665,52.1389,1887258
2013-12-27,52.2296,52.3385,51.9484,52.0754,1834819
2013-12-30,52.1389,52.2296,51.9756,52.0482,1882622
2013-12-31,52.2032,52.4129,52.1211,52.3217,3299685
2014-01-02,52.1576,52.381,51.9981,52.1849,4219216
2014-01-03,53.0602,53.3291,52.6089,53.1878,12577592
2014-01-06,53.9263,54.4915,53.6983,53.9901,10544159
2014-01-07,54.5006,54.8197,54.2727,54.5553,6512674
2014-01-08,54.5736,55.5491,54.4642,55.467,6725042
2014-01-09,52.8778,54.4642,52.8049,54.1177,8137050
2014-01-10,54.4003,54.9291,54.0539,54.6556,6551683
2014-01-13,54.5006,54.683,53.9491,54.0174,4263982
2014-01-14,54.2454,54.2869,53.6801,54.1633,4546517
2014-01-15,54.3365,54.519,53.9536,54.0904,4785623
2014-01-16,54.136,54.3001,53.7713,53.8898,4321415
2014-01-17,53.8898,54.3274,53.6892,54.2545,6486151
2014-01-21,54.3821,54.6009,53.8169,54.1268,4490185
2014-01-22,54.2454,54.2727,53.4795,53.9263,4085210
2014-01-23,53.8351,53.9901,53.3701,53.5251,4396017
2014-01-24,53.2425,53.3336,52.112,52.112,5696935
2014-01-27,52.2397,52.5405,51.8345,51.9297,4402245
2014-01-28,51.9661,52.4858,51.9661,52.0482,4050115
2014-01-29,51.7473,52.0482,51.1748,51.3827,5511648
2014-01-30,51.6471,52.2488,51.5468,51.9753,4710681
2014-01-31,51.4191,51.9114,51.1547,51.565,4403986
2014-02-03,51.565,51.5832,49.7872,49.8784,7089700
2014-02-04,49.304,49.8601,48.6203,48.8664,15938413
2014-02-05,49.1581,50.1109,48.9849,49.8966,9625107
2014-02-06,49.9057,50.2066,49.759,49.9148,5126380
2014-02-07,50.626,50.7992,50.2248,50.6807,4365984
2014-02-10,50.781,51.0271,50.6898,50.8812,3688077
2014-02-11,50.7718,51.5377,50.708,51.483,3407598
2014-02-12,51.6471,51.8112,51.3006,51.4465,3032337
2014-02-13,51.2641,51.6106,51.1183,51.6015,2543879
2014-02-14,51.565,51.9661,51.1912,51.8567,5170488
2014-02-18,51.7747,51.7747,50.4163,51.2277,7573855
2014-02-19,51.173,52.03,51.0545,51.2368,6517476
2014-02-20,51.3827,51.9935,51.2094,51.9661,3846188
2014-02-21,52.03,52.6134,51.9661,52.0755,5084584
2014-02-24,52.2032,52.9143,52.112,52.5132,4397119
2014-02-25,52.6499,52.659,52.0117,52.3764,3461808
2014-02-26,52.5405,53.083,52.4402,52.7046,4008368
2014-02-27,52.6226,53.1696,52.6226,53.1513,3500313
2014-02-28,53.124,54.5189,53.1149,54.0266,7156985
2014-03-03,53.5069,54.1633,53.361,53.826,4802394
2014-03-04,54.3821,54.5918,54.1952,54.3821,4331091
2014-03-05,54.4733,54.5508,53.9673,54.373,3192644
2014-03-06,54.6556,54.7012,54.1907,54.4915,4134703
2014-03-07,54.7286,54.7286,54.1268,54.6192,4140591
2014-03-10,54.3639,54.7924,54.1542,54.765,4343691
2014-03-11,54.7559,55.385,54.5006,54.9382,5143790
2014-03-12,54.683,54.92,54.373,54.5462,4259720
2014-03-13,54.7012,54.92,53.6801,53.8169,3963657
2014-03-14,53.826,54.2545,53.6026,53.6619,4333046
2014-03-17,53.7713,54.373,53.7713,53.9901,3576963
2014-03-18,54.0813,54.8562,54.0448,54.5645,3612320
2014-03-19,54.7012,55.1479,54.1815,54.5645,3510676
2014-03-20,54.528,54.528,53.9445,54.3183,2891588
2014-03-21,54.7559,55.0476,53.4795,53.6345,7154973
2014-03-24,53.9354,53.9855,52.7502,53.0146,4424901
2014-03-25,53.1969,53.8533,53.1696,53.7895,2976834
2014-03-26,54.1086,54.683,53.9719,54.0539,4136722
2014-03-27,53.9901,54.1177,53.3063,53.9445,4886450
2014-03-28,54.4368,55.5308,54.3821,55.075,7155822
2014-03-31,56.0687,56.2875,55.3485,56.1052,7741774
2014-04-01,56.169,56.7069,55.9685,56.169,4626582
2014-04-02,55.9401,56.7827,55.9401,56.6544,4945787
2014-04-03,56.8651,57.1582,56.6728,57.0666,4971840
2014-04-04,56.92,57.6069,56.2606,56.3888,5277824
2014-04-07,56.3797,56.9109,56.2881,56.4346,5609018
2014-04-08,56.4255,56.5445,55.7386,55.8668,4313375
2014-04-09,55.8302,56.2881,55.6378,56.2331,5258591
2014-04-10,56.2973,56.5079,54.6487,55.0425,5718465
2014-04-11,54.8136,54.8594,54.1359,54.2183,4727967
2014-04-14,51.4249,53.449,51.1502,53.1925,10495953
2014-04-15,53.1193,53.5405,52.1943,53.1651,6820452
2014-04-16,53.5955,53.797,53.0826,53.568,5001101
2014-04-17,53.449,54.2503,53.2841,53.623,6055995
2014-04-21,53.2246,54.1359,53.1742,53.9802,3851560
2014-04-22,54.0351,54.2,53.394,53.394,4167337
2014-04-23,53.3665,53.5726,53.0735,53.4673,3521050
2014-04-24,53.8428,53.9893,53.2795,53.4306,3387866
2014-04-25,53.4581,53.4581,52.9407,53.3116,3141215
2014-04-28,53.8703,53.9802,53.1193,53.7878,5156287
2014-04-29,53.8519,54.0763,53.6779,53.8519,2747623
2014-04-30,53.7604,53.8886,53.4948,53.8703,3143120
2014-05-01,53.8886,54.493,53.6321,54.2274,3771950
2014-05-02,54.2915,54.3923,53.6871,53.8245,4189236
2014-05-05,53.6871,54.1725,53.3482,54.0809,3979314
2014-05-06,54.0717,54.5938,53.9435,54.2183,3878088
2014-05-07,54.3373,54.4106,53.7329,54.3282,3716561
2014-05-08,54.3007,54.7586,54.2824,54.4289,3215815
2014-05-09,54.5205,55.2669,54.4289,55.1067,3686024
2014-05-12,55.3631,56.0225,55.3081,55.8576,3097033
2014-05-13,55.8851,56.0317,55.3356,55.7111,3612725
2014-05-14,55.6104,55.8668,55.4821,55.5463,2821051
2014-05-15,55.3173,55.4547,54.722,54.8685,4638881
2014-05-16,54.9601,55.3173,54.6945,55.3081,3945802
2014-05-19,55.2166,55.5737,55.0883,55.2623,3558527
2014-05-20,54.8227,54.8502,53.7878,54.4106,6871401
2014-05-21,54.5846,55.0151,54.3923,54.7312,3348700
2014-05-22,54.7037,54.9006,54.374,54.7495,2511526
2014-05-23,54.7678,54.951,54.6487,54.8868,1890523
2014-05-27,55.0242,55.4089,54.8689,55.3356,2308036
2014-05-28,55.3722,55.4364,55.0975,55.0975,2490055
2014-05-29,55.244,55.5921,55.0563,55.5188,1996578
2014-05-30,55.4272,55.9218,55.418,55.8943,2880904
2014-06-02,55.8668,55.9584,55.4547,55.8851,1925517
2014-06-03,55.702,55.9309,55.3951,55.876,3738675
2014-06-04,55.8668,58.9166,55.7294,57.9,12432774
2014-06-05,56.6544,57.0299,56.5171,56.8193,7570505
2014-06-06,57.0299,57.3871,56.8926,57.2131,3485650
2014-06-09,56.9567,57.1994,56.7827,57.0025,2859232
2014-06-10,56.7918,56.7918,56.2423,56.6544,3030649
2014-06-11,56.343,56.453,55.8027,56.0225,3126835
2014-06-12,56.0683,56.1599,55.5188,55.6745,3518580
2014-06-13,56.7185,56.7185,55.4913,55.5921,2085267
2014-06-16,58.1152,58.5228,53.4123,54.9784,65446699
2014-06-17,56.6544,56.7827,55.6562,56.398,28563051
2014-06-18,56.6819,58.5457,56.4621,58.4037,20716972
2014-06-19,58.6327,59.9881,58.6144,59.228,23598626
2014-06-20,59.5119,59.6676,58.2114,58.4861,17900305
2014-06-23,58.4403,59.1455,58.3396,58.7426,10238599
2014-06-24,58.3762,59.2097,58.303,58.6785,9763985
2014-06-25,58.8983,59.2371,58.6144,58.7975,8209660
2014-06-26,58.9807,59.2554,58.3579,59.2188,10264219
2014-06-27,59.2005,59.3012,58.5154,58.7243,10748152
2014-06-30,58.8983,59.0082,58.3121,58.3945,11711610
2014-07-01,58.2427,58.9605,58.1599,58.8133,7730132
2014-07-02,58.8133,59.0871,58.5832,58.8133,7153093
2014-07-03,59.0618,59.4115,58.7213,59.4023,4349897
2014-07-07,58.8133,59.0986,58.2243,58.5372,7616048
2014-07-08,58.9697,59.0986,58.4452,58.5464,7627777
2014-07-09,58.9513,59.1722,58.436,58.528,7576041
2014-07-10,58.0955,58.4958,57.6538,58.4084,5161627
2014-07-11,58.3808,58.7581,57.8654,58.7029,7533716
2014-07-14,58.8961,58.9789,58.3624,58.9329,8873175
2014-07-15,58.7765,59.2182,58.4688,58.4912,9138894
2014-07-16,58.436,58.712,57.028,57.9114,15113630
2014-07-17,56.982,57.6262,56.8163,57.3869,7457274
2014-07-18,56.982,57.6262,56.8163,57.3869,7457279
2014-07-21,57.2489,57.5525,56.8071,57.4329,5563528
2014-07-22,57.6078,58.0771,57.4973,57.709,8613553
2014-07-23,57.7458,58.5004,57.5341,58.3164,8829034
2014-07-24,58.5464,58.8685,58.1691,58.2335,9664736
2014-07-25,58.2151,58.3992,57.617,57.8838,5208280
2014-07-28,57.7642,58.0035,57.4053,57.755,5988714
2014-07-29,57.8746,57.9575,57.2397,57.6538,6968033
2014-07-30,57.8286,57.9391,57.2765,57.5894,6593884
2014-07-31,57.3225,57.3777,56.6599,56.8163,6768447
2014-08-01,56.7427,57.5986,56.3194,57.4881,5990847
2014-08-04,56.7427,57.5986,56.3194,57.4881,5990981
2014-08-05,57.3409,57.893,56.7105,57.0464,10402293
2014-08-06,56.2274,56.8808,55.8685,56.4114,19503808
2014-08-07,56.5587,56.7335,55.8409,56.1354,12892324
2014-08-08,56.1722,57.3041,55.9099,57.1936,10209513
2014-08-11,57.3685,57.617,57.0648,57.12,5580918
2014-08-12,57.0556,57.3777,56.9176,57.2489,4421025
2014-08-13,57.5525,58.4176,57.4329,58.4084,6665674
2014-08-14,58.5372,58.9329,58.4084,58.6476,5346946
2014-08-15,58.4544,58.7305,57.7688,58.2059,8477080
2014-08-18,58.5924,58.6937,58.1783,58.4084,6171676
2014-08-19,58.8409,58.9559,58.2335,58.9053,8808103
2014-08-20,58.6384,59.2182,58.4084,59.0342,5996362
2014-08-21,59.3378,59.4667,58.9743,58.9881,3949375
2014-08-22,58.9145,59.2642,58.4498,58.5188,5146175
2014-08-25,58.8317,58.9697,58.4729,58.5556,4470947
2014-08-26,58.6937,58.8317,58.4268,58.4544,5101978
2014-08-27,58.5096,58.6292,58.1737,58.3072,3051028
2014-08-28,58.2795,58.4176,58.0311,58.0863,3883116
2014-08-29,58.3624,58.7673,58.0311,58.7581,4724028
2014-09-02,58.7765,58.8777,58.482,58.8133,5037795
2014-09-03,58.8961,59.4391,58.8501,59.1814,5606239
2014-09-04,59.117,59.393,58.5648,58.9053,9243758
2014-09-05,58.9973,59.2182,58.6016,59.1814,6002552
2014-09-08,59.2642,59.8072,59.1906,59.6047,5627595
2014-09-09,59.6415,60.6538,59.5035,60.3133,10835346
2014-09-10,60.525,60.9299,60.3133,60.709,7497559
2014-09-11,60.3685,60.5986,60.0372,60.4974,5845073
2014-09-12,60.1891,60.5434,59.7529,59.9912,5008260
2014-09-15,60.0464,60.1937,59.5863,59.7704,3727049
2014-09-16,59.6599,60.9299,59.2918,60.9115,6301795
2014-09-17,60.9759,61.0311,60.0924,60.7182,8253735
2014-09-18,61.0219,61.4176,60.7734,61.2243,5464635
2014-09-19,61.6293,61.7581,60.9391,60.9391,9196404
2014-09-22,60.6906,60.8194,60.2581,60.7182,7394183
2014-09-23,58.4268,59.5035,58.2611,58.9697,18538777
2014-09-24,58.9605,59.2458,58.0403,58.6845,16431964
2014-09-25,58.6845,59.1906,57.7366,57.7458,10569119
2014-09-26,57.9022,58.5924,57.6814,58.2887,8141784
2014-09-29,57.663,57.9943,57.5157,57.5525,7886221
2014-09-30,57.9759,57.9759,56.9912,57.0096,14432932
2014-10-01,57.2916,58.05,56.968,57.7725,13010847
2014-10-02,57.8003,58.4014,57.1899,58.0777,10372809
2014-10-03,60.6024,60.866,59.9181,60.1308,29983999
2014-10-06,60.3527,60.4915,59.9088,60.0198,10306656
2014-10-07,59.5482,59.8071,59.0488,59.132,8279424
2014-10-08,59.0765,60.8059,59.0488,60.7874,10215145
2014-10-09,60.4267,60.6672,58.8546,58.8638,9472607
2014-10-10,58.8546,60.0614,58.7251,59.2892,10563477
2014-10-13,59.095,59.2152,58.2719,58.3182,8213970
2014-10-14,58.6789,59.4372,58.2904,58.7343,9107197
2014-10-15,57.6801,58.2904,55.3311,57.5691,28912881
2014-10-16,56.8755,58.1147,56.672,57.1622,11991144
2014-10-17,57.8835,57.8835,56.7645,57.3286,18751811
2014-10-20,57.5043,59.2522,57.4766,59.0395,12465512
2014-10-21,59.2615,60.436,59.169,60.0938,14530662
2014-10-22,60.436,60.6487,59.7701,59.7979,8403780
2014-10-23,60.1955,60.9261,60.1678,60.6764,6647340
2014-10-24,60.8059,61.592,60.7134,61.555,7883002
2014-10-27,61.4255,61.6845,60.5839,61.2776,6673132
2014-10-28,61.333,61.5291,61.1851,61.5088,5708568
2014-10-29,63.5341,63.8208,63.1457,63.5341,11670718
2014-10-30,61.8047,62.6555,61.5827,62.3596,5566418
2014-10-31,63.0809,63.2668,62.785,63.0347,8663433
2014-11-03,62.9977,63.2474,62.4983,63.0254,4436013
2014-11-04,62.9884,63.1549,62.3226,62.822,5679892
2014-11-05,63.5341,63.8208,63.1457,63.5341,11671518
2014-11-06,63.682,63.904,63.3306,63.5711,7329513
2014-11-07,63.5341,63.682,62.6925,62.9792,6054029
2014-11-10,62.9977,63.5803,62.6,63.5433,5932872
2014-11-11,63.5433,64.1167,63.3121,63.8023,4544271
2014-11-12,63.3954,63.719,63.1179,63.3491,4630509
2014-11-13,63.6451,64.3849,63.4971,64.1629,6920130
2014-11-14,64.2369,64.2647,63.6266,63.7653,5833696
2014-11-17,63.5988,64.4034,63.5618,63.9872,5325543
2014-11-18,64.1722,67.2703,63.6543,67.0206,12950256
2014-11-19,66.8356,67.0113,66.253,66.364,8109028
2014-11-20,66.0218,66.6692,65.5686,66.6599,6878081
2014-11-21,67.3443,67.409,66.7062,67.0391,8974353
2014-11-24,67.1408,67.4645,66.8726,67.446,6667138
2014-11-25,67.3165,67.631,67.1871,67.3165,5620971
2014-11-26,67.3443,68.0194,67.2888,67.9546,5062731
2014-11-28,68.3708,68.9257,68.0934,68.3153,3074511
2014-12-01,67.8899,68.5881,67.4552,68.3153,5350010
2014-12-02,68.4263,69.1569,68.417,68.7407,5500957
2014-12-03,68.6297,69.3973,68.565,69.2124,7224565
2014-12-04,69.2124,69.3511,67.95,68.3801,8257880
2014-12-05,68.3246,69.4528,68.1673,69.3973,9583512
2014-12-08,69.1846,69.647,68.9072,69.1661,7343926
2014-12-09,68.1673,69.1569,68.0841,69.1014,5373368
2014-12-10,68.6575,68.9719,67.6957,67.7234,6506884
2014-12-11,68.1304,68.6945,68.0194,68.2228,6224034
2014-12-12,67.2518,68.1766,67.0483,67.0668,7569522
2014-12-15,67.8992,67.9824,66.5582,66.5767,6942692
2014-12-16,65.4762,67.5292,65.4577,65.9756,8380070
2014-12-17,66.3547,67.3003,66.1883,67.2056,9054329
2014-12-18,68.1858,69.0644,67.8807,69.0182,7014837
2014-12-19,69.0459,69.3603,68.4355,69.0089,10460623
2014-12-22,69.0367,69.9522,68.9719,69.8875,10384034
2014-12-23,69.869,69.9707,68.1951,68.2228,7335561
2014-12-24,68.3246,68.8517,67.8992,68.5095,3237695
2014-12-26,68.4818,68.639,67.9824,68.0749,4206228
2014-12-29,67.8622,68.3708,67.6864,68.1488,4611412
2014-12-30,68.1999,68.3764,67.4756,67.8563,4990825
2014-12-31,68.0513,68.4878,66.9648,67.0484,4747242
2015-01-02,66.9834,67.782,66.3149,66.7512,6030518
2015-01-05,66.3983,66.7141,66.0176,66.4726,11258672
2015-01-06,66.8627,67.2991,65.8133,66.1383,12838806
2015-01-07,66.6027,67.8833,66.4076,67.7913,8104070
2015-01-08,68.4507,69.4443,68.4507,69.4165,7608395
2015-01-09,69.305,69.5,68.85,69.0914,8790582
2015-01-12,69.1471,69.4072,68.8128,69.1564,7293961
2015-01-13,69.5372,70.0108,67.3595,67.5963,9508287
2015-01-14,66.6677,67.2899,66.3148,66.6491,8702313
2015-01-15,67.132,67.2434,66.3798,66.7698,13290230
2015-01-16,66.5748,67.652,66.1662,67.5684,8832005
2015-01-20,67.7356,68.0235,66.5006,67.0484,10528372
2015-01-21,66.7512,68.0142,66.3798,67.847,10793799
2015-01-22,67.7635,70.1037,67.7635,70.0944,17866642
2015-01-23,70.438,71.8681,70.0851,71.4595,23255346
2015-01-26,71.3852,71.4409,69.63,70.1965,34907425
2015-01-27,69.6672,70.2151,69.2957,69.8901,9927213
2015-01-28,69.5093,70.1222,68.1721,68.1721,12731818
2015-01-29,67.9028,68.1442,66.9648,67.8006,11889863
2015-01-30,67.6427,67.717,66.129,66.3055,15810859
2015-02-02,65.9155,67.587,65.8504,67.5684,9912258
2015-02-03,68.2371,69.4722,67.9213,69.4536,9746421
2015-02-04,69.3236,69.7322,68.7014,68.8407,7378251
2015-02-05,69.7693,70.0758,69.3793,69.9458,5737695
2015-02-06,69.9458,70.2569,68.9986,69.1564,5421045
2015-02-09,68.9614,69.24,68.2278,68.3671,5470845
2015-02-10,68.6828,69.7043,68.4785,69.5279,5663339
2015-02-11,69.5558,69.8158,68.7525,69.0821,7457746
2015-02-12,69.4722,69.6858,68.9986,69.5836,5542758
2015-02-13,69.1471,69.9086,68.4692,69.8901,9009406
2015-02-17,71.0787,72.7132,70.8837,72.4996,13477485
2015-02-18,72.4346,72.9918,72.4067,72.8989,7801355
2015-02-19,72.9825,72.9825,72.2953,72.5553,6900528
2015-02-20,72.3974,73.1775,71.9238,73.1682,6665183
2015-02-23,73.0568,73.7811,73.0568,73.5954,6051519
2015-02-24,73.4654,73.5582,73.1125,73.3818,4855868
2015-02-25,73.3818,73.7347,72.8478,73.0196,4598767
2015-02-26,73.1218,73.3539,72.7833,73.1868,5413486
2015-02-27,72.9267,73.1403,72.026,72.0538,8848172
2015-03-02,72.3788,73.2889,72.1374,73.2053,5240285
2015-03-03,73.1775,73.3446,71.8495,72.4624,4662494
2015-03-04,72.026,72.871,71.5523,72.611,5382885
2015-03-05,72.7875,73.3261,72.4718,72.8989,5780484
2015-03-06,72.4346,72.7317,70.9766,71.023,7052352
2015-03-09,71.1066,71.6174,70.7537,71.4131,6134437
2015-03-10,71.0509,71.1902,70.4287,70.4565,5252717
2015-03-11,70.5773,71.5059,70.4287,70.6237,6954560
2015-03-12,70.4751,71.348,70.3915,71.283,4014435
2015-03-13,71.1809,71.2087,70.4658,71.0137,5289004
2015-03-16,71.4038,72.3138,71.3852,72.1281,6497315
2015-03-17,71.8959,71.9702,70.9599,71.2459,4497408
2015-03-18,70.9673,72.6203,70.6701,72.0724,5859156
2015-03-19,72.6853,72.6853,71.7567,72.1188,4793989
2015-03-20,72.7875,72.8524,72.1537,72.4531,9159478
2015-03-23,72.4346,73.2425,72.3696,73.0568,6150784
2015-03-24,73.1311,73.5861,73.066,73.1032,5854912
2015-03-25,73.2146,73.8275,72.0167,72.0631,8133633
2015-03-26,71.7321,72.2262,71.3312,71.4244,5591779
2015-03-27,71.3592,72.3474,71.3219,72.1423,4510282
2015-03-30,72.4407,73.1399,72.4407,73.1119,3765886
2015-03-31,73.1772,73.5035,72.5992,72.711,5773412
2015-04-01,73.2984,73.4009,70.8231,70.9863,8383932
2015-04-02,70.8651,71.8999,70.6972,71.6668,5113560
2015-04-06,71.1447,72.3008,71.1075,72.1237,4371983
2015-04-07,72.3195,72.5087,71.9279,71.9559,3529602
2015-04-08,72.1237,72.2076,71.1354,71.2193,6279630
2015-04-09,71.1727,71.9745,70.9304,71.9092,4888867
2015-04-10,71.8813,72.6831,71.8253,72.6551,4521264
2015-04-13,72.3474,73.3357,72.133,72.7949,5781953
2015-04-14,72.7204,72.7763,72.1983,72.6178,3989246
2015-04-15,72.7204,72.9861,72.4584,72.6364,3388771
2015-04-16,72.5152,72.7017,71.7414,71.8067,4201189
2015-04-17,71.266,72.0677,71.0833,71.3126,5815537
2015-04-20,71.6389,72.161,71.5643,71.9186,4248979
2015-04-21,72.2449,72.2822,71.7135,71.8626,4265091
2015-04-22,72.161,72.8322,71.844,72.7297,4861137
2015-04-23,72.4966,73.6247,72.3008,73.1865,4702394
2015-04-24,73.1679,73.1679,72.3288,72.3568,4662005
2015-04-27,72.7763,72.8602,70.7905,71.0515,8739775
2015-04-28,70.3057,71.5736,69.3836,71.3405,7761696
2015-04-29,70.9956,71.3499,69.9234,70.5667,5655316
2015-04-30,70.1658,70.5108,69.103,69.4106,6331538
2015-05-01,69.0004,70.5574,69.0004,70.4828,5883214
2015-05-04,70.8557,71.0702,70.604,70.7625,3137321
2015-05-05,70.7625,70.9956,69.681,69.8395,3474895
2015-05-06,69.9794,70.1565,68.7394,69.2894,4317146
2015-05-07,69.131,69.7463,69.075,69.5505,5003741
2015-05-08,70.1565,71.2193,70.1565,71.0515,3973165
2015-05-11,70.8651,71.266,70.7905,70.8744,3126526
2015-05-12,70.3057,70.5574,69.9794,70.1099,3769988
2015-05-13,70.1379,70.4269,69.5225,69.7929,3506507
2015-05-14,70.2497,71.3778,70.0726,71.0981,3877240
2015-05-15,71.1541,71.2473,70.8464,71.2473,4528358
2015-05-18,71.4244,72.4919,71.3965,72.2262,5406509
2015-05-19,72.5805,73.373,72.45,73.1306,6593636
2015-05-20,73.1306,73.7273,73.0653,73.4569,6868702
2015-05-21,73.3543,73.373,72.9908,73.1026,3537645
2015-05-22,72.9721,73.3637,72.5339,72.5525,2965656
2015-05-26,72.1516,72.1889,71.1914,71.3872,4505117
2015-05-27,72.1889,72.1983,71.2939,72.0864,3734874
2015-05-28,72.0491,72.5712,71.7321,71.9838,4065912
2015-05-29,71.9092,72.1423,71.1541,71.1541,7214383
2015-06-01,71.8533,72.3987,71.1541,71.5083,6532401
2015-06-02,71.3032,72.1983,70.8651,71.6762,7768828
2015-06-03,71.844,72.0491,71.2007,71.6295,6447084
2015-06-04,71.1914,71.6295,70.5201,70.893,8645611
2015-06-05,70.6506,70.8464,70.2591,70.3523,6422999
2015-06-08,70.3803,70.6786,70.0446,70.0539,6486657
2015-06-09,70.2124,70.2963,69.737,69.8488,6448893
2015-06-10,70.1099,71.1727,69.9514,71.0049,6276469
2015-06-11,71.2287,71.4338,70.9303,71.0608,5205400
2015-06-12,70.5294,70.8278,70.2404,70.4082,5522827
2015-06-15,70.0073,70.576,69.3267,70.315,5922267
2015-06-16,70.315,70.6227,70.0183,70.4828,3727838
2015-06-17,70.4455,70.8744,70.2497,70.5854,4894138
2015-06-18,70.632,71.7368,70.632,71.527,4598214
2015-06-19,71.7694,72.0211,71.4058,71.5177,7450647
2015-06-22,72.0211,72.2029,71.7135,71.9838,3791640
2015-06-23,72.2822,72.3195,71.2846,71.4244,5044571
2015-06-24,71.8067,71.8067,70.1658,70.1751,4881044
2015-06-25,70.7936,71.6744,70.4657,70.728,5506285
2015-06-26,71.0184,71.1122,70.2501,70.4281,5995474
2015-06-29,69.6972,70.0814,68.629,68.6852,5106505
2015-06-30,69.5192,69.969,69.0225,69.4348,7613254
2015-07-01,69.6035,70.0064,69.1069,69.4161,5147176
2015-07-02,69.5848,69.6691,68.8539,69.1631,4589462
2015-07-06,68.4791,69.3224,68.2167,68.9007,6684351
2015-07-07,69.0038,69.1537,67.6553,68.8351,7498759
2015-07-08,68.2823,68.91,68.2073,68.2635,5623757
2015-07-09,69.1631,69.5285,68.4884,68.4884,7005613
2015-07-10,69.4255,69.7722,69.2287,69.6878,6640789
2015-07-13,70.072,70.728,70.072,70.4375,5796018
2015-07-14,70.6343,71.1309,70.475,71.1122,5485955
2015-07-15,71.084,71.3652,70.9716,71.1684,4601774
2015-07-16,71.7962,72.1991,71.7493,71.9649,4847274
2015-07-17,71.9649,72.1148,71.4401,72.0679,4656634
2015-07-20,72.2553,72.2928,71.8805,72.1523,3205352
2015-07-21,71.9836,72.2835,71.3935,71.7212,3737460
2015-07-22,72.0117,72.2553,71.74,71.9836,4578704
2015-07-23,71.9086,72.3208,71.6369,71.9649,3647885
2015-07-24,71.5526,71.7962,71.1196,71.2246,3887267
2015-07-27,70.9529,71.1777,70.5874,70.8966,4821494
2015-07-28,71.487,72.6302,71.0091,72.5927,4902229
2015-07-29,72.6489,73.0378,72.1523,72.9769,4981263
2015-07-30,72.7613,73.4735,72.5271,73.3517,3842567
2015-07-31,73.5485,73.9326,73.2392,73.4548,5180294
2015-08-03,73.1736,73.5391,72.6723,73.0893,4195643
2015-08-04,73.1455,73.2767,72.6114,72.8738,2854297
2015-08-05,73.5578,73.942,73.3423,73.7171,3561946
2015-08-06,73.6515,73.8389,72.2741,72.5365,4263268
2015-08-07,72.6302,72.7895,72.0023,72.602,3233872
2015-08-10,72.8363,73.3142,72.6958,72.7332,3383277
2015-08-11,72.246,72.7426,72.0773,72.5177,4643813
2015-08-12,72.1054,72.5271,71.2902,72.5177,4897725
2015-08-13,72.4521,72.9113,72.1429,72.602,2989722
2015-08-14,72.246,72.8363,72.246,72.6958,2158070
2015-08-17,72.4709,73.8389,72.3022,73.7827,3622765
2015-08-18,73.4454,73.764,73.1174,73.1736,3796812
2015-08-19,72.8176,73.2111,72.1148,72.5927,3838276
2015-08-20,71.7868,72.1616,71.6275,71.6744,5062041
2015-08-21,71.0653,71.2433,69.5941,69.5941,8817889
2015-08-24,63.5315,68.3104,52.0433,66.4457,13366525
2015-08-25,68.2917,68.3198,65.443,65.4805,8199936
2015-08-26,67.289,67.8325,65.846,67.6919,10681455
2015-08-27,69.1537,69.21,67.4108,68.8914,8603219
2015-08-28,68.8539,69.2006,68.301,68.9288,5512963
2015-08-31,69.0788,69.4911,67.4577,67.7388,7463135
2015-09-01,66.2161,66.5862,64.6559,65.1526,8976430
2015-09-02,66.3145,67.0454,65.846,67.0454,9125817
2015-09-03,67.6076,67.9356,65.4337,65.5742,9501675
2015-09-04,64.5247,65.1244,63.6111,64.6372,12537588
2015-09-08,65.9116,66.3988,65.1432,66.3426,7393535
2015-09-09,66.6799,66.9048,65.0729,65.2088,7820861
2015-09-10,65.2837,66.2583,64.8527,65.6023,6230684
2015-09-11,65.3962,65.7382,64.8996,65.4993,5707930
2015-09-14,65.3774,65.4899,64.1921,64.4029,6219568
2015-09-15,64.5529,65.6117,64.2343,65.5274,6391952
2015-09-16,65.3025,65.9865,65.1807,65.7054,5160105
2015-09-17,65.8085,67.3265,65.7148,66.352,6031122
2015-09-18,65.6117,66.3051,65.5555,65.9022,11475721
2015-09-21,66.352,66.9236,65.5836,65.8179,5614071
2015-09-22,65.1432,65.8272,64.9464,65.7242,7010254
2015-09-23,65.7336,66.0596,65.1306,65.2814,4513288
2015-09-24,64.6124,64.8951,63.9341,64.424,6840710
2015-09-25,65.1966,65.2625,62.2547,62.681,8229175
2015-09-28,62.2571,62.4643,60.2786,60.7873,9965838
2015-09-29,61.2584,64.0754,61.1924,62.5303,11377738
2015-09-30,63.5855,63.7033,62.4078,63.0673,7986736
2015-10-01,62.9919,64.5182,62.5115,64.4429,10973170
2015-10-02,63.7174,67.1657,63.3405,67.0149,12348377
2015-10-05,67.4766,67.5143,66.3648,66.77,7794079
2015-10-06,66.5344,66.7417,64.8668,65.8749,8340501
2015-10-07,66.0539,67.1751,65.7053,66.8359,5801632
2015-10-08,66.2706,68.0042,66.0633,67.8817,6663241
2015-10-09,67.9194,69.4833,67.6085,68.3999,9449461
2015-10-12,68.2868,69.1771,68.202,68.7862,5557921
2015-10-13,68.9275,69.5116,68.4376,68.5789,5761968
2015-10-14,68.4752,69.0594,67.8817,68.023,4607943
2015-10-15,68.2585,69.2007,67.5708,69.1819,5966007
2015-10-16,69.5022,70.0957,69.1536,69.8225,5154184
2015-10-19,69.9262,70.1899,69.2478,69.945,5190920
2015-10-20,69.6812,69.7471,69.1253,69.3797,3805598
2015-10-21,69.7189,69.8414,68.3339,69.1724,4329421
2015-10-22,69.4551,69.5681,68.447,68.8427,5648156
2015-10-23,69.1536,69.8555,68.7956,69.4268,5619113
2015-10-26,69.342,69.6812,68.4281,68.5506,6459203
2015-10-27,68.8427,69.2101,68.089,68.4752,4762305
2015-10-28,68.6448,69.3185,68.0795,69.2855,4037807
2015-10-29,69.229,69.8319,69.017,69.4928,3832983
2015-10-30,69.5399,70.0486,69.2949,69.6435,5315813
2015-11-02,69.7566,71.4524,69.6152,71.3676,6131574
2015-11-03,71.2828,72.225,70.9324,71.8858,5021262
2015-11-04,72.0742,72.225,71.5184,71.7539,4221104
2015-11-05,71.6032,72.0083,71.2169,71.7633,3776984
2015-11-06,71.5466,71.6644,71.1227,71.6597,4178147
2015-11-09,71.4901,71.7633,70.8589,71.4807,4363856
2015-11-10,71.443,72.2061,71.198,71.98,3832598
2015-11-11,72.0931,72.3066,71.4053,71.6597,4265266
2015-11-12,71.2452,71.2452,69.8979,69.9167,5046040
2015-11-13,70.0769,70.7458,69.9544,70.1523,4330987
2015-11-16,70.1805,71.8858,70.1428,71.8293,4400601
2015-11-17,71.6974,72.5265,71.4524,72.1496,4348649
2015-11-18,72.1308,73.1766,71.8387,73.0729,5147122
2015-11-19,72.8939,73.007,71.3017,71.3676,6832649
2015-11-20,71.7916,72.1967,71.3865,71.688,6229470
2015-11-23,71.8293,72.3098,71.4995,72.1308,4708866
2015-11-24,71.5749,72.3239,71.3912,72.1308,4226112
2015-11-25,72.046,72.4134,71.7257,72.1308,4428881
2015-11-27,72.3852,72.5453,71.8552,72.0366,2403067
2015-11-30,72.1214,72.3192,70.9625,70.9814,10189926
2015-12-01,71.4524,72.159,71.019,72.0837,5705377
2015-12-02,71.9706,72.0245,71.2452,71.7068,7931136
2015-12-03,72.2533,74.0622,71.9895,72.2344,11676750
2015-12-04,72.5359,73.8125,72.4605,73.6194,8904305
2015-12-07,73.7513,73.9585,72.7997,73.4404,5385406
2015-12-08,73.1106,73.6947,72.9316,73.5628,6717025
2015-12-09,73.3838,74.2223,72.6395,73.0729,5392990
2015-12-10,73.2237,73.7513,72.7243,72.9599,4995082
2015-12-11,72.0742,72.6678,71.7257,72.2156,6108136
2015-12-14,72.2061,72.7243,71.2169,72.2156,5471868
2015-12-15,72.7432,73.5252,72.3663,72.6395,6226118
2015-12-16,73.3461,74.0904,72.5265,74.0245,5204235
2015-12-17,73.9585,74.3542,73.365,73.3932,4991587
2015-12-18,72.9599,73.0164,71.8952,71.8952,13094387
2015-12-21,72.5642,72.7903,71.6503,72.2438,3533151
2015-12-22,72.6983,73.2286,72.187,73.2096,2953908
2015-12-23,73.5694,73.8251,73.2854,73.5221,3171430
2015-12-24,73.3895,73.9198,73.3895,73.5032,1453116
2015-12-28,73.257,73.3801,72.8782,73.0771,2959429
2015-12-29,73.4937,73.8819,73.1434,73.7115,3280245
2015-12-30,73.7115,73.9103,73.2522,73.4085,2538114
2015-12-31,72.9635,73.541,72.7599,72.8309,2967387
2016-01-04,71.7988,72.0734,71.1162,71.742,6006662
2016-01-05,71.742,72.1965,71.6189,71.9503,4456430
2016-01-06,70.8236,72.2344,70.8047,72.1492,6199001
2016-01-07,70.6626,71.6189,70.407,70.4543,6243672
2016-01-08,70.71,71.2875,69.659,69.8578,7235322
2016-01-11,70.0756,70.5585,68.466,69.1193,6595759
2016-01-12,69.943,72.6605,69.7537,72.3764,7578718
2016-01-13,72.8782,73.7399,70.5301,70.6816,8406250
2016-01-14,70.852,71.742,70.3407,70.8141,8373801
2016-01-15,69.1666,70.71,69.0435,69.9904,8823652
2016-01-19,70.4449,71.1361,69.8957,70.6153,6132221
2016-01-20,69.7915,71.0035,68.4376,70.6058,9574914
2016-01-21,70.7952,71.6095,69.6874,70.6342,7603139
2016-01-22,71.3728,71.9125,71.3065,71.8841,6109140
2016-01-25,71.8651,72.4711,71.5905,71.6758,5935683
2016-01-26,71.6473,72.187,71.1266,71.5716,5197495
2016-01-27,71.5716,72.2959,70.8804,71.4769,6805027
2016-01-28,71.9219,72.1208,69.7063,69.9809,6627499
2016-01-29,70.407,72.1113,70.3502,71.8841,9184519
2016-02-01,70.549,73.1434,70.3218,72.7646,6518448
2016-02-02,71.9882,72.8972,71.8841,72.4427,5329747
2016-02-03,73.238,73.4747,71.0035,72.1018,6785658
2016-02-04,72.0545,72.206,71.0224,72.1492,5398647
2016-02-05,71.9977,72.0924,70.1513,70.5017,4667311
2016-02-08,69.6211,70.0188,67.5665,68.769,6543426
2016-02-09,67.4813,69.7726,67.254,69.195,6525280
2016-02-10,69.9336,71.3633,69.6969,70.2176,4677110
2016-02-11,69.3181,69.7915,68.2908,68.7595,5578230
2016-02-12,69.1003,69.5832,68.4376,69.498,6367906
2016-02-16,70.0567,71.0603,69.7631,70.7668,5862055
2016-02-17,71.316,71.7704,70.5111,71.5811,6271458
2016-02-18,71.5148,71.8841,70.8141,70.9846,4359001
2016-02-19,70.9656,71.6568,70.6816,71.3728,5348564
2016-02-22,71.8367,72.6226,71.6189,72.6037,4191232
2016-02-23,72.187,72.6131,71.7089,71.7704,3809709
2016-02-24,71.0603,72.4238,70.9079,72.3669,4696018
2016-02-25,72.6037,73.5694,72.2533,73.5316,4595350
2016-02-26,73.6073,73.8819,73.1243,73.1812,5270158
2016-02-29,73.3422,74.0902,73.2002,73.2759,8628682
2016-03-01,70.3407,70.5111,69.1714,70.2366,19393505
2016-03-02,70.4922,71.2213,69.8957,70.6248,8084236
2016-03-03,70.3881,70.9846,69.7253,70.9372,5290008
2016-03-04,70.7478,71.8083,70.5774,71.5905,5303819
2016-03-07,71.2686,72.0734,71.2307,71.9693,5256678
2016-03-08,71.7136,71.8462,71.297,71.4296,4705901
2016-03-09,71.8841,71.9598,71.0272,71.5337,4071462
2016-03-10,71.6284,72.7173,71.3538,72.2155,3955718
2016-03-11,72.5752,73.2854,72.4806,73.238,4635406
2016-03-14,72.7741,73.773,72.7173,73.4085,4465600
2016-03-15,72.8782,73.1528,72.3101,72.7646,4164837
2016-03-16,72.7646,72.954,72.0166,72.5752,3738239
2016-03-17,72.8214,72.9635,70.8709,71.4864,6614849
2016-03-18,71.6379,72.5752,71.1267,72.206,10056685
2016-03-21,72.0734,72.1965,71.1455,71.2118,5149556
2016-03-22,71.0596,71.6972,70.5171,71.3165,8397588
2016-03-23,71.1452,71.5544,70.7836,70.8978,7755333
2016-03-24,70.441,70.6408,69.9176,70.3934,3884848
2016-03-28,70.4886,70.6504,70.1936,70.4029,3838255
2016-03-29,70.127,71.9732,69.8415,71.8304,5223914
2016-03-30,72.0683,72.2396,71.6401,71.7733,3431516
2016-03-31,71.7733,71.897,71.2118,71.3736,4527954
2016-04-01,70.9549,71.859,70.755,71.7257,4060276
2016-04-04,72.2491,73.2198,72.0303,72.6108,7715259
2016-04-05,71.8399,72.2777,71.0215,71.8399,7164668
2016-04-06,71.602,73.7337,71.5449,73.5719,7790979
2016-04-07,73.5719,73.714,72.0826,72.4585,4974070
2016-04-08,72.744,73.0866,72.3728,72.6774,3579859
2016-04-11,72.6774,72.9629,71.9351,72.0017,3927384
2016-04-12,72.1349,73.058,72.0874,72.9153,3813192
2016-04-13,73.2769,73.6671,73.112,73.6005,3723410
2016-04-14,73.7527,74.0287,73.2959,73.629,3620649
2016-04-15,73.5434,73.8955,72.8011,73.3721,4233494
2016-04-18,73.3435,74.0192,73.1151,73.8765,3519014
2016-04-19,74.0953,74.3332,73.8955,74.3332,3653944
2016-04-20,74.4474,75.2849,74.181,74.8757,4443385
2016-04-21,74.7805,75.1802,74.2761,74.7234,4213397
2016-04-22,74.8471,75.4752,74.476,75.1707,3652136
2016-04-25,74.9708,75.8939,74.8757,75.5513,4650260
2016-04-26,75.7036,75.9891,74.7567,74.9137,4979964
2016-04-27,75.1517,75.8368,74.8566,75.6084,7863919
2016-04-28,75.1517,76.8361,75.047,75.9225,7246098
2016-04-29,75.5704,75.8273,74.9613,75.323,7610083
2016-05-02,75.0946,76.1414,74.9804,75.5133,5582228
2016-05-03,75.342,75.9415,75.1898,75.5989,3713613
2016-05-04,75.0946,75.5799,74.8281,75.0089,5153899
2016-05-05,75.3134,76.0462,75.2754,75.656,5923016
2016-05-06,75.5418,76.0113,75.0375,75.8844,4054944
2016-05-09,75.9701,76.8028,75.9701,76.4459,4005210
2016-05-10,76.8741,77.3024,76.5173,77.3024,3766789
2016-05-11,77.3214,77.6117,77.0454,77.1882,3865696
2016-05-12,77.2453,77.7211,76.916,77.4071,4720062
2016-05-13,77.0835,77.5592,76.6553,76.8075,4302868
2016-05-16,76.7599,78.0304,76.7504,77.9305,4268846
2016-05-17,77.5593,77.8639,76.5886,76.9027,4481932
2016-05-18,76.7409,77.2834,76.208,76.7028,5374889
2016-05-19,76.5411,76.7695,75.7893,76.1319,5106445
2016-05-20,76.5506,77.0074,76.3032,76.6267,5196040
2016-05-23,76.6743,76.7695,76.3603,76.4173,3279851
2016-05-24,76.9312,77.7116,76.5791,77.0264,4869114
2016-05-25,77.1596,77.5213,77.0264,77.1596,4487231
2016-05-26,77.093,77.4642,76.9883,77.2548,4011519
2016-05-27,77.0835,77.7401,77.055,77.7401,5326621
2016-05-31,77.4546,77.4927,75.913,76.5886,9514732
2016-06-01,76.2365,76.8932,76.0272,76.6267,5327193
2016-06-02,76.6172,79.2628,76.4745,78.9773,8854478
2016-06-03,78.9773,79.1866,78.3682,78.9297,5343802
2016-06-06,78.7013,79.396,78.6918,79.2913,5424530
2016-06-07,79.3008,80.0622,79.2152,79.672,5737994
2016-06-08,79.672,80.7569,79.5388,80.6903,6077110
2016-06-09,80.4143,81.718,80.3857,81.6324,7088795
2016-06-10,81.3659,81.7085,81.1946,81.5563,4211082
2016-06-13,81.2898,82.1368,81.2898,81.5563,5395492
2016-06-14,81.3183,81.5087,80.971,81.3564,3786355
2016-06-15,81.718,81.7656,80.0812,80.1573,6250035
2016-06-16,80.1573,80.6522,79.5483,80.4999,4014003
2016-06-17,80.4904,80.5094,79.4198,80.0717,5518212
2016-06-20,80.8901,81.2137,80.2715,80.3857,4919914
2016-06-21,80.7378,80.8711,79.8718,80.4999,4925047
2016-06-22,80.4619,81.0232,80.1573,80.1859,5578177
2016-06-23,80.9853,81.6229,80.557,81.6229,5672501
2016-06-24,79.7196,80.7093,79.0344,79.2342,7485180
2016-06-27,77.3405,78.6537,76.6267,78.3968,6733362
2016-06-28,78.825,80.2144,78.7608,80.0717,6024176
2016-06-29,80.262,81.5838,80.262,81.3183,5121235
2016-06-30,81.6038,82.7077,81.5658,82.5745,6355632
2016-07-01,82.6697,83.155,82.3747,82.8219,4243482
2016-07-05,82.6221,83.7355,82.5935,82.841,5601081
2016-07-06,82.6975,83.7304,82.5885,83.6348,5075933
2016-07-07,83.367,84.2564,83.3288,83.673,4697510
2016-07-08,84.0365,84.6964,83.7017,84.5051,4398428
2016-07-11,84.5051,85.0304,84.3712,84.6485,3680843
2016-07-12,84.8589,85.3563,84.639,85.0407,4280007
2016-07-13,85.0407,85.3371,84.6007,84.8781,5534308
2016-07-14,85.2989,85.3467,84.792,84.9546,3675967
2016-07-15,85.3563,85.3754,84.2373,84.5051,4743395
2016-07-18,84.572,84.8206,84.1656,84.3425,3277101
2016-07-19,84.2277,84.7155,84.1656,84.5242,2989798
2016-07-20,84.0269,85.1267,84.0269,84.8781,2988815
2016-07-21,84.5625,84.792,84.0078,84.1034,4003074
2016-07-22,83.9982,83.9982,82.4871,83.3001,8867052
2016-07-25,83.3957,83.4626,82.621,83.1279,3299191
2016-07-26,82.7932,84.4955,82.7741,84.3999,4561850
2016-07-27,84.2947,84.4477,83.1088,83.6635,4742790
2016-07-28,83.6061,84.3329,83.1662,83.6061,2941265
2016-07-29,83.3096,84.3329,83.2762,83.8069,3416555
2016-08-01,83.5965,84.4095,83.3383,84.2182,4328563
2016-08-02,84.1512,84.3521,83.3001,83.8165,3197732
2016-08-03,83.7496,83.7965,82.688,82.8888,3966389
2016-08-04,82.7932,83.1566,82.4011,82.9749,3560925
2016-08-05,83.0418,83.3383,82.9558,83.2905,3031406
2016-08-08,83.4818,83.587,82.798,83.1662,2871412
2016-08-09,83.3479,84.2277,83.1757,83.9121,3226340
2016-08-10,83.8739,83.8739,83.1962,83.4818,2869743
2016-08-11,83.5105,84.1034,83.3096,83.9695,2919592
2016-08-12,83.8834,84.0747,83.52,83.7209,2418837
2016-08-15,83.6157,84.3191,83.3766,84.0747,3164903
2016-08-16,83.673,83.9982,83.4483,83.4626,2593391
2016-08-17,83.4626,83.893,82.6019,83.3288,4448237
2016-08-18,83.2044,83.4196,82.6115,83.2809,4131994
2016-08-19,82.9845,83.5105,82.6689,83.2427,5405005
2016-08-22,83.367,83.9026,83.2044,83.5105,4130290
2016-08-23,83.9504,84.7824,83.7967,83.9695,3389799
2016-08-24,83.7878,84.046,82.7836,82.8697,5287214
2016-08-25,82.2385,82.5541,80.6031,81.6647,7285270
2016-08-26,81.8846,83.061,81.8655,82.8219,6181557
2016-08-29,82.9845,83.8356,82.7262,83.6444,3740184
2016-08-30,83.5392,83.806,82.9271,83.061,3088519
2016-08-31,83.0897,83.587,82.2863,83.2331,5500745
2016-09-01,83.2905,83.4053,82.5541,83.1853,3116760
2016-09-02,83.4148,84.0269,83.3766,83.5105,3325280
2016-09-06,83.6826,83.7974,82.8506,83.367,4149564
2016-09-07,83.0992,83.3001,82.2385,82.3915,4756536
2016-09-08,82.0281,82.8506,82.0281,82.4967,4187541
2016-09-09,82.162,82.162,81.1482,81.1673,5647975
2016-09-12,80.7657,82.6115,80.7083,82.4393,4529765
2016-09-13,81.8655,82.2576,80.9665,81.1387,5105478
2016-09-14,81.0717,81.5882,80.6987,80.9856,4111536
2016-09-15,80.9665,82.2433,80.6987,81.9229,4703058
2016-09-16,82.0185,82.3293,81.8177,82.2576,7781975
2016-09-19,82.2681,82.9845,82.1811,82.2385,4008456
2016-09-20,82.7071,83.0992,82.4537,82.5923,3874848
2016-09-21,82.6689,83.5487,82.3389,83.3383,3492488
2016-09-22,83.7017,84.2038,83.587,83.9886,4351137
2016-09-23,83.7878,84.1608,83.6157,83.8834,3509067
2016-09-26,83.4722,83.6444,82.5254,82.7836,3729569
2016-09-27,82.8125,83.4084,82.3992,83.3027,3722731
2016-09-28,83.1969,83.5141,82.8125,83.37,3208101
2016-09-29,83.4853,84.062,81.7552,82.082,4126019
2016-09-30,82.3319,83.3123,82.2262,83.0432,5001010
2016-10-03,82.6587,83.0816,82.38,83.0335,3205333
2016-10-04,83.1489,83.2546,82.4953,82.7644,4092654
2016-10-05,82.774,83.2546,82.6971,82.947,2656435
2016-10-06,82.8317,82.9086,82.3031,82.6106,3057269
2016-10-07,82.8702,83.1393,82.2646,82.6203,3182362
2016-10-10,82.8317,83.3748,82.6203,82.8221,2815924
2016-10-11,82.6203,82.6491,79.0736,79.9675,9865199
2016-10-12,80.1789,80.77,79.9675,80.4288,3861544
2016-10-13,80.1309,80.5922,79.6407,80.0732,4941254
2016-10-14,80.1886,80.525,79.4869,79.4965,4042241
2016-10-17,79.3235,79.5638,79.1986,79.362,3986835
2016-10-18,79.8618,80.6018,79.4869,80.3039,3510342
2016-10-19,80.5153,80.7652,80.2078,80.4192,3485860
2016-10-20,80.4096,81.0344,80.0732,80.7556,4438643
2016-10-21,80.0828,80.7652,79.9771,80.6499,4415015
2016-10-24,81.1113,81.3515,80.054,80.0636,3777341
2016-10-25,80.102,80.1837,79.0928,79.2658,3866554
2016-10-26,78.7084,78.718,77.5694,77.9683,4626374
2016-10-27,78.1413,78.5162,77.6896,77.9779,3307409
2016-10-28,77.8914,79.1337,77.7665,78.7468,5281306
2016-10-31,77.8049,78.9294,77.7376,78.8333,6285420
2016-11-01,78.8333,79.1986,77.3243,77.7761,5663856
2016-11-02,77.8914,78.6027,77.7953,77.9395,4613146
2016-11-03,78.2278,78.5065,78.0356,78.4296,5501825
2016-11-04,78.5162,79.7945,78.4681,78.9487,5584541
2016-11-07,80.0444,80.8998,79.7464,80.6883,4519159
2016-11-08,80.5922,81.7841,80.2558,81.0632,4793090
2016-11-09,79.4581,80.8037,78.4777,79.6407,9800343
2016-11-10,80.3423,80.3423,79.1505,79.5061,6401748
2016-11-11,78.9871,79.4004,78.5546,78.8814,5199245
2016-11-14,79.0256,79.0256,73.4221,75.6904,12327788
2016-11-15,76.3151,77.4589,76.2094,77.1513,6878996
2016-11-16,77.1321,77.901,76.6515,77.7472,4281885
2016-11-17,77.9491,78.6315,77.8626,78.6219,3792648
2016-11-18,78.5354,78.7276,77.68,77.7857,4674186
2016-11-21,78.0644,78.5162,77.382,77.4493,7387535
2016-11-22,71.3652,72.4321,69.2315,70.7405,31140072
2016-11-23,70.4137,73.1433,70.3464,72.8358,14397357
2016-11-25,73.4413,73.4701,72.163,72.5859,3045998
2016-11-28,72.5186,72.6676,71.0096,71.1153,7525125
2016-11-29,71.5094,71.8073,69.9427,70.5675,6760994
2016-11-30,70.8462,71.1057,69.539,70.1734,11613719
2016-12-01,70.1734,70.3945,68.2751,69.0873,9619233
2016-12-02,69.7313,69.8178,69.0008,69.2122,6521589
2016-12-05,69.7409,69.837,68.7509,68.8855,8078168
2016-12-06,69.2603,69.6159,68.7989,69.3084,6504670
2016-12-07,69.1065,69.491,68.2895,69.4141,7482092
2016-12-08,69.3084,69.3949,68.6452,69.2699,9466263
2016-12-09,69.4429,70.5579,69.2699,70.5002,7160431
2016-12-12,70.5098,71.2114,70.4617,70.8462,6144778
2016-12-13,71.048,71.4229,70.2311,70.5194,6630678
2016-12-14,70.6347,70.9423,70.01,70.4521,5439418
2016-12-15,70.481,71.1057,70.0965,70.5867,6240281
2016-12-16,70.7693,71.3748,70.4713,70.6059,9969735
2016-12-19,70.6636,70.9134,70.1734,70.2599,4585055
2016-12-20,70.2407,70.5194,69.5102,69.6255,6851461
2016-12-21,69.7319,69.9253,68.8617,69.2098,7623966
2016-12-22,69.1324,69.6836,68.7747,69.3645,5846714
2016-12-23,69.3838,69.8479,69.1614,69.5675,3124965
2016-12-27,69.6449,69.8963,69.3161,69.3935,3256597
2016-12-28,69.4902,70.0896,69.3451,69.4322,5581682
2016-12-29,69.3548,69.5965,68.9681,69.1711,3893469
2016-12-30,69.4128,69.6159,68.7312,68.8714,5631289
2017-01-03,67.9238,68.678,67.0536,68.2719,11125439
2017-01-04,68.5523,69.2871,68.4749,68.91,7806756
2017-01-05,69.1131,69.1421,68.2526,68.4846,6217295
2017-01-06,68.7844,70.4667,68.7505,70.4571,8985597
2017-01-09,70.8728,71.656,70.7761,71.3756,9671972
2017-01-10,71.8107,72.7776,71.6657,72.4198,7681694
2017-01-11,72.6326,72.6326,70.9502,71.9751,7475395
2017-01-12,71.6077,72.7389,71.2983,72.6229,6462636
2017-01-13,72.5165,72.8065,72.1878,72.6036,5455763
2017-01-17,72.5745,73.4351,71.9074,73.3094,7084447
2017-01-18,73.7445,73.7445,72.7196,73.1643,5833131
2017-01-19,72.8066,73.2127,72.4634,72.8066,6753741
2017-01-20,73.0096,73.174,72.2458,72.5069,8898612
2017-01-23,72.2458,72.6519,71.8977,72.2942,4523412
2017-01-24,72.1685,72.2555,71.1532,71.3853,6430264
2017-01-25,71.54,72.1394,71.1532,72.0234,6171222
2017-01-26,72.0234,72.1104,71.4433,71.5883,3699426
2017-01-27,72.0718,72.7389,72.0041,72.4682,4903039
2017-01-30,72.2071,72.4585,71.8591,72.1975,4372073
2017-01-31,72.1201,73.7058,71.8107,73.5028,7828178
2017-02-01,72.7873,73.5221,72.7389,73.4834,5618319
2017-02-02,73.0773,73.7638,72.942,73.4061,5357309
2017-02-03,73.6091,73.9669,73.1643,73.8122,4985915
2017-02-06,73.7928,73.8122,73.0194,73.4641,3817624
2017-02-07,73.3577,73.6381,73.0193,73.5994,3898535
2017-02-08,73.5511,73.6188,73.0193,73.0967,3668198
2017-02-09,73.261,73.3674,72.942,73.203,4367492
2017-02-10,73.3384,73.7348,73.203,73.6285,3427117
2017-02-13,73.7445,74.3826,73.6285,74.373,4081591
2017-02-14,74.4503,74.7403,73.9282,74.4987,3781965
2017-02-15,74.1022,75.3108,74.0345,75.1271,4244303
2017-02-16,75.1465,75.4172,74.605,75.4075,4152633
2017-02-17,75.2818,76.3647,75.2238,76.2681,9954648
2017-02-21,77.351,78.2985,77.1576,77.8924,7313051
2017-02-22,77.5927,77.8054,76.6161,76.9836,5507981
2017-02-23,77.5927,78.2502,77.3026,78.0665,4552670
2017-02-24,77.8731,78.3662,77.7764,78.3469,4489059
2017-02-27,78.3469,78.4726,77.9794,78.0761,3589002
2017-02-28,77.8441,78.4436,77.7957,78.2308,3749326
2017-03-01,78.6176,79.5555,78.2792,79.3524,4995977
2017-03-02,79.1881,79.7392,78.7916,79.2751,4069138
2017-03-03,78.9173,79.2847,78.6469,79.1494,2775683
2017-03-06,78.7239,79.1494,78.5886,78.84,2681761
2017-03-07,78.4919,79.014,78.4145,78.7046,2594882
2017-03-08,78.7046,79.6715,78.5789,79.4975,4018613
2017-03-09,79.4298,80.1356,79.1784,80.0486,3478828
2017-03-10,80.2516,80.4353,79.8455,80.2903,4034472
2017-03-13,80.242,80.4353,79.7102,80.1453,3134236
2017-03-14,79.9229,81.2185,79.4153,79.7875,3591993
2017-03-15,79.8649,80.6867,79.8359,80.5417,3267104
2017-03-16,80.4837,80.7061,78.9077,79.1204,6347398
2017-03-17,79.0989,79.6183,78.9947,79.5071,11360911
2017-03-20,79.4394,79.5168,78.5886,78.7239,4423782
2017-03-21,79.0914,79.1881,78.0471,78.4339,5343909
2017-03-22,78.4436,78.9199,78.1131,78.7352,4419781
2017-03-23,78.4825,79.0754,78.4242,78.5991,4194824
2017-03-24,78.5894,79.1921,78.5894,78.7352,3010258
2017-03-27,78.4436,78.8908,78.1423,78.7644,5272212
2017-03-28,78.6575,78.7838,78.366,78.4825,7442253
2017-03-29,78.57,79.056,78.2006,78.8713,5686691
2017-03-30,78.7741,78.9491,78.2492,78.7255,2421423
2017-03-31,78.4922,78.8422,78.2978,78.3075,3789950
2017-04-03,78.5894,78.8908,77.9673,78.7644,3250242
2017-04-04,78.7352,78.8033,78.2262,78.3659,3097811
2017-04-05,78.6575,78.8227,77.9673,77.9965,3620585
2017-04-06,78.4242,78.4242,77.5882,77.977,3930436
2017-04-07,78.0062,78.395,77.8993,78.1228,2515187
2017-04-10,78.0548,78.3561,77.8798,78.0548,2666891
2017-04-11,77.8701,78.1033,77.5591,77.909,2642725
2017-04-12,77.5396,77.9187,77.423,77.8604,3551357
2017-04-13,77.7632,78.2492,77.6465,77.7729,3440864
2017-04-17,77.9284,78.1617,77.6757,78.1131,2695306
2017-04-18,78.4242,78.4242,77.8798,78.084,4543196
2017-04-19,78.4922,78.4922,78.0256,78.0742,3781707
2017-04-20,77.9187,78.9685,77.6757,78.7547,5324431
2017-04-21,78.7255,78.8033,78.0451,78.2298,3582332
2017-04-24,79.0852,79.2601,78.3464,78.395,4153896
2017-04-25,78.5019,79.9114,78.4922,79.474,4350989
2017-04-26,79.9406,80.6501,79.7753,79.8434,4445177
2017-04-27,79.9211,81.1605,79.8239,80.8057,4878111
2017-04-28,80.7182,80.7862,80.3496,80.7668,3915398
2017-05-01,80.689,81.7097,80.689,81.3986,4325896
2017-05-02,81.3111,82.4193,81.3111,82.3804,5266145
2017-05-03,82.3415,82.3415,81.559,81.7388,3226126
2017-05-04,81.7486,82.0499,81.4958,81.5639,3669585
2017-05-05,81.7972,81.8555,81.4472,81.6514,4030096
2017-05-08,81.6319,81.6319,80.7717,80.9709,3913173
2017-05-09,81.0001,81.4278,80.864,81.0098,3819867
2017-05-10,80.9126,80.9126,80.2711,80.5724,4942597
2017-05-11,80.1447,80.6988,79.9017,80.689,3801028
2017-05-12,80.5529,81.5347,80.4946,81.0876,3013434
2017-05-15,81.0778,81.8944,80.8057,81.7874,3532094
2017-05-16,81.7388,81.9721,81.1264,81.593,4635296
2017-05-17,80.5724,81.1751,80.2808,80.3488,5861762
2017-05-18,79.3087,80.5821,79.2213,80.0961,5225643
2017-05-19,80.1447,81.1751,79.9308,80.9029,4780448
2017-05-22,80.932,81.9916,80.932,81.6416,3912587
2017-05-23,81.7486,82.5456,81.593,82.2443,4385962
2017-05-24,82.429,82.8178,81.734,82.3318,6668983
2017-05-25,82.8275,83.5954,81.5153,83.1872,7210611
2017-05-26,83.1872,83.4205,82.2297,82.7109,4796850
2017-05-30,82.7303,82.9442,82.1374,82.4873,4131612
2017-05-31,82.6137,83.0122,81.4375,81.9235,7439946
2017-06-01,82.2443,83.6732,82.011,83.6732,7535314
2017-06-02,83.7121,84.2953,83.1483,83.4205,6162465
2017-06-05,83.1969,83.6149,83.0219,83.5468,3243898
2017-06-06,83.4788,84.1301,83.2844,83.5954,3627102
2017-06-07,83.9551,84.0426,83.4399,83.576,3291880
2017-06-08,83.4982,83.9259,83.2406,83.5371,4159665
2017-06-09,83.4496,84.2175,83.3524,84.0912,4715137
2017-06-12,84.1884,85.695,84.1106,85.1799,8823632
2017-06-13,85.1313,85.7339,84.6841,84.7619,4459803
2017-06-14,85.1118,85.5395,84.9077,85.1993,3509774
2017-06-15,84.8882,85.5201,84.7036,85.209,2979917
2017-06-16,85.5395,85.8797,85.0827,85.6173,5436765
2017-06-19,85.6173,86.5796,85.5784,86.5018,3806584
2017-06-20,86.2491,87.017,86.0839,86.3366,3535017
2017-06-21,86.4824,86.6476,86.0936,86.3074,3549356
2017-06-22,86.4824,87.0851,86.2297,86.599,3549352
2017-06-23,86.9392,86.9976,86.4046,86.706,6707093
2017-06-26,86.7254,87.2114,86.4921,86.6574,3491550
2017-06-27,86.6574,86.9295,86.3074,86.3074,3149612
2017-06-28,86.6379,87.1045,86.4532,86.8032,3339370
2017-06-29,86.8809,86.8906,85.6562,86.2297,2887953
2017-06-30,86.2685,86.6768,86.0936,86.2685,3827936
2017-07-03,86.3171,86.706,86.2685,86.3269,2006736
2017-07-05,86.493,87.0596,86.2585,86.8643,2892122
2017-07-06,86.6689,86.9425,85.2619,85.2619,3884944
2017-07-07,85.6429,86.0826,85.3987,85.9458,2918090
2017-07-10,85.8481,85.9849,85.0567,85.2032,3062125
2017-07-11,85.0567,85.4084,84.6951,85.2619,2792873
2017-07-12,85.7406,86.2292,85.3987,85.7993,2128409
2017-07-13,85.9165,85.9849,85.3009,85.7993,2306315
2017-07-14,85.7993,86.7861,85.6527,86.5419,2257794
2017-07-17,86.5419,86.7568,83.8744,84.0893,9555345
2017-07-18,84.0307,84.4509,83.8157,83.8841,5505674
2017-07-19,84.0112,84.1675,83.5031,83.6887,4596998
2017-07-20,83.9428,84.1186,83.547,83.7083,4381530
2017-07-21,83.7083,83.9819,82.995,83.2197,3523156
2017-07-24,83.2588,83.3565,82.7702,83.1415,4095993
2017-07-25,83.4444,84.0405,83.0829,83.9623,5256281
2017-07-26,83.8548,84.3043,83.4347,83.7767,3331550
2017-07-27,83.8939,83.8939,82.399,82.7409,5244867
2017-07-28,82.6335,82.8666,82.2426,82.3599,4550821
2017-07-31,82.5651,82.7409,81.9983,82.0472,5452150
2017-08-01,81.627,82.0374,81.3241,81.7638,3414725
2017-08-02,81.6075,81.6954,81.0799,81.2948,4909504
2017-08-03,81.0603,81.5782,80.9326,81.3828,5944272
2017-08-04,81.627,82.0374,81.3241,81.7638,3414725
2017-08-07,81.8518,82.6139,81.7834,82.438,3647613
2017-08-08,82.3599,82.5944,81.7541,81.9104,3825259
2017-08-09,81.8322,82.096,81.5977,82.0277,3519268
2017-08-10,81.6661,81.9397,81.1189,81.1385,3495768
2017-08-11,81.4121,82.3061,81.1873,81.7931,4302167
2017-08-14,82.1254,83.122,82.1254,82.5357,3346750
2017-08-15,82.6432,83.0634,82.4869,82.653,2765989
2017-08-16,82.8875,82.9754,82.6041,82.6628,4376215
2017-08-17,82.5455,82.907,81.7199,81.7541,3789022
2017-08-18,81.4121,81.8909,81.2167,81.5,4440985
2017-08-21,81.4219,82.0912,81.0408,81.6075,4691489
2017-08-22,79.5947,80.2689,79.1452,79.8878,9382122
2017-08-23,79.4579,79.7022,77.6306,77.9238,8667498
2017-08-24,77.8652,78.2658,77.2995,77.4255,7364983
2017-08-25,77.6014,78.0215,77.2203,77.2496,4231172
2017-08-28,77.7479,78.0411,77.5818,77.7675,4900822
2017-08-29,77.5428,78.0655,77.2105,77.8945,4130854
2017-08-30,77.875,78.0867,77.5232,78.0313,3725782
2017-08-31,78.1681,78.8716,77.9678,78.7739,5661945
2017-09-01,78.8521,78.9009,78.046,78.217,3133488
2017-09-05,78.0508,78.5589,77.7479,77.9922,3258813
2017-09-06,78.0899,78.2419,77.5428,78.0411,3784045
2017-09-07,78.0899,78.4417,77.8847,78.1192,3386960
2017-09-08,78.0704,80.5913,78.0704,80.1516,7881013
2017-09-11,80.3666,80.6109,79.3309,79.6924,5854120
2017-09-12,79.6338,80.4741,79.2331,80.4154,4073464
2017-09-13,80.2493,80.562,79.8292,80.0539,4795089
2017-09-14,80.0051,80.0539,79.2136,79.9269,4461855
2017-09-15,79.7608,80.2591,79.5165,80.2396,9563374
2017-09-18,80.4838,80.6451,79.878,80.5131,4162647
2017-09-19,80.7574,80.8454,79.2722,79.3309,5584776
2017-09-20,79.3309,79.6435,77.5232,78.3244,6384361
2017-09-21,78.3049,78.7043,77.6796,77.7089,4821970
2017-09-22,77.66,78.0606,77.2936,77.875,4593164
2017-09-25,77.6698,77.7675,76.1162,76.4777,7151269
2017-09-26,76.4582,77.0737,76.2823,76.5754,4791028
2017-09-27,76.8686,77.064,75.6765,76.0576,4801698
2017-09-28,76.3721,76.5785,75.8463,76.382,5536651
2017-09-29,76.3328,76.6768,76.2247,76.4409,6186201
2017-10-02,76.726,76.8931,76.1755,76.7161,4312895
2017-10-03,76.8439,76.8636,76.2493,76.7751,5866622
2017-10-04,76.9127,77.5516,76.8636,77.2862,5735223
2017-10-05,78.0136,78.4952,77.6499,78.1512,6323198
2017-10-06,78.2102,78.4461,77.9055,78.4461,3248459
2017-10-09,76.4704,76.9226,75.2074,75.6153,12760120
2017-10-10,75.6349,76.0576,75.5956,75.9691,7244828
2017-10-11,75.7627,77.1388,75.7627,76.9029,6442301
2017-10-12,76.3918,76.6277,75.7824,76.5884,8427037
2017-10-13,76.5589,76.8897,76.1362,76.7358,5442264
2017-10-16,76.6965,77.0995,76.382,76.4016,5392190
2017-10-17,76.4311,76.9029,76.0674,76.667,3809570
2017-10-18,76.667,77.5418,76.5785,77.2469,4613277
2017-10-19,77.2273,77.6401,77.0995,77.1388,2765286
2017-10-20,77.4238,77.532,76.8292,77.0012,4173780
2017-10-23,77.3747,77.8908,77.0012,77.6696,4811635
2017-10-24,77.758,77.8465,77.0995,77.3157,4462293
2017-10-25,77.2371,77.9546,76.9029,77.876,4281803
2017-10-26,77.5516,79.3405,77.5123,79.0653,7331119
2017-10-27,79.5076,80.2939,79.3209,79.9106,7744020
2017-10-30,79.655,79.6747,78.1414,79.1538,5994181
2017-10-31,79.0948,79.429,78.7704,79.1439,4611993
2017-11-01,79.0456,79.773,78.6427,78.9375,5136496
2017-11-02,78.9277,79.2029,75.8512,76.5392,10276713
2017-11-03,76.2935,77.3649,75.7431,77.0897,6936555
2017-11-06,77.1191,77.1486,76.2984,76.3623,4027030
2017-11-07,76.5687,76.8538,76.323,76.6768,3655136
2017-11-08,76.8243,76.8243,75.9003,76.4802,4468005
2017-11-09,78.7704,79.7337,78.1021,79.429,8803366
2017-11-10,79.026,79.0948,76.9717,77.9743,6416385
2017-11-13,77.9251,78.0627,76.9226,77.8465,4013706
2017-11-14,77.5909,78.0136,77.2862,77.8072,2701075
2017-11-15,77.6499,77.7826,77.2764,77.3354,4145369
2017-11-16,77.6696,78.3183,77.6204,77.9055,4763455
2017-11-17,77.4828,78.7213,77.3944,78.1315,7097958
2017-11-20,78.0234,78.3625,77.5418,77.5516,7446659
2017-11-21,82.1713,82.6726,81.0901,81.2474,11003993
2017-11-22,81.3457,81.5521,80.6478,80.9328,5303292
2017-11-24,81.2769,82.073,81.1982,81.8273,3165628
2017-11-27,81.8371,82.1074,79.6747,80.0187,6346517
2017-11-28,80.2743,81.1687,79.9696,81.0508,5773680
2017-11-29,80.9033,81.5619,80.5692,80.7068,3945458
2017-11-30,81.2474,81.3653,80.638,80.7264,5663856
2017-12-01,81.0508,81.1589,79.2324,79.8811,5993062
2017-12-04,79.9303,79.9794,78.3773,78.505,8687762
2017-12-05,78.2102,80.0777,78.2102,79.5371,5392208
2017-12-06,79.7632,80.4021,79.5371,80.1072,5192142
2017-12-07,80.2153,80.6871,78.9179,79.1931,5497507
2017-12-08,79.2815,79.7337,79.1636,79.6845,4106432
2017-12-11,79.6944,80.1465,79.4683,79.8811,3501371
2017-12-12,81.0803,81.2769,80.4021,80.5986,4966525
2017-12-13,80.4021,80.7559,80.1367,80.52,4473330
2017-12-14,80.7805,81.0655,80.3234,80.4315,5000717
2017-12-15,81.4046,82.2671,81.0311,82.073,9813131
2017-12-18,82.2303,82.3482,81.6602,82.0042,5204169
2017-12-19,82.5448,82.6726,80.5986,80.638,5096508
2017-12-20,81.1048,81.5521,79.9008,79.9892,3769402
2017-12-21,80.6773,81.0508,79.9745,80.0875,4051182
2017-12-22,80.117,80.5593,79.8811,80.1465,3187505
2017-12-26,80.176,80.4807,79.9991,80.0777,1923055
2017-12-27,80.235,80.5298,80.0482,80.3627,2463076
2017-12-28,80.3924,80.6395,80.1453,80.4023,2859752
2017-12-29,80.6395,80.857,79.7993,79.8191,3259884
2018-01-02,81.2128,81.7367,81.0052,81.2622,4783475
2018-01-03,81.2524,83.8421,81.2227,82.9525,6879067
2018-01-04,83.4764,83.9212,82.1815,83.1502,5943173
2018-01-05,83.5555,84.7515,83.0415,84.5538,7428487
2018-01-08,84.5143,84.7021,84.2227,84.5242,6117565
2018-01-09,84.8702,85.7499,84.6725,84.8899,6100659
2018-01-10,84.5637,84.9987,83.5456,84.5044,3575338
2018-01-11,84.9492,84.9492,84.0991,84.7417,3930314
2018-01-12,84.8603,84.9987,84.3166,84.4649,5085912
2018-01-16,84.5934,85.137,83.8916,84.3364,5428238
2018-01-17,84.8899,85.4484,84.455,85.1173,5448986
2018-01-18,85.1667,86.9163,84.9591,86.254,7328569
2018-01-19,86.5703,86.8866,85.0382,85.6807,7314796
2018-01-22,85.4237,85.567,84.4155,85.058,5926903
2018-01-23,85.226,85.226,84.0003,84.2474,4962269
2018-01-24,84.8405,85.1351,84.1782,84.7713,5680191
2018-01-25,84.9987,85.9772,84.6725,85.8191,3947842
2018-01-26,85.8586,86.1749,85.3644,86.1156,3815102
2018-01-29,85.8487,86.2936,85.3249,85.7202,3804924
2018-01-30,84.9393,85.7202,84.7614,84.969,3881748
2018-01-31,85.3347,85.5028,84.6329,84.8998,5258347
2018-02-01,84.3957,84.6922,83.6543,84.0003,4201568
2018-02-02,83.6939,84.2672,83.3874,83.4764,5564450
2018-02-05,83.1008,83.6049,79.9871,80.4813,7237232
2018-02-06,79.137,81.114,78.1782,80.7285,10189952
2018-02-07,80.4616,82.0036,80.3528,80.4121,5929949
2018-02-08,80.3924,80.5703,77.4467,77.4764,7346112
2018-02-09,77.9706,79.1568,76.6658,78.5637,6061791
2018-02-12,78.7911,79.8191,78.3364,79.3149,4314124
2018-02-13,78.9294,79.6632,78.4377,79.2952,4574599
2018-02-14,78.8009,81.109,78.712,80.9163,5000029
2018-02-15,81.4599,82.0234,81.0052,81.9838,4002043
2018-02-16,81.8454,82.7944,81.1733,82.3496,6863522
2018-02-20,82.1815,82.4089,79.9377,80.6692,11125874
2018-02-21,80.4912,80.7606,79.2952,79.7894,6805681
2018-02-22,79.9772,80.8668,79.2853,79.483,4528158
2018-02-23,80.0168,80.2639,78.969,79.4632,5174060
2018-02-26,80.4616,81.5291,79.394,81.4698,6201229
2018-02-27,81.6675,81.7367,80.1304,80.3034,5179363
2018-02-28,80.5802,80.6692,78.9196,78.969,6712074
2018-03-01,78.8701,78.9097,76.8734,77.3973,7946118
2018-03-02,77.0019,77.595,76.7943,77.427,5695901
2018-03-05,76.9525,79.1173,76.8537,78.8207,5371710
2018-03-06,79.0876,79.6757,78.9196,79.483,5338331
2018-03-07,78.8701,80.3825,78.712,80.1947,6040246
2018-03-08,80.3924,81.3018,80.343,81.2622,6434645
2018-03-09,81.4896,82.4237,81.4105,82.1914,4659231
2018-03-12,82.3001,82.7548,82.0431,82.3397,4218696
2018-03-13,82.7845,83.2095,82.2902,82.5077,4678810
2018-03-14,82.8141,82.9921,80.9657,81.3512,5182279
2018-03-15,81.4402,81.5588,80.7186,81.0843,3453662
2018-03-16,81.4105,81.6181,80.3528,80.3528,9386564
2018-03-19,80.343,80.679,78.4747,79.2062,4601342
2018-03-20,79.6016,80.0662,78.4846,78.9789,4267021
2018-03-21,78.9789,79.8388,78.8405,79.1173,4329350
2018-03-22,78.6997,79.3459,77.5415,77.6856,4455886
2018-03-23,77.7552,78.1429,75.9657,76.1049,6070335
2018-03-26,76.9897,78.0684,76.1247,78.0038,6635495
2018-03-27,78.2821,79.0377,77.1935,77.7055,5458654
2018-03-28,77.9342,78.7892,77.8049,78.0038,5299688
2018-03-29,78.7991,80.4494,78.3219,79.7535,6162341
2018-04-02,79.326,79.4354,76.1745,77.0295,6409795
2018-04-03,77.3078,78.0932,76.8306,77.8944,4443991
2018-04-04,76.7908,78.4909,76.4767,78.2622,4134645
2018-04-05,78.5605,79.6193,78.2324,79.2365,4183545
2018-04-06,78.7395,79.3558,76.6815,77.1885,5185961
2018-04-09,77.8149,79.1769,77.4172,78.0038,4708414
2018-04-10,78.6699,79.2266,78.3219,78.8289,4743330
2018-04-11,78.1728,78.819,77.795,78.133,3751539
2018-04-12,78.6997,79.6442,78.6897,79.3757,3571497
2018-04-13,79.7038,79.7734,78.6699,79.1073,3997209
2018-04-16,79.7237,80.7775,79.5646,80.1313,3628281
2018-04-17,80.5588,80.7676,79.495,80.1611,4611217
2018-04-18,80.4196,80.5688,79.7038,79.7237,6131378
2018-04-19,79.7336,80.1313,79.1769,79.5348,3791882
2018-04-20,79.6342,80.022,79.0178,79.4354,3690928
2018-04-23,79.6839,79.9822,79.3558,79.5547,2735884
2018-04-24,80.0319,80.1015,78.1131,78.9085,4937167
2018-04-25,78.5605,79.0377,78.0634,78.9979,3232936
2018-04-26,79.2365,80.3898,78.7395,80.1214,5155949
2018-04-27,79.8927,80.9366,79.6839,80.8173,4191453
2018-04-30,80.9267,80.9863,79.5646,79.664,6071842
2018-05-01,79.1371,80.5588,79.0377,80.5389,2986745
2018-05-02,80.2606,80.3202,79.2664,79.4553,4145470
2018-05-03,78.7792,79.2763,77.8346,79.1172,4534299
2018-05-04,78.8687,80.7179,78.5506,80.6085,3563889
2018-05-07,81.901,84.8636,81.7319,84.3268,10825209
2018-05-08,83.8297,83.8297,82.2788,82.7162,7132293
2018-05-09,82.8454,83.8496,81.9507,83.5712,4934168
2018-05-10,83.8297,85.2712,83.5354,85.1818,4728086
2018-05-11,85.1022,85.4999,84.7293,85.0625,4021114
2018-05-14,85.0128,85.828,84.5157,85.6789,4244491
2018-05-15,85.0824,85.2215,83.4917,83.8794,4544871
2018-05-16,83.9689,85.7186,83.9291,85.0525,4058717
2018-05-17,84.8736,84.9432,84.0981,84.6151,3542106
2018-05-18,84.2373,84.4162,83.5115,84.1478,4705519
2018-05-21,84.7543,85.311,84.5554,84.8239,3747416
2018-05-22,84.8636,85.1022,84.4162,84.4759,4593738
2018-05-23,84.0484,85.6789,84.0186,84.7642,5237590
2018-05-24,85.8479,88.1345,85.4999,86.4842,8861032
2018-05-25,86.4842,87.7468,85.2712,85.7982,4685474
2018-05-29,85.0824,85.2215,84.118,84.8935,4539523
2018-05-30,85.2215,86.0567,84.8139,85.3906,4236824
2018-05-31,85.0625,86.166,85.0028,85.818,4816747
2018-06-01,86.345,87.5678,86.0368,87.3193,5438279
2018-06-04,87.4087,87.6573,86.8421,87.0111,4507361
2018-06-05,86.7128,87.359,85.6093,86.1561,5409667
2018-06-06,86.2953,86.8271,85.5794,86.7327,5424908
2018-06-07,86.8122,87.1005,85.4601,86.1262,5350326
2018-06-08,86.1958,86.7924,86.0069,86.673,4566597
2018-06-11,86.4046,86.5438,85.5397,86.0865,4312993
2018-06-12,86.4245,86.6929,85.8479,86.1859,4311867
2018-06-13,86.2257,86.3947,85.0625,85.3408,3735165
2018-06-14,85.6192,86.1561,85.4204,86.0666,3756356
2018-06-15,86.2257,86.4842,85.4005,86.2754,6532204
2018-06-18,85.5596,85.7982,85.0923,85.7485,3002587
2018-06-19,85.0625,86.3052,84.8537,86.1064,4510203
2018-06-20,85.9572,86.166,85.3309,85.6292,4334173
2018-06-21,85.7783,86.2953,85.1321,85.7982,3404278
2018-06-22,86.1561,87.0707,86.1064,86.3052,5573760
2018-06-25,86.1958,86.4394,85.1684,86.2356,5242691
2018-06-26,86.2157,86.8321,85.8578,86.3549,8009468
2018-06-27,85.9274,86.0069,84.8885,84.9929,6347862
2018-06-28,85.0227,86.0318,84.8537,85.828,3948415
2018-06-29,84.1876,86.176,84.0882,85.1122,5082503
2018-07-02,83.8893,85.6093,83.1188,85.5297,4677080
2018-07-03,84.7841,86.3649,84.7841,85.48,3002456
2018-07-05,85.39,85.995,85.3,85.91,3148883
2018-07-06,85.81,87.03,85.58,86.63,3618109
2018-07-09,86.53,87.225,86.38,87.13,3476765
2018-07-10,87.17,87.53,87.11,87.39,3489609
2018-07-11,86.79,87.58,86.57,87.26,3858304
2018-07-12,87.49,87.97,86.98,87.87,3507189
2018-07-13,87.89,88.6,87.89,88.36,4442036
2018-07-16,88.2,88.3,87.53,87.73,2833222
2018-07-17,87.87,88.826,87.73,88.29,5026658
2018-07-18,88.29,88.77,87.895,88.01,5015786
2018-07-19,87.9,88.93,87.88,88.42,3975010
2018-07-20,87.78,88.5461,87.71,88.02,4322124
2018-07-23,87.59,88.73,87.45,88.63,2953921
2018-07-24,88.82,89.19,88.53,88.91,3202868
2018-07-25,88.65,89.95,88.65,89.73,3429016
2018-07-26,89.95,90.04,89.13,89.26,3884872
2018-07-27,89.29,89.36,88.17,88.66,4486566
2018-07-30,88.71,89.33,88.51,89.08,4178014
2018-07-31,89.36,90.35,88.87,90.23,6244382
2018-08-01,89.96,90.74,89.71,90.24,4810214
2018-08-02,89.79,90.39,89.48,89.89,3394989
2018-08-03,89.8,90.6,89.57,90.48,2611031
2018-08-06,90.35,90.85,90.07,90.59,2946097
2018-08-07,90.64,91.02,90.25,90.85,3521727
2018-08-08,90.81,91.226,90.43,90.81,4692250
2018-08-09,90.81,91.47,90.81,91.22,3852066
2018-08-10,90.87,91.13,90.08,90.6,3444269
2018-08-13,90.5,91.42,90.29,90.74,5030297
2018-08-14,90.7,91.5,90.64,91.05,3875270
2018-08-15,90.91,91.16,90.23,90.99,4082597
2018-08-16,91.27,91.37,90.84,91.1,4190276
2018-08-17,91.29,91.34,90.42,90.6,8973185
2018-08-20,90.65,90.88,89.87,90.03,6630848
2018-08-21,94.0,95.785,93.0,95.17,14732407
2018-08-22,94.87,96.14,94.22,95.58,8582533
2018-08-23,95.36,96.5,95.2,95.61,6545444
2018-08-24,95.66,96.18,95.39,95.55,5332325
2018-08-27,95.61,95.92,95.05,95.44,5593291
2018-08-28,95.55,96.24,95.44,95.77,5151014
2018-08-29,95.86,96.74,95.7,96.59,3809873
2018-08-30,96.44,97.38,96.31,96.81,4523738
2018-08-31,96.32,96.76,96.0,96.41,4239547
2018-09-04,96.57,96.69,95.295,95.56,4448603
2018-09-05,95.45,96.12,95.11,96.04,4451766
2018-09-06,95.81,96.91,95.6245,96.49,4943918
2018-09-07,96.3,96.89,96.1288,96.32,5664203
2018-09-10,96.64,97.06,96.31,96.37,3188039
2018-09-11,96.18,96.62,95.51,96.08,3573698
2018-09-12,96.03,96.52,95.76,96.25,3667215
2018-09-13,96.53,97.0,96.38,96.95,3972786
