date,open,high,low,close,volume
2013-09-16,38.5165,38.751,38.4533,38.5345,1656101
2013-09-17,38.6337,38.8503,38.4623,38.5616,2420629
2013-09-18,38.6518,39.5721,38.6428,39.5134,3933199
2013-09-19,39.5991,39.9871,39.4819,39.8157,2978708
2013-09-20,39.8337,40.1134,39.7255,39.9059,3076022
2013-09-23,39.8427,40.2668,39.7886,40.0503,3452672
2013-09-24,39.9961,40.1811,39.7706,39.9149,3730336
2013-09-25,40.0051,40.0773,39.5901,39.7345,4277998
2013-09-26,39.6984,40.0051,39.5089,39.6713,2166399
2013-09-27,39.4819,39.6172,39.2924,39.4819,2264532
2013-09-30,39.2112,39.4728,38.9134,39.2924,2278296
2013-10-01,39.3736,39.5721,39.1796,39.3375,2826450
2013-10-02,39.0939,39.4638,38.9044,39.4367,2008539
2013-10-03,39.3104,39.3465,38.6969,39.0037,2358111
2013-10-04,38.6518,39.3375,38.5977,39.2834,1996479
2013-10-07,38.8052,39.0262,38.5886,38.7691,2525105
2013-10-08,38.7059,38.7601,38.3722,38.4623,2782227
2013-10-09,38.5621,38.6075,38.0993,38.4532,2291461
2013-10-10,38.7709,39.2156,38.7709,39.143,2981342
2013-10-11,39.143,39.2973,39.0613,39.261,1709160
2013-10-14,39.1157,39.6966,39.0159,39.6421,1586510
2013-10-15,39.6149,40.0052,39.5695,39.7964,3734839
2013-10-16,40.5134,40.7766,40.1413,40.7675,3012992
2013-10-17,40.5225,41.1759,40.5043,41.1124,3013875
2013-10-18,41.3846,41.3846,41.0352,41.3211,2054317
2013-10-21,41.2939,41.4391,41.2031,41.3211,2297965
2013-10-22,41.4663,41.9292,41.4663,41.784,2680952
2013-10-23,41.6751,41.7477,41.4028,41.5752,1550010
2013-10-24,41.7477,42.029,41.6206,41.7749,2491768
2013-10-25,41.1033,42.4556,41.1033,42.2559,2487666
2013-10-28,42.265,42.4283,41.9473,42.0472,2170384
2013-10-29,42.1107,42.1651,41.843,42.0744,2064236
2013-10-30,42.0472,42.1288,41.8021,41.9383,1875732
2013-10-31,41.9746,42.0018,41.5662,41.5662,2131811
2013-11-01,41.6932,41.7794,41.43,41.6841,1855538
2013-11-04,41.793,41.8566,41.5299,41.5752,1309464
2013-11-05,41.5208,41.6115,41.2757,41.43,2437152
2013-11-06,41.4936,42.2922,41.3302,41.8929,2231755
2013-11-07,41.9201,42.147,41.4209,41.4391,1910930
2013-11-08,41.4482,41.9473,41.3302,41.8747,3046903
2013-11-11,41.9383,42.5735,41.902,42.4737,2079439
2013-11-12,42.2559,42.383,41.7749,41.9746,1707505
2013-11-13,41.8657,42.1288,41.7567,42.1107,1813411
2013-11-14,42.2468,42.6552,42.2105,42.6189,1491219
2013-11-15,42.6371,42.9366,42.6189,42.9003,2107917
2013-11-18,42.8821,43.1272,42.7188,42.8912,1874689
2013-11-19,42.8186,42.9388,42.7188,42.7914,1922170
2013-11-20,42.864,43.0001,42.6461,42.746,1663631
2013-11-21,42.8912,43.3903,42.8095,43.3722,2043568
2013-11-22,43.3722,43.5174,43.1135,43.5083,1279134
2013-11-25,43.4902,43.5356,43.1816,43.2724,1549778
2013-11-26,43.2633,43.463,43.0545,43.109,2465876
2013-11-27,43.0909,43.2905,42.9729,43.1816,930425
2013-11-29,43.4085,43.4085,43.0273,43.0636,938762
2013-12-02,43.0727,43.3404,42.9184,43.1272,1477662
2013-12-03,42.8912,43.3041,42.8458,43.0183,1788617
2013-12-04,42.8186,43.2179,42.3739,42.8549,1832548
2013-12-05,42.7369,43.109,42.6853,42.8367,2084010
2013-12-06,43.1816,43.5991,43.1272,43.59,2188487
2013-12-09,43.6354,43.8895,43.5809,43.8441,1412008
2013-12-10,43.6445,43.8668,43.3087,43.3994,2044743
2013-12-11,43.4357,43.6769,42.9093,42.991,1781969
2013-12-12,43.0092,43.1453,42.8685,42.9456,1708072
2013-12-13,43.0545,43.1635,42.8095,42.8821,1896627
2013-12-16,43.0636,43.2905,42.8458,43.0001,1194839
2013-12-17,42.9184,43.109,42.6915,42.8458,1549705
2013-12-18,42.8458,43.6989,42.5191,43.6263,2806460
2013-12-19,43.5356,43.7398,43.2996,43.6263,1372270
2013-12-20,43.6263,43.9349,43.6172,43.6808,2653898
2013-12-23,43.9167,43.9293,43.4993,43.6445,1973750
2013-12-24,43.6172,43.9939,43.4357,43.826,739149
2013-12-26,43.9077,44.0256,43.6989,43.8623,1322275
2013-12-27,43.953,44.0256,43.7624,43.826,1055467
2013-12-30,43.8804,43.9893,43.6172,43.7534,1408578
2013-12-31,43.7443,44.071,43.7261,43.8895,972355
2014-01-02,43.5719,43.6989,43.2088,43.3087,1383352
2014-01-03,43.2905,43.6172,43.2088,43.4267,1598391
2014-01-06,43.6172,43.6808,43.1294,43.1998,1254838
2014-01-07,43.2179,43.6263,43.2179,43.5083,1547246
2014-01-08,43.4085,43.7261,43.2633,43.6989,1938290
2014-01-09,43.7624,44.0892,43.7443,44.0619,1479401
2014-01-10,44.0619,44.2071,43.4176,43.7352,1698217
2014-01-13,43.0727,43.7125,42.923,43.0092,2586559
2014-01-14,43.0909,43.7352,43.0183,43.7171,1799558
2014-01-15,43.7987,43.8714,43.6127,43.8623,2050356
2014-01-16,43.8351,44.0801,43.7624,44.0529,1517572
2014-01-17,44.0892,44.2253,43.9349,44.0166,1624465
2014-01-21,44.1345,44.3161,43.6535,44.0347,2495105
2014-01-22,44.2071,44.2435,43.8623,44.1436,2277039
2014-01-23,43.7352,43.9803,43.1771,43.2996,1867105
2014-01-24,42.9547,43.1544,42.0835,42.0835,2725793
2014-01-27,42.0104,42.1838,41.6728,41.6728,3316300
2014-01-28,41.8736,42.1382,41.6911,41.901,2587970
2014-01-29,41.6272,42.0561,41.4812,41.7093,1923512
2014-01-30,42.0743,42.3481,41.7823,42.2568,2717395
2014-01-31,41.6455,42.0926,41.4721,41.7093,3318405
2014-02-03,41.7185,41.7458,40.5779,40.6326,2320554
2014-02-04,40.952,40.952,40.4775,40.6691,2741170
2014-02-05,40.6417,40.7877,40.4136,40.66,3327086
2014-02-06,40.806,40.9337,40.3771,40.514,4096007
2014-02-07,40.7969,41.8827,40.7239,41.8645,3976039
2014-02-10,41.8006,41.8918,41.4173,41.8645,2181275
2014-02-11,41.8006,42.7741,41.4447,42.6309,2016575
2014-02-12,42.6127,42.9412,42.4849,42.7587,2226849
2014-02-13,42.3481,43.1875,42.3481,43.151,1364939
2014-02-14,43.3153,43.516,43.1328,43.4978,1757336
2014-02-18,43.2605,43.7807,43.1602,43.6164,2027710
2014-02-19,43.5069,43.8993,43.3792,43.4065,1917158
2014-02-20,43.443,43.9358,43.4111,43.8901,2041185
2014-02-21,43.9175,43.9723,43.6255,43.7624,1976606
2014-02-24,43.7898,44.2323,43.6529,43.8628,2176730
2014-02-25,43.8172,43.9358,43.5617,43.6347,1504547
2014-02-26,43.662,43.7989,43.3974,43.4248,2028599
2014-02-27,43.3518,43.8993,43.3427,43.808,2530195
2014-02-28,43.6712,44.2369,43.6255,43.9449,2612715
2014-03-03,43.1602,43.7533,42.9047,43.4978,2138023
2014-03-04,43.881,44.684,43.8628,44.611,2346176
2014-03-05,44.4376,44.7068,44.4285,44.6384,2696407
2014-03-06,44.7114,45.0307,44.5836,44.9669,2260506
2014-03-07,45.1859,45.3501,45.0034,45.2224,2028057
2014-03-10,45.2041,45.5235,45.122,45.4414,2468325
2014-03-11,45.4687,45.7334,45.1494,45.2589,2127828
2014-03-12,45.0034,45.1767,44.7844,44.9577,2770513
2014-03-13,45.0672,45.1402,44.7205,45.0034,3877053
2014-03-14,44.9851,45.3227,44.7661,44.8118,3345781
2014-03-17,45.1402,45.7699,45.0672,45.6056,2056724
2014-03-18,45.7516,45.925,45.6147,45.7516,2100641
2014-03-19,45.6604,45.7516,45.0216,45.2406,2482661
2014-03-20,45.1311,45.4687,44.976,45.3775,2051480
2014-03-21,45.7334,46.0618,45.5691,45.5874,2793629
2014-03-24,45.7334,45.8885,44.8026,44.9121,2755200
2014-03-25,45.1767,45.2041,44.8118,44.9669,1498975
2014-03-26,45.2132,45.268,44.6658,44.6658,1623665
2014-03-27,44.684,44.8118,44.2871,44.3646,2390496
2014-03-28,44.0361,44.8574,43.9723,44.3373,1386081
2014-03-31,44.6566,45.0034,44.6293,44.9851,2318279
2014-04-01,46.0345,46.0345,45.0262,45.1676,1567534
2014-04-02,45.1767,45.6147,45.1402,45.4322,1859696
2014-04-03,45.56,45.5965,45.2269,45.4505,1262013
2014-04-04,45.6969,45.852,44.7844,44.8209,1701802
2014-04-07,44.8847,45.8246,43.881,44.0544,2104296
2014-04-08,43.9718,44.1553,43.6875,43.8618,1842158
2014-04-09,44.036,44.5405,43.6508,44.513,2199611
2014-04-10,44.5772,44.623,43.3114,43.5041,2408655
2014-04-11,43.2839,43.4032,42.9079,43.1647,3026708
2014-04-14,43.5683,43.7425,43.0546,43.4582,2348389
2014-04-15,43.4857,44.1369,43.1555,43.8343,2796929
2014-04-16,44.1645,44.3479,43.8985,44.3112,1495676
2014-04-17,44.2378,44.5222,44.0819,44.2745,1343191
2014-04-21,44.2837,44.4396,44.1278,44.2195,1126580
2014-04-22,44.2011,44.6781,44.1461,44.4213,1297475
2014-04-23,44.4029,44.6781,44.302,44.4763,1579146
2014-04-24,44.6506,44.724,44.3479,44.4855,2100089
2014-04-25,44.4671,44.6965,44.1828,44.5956,1811400
2014-04-28,44.7515,44.9441,44.192,44.7148,2192600
2014-04-29,44.8891,45.3844,44.8157,45.2835,2442538
2014-04-30,45.2651,45.3385,44.9441,45.2284,1795987
2014-05-01,45.2468,45.6137,44.9441,45.1,2455002
2014-05-02,45.3293,45.4027,44.2447,44.4488,2365005
2014-05-05,44.2011,44.8524,44.1186,44.6322,1163652
2014-05-06,44.4488,44.5084,43.8801,43.8985,1983715
2014-05-07,44.0636,44.7698,44.036,44.6781,2142961
2014-05-08,44.6873,45.0175,44.3938,44.5497,2555672
2014-05-09,44.5405,44.9074,44.3846,44.8799,1418393
2014-05-12,45.1184,45.3385,44.99,45.1918,947062
2014-05-13,45.2284,45.2743,44.9533,44.99,1947185
2014-05-14,44.9074,44.9716,44.5882,44.779,1394218
2014-05-15,44.6506,44.834,44.1828,44.779,2644393
2014-05-16,44.7148,45.0358,44.5405,44.9166,2313806
2014-05-19,44.8524,45.2651,44.6322,45.1459,2172012
2014-05-20,45.1,45.3477,44.8432,45.0358,2184930
2014-05-21,45.1367,45.5128,45.1092,45.4761,1770520
2014-05-22,45.4486,45.5678,45.2284,45.5586,1921243
2014-05-23,45.5586,45.6779,45.3477,45.5586,2040113
2014-05-27,45.6595,45.8155,45.5678,45.7329,1783817
2014-05-28,45.632,45.8522,45.5403,45.7696,1548780
2014-05-29,45.8155,45.9255,45.6687,45.8888,2256502
2014-05-30,45.8522,46.1457,45.8338,46.109,2034877
2014-06-02,46.109,46.4484,45.9622,46.3291,3011812
2014-06-03,46.0631,46.4667,46.0539,46.3016,1921166
2014-06-04,46.2099,46.6226,46.1365,46.5951,3025118
2014-06-05,46.641,46.641,46.2695,46.5217,1850213
2014-06-06,46.5768,46.8519,46.4942,46.8336,2382748
2014-06-09,46.7786,47.0079,46.751,47.0079,1914702
2014-06-10,46.8336,46.9895,46.7877,46.9253,1655384
2014-06-11,46.6868,46.9895,46.6226,46.9712,2141956
2014-06-12,46.8061,46.8244,46.2557,46.4667,2785958
2014-06-13,46.4667,46.6777,46.3841,46.6135,1542817
2014-06-16,46.6226,46.6685,46.3878,46.5401,1344004
2014-06-17,46.4117,46.9712,46.2741,46.8703,2361761
2014-06-18,46.8703,47.8334,46.8152,47.7325,4724155
2014-06-19,47.815,47.815,47.4298,47.549,1916740
2014-06-20,47.7141,48.0535,47.549,47.8334,3006268
2014-06-23,47.76,47.8701,47.6683,47.7875,1468494
2014-06-24,47.6499,47.9388,47.5307,47.5307,1583184
2014-06-25,47.3564,47.8425,47.3472,47.7416,1507103
2014-06-26,47.7875,47.7875,47.3656,47.549,1480276
2014-06-27,47.4756,47.6407,47.3839,47.5857,1285136
2014-06-30,47.5032,47.6774,47.3702,47.5307,1475186
2014-07-01,47.5307,47.9709,47.4481,47.7508,1647384
2014-07-02,47.5949,47.8609,47.3564,47.3931,1669582
2014-07-03,47.5399,47.7416,47.494,47.7141,1470817
2014-07-07,47.5582,47.7233,47.5032,47.5215,2118085
2014-07-08,47.4848,47.7325,47.3839,47.5857,2113848
2014-07-09,47.5488,47.7148,47.3459,47.6318,1694210
2014-07-10,47.309,47.807,47.2357,47.724,1814227
2014-07-11,47.5949,48.1944,47.5949,48.1483,2442478
2014-07-14,48.4157,48.5632,48.2313,48.2497,2001127
2014-07-15,48.0284,48.0975,47.6595,47.89,3743250
2014-07-16,48.1114,48.139,47.8854,47.9915,1412683
2014-07-17,47.807,48.1575,47.6226,47.641,1572087
2014-07-18,47.8531,48.1298,47.6595,48.056,1455493
2014-07-21,48.0007,48.0007,47.5304,47.7794,1447638
2014-07-22,48.0284,48.139,47.8209,47.9823,1466288
2014-07-23,48.0745,48.3788,47.9546,48.3419,1410998
2014-07-24,48.4157,48.6555,48.2958,48.6186,1866247
2014-07-25,48.2128,48.2866,47.3321,47.4289,3262875
2014-07-28,47.4013,47.4197,46.9771,47.1707,4657238
2014-07-29,48.4157,49.384,47.7056,47.9638,5027959
2014-07-30,48.0284,48.222,47.5857,47.8716,2879385
2014-07-31,47.6042,47.7609,46.7926,46.8203,2378683
2014-08-01,46.7188,46.8203,46.3868,46.5897,2014919
2014-08-04,46.7188,46.8203,46.3868,46.5897,2014919
2014-08-05,46.5621,46.6866,46.1932,46.433,2496604
2014-08-06,46.3868,47.0186,46.3868,46.9955,3811998
2014-08-07,47.0047,47.2353,46.6589,46.7742,1942623
2014-08-08,46.8203,47.4197,46.7096,47.392,2876572
2014-08-11,47.4382,47.5949,47.2998,47.4289,1637821
2014-08-12,47.4197,47.7148,47.2998,47.4382,1436717
2014-08-13,47.6595,47.8439,47.641,47.7517,1104129
2014-08-14,47.7794,47.9085,47.6964,47.7425,1322714
2014-08-15,47.9085,48.0633,47.2906,47.5949,1615686
2014-08-18,47.8531,47.9823,47.6779,47.8624,1670816
2014-08-19,48.0191,48.2405,47.8531,48.0929,1195882
2014-08-20,48.0191,48.1944,47.9454,48.1021,1300879
2014-08-21,48.2405,48.3143,48.056,48.2036,1419550
2014-08-22,48.1851,48.2681,48.0007,48.1021,1178808
2014-08-25,48.3972,48.6001,48.2681,48.4341,1235746
2014-08-26,48.3235,48.637,48.2958,48.388,994622
2014-08-27,48.4249,48.5356,48.3327,48.5079,1345418
2014-08-28,48.3419,48.9229,48.2681,48.7938,1660419
2014-08-29,48.9413,49.0243,48.6186,48.969,1523437
2014-09-02,49.0797,49.1996,48.7938,49.0151,1458784
2014-09-03,49.1996,49.218,48.8307,48.886,1353619
2014-09-04,48.8491,49.218,48.8215,48.9137,1083009
2014-09-05,48.969,48.9875,48.7016,48.9229,1726013
2014-09-08,48.9229,49.1903,48.72,48.8768,1134219
2014-09-09,48.7846,48.7846,48.2497,48.3143,1515175
2014-09-10,48.4341,48.7108,48.4341,48.6094,926129
2014-09-11,48.4618,48.8537,48.4157,48.6647,1653234
2014-09-12,48.554,48.7938,48.471,48.5909,1980425
2014-09-15,48.6647,48.9413,48.5358,48.8307,1269249
2014-09-16,48.7569,49.1996,48.7108,49.052,1068884
2014-09-17,49.1627,49.2272,48.7938,48.9413,1912398
2014-09-18,49.1166,49.4025,49.0797,49.3379,1464419
2014-09-19,49.3563,49.467,48.8307,48.9506,2839545
2014-09-22,48.803,48.9506,48.5448,48.6462,1888120
2014-09-23,48.5079,48.7661,48.3143,48.3143,1148035
2014-09-24,48.2958,48.8676,48.2663,48.8122,1502580
2014-09-25,47.9915,48.2958,47.6318,47.8624,2226599
2014-09-26,47.7978,48.5356,47.7517,48.4526,1503079
2014-09-29,48.0376,48.5955,47.9546,48.3972,1335069
2014-09-30,48.388,48.6555,48.1483,48.2681,1489803
2014-10-01,48.3327,48.3327,47.535,47.7056,2343185
2014-10-02,47.6687,47.9269,47.4658,47.6872,1464204
2014-10-03,47.9546,48.4065,47.9454,48.2405,1909536
2014-10-06,48.4895,48.5079,48.056,48.3235,1813607
2014-10-07,48.0284,48.0284,47.1154,47.1431,2577783
2014-10-08,47.2079,47.5325,46.8463,47.4676,6358296
2014-10-09,47.4583,47.7365,46.429,46.429,4944523
2014-10-10,46.5774,47.1338,46.1601,46.1694,3133277
2014-10-13,46.0767,46.7814,45.8819,45.9376,3282779
2014-10-14,46.1879,46.8278,46.0859,46.2807,3235122
2014-10-15,45.613,46.0813,45.1192,45.8912,3690904
2014-10-16,45.1679,46.2158,45.1679,46.0952,3425982
2014-10-17,46.5496,47.0967,46.3178,46.9483,2365003
2014-10-20,46.939,47.0318,46.6516,46.8834,1771508
2014-10-21,47.1338,47.653,46.9947,47.6345,3587816
2014-10-22,47.6716,47.8292,47.347,47.347,1820429
2014-10-23,47.9034,47.9034,47.347,47.449,1591878
2014-10-24,47.4119,47.8941,47.2265,47.8756,1176438
2014-10-27,47.9034,48.1816,47.7365,47.9961,1253986
2014-10-28,48.432,49.2016,48.2465,49.0996,2278190
2014-10-29,49.2109,49.2943,48.6916,49.0347,2072868
2014-10-30,51.9464,52.0066,51.6682,51.9464,1676308
2014-10-31,50.1382,50.4349,49.9712,50.4163,2386690
2014-11-03,50.3514,50.7873,50.3514,50.7594,2082827
2014-11-04,50.6945,51.5569,50.6018,51.1396,4239301
2014-11-05,51.4549,51.6774,51.3065,51.4364,2000964
2014-11-06,51.5662,51.8444,51.2259,51.8073,1410979
2014-11-07,51.8073,51.9185,51.6218,51.7424,1557010
2014-11-10,51.6125,52.1504,51.6125,52.0484,1226943
2014-11-11,52.1318,52.2895,51.9974,52.0669,1105553
2014-11-12,51.9464,52.0066,51.6682,51.9464,1676308
2014-11-13,51.9093,52.1967,51.7238,51.8907,1367445
2014-11-14,51.7702,52.0947,51.5847,51.7145,1851810
2014-11-17,51.5384,51.9556,51.5384,51.7887,1714235
2014-11-18,51.7887,52.1318,51.5754,51.8444,1238352
2014-11-19,51.6867,51.8815,51.5662,51.696,1455348
2014-11-20,51.4364,51.8907,51.4364,51.7794,972168
2014-11-21,52.2895,52.3358,51.8351,52.0391,2028102
2014-11-24,52.1596,52.4935,52.0576,52.4564,994482
2014-11-25,52.5305,52.614,52.2199,52.2709,1858435
2014-11-26,52.4007,52.4471,52.104,52.3729,900251
2014-11-28,52.0391,52.818,52.0391,52.4749,753328
2014-12-01,52.3915,52.7902,52.2153,52.3729,1279587
2014-12-02,52.4285,52.9293,52.4285,52.9015,1321567
2014-12-03,52.818,53.3651,52.7438,53.3187,1683573
2014-12-04,53.1796,53.7824,53.1796,53.7824,1978983
2014-12-05,53.8566,54.3017,53.7824,53.9957,2195629
2014-12-08,54.0327,54.4686,53.9307,54.3017,2518954
2014-12-09,53.9029,54.0884,53.634,53.8566,2055026
2014-12-10,53.8195,54.1997,53.1889,53.3466,2699551
2014-12-11,53.5227,54.0977,53.0684,53.1796,2200591
2014-12-12,52.8458,53.1889,52.3729,52.3915,1985750
2014-12-15,52.7995,53.0591,52.002,52.2709,2765430
2014-12-16,52.1411,52.9386,51.9742,51.9834,1856145
2014-12-17,52.3915,52.8922,52.0391,52.8458,1950046
2014-12-18,53.4207,53.6247,53.124,53.6247,2486695
2014-12-19,53.8751,54.0698,53.6155,53.7731,3064823
2014-12-22,53.6062,54.17,53.6062,54.1162,1725100
2014-12-23,54.2089,54.3758,54.042,54.144,1326770
2014-12-24,54.1626,54.3313,54.0513,54.0791,596718
2014-12-26,54.0977,54.2868,53.8195,53.838,800229
2014-12-29,53.6618,54.2924,53.6526,54.0606,982989
2014-12-30,53.8751,54.0513,53.7824,53.838,915740
2014-12-31,53.8937,54.042,53.0591,53.0776,1261240
2015-01-02,53.3466,53.532,52.4656,52.8273,1529001
2015-01-05,52.5769,52.8458,52.3265,52.4564,2526415
2015-01-06,52.4285,52.8273,51.5013,51.7516,2226285
2015-01-07,52.1689,52.5676,51.9185,52.4378,1529988
2015-01-08,52.9015,53.4578,52.8829,53.3187,1264479
2015-01-09,53.2538,53.3187,52.5769,52.5862,2038950
2015-01-12,52.5955,52.8736,51.9927,52.0205,1533826
2015-01-13,52.41,53.1055,51.7331,52.1225,2171919
2015-01-14,51.5754,52.0205,51.4456,51.9,1730239
2015-01-15,51.9185,52.2709,51.5198,51.6589,1641284
2015-01-16,51.6404,52.6418,51.6125,52.6047,1645836
2015-01-20,52.9015,52.9756,52.4656,52.6882,2448665
2015-01-21,52.6418,52.8366,52.1411,52.4749,1916054
2015-01-22,52.6986,53.3229,52.214,53.2577,1688379
2015-01-23,53.3602,53.3602,52.7452,52.7918,1611406
2015-01-26,52.6054,52.8384,52.4376,52.7358,1584001
2015-01-27,52.2513,52.6054,51.9531,52.1394,1523228
2015-01-28,52.3538,52.4749,50.6577,50.695,3959556
2015-01-29,50.695,50.9839,50.4015,50.9373,2423529
2015-01-30,50.3782,50.6764,50.0427,50.1079,3442375
2015-02-02,50.1825,50.9,49.8563,50.8814,3204349
2015-02-03,51.1796,51.4405,50.9093,51.3566,2924683
2015-02-04,51.2821,51.8832,51.2821,51.5617,2289369
2015-02-05,51.5058,52.0323,51.1656,52.0183,2416062
2015-02-06,51.543,52.2699,51.2541,51.6549,4509239
2015-02-09,50.7789,51.7294,50.7789,51.5337,4971761
2015-02-10,51.8878,52.0276,51.5617,51.7108,2130065
2015-02-11,51.6362,52.3258,51.6362,52.2699,2220576
2015-02-12,52.3445,52.7079,52.3258,52.6799,1881303
2015-02-13,52.5495,52.6706,52.3631,52.4749,2237688
2015-02-17,52.4842,52.8104,52.3724,52.6613,2862782
2015-02-18,52.6706,53.1179,52.5308,53.0993,2100262
2015-02-19,53.0154,53.2391,52.9222,53.2018,1739072
2015-02-20,52.9595,53.3416,52.5961,53.2391,2105053
2015-02-23,53.1086,53.1925,52.9315,53.1272,1322315
2015-02-24,53.1179,53.6538,53.0247,53.5559,2258332
2015-02-25,53.4627,53.6491,53.1738,53.3695,2390645
2015-02-26,53.2484,53.4068,52.9409,53.1272,2047254
2015-02-27,52.9875,53.3416,52.8757,53.0154,1648751
2015-03-02,52.9502,53.4627,52.9036,53.3416,1757091
2015-03-03,53.062,53.3602,52.9315,53.1272,1562872
2015-03-04,52.8663,53.1086,52.5401,52.6054,2140303
2015-03-05,52.6333,53.1459,52.6147,53.1086,1640263
2015-03-06,52.9688,53.3789,52.4376,52.5122,2254479
2015-03-09,52.447,52.8197,52.4283,52.6799,1488721
2015-03-10,52.2233,52.3165,51.8319,51.8412,2450028
2015-03-11,51.8878,52.1301,51.571,51.9251,1761960
2015-03-12,52.1674,52.7172,52.1022,52.624,2880376
2015-03-13,52.6333,52.6893,52.0556,52.2885,1847514
2015-03-16,52.5215,53.309,52.5029,53.2857,1348721
2015-03-17,53.0247,53.3975,52.9036,53.2298,1632601
2015-03-18,53.2018,54.1523,52.9036,53.8168,2103312
2015-03-19,53.8075,53.8448,53.2484,53.5932,1736133
2015-03-20,53.938,54.1151,53.6025,53.9194,2824329
2015-03-23,54.0312,54.1151,53.7609,53.7609,1740724
2015-03-24,53.7796,53.9566,53.2763,53.2763,1560176
2015-03-25,53.2763,53.3602,52.1115,52.1115,1916081
2015-03-26,51.8319,52.1674,51.6921,51.8133,1453604
2015-03-27,51.8412,51.9903,51.6642,51.8319,1759170
2015-03-30,52.1394,52.8104,52.1208,52.6986,1449063
2015-03-31,52.3351,52.5122,52.1208,52.2699,1599829
2015-04-01,52.3817,52.6333,51.9903,52.3445,1843346
2015-04-02,52.2326,52.7824,52.1488,52.7079,1373384
2015-04-06,52.2699,53.3975,52.2699,53.1086,1884651
2015-04-07,53.1832,53.2484,52.857,52.8756,1245422
2015-04-08,52.8663,53.4937,52.8101,53.3814,1692239
2015-04-09,53.1941,53.4282,52.9318,53.2315,1906844
2015-04-10,53.1847,53.7841,53.1566,53.4937,1790011
2015-04-13,53.4282,53.8496,53.3439,53.5312,1226672
2015-04-14,53.4188,53.8122,53.2034,53.7841,1156517
2015-04-15,53.8964,54.0744,53.7372,53.7934,1262464
2015-04-16,53.6342,53.8403,53.3439,53.578,2318654
2015-04-17,53.2128,53.269,52.4917,52.6228,4353358
2015-04-20,52.7258,53.2222,52.7258,53.0442,2828972
2015-04-21,53.091,53.2315,52.8475,52.988,1602836
2015-04-22,52.9506,53.2034,52.5479,52.8475,2372363
2015-04-23,52.7633,53.2034,52.7258,52.9693,2236278
2015-04-24,52.9318,53.3907,52.7914,53.3439,1707819
2015-04-27,53.4844,53.5874,52.988,53.0817,2339282
2015-04-28,52.9693,53.372,52.8944,53.3158,1338318
2015-04-29,53.1191,53.6061,53.0349,53.2783,1677871
2015-04-30,53.1941,53.5499,52.4706,52.5947,3398998
2015-05-01,52.9131,53.2034,52.5479,53.0629,1704783
2015-05-04,53.0629,53.475,53.0255,53.4282,1707456
2015-05-05,53.2503,53.4937,52.796,52.885,3131856
2015-05-06,53.1098,53.1285,52.5479,52.8663,2617825
2015-05-07,52.9318,53.6155,52.7445,53.5406,1909049
2015-05-08,53.9901,54.3085,53.7653,54.2804,2099653
2015-05-11,54.1493,54.655,54.0463,54.2523,1953694
2015-05-12,54.0837,54.0837,53.5968,53.8215,1893203
2015-05-13,53.9245,54.065,53.5499,53.7747,1645321
2015-05-14,54.1774,54.5145,53.962,54.4677,1804377
2015-05-15,54.3928,54.5614,54.0931,54.1868,1684044
2015-05-18,54.1306,54.8517,54.1306,54.7768,2325332
2015-05-19,54.9266,55.1326,54.758,55.0671,1358493
2015-05-20,55.039,55.5166,54.833,55.3293,1331096
2015-05-21,55.1888,55.4885,55.1888,55.348,1947936
2015-05-22,55.3106,55.4979,55.2357,55.2544,1440971
2015-05-26,54.9922,55.1794,54.5988,54.7674,2097234
2015-05-27,54.9828,55.2497,54.8611,55.1233,1431231
2015-05-28,54.9547,55.0952,54.7206,54.9922,1500709
2015-05-29,55.142,55.142,54.5333,54.5333,2353795
2015-06-01,54.6831,54.8517,54.3272,54.4677,1605285
2015-06-02,54.243,54.8423,54.1961,54.5333,1292406
2015-06-03,54.8892,55.0858,54.5707,54.8798,1167463
2015-06-04,54.7112,54.9547,54.1212,54.2149,2957132
2015-06-05,54.449,54.6831,54.0276,54.1774,2131061
2015-06-08,54.1306,54.4396,54.0088,54.0463,1711738
2015-06-09,54.0276,54.3741,54.0088,54.2617,1626496
2015-06-10,54.4677,55.2029,54.4303,55.1326,2006387
2015-06-11,55.1888,55.6758,55.1045,55.5822,2174453
2015-06-12,55.4323,55.5166,55.1701,55.3668,1772425
2015-06-15,54.8892,55.3106,54.7393,55.0858,1753369
2015-06-16,54.9266,55.4042,54.9032,55.2825,1522017
2015-06-17,55.5166,55.7133,55.2638,55.4511,2114760
2015-06-18,55.6571,56.1815,55.6103,56.0411,2483488
2015-06-19,55.9755,56.0598,55.629,55.6571,2057196
2015-06-22,55.526,55.9287,55.1982,55.3761,2448934
2015-06-23,55.4511,55.5447,55.2731,55.4042,1815611
2015-06-24,55.3387,55.3574,54.8517,54.8517,1585355
2015-06-25,54.8517,54.9828,54.4396,54.5333,1543260
2015-06-26,54.8049,54.8423,54.4303,54.6082,2604247
2015-06-29,54.168,54.2055,53.166,53.1941,2690705
2015-06-30,53.6904,53.756,52.9131,53.1004,2909033
2015-07-01,53.7466,53.9901,53.3626,53.5874,2119565
2015-07-02,53.6061,53.7841,53.3794,53.5593,1366061
2015-07-06,53.0442,53.6904,53.0227,53.4563,2048503
2015-07-07,53.5312,53.8496,52.8288,53.8403,2320984
2015-07-08,53.313,53.6331,52.9081,52.9928,1901519
2015-07-09,53.586,53.8026,53.2282,53.2941,2641551
2015-07-10,53.9626,54.1227,53.6566,53.8308,2336520
2015-07-13,54.264,54.5276,54.0851,54.2922,1450323
2015-07-14,54.1698,54.5559,54.1227,54.4146,1007833
2015-07-15,54.5276,54.5653,54.2028,54.3205,1539871
2015-07-16,54.6783,55.1585,54.6123,55.1302,1638906
2015-07-17,55.0172,55.1208,54.8289,54.9607,1535943
2015-07-20,54.9513,55.2432,54.73,55.0361,1198562
2015-07-21,55.0549,55.375,54.8383,55.0266,1204482
2015-07-22,54.8572,55.3939,54.8572,55.1679,1574797
2015-07-23,55.1302,55.262,54.8807,55.0266,1060412
2015-07-24,54.876,55.1114,54.8007,54.8477,1674270
2015-07-27,54.65,54.9325,54.3769,54.6783,2002767
2015-07-28,54.4711,54.7065,53.9721,54.0191,3000002
2015-07-29,53.9909,54.6123,53.9156,54.5653,2375176
2015-07-30,54.4146,54.8901,54.3675,54.7442,1454148
2015-07-31,54.9042,54.9231,54.4994,54.5559,1743058
2015-08-03,54.6971,54.7442,54.1321,54.4994,1154872
2015-08-04,54.4146,54.7348,54.3675,54.5182,1095859
2015-08-05,54.8854,55.0643,54.6783,54.8854,1106794
2015-08-06,55.0455,55.1679,54.3675,54.4523,1392527
2015-08-07,54.3299,54.8854,53.925,54.4334,1382812
2015-08-10,54.7818,55.3185,54.7818,55.1585,1157119
2015-08-11,54.8854,54.9325,54.4617,54.7442,1780879
2015-08-12,54.3769,54.7103,53.7414,54.3864,1549514
2015-08-13,54.2828,54.7065,54.2263,54.3581,1096344
2015-08-14,54.2263,54.7818,54.2263,54.763,930223
2015-08-17,54.4146,55.0172,54.2263,54.8948,1078399
2015-08-18,54.8477,54.9419,54.7159,54.8854,936665
2015-08-19,54.5841,54.7159,54.151,54.3016,1554731
2015-08-20,53.8402,54.0003,53.3694,53.3789,2059101
2015-08-21,52.9834,53.3506,52.0512,52.0889,3461753
2015-08-24,50.0456,51.1473,47.927,49.5937,5431315
2015-08-25,50.7801,50.959,48.718,48.8404,4511500
2015-08-26,50.1586,50.3564,48.9157,50.2434,3606912
2015-08-27,50.7612,51.5145,50.4599,51.4486,2588421
2015-08-28,51.2038,51.5333,50.6294,50.9684,3008833
2015-08-31,50.733,50.8083,50.4411,50.5917,2622615
2015-09-01,49.5748,49.7349,48.8498,49.057,2733536
2015-09-02,49.5842,49.8573,49.0758,49.6784,1850941
2015-09-03,49.7914,50.2622,49.7443,49.9232,1880974
2015-09-04,49.2076,49.4618,48.718,48.9534,3621370
2015-09-08,50.1963,51.2697,49.9985,51.0908,5207616
2015-09-09,51.458,51.7782,50.4552,50.5635,3926916
2015-09-10,50.281,50.8366,50.2151,50.4693,3440125
2015-09-11,50.3469,50.9307,50.1115,50.9307,2458352
2015-09-14,50.9119,50.9872,50.5258,50.8083,2915859
2015-09-15,51.0343,51.7028,50.6859,51.4203,2717326
2015-09-16,51.4015,51.6181,51.1661,51.4486,2600424
2015-09-17,51.5239,51.8817,50.9731,51.072,3440002
2015-09-18,49.4901,50.5353,49.4901,49.9891,4592069
2015-09-21,50.3658,50.6859,50.2528,50.5258,2226244
2015-09-22,49.4336,49.895,49.1982,49.8102,2840509
2015-09-23,49.7537,49.9703,49.5701,49.7726,1242994
2015-09-24,49.2076,49.4618,49.0287,49.1417,2992124
2015-09-25,49.6596,50.0268,49.3206,49.5748,1703880
2015-09-28,49.2453,49.4242,48.4025,48.5297,2398458
2015-09-29,48.5485,48.8074,48.1154,48.7651,2576018
2015-09-30,49.217,49.3112,48.5673,49.1699,2271575
2015-10-01,49.2453,49.33,48.6332,49.0381,1909102
2015-10-02,48.2848,49.5183,48.0683,49.5089,2121766
2015-10-05,49.8667,50.6482,49.6313,50.6294,2047473
2015-10-06,50.2716,50.3375,49.7726,49.9044,2707042
2015-10-07,50.2643,50.6526,50.1317,50.359,1850980
2015-10-08,50.1696,51.0457,50.1601,50.9083,1850931
2015-10-09,50.8989,51.1925,50.5626,50.6147,2245899
2015-10-12,50.5768,51.3251,50.5484,51.0694,2370334
2015-10-13,50.7473,50.9746,50.5295,50.5768,1698457
2015-10-14,50.539,50.6621,49.9328,49.9802,2192787
2015-10-15,50.3874,50.7189,50.1601,50.7189,2306825
2015-10-16,50.861,51.1357,50.861,51.1072,2330772
2015-10-19,51.0504,51.1167,50.7094,50.842,1462139
2015-10-20,50.7473,51.505,50.7379,51.363,1874140
2015-10-21,51.5524,51.6945,51.0551,51.1167,1317154
2015-10-22,51.363,52.348,51.363,52.0923,1850000
2015-10-23,52.2817,52.5374,51.9833,52.3764,1582631
2015-10-26,52.3859,52.4901,51.7986,51.7986,2356914
2015-10-27,50.8515,52.6511,50.8515,52.5185,3495384
2015-10-28,52.7079,53.2383,52.6889,53.2383,2116887
2015-10-29,53.0299,53.4372,52.8309,53.3141,1655680
2015-10-30,53.2572,53.3141,52.7766,52.7931,2930704
2015-11-02,52.9068,53.5272,52.7742,53.3898,2110175
2015-11-03,53.3614,53.5887,53.0489,53.4088,2351568
2015-11-04,53.4467,53.655,53.153,53.2288,1864571
2015-11-05,53.2099,53.3993,52.9731,53.3235,1896489
2015-11-06,53.7024,53.7024,52.8831,53.1436,2083194
2015-11-09,53.0583,53.1152,52.5279,52.6889,2333081
2015-11-10,52.6321,52.9068,52.5564,52.7174,1964837
2015-11-11,52.7931,52.8784,52.4616,52.6132,2163725
2015-11-12,52.2438,52.4711,51.9312,51.9312,1661245
2015-11-13,51.7986,52.0828,51.2304,51.2872,2234696
2015-11-16,51.1451,51.9597,51.0978,51.9502,1850180
2015-11-17,52.0733,52.2154,51.685,51.7513,1537184
2015-11-18,51.9691,52.67,51.7986,52.6416,1442093
2015-11-19,52.6321,52.7837,52.3479,52.6416,1177501
2015-11-20,52.9447,53.1625,52.7837,52.9352,1621164
2015-11-23,52.992,53.1341,52.6179,52.7837,914657
2015-11-24,52.329,52.7079,52.1491,52.5658,1349424
2015-11-25,52.5753,52.7174,52.4048,52.4995,1052883
2015-11-27,52.3859,52.5657,52.168,52.4616,581124
2015-11-30,52.6227,52.6511,52.2533,52.3764,3219833
2015-12-01,52.6321,53.0867,52.5185,53.0489,2278538
2015-12-02,53.0678,53.3235,52.8121,52.8784,2160806
2015-12-03,52.9257,53.1341,52.0998,52.4238,2653623
2015-12-04,52.5469,53.8729,52.5469,53.8539,2900928
2015-12-07,53.5887,53.9865,53.3614,53.7876,2656295
2015-12-08,53.3898,53.494,52.7742,52.9163,2758141
2015-12-09,52.5658,53.3377,52.2912,52.6132,1755528
2015-12-10,52.6227,53.2241,52.2627,53.0204,2858474
2015-12-11,52.2627,52.9731,51.8744,51.9881,2589037
2015-12-14,52.1396,52.4332,51.3724,52.0638,3324531
2015-12-15,52.6416,53.7022,52.348,53.4372,2697738
2015-12-16,53.7971,54.4033,53.5982,54.2991,2996444
2015-12-17,54.2991,54.4222,52.8121,52.831,2241292
2015-12-18,52.5658,52.6795,51.6092,51.6282,3508926
2015-12-21,52.007,52.2154,51.2114,51.6945,1915481
2015-12-22,52.0638,52.2391,51.1167,52.0449,1946652
2015-12-23,52.2817,52.5848,51.8934,52.5753,1153702
2015-12-24,52.4238,52.8073,52.3101,52.6037,499275
2015-12-28,52.329,52.6511,52.1491,52.6037,931364
2015-12-29,53.0394,53.4182,52.9636,53.3709,1245723
2015-12-30,53.3804,53.5366,53.0962,53.1341,906359
2015-12-31,52.9731,53.2383,52.5185,52.5185,1422129
2016-01-04,51.5997,51.685,50.9462,51.4482,2870000
2016-01-05,51.3914,52.1207,51.2967,51.8744,2350014
2016-01-06,51.1167,51.7702,50.861,51.2493,2563898
2016-01-07,50.3211,50.9841,50.2359,50.861,5002816
2016-01-08,50.9652,51.1072,50.0938,50.1506,3189639
2016-01-11,49.6676,50.3495,49.033,49.4213,3864408
2016-01-12,49.7623,49.9517,49.1183,49.8854,3105641
2016-01-13,50.6053,50.7284,49.3266,49.4687,2683768
2016-01-14,49.6297,51.1641,49.4498,50.7379,3215188
2016-01-15,49.2603,50.2359,49.0993,49.4498,4145429
2016-01-19,49.9707,50.037,49.123,49.3929,2668599
2016-01-20,48.3227,49.3172,48.1238,48.8152,2960789
2016-01-21,49.2249,49.3393,48.5865,48.8724,2653479
2016-01-22,49.5775,50.0063,49.4155,49.8252,1577334
2016-01-25,49.8062,49.8348,49.1106,49.1392,2250791
2016-01-26,49.425,49.8633,49.3202,49.4822,1430951
2016-01-27,49.4536,49.9586,48.901,49.1868,2120840
2016-01-28,49.4917,49.6061,49.0248,49.3583,1886982
2016-01-29,49.749,50.8543,49.6251,50.8162,2452902
2016-02-01,50.7019,50.9591,50.3302,50.759,1694278
2016-02-02,50.1492,50.1683,49.6537,49.8824,2003207
2016-02-03,50.1206,50.416,48.8343,50.3493,3009772
2016-02-04,50.8257,52.0835,50.4541,51.6166,4376087
2016-02-05,51.6357,52.1502,51.5594,52.074,3949399
2016-02-08,51.4356,52.7219,51.426,52.4075,3573150
2016-02-09,52.0645,53.0078,52.0359,52.6743,3180263
2016-02-10,52.9411,54.0035,52.8458,52.8934,2048241
2016-02-11,51.7691,52.6838,51.7595,52.3598,2233476
2016-02-12,53.1602,53.5223,52.9125,53.4366,2243554
2016-02-16,53.7987,54.0941,53.611,53.8368,2286480
2016-02-17,54.0941,54.7515,54.0941,54.6658,2619386
2016-02-18,54.5324,54.8946,54.4419,54.7896,2626870
2016-02-19,54.5419,54.8421,54.4037,54.6086,2640791
2016-02-22,54.8278,55.1517,54.6658,54.8373,1795388
2016-02-23,54.6372,54.9564,54.3227,54.399,1855428
2016-02-24,54.0274,54.9326,53.8462,54.742,2365082
2016-02-25,54.8754,55.0469,54.5705,55.0374,2351515
2016-02-26,55.2661,55.4281,54.7706,54.7896,2009981
2016-02-29,54.7896,54.9278,54.3275,54.3609,2682134
2016-03-01,54.7515,55.3804,54.5705,55.3518,1805681
2016-03-02,55.0946,55.3233,54.8945,55.1136,2718689
2016-03-03,54.923,55.1231,54.5419,55.0279,2438222
2016-03-04,55.2661,55.3614,54.6658,55.2756,3078227
2016-03-07,54.7706,55.2327,54.2942,54.9707,2449648
2016-03-08,54.6658,55.4185,54.5895,54.7325,2471875
2016-03-09,54.6753,55.1517,54.418,54.9897,1366852
2016-03-10,55.1803,55.5519,54.5288,55.0088,1756147
2016-03-11,55.4567,55.9998,55.1041,55.9712,1472825
2016-03-14,55.7235,56.1808,55.6568,56.057,1993995
2016-03-15,55.6091,56.3523,55.4662,56.3523,1863604
2016-03-16,56.0284,56.4572,55.9426,56.1427,1857425
2016-03-17,56.2189,57.2957,56.0188,57.0289,2450174
2016-03-18,57.0956,57.2791,56.7621,56.9812,3755516
2016-03-21,57.1718,57.1718,56.7144,56.9526,1090260
2016-03-22,56.6001,57.3814,56.4095,56.9145,1751294
2016-03-23,56.905,57.0575,56.6477,56.7335,1397045
2016-03-24,56.4857,57.0384,56.3238,56.9812,1649060
2016-03-28,57.0098,57.41,56.9566,57.2099,1569304
2016-03-29,57.1718,57.734,56.9622,57.7054,1500575
2016-03-30,57.9627,58.0769,57.6101,57.8769,1121818
2016-03-31,57.8769,58.0899,57.5245,57.9246,1491852
2016-04-01,57.7816,58.563,57.7006,58.4772,1633997
2016-04-04,58.4677,58.7059,58.239,58.3248,1152800
2016-04-05,57.8769,58.0866,57.4958,57.5911,1498450
2016-04-06,57.4474,58.1945,57.3229,58.1753,1738729
2016-04-07,57.7156,57.888,57.3229,57.6294,1849888
2016-04-08,57.9933,58.2328,57.7252,57.955,1456256
2016-04-11,58.319,58.6829,58.0891,58.137,1352692
2016-04-12,58.1945,58.9415,58.1178,58.9032,2706631
2016-04-13,59.0565,59.5449,58.932,59.5258,1824696
2016-04-14,59.6503,59.7173,59.2097,59.3534,1310431
2016-04-15,59.5353,59.8967,59.3821,59.6886,2120180
2016-04-18,59.5545,60.3878,59.43,60.3878,1362404
2016-04-19,60.6368,60.9816,60.5362,60.6464,1531215
2016-04-20,60.7421,60.9241,59.928,60.3111,1392618
2016-04-21,60.1771,60.3973,59.5928,59.6215,1968905
2016-04-22,59.7077,59.9376,59.3534,59.5641,2127483
2016-04-25,59.4779,59.7748,59.3438,59.4683,1498986
2016-04-26,59.7556,60.019,59.2672,59.8993,1735700
2016-04-27,59.8993,59.9185,59.497,59.6024,1713927
2016-04-28,57.5049,60.6368,57.5049,60.1579,2527419
2016-04-29,60.11,60.7996,60.0525,60.4835,2138966
2016-05-02,60.6368,61.0869,60.5506,60.9624,1864016
2016-05-03,60.4835,60.9816,60.2728,60.8667,2247307
2016-05-04,60.5027,60.9433,60.3973,60.6847,2044332
2016-05-05,60.7134,61.0391,60.6176,60.7709,1530774
2016-05-06,60.6464,60.723,60.3303,60.5506,1637260
2016-05-09,60.5123,60.8188,60.3114,60.7421,1031920
2016-05-10,61.0869,61.6903,60.9337,61.6712,1605332
2016-05-11,61.585,61.8915,61.2019,61.2019,1087625
2016-05-12,61.3839,61.7957,61.1157,61.652,1460854
2016-05-13,61.5371,61.6903,61.0774,61.2498,1764344
2016-05-16,61.1348,62.016,61.0965,61.7287,2048744
2016-05-17,61.7191,61.9777,61.1348,61.336,1537705
2016-05-18,61.2306,62.1166,61.0879,61.767,1425154
2016-05-19,61.3839,61.5084,61.154,61.4701,1539175
2016-05-20,61.767,61.9489,61.4222,61.4892,1949878
2016-05-23,61.3934,61.8963,61.3163,61.7478,1480484
2016-05-24,61.9202,62.8205,61.6425,62.7631,2351260
2016-05-25,62.8397,63.2994,62.6098,62.8684,1803222
2016-05-26,62.8205,62.9402,62.6194,62.8014,1059069
2016-05-27,62.7822,63.1749,62.7152,63.1462,1080741
2016-05-31,63.3665,63.4622,62.878,63.2803,2840649
2016-06-01,62.9546,63.3952,62.8109,63.376,1223867
2016-06-02,63.2898,63.6346,62.9067,63.6346,1304930
2016-06-03,63.2419,63.5101,62.7631,63.376,1372869
2016-06-06,63.3473,63.6346,63.2324,63.5005,1233265
2016-06-07,63.9411,64.0177,63.6442,63.7879,1803718
2016-06-08,63.6634,63.8932,63.5197,63.7687,1360992
2016-06-09,63.5867,63.9172,63.1845,63.8166,1267066
2016-06-10,63.3952,63.7544,63.3377,63.5484,1362805
2016-06-13,63.4622,63.6825,62.9929,63.0312,1675616
2016-06-14,62.7822,63.0648,62.6577,62.9259,1577919
2016-06-15,63.0312,63.0312,62.5332,62.5811,1569920
2016-06-16,62.2075,63.2419,62.1118,63.2228,2192906
2016-06-17,63.2419,63.2898,62.6385,63.0791,2034718
2016-06-20,63.8262,64.1375,63.5867,63.6634,1581783
2016-06-21,63.9986,64.0656,63.7303,63.922,1804680
2016-06-22,63.8645,64.42,63.7987,63.989,1497739
2016-06-23,64.6116,65.0426,64.4966,65.0426,1592144
2016-06-24,62.8014,63.1845,62.0256,62.1405,5085997
2016-06-27,61.4222,61.5275,60.7134,61.0391,2697277
2016-06-28,61.4317,62.8397,61.3551,62.8205,2195304
2016-06-29,63.4143,63.9603,63.2228,63.9507,2241835
2016-06-30,64.2284,65.6747,64.056,65.5693,3668525
2016-07-01,65.5502,65.7896,65.1096,65.2341,3143509
2016-07-05,64.918,65.1,64.5635,64.7361,2210774
2016-07-06,64.353,64.5541,64.0034,64.2763,5602126
2016-07-07,64.5459,65.0368,64.0838,64.3052,3740473
2016-07-08,64.6999,64.8539,64.2474,64.6614,7379685
2016-07-11,65.0657,65.0849,64.6421,64.6421,2163369
2016-07-12,65.0849,65.1812,64.6036,64.7865,2860304
2016-07-13,64.9598,65.0705,64.4881,64.5459,1884425
2016-07-14,65.0464,65.3641,64.4496,64.4592,3036412
2016-07-15,64.6325,64.6325,63.9947,64.0357,3539835
2016-07-18,64.1897,64.2186,63.8864,63.9779,1736355
2016-07-19,63.8624,63.9586,63.6217,63.872,1757580
2016-07-20,64.1415,64.1993,63.8624,63.949,1478617
2016-07-21,63.8624,63.9394,63.3425,63.4966,1160812
2016-07-22,63.718,64.0645,63.5832,63.9971,1602593
2016-07-25,64.0453,64.0453,63.718,63.7661,1705951
2016-07-26,63.8624,64.1801,63.7661,64.1512,2289205
2016-07-27,64.2282,64.2859,63.795,63.9875,2524900
2016-07-28,63.9394,64.2523,63.3618,64.0645,2532327
2016-07-29,63.8431,63.9971,63.227,63.2944,2802545
2016-08-01,63.3233,63.7372,63.2367,63.4773,2254807
2016-08-02,63.2655,63.7084,63.2655,63.6217,1901302
2016-08-03,63.7084,63.7469,63.4773,63.6987,3051398
2016-08-04,63.718,64.1608,63.718,63.8239,2182365
2016-08-05,64.3052,64.3437,64.0068,64.1415,1816822
2016-08-08,64.0934,64.6084,64.0357,64.5651,2586533
2016-08-09,64.4785,64.7384,64.4255,64.4785,1309214
2016-08-10,64.4496,64.7769,64.3918,64.6421,1489309
2016-08-11,64.7673,64.9791,64.5603,64.8539,1253597
2016-08-12,65.0368,65.0368,64.748,64.8732,1436354
2016-08-15,64.8828,65.0752,64.7481,64.8539,1791406
2016-08-16,64.6132,64.8539,64.5362,64.5459,1229968
2016-08-17,64.4785,64.9309,64.2859,64.6229,1285993
2016-08-18,64.6132,64.6903,64.4207,64.6036,1341836
2016-08-19,64.363,64.5844,64.1367,64.5459,1481049
2016-08-22,64.3918,64.9502,64.3389,64.7865,876842
2016-08-23,64.9117,65.1523,64.5507,64.6229,1165601
2016-08-24,64.5266,64.7865,64.3341,64.6614,1308851
2016-08-25,64.44,65.2871,64.44,65.0849,1884004
2016-08-26,64.8058,65.5085,64.4063,64.6806,1811562
2016-08-29,64.7191,65.6,64.7191,65.3834,1255853
2016-08-30,65.5181,65.5499,64.8539,65.1908,1510800
2016-08-31,65.2101,65.2871,64.7769,65.1042,1930595
2016-09-01,65.239,65.5566,64.8443,65.2582,1570607
2016-09-02,65.5181,65.7684,65.2823,65.7492,973109
2016-09-06,65.7492,65.7781,65.0753,65.6337,1869442
2016-09-07,65.393,65.6442,65.3882,65.5374,1779054
2016-09-08,65.4315,65.5759,65.2871,65.4026,1750923
2016-09-09,65.0079,65.0176,63.5254,63.5254,2600816
2016-09-12,63.2367,64.7961,63.1981,64.6903,2300481
2016-09-13,64.0742,64.3148,63.6554,63.6602,2726186
2016-09-14,63.6987,63.872,63.1404,63.3714,2014168
2016-09-15,63.3425,64.0838,63.2559,63.9201,1450600
2016-09-16,63.6313,63.6891,63.0345,63.4484,2409093
2016-09-19,63.795,64.0164,63.5543,63.795,1203661
2016-09-20,64.2474,64.44,64.0164,64.3052,1841644
2016-09-21,64.517,65.1716,64.3581,65.1042,1735427
2016-09-22,65.547,65.7588,65.3352,65.6625,1662377
2016-09-23,65.0368,65.4796,64.8347,64.8347,1436413
2016-09-26,64.4688,64.7384,64.2571,64.5074,1616571
2016-09-27,64.5074,65.186,64.363,64.8828,2364670
2016-09-28,64.9791,64.9791,64.2474,64.7191,1836719
2016-09-29,64.7576,64.9117,63.8094,63.9201,1832274
2016-09-30,64.0838,64.9598,64.0838,64.7384,2597202
2016-10-03,64.517,64.594,64.1464,64.4592,1392513
2016-10-04,64.4207,64.4592,63.641,63.8528,2244489
2016-10-05,64.0453,64.4207,63.718,63.8431,2128696
2016-10-06,63.8335,64.4527,63.4755,64.2399,2253729
2016-10-07,64.3366,64.7043,64.0802,64.4914,2029271
2016-10-10,64.8301,65.0527,64.2592,64.2786,1499308
2016-10-11,63.9593,64.2205,63.2723,63.4077,1596000
2016-10-12,63.5722,64.1915,63.5335,64.027,1503569
2016-10-13,63.669,63.9593,63.3206,63.5529,1866749
2016-10-14,64.027,64.5302,63.8528,63.8528,1914442
2016-10-17,63.9883,63.9883,63.1658,63.2142,1803177
2016-10-18,63.8625,63.8915,62.982,63.0304,2493340
2016-10-19,63.2239,63.6787,63.0497,63.669,2297071
2016-10-20,63.4271,63.4464,62.9336,63.1078,1585393
2016-10-21,62.5659,63.0594,62.2853,62.9239,1617385
2016-10-24,63.2626,63.4658,62.8078,62.8659,1748986
2016-10-25,62.1401,62.4691,60.3114,60.6694,5327185
2016-10-26,60.4371,61.4435,60.3888,61.1725,3427322
2016-10-27,61.3661,61.5112,60.8194,61.1338,2804517
2016-10-28,61.3177,62.145,61.2016,61.3951,2350215
2016-10-31,61.6273,61.7144,60.9984,61.337,1804173
2016-11-01,61.5402,61.5886,60.5823,60.8242,2652123
2016-11-02,60.9113,61.3757,60.8339,60.921,3108312
2016-11-03,61.1629,61.9224,61.1029,61.5789,1963409
2016-11-04,61.8886,62.1885,61.4144,61.8305,2361480
2016-11-07,62.8078,63.0013,62.4111,62.982,2202190
2016-11-08,62.9336,63.5529,62.7497,63.2626,2020880
2016-11-09,63.6593,64.9704,62.4111,64.743,4302414
2016-11-10,65.2946,66.0687,64.685,65.6042,3746610
2016-11-11,65.4591,66.1267,65.1978,65.5849,2424910
2016-11-14,65.8945,66.1268,65.0817,65.4204,2803903
2016-11-15,65.2365,65.6332,65.1446,65.5365,1777412
2016-11-16,65.372,65.8267,65.2365,65.5074,1789487
2016-11-17,65.5558,66.9153,65.5558,66.8331,1960739
2016-11-18,66.8137,67.1853,66.6008,66.9879,2058586
2016-11-21,67.1621,67.433,66.717,66.9685,1924604
2016-11-22,67.075,67.3266,66.7944,67.1524,1876559
2016-11-23,67.2588,67.3459,66.6395,67.2104,1967969
2016-11-25,67.1717,67.5104,66.9685,67.5104,928184
2016-11-28,67.0847,67.4814,66.6395,66.6783,2043053
2016-11-29,66.8815,66.9782,66.6008,66.746,1772373
2016-11-30,67.133,67.5007,66.7653,67.0653,2927113
2016-12-01,67.1427,67.2201,66.417,66.6686,2267353
2016-12-02,66.8911,66.8911,66.0203,66.1751,1560533
2016-12-05,66.7073,67.1621,66.2719,66.4654,1894084
2016-12-06,66.5331,66.7073,66.1461,66.5525,2675016
2016-12-07,66.6783,67.3072,66.4267,67.1814,2677315
2016-12-08,67.3169,67.3846,66.6879,67.0847,2622548
2016-12-09,67.0072,67.404,66.8524,67.2201,3119180
2016-12-12,67.104,67.3267,66.896,67.2104,2953020
2016-12-13,67.2975,67.4814,66.8911,67.075,3797707
2016-12-14,66.9782,67.3169,66.1751,66.3202,3207759
2016-12-15,66.4654,66.9879,66.1606,66.3396,2446386
2016-12-16,66.1364,66.7266,65.8945,66.2428,4240768
2016-12-19,66.3396,66.8137,66.1703,66.4557,3181830
2016-12-20,66.6976,66.717,65.9525,66.1751,2433719
2016-12-21,66.0977,66.5718,66.0106,66.0977,1762695
2016-12-22,66.03,66.3396,65.8655,66.1944,1268190
2016-12-23,66.2815,66.5041,66.1557,66.3009,1796582
2016-12-27,66.3299,66.388,65.9525,65.9912,1214800
2016-12-28,66.1751,66.3154,65.5268,65.5268,1180458
2016-12-29,65.7106,65.8751,65.4494,65.5558,920141
2016-12-30,65.7203,65.73,65.2075,65.401,1397051
2017-01-03,65.6526,65.8364,65.1301,65.6719,2318664
2017-01-04,65.7203,66.3057,65.7203,66.0783,1715110
2017-01-05,66.0687,66.3106,65.8558,66.0977,1562293
2017-01-06,66.1848,66.6008,66.0396,66.4557,1842520
2017-01-09,66.2041,66.2101,65.5849,65.6042,1167978
2017-01-10,65.6429,66.1122,65.2752,65.3236,1781966
2017-01-11,65.2172,65.4881,64.7961,65.2559,2162076
2017-01-12,64.9656,65.4687,64.5882,65.3913,2110344
2017-01-13,65.4978,65.8945,65.4881,65.5365,1221958
2017-01-17,65.2172,65.8122,64.9849,65.4494,1384844
2017-01-18,65.6526,66.0599,65.3913,65.9622,1750220
2017-01-19,66.1074,66.1074,65.1494,65.2655,1577612
2017-01-20,65.43,65.788,65.3042,65.788,2107167
2017-01-23,65.72,65.8561,65.4769,65.7005,1235073
2017-01-24,65.9339,66.4785,65.8756,66.3521,1813272
2017-01-25,66.6341,66.9064,66.5271,66.7703,2163994
2017-01-26,66.7994,67.1009,66.6633,66.8578,1418142
2017-01-27,67.0426,67.276,66.78,66.955,1956768
2017-01-30,66.673,66.8967,66.0701,66.4591,1874926
2017-01-31,66.3813,66.5855,65.8367,66.1479,2191438
2017-02-01,66.2451,66.5271,65.4671,65.5547,2126318
2017-02-02,65.9145,67.8594,65.7492,67.6358,2931520
2017-02-03,68.3165,68.6569,67.7719,68.5791,2986389
2017-02-06,68.2679,68.7006,67.9372,67.9859,1654894
2017-02-07,68.2582,68.3262,67.7914,67.8497,1127867
2017-02-08,67.4705,68.5013,67.4218,68.4721,2278201
2017-02-09,68.6374,68.9194,68.5159,68.6374,1641454
2017-02-10,68.7444,69.3279,68.511,69.1237,2866507
2017-02-13,69.289,69.7558,69.075,69.5127,1414345
2017-02-14,69.5807,70.0086,69.464,69.96,1492129
2017-02-15,69.9016,70.7185,69.6974,70.631,1609015
2017-02-16,70.5046,71.2728,70.4462,71.2437,2173657
2017-02-17,70.9227,71.4965,70.7283,71.4965,2029848
2017-02-21,71.3604,71.6424,70.7185,70.9227,1729613
2017-02-22,70.5143,71.1659,70.5046,70.9227,1502901
2017-02-23,71.1367,71.5451,70.8644,71.516,2203063
2017-02-24,71.1659,71.7105,70.9422,71.4868,1908356
2017-02-27,71.6229,71.866,70.6602,71.4479,868775
2017-02-28,71.2145,71.691,71.0394,71.4576,1825566
2017-03-01,72.0216,72.7024,71.8952,72.5954,1677264
2017-03-02,72.469,72.5371,72.0605,72.0897,1248796
2017-03-03,72.0703,72.2939,71.8369,72.1772,1014915
2017-03-06,71.7883,72.2259,71.6229,71.7883,1197874
2017-03-07,71.5646,71.8952,71.4576,71.5938,1261248
2017-03-08,71.8563,71.8563,70.9033,70.9422,2038852
2017-03-09,71.1659,71.3215,70.8449,71.0881,1745870
2017-03-10,71.4479,71.7494,71.0394,71.6424,1363922
2017-03-13,71.4868,72.2259,71.4868,72.187,1532194
2017-03-14,71.8758,72.4495,71.8563,72.2064,1411403
2017-03-15,72.2064,72.4982,71.8466,72.3037,1376108
2017-03-16,72.2161,72.6732,72.2161,72.6246,1546648
2017-03-17,72.8094,73.1594,72.5371,73.0719,2466080
2017-03-20,72.9358,73.1692,72.8395,72.9649,1719345
2017-03-21,73.3831,73.4415,72.08,72.1578,1664370
2017-03-22,72.187,72.6538,71.7542,72.3912,1064973
2017-03-23,72.2842,73.0622,72.0703,72.5565,1725878
2017-03-24,72.6635,72.9358,72.3426,72.5176,2273986
2017-03-27,71.7688,72.7364,71.6035,72.5565,1321929
2017-03-28,72.3328,73.0816,72.1383,72.858,3454368
2017-03-29,72.7413,72.8337,72.3231,72.3523,1644002
2017-03-30,72.1481,72.5371,72.0119,72.0703,1833566
2017-03-31,71.9341,72.2259,71.5938,71.8563,3018174
2017-04-03,71.9925,72.1481,71.2145,71.302,2428526
2017-04-04,71.3409,71.7494,71.1853,71.3993,1765349
2017-04-05,71.7314,72.4056,71.5214,71.6924,2581637
2017-04-06,71.6924,71.9562,71.3211,71.5849,1646500
2017-04-07,71.4286,72.0148,71.3602,71.7314,1352382
2017-04-10,71.7705,72.1418,71.6044,71.6924,1348537
2017-04-11,71.3797,71.7119,71.2429,71.7021,1525562
2017-04-12,71.37,71.5556,70.7447,71.0475,2147151
2017-04-13,70.9596,71.155,70.3832,70.4125,1682201
2017-04-17,70.4907,71.0573,70.3646,71.0378,1948442
2017-04-18,70.7544,71.1452,70.6567,70.9498,1098501
2017-04-19,71.4286,71.4677,70.7838,70.9792,1461902
2017-04-20,71.2429,71.7998,70.8033,71.6044,2274296
2017-04-21,71.4579,71.6533,70.1389,70.2269,3067654
2017-04-24,71.4383,71.5165,70.6372,71.3504,2248962
2017-04-25,71.7119,71.7998,71.3406,71.3797,1722701
2017-04-26,71.4188,71.9659,71.1843,71.7314,2439527
2017-04-27,71.8682,73.0992,71.8096,72.5424,4044206
2017-04-28,72.6401,72.8257,72.3616,72.4251,1862726
2017-05-01,72.6596,72.7866,72.0343,72.6107,1890641
2017-05-02,72.855,72.9038,72.1711,72.347,1563969
2017-05-03,72.1613,72.386,71.9171,72.2102,1698573
2017-05-04,72.4447,73.2556,72.0245,72.6694,1529914
2017-05-05,72.7671,72.855,72.5424,72.7964,1411708
2017-05-08,71.282,73.0308,71.282,72.4154,1100356
2017-05-09,72.5424,72.8257,71.7803,71.9562,1462036
2017-05-10,71.8975,72.2395,71.8682,72.0929,1145090
2017-05-11,71.7314,72.1125,71.5556,71.9855,1312463
2017-05-12,71.8487,72.0881,71.4286,71.6924,1122471
2017-05-15,71.4872,72.4495,71.3624,72.1125,1085003
2017-05-16,72.259,72.4447,71.8975,72.3763,1233844
2017-05-17,71.5556,72.2102,71.5556,72.0148,1989087
2017-05-18,72.1711,73.1872,71.9562,72.7866,2246713
2017-05-19,72.9234,73.109,72.5814,72.8941,2129300
2017-05-22,73.0602,73.2751,72.8403,73.0113,1134965
2017-05-23,72.982,73.1676,72.8062,73.0211,1132647
2017-05-24,73.1286,73.4705,73.0015,73.3728,1029030
2017-05-25,73.5487,74.9165,73.3728,74.7699,1675175
2017-05-26,74.5843,74.7797,74.2717,74.6136,1454498
2017-05-30,74.4964,75.7762,74.4426,75.6101,3545243
2017-05-31,75.3952,76.0596,75.2975,75.7762,3769418
2017-06-01,75.8251,75.8251,75.0728,75.5711,2023172
2017-06-02,75.4734,75.8153,75.3757,75.7176,1497669
2017-06-05,75.7274,76.0791,75.5808,75.6004,857924
2017-06-06,75.2291,75.278,74.8217,75.0728,2028539
2017-06-07,75.3268,75.4636,74.9067,75.1216,1952586
2017-06-08,75.3073,75.6492,75.0435,75.5222,1831258
2017-06-09,75.5808,76.5188,75.3854,76.4308,1651400
2017-06-12,76.3722,76.7728,76.128,76.7044,1902645
2017-06-13,76.6555,77.2515,76.6262,76.7923,1336552
2017-06-14,76.8314,77.867,76.636,77.7498,2055913
2017-06-15,77.5544,78.3848,77.4274,78.2578,1501068
2017-06-16,78.4044,78.6095,78.1113,78.4239,1795534
2017-06-19,78.5509,78.6193,78.0722,78.2969,2196793
2017-06-20,78.3067,78.4825,77.9354,77.9647,1319713
2017-06-21,78.4728,78.4728,77.486,77.5739,1848960
2017-06-22,77.3297,77.5935,76.8216,76.8705,1692609
2017-06-23,77.0854,77.1831,76.2159,76.2647,1860268
2017-06-26,76.3429,76.7825,76.1573,76.3527,1559925
2017-06-27,76.5969,76.5969,75.9619,76.1182,2038993
2017-06-28,76.5188,77.0463,76.3429,76.8998,1760078
2017-06-29,77.2613,77.359,75.7567,75.8739,2162044
2017-06-30,76.4406,76.8216,75.7078,76.167,2057986
2017-07-03,76.6458,76.8998,76.2159,76.2159,1003050
2017-07-05,76.2452,76.5871,75.8984,76.3234,1323173
2017-07-06,76.1475,76.4748,75.7176,75.8837,1910746
2017-07-07,76.2911,77.1943,75.9573,76.8998,1396693
2017-07-10,76.7034,77.0274,76.6249,76.6642,1038329
2017-07-11,76.6445,76.8409,75.9082,75.9966,1108715
2017-07-12,76.2617,76.8998,75.9377,76.7329,1342092
2017-07-13,76.7624,77.4348,76.5856,77.3023,1342254
2017-07-14,77.0372,77.6705,76.7431,77.4201,989097
2017-07-17,77.3907,77.6852,77.2336,77.5477,1269853
2017-07-18,77.1452,77.7637,77.1158,77.7048,1081524
2017-07-19,77.7932,77.9404,77.479,77.7539,1081706
2017-07-20,77.7932,78.2939,77.5281,78.1859,1864382
2017-07-21,78.0681,78.6473,78.0583,78.5491,1609788
2017-07-24,78.5589,78.9222,78.3135,78.8142,1228454
2017-07-25,79.4523,79.521,78.9516,79.0891,2113435
2017-07-26,79.0989,79.2952,78.6178,78.7553,1689575
2017-07-27,77.8619,77.8619,75.7512,75.9966,4164498
2017-07-28,76.0359,77.3023,75.761,77.2434,1758624
2017-07-31,77.4888,77.695,76.4482,76.5464,2309448
2017-08-01,77.3808,77.4398,76.998,77.2041,2273627
2017-08-02,77.3808,77.4398,76.998,77.2041,2273745
2017-08-03,77.1649,77.4201,76.7231,76.998,1401941
2017-08-04,77.1845,77.3808,76.6053,76.7525,2033346
2017-08-07,76.7231,76.8409,76.4973,76.5758,1443016
2017-08-08,76.3304,76.4678,75.9279,76.026,1439618
2017-08-09,75.7708,76.242,75.6334,76.0653,1656199
2017-08-10,75.7708,76.2224,75.5941,75.6726,1600399
2017-08-11,75.8002,76.1144,75.5548,75.6137,882325
2017-08-14,76.0064,76.4776,76.0064,76.35,856587
2017-08-15,76.5562,76.9587,76.4384,76.6838,1423610
2017-08-16,76.8703,77.1354,76.5758,76.7231,1737706
2017-08-17,76.7231,77.1845,75.8002,75.8002,1681346
2017-08-18,75.8002,76.4531,75.4763,75.9475,1864568
2017-08-21,75.8984,76.1291,75.5744,76.0457,1172445
2017-08-22,76.3206,76.7624,76.1242,76.7034,971046
2017-08-23,76.3795,76.4776,75.7512,75.7512,1156589
2017-08-24,75.8984,76.0162,75.4468,75.4763,874181
2017-08-25,75.8002,76.0457,75.5057,75.5548,1698241
2017-08-28,75.7119,76.2911,75.5744,76.026,2344106
2017-08-29,75.5548,76.2126,75.2799,75.5941,1165696
2017-08-30,75.5155,76.2617,75.5155,75.9966,1269003
2017-08-31,76.242,76.7525,76.2126,76.6544,1888658
2017-09-01,76.6347,76.9402,76.2126,76.4482,1285982
2017-09-05,76.1537,77.1452,75.9917,76.6642,2408015
2017-09-06,76.9882,77.8423,76.7624,77.5281,2902542
2017-09-07,77.587,77.9797,76.9194,77.4005,2582884
2017-09-08,77.3514,80.8268,77.2385,80.4537,4130975
2017-09-11,80.0119,81.3422,79.2609,79.7174,4268500
2017-09-12,79.9039,80.4439,79.5309,80.2672,1884741
2017-09-13,79.9334,80.3752,79.7567,80.2574,1955424
2017-09-14,80.1494,80.1788,79.0891,79.7174,3248233
2017-09-15,79.8058,79.9825,79.5407,79.8352,3359437
2017-09-18,79.9236,80.061,79.4621,79.9628,2473516
2017-09-19,80.0806,80.4341,79.9334,80.277,1444244
2017-09-20,80.385,81.1409,80.2623,81.082,1689108
2017-09-21,81.0624,81.2882,80.4144,80.8366,1802615
2017-09-22,80.8071,81.2685,80.5715,81.2096,1139487
2017-09-25,81.0722,81.4243,80.9151,81.3667,1695422
2017-09-26,81.3176,82.4515,81.1655,82.1227,2306561
2017-09-27,82.3975,82.7804,81.7496,82.6823,2135109
2017-09-28,82.5743,82.7804,81.8281,82.1325,2778743
2017-09-29,81.9067,82.3583,81.6711,82.2797,2010094
2017-10-02,82.4663,82.9768,82.1227,82.9768,1476949
2017-10-03,82.7706,82.9277,82.4368,82.8491,1450917
2017-10-04,82.1423,82.4368,81.5042,81.7398,2200624
2017-10-05,81.8085,82.3975,81.5336,82.1717,1863037
2017-10-06,82.4035,82.7782,81.8019,82.0485,1068231
2017-10-09,82.0583,82.3837,81.8118,82.1964,1353019
2017-10-10,82.2457,82.5218,82.1767,82.3344,1185082
2017-10-11,82.4232,82.5021,82.1076,82.4232,1205070
2017-10-12,82.3837,82.7683,82.2161,82.4133,1594589
2017-10-13,82.6303,83.3206,82.6303,82.7388,1237585
2017-10-16,82.9557,83.222,82.4232,82.7486,1220103
2017-10-17,82.936,83.0149,82.1372,82.3739,1437760
2017-10-18,82.3837,82.6007,81.8512,82.3936,1374838
2017-10-19,82.364,83.1332,82.2654,83.1234,1028214
2017-10-20,83.5474,83.5671,83.0248,83.2713,1435752
2017-10-23,83.3798,83.5376,83.0543,83.1135,1078774
2017-10-24,83.2516,83.7249,83.0938,83.3206,1415132
2017-10-25,83.1727,83.4488,82.6402,83.2861,1670823
2017-10-26,82.4626,82.7092,80.1846,80.2339,3179196
2017-10-27,80.2339,80.6382,79.3464,79.8789,2511359
2017-10-30,79.8296,80.5002,79.376,79.5042,2841963
2017-10-31,79.5831,80.5692,79.5042,79.8099,2447117
2017-11-01,80.3128,81.437,80.2412,81.2793,3550832
2017-11-02,81.2595,82.5908,81.0376,82.5021,2685410
2017-11-03,82.1372,82.216,81.1806,81.2398,1511669
2017-11-06,81.082,82.0386,80.7369,81.4863,1274391
2017-11-07,81.3877,82.0978,81.1313,81.3187,1623317
2017-11-08,81.3976,81.8601,81.0722,81.2891,1523912
2017-11-09,80.9341,81.8907,80.9341,81.7822,1262052
2017-11-10,81.8512,82.1865,81.2299,81.9991,1040388
2017-11-13,81.8611,82.1372,81.6343,81.8512,1857705
2017-11-14,81.7723,82.8078,81.5357,82.4429,1364313
2017-11-15,82.1175,82.8374,81.9301,81.9893,1822237
2017-11-16,82.2851,82.5119,81.7526,81.7625,1526284
2017-11-17,81.4863,81.8512,81.151,81.2102,1507194
2017-11-20,81.4173,81.9498,81.3384,81.7822,889677
2017-11-21,81.8709,82.5119,81.7043,82.295,1134138
2017-11-22,82.2457,82.2457,81.2201,81.5061,1057687
2017-11-24,81.585,81.9696,80.9538,81.2004,445413
2017-11-27,81.3779,81.6934,81.2891,81.3581,987021
2017-11-28,81.6343,82.5711,81.5652,82.4626,1467867
2017-11-29,82.581,83.1924,82.2358,82.4429,1221257
2017-11-30,82.9064,83.5277,82.1472,82.7683,2782652
2017-12-01,83.153,83.9222,81.8808,83.8827,2148183
2017-12-04,84.4152,85.3422,83.9419,84.7801,2477751
2017-12-05,84.9773,85.2929,83.6756,83.8334,2055347
2017-12-06,83.3403,83.8038,82.8966,83.2318,1398873
2017-12-07,83.1332,83.1332,82.4331,82.5711,934518
2017-12-08,82.8571,83.0445,82.5317,82.9656,773021
2017-12-11,83.153,83.2417,82.4626,82.7683,1081079
2017-12-12,82.7881,83.4981,82.4725,83.4784,1686413
2017-12-13,83.3502,83.508,81.9301,82.2457,2776272
2017-12-14,81.8512,82.4676,81.5652,81.8709,2837515
2017-12-15,82.3739,83.0149,81.8019,81.9597,3725153
2017-12-18,82.6697,82.7289,81.2694,81.3581,2475356
2017-12-19,81.8709,82.4232,81.3286,81.3779,2118872
2017-12-20,81.654,81.8709,80.9242,80.9834,1769943
2017-12-21,81.2201,81.6786,79.5239,79.5929,3275654
2017-12-22,79.4253,80.0564,79.0111,79.5732,1875296
2017-12-26,79.5831,80.1945,79.4351,79.6225,734406
2017-12-27,79.8099,80.6185,79.6718,80.5594,1759411
2017-12-28,80.7171,80.8749,80.4805,80.8355,1055760
2017-12-29,81.0228,81.1609,80.2438,80.2635,1408153
2018-01-02,80.7073,80.796,79.1294,79.2872,2927147
2018-01-03,79.5337,80.51,79.2182,80.3227,2025240
2018-01-04,80.5889,81.6441,80.5199,81.1609,1600735
2018-01-05,81.1905,81.7723,80.9637,81.723,1487515
2018-01-08,81.437,81.8216,80.8355,80.8552,1430251
2018-01-09,81.013,81.4469,80.7566,80.8552,2526995
2018-01-10,80.8158,80.9834,79.9184,80.0367,2568116
2018-01-11,80.0564,80.1846,79.4943,79.8986,2674288
2018-01-12,80.086,80.8453,79.6028,80.6087,2716954
2018-01-16,81.0031,81.2497,80.0761,80.1353,2246313
2018-01-17,80.5298,80.6876,80.2536,80.4016,2234683
2018-01-18,80.2931,80.7566,79.5929,80.4312,2787818
2018-01-19,80.6481,81.4962,80.5495,80.944,2552400
2018-01-22,81.2299,81.6145,80.9834,81.5652,1789697
2018-01-23,81.5258,82.1964,81.2201,81.8118,2069289
2018-01-24,81.8414,82.719,81.5948,82.2654,2937801
2018-01-25,82.5711,82.936,82.0682,82.4133,2017947
2018-01-26,82.7683,84.5829,82.6796,84.5336,2202143
2018-01-29,84.3955,84.6125,83.5178,83.5376,2249879
2018-01-30,83.4336,83.8793,82.859,82.9482,1733199
2018-01-31,82.9779,83.4732,82.6708,82.7303,2270973
2018-02-01,82.7897,84.8698,82.1756,84.2458,3983495
2018-02-02,84.1864,84.9491,83.4534,83.8892,3418509
2018-02-05,83.6911,84.5133,81.7397,81.7397,4231976
2018-02-06,80.4421,82.0468,79.8973,81.4624,4985028
2018-02-07,81.2643,82.6312,81.0662,81.3831,2722942
2018-02-08,81.2643,81.5713,78.5205,78.5601,3748477
2018-02-09,79.0752,80.1251,77.9459,79.6695,3077463
2018-02-12,79.8478,80.9275,79.6893,80.2737,3075776
2018-02-13,79.7289,80.878,79.7289,80.5115,1702293
2018-02-14,80.0261,81.5515,80.0261,81.4822,2040000
2018-02-15,81.8685,82.2152,81.4822,81.6605,1831497
2018-02-16,81.5515,82.5371,81.4475,81.9775,2011002
2018-02-20,81.7992,82.968,81.5525,82.7204,1829915
2018-02-21,82.7402,83.4336,81.9279,81.9775,1629822
2018-02-22,82.1062,82.6113,80.9961,81.1256,2307006
2018-02-23,81.4029,82.7996,81.3237,82.7798,1431842
2018-02-26,82.7996,83.9883,82.7006,83.8892,1654409
2018-02-27,83.8397,84.6222,83.5128,83.5128,2461585
2018-02-28,83.9288,84.6321,82.2251,82.235,2003132
2018-03-01,82.0666,82.859,80.5115,81.0463,1917348
2018-03-02,80.7492,82.0369,80.2737,81.8388,1872447
2018-03-05,81.1454,82.7798,80.8978,82.5421,1796304
2018-03-06,82.6114,82.859,81.7694,82.7501,1265874
2018-03-07,82.2647,83.1711,82.0666,83.0076,1194919
2018-03-08,83.2751,83.6911,82.5767,83.6416,1411288
2018-03-09,84.0774,85.0828,83.7307,85.0581,2046384
2018-03-12,85.1274,85.1274,83.9387,84.1071,1411273
2018-03-13,84.4538,84.642,83.602,83.8199,1437309
2018-03-14,84.1368,84.1368,82.7204,82.9779,1407472
2018-03-15,83.3444,83.4633,82.3836,83.0671,1792411
2018-03-16,83.493,83.7902,83.0572,83.5326,2371634
2018-03-19,83.5227,84.335,82.8491,83.6218,2480255
2018-03-20,83.701,84.335,83.6911,84.1269,1600772
2018-03-21,84.1368,84.4142,83.6812,83.6911,1489553
2018-03-22,83.1661,83.3444,81.5911,81.6506,2023929
2018-03-23,81.6605,81.8982,79.7586,79.7785,1932720
2018-03-26,80.8086,81.4723,80.1747,81.3138,2259307
2018-03-27,81.3336,81.9477,80.2143,80.6204,1371776
2018-03-28,80.8284,81.6506,80.0063,81.1157,1395188
2018-03-29,81.6605,82.4826,81.4029,81.8091,1383179
2018-04-02,81.5911,81.8982,79.2634,80.2044,1983245
2018-04-03,80.2341,80.7888,79.7091,80.4916,2157345
2018-04-04,79.5803,81.3633,79.5803,81.2048,1757110
2018-04-05,81.6803,81.9477,81.0959,81.3633,1407070
2018-04-06,80.6997,81.1454,79.402,79.9567,1915953
2018-04-09,80.2006,81.3948,79.7926,80.2304,1585801
2018-04-10,81.1261,81.6336,80.8176,81.3152,1722932
2018-04-11,80.4991,81.0962,80.3698,80.7977,1276219
2018-04-12,81.2256,82.1213,81.0365,81.5938,1043693
2018-04-13,82.0018,82.2307,81.3351,81.5739,1384783
2018-04-16,82.2208,83.6041,82.0317,83.206,1765894
2018-04-17,83.4448,84.1116,83.3453,83.624,1733320
2018-04-18,83.9026,84.0021,83.3453,83.5045,1380118
2018-04-19,83.5245,83.8429,82.7681,82.9473,1675081
2018-04-20,83.1761,83.3453,82.0964,82.4994,2688895
2018-04-23,82.6885,83.1363,82.4099,83.0766,1232087
2018-04-24,83.1264,83.415,81.6933,82.171,1479286
2018-04-25,82.1014,82.4795,81.3749,82.2108,1277684
2018-04-26,82.6188,83.5643,81.1659,82.2606,2150003
2018-04-27,81.9123,82.3502,81.345,82.0317,1489924
2018-04-30,82.3502,82.5142,81.1062,81.1062,1824347
2018-05-01,81.0863,81.4744,80.32,81.0962,1227420
2018-05-02,80.7181,81.0962,79.3149,79.4343,1995575
2018-05-03,79.2552,80.3001,78.7277,80.2404,2878076
2018-05-04,79.8423,81.2256,79.5338,80.7579,1279556
2018-05-07,80.7678,81.1958,80.5738,80.8674,946779
2018-05-08,80.5589,81.0465,80.2006,80.7678,1360379
2018-05-09,81.355,81.355,80.3499,80.8574,1233428
2018-05-10,81.3649,81.4943,80.8076,81.3749,2113869
2018-05-11,81.2654,81.7929,81.0714,81.1759,1417904
2018-05-14,81.3251,81.6137,80.5887,80.728,1028721
2018-05-15,80.5688,80.9669,80.1956,80.3399,1348377
2018-05-16,80.3698,80.6285,80.0812,80.2304,1251316
2018-05-17,80.111,80.7579,79.6931,80.6086,1424946
2018-05-18,80.6584,81.1161,80.4792,80.7778,1585190
2018-05-21,80.8773,81.4744,80.8773,81.0266,1077573
2018-05-22,81.0266,81.763,80.9669,81.2654,1487370
2018-05-23,81.0863,81.4047,80.7877,81.2455,1299220
2018-05-24,81.0962,81.2654,80.6683,81.0465,1139339
2018-05-25,80.9072,81.3948,80.6086,80.9072,995080
2018-05-29,80.1707,80.2404,78.2202,78.7078,1715237
2018-05-30,79.2054,80.4991,78.9218,80.3797,1753291
2018-05-31,80.2205,80.4195,79.703,79.9817,3211196
2018-06-01,80.6982,80.9072,79.902,80.0414,1307502
2018-06-04,80.2703,80.7678,80.2703,80.5788,912938
2018-06-05,80.5489,80.7678,79.9518,80.7181,1509291
2018-06-06,80.9072,81.3351,80.6086,81.1759,1507634
2018-06-07,81.4545,81.8526,81.2157,81.7929,1367230
2018-06-08,81.7232,82.5094,81.4844,82.4994,987132
2018-06-11,82.5591,82.5691,81.9222,82.0118,930334
2018-06-12,81.8924,82.2009,81.2754,81.3052,1317695
2018-06-13,81.6834,82.1511,81.6138,81.7829,1602007
2018-06-14,81.972,82.3502,81.345,81.5441,1754501
2018-06-15,81.6436,82.0815,80.9072,81.9421,3927970
2018-06-18,81.4844,82.3302,80.9669,82.2208,1579269
2018-06-19,81.7132,82.2407,81.5739,81.9023,1623089
2018-06-20,81.8625,82.1511,80.5887,80.6484,1375935
2018-06-21,80.2902,80.5788,79.8324,80.3698,1740895
2018-06-22,80.5987,81.4844,80.5987,81.2057,3612358
2018-06-25,81.0962,81.7331,80.7081,81.5043,2143244
2018-06-26,81.3649,81.6436,80.7977,80.9072,1541080
2018-06-27,80.7081,81.1659,79.8324,79.8622,1707724
2018-06-28,79.9817,80.9171,79.9418,80.6385,1404117
2018-06-29,80.8873,82.0118,80.8076,81.5739,2378639
2018-07-02,81.2157,81.9023,80.9868,81.8426,2072285
2018-07-03,82.0616,82.7383,81.8725,82.1511,1163627
2018-07-05,82.4397,82.9771,82.0417,82.9771,1830477
2018-07-06,83.0368,84.4052,82.7383,83.823,1897945
2018-07-09,84.0519,85.5546,84.0121,85.475,2119493
2018-07-10,85.71,85.83,85.09,85.18,2437975
2018-07-11,84.9,85.33,84.52,84.87,1958853
2018-07-12,85.21,85.94,85.03,85.89,1349653
2018-07-13,85.74,86.62,85.55,86.56,1623174
2018-07-16,86.68,86.98,86.29,86.76,1945878
2018-07-17,86.6,87.18,86.43,86.93,1461478
2018-07-18,86.93,87.755,86.65,87.73,1568603
2018-07-19,87.38,87.89,87.06,87.13,2140086
2018-07-20,87.08,87.6925,87.0,87.48,1357969
2018-07-23,87.5,87.7,87.26,87.44,2003526
2018-07-24,87.03,87.72,86.97,87.09,3012183
2018-07-25,86.73,87.735,86.44,87.59,3272196
2018-07-26,87.24,87.25,83.61,85.5,4432896
2018-07-27,85.22,85.59,84.23,84.26,2480658
2018-07-30,84.3,84.785,83.96,84.07,1746961
2018-07-31,84.18,84.22,83.11,83.36,2404988
2018-08-01,83.38,83.95,82.84,83.05,2001068
2018-08-02,82.76,83.28,82.33,82.82,2011704
2018-08-03,82.72,83.175,82.48,83.15,1367058
2018-08-06,83.08,83.54,82.9,83.49,1583041
2018-08-07,83.61,84.14,83.42,83.74,1365800
2018-08-08,83.69,84.27,83.38,84.0,1999097
2018-08-09,84.0,84.29,83.81,84.02,1693674
2018-08-10,83.46,83.63,82.78,83.01,1515408
2018-08-13,83.16,83.44,82.15,82.38,1370541
2018-08-14,82.51,83.28,82.3,82.76,1987800
2018-08-15,82.44,82.96,82.06,82.8,1977504
2018-08-16,83.06,83.85,83.06,83.63,1147235
2018-08-17,83.64,84.19,83.575,84.0,916768
2018-08-20,84.05,84.28,83.32,83.34,1107047
2018-08-21,83.39,84.205,83.1,84.16,1765561
2018-08-22,83.9,84.11,83.405,83.46,1319582
2018-08-23,83.45,83.69,83.35,83.45,976525
2018-08-24,83.66,84.23,83.35,84.2,1049770
2018-08-27,84.5,84.76,84.38,84.72,1453103
2018-08-28,84.79,84.85,84.11,84.23,1214675
2018-08-29,84.31,84.77,84.19,84.62,1836287
2018-08-30,84.63,84.63,83.89,84.06,1116574
2018-08-31,83.96,84.71,83.42,84.63,1984435
2018-09-04,84.66,84.78,84.2,84.78,1551637
2018-09-05,84.78,85.19,84.67,84.89,1279613
2018-09-06,84.88,85.44,84.72,85.34,1611947
2018-09-07,85.29,85.91,85.14,85.73,1452321
2018-09-10,86.0,86.52,85.795,86.15,1749902
2018-09-11,85.85,86.6,85.63,86.37,1474573
2018-09-12,86.3,86.42,85.68,85.74,1330079
2018-09-13,85.99,86.0475,85.68,85.9,1890344
