date,open,high,low,close,volume
2013-09-16,41.2345,41.4012,41.1064,41.1833,9438125
2013-09-17,41.1149,41.2175,40.9696,41.0294,7704535
2013-09-18,40.8585,41.6277,40.7047,41.3627,14008713
2013-09-19,41.4226,41.4397,41.1064,41.2388,9328319
2013-09-20,41.3029,41.3627,40.9098,41.0294,27957080
2013-09-23,40.8414,41.0722,40.6278,40.7474,12608359
2013-09-24,40.7047,41.2089,40.6107,40.6192,13123467
2013-09-25,40.7389,41.0124,40.5252,40.7389,11356299
2013-09-26,40.8329,41.0209,40.6021,40.7474,10263121
2013-09-27,40.6534,40.944,40.4141,40.8414,10510271
2013-09-30,40.7132,40.9098,40.4141,40.6867,16243975
2013-10-01,41.8071,42.0721,41.1491,41.6533,27336089
2013-10-02,41.4055,41.4909,41.1234,41.3371,13975314
2013-10-03,41.2089,41.6619,41.0209,41.3286,17900526
2013-10-04,41.2516,41.3286,40.9696,41.2175,11570840
2013-10-07,40.9525,41.2175,40.7474,40.9269,9195774
2013-10-08,40.8842,41.1491,40.7132,40.8072,14066332
2013-10-09,40.756,40.8671,40.2859,40.397,15353449
2013-10-10,40.6791,40.7047,40.1321,40.585,17262429
2013-10-11,40.5252,40.585,40.2945,40.4141,10253466
2013-10-14,39.9954,40.2347,39.6877,39.9526,20668183
2013-10-15,39.7561,40.021,39.6664,39.7988,14160977
2013-10-16,39.833,40.3116,39.7988,40.3116,11057693
2013-10-17,40.2774,40.4056,40.0723,40.2603,13878529
2013-10-18,40.4825,40.5509,39.7134,39.833,20632392
2013-10-21,39.9099,39.9259,39.3801,39.7475,16677999
2013-10-22,39.5766,39.927,39.4313,39.7134,15841476
2013-10-23,39.8245,39.927,39.7219,39.7903,9650704
2013-10-24,39.9954,40.0475,39.4741,39.4997,11201066
2013-10-25,39.5253,39.8074,39.1835,39.7732,17877527
2013-10-28,38.9442,39.1579,38.6366,38.7562,26969330
2013-10-29,38.8075,39.0297,38.5255,38.9528,15889954
2013-10-30,39.098,39.1067,38.5511,38.6622,9960018
2013-10-31,38.722,38.8502,38.534,38.534,14994218
2013-11-01,38.346,38.7562,38.1323,38.6537,20893621
2013-11-04,39.2433,39.5424,39.0211,39.0724,16177512
2013-11-05,38.9613,39.1237,38.7306,38.7647,10426861
2013-11-06,38.9357,39.3288,38.7477,39.2775,12361176
2013-11-07,39.4399,39.5168,39.1237,39.1579,11675425
2013-11-08,39.2519,40.0552,39.1921,39.9954,17423779
2013-11-11,40.0894,40.2945,40.0637,40.1663,7533393
2013-11-12,40.1236,40.7047,39.9954,40.6705,13950583
2013-11-13,39.9441,40.4825,39.8672,40.4569,14157365
2013-11-14,40.6107,40.9098,40.5936,40.8671,11280621
2013-11-15,40.7047,41.2601,40.7047,41.0807,11992045
2013-11-18,41.0551,41.2431,40.8329,41.0294,7936042
2013-11-19,41.0636,41.1662,40.7218,41.0807,8345263
2013-11-20,41.0038,41.3798,40.8099,41.132,8252066
2013-11-21,41.2089,41.6191,41.1576,41.5508,12840395
2013-11-22,41.4397,41.9097,41.3969,41.8242,13967854
2013-11-25,41.8328,42.5934,41.82,42.4395,18282133
2013-11-26,42.4395,42.5165,42.0122,42.3712,22939366
2013-11-27,42.3797,42.6489,42.3498,42.5848,11565501
2013-11-29,42.5506,42.6874,42.2857,42.5848,6899961
2013-12-02,42.5079,43.089,42.5079,42.8839,14830000
2013-12-03,42.5763,42.7814,42.2002,42.525,13611135
2013-12-04,42.3883,42.431,41.7217,42.1404,11451622
2013-12-05,41.7986,42.0892,41.6789,41.7131,8723045
2013-12-06,41.9866,42.3626,41.8413,42.2088,7404091
2013-12-09,42.2002,42.6019,42.0464,42.3541,9331473
2013-12-10,42.1148,42.3455,41.9567,42.243,10236424
2013-12-11,42.3113,42.3284,41.6619,41.8328,14504029
2013-12-12,41.8845,42.0656,41.4188,41.6689,11611802
2013-12-13,42.0311,42.1691,41.4447,41.7207,8396294
2013-12-16,41.6517,41.9018,41.2981,41.4706,11349690
2013-12-17,41.3326,41.393,41.0567,41.3067,13903268
2013-12-18,41.2809,42.195,41.0912,42.1691,13556367
2013-12-19,42.0397,42.2122,41.85,42.0742,8739490
2013-12-20,42.1346,42.6391,41.9363,42.5313,16810206
2013-12-23,42.6348,42.859,42.4709,42.5658,8266514
2013-12-24,42.6261,42.8331,42.4538,42.6089,4252926
2013-12-26,42.6348,42.9021,42.5659,42.8762,5069760
2013-12-27,42.9193,43.0315,42.7124,42.9366,4244357
2013-12-30,42.8935,43.0659,42.5399,43.0659,6321897
2013-12-31,42.8935,43.1867,42.7124,43.1608,8475222
2014-01-02,43.0142,43.1522,42.514,42.6779,7897827
2014-01-03,42.6779,43.1177,42.652,42.8848,6435094
2014-01-06,42.9538,43.2384,42.6951,42.8935,9931555
2014-01-07,43.0832,43.4626,43.0659,43.2125,9998534
2014-01-08,43.2039,43.2384,42.7727,42.9366,13695685
2014-01-09,42.9625,43.1177,42.5485,42.7038,9328168
2014-01-10,42.9711,43.1781,42.6865,43.0142,8152894
2014-01-13,43.8938,46.0842,43.7989,45.8082,37318077
2014-01-14,45.2994,45.791,44.9847,45.7047,21190839
2014-01-15,45.4029,45.6185,45.1442,45.2908,10492836
2014-01-16,44.9717,45.6874,44.9286,45.2736,7770117
2014-01-17,45.3771,45.4029,44.6009,44.7993,16763094
2014-01-21,44.8683,45.058,44.5923,44.6958,11035460
2014-01-22,44.6441,44.8251,44.2172,44.2819,10653665
2014-01-23,44.1611,44.6268,43.8593,44.4975,15877916
2014-01-24,44.2129,44.989,44.0921,44.8251,18336230
2014-01-27,45.584,46.6533,45.2994,45.2994,31003316
2014-01-28,45.1615,45.7788,45.0321,45.5926,15085541
2014-01-29,45.446,45.5668,44.6527,45.0235,19346281
2014-01-30,45.2391,46.2825,45.1701,46.1445,17371763
2014-01-31,45.9721,46.1187,45.4978,45.6789,16290525
2014-02-03,45.6271,45.8341,44.7734,44.9114,15489910
2014-02-04,45.3512,46.1532,45.1873,46.1445,18273653
2014-02-05,46.8042,47.6019,45.8255,46.1618,24507243
2014-02-06,45.929,46.4507,45.5323,46.3688,12246810
2014-02-07,46.2653,47.2742,46.0842,47.2311,14547783
2014-02-10,46.8172,47.4295,46.7568,47.3346,10615310
2014-02-11,47.1794,48.0762,46.9465,48.0331,15358220
2014-02-12,47.8089,48.0245,47.3001,47.4295,13629961
2014-02-13,46.9552,47.6106,46.9207,47.5157,10244169
2014-02-14,47.3863,47.9598,47.3863,47.8089,8696479
2014-02-18,47.6192,48.2271,47.5416,48.0245,11201287
2014-02-19,47.8089,47.9986,47.4208,47.4639,10297100
2014-02-20,47.5243,48.2918,47.4553,48.128,10133452
2014-02-21,48.1625,48.585,48.1366,48.3177,11666583
2014-02-24,48.1797,49.0852,48.1797,48.447,11012522
2014-02-25,48.4039,48.6281,48.1193,48.2142,8515916
2014-02-26,48.2918,48.6799,48.2228,48.5246,10139579
2014-02-27,48.4988,48.8696,48.2919,48.861,9055465
2014-02-28,48.9213,49.5465,48.8523,49.1455,11887592
2014-03-03,48.378,48.9558,48.2487,48.654,9821842
2014-03-04,49.1887,49.4905,49.0766,49.2059,10996055
2014-03-05,49.4991,49.5336,48.7402,49.0507,9048109
2014-03-06,49.2059,49.7147,49.1628,49.3784,10605733
2014-03-07,49.456,49.6457,49.2404,49.5595,10634294
2014-03-10,49.5336,49.6888,49.1542,49.4301,7383294
2014-03-11,49.4991,49.5336,48.7834,48.8868,10885694
2014-03-12,48.6281,49.0938,48.516,48.9903,9499235
2014-03-13,49.1989,49.3553,48.4254,48.4862,10120002
2014-03-14,48.2603,48.6861,48.0343,48.408,12117827
2014-03-17,48.6253,49.0598,48.6253,48.8947,9509414
2014-03-18,48.9382,49.1554,48.8078,48.9816,7070853
2014-03-19,49.2597,49.4596,48.3559,48.6601,10048366
2014-03-20,48.521,48.5645,48.0691,48.3124,8460953
2014-03-21,49.1033,49.1902,47.4694,47.5042,23424864
2014-03-24,47.678,47.678,46.5569,46.7394,15502018
2014-03-25,46.8263,48.2168,46.7655,47.9648,14115683
2014-03-26,48.1734,49.0685,48.1386,48.6861,13076140
2014-03-27,48.5731,48.7644,48.0865,48.4341,11123826
2014-03-28,48.8513,49.5031,48.4689,48.6514,8960283
2014-03-31,48.747,49.3988,48.7035,49.3379,14181509
2014-04-01,49.2337,49.3988,48.6774,48.9903,7715399
2014-04-02,49.0859,49.1554,48.7122,49.0685,7059965
2014-04-03,49.1294,49.3206,48.6209,48.8513,8320944
2014-04-04,49.1989,49.2945,48.747,48.773,10413019
2014-04-07,48.1212,48.8078,47.8257,47.9648,11432452
2014-04-08,48.043,48.3298,47.5389,47.8344,10766930
2014-04-09,47.9909,49.6682,47.9735,49.6247,16115561
2014-04-10,50.3113,50.5286,48.4775,48.5384,18025980
2014-04-11,48.2777,49.1859,48.0604,48.5992,13631945
2014-04-14,48.8599,49.3032,47.7562,48.295,10787639
2014-04-15,48.4862,48.9382,47.8953,48.7122,11142923
2014-04-16,49.0598,49.4944,48.6079,48.8947,9635546
2014-04-17,49.0598,49.5378,48.9033,49.0772,11263810
2014-04-21,49.1554,49.7986,49.0164,49.7551,6234019
2014-04-22,49.6161,50.685,49.5552,50.207,13978503
2014-04-23,50.1897,50.207,49.603,49.9724,7736306
2014-04-24,49.8159,50.2505,49.4075,49.9985,6714791
2014-04-25,49.9985,50.1331,49.557,49.7464,6228255
2014-04-28,50.068,50.2766,49.0859,49.2597,16992210
2014-04-29,49.9724,51.1543,49.7725,51.0327,13661520
2014-04-30,50.8502,51.276,50.4243,50.8936,13564049
2014-05-01,50.8849,52.006,50.8849,51.8148,11724492
2014-05-02,51.6845,51.7366,50.3548,50.5981,12079563
2014-05-05,50.5025,50.9892,50.1897,50.9544,8135021
2014-05-06,51.0587,51.0761,49.5726,49.6334,13838391
2014-05-07,48.8339,49.4075,48.2516,48.5297,22910169
2014-05-08,48.2777,48.4602,47.5563,47.6519,14372328
2014-05-09,47.8866,48.4167,47.2782,47.9822,12385096
2014-05-12,48.3385,48.3385,47.665,48.0517,8084979
2014-05-13,48.0691,48.7209,47.9735,48.4515,8959034
2014-05-14,48.3472,49.1554,48.3472,48.9903,7797701
2014-05-15,48.5036,49.1815,48.2429,48.5731,8918501
2014-05-16,48.3733,48.8947,48.3733,48.5558,9062020
2014-05-19,48.4428,48.986,48.3385,48.9729,7519293
2014-05-20,48.8599,48.8947,48.4341,48.6687,7861263
2014-05-21,48.8426,49.2076,48.7817,49.1728,6650942
2014-05-22,49.0164,49.3466,48.7035,49.0946,7178038
2014-05-23,49.2163,49.5205,49.0598,49.3727,6059875
2014-05-27,49.477,49.5726,49.0772,49.2684,7301768
2014-05-28,49.2858,49.3032,49.0164,49.0164,6843148
2014-05-29,49.4596,50.2244,49.1902,50.1462,8513741
2014-05-30,49.9898,50.6416,49.9898,50.2852,11517975
2014-06-02,50.3287,50.5807,49.955,50.3461,6426226
2014-06-03,49.9898,50.3722,49.8594,50.3287,7078096
2014-06-04,50.2157,50.4156,49.9811,50.3461,6882016
2014-06-05,50.3808,50.8154,50.1636,50.4938,7640710
2014-06-06,50.5807,50.6329,50.1288,50.2766,6703225
2014-06-09,49.9637,50.3808,49.7464,50.3548,8083098
2014-06-10,50.3374,50.8415,50.3374,50.8328,7663748
2014-06-11,50.8588,51.3021,50.7546,51.1109,11697135
2014-06-12,51.0321,51.4174,50.8403,51.0496,9563877
2014-06-13,50.8832,51.3561,50.7694,50.9971,8398525
2014-06-16,50.8394,51.1196,50.5505,50.8482,7731464
2014-06-17,50.7431,50.9752,50.5943,50.8394,6266710
2014-06-18,50.8132,51.1809,50.6205,51.1459,7837250
2014-06-19,51.1547,51.1547,50.8704,51.0496,6012926
2014-06-20,51.321,51.9077,51.1722,51.5925,14418039
2014-06-23,51.4962,51.645,51.1459,51.2247,7054412
2014-06-24,51.1196,51.4524,50.6818,50.7169,8158525
2014-06-25,50.5505,51.9427,50.5417,51.54,13274299
2014-06-26,51.4524,51.4611,51.0057,51.251,7238577
2014-06-27,51.1109,51.2457,50.3272,50.3754,17286475
2014-06-30,50.4454,50.962,50.3754,50.6556,8735023
2014-07-01,50.5242,51.3473,50.3316,51.2335,8843199
2014-07-02,51.1985,51.7501,51.1109,51.7063,6941072
2014-07-03,52.004,52.0566,51.7238,51.8377,5220098
2014-07-07,51.5837,52.2317,51.216,51.2422,9276350
2014-07-08,51.3648,51.3736,50.7081,50.9358,8270120
2014-07-09,51.1809,51.4174,50.9445,51.2685,6938736
2014-07-10,51.0321,51.4611,50.5505,51.2948,5583712
2014-07-11,51.3561,51.4349,50.9226,51.1722,6106837
2014-07-14,51.3298,51.3736,50.8351,50.9445,8387209
2014-07-15,50.9007,51.1372,50.3403,50.7081,10158139
2014-07-16,50.7344,50.9708,50.5505,50.9183,6804960
2014-07-17,50.7169,51.1634,50.4542,51.0846,7432722
2014-07-18,50.7169,51.1634,50.4542,51.0846,7433222
2014-07-21,50.6906,50.9533,50.533,50.7869,7095660
2014-07-22,50.9007,51.5575,50.9007,51.1634,6509200
2014-07-23,51.0496,51.2247,50.8307,50.8832,6298349
2014-07-24,51.0671,51.2247,50.7127,50.9708,10064198
2014-07-25,50.9007,51.102,50.7169,50.9183,5533511
2014-07-28,50.9358,51.0846,50.6556,50.7606,8600836
2014-07-29,51.5049,51.9077,50.9095,51.2948,10328007
2014-07-30,51.2948,51.5312,50.441,50.857,8051798
2014-07-31,50.5768,50.8482,49.6661,49.6836,10120747
2014-08-01,49.8675,50.1477,49.3509,49.9638,8649516
2014-08-04,49.8675,50.1477,49.3509,49.9638,8651256
2014-08-05,49.6661,49.885,48.878,49.0619,9031186
2014-08-06,48.9306,49.1582,48.7905,48.9743,12275770
2014-08-07,49.2195,49.526,48.6591,48.7204,7215560
2014-08-08,48.9218,49.5698,48.6635,49.5172,7081546
2014-08-11,49.6486,49.9507,49.4384,49.6136,5508395
2014-08-12,49.5172,50.0339,49.491,49.9375,7090271
2014-08-13,50.2528,50.6906,50.0514,50.6556,10660734
2014-08-14,50.8307,51.4787,50.7869,51.4699,7932294
2014-08-15,51.4874,51.6625,50.8132,51.321,9046759
2014-08-18,51.4874,51.5487,51.0934,51.1547,9443852
2014-08-19,51.5312,51.6188,51.0846,51.5837,7434992
2014-08-20,51.3823,52.1617,51.251,52.0828,7044611
2014-08-21,52.0128,52.2405,51.4787,51.5312,7646752
2014-08-22,51.6976,51.9778,51.575,51.8114,5187561
2014-08-25,51.9603,52.4243,51.8858,52.3018,5170850
2014-08-26,52.2492,52.8884,52.2405,52.7133,9220569
2014-08-27,52.8884,53.046,52.6345,52.7834,6547311
2014-08-28,52.4419,52.7396,52.3981,52.5382,5241181
2014-08-29,52.9059,52.9059,52.3893,52.6345,5715779
2014-09-02,52.3018,52.6257,52.2492,52.3543,6054466
2014-09-03,52.6433,53.2912,52.5907,52.9585,9096215
2014-09-04,53.0373,53.4138,52.4681,52.6082,10810905
2014-09-05,52.9059,53.5714,52.6695,53.5714,10744174
2014-09-08,53.6065,53.7028,53.265,53.4576,8420758
2014-09-09,53.2737,53.4401,52.9497,53.0285,7450954
2014-09-10,53.1249,53.3,52.8447,53.2037,9216458
2014-09-11,53.1067,53.3095,52.7538,53.0096,7787135
2014-09-12,52.8156,53.0361,52.2687,52.5245,7025122
2014-09-15,52.6127,52.9126,52.4804,52.4981,7739412
2014-09-16,52.4892,52.9744,52.2864,52.9126,9045379
2014-09-17,52.5069,52.9303,52.2864,52.8156,10271199
2014-09-18,53.0361,53.2213,52.7627,53.1949,8004138
2014-09-19,53.583,53.7064,53.3536,53.3536,14484992
2014-09-22,53.2478,53.7814,53.1508,53.433,9323346
2014-09-23,53.0537,53.5653,52.648,53.1684,8018477
2014-09-24,53.1949,53.396,53.1243,53.239,11467441
2014-09-25,53.1684,53.358,52.5951,52.6039,8700414
2014-09-26,52.6745,52.7362,51.6425,52.3834,10786298
2014-09-29,52.0659,52.6745,51.8718,52.401,8721059
2014-09-30,52.3922,52.9038,52.2599,52.2864,9247293
2014-10-01,52.1188,52.229,51.5984,51.7836,9088935
2014-10-02,51.8454,52.0923,51.4132,51.9071,8109810
2014-10-03,52.1894,53.0052,52.1894,52.8332,8641843
2014-10-06,53.0714,53.1419,52.3041,52.551,7116841
2014-10-07,52.3217,52.3922,51.5543,51.5631,9526252
2014-10-08,51.7395,53.1243,51.6601,53.0802,12318192
2014-10-09,52.9214,53.3713,52.1364,52.2246,8595848
2014-10-10,52.3128,52.8509,51.7395,51.7395,11285257
2014-10-13,51.6425,51.6425,49.3757,49.5168,14815635
2014-10-14,49.8961,50.2313,49.1552,49.6844,10935820
2014-10-15,48.8377,49.2787,47.8851,48.2732,18785917
2014-10-16,47.6381,47.7078,46.2974,47.1265,21858386
2014-10-17,47.497,48.185,47.2147,47.6469,19718313
2014-10-20,47.8233,47.8674,47.5587,47.6734,12064131
2014-10-21,48.132,48.7583,47.9115,48.626,17299552
2014-10-22,48.7142,49.2699,48.5113,48.9611,12903038
2014-10-23,49.6227,50.3371,49.5609,49.949,11851143
2014-10-24,50.099,50.8575,49.949,50.8134,8559647
2014-10-27,50.196,50.4871,49.3228,49.7903,14421434
2014-10-28,49.9226,49.9226,47.7175,49.261,23961244
2014-10-29,49.411,49.9314,49.067,49.5697,12497196
2014-10-30,49.1376,50.6194,49.1287,50.5488,12866624
2014-10-31,51.1133,51.2721,50.8575,51.1045,14066053
2014-11-03,51.1133,51.9777,50.7781,51.9689,10179080
2014-11-04,51.9247,52.6612,51.9247,52.3658,11338402
2014-11-05,52.9126,53.1419,52.3746,52.5422,12678814
2014-11-06,52.5686,52.8332,52.207,52.2687,13362120
2014-11-07,52.3834,52.5863,52.0923,52.3393,10612995
2014-11-10,51.3691,52.207,50.8928,51.8718,14598454
2014-11-11,52.6745,52.8773,52.2246,52.3658,13303665
2014-11-12,52.2864,52.5245,52.1241,52.3128,6668847
2014-11-13,52.4804,52.8773,52.1982,52.5157,6646925
2014-11-14,52.2423,52.5245,51.8365,52.1012,7130610
2014-11-17,52.6656,52.8332,52.3128,52.4451,8571261
2014-11-18,52.4716,53.0361,52.1717,52.8244,7668095
2014-11-19,52.5951,52.6833,52.1541,52.6039,7304394
2014-11-20,52.2246,52.3922,51.9159,52.3746,6741072
2014-11-21,52.8685,52.9391,52.3306,52.6215,11260375
2014-11-24,52.7538,52.7538,52.0306,52.2599,8487986
2014-11-25,52.3217,52.6207,52.1541,52.3393,10328583
2014-11-26,52.6568,52.7186,52.3481,52.7009,6280816
2014-11-28,52.6568,53.6888,52.6568,53.2742,6207390
2014-12-01,53.2742,54.0857,53.1684,53.3801,8274056
2014-12-02,53.4771,53.7858,53.1684,53.6094,6445999
2014-12-03,53.5918,53.7417,53.1949,53.433,9730490
2014-12-04,53.3713,54.1387,53.3713,53.7329,7148208
2014-12-05,53.8299,54.4826,53.6447,54.2357,11171819
2014-12-08,53.9534,54.8619,53.7858,54.5796,11394689
2014-12-09,52.3922,53.0449,51.8189,52.9303,18778192
2014-12-10,53.0273,53.3801,52.6568,52.9038,13253662
2014-12-11,53.126,53.8369,52.6017,52.735,11314081
2014-12-12,52.5483,53.0105,51.2864,51.2953,12120350
2014-12-15,51.3842,51.5974,50.4777,50.611,12175188
2014-12-16,50.6288,51.8018,50.4599,50.4777,11214043
2014-12-17,50.6999,51.3664,50.2644,51.2153,12669862
2014-12-18,52.0684,52.415,51.6241,52.415,13359439
2014-12-19,52.655,53.2305,52.4417,52.9483,17374218
2014-12-22,52.5395,52.9305,52.0329,52.3973,10010502
2014-12-23,52.1573,52.4328,50.6821,50.8421,14165417
2014-12-24,50.9132,51.4197,50.8776,51.0642,5055251
2014-12-26,51.2597,51.5619,51.1798,51.3486,4672797
2014-12-29,51.0553,51.473,51.0553,51.3042,6003835
2014-12-30,51.1264,51.3397,50.922,51.2331,5234845
2014-12-31,50.8954,51.4108,50.4155,50.4688,7483648
2015-01-02,50.8509,51.3575,50.6776,50.8243,7085973
2015-01-05,51.7308,51.9707,51.162,51.5797,15961191
2015-01-06,51.793,53.7659,51.7663,53.6059,24287729
2015-01-07,53.7125,54.7612,53.6414,54.7523,18634532
2015-01-08,55.0989,55.9298,54.9656,55.8543,19121028
2015-01-09,55.8187,56.1031,55.25,55.5966,12638682
2015-01-12,56.0765,56.4319,55.1878,55.3655,11569027
2015-01-13,55.9076,56.5386,54.8589,55.2677,10039325
2015-01-14,54.8501,55.9076,54.6368,55.6677,9858116
2015-01-15,55.801,55.9787,54.9478,54.9922,9564604
2015-01-16,54.9745,56.1298,54.6812,56.0142,11371154
2015-01-20,55.7299,56.2542,54.9922,55.641,13109494
2015-01-21,55.4721,55.7921,55.17,55.2411,9082145
2015-01-22,55.33,55.7299,54.6812,55.6232,8494438
2015-01-23,55.5077,55.9876,55.4633,55.5343,6229120
2015-01-26,55.6143,55.9698,55.2055,55.8276,6714565
2015-01-27,55.8809,56.0054,55.2144,55.5966,7965061
2015-01-28,55.8276,55.9527,54.4946,54.6101,8868656
2015-01-29,54.6901,55.2322,53.9925,55.1789,9091286
2015-01-30,54.6812,55.0367,53.3482,53.5703,12086924
2015-02-02,53.7659,54.148,53.126,54.1036,9266650
2015-02-03,54.1124,54.2635,53.2682,54.228,11477537
2015-02-04,53.2948,53.3215,51.8463,52.4773,19446708
2015-02-05,52.6728,52.7439,51.9929,52.5839,12660363
2015-02-06,52.5217,53.1171,52.0596,52.2462,9864762
2015-02-09,52.1218,52.4328,51.4819,51.8374,10014119
2015-02-10,52.4328,52.735,52.2293,52.2995,9539369
2015-02-11,52.2195,52.3973,51.8996,52.2018,10484371
2015-02-12,52.4328,52.5306,52.0684,52.3262,7207699
2015-02-13,52.3439,52.3795,52.0862,52.264,7899278
2015-02-17,52.2018,52.4062,52.1662,52.2462,10187258
2015-02-18,52.1395,52.4417,51.7485,52.2551,10534154
2015-02-19,52.2995,52.4239,51.3753,51.8107,9836208
2015-02-20,51.6774,51.9707,51.3042,51.8552,11604833
2015-02-23,51.8907,52.1395,51.6952,51.8107,8589913
2015-02-24,51.9796,52.0507,51.5886,51.8641,7714066
2015-02-25,51.9529,52.4062,51.5997,51.9796,8455230
2015-02-26,52.1307,52.5661,52.1307,52.3973,11489059
2015-02-27,52.3351,52.4861,51.9796,52.024,13059939
2015-03-02,51.8018,52.3351,51.793,52.0596,9667160
2015-03-03,52.1129,52.1662,51.4997,51.8463,8251306
2015-03-04,51.9085,52.1218,51.2597,51.4375,13335241
2015-03-05,51.6241,51.793,51.3664,51.5263,11534075
2015-03-06,51.4108,51.4286,50.4066,50.5132,11064674
2015-03-09,50.5132,50.9842,50.0333,50.8865,8342037
2015-03-10,50.611,50.8243,50.2022,50.2822,13125044
2015-03-11,51.0909,51.0909,49.7401,49.8201,15665256
2015-03-12,50.0082,50.3665,49.8648,50.3218,12954263
2015-03-13,50.1963,50.5547,49.8469,50.3486,13072868
2015-03-16,50.6891,51.352,50.6891,51.1728,11520810
2015-03-17,50.9668,50.9668,50.3845,50.5905,9999391
2015-03-18,50.5188,51.9343,50.3576,51.6477,14928493
2015-03-19,51.4506,52.2658,51.0922,52.1494,14455885
2015-03-20,52.1762,52.7317,51.7462,52.4808,26113962
2015-03-23,52.3196,52.9825,51.9971,52.6152,10658466
2015-03-24,53.2244,53.4842,52.4181,52.5256,13065268
2015-03-25,53.305,53.4932,52.1225,52.1941,14038379
2015-03-26,51.9971,52.1404,51.4326,51.6029,10582936
2015-03-27,51.8089,52.163,51.6297,51.7372,8523494
2015-03-30,52.1852,52.445,52.0956,52.2658,8188953
2015-03-31,52.1314,52.2389,51.4954,51.4954,10458696
2015-04-01,51.2983,51.352,50.3665,50.9399,12712204
2015-04-02,51.0653,51.4686,50.931,51.1549,7583525
2015-04-06,51.0026,51.3655,50.8055,51.2266,12649211
2015-04-07,51.6566,51.8537,51.3341,51.4506,9278294
2015-04-08,51.8806,52.006,51.0833,51.1997,13559688
2015-04-09,51.2624,51.7184,51.1639,51.4506,12005987
2015-04-10,51.1101,51.6432,50.4561,51.2893,15507494
2015-04-13,51.137,51.3923,50.6174,50.8234,10480941
2015-04-14,51.0116,51.9523,50.7159,51.7462,14656168
2015-04-15,52.0239,52.8078,52.0239,52.3644,12108838
2015-04-16,52.1494,52.3106,51.7283,51.8179,6409437
2015-04-17,51.3789,51.3879,50.6801,50.9578,11663352
2015-04-20,51.5133,51.9612,51.4147,51.6118,9961359
2015-04-21,51.9702,51.9881,51.4326,51.6566,9255533
2015-04-22,51.567,51.8582,51.352,51.6835,7914568
2015-04-23,51.5312,51.8268,51.0967,51.5222,8342300
2015-04-24,51.8268,52.1314,51.5222,51.6029,7866496
2015-04-27,51.8089,51.9881,50.9578,51.1549,10599631
2015-04-28,53.9501,54.183,53.0542,53.7351,34731152
2015-04-29,53.1527,54.1382,53.0632,53.4663,17191995
2015-04-30,53.5648,53.8784,53.0721,53.3588,13012427
2015-05-01,53.538,54.0934,53.4663,53.6276,9357474
2015-05-04,53.8784,54.6041,53.7799,54.3263,9050375
2015-05-05,54.0397,54.3801,53.8067,54.192,12082488
2015-05-06,54.1561,54.2816,53.6903,53.9859,11570868
2015-05-07,53.7978,54.407,53.6903,54.0217,9000988
2015-05-08,54.6489,54.9848,54.3801,54.4159,10143412
2015-05-11,54.3443,54.3711,53.6052,53.753,9718856
2015-05-12,53.3498,53.5066,52.9556,53.2513,13191909
2015-05-13,53.4125,53.6186,52.8302,53.0184,7320884
2015-05-14,53.2782,53.6544,52.8974,53.5559,7127334
2015-05-15,53.6992,53.959,53.5828,53.959,7665651
2015-05-18,53.9053,54.1561,53.7619,53.7619,7190826
2015-05-19,53.7171,54.5772,53.6992,54.2188,8128726
2015-05-20,54.3532,54.5145,54.1472,54.1651,6034865
2015-05-21,54.2457,54.4562,53.8336,53.8426,8039016
2015-05-22,53.8157,53.8157,53.1617,53.1975,8990387
2015-05-26,53.1079,53.2513,52.7227,52.8302,10857710
2015-05-27,52.9377,53.5559,52.7406,53.2692,9726731
2015-05-28,53.2602,53.6186,53.1975,53.4842,9530115
2015-05-29,53.6455,54.7564,53.2782,54.5503,20015567
2015-06-01,54.5145,55.276,54.0576,54.4249,11807388
2015-06-02,54.1561,54.1606,53.5917,53.968,8993032
2015-06-03,54.3443,54.5414,53.9859,54.1024,8662358
2015-06-04,53.7171,53.9411,53.099,53.2782,10830276
2015-06-05,53.1796,53.2244,52.6779,52.8481,10881834
2015-06-08,52.7586,53.0094,52.6421,52.7406,8047763
2015-06-09,52.8213,53.1169,52.5973,52.7138,6445186
2015-06-10,52.8392,53.4484,52.7765,53.4036,10223248
2015-06-11,53.4397,53.5932,53.1147,53.1779,11640259
2015-06-12,53.0696,53.0786,52.1669,52.2391,15812329
2015-06-15,51.9954,52.0315,51.4718,51.5621,10106506
2015-06-16,51.6704,52.1127,51.3454,52.0947,6968907
2015-06-17,52.0947,52.5099,51.878,52.2752,7917344
2015-06-18,52.2752,53.1418,52.2752,52.889,7440464
2015-06-19,52.7266,53.1147,52.3113,52.3926,12613521
2015-06-22,53.0696,53.4397,52.7446,53.1057,8362462
2015-06-23,53.1508,53.3043,52.8259,53.2862,8370963
2015-06-24,53.1869,53.2862,52.5731,52.5731,7908413
2015-06-25,52.5821,52.8936,52.0992,52.2662,9951167
2015-06-26,52.555,52.8349,52.2211,52.7988,13083743
2015-06-29,52.2933,52.555,51.6794,51.7155,9601215
2015-06-30,52.0947,52.0947,51.1875,51.3906,11847325
2015-07-01,51.3906,52.2391,51.1017,51.9954,9380054
2015-07-02,52.3023,52.6543,51.9051,52.0586,8518380
2015-07-06,51.6704,52.212,51.1288,51.9502,8054146
2015-07-07,52.1308,52.4467,51.6119,52.3474,9034251
2015-07-08,52.1127,52.1218,51.5621,51.7697,9111598
2015-07-09,52.3926,52.5099,51.7697,51.7968,8677777
2015-07-10,52.4196,52.5821,51.9773,52.3113,8047391
2015-07-13,52.5821,52.8529,52.0676,52.2391,9133756
2015-07-14,52.2662,52.6092,52.0676,52.528,7235149
2015-07-15,52.5009,52.862,52.4196,52.555,5748728
2015-07-16,52.8168,53.1373,52.6724,53.0967,5324664
2015-07-17,52.9883,53.1869,52.889,53.0967,6988852
2015-07-20,53.223,53.4397,53.1328,53.2592,5697221
2015-07-21,53.2501,53.2772,52.9432,52.9613,6932783
2015-07-22,52.8168,53.2862,52.3655,52.4738,8617833
2015-07-23,52.8349,52.8349,52.3023,52.4196,6441613
2015-07-24,52.0947,52.2481,51.7426,51.8239,7847073
2015-07-27,51.8419,51.86,51.1198,51.4447,14887028
2015-07-28,51.0205,52.0315,50.3976,51.9232,16387120
2015-07-29,52.0766,53.0967,52.0315,52.8439,12875988
2015-07-30,52.9161,53.0967,52.6092,52.8259,6989455
2015-07-31,53.2592,53.557,52.9883,53.223,8752452
2015-08-03,53.53,53.6654,52.7898,53.3043,6806991
2015-08-04,53.6563,53.6834,52.6873,52.9883,6935771
2015-08-05,53.3314,53.5074,53.047,53.3494,5702629
2015-08-06,53.4036,53.4848,52.6453,52.7446,7019665
2015-08-07,52.6724,52.7626,52.0586,52.3294,9712396
2015-08-10,52.5912,52.9026,52.5912,52.7266,5052372
2015-08-11,52.2933,52.528,51.9593,52.1398,7078348
2015-08-12,51.7065,52.6092,51.5621,52.5912,7804999
2015-08-13,52.8529,53.6654,52.8078,53.2411,10957191
2015-08-14,53.2682,53.7737,53.1418,53.4216,9466411
2015-08-17,53.0786,53.9362,52.88,53.9001,6113739
2015-08-18,53.864,54.1167,53.7647,53.8549,6797381
2015-08-19,53.548,54.225,53.4307,53.8549,7986349
2015-08-20,52.6182,52.8529,51.2191,51.4086,23694443
2015-08-21,51.0837,52.0179,50.3344,50.3434,17632538
2015-08-24,47.9062,49.7657,41.2443,48.7366,24838554
2015-08-25,50.0004,50.0185,46.0376,46.191,22849832
2015-08-26,48.204,49.2963,47.3826,49.1248,22891194
2015-08-27,49.9011,50.0094,48.4207,49.6032,16135640
2015-08-28,49.4498,50.0185,49.282,49.9824,12796989
2015-08-31,49.7567,49.9174,48.4026,48.6103,12917065
2015-09-01,47.5361,48.0506,47.1208,47.4187,15747377
2015-09-02,47.9964,48.0867,47.2562,47.8249,13130771
2015-09-03,48.0867,48.3395,47.4819,47.527,12149118
2015-09-04,47.0305,47.1569,46.2001,46.5702,14491288
2015-09-08,47.852,47.861,47.1163,47.5631,14961054
2015-09-09,48.0325,48.1409,46.7688,46.8771,11116693
2015-09-10,46.9583,48.0235,46.8139,47.5902,14065438
2015-09-11,47.5356,47.7541,47.0804,47.4263,12090801
2015-09-14,47.4537,48.009,47.3353,47.654,8791357
2015-09-15,48.0546,49.0606,47.9544,48.7556,11792183
2015-09-16,48.7192,49.1335,48.5463,49.047,8681394
2015-09-17,49.0288,49.6206,48.2731,49.1289,22799862
2015-09-18,48.874,49.047,47.2625,47.4628,28997947
2015-09-21,47.745,47.745,46.1517,46.4157,17243343
2015-09-22,46.0242,46.4339,45.7602,46.1972,12795575
2015-09-23,46.1972,46.8345,45.8785,46.4612,10055545
2015-09-24,46.006,46.3065,45.7238,46.0606,10508288
2015-09-25,46.3611,46.7253,44.7314,45.1593,15322722
2015-09-28,44.8861,44.9499,43.7845,44.0849,20150498
2015-09-29,44.2306,44.8861,43.8801,44.2943,12802852
2015-09-30,44.9772,45.1046,44.4719,44.9681,12679139
2015-10-01,44.9317,45.132,44.1942,44.9499,14408556
2015-10-02,44.4218,45.66,44.0212,45.6509,24287878
2015-10-05,46.4977,46.7253,46.1517,46.6433,15881560
2015-10-06,46.789,46.789,44.9053,45.3414,16493492
2015-10-07,45.9423,46.5432,45.3141,46.3884,14544688
2015-10-08,46.1244,46.6069,45.6509,46.4521,12542031
2015-10-09,46.4248,46.8983,46.1517,46.3884,10921425
2015-10-12,45.2594,46.2974,45.2412,46.1699,11653308
2015-10-13,46.2336,46.352,44.9408,45.0409,14905931
2015-10-14,45.1502,45.6327,45.0227,45.1046,13731211
2015-10-15,45.223,46.5068,44.8406,46.179,14037482
2015-10-16,46.7071,47.0895,46.5068,46.871,11092492
2015-10-19,46.7344,46.9347,46.3702,46.7981,8441884
2015-10-20,46.789,46.8615,45.6145,45.8785,9944920
2015-10-21,46.2063,46.4157,45.66,46.0606,11327234
2015-10-22,46.27,47.8543,45.7966,47.3535,18449581
2015-10-23,47.6631,48.4825,47.4719,48.1456,15703516
2015-10-26,47.9362,48.4097,47.7754,48.1729,10975198
2015-10-27,48.9468,49.2564,48.0546,48.6828,13956855
2015-10-28,49.1562,50.2033,48.7556,50.1669,14710021
2015-10-29,50.0394,50.6585,49.5933,49.9574,8907307
2015-10-30,49.8846,50.3171,49.7663,49.7663,11017447
2015-11-02,49.7936,50.3717,49.5386,50.176,10559147
2015-11-03,50.1486,50.4218,49.5978,50.176,9216178
2015-11-04,50.5037,50.7723,50.2397,50.5584,7749203
2015-11-05,50.4946,50.6982,49.7845,50.1213,9046801
2015-11-06,49.8846,49.9666,49.1744,49.7207,10722992
2015-11-09,49.1927,49.5386,48.929,49.3839,9140220
2015-11-10,49.5113,49.7116,49.1836,49.5568,7462288
2015-11-11,49.9028,50.0758,48.874,48.9104,8544587
2015-11-12,48.792,49.1381,48.2822,48.2822,8577457
2015-11-13,48.6737,48.9104,48.1638,48.2822,11394539
2015-11-16,47.5174,48.9924,47.4628,48.8922,6907842
2015-11-17,48.9013,49.4385,48.5189,48.9013,7126622
2015-11-18,49.0379,49.4567,48.8922,49.3747,10811362
2015-11-19,49.5659,49.6469,49.0939,49.4203,6839235
2015-11-20,49.7207,49.9483,49.1653,49.2564,8933303
2015-11-23,49.2336,49.3484,48.965,49.1744,8688056
2015-11-24,48.7647,48.874,48.3459,48.6919,10507221
2015-11-25,48.8194,49.0925,48.6737,48.9104,6078917
2015-11-27,48.5826,49.3474,48.5826,49.1289,2981642
2015-11-30,49.2018,49.2655,48.2549,48.264,13363202
2015-12-01,48.9559,49.748,48.6555,49.6843,12996846
2015-12-02,49.7663,50.0667,48.9377,49.0015,10099265
2015-12-03,49.2291,49.2473,47.5629,47.8816,13595087
2015-12-04,48.1365,48.874,48.1001,48.8376,13687040
2015-12-07,49.1836,49.3747,48.4142,48.874,8695974
2015-12-08,48.7738,49.5295,48.4552,48.6828,7573196
2015-12-09,48.5098,48.8112,47.8178,48.091,10357171
2015-12-10,48.2731,49.1471,48.091,48.8831,11451853
2015-12-11,48.6719,48.929,47.7719,47.8913,10397896
2015-12-14,47.8913,48.0842,47.4321,47.9372,11999213
2015-12-15,48.1944,48.8464,47.9648,48.5801,11585926
2015-12-16,49.0576,49.6954,48.6719,49.6086,10014327
2015-12-17,49.6912,49.8198,48.3597,48.3597,13517113
2015-12-18,47.8913,48.0474,47.3954,47.423,21101765
2015-12-21,47.8913,47.8913,47.0189,47.6342,11636117
2015-12-22,47.7627,47.9648,47.0924,47.8454,13196939
2015-12-23,48.1025,48.8739,48.0842,48.6535,7127380
2015-12-24,48.479,48.7913,48.3137,48.5341,2980053
2015-12-28,48.479,48.7086,48.2724,48.525,4836323
2015-12-29,48.6443,49.2321,48.5892,48.9841,6608530
2015-12-30,48.9841,49.2045,48.7454,48.9015,5560329
2015-12-31,48.4882,48.9344,48.3597,48.5066,8292947
2016-01-04,47.7627,48.3137,47.3954,48.1944,17174551
2016-01-05,48.479,49.1021,48.3688,48.8096,11075455
2016-01-06,48.2219,48.626,47.9464,48.1393,12465927
2016-01-07,47.3128,48.0428,47.2393,47.7168,12720013
2016-01-08,48.2219,48.2311,46.7066,46.9087,14156244
2016-01-11,47.0648,47.3265,46.4771,47.0648,14367379
2016-01-12,47.3036,47.8178,46.8168,47.5332,11321002
2016-01-13,47.6709,47.8087,46.4504,46.523,16546599
2016-01-14,46.5322,47.8546,46.4587,47.5699,13568531
2016-01-15,46.376,47.1107,46.0087,46.9638,15490392
2016-01-19,47.3862,47.6709,46.6607,47.1475,10929459
2016-01-20,46.1832,46.8536,45.274,46.422,15920438
2016-01-21,46.6332,47.1291,45.9995,46.7617,11927519
2016-01-22,47.2393,47.5148,46.7893,47.1566,10812785
2016-01-25,47.1566,47.2393,46.6157,46.7617,9280537
2016-01-26,46.8811,47.3862,46.6148,47.2485,9017538
2016-01-27,46.523,47.3541,45.7608,46.2567,13119103
2016-01-28,46.2199,46.4128,44.9802,45.1822,18126912
2016-01-29,45.7332,46.5322,45.5312,46.5322,16922745
2016-02-01,46.275,46.8168,45.7699,46.6056,11431223
2016-02-02,46.1648,46.3852,45.825,46.2934,14899315
2016-02-03,45.5679,46.0133,44.6128,45.9628,19568629
2016-02-04,45.6414,45.6781,44.1078,44.622,20609204
2016-02-05,44.6312,45.6597,44.3282,45.3475,16883010
2016-02-08,44.9343,45.3016,44.0527,44.8424,13345135
2016-02-09,44.7139,45.522,44.4475,45.1455,10649089
2016-02-10,45.4669,46.2934,45.4485,45.4853,11036146
2016-02-11,44.8241,45.3567,44.5486,44.8608,11088363
2016-02-12,44.9802,45.0996,44.3373,45.0261,13598265
2016-02-16,45.3659,45.9077,45.2189,45.7148,11416212
2016-02-17,45.9169,46.5138,45.8801,46.4679,9323313
2016-02-18,46.4679,46.826,46.1419,46.2107,9612924
2016-02-19,46.1465,46.2842,45.7975,46.0271,8964183
2016-02-22,46.174,46.6332,46.0346,46.624,7770296
2016-02-23,46.4311,46.7757,46.3118,46.4128,7899519
2016-02-24,46.0638,46.4862,45.5771,46.4311,7572672
2016-02-25,46.4311,46.8352,46.275,46.8352,8693676
2016-02-26,46.8811,46.9546,46.4954,46.5046,9251298
2016-02-29,46.3944,46.6791,46.0546,46.1097,12888673
2016-03-01,46.275,47.6985,45.9996,47.524,12105715
2016-03-02,47.4138,48.153,47.3128,48.0015,11974073
2016-03-03,47.9189,48.0474,46.973,47.8454,9808832
2016-03-04,47.6158,48.0199,47.2944,47.827,9085837
2016-03-07,47.6066,48.6077,47.524,48.3413,7466274
2016-03-08,48.0842,48.6076,48.0153,48.1668,8269031
2016-03-09,48.2862,48.5709,47.8454,48.0842,9150631
2016-03-10,48.3872,48.8923,48.1438,48.7086,12267487
2016-03-11,49.1162,49.5238,48.8939,49.283,15532394
2016-03-14,49.2367,49.3942,48.9449,49.1718,6532913
2016-03-15,48.616,48.7642,48.125,48.5604,9060756
2016-03-16,48.4585,48.4585,47.7591,48.1158,9981325
2016-03-17,48.1065,48.1436,47.5507,47.736,9578385
2016-03-18,47.9305,48.5558,47.7915,48.4029,14424300
2016-03-21,48.477,48.9402,48.2594,48.9124,7647120
2016-03-22,48.7086,49.5238,48.6762,49.1255,9302338
2016-03-23,49.6535,49.6535,48.9588,49.1718,9947490
2016-03-24,48.9032,49.4219,48.7179,49.1626,7566162
2016-03-28,49.2089,49.3617,48.7689,48.9402,6046838
2016-03-29,49.0143,49.4775,48.6994,49.3942,7376654
2016-03-30,49.5424,49.6072,49.195,49.3015,6403872
2016-03-31,49.1718,49.5424,48.8754,49.0143,8335020
2016-04-01,48.6345,49.8296,48.5789,49.7462,8683128
2016-04-04,49.9407,50.6077,49.7925,50.3946,10249612
2016-04-05,50.1075,50.6911,50.0148,50.2464,9000791
2016-04-06,50.3483,51.6823,50.2649,51.5341,12480377
2016-04-07,51.2654,51.673,50.9968,51.3395,10536803
2016-04-08,51.6452,51.7888,51.0431,51.284,6987403
2016-04-11,51.2932,51.636,50.9319,50.9968,7065601
2016-04-12,50.9227,51.6452,50.8949,51.2654,5937028
2016-04-13,51.3766,51.8676,51.196,51.8398,8444469
2016-04-14,51.8954,52.4327,51.8212,52.2937,8356689
2016-04-15,52.3678,52.3863,51.7657,52.0065,8434440
2016-04-18,51.9787,52.6457,51.8027,52.3493,7794197
2016-04-19,52.5531,53.1552,52.0806,52.6735,7644184
2016-04-20,52.9422,53.1738,52.2844,52.4141,8520931
2016-04-21,52.1918,52.831,52.164,52.4327,10535254
2016-04-22,52.516,52.831,52.3493,52.5623,7093479
2016-04-25,52.3215,52.4697,51.8768,52.0806,8280183
2016-04-26,52.2566,52.2659,51.7564,51.9139,7226591
2016-04-27,51.9324,52.4512,51.9324,52.164,6941426
2016-04-28,51.7749,52.0899,51.4553,51.636,9094747
2016-04-29,51.5433,51.5433,50.5429,50.8022,13228031
2016-05-02,50.8115,51.284,50.6725,51.2284,9678915
2016-05-03,51.0802,51.3673,50.8115,51.0246,7601210
2016-05-04,50.6818,50.9875,50.456,50.7745,7705950
2016-05-05,50.2835,50.3946,49.4127,50.1075,11225224
2016-05-06,49.8573,49.9963,49.1533,49.6535,10526340
2016-05-09,49.6257,50.3298,49.5702,50.1167,7975439
2016-05-10,50.4595,50.7003,50.3854,50.654,6486243
2016-05-11,50.6725,50.7559,50.2649,50.3113,6572904
2016-05-12,50.5706,50.5984,49.9592,50.1353,8244255
2016-05-13,50.1167,50.4965,49.8666,49.9129,7125157
2016-05-16,49.811,50.7374,49.6443,50.6262,6649085
2016-05-17,50.4039,50.5521,50.0056,50.3205,11794027
2016-05-18,50.3854,50.9041,50.1816,50.6448,7391205
2016-05-19,50.1723,50.9319,50.0982,50.5614,8733895
2016-05-20,50.793,51.4507,50.6077,51.0524,8633110
2016-05-23,50.9505,51.1635,50.7467,50.8764,5570345
2016-05-24,51.1635,51.7703,51.1172,51.5063,6312043
2016-05-25,51.7008,52.4975,51.6638,52.4049,9601393
2016-05-26,52.3122,52.5392,52.1918,52.2381,5720512
2016-05-27,52.34,52.655,52.0899,52.3215,7508752
2016-05-31,52.3308,52.5438,51.9463,52.1177,9468475
2016-06-01,52.0621,52.3585,51.8305,52.1825,6691013
2016-06-02,52.2844,52.6735,52.2103,52.6365,7295472
2016-06-03,52.655,52.7662,52.1362,52.4697,5436913
2016-06-06,52.4882,53.146,52.479,52.9607,6904043
2016-06-07,52.9885,53.2108,52.7291,52.8032,6252365
2016-06-08,52.7754,53.6091,52.7754,53.3776,7790111
2016-06-09,53.2757,53.5628,52.7384,52.97,9227682
2016-06-10,52.6365,52.8773,52.4049,52.6272,9531715
2016-06-13,52.4684,52.9354,52.3844,52.403,6204834
2016-06-14,52.0855,52.5898,51.9454,52.5338,8594183
2016-06-15,52.6832,52.786,52.2536,52.3844,7648763
2016-06-16,53.2249,53.86,52.4217,53.7012,22052207
2016-06-17,53.6358,53.6358,52.0201,52.1976,17484401
2016-06-20,52.6178,52.8607,52.4124,52.4311,8698721
2016-06-21,52.8046,52.926,52.5245,52.5338,6402993
2016-06-22,52.4311,53.4864,52.3937,53.2716,12477501
2016-06-23,53.6825,53.8693,53.3323,53.8693,6968390
2016-06-24,52.3377,53.2996,52.0855,52.1882,17258559
2016-06-27,51.824,52.0016,51.4598,51.6559,13284551
2016-06-28,51.7773,51.9921,51.4691,51.9081,12760085
2016-06-29,52.4311,53.365,52.2816,53.2809,9813760
2016-06-30,53.3743,53.8693,53.1502,53.8039,9277691
2016-07-01,53.7386,54.1682,53.6265,54.1121,7868316
2016-07-05,53.9627,54.3269,53.9627,54.1682,7394103
2016-07-06,54.4203,55.3543,54.2336,55.2515,14327651
2016-07-07,54.9994,55.1208,54.439,54.8966,9351899
2016-07-08,55.0834,55.6345,54.9153,55.429,9479430
2016-07-11,55.3449,55.8026,55.2889,55.4196,7336741
2016-07-12,55.3543,55.8399,55.1722,55.6625,8401273
2016-07-13,55.8306,55.9893,55.5505,55.6158,6793185
2016-07-14,55.9146,55.9707,55.5504,55.7092,7345481
2016-07-15,55.8493,55.9707,55.3356,55.6905,8162693
2016-07-18,55.1021,55.5597,54.8359,55.1208,8769171
2016-07-19,55.1768,55.5644,54.6912,54.7846,8881337
2016-07-20,55.1021,55.2132,54.878,54.906,6476048
2016-07-21,55.1021,55.2002,54.6912,54.906,6127255
2016-07-22,55.0928,55.1768,54.6818,54.934,6269481
2016-07-25,54.7566,54.99,54.1495,54.6912,8037217
2016-07-26,54.8219,54.9248,54.2943,54.5044,7150768
2016-07-27,54.5324,54.8406,54.1028,54.7285,7888803
2016-07-28,54.6538,54.7192,54.2673,54.5698,7289712
2016-07-29,55.1114,55.2889,54.4203,54.7846,8491237
2016-08-01,54.9433,55.1021,54.6351,54.7846,8871180
2016-08-02,54.8033,54.8499,54.4017,54.4764,6826271
2016-08-03,54.3269,54.4484,53.4024,53.8413,9637335
2016-08-04,53.9254,54.383,53.9254,54.0187,5541434
2016-08-05,58.3802,59.7718,56.7272,59.641,72875999
2016-08-08,58.5203,58.8565,57.8572,58.7071,25045945
2016-08-09,58.7071,58.9686,58.3055,58.3615,12234367
2016-08-10,57.988,58.9312,57.9693,58.5016,8835354
2016-08-11,58.4736,59.5196,58.3522,59.4262,10365025
2016-08-12,58.9686,59.2581,58.7725,59.1647,6244281
2016-08-15,59.1647,59.5383,59.034,59.1367,6650069
2016-08-16,58.8378,59.1367,58.6884,58.8752,5680058
2016-08-17,58.8659,59.2394,58.4643,59.1087,8271531
2016-08-18,58.9126,59.4356,58.9126,59.4262,6926572
2016-08-19,59.006,59.2488,58.7164,59.1741,8480039
2016-08-22,59.0713,59.4356,58.9126,59.3515,6447228
2016-08-23,59.5009,59.6597,59.1834,59.3795,5798353
2016-08-24,59.3982,59.5663,58.3802,58.5857,7482902
2016-08-25,58.7071,58.9312,58.1561,58.2028,7947704
2016-08-26,58.3522,58.8266,58.072,58.6978,7793815
2016-08-29,58.7631,59.1087,58.5016,58.8472,5575752
2016-08-30,58.8005,58.8659,58.3756,58.567,6178036
2016-08-31,58.9126,58.9499,58.2962,58.6417,8860461
2016-09-01,58.5577,58.8192,58.2681,58.7445,6544694
2016-09-02,58.4549,59.09,58.4549,58.8192,7613244
2016-09-06,58.8285,59.2768,58.623,59.062,7930326
2016-09-07,59.1274,59.2955,58.4596,58.7164,8668143
2016-09-08,58.3242,59.1087,58.2121,59.062,9186287
2016-09-09,58.5483,58.567,58.2028,58.3615,12587535
2016-09-12,57.9039,59.2955,57.8199,59.0153,10629499
2016-09-13,58.6766,59.0624,57.7358,58.1498,10223437
2016-09-14,58.2533,58.6484,57.67,57.717,10421771
2016-09-15,57.6135,58.8977,57.5007,58.686,9026862
2016-09-16,58.7519,58.9118,58.385,58.592,12432293
2016-09-19,58.8366,58.8366,57.6841,57.6982,11287699
2016-09-20,58.2345,58.7143,58.0369,58.2721,9211610
2016-09-21,58.5731,59.1,58.1968,58.9871,7219032
2016-09-22,59.1941,59.7115,59.1094,59.2881,8447762
2016-09-23,59.147,59.5045,58.9871,59.2317,7679801
2016-09-26,58.8272,58.8741,58.2157,58.4697,6983821
2016-09-27,58.6202,58.9871,58.1686,58.8648,7340756
2016-09-28,59.2693,59.7209,58.7942,59.5516,11794978
2016-09-29,59.2881,59.2881,57.9146,58.2439,10930029
2016-09-30,58.2251,59.0153,58.1968,58.7143,13605282
2016-10-03,58.5355,58.8648,58.0181,58.8178,7520112
2016-10-04,58.7801,59.2223,58.2721,58.7613,7897397
2016-10-05,58.9871,59.3023,58.7801,59.0812,7871322
2016-10-06,58.7895,58.9777,58.0839,58.9495,11430486
2016-10-07,59.0529,59.2599,58.3568,59.0529,10775249
2016-10-10,60.4077,61.0145,59.6833,60.116,20345855
2016-10-11,59.7679,59.7868,58.0934,58.2627,13955380
2016-10-12,58.7049,58.9212,57.9334,58.0087,10121895
2016-10-13,58.5637,59.2223,58.2721,58.8083,14541462
2016-10-14,59.0059,59.1376,58.4508,58.4603,12204208
2016-10-17,58.3756,58.3756,57.1996,57.877,13054599
2016-10-18,58.2345,58.9118,58.1686,58.4132,9987994
2016-10-19,58.4508,58.6108,58.1498,58.2062,5582664
2016-10-20,58.2815,58.5779,58.0369,58.2533,6323380
2016-10-21,57.9052,58.2345,57.416,57.5759,7406681
2016-10-24,57.7641,57.8393,57.0444,57.1526,9942972
2016-10-25,56.701,58.5073,56.0236,58.2815,15188534
2016-10-26,58.0839,58.1874,56.9644,57.2655,9957770
2016-10-27,57.5289,58.385,57.3878,57.6606,10350697
2016-10-28,57.4066,57.4536,54.9888,55.3557,20358443
2016-10-31,55.5909,55.6473,54.9093,55.2428,14254834
2016-11-01,55.5062,56.0566,55.0452,55.7884,14347359
2016-11-02,55.5626,55.986,55.271,55.3557,10724665
2016-11-03,55.6755,55.7132,54.8382,54.9699,11323033
2016-11-04,55.2146,55.7555,55.1393,55.3369,11318595
2016-11-07,55.9954,56.6445,55.9578,56.494,10478263
2016-11-08,56.2776,57.1808,55.9954,56.9268,7942104
2016-11-09,60.1725,61.1509,59.0435,60.3794,27851126
2016-11-10,60.7181,61.5837,60.6993,61.1133,17862251
2016-11-11,60.2854,60.6899,59.815,60.1631,14059705
2016-11-14,60.2101,60.2948,59.4951,59.7679,10124450
2016-11-15,59.9091,59.9561,59.3446,59.8808,7290447
2016-11-16,59.9279,60.1631,58.7519,58.9212,10780233
2016-11-17,58.8083,59.0718,58.4367,58.9871,8361274
2016-11-18,58.8648,58.9118,58.0745,58.2062,7696863
2016-11-21,58.2721,58.6955,58.0651,58.6108,6836678
2016-11-22,58.7989,58.9401,57.5806,58.0463,9592213
2016-11-23,56.7574,58.0463,56.2776,57.9899,10242995
2016-11-25,58.1592,58.7049,58.0934,58.5261,3501268
2016-11-28,58.1216,58.385,57.971,58.1404,7449431
2016-11-29,58.2815,58.7613,58.2486,58.5073,10034927
2016-11-30,58.6202,58.6296,57.3784,57.5665,12530731
2016-12-01,57.67,57.7358,57.0585,57.162,8398879
2016-12-02,57.4348,57.877,57.035,57.5101,7993092
2016-12-05,57.877,57.8864,56.2965,56.6822,12985234
2016-12-06,56.6163,56.8139,56.0801,56.7104,10659613
2016-12-07,56.1647,56.5034,55.1487,56.5034,14049574
2016-12-08,56.193,56.781,55.9766,56.5599,8586550
2016-12-09,56.908,57.8676,56.8233,57.6041,10516352
2016-12-12,57.8017,58.4226,57.67,58.0651,8246003
2016-12-13,58.5865,58.7382,58.0651,58.577,7842165
2016-12-14,58.6339,59.4966,58.3874,58.5865,11080749
2016-12-15,58.7761,59.3781,58.6244,59.1269,8509404
2016-12-16,59.4018,59.7526,58.8235,59.1932,17563691
2016-12-19,58.5865,59.0321,57.7049,57.9608,11939035
2016-12-20,58.0082,58.4728,57.2309,57.3541,10377123
2016-12-21,57.4394,57.6433,56.2544,56.3398,12052244
2016-12-22,56.5199,56.8801,56.0838,56.482,10100023
2016-12-23,56.6621,56.7474,56.1691,56.463,7591478
2016-12-27,56.7569,57.0128,56.463,56.681,5815612
2016-12-28,56.6147,56.7474,56.1312,56.1881,6174639
2016-12-29,56.207,56.4867,55.9132,55.97,6520112
2016-12-30,55.7236,55.8847,55.515,55.8089,10772599
2017-01-03,56.0743,57.2404,55.9795,57.0223,11988657
2017-01-04,57.3541,57.629,56.918,57.0034,9411941
2017-01-05,57.0887,57.43,56.8801,56.9844,10096779
2017-01-06,56.9654,57.3162,56.4346,57.1361,10238738
2017-01-09,57.1645,58.2832,56.956,57.9229,9734637
2017-01-10,58.0177,58.0556,56.7758,56.8043,15302218
2017-01-11,59.0984,59.8758,57.5911,58.4254,32711722
2017-01-12,59.2786,59.9516,58.8899,58.9752,24885363
2017-01-13,59.089,59.4208,58.8709,59.0984,9969105
2017-01-17,58.7003,58.8425,58.0177,58.2832,10592686
2017-01-18,58.1884,58.5676,57.904,57.9893,8131662
2017-01-19,57.8755,57.904,56.9465,57.193,11397928
2017-01-20,59.1553,59.6483,58.9183,59.2786,25240347
2017-01-23,58.596,59.1553,58.4254,58.596,10201696
2017-01-24,58.3874,58.4822,57.5759,58.0272,10487452
2017-01-25,58.1315,58.1884,57.6006,57.904,14556969
2017-01-26,57.8471,58.1647,57.392,58.0177,12707468
2017-01-27,58.1884,58.7666,58.1125,58.5391,6652609
2017-01-30,58.3211,58.5012,57.757,58.2358,7853564
2017-01-31,57.885,59.0036,57.7523,58.7666,9821054
2017-02-01,58.833,59.0321,58.359,58.8709,11018765
2017-02-02,59.3828,60.8712,59.2786,60.8428,18990180
2017-02-03,60.5394,60.985,59.9801,60.947,11650528
2017-02-06,60.5963,61.5727,60.5773,61.5633,9158767
2017-02-07,61.3926,61.5538,60.7195,60.8617,8435269
2017-02-08,60.5773,61.1272,60.511,60.9755,5906828
2017-02-09,60.9944,61.4495,60.9518,61.0418,7052880
2017-02-10,60.9755,61.2125,60.6342,60.8143,8531370
2017-02-13,60.9091,61.459,60.8807,61.4021,7151139
2017-02-14,61.2788,62.3027,61.0798,62.2458,10142722
2017-02-15,61.5253,62.4449,61.4779,61.7718,17807287
2017-02-16,61.7529,62.0088,61.1082,61.8666,12346265
2017-02-17,61.8097,62.151,61.4874,61.9899,9048256
2017-02-21,61.5253,62.3596,61.5253,62.0752,7386072
2017-02-22,62.0941,62.3311,61.7055,61.8951,8679633
2017-02-23,62.1131,62.6724,61.9472,62.4259,6855571
2017-02-24,62.2363,62.7198,62.2174,62.7198,8444253
2017-02-27,62.3596,62.5113,62.151,62.4259,7134489
2017-02-28,62.388,62.7103,62.2363,62.4449,7740472
2017-03-01,62.6345,63.3265,62.4639,62.7672,10680729
2017-03-02,62.9284,63.118,62.5681,62.644,8647730
2017-03-03,62.4354,63.1559,62.388,63.118,8322960
2017-03-06,62.644,63.3076,62.4733,63.0137,8687456
2017-03-07,62.0278,62.862,61.8003,62.5302,8328744
2017-03-08,62.5302,62.6819,61.8761,62.3785,8418318
2017-03-09,62.5397,62.5966,62.1084,62.4639,7735152
2017-03-10,62.6345,62.7548,62.0941,62.1889,8823905
2017-03-13,62.294,62.3417,61.1195,61.2532,14198551
2017-03-14,61.2341,61.597,61.1577,61.301,7893626
2017-03-15,61.4919,62.0362,61.32,61.7784,9024954
2017-03-16,61.6542,61.8643,61.1004,61.2819,9613228
2017-03-17,61.3487,61.7739,61.0049,61.0145,14449174
2017-03-20,61.2437,61.3964,61.11,61.215,12971169
2017-03-21,61.3773,61.6877,60.7471,61.024,10550684
2017-03-22,61.0909,61.215,60.3938,60.6326,9549029
2017-03-23,60.4989,60.9381,60.3366,60.4225,9461008
2017-03-24,60.3079,60.6612,60.0215,60.327,9136531
2017-03-27,60.0787,60.5465,59.9737,60.3366,8015894
2017-03-28,60.3461,60.5371,60.0406,60.4798,10184989
2017-03-29,60.7949,61.2102,60.5944,60.7662,8135333
2017-03-30,60.6326,60.8044,60.4559,60.5848,5321972
2017-03-31,60.4034,60.7567,60.3938,60.6708,7614025
2017-04-03,60.5657,60.8331,60.3652,60.6039,6643587
2017-04-04,60.7185,60.8856,60.5084,60.7949,6345621
2017-04-05,60.814,61.2532,60.6421,60.6994,7713310
2017-04-06,60.6135,61.0813,60.3366,60.3843,7552664
2017-04-07,60.4225,60.4719,60.1026,60.2793,7721053
2017-04-10,60.4129,60.4702,59.7064,59.7255,7247668
2017-04-11,59.6682,59.9212,59.3722,59.7541,6544754
2017-04-12,59.5536,60.3557,59.4677,60.2029,9509164
2017-04-13,59.9546,60.1551,59.735,59.7827,5932538
2017-04-17,59.8782,60.0024,59.5727,59.9642,5334438
2017-04-18,59.6395,59.6395,59.1907,59.4581,7394709
2017-04-19,59.4486,59.8114,59.2003,59.8114,10349052
2017-04-20,59.8295,59.9164,59.439,59.7255,8962257
2017-04-21,59.544,59.8018,59.0762,59.0953,10498395
2017-04-24,59.6777,59.6968,59.2194,59.334,8846263
2017-04-25,59.6682,60.0883,59.439,59.4867,10691839
2017-04-26,59.8018,60.0406,59.6109,59.8687,8859276
2017-04-27,59.9451,60.0692,59.63,59.7541,6603329
2017-04-28,59.7541,59.8209,59.334,59.5154,9461664
2017-05-01,59.439,59.6729,59.2958,59.5631,10217078
2017-05-02,59.6873,60.3843,59.4963,59.8687,13022511
2017-05-03,59.6777,60.7949,59.5631,60.7567,11429793
2017-05-04,60.7949,61.0049,60.3652,60.518,8609968
2017-05-05,60.6326,61.1959,60.5657,61.0813,9346554
2017-05-08,61.024,61.597,60.9477,61.1195,11149510
2017-05-09,61.2819,61.363,60.3079,60.432,10222316
2017-05-10,60.2793,61.0622,60.2411,61.0527,9631802
2017-05-11,61.8261,62.3035,61.4012,61.5206,18515949
2017-05-12,61.4824,61.7497,60.4129,60.6994,10342133
2017-05-15,60.5562,60.728,60.4798,60.6421,8311365
2017-05-16,60.5753,60.9859,60.2888,60.9095,7870677
2017-05-17,60.518,60.7089,60.0406,60.1551,7916901
2017-05-18,60.0692,61.5874,60.0692,61.0049,11954482
2017-05-19,61.1482,61.1482,60.6326,60.8999,9293703
2017-05-22,60.8235,61.5301,60.6994,61.1482,6226549
2017-05-23,61.11,61.6733,61.11,61.6351,5734591
2017-05-24,61.8452,62.2558,61.6256,61.998,7072657
2017-05-25,62.0266,62.1794,61.7402,62.103,7095873
2017-05-26,62.0648,62.2606,61.893,61.9884,3685720
2017-05-30,61.7975,62.1985,61.616,61.9502,4885561
2017-05-31,62.1412,62.5279,62.0935,62.1699,7788252
2017-06-01,62.1508,62.3131,61.9311,62.3131,7560489
2017-06-02,62.5041,62.6186,62.2367,62.5136,6298590
2017-06-05,62.399,62.4371,61.7784,62.1317,5968507
2017-06-06,62.0648,62.103,61.5492,61.7497,7841776
2017-06-07,61.6829,61.7306,61.1052,61.1673,7606580
2017-06-08,61.3391,61.3487,59.9928,60.3461,18521968
2017-06-09,60.3461,61.5301,60.2888,61.4824,10750366
2017-06-12,61.6447,61.7593,61.301,61.4824,9400261
2017-06-13,61.2996,61.4054,60.6263,60.8571,12052983
2017-06-14,60.6167,61.2082,60.6167,60.9533,10338550
2017-06-15,60.886,61.0207,60.4772,60.7802,7866847
2017-06-16,60.8475,61.2799,60.2993,60.5686,14901997
2017-06-19,60.684,61.3765,60.6167,61.2515,8426878
2017-06-20,61.2515,62.4827,61.1505,62.0691,10263025
2017-06-21,62.0979,63.0983,62.0979,62.9636,11145029
2017-06-22,63.0117,63.8389,62.8867,63.5023,13441913
2017-06-23,63.5215,63.8572,63.3291,63.6369,14093453
2017-06-26,63.6273,63.8678,63.3195,63.4061,7576421
2017-06-27,63.7427,63.7427,63.0406,63.0406,8121576
2017-06-28,63.2522,63.3868,62.6558,62.6751,6733271
2017-06-29,62.5308,62.5981,61.6459,61.8863,8350313
2017-06-30,62.0306,62.2615,61.5593,61.6459,8360924
2017-07-03,61.415,62.1653,61.415,61.819,4671419
2017-07-05,62.0114,62.3288,61.4824,61.7132,6507846
2017-07-06,61.3381,61.4727,60.5878,60.6936,11342702
2017-07-07,60.7994,60.9197,60.4147,60.7513,7243397
2017-07-10,60.9726,60.9822,60.2223,60.4339,6713784
2017-07-11,60.4243,60.5782,59.8664,59.9626,6877466
2017-07-12,60.2704,60.7225,60.2704,60.3858,8216033
2017-07-13,60.3954,60.5878,59.9014,60.4916,6799150
2017-07-14,60.5301,60.9774,60.4628,60.6551,6020850
2017-07-17,60.7417,60.8956,60.1454,60.2223,7387313
2017-07-18,60.1165,60.2415,59.8953,60.0299,6114947
2017-07-19,60.1165,60.4339,60.054,60.2319,5699122
2017-07-20,60.5109,60.8283,60.458,60.5397,6655095
2017-07-21,60.3954,60.5974,60.1935,60.2415,6906447
2017-07-24,60.155,60.5013,60.1165,60.1838,7783692
2017-07-25,60.4532,60.5974,59.8759,59.9818,5955856
2017-07-26,59.9338,59.9626,59.3663,59.4432,9366722
2017-07-27,61.2419,62.0883,60.4051,61.2611,21846256
2017-07-28,61.3765,61.9056,60.809,61.6651,13342135
2017-07-31,61.7998,61.8575,61.088,61.4439,11714888
2017-08-01,61.5112,61.5208,60.761,61.0207,7034295
2017-08-02,61.5112,61.5208,60.761,61.0207,7034926
2017-08-03,60.7994,61.2996,60.7706,61.0976,7018782
2017-08-04,61.2034,61.2611,60.5397,60.6936,5340999
2017-08-07,60.5493,60.684,60.2656,60.4435,6696792
2017-08-08,60.155,60.3281,59.8279,59.9434,7680067
2017-08-09,60.0684,60.3281,59.8472,60.1069,6552276
2017-08-10,59.9915,60.1935,59.7991,59.8087,7765079
2017-08-11,60.0396,60.559,59.8857,60.0011,6050985
2017-08-14,60.5109,60.5974,60.2031,60.28,5507513
2017-08-15,60.3377,60.6263,60.1069,60.1165,6316031
2017-08-16,60.0492,60.5301,59.9501,60.3089,6061224
2017-08-17,60.357,60.6167,59.4528,59.4817,9150116
2017-08-18,59.4143,59.4576,58.8276,59.145,8421689
2017-08-21,59.1354,59.6741,59.0873,59.6067,7197199
2017-08-22,59.6067,60.1165,59.5586,60.0396,5515238
2017-08-23,59.876,60.2127,59.7799,59.7799,6434881
2017-08-24,59.876,60.5109,59.8183,60.3185,7750055
2017-08-25,60.4724,60.8764,60.3762,60.5397,5274946
2017-08-28,60.7032,61.0399,60.5782,60.9052,7498151
2017-08-29,60.7225,60.7994,60.3281,60.7129,6564714
2017-08-30,60.7321,60.761,60.5013,60.7129,5022455
2017-08-31,60.9341,61.4824,60.5493,61.4246,12902957
2017-09-01,61.3573,61.6507,61.1746,61.3958,6185056
2017-09-05,61.3188,61.6699,61.0399,61.1938,8140442
2017-09-06,61.4535,61.8767,61.3333,61.5593,7148699
2017-09-07,61.6459,61.9633,61.3525,61.8671,6856376
2017-09-08,61.5497,62.0691,61.5016,61.819,7365817
2017-09-11,62.4635,62.8193,62.2134,62.6462,10291625
2017-09-12,62.6366,63.1175,62.6366,62.9636,7354151
2017-09-13,62.8674,63.0502,62.8097,62.954,5628692
2017-09-14,54.8229,55.3171,54.7252,54.9402,9466235
2017-09-15,64.1069,64.3104,63.7,64.0972,14685767
2017-09-18,63.9616,64.3394,63.7533,63.9325,10543216
2017-09-19,63.9616,64.0972,63.6322,63.8938,7009284
2017-09-20,64.01,64.2425,63.1575,63.7387,9450016
2017-09-21,63.7969,63.8744,63.4772,63.5547,5968693
2017-09-22,63.5837,63.6516,63.0364,63.0993,7465921
2017-09-25,63.1284,63.3609,63.0121,63.1478,5573399
2017-09-26,63.0703,63.2834,62.7021,62.7409,6976185
2017-09-27,62.6634,62.7312,62.3146,62.5568,6691948
2017-09-28,62.2661,62.644,62.1693,62.2855,7022769
2017-09-29,62.2855,62.518,61.3554,62.0336,11449603
2017-10-02,62.208,62.6634,61.898,62.5374,6743391
2017-10-03,62.5374,62.5654,61.7914,62.363,6507064
2017-10-04,62.4115,62.6052,62.3243,62.5859,6414724
2017-10-05,62.4115,62.7748,62.3243,62.5859,9150023
2017-10-06,62.6827,62.8765,62.363,62.5374,7488442
2017-10-09,62.6537,62.7215,62.1208,62.3243,5451299
2017-10-10,62.3049,62.4647,62.1935,62.4502,4921049
2017-10-11,62.334,62.334,61.5395,61.7914,10101624
2017-10-12,61.8011,61.9852,61.5734,61.8399,6158543
2017-10-13,61.9561,62.1643,61.4039,61.4136,7341381
2017-10-16,61.5105,61.743,61.2876,61.3651,7449197
2017-10-17,61.2392,61.3361,60.9195,61.2489,7028492
2017-10-18,62.0918,62.1111,61.433,61.5298,7886855
2017-10-19,61.6558,62.0336,61.6073,61.7624,10071235
2017-10-20,61.8592,61.9949,61.588,61.8883,10304201
2017-10-23,62.0336,62.5083,61.3264,61.4233,11582013
2017-10-24,61.3361,61.3361,60.4205,61.1423,10221095
2017-10-25,61.1326,61.1568,60.3866,60.5029,8958463
2017-10-26,60.3479,60.7354,59.878,60.0572,10744312
2017-10-27,58.6621,58.6621,56.0172,56.4241,29561260
2017-10-30,54.0118,54.3024,52.7136,53.0042,38989448
2017-10-31,53.4499,54.0505,53.3142,53.3724,18429170
2017-11-01,53.8083,54.0602,53.5564,53.6146,16418356
2017-11-02,53.7502,53.8374,53.3191,53.6436,12318499
2017-11-03,53.5758,54.5204,53.4644,54.3121,9810781
2017-11-06,54.2927,54.4235,53.8665,54.1377,8718542
2017-11-07,54.1377,54.4332,53.6533,53.8568,14321128
2017-11-08,53.7696,54.9515,53.7308,54.8159,15132913
2017-11-09,54.7868,54.8934,53.881,54.4574,14063780
2017-11-10,54.5349,54.5349,53.4305,53.7502,16743873
2017-11-13,53.5855,53.789,53.3433,53.382,13488250
2017-11-14,53.2561,53.4596,53.043,53.2755,12705755
2017-11-15,53.0526,53.382,52.7039,53.0914,11727413
2017-11-16,53.1495,53.6436,53.043,53.4499,11996332
2017-11-17,53.2852,53.7018,53.043,53.4789,9884066
2017-11-20,52.3551,52.6942,51.9579,52.4132,17178688
2017-11-21,52.6651,53.1398,52.4907,52.5779,13711279
2017-11-22,52.5392,52.8686,52.481,52.6748,7376233
2017-11-24,52.8008,52.9267,52.4229,52.6554,4341296
2017-11-27,52.7136,52.8976,52.5101,52.8492,10100064
2017-11-28,53.2173,53.4063,52.7136,53.2173,12830909
2017-11-29,53.3239,53.9194,53.2173,53.6339,10477609
2017-11-30,53.6921,54.1474,53.3142,53.5467,15400374
2017-12-01,53.6727,54.2298,53.4983,54.128,12092385
2017-12-04,54.1862,54.9419,54.128,54.4671,13440038
2017-12-05,54.3993,54.7481,53.9827,54.0312,11837194
2017-12-06,53.818,54.1862,52.4956,52.6554,20245909
2017-12-07,53.6533,54.099,52.9751,53.0623,16461071
2017-12-08,53.4014,53.8374,52.9558,53.8374,10423372
2017-12-11,53.8374,54.8692,53.8277,54.5834,9770244
2017-12-12,55.0969,55.3875,54.8643,55.2906,13792713
2017-12-13,55.1647,55.5813,54.8789,55.1356,13342531
2017-12-14,55.3017,55.4365,54.6715,54.7252,10137284
2017-12-15,54.9206,55.077,54.4712,54.95,22580659
2017-12-18,55.0281,55.3896,54.9109,54.9304,11595007
2017-12-19,54.8229,55.3171,54.7252,54.9402,9467105
2017-12-20,55.0867,55.1942,54.6959,54.8229,13135880
2017-12-21,54.8718,55.4922,54.7936,55.3017,9961847
2017-12-22,55.2431,55.5264,54.8425,55.0672,11345968
2017-12-26,55.1942,55.3017,54.9793,55.0477,4405328
2017-12-27,55.0965,55.3261,54.9695,55.0477,5660275
2017-12-28,55.0477,55.4971,55.0086,55.3017,5783455
2017-12-29,55.5264,55.6827,54.9793,54.9793,8436625
2018-01-02,55.2919,55.4434,54.7643,54.9304,10073010
2018-01-03,54.9402,54.9695,54.6764,54.8522,10582536
2018-01-04,55.1454,56.1029,55.0867,55.7414,15030206
2018-01-05,56.0736,56.0736,55.2919,55.6827,9499053
2018-01-08,55.8977,55.9368,55.204,55.3603,11109312
2018-01-09,55.5069,55.7902,55.2724,55.4971,10631689
2018-01-10,55.2528,56.054,55.1649,55.9856,9062360
2018-01-11,55.9856,56.2885,55.8488,56.2788,7106259
2018-01-12,56.6207,57.461,56.5621,57.3144,12343067
2018-01-16,60.3336,62.317,59.845,60.6462,48091315
2018-01-17,60.8612,61.1543,60.4704,60.6071,21889883
2018-01-18,60.5778,60.6951,59.2344,59.7278,19905799
2018-01-19,60.0698,60.0698,59.249,59.8743,12161865
2018-01-22,59.5519,60.0307,59.3272,59.845,12247493
2018-01-23,59.6301,60.7048,59.4737,60.2847,11181493
2018-01-24,60.5876,60.6853,59.5617,59.7766,13482091
2018-01-25,59.8939,59.9721,59.5519,59.8939,9402325
2018-01-26,60.0795,60.656,59.933,60.6169,10553733
2018-01-29,60.529,60.7146,60.1479,60.2163,8776884
2018-01-30,59.3956,59.845,59.0536,59.2588,13040748
2018-01-31,59.376,59.4054,57.5489,57.8909,14869040
2018-02-01,57.8127,58.9559,57.715,58.4869,13368001
2018-02-02,58.0472,58.5944,56.9432,57.2167,12264081
2018-02-05,56.9334,57.5978,54.5396,55.1063,19605679
2018-02-06,53.8752,55.4678,53.0885,54.1878,31006169
2018-02-07,53.9045,55.4092,53.8263,54.5982,13692483
2018-02-08,54.7545,55.1649,53.455,53.4746,20869992
2018-02-09,53.885,54.139,52.136,53.6114,18580528
2018-02-12,54.0804,54.608,53.6944,54.1585,12652181
2018-02-13,53.9631,54.0999,53.5137,53.6407,17039352
2018-02-14,53.0642,53.8361,52.9763,53.6407,11446728
2018-02-15,54.1585,54.7057,53.5723,54.7057,10099907
2018-02-16,54.6861,55.6827,54.6373,54.9988,11731298
2018-02-20,54.8327,54.8522,53.6895,53.7189,13466984
2018-02-21,53.7677,54.1683,53.2987,53.2987,10729893
2018-02-22,53.3476,53.8019,53.1717,53.3183,10815808
2018-02-23,53.5625,53.7384,53.3183,53.6114,9064097
2018-02-26,53.7384,54.9011,53.7384,54.7741,12142168
2018-02-27,54.6275,54.6764,53.4453,53.4648,9288581
2018-02-28,53.797,53.9045,52.9665,52.9763,11266789
2018-03-01,53.0154,53.5479,52.1946,52.4682,13023400
2018-03-02,52.2533,53.1815,51.9015,53.1131,8927182
2018-03-05,52.9958,53.455,52.8346,53.1522,13114147
2018-03-06,53.2401,53.455,52.5855,53.0545,9271869
2018-03-07,52.605,53.328,52.5171,53.2206,12230534
2018-03-08,53.2694,53.5625,53.1082,53.5039,7352113
2018-03-09,53.7677,53.924,53.4453,53.8752,8816795
2018-03-12,54.4517,54.8425,53.9725,54.0901,10752860
2018-03-13,54.4614,54.4712,53.7384,54.0999,11710027
2018-03-14,54.4744,54.6272,53.5283,54.0112,11156725
2018-03-15,54.159,54.9278,54.0999,54.4547,10076566
2018-03-16,54.3956,55.0494,54.2872,54.8687,21002481
2018-03-19,54.8588,54.8785,53.4593,53.8437,11824213
2018-03-20,53.9619,54.1492,53.5775,53.8535,7779957
2018-03-21,53.9718,54.4843,53.6317,53.9028,10009250
2018-03-22,53.4593,54.1886,53.2474,53.341,12774780
2018-03-23,53.5381,53.9225,52.5722,52.6412,11840259
2018-03-26,53.272,53.3755,52.2075,53.2621,9970157
2018-03-27,53.2129,53.7697,52.7004,52.9763,16179922
2018-03-28,53.272,54.5385,53.2424,54.297,12693488
2018-03-29,54.5631,54.6124,53.686,53.686,9750495
2018-04-02,53.617,53.8634,52.1977,52.5032,13398012
2018-04-03,52.5722,53.3706,52.0696,53.3114,9244608
2018-04-04,52.7004,53.9028,52.6314,53.755,8902717
2018-04-05,54.2675,54.5829,53.6564,53.7451,12475803
2018-04-06,53.4987,53.7944,52.1395,52.5919,12500816
2018-04-09,54.2083,56.5886,53.7697,55.3516,23237007
2018-04-10,55.8641,55.9726,55.2334,55.6769,12919097
2018-04-11,55.2531,55.7262,55.0855,55.3911,9013186
2018-04-12,55.7853,56.3668,55.3357,55.9233,11938914
2018-04-13,56.2584,56.4999,55.8247,56.3471,10053679
2018-04-16,56.9385,58.3972,56.3471,57.8058,22545797
2018-04-17,58.9787,59.0969,58.1113,58.4169,15334422
2018-04-18,58.5549,58.7618,57.7467,58.0719,11240212
2018-04-19,58.0719,58.4661,57.5791,57.7959,10535516
2018-04-20,58.0128,58.4169,57.8156,57.9832,9646889
2018-04-23,59.1856,59.7474,58.5746,59.3828,19816374
2018-04-24,59.5405,60.122,58.9097,59.2251,13334877
2018-04-25,59.0378,59.0575,58.0768,58.7717,10502346
2018-04-26,58.9589,59.2201,58.2592,58.5549,13500074
2018-04-27,58.4859,58.7914,58.4563,58.614,7666128
2018-04-30,58.7914,59.1166,58.0226,58.0226,13101359
2018-05-01,58.1508,58.3873,56.0613,57.1454,13126703
2018-05-02,56.8498,57.1651,56.1943,56.4752,10421586
2018-05-03,56.3175,56.968,55.5586,56.7019,11321455
2018-05-04,56.2978,57.0715,56.012,56.9187,8730898
2018-05-07,56.9385,57.2637,56.2584,56.5541,10032368
2018-05-08,56.5442,56.5935,55.4453,55.943,10257222
2018-05-09,56.15,57.5692,56.012,57.1159,8286273
2018-05-10,57.2933,57.8846,57.0962,57.2243,8229149
2018-05-11,57.3228,59.1068,57.2933,58.8308,12733280
2018-05-14,58.9097,59.2103,58.5696,58.821,9486705
2018-05-15,58.5844,58.9343,58.0522,58.3479,6821526
2018-05-16,58.4661,59.1462,58.2592,58.89,8531675
2018-05-17,58.683,58.9197,58.0325,58.2197,7845815
2018-05-18,58.1113,58.6041,56.6625,58.2887,9686335
2018-05-21,58.3282,58.4661,57.5495,57.7269,8475404
2018-05-22,57.9339,58.2887,57.5594,57.6087,8928530
2018-05-23,57.6087,58.6337,57.589,58.3183,9900427
2018-05-24,58.3972,58.5549,57.9635,58.2789,6928835
2018-05-25,58.2887,58.6041,57.9931,58.2395,6665374
2018-05-29,57.7368,58.0399,57.1898,57.5594,8805564
2018-05-30,57.8058,58.9392,57.6777,58.8604,11042012
2018-05-31,58.7717,59.0181,58.4563,58.6731,12200427
2018-06-01,59.0279,59.9347,58.7618,59.6883,11027567
2018-06-04,60.664,61.6299,60.2994,61.1273,19475725
2018-06-05,61.1076,61.4328,60.1811,60.5064,12498338
2018-06-06,60.6246,61.0484,60.3431,61.0386,7549781
2018-06-07,61.1076,61.147,60.6246,61.0977,7548573
2018-06-08,61.1174,61.7482,61.078,61.6792,9678232
2018-06-11,61.8665,61.9552,61.1864,61.4328,7197198
2018-06-12,61.4722,61.7088,61.1174,61.5412,7927691
2018-06-13,61.6694,62.0538,61.4525,61.6891,9421514
2018-06-14,61.6494,61.9523,60.8051,61.1428,11954375
2018-06-15,61.1726,61.6791,60.8051,61.6096,16456592
2018-06-18,60.9342,60.9442,60.1794,60.5767,9542463
2018-06-19,60.239,60.8945,60.2191,60.6164,10020558
2018-06-20,60.6462,61.0633,60.378,60.8647,12172750
2018-06-21,60.8548,60.8548,60.3979,60.7654,8908850
2018-06-22,60.8647,61.5004,60.8051,61.0534,12913091
2018-06-25,60.9938,61.2024,60.229,60.6661,10550819
2018-06-26,60.4178,60.6065,60.1992,60.3085,11996088
2018-06-27,60.2886,60.6661,59.3947,59.4742,10447329
2018-06-28,59.7026,60.3383,59.5834,59.8913,10201891
2018-06-29,60.1198,61.0485,59.941,60.2886,14336926
2018-07-02,60.1397,60.1496,59.5139,60.0503,9109096
2018-07-03,60.3284,60.8846,60.1397,60.2986,4872655
2018-07-05,60.9839,61.5351,60.676,61.2223,9081174
2018-07-06,61.3812,62.0814,61.3712,61.7785,8152041
2018-07-09,62.0367,62.2651,61.5798,61.5997,8325032
2018-07-10,61.9672,62.2056,61.6891,61.8778,10750468
2018-07-11,61.7189,61.7785,61.1726,61.4805,5777968
2018-07-12,62.0168,62.4141,61.7189,62.2354,8038579
2018-07-13,61.848,62.6128,61.8281,62.4638,7352346
2018-07-16,62.5035,62.5234,61.9076,62.1658,4513307
2018-07-17,62.1062,62.3843,62.0367,62.1062,5049680
2018-07-18,62.1758,62.5532,61.9473,62.5135,6341189
2018-07-19,62.3148,62.5135,61.8232,62.0864,7282114
2018-07-20,61.6394,62.1162,61.5848,62.0963,6877574
2018-07-23,62.146,62.3545,62.0864,62.2651,6933645
2018-07-24,62.4737,63.0101,62.3943,62.9902,9476153
2018-07-25,63.0001,64.1324,62.9306,64.053,10510629
2018-07-26,64.1721,64.7581,63.5514,63.5762,11142430
2018-07-27,62.0268,63.5861,61.9577,63.0597,8412391
2018-07-30,63.3577,64.4602,63.0995,64.3708,9665171
2018-07-31,64.4602,65.6719,64.4403,65.4236,15443352
2018-08-01,65.2647,65.6918,65.0064,65.0462,7585572
2018-08-02,64.8575,64.9866,64.4304,64.778,6895404
2018-08-03,64.7581,65.5726,64.5297,65.4832,6997416
2018-08-06,65.6421,66.0295,65.2448,65.7712,8206251
2018-08-07,65.6421,66.536,65.5825,66.1288,8083568
2018-08-08,66.0593,66.536,65.7017,66.238,6509331
2018-08-09,66.4168,66.4168,65.3541,65.5527,7151836
2018-08-10,65.4534,66.0493,65.2349,65.6222,7439672
2018-08-13,65.6818,66.4367,65.6222,66.2678,9516805
2018-08-14,66.1586,66.4963,65.806,66.0096,6596089
2018-08-15,66.2778,67.1121,66.0195,66.9134,10891217
2018-08-16,67.1419,68.5324,66.9134,68.3834,18490788
2018-08-17,68.3139,68.7658,68.2344,68.592,7847116
2018-08-20,68.5324,69.7403,68.4629,69.6945,10419716
2018-08-21,69.7342,69.7739,68.6218,68.7012,9815008
2018-08-22,68.7112,68.9297,68.3834,68.5721,5893353
2018-08-23,68.4033,68.7168,68.2741,68.5026,5540734
2018-08-24,68.5324,68.7807,68.299,68.5721,4956590
2018-08-27,68.8701,68.9595,68.0656,68.5225,5083879
2018-08-28,68.3834,68.4033,67.9166,68.1649,5934447
2018-08-29,67.9166,68.4281,67.8073,68.3437,5489684
2018-08-30,68.1947,68.4728,67.8818,68.0755,4744837
2018-08-31,67.8868,68.2841,67.6981,68.1252,5743305
2018-09-04,67.9067,67.9464,67.4696,67.4895,5768324
2018-09-05,67.4895,68.2245,67.4498,68.155,6359094
2018-09-06,68.5026,69.0687,68.3536,68.9098,9637624
2018-09-07,68.6913,69.3071,68.3834,69.1978,9515215
2018-09-10,69.5256,70.1116,69.0588,69.0886,7267875
2018-09-11,69.327,69.327,68.6019,68.6118,5815481
2018-09-12,68.9297,69.5455,68.6516,69.3866,6090009
2018-09-13,69.6845,70.4592,69.1085,70.35,10258190
