date,open,high,low,close,volume
2013-09-16,32.0488,32.2321,31.5785,31.8017,1484993
2013-09-17,31.7619,31.9771,31.6184,31.6503,1638591
2013-09-18,31.5148,32.5589,31.2836,32.5031,2732392
2013-09-19,32.6705,32.9893,32.2241,32.2241,2153493
2013-09-20,32.3596,32.3756,31.7541,31.8177,2433037
2013-09-23,31.8575,32.1086,31.5387,31.5865,3632307
2013-09-24,31.6343,32.1923,31.4829,31.8097,2022728
2013-09-25,32.0488,32.3038,31.7698,32.2799,2163939
2013-09-26,32.8497,33.1009,32.2799,32.7502,3713630
2013-09-27,32.7437,32.7557,32.1432,32.2313,2279212
2013-09-30,31.9911,32.2553,31.6869,31.823,2083972
2013-10-01,31.8951,32.9398,31.847,32.5435,3039862
2013-10-02,32.3834,32.6076,32.2233,32.4635,1501094
2013-10-03,31.911,32.3434,31.7029,31.871,2387953
2013-10-04,31.871,32.1032,31.5908,31.783,1652271
2013-10-07,31.5508,32.0392,31.4788,31.759,875346
2013-10-08,31.839,31.9351,31.3026,31.4307,2135845
2013-10-09,31.5508,31.8827,31.4307,31.5028,1085907
2013-10-10,31.879,32.3514,31.759,32.3114,1416749
2013-10-11,32.0472,32.5515,31.847,32.5435,1240847
2013-10-14,32.4074,32.6956,32.2633,32.6556,1109832
2013-10-15,32.5916,32.8558,32.4234,32.7036,1360333
2013-10-16,32.7357,33.3361,32.7036,33.3121,1455357
2013-10-17,33.6163,33.8725,33.264,33.7844,1222256
2013-10-18,33.9846,34.1127,33.3442,33.5122,1376181
2013-10-21,33.5122,33.5603,32.9758,33.0239,1728921
2013-10-22,32.4234,32.9836,32.3514,32.7837,11618901
2013-10-23,32.7837,33.192,32.6076,33.192,4755741
2013-10-24,33.16,33.3761,32.8878,33.256,2735083
2013-10-25,33.3361,34.4169,33.232,34.4089,2887718
2013-10-28,34.4249,34.593,34.1447,34.4809,2161379
2013-10-29,34.4489,34.4729,34.1407,34.4009,2339680
2013-10-30,34.3368,34.4409,34.0406,34.1207,2126493
2013-10-31,34.0806,34.0967,33.156,33.3441,2445897
2013-11-01,33.3921,33.6563,33.224,33.5843,1828855
2013-11-04,33.5843,33.7364,33.176,33.5042,1580613
2013-11-05,33.4242,33.6403,33.176,33.184,1807807
2013-11-06,33.256,33.7204,33.224,33.5362,1501698
2013-11-07,33.6403,33.6964,33.1119,33.1199,1544514
2013-11-08,32.9438,32.9438,31.9489,32.0712,2338400
2013-11-11,32.1593,32.3754,31.9911,32.0712,1464800
2013-11-12,32.1753,32.1753,31.5188,31.9431,2701854
2013-11-13,31.863,32.2233,31.791,32.1032,1421074
2013-11-14,32.2473,32.7277,32.2233,32.4795,1106455
2013-11-15,32.5435,32.7677,32.4234,32.6796,1246800
2013-11-18,32.7357,32.7677,32.0952,32.1432,1273544
2013-11-19,32.1512,32.3274,31.815,31.815,1597906
2013-11-20,31.847,31.9191,31.0224,31.1425,2766453
2013-11-21,31.2306,31.3587,30.9424,31.1505,1974798
2013-11-22,31.2146,31.2866,30.9264,31.0465,1661516
2013-11-25,31.1825,31.1906,30.6221,30.6462,2425996
2013-11-26,30.5581,30.8303,30.3179,30.3259,8205764
2013-11-27,30.4722,30.979,30.4722,30.8342,2219520
2013-11-29,30.9066,30.9629,30.5848,30.6572,848237
2013-12-02,30.6492,30.7618,30.4079,30.4561,2158941
2013-12-03,30.3676,30.4602,30.2068,30.247,1476059
2013-12-04,30.1344,30.1746,29.5632,29.6597,2657001
2013-12-05,29.6034,29.7884,29.4265,29.5069,2383524
2013-12-06,29.6437,29.9654,29.5552,29.8287,2090202
2013-12-09,29.8448,30.0619,29.716,30.0298,1938595
2013-12-10,30.0459,30.2389,30.03,30.1344,2028089
2013-12-11,30.2631,30.2872,29.698,29.7241,2562422
2013-12-12,29.7563,29.9091,29.4989,29.9091,3082144
2013-12-13,29.9654,30.8101,29.9493,30.7699,3324466
2013-12-16,31.0112,31.1238,30.7216,30.7377,2609957
2013-12-17,30.7457,31.4054,30.6894,31.3812,3031919
2013-12-18,31.5019,32.0811,30.9951,31.9604,3102323
2013-12-19,31.9122,31.9363,30.3837,30.6009,3622682
2013-12-20,36.039,36.2803,35.7976,36.055,1528574
2013-12-23,30.4803,30.6894,30.3676,30.44,1770793
2013-12-24,30.4722,30.794,30.4079,30.6733,874194
2013-12-26,30.8262,30.971,30.5527,30.6733,1430696
2013-12-27,30.6412,30.6733,30.2872,30.4561,1187470
2013-12-30,30.5791,30.6002,30.2558,30.3124,1808911
2013-12-31,30.2801,30.5145,30.1346,30.175,1839371
2014-01-02,30.2154,30.2396,29.9123,30.1911,1632128
2014-01-03,30.2558,30.563,30.2477,30.4983,1230459
2014-01-06,30.6923,30.7566,30.4013,30.66,1896609
2014-01-07,30.9429,30.9995,30.66,30.8136,2024024
2014-01-08,30.8136,30.8297,30.3205,30.4579,1810727
2014-01-09,30.466,30.5711,30.1507,30.5387,1505843
2014-01-10,30.6196,31.2501,30.4821,31.1692,2433732
2014-01-13,31.145,31.242,30.8378,30.951,1507135
2014-01-14,31.0156,31.3834,30.951,31.2743,1304512
2014-01-15,31.3956,31.5249,31.2743,31.339,1367261
2014-01-16,31.2096,31.3228,31.0641,31.1692,2133460
2014-01-17,31.1692,31.2339,30.9914,31.048,1291427
2014-01-21,31.0965,31.7674,31.0965,31.7674,1613604
2014-01-22,31.8967,32.1594,31.6259,31.9614,2340033
2014-01-23,31.9614,31.9937,31.7431,31.9614,1876954
2014-01-24,31.921,32.0665,31.727,31.9614,1887718
2014-01-27,32.0422,32.2686,31.8563,32.0665,2489652
2014-01-28,32.115,32.8182,32.115,32.7778,3127169
2014-01-29,32.5757,32.8182,32.503,32.7697,2017930
2014-01-30,32.8852,33.2506,32.7471,33.1044,1817486
2014-01-31,32.8608,33.2912,32.6659,33.1125,1921987
2014-02-03,33.1288,33.145,32.1585,32.2518,3332069
2014-02-04,32.2356,32.4711,31.8783,32.4142,2588044
2014-02-05,32.3899,32.6741,32.2762,32.6172,257415
2014-02-06,32.6253,32.8771,32.4629,32.6822,1513065
2014-02-07,32.739,32.9583,32.5929,32.9339,1414538
2014-02-10,32.9745,33.3642,32.6497,33.283,1451863
2014-02-11,33.2749,33.4779,33.0882,33.3074,1299020
2014-02-12,33.3805,33.5145,33.1613,33.4454,1672518
2014-02-13,33.4454,33.8514,33.2912,33.6809,1469014
2014-02-14,33.6728,34.0382,33.6322,33.8758,1724703
2014-02-18,34.1356,34.501,33.5835,34.4523,2642021
2014-02-19,34.3873,35.0288,34.3143,34.5822,2721357
2014-02-20,34.704,35.1668,34.6066,34.8421,2367052
2014-02-21,34.9232,35.3374,34.8339,35.248,2132452
2014-02-24,35.248,35.9382,35.2399,35.6621,3192494
2014-02-25,35.7921,36.6284,35.7433,36.0519,3692248
2014-02-26,36.0519,36.1412,35.7596,36.1331,2300318
2014-02-27,35.7191,36.3061,35.6799,36.2164,2175772
2014-02-28,36.2164,36.5915,36.143,36.2164,3030094
2014-03-03,36.1023,36.192,35.6701,35.9147,1797687
2014-03-04,35.9963,36.3469,35.9213,36.143,1480132
2014-03-05,36.1267,36.2653,35.4908,35.5886,1621602
2014-03-06,35.5642,35.6946,34.8304,34.8548,3023821
2014-03-07,34.6591,34.7407,33.6563,33.9091,3587094
2014-03-10,33.4606,33.8275,33.3546,33.7868,2543605
2014-03-11,33.9091,34.3004,33.8887,34.1373,2238914
2014-03-12,34.2026,34.4472,34.17,34.3493,2049253
2014-03-13,34.3575,34.6184,34.1863,34.5042,2054739
2014-03-14,34.4146,34.8344,34.4146,34.5042,1434346
2014-03-17,34.6673,34.8874,34.4635,34.6021,2656272
2014-03-18,34.5124,34.5695,34.2678,34.4553,1700746
2014-03-19,34.333,34.6346,33.2731,33.3546,2424637
2014-03-20,33.3465,33.371,32.8655,33.2079,2329184
2014-03-21,33.3139,33.7166,33.1182,33.5096,3487342
2014-03-24,33.64,33.8194,32.8084,33.2405,2177978
2014-03-25,33.5014,33.7868,33.2242,33.6319,1092063
2014-03-26,33.7297,33.7773,33.2405,33.2487,1610066
2014-03-27,32.8328,33.265,32.3029,33.265,17953979
2014-03-28,33.2588,33.4717,33.1278,33.3735,3662010
2014-03-31,33.439,33.5782,33.0131,33.4636,2918850
2014-04-01,33.5127,33.5373,32.9312,33.1933,2572188
2014-04-02,33.1687,33.5752,33.0868,33.3407,2578947
2014-04-03,33.3243,33.3325,32.937,33.0868,1751911
2014-04-04,33.2342,33.5373,33.0459,33.3653,2459055
2014-04-07,33.3571,34.217,33.2916,33.9959,3578959
2014-04-08,33.6601,34.3726,33.6437,34.3317,2882030
2014-04-09,34.3399,34.5938,33.9468,34.2416,2400711
2014-04-10,34.2662,34.5692,33.6847,33.8403,1652151
2014-04-11,33.7093,34.0532,33.6519,33.9304,2152853
2014-04-14,34.0205,34.1638,33.7551,33.9304,1770531
2014-04-15,34.0205,34.9377,33.9304,34.864,2795003
2014-04-16,34.9623,35.0933,34.6101,35.036,1933238
2014-04-17,35.036,35.036,34.1843,34.3071,2047252
2014-04-21,34.3317,34.5282,34.1679,34.3399,1263792
2014-04-22,34.4709,34.7903,34.3153,34.7412,1771517
2014-04-23,34.7166,34.8394,34.5119,34.6265,1118359
2014-04-24,34.6838,35.0851,34.6019,35.0032,1461362
2014-04-25,34.9295,35.2981,34.9132,35.1261,1978208
2014-04-28,35.1998,35.7895,35.1588,35.6912,2565163
2014-04-29,35.7097,35.8166,35.4753,35.6932,1915726
2014-04-30,35.7014,35.8166,35.3889,35.7343,2557363
2014-05-01,35.8659,35.8742,34.9859,35.537,1997590
2014-05-02,35.282,35.6028,35.0682,35.537,2080002
2014-05-05,35.3478,35.8906,35.1915,35.7919,1502368
2014-05-06,35.7508,35.7508,35.4712,35.6028,2191982
2014-05-07,35.5863,36.3841,35.5287,36.3594,2160316
2014-05-08,36.3512,36.4663,36.0715,36.1784,1767490
2014-05-09,36.1538,36.31,35.8084,36.0057,1656780
2014-05-12,36.1538,36.5814,36.0962,36.2525,2356740
2014-05-13,36.2936,36.565,35.7837,35.9235,1531157
2014-05-14,35.9482,36.1867,35.5945,35.8577,1407623
2014-05-15,35.6768,35.8166,35.2697,35.5123,2314789
2014-05-16,35.4547,36.088,35.3643,36.088,1441229
2014-05-19,35.9728,36.0962,35.759,35.9153,1177115
2014-05-20,35.9811,36.1867,35.8248,35.9235,1417844
2014-05-21,35.9235,36.0485,35.3643,35.6521,2276032
2014-05-22,35.6521,35.745,35.2491,35.2738,2296291
2014-05-23,35.3971,35.6274,35.2327,35.3067,1814275
2014-05-27,35.4465,35.6356,35.2195,35.4876,1739973
2014-05-28,35.5041,35.6685,35.1175,35.3457,2823521
2014-05-29,35.5729,36.056,35.449,35.8124,2056984
2014-05-30,35.7793,35.9528,35.6307,35.7628,2367231
2014-06-02,35.7546,36.0023,35.4985,35.9198,1506355
2014-06-03,35.7959,35.9404,35.6802,35.7463,1144207
2014-06-04,35.7215,35.7793,35.5233,35.5976,1171328
2014-06-05,35.6802,36.4731,35.5976,36.4318,2126286
2014-06-06,36.4896,36.597,36.2584,36.3988,1522921
2014-06-09,35.7607,36.4649,35.6224,35.7298,1654911
2014-06-11,35.7133,35.895,35.6059,35.8785,1870427
2014-06-12,35.738,36.0932,35.672,36.0849,1589008
2014-06-13,36.1262,36.2749,35.8289,36.2171,2114020
2014-06-16,36.2171,36.4892,35.8206,35.9032,2360803
2014-06-17,35.8785,36.2666,35.7711,36.0767,1783354
2014-06-18,36.0684,36.5722,35.9363,36.4896,1343109
2014-06-19,36.5144,36.7539,36.3658,36.7457,1493128
2014-06-20,36.7044,37.1174,36.5227,37.1174,2425769
2014-06-23,37.0843,37.1504,36.7168,36.7457,1655591
2014-06-24,36.7126,36.7622,36.4401,36.6466,1555312
2014-06-25,36.6135,36.7952,36.4731,36.597,1321563
2014-06-26,36.597,36.6301,36.2501,36.4318,1661695
2014-06-27,36.4341,36.7866,36.2683,36.6747,1594046
2014-06-30,36.683,36.8654,36.3844,36.8405,1830506
2014-07-01,36.8986,37.2552,36.6332,37.2055,2224934
2014-07-03,36.9401,36.9401,36.4756,36.683,812751
2014-07-07,36.6498,37.0064,36.5585,36.9401,1452682
2014-07-08,36.8654,37.2967,36.7659,37.1059,1626230
2014-07-09,37.1557,37.4045,36.9069,37.1723,1530931
2014-07-10,36.8654,37.5123,36.8488,37.4377,1462027
2014-07-11,37.4377,37.4874,37.1474,37.4128,870125
2014-07-14,37.6036,37.6865,37.2801,37.6284,1052125
2014-07-15,37.6367,37.8358,37.4998,37.6367,1312945
2014-07-16,37.6699,37.7031,37.2901,37.5455,1504240
2014-07-17,37.4377,37.728,37.4045,37.5704,1128211
2014-07-18,37.6948,38.0182,37.5787,37.9768,1034798
2014-07-21,37.8689,37.9104,37.5787,37.8026,1077035
2014-07-22,37.8358,37.9021,37.4957,37.5206,1531646
2014-07-23,37.6118,37.728,37.3255,37.5621,2639784
2014-07-24,37.7363,37.786,36.741,37.0893,2532925
2014-07-25,37.0645,37.2303,36.9069,37.0645,1176512
2014-07-28,37.0313,37.4045,36.9898,37.1308,1668526
2014-07-29,37.1889,37.3216,36.9649,36.9649,1615263
2014-07-30,37.0172,37.1671,35.9263,36.1761,2573486
2014-07-31,36.0262,36.1199,35.8263,35.8513,2103429
2014-08-01,35.793,35.9346,35.6181,35.793,2583837
2014-08-04,35.8597,36.1761,35.5932,36.0845,1469755
2014-08-05,36.0845,36.3177,35.9096,36.0179,1386219
2014-08-06,35.9346,36.2011,35.9263,36.0928,1256276
2014-08-07,36.2427,36.326,36.0429,36.2677,1008805
2014-08-08,36.2594,36.5334,36.1428,36.4759,1049213
2014-08-11,36.4593,36.6575,36.2011,36.3843,1623238
2014-08-12,36.4676,36.5675,36.2594,36.4509,1349674
2014-08-13,36.9382,37.1255,36.5758,37.1088,1049432
2014-08-14,37.0838,37.2504,36.984,37.1005,826559
2014-08-15,37.2504,37.3503,37.0339,37.2337,1215788
2014-08-18,37.4669,37.5918,37.1505,37.5752,1261918
2014-08-19,37.6252,37.7334,37.4919,37.6835,821993
2014-08-20,37.6501,37.8833,37.5502,37.8334,1030086
2014-08-21,37.8084,37.9999,37.6835,37.8084,797346
2014-08-22,37.8,37.8833,37.342,37.5502,1070109
2014-08-25,37.7084,37.7167,37.2836,37.3254,1110569
2014-08-26,37.3254,37.417,37.2004,37.2754,1094707
2014-08-27,37.2046,37.2254,37.1921,37.0815,185518
2014-08-28,37.1196,37.3789,37.0695,37.2785,890087
2014-08-29,37.2451,37.4165,37.1865,37.3956,1090084
2014-09-02,37.3705,37.4792,37.1113,37.3203,1751288
2014-09-03,37.3203,37.4959,37.1823,37.2785,1435909
2014-09-04,37.4708,37.5461,37.0611,37.312,1856364
2014-09-05,37.337,37.9308,37.2409,37.9224,1680403
2014-09-08,37.7886,37.8973,37.3872,37.613,2483591
2014-09-09,37.6297,37.6465,37.0527,37.3203,1862353
2014-09-10,37.3538,37.3538,36.8027,36.8353,1627409
2014-09-11,36.7935,36.9436,36.4507,36.5845,2250208
2014-09-12,36.5426,36.5926,35.4472,35.5392,2750211
2014-09-15,35.5726,35.8486,35.2632,35.4472,1456137
2014-09-16,35.4974,36.1162,35.4974,35.8151,2949396
2014-09-17,35.8737,36.1245,35.5475,35.5726,1956759
2014-09-18,35.5977,35.7482,34.9204,34.9204,2281334
2014-09-19,35.0876,35.2632,34.8368,35.2214,2240245
2014-09-22,35.1712,35.1963,34.8117,34.82,1966612
2014-09-23,34.7699,34.8786,34.335,34.3768,2157581
2014-09-24,34.4354,34.6444,34.1762,34.1929,1869314
2014-09-25,34.243,34.3434,33.9169,34.243,1720270
2014-09-26,34.2263,34.6946,34.0591,34.6444,1350160
2014-09-29,34.4287,34.5547,34.2103,34.5211,1383576
2014-09-30,34.4623,34.5631,34.1767,34.2607,1560471
2014-10-01,34.2607,34.6219,34.1935,34.4119,2814872
2014-10-02,34.3447,34.6513,34.2187,34.4119,1630802
2014-10-03,34.5799,34.6051,34.2355,34.5211,1346995
2014-10-06,34.5463,34.8905,34.5211,34.6723,1542861
2014-10-07,34.6639,34.8906,34.5127,34.5295,1242899
2014-10-08,34.5883,35.4282,34.5463,35.4198,2263465
2014-10-09,35.4702,36.1421,35.445,35.9153,2818674
2014-10-10,35.9657,36.3689,35.655,35.7222,2242366
2014-10-13,35.7474,36.1085,35.4912,35.7726,2036583
2014-10-14,35.8734,36.7553,35.8314,36.6965,1039945
2014-10-15,36.6245,36.8897,36.3857,36.7805,1015349
2014-10-16,37.1752,37.192,36.4151,36.5705,1775883
2014-10-17,37.1752,37.192,36.4151,36.5705,1777930
2014-10-20,36.5705,37.0912,36.5369,37.0912,1193859
2014-10-21,37.1836,37.4104,36.9569,37.3264,1345709
2014-10-22,37.3768,37.7128,37.3012,37.5952,1360079
2014-10-23,37.78,37.906,37.4986,37.7548,2591121
2014-10-24,37.7632,37.8556,37.4969,37.7716,1265907
2014-10-27,37.78,38.074,37.7213,38.0152,1590853
2014-10-28,37.9648,38.0152,37.6372,37.9228,1856438
2014-10-29,39.989,40.2158,39.485,39.7034,2141177
2014-10-30,38.8966,39.3772,38.8629,38.9303,1879249
2014-10-31,39.3435,39.4236,38.4792,38.8123,3806746
2014-11-03,38.9135,39.6302,38.8966,39.5711,2243541
2014-11-04,39.4194,40.1951,39.3856,40.1614,2341633
2014-11-05,40.1445,40.3722,39.6386,39.8578,2141177
2014-11-06,37.7245,40.1108,39.4025,39.5121,1803132
2014-11-07,39.5206,39.7651,39.2592,39.5206,1516968
2014-11-10,39.5037,39.8325,39.4109,39.7145,1631339
2014-11-11,39.7145,39.7145,39.3182,39.4868,1337935
2014-11-12,39.5543,39.5543,38.905,39.0737,1837995
2014-11-13,38.8966,39.3772,38.8629,38.9303,1879249
2014-11-14,38.9219,39.0821,38.3401,38.534,2613386
2014-11-17,38.5509,38.9683,38.4919,38.846,1826979
2014-11-18,38.8882,39.1833,38.8207,38.8797,1683237
2014-11-19,38.8797,39.0526,38.6352,38.7027,1653791
2014-11-20,38.6521,38.8966,38.5467,38.7195,1281967
2014-11-21,38.8966,38.8966,38.4666,38.7532,1251945
2014-11-24,38.8713,39.2086,38.8376,39.0484,1093380
2014-11-25,39.1411,39.2592,38.8882,39.1158,1443969
2014-11-26,39.2539,39.3385,39.0507,39.3047,1255892
2014-11-28,39.3724,39.827,39.2454,39.3301,582475
2014-12-01,39.3301,39.7872,38.9601,39.3301,1726102
2014-12-02,39.2031,39.4317,38.9491,39.3724,1698067
2014-12-03,39.3555,39.4317,39.1184,39.1777,1010548
2014-12-04,39.2285,39.3132,38.9661,39.0761,1463634
2014-12-05,39.0169,39.0169,38.018,38.5259,2744906
2014-12-08,38.5259,38.9212,38.3227,38.492,2261184
2014-12-09,38.3396,38.6275,38.272,38.5597,1547688
2014-12-10,38.5682,38.8983,38.4497,38.7121,1275534
2014-12-11,38.8983,39.4994,38.7798,39.3639,1464585
2014-12-12,39.3216,39.766,39.2793,39.4147,1739694
2014-12-15,39.5079,39.6179,39.1692,39.347,2112538
2014-12-16,39.3639,39.5544,38.9068,39.4147,1890607
2014-12-17,39.5163,40.1089,39.5163,40.0412,800801
2014-12-18,40.6422,40.6422,40.3375,40.6422,1761507
2014-12-19,40.6676,41.1925,40.6422,41.1417,3528080
2014-12-22,41.1247,41.7258,41.0401,41.7004,1338091
2014-12-23,41.7512,41.7512,41.3194,41.5565,2270304
2014-12-24,41.5565,41.9374,41.5226,41.8358,1187737
2014-12-26,41.9374,42.0559,41.5903,41.7427,1292618
2014-12-29,41.7512,41.9628,41.6411,41.9628,1441748
2014-12-30,41.9062,42.1271,41.4474,41.5579,1285372
2014-12-31,41.6088,41.9487,40.5297,40.5382,1302016
2015-01-02,40.7677,41.3539,40.7422,41.3115,1226391
2015-01-05,41.269,42.2376,41.0056,42.1611,1816344
2015-01-06,42.1951,42.807,42.1017,42.7134,1939975
2015-01-07,42.7984,43.8605,42.4415,43.4102,2808156
2015-01-08,42.7984,43.1892,42.0337,42.2631,3728411
2015-01-09,41.7873,42.8494,41.7873,42.7644,2679808
2015-01-12,42.6539,43.4017,42.5945,43.3592,2301502
2015-01-13,43.3677,43.7755,43.1587,43.2572,1393905
2015-01-14,42.5945,43.971,42.467,43.9285,2712121
2015-01-15,43.852,44.4553,43.835,44.3618,2881238
2015-01-16,44.2089,44.8971,44.1496,44.8461,3083883
2015-01-20,44.8291,45.135,44.6252,44.8121,2820211
2015-01-21,44.6932,44.9991,44.4128,44.8206,2117414
2015-01-22,44.9141,45.186,44.8376,44.9566,156756
2015-01-23,45.1605,45.7878,45.135,45.4919,2373220
2015-01-26,45.6788,46.588,45.6108,46.4945,3580542
2015-01-27,46.3671,46.8344,46.1971,46.7749,2853014
2015-01-28,46.8259,47.1912,46.6474,46.8174,2645567
2015-01-29,46.7739,47.1831,46.1012,47.0126,3511974
2015-01-30,46.9529,47.1064,46.0662,46.305,9969242
2015-02-02,46.2112,46.2709,44.7021,45.6485,3216875
2015-02-03,45.4012,45.495,44.83,45.4438,2366724
2015-02-04,45.2392,45.2989,44.5742,45.0346,2482629
2015-02-05,45.0602,45.5291,44.9408,45.4865,1389845
2015-02-06,45.2477,45.2477,43.031,43.3464,3576832
2015-02-09,43.2356,43.7642,42.9372,43.6193,2320490
2015-02-10,43.5852,44.0114,43.328,43.7301,1869341
2015-02-11,43.8665,44.2033,43.372,43.7812,1668328
2015-02-12,43.7812,44.3354,43.3464,44.0711,1827107
2015-02-13,43.9518,44.3866,43.4999,44.344,1948240
2015-02-17,44.3354,44.9578,43.9773,44.1479,2672428
2015-02-18,44.1649,45.0857,43.6789,44.8896,1971024
2015-02-19,44.1393,44.9749,43.696,43.8154,1800402
2015-02-20,44.1121,44.4547,43.5766,44.3099,2037926
2015-02-23,44.4207,44.7959,44.1138,44.6935,1839053
2015-02-24,44.4378,44.4548,43.2782,43.372,2745514
2015-02-25,43.8495,44.1905,43.2526,43.5681,2287788
2015-02-26,43.5673,43.7555,42.2665,42.6259,2686316
2015-02-27,42.7971,43.0538,42.1586,42.8399,2345712
2015-03-02,42.9768,43.8839,42.9083,43.3448,1692222
2015-03-03,43.088,43.4389,42.8227,43.2592,1155114
2015-03-04,43.1565,43.4988,43.0366,43.0795,1069188
2015-03-05,43.2421,43.7983,43.2164,43.4731,1238982
2015-03-06,42.6002,42.6002,41.2909,41.7017,3348238
2015-03-23,45.8265,46.2801,45.6211,45.7495,1319789
2015-03-24,45.6382,45.681,44.945,44.9964,1318417
2015-03-25,45.0905,45.3045,44.115,44.2775,1231498
2015-03-26,44.0722,44.5086,43.7127,43.8582,1376375
2015-03-27,43.9438,44.0978,43.4303,43.6956,1506270
2015-03-30,44.6658,44.7259,44.0731,44.348,3718072
2015-03-31,44.6572,44.9407,44.1418,44.3222,2029690
2015-04-01,44.3394,44.6057,43.867,44.2191,1685202
2015-04-02,44.1504,44.8548,44.1504,44.7088,1406939
2015-04-06,44.5541,45.2327,43.4289,43.4289,39928586
2015-04-07,43.6522,44.1848,43.4804,43.5062,5817395
2015-04-08,43.6522,43.824,43.2743,43.4289,2408171
2015-04-09,43.4461,43.6522,42.2092,42.3982,3267979
2015-04-10,42.7761,43.0853,42.4067,42.527,1528171
2015-04-13,42.4497,42.7074,42.1834,42.192,1452463
2015-04-14,42.3466,43.051,42.3466,42.8964,2149555
2015-04-15,42.8362,42.9736,42.3638,42.3896,1729948
2015-04-16,42.3466,42.6215,42.0975,42.4067,949870
2015-04-17,42.5442,42.7589,42.003,42.3123,1248445
2015-04-20,42.3896,42.5442,42.1491,42.1748,1340001
2015-04-21,42.192,42.6644,42.192,42.3982,1496273
2015-04-22,42.381,42.819,42.3466,42.5356,1196278
2015-04-23,42.4411,42.6129,42.2607,42.4239,962239
2015-04-24,42.4669,42.716,42.3123,42.4067,885259
2015-04-27,42.3638,42.5699,42.0288,42.2865,1236533
2015-04-28,42.1061,42.3208,41.9257,42.1147,1282917
2015-04-29,41.8297,42.166,40.8726,41.2347,2306570
2015-04-30,41.2347,41.2347,39.9154,40.5018,3139896
2015-05-01,40.4242,40.9933,40.3638,40.5277,1799488
2015-05-04,40.7605,41.1399,40.5277,40.6742,1964566
2015-05-05,40.5449,40.6053,39.6222,39.7257,2080780
2015-05-06,39.7085,39.9758,39.2084,39.5964,2704170
2015-05-07,39.6654,40.394,39.5015,40.1051,2168589
2015-05-08,40.5621,41.2692,40.5104,40.8295,1869218
2015-05-11,40.7001,41.1313,39.993,40.1224,2070346
2015-05-12,39.9154,40.5018,39.5791,40.4242,1257335
2015-05-13,40.7691,40.9933,39.8163,39.8982,1652355
2015-05-14,40.1138,40.795,40.1051,40.795,1398636
2015-05-15,40.9502,41.4848,40.8898,41.3037,1471423
2015-05-18,41.0536,41.3037,40.8381,40.9502,1527085
2015-05-19,40.7777,41.1019,40.726,40.795,1087333
2015-05-20,40.795,41.1097,40.6587,40.8295,839827
2015-05-21,40.8898,40.9674,40.3121,40.5104,1010892
2015-05-22,40.3379,40.7001,40.2466,40.4932,828081
2015-05-26,40.4845,40.4845,39.8378,40.0017,1852219
2015-05-27,39.9844,40.1655,39.7516,40.0448,1865716
2015-05-28,40.0444,40.1309,39.7153,39.8625,1682402
2015-05-29,39.8972,39.9578,39.421,39.4556,2932277
2015-06-01,39.5768,39.9058,39.4296,39.75,1681535
2015-06-02,39.6807,39.7586,39.3084,39.6547,1654979
2015-06-03,39.4643,39.5941,39.066,39.1785,2310742
2015-06-04,39.1439,39.6374,38.7196,39.4816,2878224
2015-06-05,38.9188,39.6374,38.659,39.1785,4113890
2015-06-08,39.2478,39.8019,39.2478,39.4989,2290925
2015-06-09,39.395,39.6461,38.9188,38.9707,1533694
2015-06-10,39.1006,39.4556,38.6764,39.1006,1620131
2015-06-11,39.4123,39.6894,39.2651,39.4729,1448380
2015-06-12,39.4123,39.5508,39.1872,39.2565,1367686
2015-06-15,39.2997,39.4123,39.0054,39.0227,1292076
2015-06-16,39.1266,39.3101,38.9881,39.2305,1377513
2015-06-17,39.2911,39.8322,39.0487,39.7586,1765250
2015-06-18,39.8712,40.737,39.8712,40.382,1983660
2015-06-19,40.3128,40.3561,39.8885,39.8885,3243262
2015-06-22,39.9837,40.105,39.3517,39.3863,1704402
2015-06-23,39.4123,39.4123,38.8928,39.0573,1461330
2015-06-24,39.0746,39.2305,38.711,38.7716,1194308
2015-06-25,38.7716,39.0054,38.2954,38.4599,2018824
2015-06-26,38.4686,38.9967,38.356,38.9101,1436271
2015-06-29,39.1623,39.3362,38.558,38.5797,1703879
2015-06-30,38.7797,39.1188,38.5623,38.5971,1915898
2015-07-01,38.6667,39.2145,38.4319,39.2145,1965956
2015-07-02,39.5623,40.1622,39.3492,39.4666,1698913
2015-07-06,39.2753,40.0144,39.2753,39.9361,1886189
2015-07-07,40.11,40.5274,39.8666,40.3013,583846
2015-07-08,40.1274,40.3709,40.0405,40.2318,1615462
2015-07-09,40.4318,40.5883,39.8335,39.9535,1727870
2015-07-10,40.084,40.5448,39.9144,40.31,1684821
2015-07-13,40.3709,40.7361,39.8144,40.1361,1722236
2015-07-14,40.2839,40.4318,40.0057,40.3883,1173175
2015-07-15,40.2492,40.6578,40.2057,40.6144,1170661
2015-07-16,40.7361,41.0578,40.5448,41.0404,1282309
2015-07-17,,41.1361,40.7187,40.8578,1229513
2015-07-20,40.7448,41.0317,40.5709,41.0317,945934
2015-07-21,40.9795,41.2143,40.8665,40.8665,1536598
2015-07-22,40.9187,41.2143,40.9187,41.1013,1058355
2015-07-23,41.0404,41.0839,40.4144,40.6752,1410603
2015-07-24,40.6057,41.0969,40.5796,40.9361,1450877
2015-07-27,40.8578,41.3013,40.8578,41.0578,1571062
2015-07-28,41.11,41.4583,40.9274,41.2317,1694541
2015-07-29,41.2143,41.6838,40.9535,41.5882,1681746
2015-07-30,41.466,41.8937,41.2128,41.562,1620065
2015-07-31,41.8151,42.304,41.7715,42.1556,3067060
2015-08-03,42.1469,42.627,42.0323,42.5834,1575257
2015-08-04,42.3389,42.6707,41.9374,42.0247,1526581
2015-08-05,41.9374,42.0945,41.0731,41.3612,1869211
2015-08-06,41.3088,41.5969,40.9858,41.4922,1807337
2015-08-07,41.466,41.5183,41.0033,41.431,1861649
2015-08-10,41.5794,41.5882,41.1648,41.3437,1172043
2015-08-11,41.2041,41.754,41.1517,41.4223,1363511
2015-08-12,41.3612,41.6144,41.1561,41.5707,1769222
2015-08-13,41.6231,41.7017,41.1168,41.5009,1642943
2015-08-14,41.5183,41.7715,41.2652,41.7628,1191641
2015-08-17,41.562,41.981,41.4834,41.9199,1274596
2015-08-18,41.8064,42.304,41.7715,42.304,1228340
2015-08-19,42.0683,42.1643,41.5969,41.9461,1445384
2015-08-20,41.7453,42.4699,41.6406,41.9897,1561400
2015-08-21,41.9897,42.1993,41.5629,41.5707,2205138
2015-08-24,40.593,41.1866,39.8073,39.9994,3713079
2015-08-25,40.6017,40.9422,38.8034,38.8209,2889060
2015-08-26,38.978,39.7549,38.8209,39.6938,2467322
2015-08-27,40.2176,40.7763,39.7462,40.4708,1877007
2015-08-28,40.3743,40.5146,39.9799,40.2692,1641458
2015-08-31,40.2692,40.3217,39.1559,39.1735,2133751
2015-09-01,38.8404,39.0639,38.2443,38.516,2283557
2015-09-02,38.9456,39.0201,38.408,38.7702,1804720
2015-09-03,38.9456,39.0069,38.5774,38.7176,1312299
2015-09-04,38.4459,38.481,37.8236,38.0252,1853029
2015-09-08,38.9543,38.9543,38.3933,38.8404,1944766
2015-09-09,39.1735,39.2173,38.4678,38.5423,2588678
2015-09-10,38.5686,39.1121,38.4985,38.7439,1464293
2015-09-11,38.7089,39.5241,38.6475,39.5153,1381005
2015-09-14,39.603,39.8396,39.4627,39.752,1411948
2015-09-15,39.8747,40.2429,39.5153,40.1464,1436994
2015-09-16,40.05,40.6724,39.9711,40.5672,1233794
2015-09-17,40.5847,40.9353,40.3305,40.8389,827728
2015-09-18,41.6015,42.3405,40.6461,41.6278,3630951
2015-09-21,41.7593,42.1538,41.6629,41.7856,1714673
2015-09-22,41.5402,41.8557,41.1545,41.321,1922318
2015-09-23,41.3736,41.7418,41.2246,41.4876,1234687
2015-09-24,41.4437,41.5708,40.9266,41.172,1421145
2015-09-25,41.2772,41.5402,41.0581,41.2509,1581455
2015-09-28,41.1457,41.3736,40.4795,40.8827,1920159
2015-09-29,40.848,41.4993,40.8128,41.4641,1491519
2015-09-30,41.6577,42.0978,41.2924,41.7105,2145068
2015-10-01,41.9129,41.9129,41.3408,41.6753,1426138
2015-10-02,40.6719,40.7423,40.179,40.4871,11939969
2015-10-05,40.5751,41.4641,40.5575,41.4641,4673016
2015-10-06,41.4025,41.5081,41.2264,41.3584,2032329
2015-10-07,41.5609,41.7457,41.2176,41.7457,2525290
2015-10-08,41.7633,42.045,41.4817,41.9394,2330838
2015-10-09,41.9658,42.0714,41.6489,42.045,1353737
2015-10-12,42.045,42.8459,41.8337,42.3882,2807115
2015-10-13,42.2474,42.5731,42.1418,42.3178,1306980
2015-10-14,42.3442,42.5203,41.8337,41.9658,1613895
2015-10-15,42.089,42.7315,42.0362,42.6963,1444616
2015-10-16,42.8283,43.0483,42.7403,42.7843,3772121
2015-10-19,43.0307,43.0748,42.7052,43.0219,1359134
2015-10-20,42.9339,43.154,42.7843,43.0924,1509897
2015-10-21,43.2772,43.3564,42.9691,43.0219,1316218
2015-10-22,43.4532,44.4478,43.3916,44.1749,2537663
2015-10-23,44.0957,44.3598,43.5676,43.9197,1655174
2015-10-26,43.9813,44.2366,43.7261,44.2278,1565733
2015-10-27,44.263,44.4038,43.8405,44.2806,1937086
2015-10-28,44.0957,44.8703,43.7877,44.5358,2914756
2015-10-29,43.3701,44.174,43.3347,43.8913,3167790
2015-10-30,43.8736,44.1652,43.6528,43.697,3956760
2015-11-02,43.6439,44.7041,43.5291,44.6953,2284109
2015-11-03,44.2005,44.5274,44.0062,44.2977,1611687
2015-11-04,44.174,44.3419,43.5026,43.6881,1880842
2015-11-05,43.6528,44.2182,43.3966,44.174,1818778
2015-11-06,43.3436,43.3612,41.6473,41.9388,3896576
2015-11-09,41.8858,41.8858,40.6224,40.9847,2676922
2015-11-10,41.0465,41.5854,40.9847,41.4706,2323375
2015-11-11,41.5501,42.142,41.3557,41.9123,1658757
2015-11-12,41.8416,42.2304,41.6738,41.9123,2010424
2015-11-13,41.9653,42.2745,41.5413,41.9123,2188022
2015-11-16,41.9035,42.5749,41.7445,42.5749,2162767
2015-11-17,42.8576,42.9946,42.2304,42.7958,2287178
2015-11-18,42.8311,43.5026,42.7853,43.4849,2428076
2015-11-19,43.6881,43.6945,43.3877,43.6174,1886616
2015-11-20,43.6528,44.2094,43.6174,43.8825,3169478
2015-11-23,44.015,44.3066,43.7765,43.9267,1523853
2015-11-24,43.7411,43.803,43.2464,43.6881,1558786
2015-11-25,43.6881,43.909,43.5998,43.8295,1565815
2015-11-27,43.8033,44.3975,43.7944,44.3709,1015016
2015-11-30,44.4596,44.7789,43.8299,44.0073,4731874
2015-12-01,44.3354,44.9438,44.1581,44.8942,2302847
2015-12-02,44.5128,44.7611,43.9363,43.9984,2102305
2015-12-03,43.8299,44.025,43.1204,43.2623,2538611
2015-12-04,43.5195,44.413,43.4583,44.3532,2045125
2015-12-07,44.3354,44.7523,44.1758,44.5838,2005672
2015-12-08,44.5128,44.7789,44.3532,44.4685,2861678
2015-12-09,44.1137,44.4419,43.759,44.0073,1673312
2015-12-10,43.963,44.2734,43.3865,43.4042,1928365
2015-12-11,43.3421,43.4747,42.8987,43.147,2328586
2015-12-14,43.0761,43.7944,43.0202,43.759,2071128
2015-12-15,44.1492,44.6813,44.0162,44.2911,2213680
2015-12-16,44.5217,45.4653,44.433,45.4352,2309485
2015-12-17,45.4174,45.4795,45.0982,45.2312,2450253
2015-12-18,45.3021,45.9496,45.0095,45.3021,5277305
2015-12-21,45.7456,45.7456,45.0095,45.3021,1521090
2015-12-22,45.515,45.923,45.3731,45.3908,1364078
2015-12-23,45.6126,45.719,45.382,45.6835,1776960
2015-12-24,45.6126,45.6835,45.337,45.4973,662569
2015-12-28,45.4618,45.9052,45.3021,45.8964,1094633
2015-12-29,46.152,46.3398,45.8786,46.2777,1517884
2015-12-30,46.3587,46.6525,46.154,46.2163,1290431
2015-12-31,46.2875,46.421,45.878,45.9581,1242807
2016-01-04,45.522,45.7712,44.9256,45.5576,2030684
2016-01-05,45.7445,46.6703,45.5843,46.5456,1944173
2016-01-06,46.1629,46.8216,46.1629,46.8216,1769017
2016-01-07,46.0027,46.7237,45.0769,46.0116,2145952
2016-01-08,46.0739,46.4032,45.4864,45.5487,1581869
2016-01-11,45.7445,46.7682,45.6644,46.5278,2261085
2016-01-12,,,,46.6703,0
2016-01-13,46.6881,47.3245,46.0205,46.1451,2608699
2016-01-14,46.2697,46.9818,45.9759,46.51,2713424
2016-01-15,46.0027,46.5456,45.4775,46.4566,3405973
2016-01-19,46.7415,47.4269,46.5545,47.1865,1986730
2016-01-20,46.9195,47.0378,45.3617,46.1718,2865638
2016-01-21,46.5456,47.4447,46.0372,46.7504,1897595
2016-01-22,47.1687,48.2458,47.0708,48.1034,1816632
2016-01-25,48.1746,48.7087,47.7224,47.9699,2039114
2016-01-26,48.1123,49.2784,48.1123,49.136,2639664
2016-01-27,48.949,49.6166,48.4505,49.0291,2403473
2016-01-28,49.001,49.5996,48.7955,49.0189,3329935
2016-01-29,49.403,49.9212,49.1439,49.8408,4807631
2016-02-01,49.6353,51.1004,49.3064,50.6091,3282785
2016-02-02,50.6805,51.297,50.3143,51.1183,2182932
2016-02-03,51.288,51.9759,51.0468,51.2344,3066904
2016-02-04,51.1093,51.7258,50.7967,51.3506,2953926
2016-02-05,50.9753,51.1406,49.5906,49.9301,3205727
2016-02-08,49.7693,50.2964,48.9742,50.1802,2651720
2016-02-09,50.0284,50.6984,49.6978,50.35,2910862
2016-02-10,50.4751,51.3684,50.4572,50.7252,2441050
2016-02-11,50.6627,53.7984,50.6436,53.709,6346606
2016-02-12,53.5125,54.7275,53.2892,54.0306,5543483
2016-02-16,53.8966,53.9681,52.4941,53.441,3678689
2016-02-17,53.6018,54.111,53.0301,53.4321,2853910
2016-02-18,53.4232,54.234,53.173,54.0038,2205550
2016-02-19,53.8341,54.7989,53.642,53.7984,2994413
2016-02-22,54.1021,54.2182,53.1283,53.3517,2415854
2016-02-23,53.4053,53.6733,52.8067,53.3428,2124894
2016-02-24,53.182,53.8341,52.9497,53.182,1579133
2016-02-25,53.3874,54.1647,53.2981,53.709,1939747
2016-02-26,53.6539,53.6539,52.4439,52.5514,2491845
2016-02-29,52.4439,53.0803,52.123,52.4708,3739448
2016-03-01,52.8114,53.1744,52.2108,52.7307,2150653
2016-03-02,52.408,52.9727,52.1302,52.9189,1674647
2016-03-03,53.0086,53.1878,52.2467,52.901,1551051
2016-03-04,52.8652,52.8652,51.8165,52.1302,1880715
2016-03-07,52.0764,52.1302,51.5207,51.7627,2237539
2016-03-08,51.7627,52.9234,51.5413,52.5604,2209222
2016-03-09,52.4439,53.394,52.3274,52.8203,1573319
2016-03-10,52.9189,53.3537,52.6276,53.1072,1890125
2016-03-11,53.5822,53.6808,52.9369,53.4478,1594873
2016-03-14,53.2058,53.6136,53.1251,53.5553,1214955
2016-03-15,53.5105,54.0349,53.3394,53.6539,1554598
2016-03-16,53.4836,54.6757,52.7935,54.5682,2086878
2016-03-17,54.5951,55.4331,54.2277,55.1866,1823388
2016-03-18,55.088,55.1418,54.4606,54.8909,3018742
2016-03-21,54.6309,54.6668,53.9318,54.4696,1611891
2016-03-22,54.4517,55.1239,54.3351,54.5682,1094245
2016-03-23,54.3531,55.3749,54.3491,55.0432,1353660
2016-03-24,55.0791,55.3031,54.8909,55.088,1277377
2016-03-28,55.1329,55.7961,55.0701,55.6707,1290106
2016-03-29,55.7603,56.3698,55.5093,56.3518,1753704
2016-03-30,56.4499,56.5038,55.6316,55.9373,1546679
2016-03-31,56.0362,56.4139,55.9014,56.2071,2227114
2016-04-01,55.9104,56.1441,55.6226,55.9733,2039819
2016-04-04,55.9823,56.4678,55.4428,55.8924,1768569
2016-04-05,55.7485,56.5757,55.7485,56.5218,1719761
2016-04-06,56.4409,56.6836,56.1891,56.6207,1658709
2016-04-07,56.4409,56.8365,56.2251,56.333,1322054
2016-04-08,56.333,56.8905,56.2071,56.6477,893896
2016-04-11,56.6117,57.0883,56.5578,56.6477,1153776
2016-04-12,56.7556,57.4749,56.7106,57.3131,2140252
2016-04-13,57.4479,57.4479,56.0093,56.7196,1559779
2016-04-14,56.4409,56.6117,56.0902,56.3509,1129912
2016-04-15,56.3509,56.7196,56.1082,56.6567,1147259
2016-04-18,56.6746,56.8635,56.1711,56.7825,977917
2016-04-19,56.7825,57.1332,56.4948,56.9084,1147238
2016-04-20,56.9534,57.0973,55.2809,55.3529,1478645
2016-04-21,55.209,55.2899,52.9251,53.078,3517262
2016-04-22,53.3297,53.9771,53.087,53.3837,1650007
2016-04-25,53.3837,54.2379,53.1859,54.2379,1422248
2016-04-26,54.2559,54.5616,53.3118,53.5905,2098570
2016-04-27,53.8872,53.8872,52.5475,53.4556,2123574
2016-04-28,53.1209,53.7163,53.0758,53.6532,1505563
2016-04-29,53.4096,53.59,52.9495,53.4096,2300816
2016-05-02,53.581,54.4922,53.4953,53.9599,1384433
2016-05-03,53.9599,54.799,53.8878,54.7719,1599079
2016-05-04,54.5193,56.7928,54.4471,56.2786,2570112
2016-05-05,55.9808,56.9281,55.9447,56.3056,1934033
2016-05-06,56.3507,57.3612,56.062,57.3612,1544531
2016-05-09,57.5145,57.8303,56.9823,57.7762,1454893
2016-05-10,57.8935,58.055,57.5236,57.9386,1260463
2016-05-11,57.7942,57.9115,56.2154,57.0815,1742205
2016-05-12,57.1086,58.2363,56.6484,57.8664,1599206
2016-05-13,57.6499,57.7401,56.865,57.3973,1060764
2016-05-16,57.3882,57.8393,57.0454,57.6589,1184572
2016-05-17,57.4424,57.4424,56.1613,56.3868,2069775
2016-05-18,56.1974,56.3868,54.2793,54.9162,2590781
2016-05-19,53.0938,53.3735,52.7781,53.2743,6157478
2016-05-20,53.5269,53.5269,52.6157,53.4006,3345647
2016-05-23,53.4547,53.6261,53.0127,53.2743,2302230
2016-05-24,53.5449,53.7957,53.3915,53.6171,2345301
2016-05-25,53.6351,53.6667,52.5976,53.572,1901464
2016-05-26,53.59,54.0772,53.4096,54.0417,1628751
2016-05-27,54.2218,54.5658,53.9141,54.2218,2032317
2016-05-31,54.2671,54.5658,53.4796,54.3938,3807729
2016-06-01,54.258,55.1361,54.2399,55.0818,2037941
2016-06-02,54.8826,55.7471,54.8374,55.7154,1684875
2016-06-03,56.159,57.2814,56.1228,57.0732,2577621
2016-06-06,57.0189,57.2796,56.3672,56.6387,1528130
2016-06-07,56.9556,57.2905,56.8017,57.2,1665437
2016-06-08,57.1547,57.5168,56.9646,57.4896,1138912
2016-06-09,57.4896,57.9422,57.3629,57.9151,1399692
2016-06-10,57.6707,58.4673,57.6526,58.2047,1515598
2016-06-13,58.3767,58.7832,57.9513,58.0418,1627716
2016-06-14,58.1052,58.4944,57.7521,58.241,1841526
2016-06-15,58.2138,58.4899,57.7069,58.2953,1296007
2016-06-16,58.5306,58.9199,58.2591,58.9018,1351359
2016-06-17,58.7207,58.8022,57.3085,58.0418,3598993
2016-06-20,58.2047,58.3134,57.4172,57.7069,1813049
2016-06-21,57.7974,58.3617,57.7612,58.2319,1094874
2016-06-22,58.2319,58.3496,57.9151,58.2591,1075908
2016-06-23,57.8608,58.3858,57.8246,58.3858,853670
2016-06-24,57.6345,60.2234,57.6345,59.5173,3211436
2016-06-27,59.3453,60.7656,59.3453,60.6217,2793837
2016-06-28,60.8842,61.7351,60.2596,61.735,1791237
2016-06-29,62.0887,62.5153,61.6438,62.1522,1788382
2016-06-30,62.1976,62.9693,61.7618,62.9693,2395655
2016-07-01,63.0964,63.6229,62.6969,63.2235,1823883
2016-07-05,63.6229,64.9121,63.2689,64.8849,2399494
2016-07-06,64.7214,65.2934,64.2403,64.6488,1806540
2016-07-07,64.549,64.549,62.3519,62.7695,3695924
2016-07-08,62.9965,63.514,61.9616,63.4686,1957776
2016-07-11,63.4777,64.1586,62.8603,64.0224,1370233
2016-07-12,63.9588,64.0224,63.0147,63.6139,2065477
2016-07-13,63.8953,64.3765,63.6411,64.2766,1290357
2016-07-14,63.9225,63.9407,63.1418,63.859,1488885
2016-07-15,63.7773,63.977,62.8059,63.405,1634928
2016-07-18,63.5049,63.8046,63.3597,63.5322,1021778
2016-07-19,63.6139,63.8136,63.2507,63.8136,1359723
2016-07-20,63.8317,63.9044,63.1599,63.3687,1032665
2016-07-21,63.1509,63.6229,62.5607,63.6229,1192141
2016-07-22,63.5412,64.3128,63.4595,63.9225,1546055
2016-07-25,64.0678,64.2312,63.3687,63.8408,1290547
2016-07-26,63.977,63.9952,63.3869,63.6502,944986
2016-07-27,63.6865,63.7046,62.6606,63.1781,1716131
2016-07-28,63.2869,64.6526,63.1321,64.3522,1685422
2016-07-29,64.5069,65.5176,64.5069,65.0714,3925010
2016-08-01,65.0896,65.8226,65.0714,65.6814,1643027
2016-08-02,65.3173,65.4993,63.5418,63.7421,2088274
2016-08-03,63.6693,63.7421,62.5676,62.9864,2319155
2016-08-04,63.1321,63.8787,63.0957,63.3142,1167209
2016-08-05,63.3142,63.3142,62.1397,62.422,1394176
2016-08-08,62.3309,62.686,61.6845,62.3127,1058527
2016-08-09,62.3855,62.9136,61.7945,62.7588,969828
2016-08-10,62.8499,63.2505,62.8044,63.0138,1117053
2016-08-11,63.0138,63.0274,61.7573,62.076,1113369
2016-08-12,62.34,63.1868,62.1397,62.4948,1126099
2016-08-15,62.6132,62.6314,61.8484,61.903,947781
2016-08-16,61.6389,61.6389,60.4371,60.947,2034129
2016-08-17,61.0836,61.5661,60.3279,61.557,1721016
2016-08-18,61.6389,61.9394,61.4205,61.7391,910268
2016-08-19,61.6298,61.9121,60.5619,60.8195,1382912
2016-08-22,60.9743,61.6389,60.865,61.4204,966310
2016-08-23,61.5479,61.7755,61.2383,61.2657,697624
2016-08-24,61.3203,61.3931,60.2277,60.7103,1066044
2016-08-25,60.8195,61.3658,60.4963,60.7012,1573742
2016-08-26,60.9288,61.2839,59.5358,59.8453,1280557
2016-08-29,60.0911,60.8103,60.0911,60.4377,1143593
2016-08-30,60.3295,60.4938,59.3706,59.7633,1274981
2016-08-31,59.7176,60.1514,59.3158,60.0281,2778851
2016-09-01,59.9094,60.366,59.6445,60.0372,1453949
2016-09-02,60.2747,61.8729,60.2564,60.5213,1191578
2016-09-06,60.7313,61.3523,60.2016,61.3523,1301001
2016-09-07,61.4162,62.1697,61.3523,62.0921,1453271
2016-09-08,61.672,61.9825,61.3067,61.5715,2731549
2016-09-09,60.8044,60.8044,58.6765,58.6856,2219853
2016-09-12,58.5669,60.2655,58.4573,59.8546,2017047
2016-09-13,59.4071,59.5897,57.8363,58.0281,2022954
2016-09-14,58.3112,58.9505,58.1651,58.439,1349921
2016-09-15,58.4025,58.8591,58.2199,58.7496,1324361
2016-09-16,58.6308,59.0235,58.3568,58.8774,2471765
2016-09-19,58.9048,59.5989,58.9048,59.5623,1366777
2016-09-20,59.8454,60.1834,59.6902,59.9002,1189466
2016-09-21,59.9459,61.0875,59.3797,60.9688,1458175
2016-09-22,61.4345,62.3295,61.4345,61.9916,1508128
2016-09-23,61.7359,62.3478,61.156,62.1468,1078285
2016-09-26,61.9368,63.0007,61.6994,62.7222,1582039
2016-09-27,62.9962,63.1423,62.0838,62.2656,1218002
2016-09-28,62.3295,62.914,62.0281,62.8501,1095783
2016-09-29,62.5588,62.5954,61.478,61.9176,1245711
2016-09-30,62.3389,62.6,61.2948,61.3039,1470509
2016-10-03,61.0749,61.1391,59.8293,59.8842,1560872
2016-10-04,59.8384,59.8751,57.8966,58.3363,1825823
2016-10-05,58.5103,58.5744,56.6601,56.7151,2059616
2016-10-06,56.5502,56.9349,55.4694,56.4128,2078618
2016-10-07,56.77,57.4387,55.8907,56.2937,1446180
2016-10-10,56.4678,57.1465,56.4586,56.8891,975145
2016-10-11,56.6876,56.7883,55.6022,55.6984,1705030
2016-10-12,55.8449,56.7151,55.7625,56.4861,1254565
2016-10-13,56.2937,57.8966,56.0464,57.4387,1867957
2016-10-14,57.2646,57.6585,56.5503,56.825,893870
2016-10-17,56.9715,57.686,56.8525,57.3837,1180139
2016-10-18,57.7134,57.8692,57.0814,57.3929,1227765
2016-10-19,57.4661,57.4845,56.9217,57.283,1119943
2016-10-20,57.3837,57.5119,56.7334,57.2005,947101
2016-10-21,56.8616,57.2097,56.3853,56.6968,1009262
2016-10-24,57.0265,57.6035,56.3579,57.0631,1301796
2016-10-25,56.8708,57.3837,56.5044,57.0631,980508
2016-10-26,56.825,56.8799,55.6526,56.1563,1082755
2016-10-27,56.0922,56.1472,53.9123,54.1413,2095008
2016-10-28,53.9501,54.5843,53.6744,53.7938,1801449
2016-10-31,53.9777,54.4648,52.4612,54.4464,2963993
2016-11-01,54.2901,54.2901,52.645,53.0678,2574337
2016-11-02,53.1137,53.1781,52.1027,52.1211,1919134
2016-11-03,52.0752,52.2774,51.6983,51.9741,1589380
2016-11-04,52.1946,53.1137,51.7167,52.7369,1889294
2016-11-07,53.3251,53.803,52.9575,53.7203,1637023
2016-11-08,53.7755,54.3545,53.5825,54.1707,1510894
2016-11-09,53.6284,53.6284,50.8712,51.1193,3615437
2016-11-10,51.1193,51.1193,48.454,49.8877,4744772
2016-11-11,49.9888,51.0734,49.7866,49.9888,2299129
2016-11-14,49.7958,51.3123,49.0054,51.1193,2315094
2016-11-15,51.2664,52.3049,50.669,51.1653,1981533
2016-11-16,51.5237,51.7167,50.8436,51.6064,1573639
2016-11-17,51.6064,51.88,50.3749,50.43,1699447
2016-11-18,50.4668,50.9171,50.237,50.6873,3055490
2016-11-21,50.7793,51.3399,50.4851,50.6322,1518997
2016-11-22,50.9447,52.1119,50.5954,52.02,1676534
2016-11-23,51.4778,52.02,51.1745,51.5789,1270981
2016-11-25,51.7719,52.4979,51.6983,51.9924,709371
2016-11-28,51.9097,52.6358,51.4961,51.7902,1666376
2016-11-29,51.7921,52.8067,51.7921,52.3363,1413465
2016-11-30,51.5984,51.7275,50.7314,51.1372,2691467
2016-12-01,50.7406,50.9043,49.1725,49.3386,2695486
2016-12-02,49.5323,51.5615,49.5323,50.4823,2987406
2016-12-05,50.6114,50.6114,49.4123,50.4823,2247390
2016-12-06,50.5008,50.9896,50.1964,50.3532,1829424
2016-12-07,50.4731,51.4785,50.4731,51.1464,2222299
2016-12-08,50.8236,51.1833,50.2148,51.0357,2035491
2016-12-09,51.1003,51.5431,51.0173,51.294,1158519
2016-12-12,51.1925,51.9581,51.1649,51.8198,1384627
2016-12-13,52.2348,52.4193,51.4508,51.7552,1630912
2016-12-14,52.0596,52.1334,50.1687,50.4085,2355999
2016-12-15,50.4362,50.5469,49.6522,49.8459,2151250
2016-12-16,50.224,51.3678,50.224,51.1649,3159783
2016-12-19,51.6353,53.0558,51.5615,52.8805,2250379
2016-12-20,52.9635,53.1111,51.912,52.3548,1682859
2016-12-21,52.4654,52.9635,51.8751,51.8751,1476192
2016-12-22,51.829,52.0043,51.3309,51.9581,1086053
2016-12-23,52.1242,52.2441,51.58,52.0319,1382895
2016-12-27,52.0596,52.2994,51.746,52.0504,1024321
2016-12-28,52.1334,52.2164,51.377,51.7368,1776993
2016-12-29,51.7946,52.7139,51.4706,52.4241,1239498
2016-12-30,52.4519,53.5165,52.2945,53.211,2024048
2017-01-03,53.4517,53.4794,52.6833,53.2202,1973258
2017-01-04,53.3683,54.1089,53.1369,54.0164,1808582
2017-01-05,53.8405,55.84,53.5072,55.4698,2276476
2017-01-06,55.2105,55.8308,54.794,55.3957,1856824
2017-01-09,54.8958,55.5068,54.794,54.9884,1938349
2017-01-10,54.9791,55.2291,54.2478,54.3311,1753437
2017-01-11,54.2385,54.9143,54.146,54.183,1575322
2017-01-12,54.146,55.2476,53.9293,55.1457,1409692
2017-01-13,55.1272,55.1272,54.3866,54.6829,1046568
2017-01-17,54.7847,55.84,54.7755,55.6642,1465159
2017-01-18,55.6642,55.8308,55.2059,55.3402,1908317
2017-01-19,55.1365,55.2383,54.5348,54.7847,1442260
2017-01-20,54.8588,55.3679,54.8032,55.2568,1562299
2017-01-23,55.3124,56.09,55.2143,55.7845,1790643
2017-01-24,55.6456,55.8586,55.1272,55.3402,1593266
2017-01-25,55.4512,55.6271,54.8032,55.192,1641644
2017-01-26,55.1365,55.5716,55.0439,55.3679,1794259
2017-01-27,55.4975,55.5808,54.7434,55.0254,1933983
2017-01-30,54.9701,55.4253,54.6821,55.0816,2200928
2017-01-31,55.1652,55.7365,54.8958,55.3975,4800729
2017-02-01,55.2116,55.4904,53.9296,54.1711,5653126
2017-02-02,54.1711,55.3324,54.1247,55.2024,1634646
2017-02-03,55.6297,56.1128,55.2395,55.574,1770376
2017-02-06,55.6576,55.8248,55.2675,55.574,1271071
2017-02-07,55.574,56.2057,55.574,55.8805,1690443
2017-02-08,55.7969,56.5959,55.7133,56.2057,1360234
2017-02-09,56.2057,56.6238,55.992,56.28,891123
2017-02-10,56.1128,57.144,56.0106,56.9303,1091259
2017-02-13,56.8096,57.3902,56.6702,57.2462,1167322
2017-02-14,57.079,57.2183,55.9549,56.4658,1602293
2017-02-15,56.1964,56.2522,55.4718,56.0385,1436414
2017-02-16,56.1128,56.5401,56.0385,56.28,1629417
2017-02-17,56.3079,56.8932,56.1407,56.4844,1192045
2017-02-21,56.5309,57.3516,56.2986,57.1533,1256262
2017-02-22,57.209,57.4413,56.5123,56.8003,1132470
2017-02-23,57.3391,58.4632,56.8792,58.3982,1287423
2017-02-24,58.3889,58.7048,58.008,58.7048,1658220
2017-02-27,58.7332,59.2831,58.2392,58.8544,1846341
2017-02-28,57.1486,57.5401,57.0833,57.1206,9907137
2017-03-01,56.9155,57.046,56.2351,56.4868,3427983
2017-03-02,56.4495,57.1113,56.319,56.4495,2902958
2017-03-03,56.4868,56.6545,55.2284,56.2444,2932032
2017-03-06,56.058,56.058,54.9301,55.6199,2482838
2017-03-07,55.4335,55.8249,55.2936,55.7783,1424573
2017-03-08,55.2004,55.3589,53.709,53.7836,2528472
2017-03-09,53.7929,54.5013,53.0865,53.2709,1941443
2017-03-10,53.5879,54.3056,53.2243,53.4946,1630708
2017-03-13,53.5412,54.2776,53.504,53.8955,1797666
2017-03-14,53.7556,54.0446,53.4853,53.8209,1698575
2017-03-15,54.1937,55.6385,54.1471,55.2097,2304753
2017-03-16,55.2097,55.5826,54.9674,55.0513,1659110
2017-03-17,55.2377,55.8809,54.9767,55.797,4593957
2017-03-20,55.7877,55.9834,55.3962,55.4241,1122690
2017-03-21,55.6758,56.263,55.4624,55.9648,1913187
2017-03-22,56.2817,56.3283,55.2843,55.8716,1504874
2017-03-23,55.564,56.3096,55.4894,55.6292,1856761
2017-03-24,55.6292,56.0021,55.1818,55.4241,1896848
2017-03-27,55.3962,56.3003,54.8583,55.0606,1996955
2017-03-28,55.0233,55.1538,54.1844,54.8928,2278939
2017-03-29,54.9021,55.2097,54.6132,55.0606,1541795
2017-03-30,55.0148,55.2206,54.4161,55.127,1284483
2017-03-31,55.0615,55.7819,55.0615,55.6883,2074651
2017-04-03,55.4731,55.9175,55.1457,55.8567,1556286
2017-04-04,55.8473,56.287,55.6228,55.866,1347170
2017-04-05,55.9409,56.0999,55.6228,55.8941,988181
2017-04-06,55.8193,56.5115,55.5573,56.287,1347004
2017-04-07,56.3244,56.8202,56.3244,56.3712,1284110
2017-04-10,56.3525,56.9044,56.1196,56.8296,885379
2017-04-11,56.9138,57.6715,56.7455,57.447,1788663
2017-04-12,57.0821,57.6154,57.0634,57.4189,1077133
2017-04-13,57.2973,57.7314,57.2599,57.4844,1117159
2017-04-17,57.7463,57.9147,57.5125,57.8212,1350004
2017-04-18,57.7089,58.1299,57.6621,58.055,1437066
2017-04-19,58.027,58.2889,57.8165,57.9802,1201246
2017-04-20,57.8679,58.0878,57.5666,58.0644,1328508
2017-04-21,57.9428,58.0925,57.7276,57.765,1183637
2017-04-24,57.8492,57.9989,55.9035,56.2028,2854695
2017-04-25,56.3151,56.3151,55.7538,55.9689,1862948
2017-04-26,56.0064,56.0718,55.0428,55.389,1824185
2017-04-27,55.5214,56.0753,55.3388,55.8124,1435653
2017-04-28,55.7279,55.7279,54.7234,54.7797,1489272
2017-05-01,54.9205,55.5307,54.5168,55.2209,1499499
2017-05-02,55.3336,55.7561,55.2444,55.4275,1562823
2017-05-03,55.5401,55.5965,54.0756,54.2915,1813505
2017-05-04,54.0193,54.0193,51.5596,52.3669,5064350
2017-05-05,52.5829,53.2494,52.3857,53.1555,2056269
2017-05-08,53.3621,53.578,52.1322,52.2731,2410188
2017-05-09,52.3388,52.489,51.1746,51.5971,2434211
2017-05-10,51.7286,52.7049,51.6065,52.1792,2783267
2017-05-11,51.8975,51.9351,50.7766,51.1089,2557712
2017-05-12,51.1934,51.5971,51.1371,51.3812,1704730
2017-05-15,51.4,52.0477,50.9493,50.9775,2096193
2017-05-16,51.0057,51.2779,49.6162,49.9542,3003396
2017-05-17,50.0669,50.7146,49.757,50.4705,2394920
2017-05-18,50.4236,50.7522,50.0387,50.5269,2143575
2017-05-19,50.5738,51.0808,50.0669,50.8836,1872793
2017-05-22,50.9493,51.5596,50.7616,50.8179,1656041
2017-05-23,50.8273,51.2123,50.6489,50.8273,1502034
2017-05-24,50.9118,51.4938,50.8555,51.3155,1391354
2017-05-25,51.4,52.0381,51.3436,51.7755,1579816
2017-05-26,51.7849,52.2918,51.6253,51.8037,2049552
2017-05-30,51.9177,52.3229,51.7858,51.8329,1450228
2017-05-31,51.8329,52.224,51.6444,51.7669,1646464
2017-06-01,51.7481,52.4926,51.39,52.3418,1698667
2017-06-02,52.7282,53.4821,52.7282,53.3219,2352328
2017-06-05,53.124,53.19,52.0214,52.1816,1630471
2017-06-06,52.1816,52.502,51.7481,52.2287,1568752
2017-06-07,52.2287,52.7188,52.1156,52.4172,1615483
2017-06-08,52.502,52.6528,51.6444,51.7292,2008533
2017-06-09,51.7009,52.2664,51.1355,52.125,1726999
2017-06-12,52.2664,52.9732,52.1533,52.9072,1378960
2017-06-13,52.7941,53.1805,52.5868,53.0392,1026977
2017-06-14,53.5481,53.812,53.2371,53.6706,1465162
2017-06-15,53.3596,53.9439,53.2182,53.6329,1227603
2017-06-16,53.7931,53.8308,53.0015,53.4067,2831773
2017-06-19,53.4067,53.4727,52.7282,52.9826,1802953
2017-06-20,52.9449,53.1285,52.6811,52.9355,2455498
2017-06-21,52.9732,53.0769,51.9186,52.2287,2212549
2017-06-22,52.1156,52.2193,51.5125,51.6632,2009475
2017-06-23,51.6727,52.1627,51.5973,52.0968,2428114
2017-06-26,52.4078,53.991,52.4078,53.2277,2400304
2017-06-27,53.1334,53.2088,52.5397,52.7659,1922544
2017-06-28,52.8978,53.6894,52.6811,53.5386,1526161
2017-06-29,53.3414,53.3982,52.4428,52.7549,1628634
2017-06-30,52.9063,53.1333,51.9793,52.1968,1449800
2017-07-03,52.386,53.2374,52.386,53.0198,1030164
2017-07-05,52.982,53.1617,51.9887,52.2252,1586170
2017-07-06,52.036,52.2158,51.2036,51.2036,1596401
2017-07-07,51.3455,51.7522,51.0239,51.7333,1048127
2017-07-10,51.7617,51.7901,50.6928,50.7023,1702231
2017-07-11,50.9198,51.1752,50.4563,50.9766,1182231
2017-07-12,51.3644,52.1212,51.336,51.7144,1372628
2017-07-13,51.7901,52.2252,51.6104,52.1495,948533
2017-07-14,52.3955,53.3225,52.3955,53.209,1594003
2017-07-17,53.1617,53.6251,53.0671,53.4266,1388752
2017-07-18,53.6063,53.8617,53.4076,53.5212,1160374
2017-07-19,53.5401,54.2022,53.4266,54.0698,980824
2017-07-20,54.1455,54.6988,53.954,54.2211,1013372
2017-07-21,54.2968,54.4701,53.7482,54.2117,859255
2017-07-24,54.2022,54.2968,53.6133,54.0793,1379914
2017-07-25,53.9468,54.382,53.5874,54.3252,1632552
2017-07-26,54.3063,54.836,54.1644,54.7887,1545670
2017-07-27,54.7036,55.3089,54.1076,54.8171,2026877
2017-07-28,54.9609,55.247,54.2204,54.3059,1418678
2017-07-31,54.3153,54.4198,53.8691,54.1729,3398729
2017-08-01,53.9546,54.5937,53.8881,54.5432,1694663
2017-08-02,54.6666,54.6666,53.8596,54.2109,1186811
2017-08-03,54.0305,54.3059,53.8406,54.1539,959518
2017-08-04,53.9546,54.5937,53.8881,54.5432,1694663
2017-08-07,54.5432,54.7426,54.1065,54.5432,998213
2017-08-08,54.3723,54.6999,54.0495,54.4008,1202857
2017-08-09,54.3913,54.904,54.022,54.5717,1640607
2017-08-10,54.5717,54.6571,54.135,54.135,965042
2017-08-11,53.9546,54.1369,53.3944,53.6223,1274561
2017-08-14,53.8691,54.6856,53.5748,54.4198,1534274
2017-08-15,54.1634,54.2679,53.5084,54.0875,2152785
2017-08-16,54.1824,55.0464,54.135,54.6951,2132702
2017-08-17,54.7046,54.847,54.2774,54.2964,1564626
2017-08-18,54.2299,54.2774,53.6944,53.9736,1444570
2017-08-21,54.059,55.1033,53.9261,54.9514,1571492
2017-08-22,54.8755,55.0274,54.2869,54.4767,1053048
2017-08-23,54.5052,55.1888,54.3248,55.1603,955086
2017-08-24,55.2458,55.4926,54.5622,54.5907,1014952
2017-08-25,54.8755,55.4167,54.6666,55.1033,913351
2017-08-28,55.0844,55.1318,54.1967,54.3153,1031785
2017-08-29,54.5717,54.7616,54.1112,54.2489,1088591
2017-08-30,54.2122,54.3313,53.9072,54.2408,1221776
2017-08-31,54.4123,55.0984,54.3265,54.8506,2771715
2017-09-01,54.8125,55.5463,54.7172,55.1365,1093585
2017-09-05,55.47,55.632,55.0984,55.5749,1855588
2017-09-06,55.613,56.5183,55.4033,55.4415,2450003
2017-09-07,55.7083,56.2419,55.4415,55.9465,1146454
2017-09-08,56.0418,56.928,55.8553,56.5373,1265527
2017-09-11,56.7851,57.2234,56.4516,56.6517,1193237
2017-09-12,56.5373,57.0996,56.0132,56.1466,1270059
2017-09-13,56.2705,56.4039,55.6987,56.0227,1332253
2017-09-14,56.0418,56.604,55.8167,56.604,2432000
2017-09-15,56.7756,57.0996,56.1466,57.0805,2195735
2017-09-18,57.0043,57.1663,56.4897,56.7565,1284752
2017-09-19,56.7756,56.8422,55.9084,56.0323,1650124
2017-09-20,56.1657,56.3658,55.0793,55.5939,2133639
2017-09-21,55.6511,55.8989,55.1842,55.1842,1276063
2017-09-22,55.3176,55.7464,54.6982,54.8602,1104032
2017-09-25,54.9745,55.3938,54.5552,55.2032,4461724
2017-09-26,55.2032,55.8512,55.0031,55.5939,1306566
2017-09-27,55.3176,55.3271,54.0788,54.6124,1569296
2017-09-28,54.5743,55.1365,54.4218,55.0984,1085954
2017-09-29,54.9951,55.0908,54.3734,54.6986,2754406
2017-10-02,54.6986,54.9282,54.4117,54.5839,2169719
2017-10-03,54.6126,54.8517,54.3495,54.5647,1448710
2017-10-04,54.6317,54.7178,54.3065,54.6604,1302819
2017-10-05,54.8134,54.9186,54.4605,54.5456,1820491
2017-10-06,54.3448,54.3448,53.4744,54.0196,2045214
2017-10-09,54.0769,54.2491,53.9144,54.0674,984381
2017-10-10,54.2395,54.5743,53.79,54.1439,1531592
2017-10-11,54.1343,54.5065,54.0865,54.2013,1624015
2017-10-12,54.1822,54.45,53.9909,54.2778,1374024
2017-10-13,54.45,54.7178,54.2491,54.3926,1410007
2017-10-16,54.383,54.536,54.0961,54.4213,1247940
2017-10-17,54.3352,54.6805,54.2395,54.603,1258031
2017-10-18,54.5169,54.6508,53.6274,53.8378,1693817
2017-10-19,54.0196,54.1439,53.5892,53.7613,1459719
2017-10-20,53.8474,53.8474,53.0249,53.1205,1690234
2017-10-23,53.3309,53.3309,52.8718,53.0536,1162706
2017-10-24,53.0249,53.1492,52.3936,52.5658,1948100
2017-10-25,52.4319,52.5467,51.7146,52.078,2221908
2017-10-26,52.3458,52.5801,51.0259,51.112,3000380
2017-10-27,51.0546,51.7337,50.7007,51.5806,1812196
2017-10-30,51.6667,52.2789,51.5998,51.8102,1707567
2017-10-31,51.8505,51.9466,51.0824,51.5337,2176120
2017-11-01,51.6201,52.0714,51.2648,51.7833,1252457
2017-11-02,51.9082,53.31,51.889,52.7339,1964266
2017-11-03,52.6187,53.2908,52.3883,52.9836,1554535
2017-11-06,53.0316,53.7421,52.974,53.0604,1560610
2017-11-07,53.0508,54.2222,53.0508,53.9822,1692744
2017-11-08,54.059,54.5744,53.7901,53.9342,1172191
2017-11-09,53.7709,54.6063,53.6365,54.0206,987306
2017-11-10,53.7997,54.4431,53.6269,54.0302,1300744
2017-11-13,54.251,54.5295,54.107,54.4143,1555888
2017-11-14,54.4239,54.7023,54.0686,54.6351,1496755
2017-11-15,54.5103,54.952,54.2222,54.2222,1594670
2017-11-16,54.2126,54.5911,53.8766,54.2414,1205318
2017-11-17,54.1358,54.4719,54.0782,54.2318,1078104
2017-11-20,54.2414,54.3759,53.7901,53.8862,1035701
2017-11-21,54.011,54.3471,53.7709,54.2894,1303771
2017-11-22,54.1262,54.3855,54.011,54.0494,1218904
2017-11-24,54.1358,54.2702,53.9246,54.1454,416510
2017-11-27,54.155,54.2894,53.8766,53.9822,1448402
2017-11-28,53.9534,53.9822,53.5607,53.6557,1384374
2017-11-29,53.5213,53.6749,52.9932,53.262,2076268
2017-11-30,53.3989,53.6206,53.1001,53.3025,2003322
2017-12-01,53.4664,53.8182,53.0905,53.5435,2938413
2017-12-04,53.5531,53.8712,53.2832,53.3411,2506698
2017-12-05,53.3893,53.6582,53.1589,53.2254,1736125
2017-12-06,53.3025,53.476,52.4302,52.7242,2296532
2017-12-07,52.676,53.1579,52.6374,52.8495,1631520
2017-12-08,52.9459,53.5724,52.9459,53.5724,1357109
2017-12-11,53.6013,53.7941,53.3314,53.4182,2125268
2017-12-12,53.6592,53.823,53.2736,53.7266,1500242
2017-12-13,53.8712,55.0953,53.8712,54.8158,2421727
2017-12-14,54.5652,55.1146,54.5556,54.9122,2045250
2017-12-15,55.1821,55.4905,55.0117,55.3267,5255390
2017-12-18,55.5098,56.1267,55.4231,55.7122,1813922
2017-12-19,55.5291,55.6737,54.2375,54.3146,1538792
2017-12-20,54.3628,54.5555,53.5965,53.6013,1552140
2017-12-21,53.3989,53.8905,53.1724,53.2543,1219543
2017-12-22,53.5869,53.8808,53.3025,53.8327,985432
2017-12-26,53.9098,54.4495,53.7266,54.1989,947552
2017-12-27,54.3435,54.9218,54.0929,54.6712,1261947
2017-12-28,54.6905,55.0857,54.4688,55.0568,1309017
2017-12-29,55.0785,55.3107,54.8463,55.1656,1453157
2018-01-02,55.1656,55.2043,54.5851,54.7786,1620992
2018-01-03,54.856,54.9818,54.4884,54.6335,1544022
2018-01-04,54.4497,54.498,53.4532,53.4532,1879218
2018-01-05,53.5015,53.5693,53.1242,53.4145,1425638
2018-01-08,53.4532,53.5886,53.2307,53.4822,1098171
2018-01-09,53.4145,53.4725,52.4276,52.4857,1923662
2018-01-10,52.2438,52.2825,51.0829,51.3344,3655705
2018-01-11,51.5182,52.002,51.4215,51.5472,2239341
2018-01-12,51.4698,51.4844,50.9184,51.0055,2066353
2018-01-16,51.2763,51.7698,51.1989,51.2183,2002363
2018-01-17,51.4698,51.7601,51.228,51.5085,1665343
2018-01-18,51.3247,51.4602,50.9087,51.0345,1921488
2018-01-19,51.1602,51.4215,50.8894,51.4118,1977476
2018-01-22,51.4408,52.1469,51.4408,52.1084,1705504
2018-01-23,52.1955,52.7856,52.1955,52.7566,1639780
2018-01-24,52.6502,52.805,52.1084,52.2535,1666642
2018-01-25,52.2535,52.6889,52.1761,52.6695,1638367
2018-01-26,52.7276,52.7566,52.2245,52.447,1672559
2018-01-29,52.2438,52.4083,50.9377,51.3247,2118087
2018-01-30,51.228,51.2763,50.5807,50.7539,2088531
2018-01-31,50.8404,51.9285,50.7238,51.6759,3632308
2018-02-01,51.5788,51.6953,49.9466,50.1215,3188987
2018-02-02,49.6454,49.9854,48.9848,49.7911,2514574
2018-02-05,49.4414,50.3109,48.6253,48.6739,3114833
2018-02-06,48.3436,49.2179,47.6149,48.6447,3823197
2018-02-07,48.6739,49.4997,47.4983,47.5275,5867148
2018-02-08,47.4497,47.9216,46.1867,46.2062,4398359
2018-02-09,46.5074,47.8772,46.0702,47.508,3233632
2018-02-12,47.6635,47.8286,45.905,47.2943,4290564
2018-02-13,47.2651,47.7801,46.5948,47.5955,2853831
2018-02-14,47.168,47.2651,46.4199,46.7308,2728541
2018-02-15,46.896,47.9647,46.7697,47.8772,3003388
2018-02-16,47.9258,48.6103,47.9064,48.5379,2907389
2018-02-20,48.4796,48.8196,47.9841,47.9938,2980005
2018-02-21,47.8772,48.159,46.964,47.0125,3500308
2018-02-22,47.1777,48.3338,46.8862,47.8966,2940889
2018-02-23,48.0521,48.8099,47.9355,48.771,2375563
2018-02-26,48.9459,49.3345,48.7322,49.1596,2815669
2018-02-27,49.2374,49.3928,47.9452,47.9647,3216737
2018-02-28,48.3052,48.598,47.9637,47.993,3400166
2018-03-01,47.9832,48.6468,47.6612,48.4126,2497850
2018-03-02,48.2564,48.5785,47.9637,48.5297,2017567
2018-03-05,48.3833,49.4177,48.3833,49.0957,1806536
2018-03-06,48.9395,49.3494,48.7053,49.3201,1814717
2018-03-07,49.1835,49.6714,48.92,49.6226,1445142
2018-03-08,49.6519,49.9154,49.1152,49.3592,1592646
2018-03-09,49.3689,49.6422,48.8876,49.6422,1483503
2018-03-12,49.6714,50.1399,49.4763,50.013,1692817
2018-03-13,50.2082,50.7546,50.0911,50.2082,1447148
2018-03-14,50.2082,50.54,50.0471,50.1496,1707890
2018-03-15,50.3058,50.4033,49.6812,49.9056,1390690
2018-03-16,49.9056,50.4679,49.6324,50.2277,2642472
2018-03-19,50.2082,50.3436,49.3592,49.6714,1740640
2018-03-20,49.7202,50.0422,48.9981,49.2616,1729426
2018-03-21,49.3299,49.4218,48.3833,48.6956,2314834
2018-03-22,48.6175,49.4616,48.6175,48.6663,1896434
2018-03-23,48.7249,48.881,47.9344,48.1393,1990509
2018-03-26,48.4614,48.7834,48.1589,48.7444,1623879
2018-03-27,48.7639,49.7105,48.2341,49.1054,1546563
2018-03-28,49.4568,50.8425,49.3396,50.5107,2036065
2018-03-29,50.9512,51.0982,50.422,50.6964,2506605
2018-04-02,50.5886,50.9022,49.8438,50.1476,2175580
2018-04-03,50.2162,50.8826,49.6282,50.7062,1908783
2018-04-04,50.4808,51.647,50.2064,51.402,1662188
2018-04-05,51.304,51.3922,50.8336,51.3236,1162052
2018-04-06,51.451,52.1174,50.9512,51.0394,1574502
2018-04-09,51.0492,51.4118,50.6866,50.8532,1352010
2018-04-10,51.0884,51.0982,50.6425,50.6866,1380593
2018-04-11,50.6866,51.2746,50.6161,50.7944,922686
2018-04-12,50.8042,50.8826,49.5596,49.687,1349502
2018-04-13,49.7066,49.8438,49.3734,49.7948,1295228
2018-04-16,49.9222,50.2064,49.5008,50.0594,1198879
2018-04-17,50.1182,50.8532,49.8438,50.5788,1228843
2018-04-18,50.618,50.8826,50.373,50.4024,1186170
2018-04-19,50.1476,50.2064,49.0549,49.1676,1684577
2018-04-20,49.2656,49.4413,48.3346,48.5404,1973298
2018-04-23,48.5404,48.6188,47.874,48.1484,1575171
2018-04-24,48.3346,48.6678,47.825,48.4914,1913872
2018-04-25,48.3836,48.6384,48.0308,48.6188,1480698
2018-04-26,48.8148,49.6674,48.6286,49.3832,1186612
2018-04-27,49.3342,50.7748,49.3342,50.422,1956449
2018-04-30,50.5396,50.6183,49.7129,49.7129,2931337
2018-05-01,49.703,50.5101,49.4511,50.3723,1926678
2018-05-02,50.1558,50.3034,49.457,50.0081,1409360
2018-05-03,49.9195,50.7168,49.8014,50.4806,1328561
2018-05-04,50.4412,51.6026,50.4215,51.4451,1852550
2018-05-07,51.6321,51.8388,51.3467,51.8388,1728091
2018-05-08,51.6715,51.8191,51.2286,51.6321,1678252
2018-05-09,51.2876,52.2226,50.9333,52.0356,1945974
2018-05-10,52.2817,52.8525,52.1636,52.6754,1378135
2018-05-11,52.7541,53.0198,52.0455,52.1537,1250872
2018-05-14,51.9864,52.262,51.4648,51.947,1435489
2018-05-15,51.4746,51.4943,50.3675,50.9038,2517132
2018-05-16,51.0908,51.4254,50.9333,51.0809,1875182
2018-05-17,51.1597,51.4057,50.6831,50.9038,1205594
2018-05-18,50.8841,51.1399,50.5536,50.8447,4008387
2018-05-21,51.1006,51.7305,50.579,51.4845,1715234
2018-05-22,51.3565,51.6026,51.2916,51.4549,1519630
2018-05-23,51.6321,52.3703,51.5238,52.1439,1642731
2018-05-24,52.262,52.4588,51.5829,51.9569,1369249
2018-05-25,51.9962,52.2817,51.8092,52.0061,953618
2018-05-29,52.0061,52.5868,51.7699,52.4785,1822280
2018-05-30,52.262,53.1675,51.888,52.882,1796431
2018-05-31,52.7432,52.8519,52.3281,52.674,2068558
2018-06-01,52.7827,53.01,52.3291,52.4171,2069694
2018-06-04,52.6048,52.6444,52.0712,52.5356,2066468
2018-06-05,52.6641,52.9013,52.3579,52.3775,1919247
2018-06-06,52.3775,52.6542,52.1107,52.6444,1487750
2018-06-07,52.6345,53.0298,52.4665,52.7234,1168070
2018-06-08,52.7728,52.9705,52.5949,52.6444,1039578
2018-06-11,52.6839,52.8519,52.4862,52.7629,997223
2018-06-12,52.7135,53.4745,52.674,53.3361,2015099
2018-06-13,53.4646,53.4646,51.7549,51.7846,2455443
2018-06-14,51.9427,52.7135,51.9427,52.3676,1999856
2018-06-15,52.3775,52.8272,52.2688,52.3479,2931564
2018-06-18,52.3281,52.5752,52.0514,52.2787,1795295
2018-06-19,52.1996,52.5159,52.0613,52.2392,2146901
2018-06-20,52.3479,52.9211,52.1502,52.8618,2751028
2018-06-21,52.8618,53.1583,52.7037,52.8914,1639676
2018-06-22,52.9211,53.3065,52.7234,53.1484,2835382
2018-06-25,53.2472,53.8105,53.015,53.603,3054447
2018-06-26,53.6128,54.2453,53.3954,53.7117,3201947
2018-06-27,54.0081,54.3442,53.6919,53.8896,2428458
2018-06-28,53.6326,53.8105,52.9013,53.6623,2904834
2018-06-29,53.4638,53.9202,53.0272,53.3745,2418934
2018-07-02,53.3348,53.6821,52.3326,52.8685,3225951
2018-07-03,52.9181,53.9203,52.6204,53.7317,1208005
2018-07-05,53.8905,54.7836,53.6087,54.7339,2056572
2018-07-06,54.9225,55.3492,54.7439,55.1507,2082141
2018-07-09,55.1507,55.1507,54.079,54.4561,1500334
2018-07-10,54.8431,55.2003,54.5365,55.0415,1811698
2018-07-11,55.0316,55.2995,54.6744,54.7141,1008660
2018-07-12,54.8034,55.1209,54.5355,54.9919,1247723
2018-07-13,55.111,55.3789,54.6546,54.724,909880
2018-07-16,54.6049,54.6744,53.9997,54.4859,1474966
2018-07-17,54.5355,54.6446,54.1683,54.2973,1409857
2018-07-18,54.2973,54.6,54.0592,54.5454,1742339
2018-07-19,54.5454,55.4881,54.337,55.3789,1904492
2018-07-20,55.2698,55.4087,54.8133,55.0614,1592730
2018-07-23,55.1011,55.1805,54.595,55.0415,1755655
2018-07-24,54.9225,54.9374,54.4759,54.5256,1589098
2018-07-25,54.6446,55.4583,54.4958,55.3194,1665151
2018-07-26,55.3194,55.7361,55.245,55.3293,1254093
2018-07-27,55.5178,55.5575,54.4214,54.6149,1482394
2018-07-30,54.595,55.0664,54.2576,54.9423,1460246
2018-07-31,55.0917,55.9784,54.9921,55.56,3650458
2018-08-01,55.1216,55.8588,54.8028,55.7692,2043996
2018-08-02,55.6696,56.9647,55.5211,56.6957,2264423
2018-08-03,56.7455,57.5226,56.6957,57.4528,1468326
2018-08-06,57.5724,57.662,57.1639,57.393,1653885
2018-08-07,57.393,57.393,56.7156,57.0344,1528558
2018-08-08,57.0842,57.1639,56.7355,56.9348,1185778
2018-08-09,57.0045,57.0969,56.6758,56.7654,1290759
2018-08-10,56.6957,57.0145,56.2972,56.2972,970756
2018-08-13,56.3968,56.5861,56.2673,56.5064,959180
2018-08-14,56.5662,57.0244,56.3724,56.865,1333771
2018-08-15,56.865,57.4478,56.7754,57.393,1247407
2018-08-16,57.4229,58.0207,57.2835,57.9808,1206502
2018-08-17,57.941,58.6782,57.7218,58.6284,1518229
2018-08-20,58.718,59.0169,58.4779,58.5586,1077123
2018-08-21,58.5188,58.5287,58.0406,58.3793,1354767
2018-08-22,58.459,58.5786,57.931,58.2598,876433
2018-08-23,58.2797,58.4144,58.0406,58.2299,945362
2018-08-24,58.0605,58.4789,57.921,58.3793,735668
2018-08-27,58.5088,58.5487,57.7417,58.1502,1195676
2018-08-28,58.2398,58.8575,58.0605,58.8475,1140865
2018-08-29,58.6782,58.6782,58.1502,58.2996,1370730
2018-08-30,58.5188,58.5586,58.0852,58.2,903341
2018-08-31,58.4,58.62,58.179,58.57,1250926
2018-09-04,58.54,58.83,58.12,58.37,1316843
2018-09-05,58.19,58.91,57.98,58.63,1446594
2018-09-06,58.76,59.0,58.64,58.79,1478315
2018-09-07,58.37,58.48,57.98,58.14,1614257
2018-09-10,58.35,58.7,58.23,58.35,990568
2018-09-11,58.19,58.46,57.91,58.01,1167897
2018-09-12,58.07,58.461,57.8929,58.11,941210
2018-09-13,58.36,58.49,58.06,58.14,1504830
