date,open,high,low,close,volume
2013-09-16,49.3354,49.4564,49.154,49.2145,1169708
2013-09-17,49.1713,49.3786,48.8791,49.2145,743603
2013-09-18,49.1281,50.0006,48.9035,49.8365,1157011
2013-09-19,50.0697,50.3764,49.9056,50.1475,1107338
2013-09-20,50.277,50.4671,49.6032,49.8019,3188253
2013-09-23,49.37,49.7846,49.2836,49.5168,1359056
2013-09-24,49.6032,49.7242,48.8517,49.0417,1969798
2013-09-25,48.9208,49.1454,48.5407,48.7307,1807255
2013-09-26,48.938,49.0503,48.5147,48.7566,949478
2013-09-27,48.4024,48.4111,48.0051,48.2038,1039538
2013-09-30,47.8496,48.126,47.4004,48.0828,1977886
2013-10-01,48.0483,48.5234,47.8582,48.1519,1424196
2013-10-02,47.7113,48.1433,47.5472,48.1346,1117162
2013-10-03,48.2124,48.4888,47.6077,47.8237,1689505
2013-10-04,47.9705,48.0655,47.6337,47.9619,1541185
2013-10-07,47.4349,47.9014,47.2017,47.4436,1203414
2013-10-08,47.3312,47.5386,46.6747,46.7093,1452065
2013-10-09,46.787,47.0721,46.3637,46.8561,1496600
2013-10-10,47.2967,48.2038,47.2535,48.126,1988507
2013-10-11,47.7632,48.6098,47.7545,48.545,997284
2013-10-14,48.1951,49.0071,48.1174,48.8776,919828
2013-10-15,48.5407,48.9121,48.2124,48.342,1138758
2013-10-16,48.8948,49.2404,48.342,49.1972,1198399
2013-10-17,48.9553,49.668,48.6875,49.6205,1065736
2013-10-18,49.6723,49.8797,49.478,49.7242,1070721
2013-10-21,49.6119,49.8408,49.3613,49.8105,1080920
2013-10-22,50.1043,50.6226,49.871,50.4584,1314323
2013-10-23,50.0783,50.4412,49.9142,50.277,1157208
2013-10-24,50.4584,50.5491,49.9833,50.5103,944465
2013-10-25,50.6571,50.6571,49.8192,50.5794,1532435
2013-10-28,50.4498,50.7694,50.0697,50.2857,1824432
2013-10-29,49.3009,49.6551,47.8928,48.9208,4228579
2013-10-30,48.7048,49.0071,47.7632,48.0051,2353232
2013-10-31,48.1346,48.3074,47.7891,48.031,1693247
2013-11-01,48.1865,48.6098,47.8409,48.5666,2552957
2013-11-04,48.7307,48.8862,48.4716,48.8689,1297814
2013-11-05,48.4888,49.9574,48.2858,49.4564,2473103
2013-11-06,49.8451,49.8451,49.0244,49.1454,953688
2013-11-07,49.2145,49.3786,48.3161,48.4111,1215109
2013-11-08,48.3852,49.1022,48.2988,49.1022,1239563
2013-11-11,49.1108,49.3181,48.9294,49.2404,1087765
2013-11-12,49.249,49.6205,48.7393,49.0763,1686729
2013-11-13,48.5821,49.0589,48.5821,49.0589,1338186
2013-11-14,49.241,49.4404,48.9462,49.4144,884388
2013-11-15,49.4491,49.5964,49.2757,49.4144,1061396
2013-11-18,49.4491,49.7091,48.8075,48.8769,1245711
2013-11-19,48.6081,48.9809,48.114,48.166,1467344
2013-11-20,48.4174,48.4174,47.7066,47.8929,985535
2013-11-21,48.1313,48.8942,47.8539,48.8162,1132604
2013-11-22,48.9289,49.111,48.7208,49.1023,906777
2013-11-25,49.111,49.345,48.9462,49.1803,1231990
2013-11-26,49.345,49.5358,49.2063,49.371,1097640
2013-11-27,49.4491,49.7178,49.2843,49.6571,651367
2013-11-29,49.7872,49.9345,49.5704,49.6831,506200
2013-12-02,49.5878,49.8045,49.4274,49.5271,905600
2013-12-03,49.293,49.5704,48.3654,48.8075,2004008
2013-12-04,48.3221,48.8596,47.6892,48.14,1583104
2013-12-05,48.1834,48.5388,48.0013,48.2007,1079739
2013-12-06,49.2323,49.4231,48.5659,49.371,1125064
2013-12-09,49.6051,49.7438,49.1803,49.3017,728008
2013-12-10,49.241,49.6398,49.1023,49.5011,856483
2013-12-11,49.4057,49.6918,48.5561,48.6342,1140415
2013-12-12,48.5388,49.215,48.492,48.5821,1469457
2013-12-13,48.8596,49.0416,48.6688,48.6862,1037665
2013-12-16,48.9549,49.9259,48.9549,49.6831,1396087
2013-12-17,49.6745,50.3073,49.4924,50.1513,1525673
2013-12-18,50.2569,50.8557,49.3675,50.8381,2873902
2013-12-19,50.6092,50.8381,50.1777,50.4506,994887
2013-12-20,50.4947,50.935,50.2798,50.7413,1704925
2013-12-23,50.7941,51.2696,50.7148,50.9262,1133822
2013-12-24,51.1375,51.3401,50.7589,51.1992,375219
2013-12-26,51.3048,51.8596,51.2432,51.7099,900630
2013-12-27,51.6131,51.7892,51.4017,51.4898,1001765
2013-12-30,51.481,51.9477,51.481,51.8156,700050
2013-12-31,52.0886,52.2647,51.7927,52.1062,980859
2014-01-02,51.9037,51.9565,51.2696,51.525,1077979
2014-01-03,51.6131,51.9917,51.3269,51.6307,1076446
2014-01-06,52.5465,52.9868,51.8773,52.0974,3502134
2014-01-07,52.0886,52.2823,51.7804,52.0622,1555475
2014-01-08,52.0622,52.1679,51.4546,51.9301,1780806
2014-01-09,52.0358,52.1679,51.2872,51.9565,1054496
2014-01-10,52.0622,52.1326,51.5074,52.1238,1234158
2014-01-13,51.8332,52.1943,51.2344,51.4281,1455477
2014-01-14,51.4898,51.7231,51.1111,51.6219,1592803
2014-01-15,51.6923,52.2339,51.4017,51.8596,1368870
2014-01-16,51.9565,52.1789,51.6923,52.1767,1130755
2014-01-17,52.115,52.5994,51.9565,52.4232,1700051
2014-01-21,52.6874,52.8371,51.9389,52.2647,1205139
2014-01-22,52.2911,52.4937,51.8728,51.9389,1099996
2014-01-23,51.3841,51.798,51.252,51.296,1719228
2014-01-24,51.0231,51.0231,49.4996,49.526,2461489
2014-01-27,49.3763,50.4154,48.9976,49.799,2091086
2014-01-28,49.8342,50.3097,49.3556,50.0191,1313682
2014-01-29,49.4908,50.4418,49.209,49.7902,1775027
2014-01-30,50.2481,50.8557,49.6246,50.5915,2129037
2014-01-31,48.7334,50.1953,48.5398,49.3146,3482067
2014-02-03,49.024,50.6338,47.4213,47.5534,2992114
2014-02-04,47.9673,48.7511,47.1924,48.4869,4733689
2014-02-05,49.3323,50.1689,48.8303,50.1072,6092212
2014-02-06,50.028,51.8156,49.9487,51.6307,3101628
2014-02-07,51.7628,52.4673,51.5955,52.0886,2272537
2014-02-10,51.8949,52.027,51.2784,51.5074,1584766
2014-02-11,51.481,52.3704,51.4017,52.1238,1393083
2014-02-12,52.3889,52.7865,52.1238,52.3359,1650325
2014-02-13,51.9206,52.9279,51.5583,52.8837,2040405
2014-02-14,52.5568,54.4875,52.548,54.377,3775646
2014-02-18,54.5626,55.4815,54.5184,55.0397,2677907
2014-02-19,54.7835,55.3048,54.5007,54.6156,2310491
2014-02-20,54.7393,55.0397,54.4742,54.7835,1402644
2014-02-21,57.3813,57.5138,54.6421,55.1104,2058482
2014-02-24,55.402,57.7524,55.2518,56.7186,4335421
2014-02-25,56.48,57.2752,56.0735,57.1339,2481513
2014-02-26,57.3813,57.5492,56.639,56.9483,1647797
2014-02-27,57.8673,57.8761,56.7274,57.4255,1657256
2014-02-28,57.6905,58.7244,57.2664,58.1765,2614772
2014-03-03,57.4608,57.8407,57.1693,57.505,1819180
2014-03-04,58.2295,58.4504,57.7435,58.2384,2480131
2014-03-05,58.2119,58.6537,57.4785,57.7082,2018540
2014-03-06,58.044,58.2721,57.7665,58.2207,1226753
2014-03-07,58.2472,58.7067,57.9821,58.256,1278318
2014-03-10,58.0086,58.2914,57.4961,57.9291,993120
2014-03-11,57.5668,58.7509,57.5668,58.1235,1456436
2014-03-12,57.7789,58.6625,57.5845,58.6272,1488378
2014-03-13,58.8746,58.8746,57.2664,57.6994,2170830
2014-03-14,57.4255,57.9468,57.2664,57.4343,1796457
2014-03-17,58.0263,59.1308,57.9468,58.7685,1695701
2014-03-18,58.742,59.5638,58.4672,59.4224,1707944
2014-03-19,59.228,59.5408,58.3444,58.9276,1591175
2014-03-20,58.53,59.3605,58.4151,59.1529,1076599
2014-03-21,59.8023,60.1823,59.1396,59.5461,3210382
2014-03-24,59.6521,59.714,58.3002,58.8746,2017566
2014-03-25,60.4739,60.8008,59.2545,59.7758,3014154
2014-03-26,59.9261,60.2707,58.7597,58.7774,1760432
2014-03-27,58.7774,58.9099,57.9556,58.2472,2137808
2014-03-28,58.4328,59.281,58.3002,58.8127,1501730
2014-03-31,59.228,60.412,59.0513,59.5903,2602020
2014-04-01,60.0851,60.1735,59.608,59.9172,2322157
2014-04-02,60.1028,60.412,59.8907,60.3237,1697157
2014-04-03,60.2088,60.306,59.3429,59.5638,2120368
2014-04-04,60.1823,60.4165,57.8142,58.0793,3352575
2014-04-07,58.097,58.2384,57.0102,57.3062,2081135
2014-04-08,57.2664,58.2826,57.0649,57.9379,1799454
2014-04-09,58.3532,59.2545,58.0263,58.9276,2059670
2014-04-10,58.8481,58.9258,57.2222,57.3989,2522521
2014-04-11,57.3283,57.6729,56.427,56.6656,2430551
2014-04-14,57.125,57.4166,56.4411,56.8069,1950909
2014-04-15,56.9925,57.4961,56.0912,57.0367,1560021
2014-04-16,57.9379,58.2472,57.1339,58.0351,1391271
2014-04-17,57.9114,58.1942,57.6022,57.7701,1332564
2014-04-21,57.9026,58.3444,57.5933,58.2207,997914
2014-04-22,58.15,58.5388,57.9998,58.203,1159457
2014-04-23,58.2737,58.5741,58.1058,58.3356,843432
2014-04-24,58.3797,58.985,58.3797,58.5741,1321441
2014-04-25,57.6729,58.6625,57.6729,58.0175,1572389
2014-04-28,58.4681,59.0071,57.2576,58.15,2463674
2014-04-29,56.1266,57.3901,55.7024,56.1089,4180444
2014-04-30,55.9675,56.5595,55.508,56.533,3261599
2014-05-01,56.3121,56.9336,56.2856,56.6302,1680608
2014-05-02,56.9571,57.0102,55.7997,55.9233,2212907
2014-05-05,55.3667,56.2768,55.2429,56.0029,1973674
2014-05-06,55.7378,56.0912,55.2783,55.4373,1267814
2014-05-07,55.402,55.8261,54.9337,55.561,1218238
2014-05-08,56.1177,56.2503,55.1369,55.6671,1654849
2014-05-09,55.6848,55.8085,55.0044,55.2871,1608120
2014-05-12,55.7466,56.4447,55.561,56.3916,1240008
2014-05-13,56.3033,56.5153,55.8703,56.0117,1282123
2014-05-14,55.888,55.9852,54.6819,54.8718,2030370
2014-05-15,54.9783,54.9783,53.5949,54.2777,2496737
2014-05-16,54.393,54.4773,53.391,54.4285,1553600
2014-05-19,54.4196,55.1556,54.1447,55.1113,2254224
2014-05-20,54.8187,55.129,54.1891,54.4551,1882234
2014-05-21,54.6945,55.2443,54.5349,55.1379,1327529
2014-05-22,55.0403,55.5546,54.9251,55.2709,1082594
2014-05-23,55.4837,55.865,55.1822,55.8207,1074885
2014-05-27,56.3882,57.4079,56.0867,56.7695,1716400
2014-05-28,56.7695,56.867,56.3926,56.6276,1202020
2014-05-29,56.6276,56.6453,56.0335,56.2374,1537118
2014-05-30,56.3882,56.3882,55.9182,56.1842,1203508
2014-06-02,56.1931,56.3705,55.5369,56.0424,1090968
2014-06-03,56.2374,56.7784,55.5014,56.1931,2151711
2014-06-04,55.998,56.3882,55.9005,56.131,963417
2014-06-05,56.4059,56.8316,56.0512,56.7074,900247
2014-06-06,57.0621,57.7538,56.7518,57.3547,1401700
2014-06-09,57.1508,58.1617,57.0266,57.5942,1615335
2014-06-10,57.4168,57.6474,57.1065,57.1774,989222
2014-06-11,56.8936,56.9291,56.468,56.6986,862321
2014-06-12,56.6808,56.6808,55.5857,55.7852,1190766
2014-06-13,55.8384,56.264,55.6256,56.1222,1016198
2014-06-16,55.936,56.264,55.5458,56.1576,1526263
2014-06-17,55.9005,56.4902,55.6611,56.3261,1880842
2014-06-18,56.2818,56.7252,55.9094,56.5744,1449578
2014-06-19,56.7252,57.071,56.3616,56.9557,1643498
2014-06-20,57.1508,57.2712,56.7784,57.0887,2366781
2014-06-23,57.0,57.3281,56.6897,56.7784,882463
2014-06-24,56.5301,57.2217,56.335,56.4503,1396528
2014-06-25,56.069,56.6897,56.007,56.5478,1237310
2014-06-26,56.6986,56.6986,55.7249,56.131,1512196
2014-06-27,56.0778,56.3439,55.7103,55.7763,6198432
2014-06-30,55.8561,55.998,55.5192,55.7143,1248524
2014-07-01,56.2463,56.4237,55.9271,56.2729,1620968
2014-07-02,56.2995,57.0577,56.2995,56.5567,1217199
2014-07-03,59.0573,59.9795,58.9776,59.6337,3707421
2014-07-07,59.412,59.545,58.4632,58.4898,2105610
2014-07-08,58.206,58.5962,57.9755,58.2149,1977045
2014-07-09,58.4454,58.6583,57.9134,58.1085,1036507
2014-07-10,57.3459,58.1705,57.0444,57.6075,1384113
2014-07-11,57.1242,58.2238,57.1242,58.1705,1238293
2014-07-14,58.7026,58.809,58.1794,58.4632,965647
2014-07-15,58.472,58.7735,58.0021,58.2858,1107112
2014-07-16,58.4632,58.8312,58.3568,58.7469,955649
2014-07-17,58.2415,58.8799,57.8691,58.0198,1114167
2014-07-18,58.339,58.5595,57.8779,58.4809,1061770
2014-07-21,58.5252,58.543,57.9666,58.277,888387
2014-07-22,58.7292,59.0662,58.4543,58.5341,1259198
2014-07-23,58.6849,58.7824,58.0996,58.4454,1582106
2014-07-24,58.4188,58.5164,58.0641,58.1262,1033879
2014-07-25,57.8957,57.9134,57.4168,57.674,1116718
2014-07-28,57.6208,57.7893,56.7784,57.47,1628603
2014-07-29,57.9843,58.8799,56.2108,56.3084,2538663
2014-07-30,56.6542,57.0444,55.8827,56.6542,1338390
2014-07-31,56.3261,56.4857,55.1556,55.2177,1780918
2014-08-01,54.9783,55.3684,54.2334,54.5083,2327667
2014-08-04,54.4994,55.0226,54.0649,54.8453,1272729
2014-08-05,55.333,55.6433,54.1713,54.4373,2216392
2014-08-06,53.9585,55.3241,53.8166,54.0383,1471798
2014-08-07,54.4285,54.6679,53.657,53.8964,1335108
2014-08-08,54.0915,54.9694,54.0028,54.863,1492231
2014-08-11,55.0315,55.333,54.6839,54.8896,1077061
2014-08-12,54.7743,55.2886,54.4551,54.7255,790913
2014-08-13,54.116,55.1928,54.116,55.1572,737854
2014-08-14,55.2996,55.4775,55.175,55.4597,670033
2014-08-15,55.9937,55.9937,54.9525,55.344,1104405
2014-08-18,55.8246,56.4831,55.3618,56.4653,1070365
2014-08-19,56.5187,56.7501,56.3586,56.5543,912060
2014-08-20,56.6522,57.3553,56.5988,57.2218,1065864
2014-08-21,57.2485,57.3108,56.2963,56.3452,1129753
2014-08-22,56.4031,56.4031,55.5284,55.8424,1130522
2014-08-25,56.1628,56.3452,55.9314,56.2073,1071480
2014-08-26,56.3586,56.3808,55.8068,55.8246,679854
2014-08-27,56.1183,56.1183,55.5665,55.7712,609732
2014-08-28,55.9848,55.9848,55.2106,55.789,808151
2014-08-29,56.1094,56.1094,55.7,55.8958,828917
2014-09-02,56.1539,56.1539,55.5621,55.8335,1130914
2014-09-03,56.1717,56.2607,55.3351,55.433,1169549
2014-09-04,55.611,56.0916,55.2729,55.4597,1638151
2014-09-05,55.3529,55.3885,54.6277,54.8279,2249913
2014-09-08,54.4897,54.9925,54.4185,54.7033,996297
2014-09-09,54.4185,54.73,54.1071,54.1249,1589087
2014-09-10,54.1338,54.2672,53.3951,53.8846,1373366
2014-09-11,53.5108,54.0537,53.493,53.9914,1212008
2014-09-12,53.9914,54.1142,53.2527,53.5197,1629959
2014-09-15,53.4752,53.5909,52.8701,52.9858,1145521
2014-09-16,52.8968,52.9502,52.1937,52.6832,2398243
2014-09-17,52.8434,53.4307,52.612,53.0837,2081045
2014-09-18,53.1993,53.5375,52.9769,53.4663,1206893
2014-09-19,53.5464,53.8668,53.0659,53.1993,2343791
2014-09-22,52.9057,53.0481,52.256,52.7633,1596281
2014-09-23,52.7188,52.7188,51.9713,52.0158,1781624
2014-09-24,52.3094,52.4385,51.7488,52.1848,1712689
2014-09-25,51.9001,52.1047,51.2504,51.375,1877651
2014-09-26,51.2593,51.5352,51.0991,51.2326,1997848
2014-09-29,50.6097,51.0012,50.3783,50.8989,2019052
2014-09-30,50.8233,51.0991,50.494,50.6141,2460758
2014-10-01,50.4673,50.5741,49.8444,50.0223,2388116
2014-10-02,49.9778,51.1169,49.9244,50.7788,2922768
2014-10-03,50.9034,51.6687,50.9034,51.5352,2831826
2014-10-06,51.6687,52.0869,51.5975,51.8912,2604961
2014-10-07,51.5797,51.7132,50.5029,50.5207,2641202
2014-10-08,50.4406,52.3495,50.1825,52.2827,2783153
2014-10-09,51.1614,52.4251,50.8766,51.0813,3410053
2014-10-10,50.9211,51.3305,50.2448,50.2626,1964462
2014-10-13,50.2982,50.6809,49.435,49.4706,1657128
2014-10-14,49.9689,51.3572,49.8532,50.7877,1727029
2014-10-15,50.1736,51.0693,49.2481,50.7877,3408343
2014-10-16,50.138,51.9535,49.8355,51.6598,2318813
2014-10-17,52.0513,52.6476,51.7399,51.9713,2658383
2014-10-20,51.7755,52.0158,51.1837,51.5441,2032646
2014-10-21,51.8289,52.9146,51.6954,52.8612,2373224
2014-10-22,52.9858,53.097,52.4963,52.8167,3954312
2014-10-23,53.4218,54.1249,53.226,53.9113,1836392
2014-10-24,54.1338,54.7167,53.7778,54.641,1830719
2014-10-27,54.1961,54.6588,53.8579,54.5431,2776420
2014-10-28,55.7178,56.3052,55.1394,56.0204,3468087
2014-10-29,56.0382,57.0349,55.9136,56.3764,2450129
2014-10-30,53.7689,56.937,53.7689,56.8213,1979078
2014-10-31,58.9215,58.9215,57.1862,58.1295,3135245
2014-11-03,58.0227,58.6279,57.7557,58.1918,1991882
2014-11-04,57.8002,58.3787,57.7646,58.1918,2209505
2014-11-05,59.1351,59.7313,58.5478,58.6901,2066649
2014-11-06,58.7702,59.3932,58.5745,59.2419,2189178
2014-11-07,59.5,59.6157,58.9927,59.5801,1298496
2014-11-10,59.6246,59.6246,59.1707,59.4733,1507213
2014-11-11,59.3576,59.5089,58.9126,59.1974,1561279
2014-11-12,59.0724,59.867,58.7509,59.7331,1214518
2014-11-13,59.867,59.9563,59.1795,59.3313,1437936
2014-11-14,59.5367,59.7063,59.2599,59.492,956473
2014-11-17,59.501,59.5724,59.1885,59.4295,853869
2014-11-18,59.3402,59.7688,59.2643,59.4117,1230255
2014-11-19,59.3938,59.492,58.8849,59.3135,1479372
2014-11-20,58.7063,59.3818,58.4563,59.367,1308313
2014-11-21,60.2063,60.376,59.6706,59.8045,2377308
2014-11-24,60.0813,60.3224,59.7867,60.126,1194526
2014-11-25,60.3135,60.751,60.0813,60.6617,2429486
2014-11-26,60.5724,60.7063,59.9295,60.1438,1036832
2014-11-28,60.2867,60.3492,59.5635,59.8402,1104980
2014-12-01,59.8492,60.5322,59.4652,60.2599,2037147
2014-12-02,60.4385,60.9742,60.3224,60.9295,1608157
2014-12-03,61.4921,63.2332,61.0278,63.1796,2982143
2014-12-04,63.5278,63.5278,62.5546,62.7064,1600347
2014-12-05,62.5367,63.1349,62.4296,62.7242,1405703
2014-12-08,62.501,63.1171,61.8671,62.1572,1212252
2014-12-09,61.6081,63.1885,61.4563,62.9653,1718132
2014-12-10,62.9653,62.9653,60.9385,60.992,1834269
2014-12-11,61.4117,62.309,61.0456,62.0099,2059522
2014-12-12,61.2867,61.5992,60.4474,60.4474,2467861
2014-12-15,61.0724,61.2242,59.5813,60.2778,1918327
2014-12-16,60.2331,61.5099,59.7599,60.4653,2781799
2014-12-17,60.284,61.7522,60.0121,61.6253,3898314
2014-12-18,62.4772,63.0209,61.9878,63.0209,2601548
2014-12-19,62.9665,63.4378,62.7037,62.749,4214875
2014-12-22,62.7853,63.0254,62.5406,62.7037,1512572
2014-12-23,62.9847,63.6825,62.8125,62.9393,1309111
2014-12-24,63.1659,63.2203,62.8487,62.9122,499351
2014-12-26,63.0028,63.2293,62.6312,62.6493,939824
2014-12-29,62.5225,63.3472,62.3503,63.0753,1006211
2014-12-30,62.8034,62.9575,62.3059,62.3503,1108334
2014-12-31,62.8215,62.9393,61.6253,61.6343,1125801
2015-01-02,61.8247,62.4137,61.1178,61.7612,1510209
2015-01-05,61.3443,61.7558,59.5862,59.6859,2729685
2015-01-06,59.9125,60.3837,58.7525,59.7675,4196491
2015-01-07,60.2206,60.574,59.5953,60.565,1783632
2015-01-08,61.1268,61.3987,60.6193,61.3625,2057977
2015-01-09,61.3897,61.5981,58.902,59.115,2949298
2015-01-12,60.1662,60.3837,58.9156,59.6587,2920562
2015-01-13,60.1934,60.9455,58.4987,59.2328,2169821
2015-01-14,58.5803,59.124,57.9187,58.68,2081282
2015-01-15,58.8975,59.2871,57.384,57.4203,1981955
2015-01-16,57.3206,58.5168,57.1665,58.4534,1922203
2015-01-20,58.689,58.8159,57.9731,58.4353,1315202
2015-01-21,58.0728,59.1603,57.9368,58.9971,1628226
2015-01-22,58.7253,59.2871,57.9278,58.6075,2551602
2015-01-23,58.6528,58.9518,58.2993,58.4987,1896419
2015-01-26,58.2721,59.115,58.2572,59.0968,1542557
2015-01-27,58.1634,58.4443,57.5562,58.109,1297361
2015-01-28,58.4987,58.8703,57.3296,57.4882,2100389
2015-01-29,57.7193,58.2902,57.4293,58.0456,3030215
2015-01-30,56.369,56.4143,54.3662,54.4749,4799339
2015-02-02,54.7468,55.7165,53.7681,55.6531,3434781
2015-02-03,56.3599,57.1574,56.0881,56.8674,2786600
2015-02-04,56.5412,57.0668,56.2693,56.6046,1966741
2015-02-05,57.0668,57.4021,56.0518,56.4143,2296609
2015-02-06,56.659,57.3478,56.5865,56.8674,1846497
2015-02-09,56.5865,57.4067,56.5684,57.239,1646946
2015-02-10,57.1756,57.7465,56.9128,57.239,1937868
2015-02-11,57.0935,57.4754,56.5842,57.1481,2067473
2015-02-12,57.3845,57.5573,56.9434,57.5118,1233999
2015-02-13,57.7028,58.6486,57.5937,58.4076,1506991
2015-02-17,58.5031,58.8032,58.1757,58.6213,1115624
2015-02-18,58.3849,58.8669,58.3849,58.6531,1003220
2015-02-19,58.5031,59.1033,58.203,58.6531,1341669
2015-02-20,58.6122,58.7486,57.7756,58.7395,1705550
2015-02-23,58.6668,58.8214,57.862,58.1211,1620148
2015-02-24,57.9847,58.3758,57.8483,58.012,1258932
2015-02-25,58.2303,58.8123,58.0939,58.7532,1733889
2015-02-26,58.8578,59.1852,58.5304,58.7941,1501335
2015-02-27,58.7941,58.9214,58.1393,58.2485,1493627
2015-03-02,58.4394,59.3216,58.3121,59.0306,2120873
2015-03-03,58.7214,59.1033,58.5122,58.6941,1113017
2015-03-04,58.203,58.6213,56.9207,57.0253,2287489
2015-03-05,56.5842,57.1344,56.5024,56.7934,1619330
2015-03-06,56.5478,56.857,55.9385,56.0704,1881256
2015-03-09,56.0749,56.7115,56.0658,56.616,1853814
2015-03-10,55.9112,56.1295,55.02,55.02,1601356
2015-03-11,54.9291,55.5475,54.8154,55.4656,1867894
2015-03-12,55.8567,56.7661,55.793,56.7115,1088834
2015-03-13,56.4205,56.7752,55.5293,56.1386,1301938
2015-03-16,56.4933,57.0207,56.4933,56.8616,1188206
2015-03-17,56.7752,57.1026,56.5206,56.9025,1055286
2015-03-18,56.6115,58.1484,56.2841,57.962,2135546
2015-03-19,57.7392,57.9574,56.8389,56.9207,1310037
2015-03-20,57.3572,58.0575,56.9116,57.8483,2828483
2015-03-23,58.1848,58.4394,57.8028,57.9756,1667134
2015-03-24,58.2303,58.5213,57.9756,58.303,1611018
2015-03-25,58.2576,58.3485,56.9389,56.9571,1216521
2015-03-26,56.9298,57.4482,56.5296,56.6752,1654443
2015-03-27,56.3841,56.6206,55.9385,56.5387,1278219
2015-03-30,56.8207,57.8415,56.6024,57.7028,1019662
2015-03-31,57.4118,57.8392,57.2754,57.4209,1580234
2015-04-01,57.3027,57.43,56.1022,56.2932,1334844
2015-04-02,56.2932,56.6388,55.2746,55.6566,2632685
2015-04-06,55.1837,56.7388,55.0201,56.4296,1532420
2015-04-07,56.3478,56.6661,56.1477,56.5206,1261056
2015-04-08,56.7024,57.0844,56.4479,57.0753,1535683
2015-04-09,56.8116,57.5027,56.8116,57.4664,1690816
2015-04-10,57.4573,57.821,57.3481,57.5073,1125946
2015-04-13,57.4118,57.621,56.9844,57.1117,1180239
2015-04-14,56.9116,57.7483,56.7024,57.5482,1312665
2015-04-15,57.7028,58.6759,57.4754,58.3758,1790761
2015-04-16,58.2303,58.4212,57.8574,58.1575,1039857
2015-04-17,57.5391,57.7301,56.7206,57.0844,1553152
2015-04-20,57.7028,58.3121,57.5573,58.0939,1660652
2015-04-21,59.9127,60.8085,58.2939,60.6766,4606571
2015-04-22,61.1677,62.2408,60.7766,61.3041,3673823
2015-04-23,61.1677,61.2859,60.4402,60.4674,2255184
2015-04-24,60.622,60.6766,60.0218,60.1491,1747789
2015-04-27,60.5584,60.813,60.2128,60.4674,2181090
2015-04-28,60.1673,60.8721,60.0309,60.8403,1716750
2015-04-29,60.8494,60.9312,59.9764,60.2583,1363756
2015-04-30,59.8309,60.2128,59.0851,59.4307,1962879
2015-05-01,59.4762,59.849,59.3193,59.6308,1814740
2015-05-04,59.8399,60.4493,59.8399,60.0718,1465306
2015-05-05,59.7763,60.1037,59.1306,59.2306,1641426
2015-05-06,59.5216,59.5307,58.5486,58.9487,1348639
2015-05-07,58.9487,59.8854,58.4849,59.7354,1821128
2015-05-08,60.2492,60.6493,60.0309,60.4674,1789431
2015-05-11,60.3219,60.9449,60.1582,60.7039,1572713
2015-05-12,60.422,60.5311,59.7493,60.1128,1089238
2015-05-13,60.0946,60.6948,59.9718,60.5402,1306830
2015-05-14,60.9585,61.0859,60.5766,60.7676,1456760
2015-05-15,61.0595,61.0869,60.1289,60.6307,1210311
2015-05-18,60.3296,60.804,59.6361,60.0102,1597326
2015-05-19,60.0011,60.2018,59.3715,59.8004,1026840
2015-05-20,59.7274,59.9463,59.3898,59.6635,770857
2015-05-21,59.5449,59.9281,59.3898,59.8004,801353
2015-05-22,59.7365,60.2109,59.6726,60.0057,1224955
2015-05-26,59.9646,59.992,59.1252,59.6817,2099869
2015-05-27,59.8825,60.8953,59.7,60.4026,1536140
2015-05-28,60.3752,60.4026,59.2666,59.4628,1135277
2015-05-29,59.2255,59.481,57.866,57.9938,2382997
2015-06-01,58.6051,58.9153,57.6562,58.4454,1498779
2015-06-02,58.3952,59.1799,58.1762,58.9336,1747983
2015-06-03,59.0522,59.3715,58.6598,58.8423,1128770
2015-06-04,58.4591,58.7054,58.0211,58.231,1018916
2015-06-05,58.1032,58.304,57.6288,57.9664,1007304
2015-06-08,57.9208,58.1397,57.8021,57.8021,912202
2015-06-09,57.8569,58.7419,57.8295,58.1762,1118590
2015-06-10,58.3952,59.5358,58.3952,59.3441,1547867
2015-06-11,59.3898,59.8095,59.3168,59.7365,1315538
2015-06-12,59.4628,59.7091,59.2164,59.3168,1052762
2015-06-15,58.9062,59.043,58.2675,58.669,940335
2015-06-16,58.4591,58.6781,57.8569,58.4408,1165105
2015-06-17,58.6142,58.6507,57.7109,58.304,1324491
2015-06-18,58.3861,59.481,58.3861,59.1662,1546656
2015-06-19,59.1525,59.3076,58.7419,59.0795,2554180
2015-06-22,59.3898,59.7,59.189,59.4536,1298757
2015-06-23,59.4445,59.5996,59.0795,59.3624,1329247
2015-06-24,59.3441,59.4628,59.1525,59.2164,1245958
2015-06-25,59.3533,59.5266,58.4226,58.6963,1391030
2015-06-26,58.9336,59.3168,58.6142,59.1434,1754691
2015-06-29,58.7146,58.8606,57.8113,57.8569,1658244
2015-06-30,58.4956,58.7967,58.0576,58.2219,2006445
2015-07-01,58.8149,58.8514,58.377,58.7146,1455450
2015-07-02,58.7602,59.0613,58.5868,59.0248,1961375
2015-07-06,58.5686,59.1799,58.1945,58.5595,1345034
2015-07-07,58.6507,58.8241,57.7565,58.7648,1789184
2015-07-08,58.4135,58.6142,57.0448,57.4189,1824945
2015-07-09,58.1762,58.4956,57.3916,57.3916,2158370
2015-07-10,58.2492,58.2492,57.4189,57.8386,1485223
2015-07-13,58.0941,59.0157,57.9025,58.9427,1245653
2015-07-14,58.8149,59.3441,58.6507,59.2073,1176004
2015-07-15,59.0887,59.4354,58.8971,59.408,1650833
2015-07-16,59.6635,60.0285,59.4993,59.8004,1544193
2015-07-17,58.9792,58.9792,58.4317,58.8332,2749719
2015-07-20,58.9701,59.3624,58.7054,59.2073,1589419
2015-07-21,58.9427,59.773,58.9062,59.5175,2508109
2015-07-22,59.7182,59.9098,59.4171,59.7274,2300377
2015-07-23,59.5814,59.992,59.3168,59.5723,2500248
2015-07-24,59.6088,59.6088,58.8149,59.2164,3620448
2015-07-27,59.0978,59.335,58.5777,58.9883,3403162
2015-07-28,59.8916,60.6124,58.1762,59.1252,3385789
2015-07-29,59.1799,59.9646,59.1799,59.9098,2929051
2015-07-30,59.0887,59.2438,57.9481,59.0887,3147665
2015-07-31,59.5084,59.5449,58.6416,59.1617,2380396
2015-08-03,59.1982,59.2803,58.2219,58.8332,2002914
2015-08-04,58.4408,58.6963,57.2958,57.6105,2459069
2015-08-05,58.5047,58.9792,57.8021,58.0303,1569222
2015-08-06,58.0941,58.1489,57.4737,57.7565,1603797
2015-08-07,58.2766,58.2766,57.127,57.4372,1714250
2015-08-10,58.1124,58.4226,57.8843,58.231,1947575
2015-08-11,57.8934,57.8934,56.908,57.4737,2358373
2015-08-12,57.0981,57.6385,56.6127,57.492,2201827
2015-08-13,57.3363,57.7118,56.9608,57.4004,1055034
2015-08-14,57.4645,57.8309,57.3638,57.6294,1056038
2015-08-17,57.3363,57.8583,56.8417,57.7301,1179334
2015-08-18,57.7393,57.8583,57.3134,57.6477,1373577
2015-08-19,57.4004,57.7484,56.6127,57.2264,1895881
2015-08-20,57.0157,57.0249,55.706,55.706,2070325
2015-08-21,55.0923,55.4312,53.5078,53.5261,3514359
2015-08-24,50.1463,53.0315,48.9557,51.6484,5426189
2015-08-25,52.546,53.2879,51.1355,51.1996,3437064
2015-08-26,52.7292,53.5169,51.5935,53.3795,4136602
2015-08-27,54.8267,54.9549,53.5627,54.5702,3008692
2015-08-28,54.0573,54.6618,53.984,54.4511,1653302
2015-08-31,54.1672,54.4603,53.8008,54.0115,1792917
2015-09-01,52.9124,53.2055,51.9141,52.2346,2824931
2015-09-02,53.0315,53.2605,52.0789,53.2605,2713482
2015-09-03,53.3704,53.8192,53.0681,53.1872,2502644
2015-09-04,52.3903,52.6193,51.8683,52.0606,2310572
2015-09-08,52.9582,52.9582,52.2209,52.7567,2586781
2015-09-09,53.2238,53.4849,52.4361,52.5552,2065721
2015-09-10,52.3995,52.9674,52.2163,52.5186,2242537
2015-09-11,52.3903,52.6743,52.0148,52.6376,1714865
2015-09-14,52.5827,52.7292,52.1751,52.2621,1337307
2015-09-15,52.5369,53.4253,52.0881,53.3704,2100678
2015-09-16,53.4894,53.8283,53.3154,53.7184,1165996
2015-09-17,53.5536,53.8741,52.7521,52.8941,2211992
2015-09-18,52.2255,52.3445,51.1172,51.5752,2895546
2015-09-21,51.7126,52.3171,51.3737,51.795,1434876
2015-09-22,50.8699,51.5294,49.8807,50.412,2436620
2015-09-23,50.3662,50.7417,49.8716,50.357,2226231
2015-09-24,49.8899,50.2471,49.1205,49.9082,2903541
2015-09-25,49.8075,50.1097,48.516,48.69,3462764
2015-09-28,48.2229,48.69,47.2246,47.4169,3515644
2015-09-29,47.4994,48.3786,47.4078,47.8199,3276230
2015-09-30,48.1313,48.342,47.1788,47.7833,3307317
2015-10-01,47.8749,48.2779,46.73,47.3162,2844830
2015-10-02,46.4003,47.7833,45.7957,47.6825,6356757
2015-10-05,48.1222,49.9265,47.6367,49.6884,2822675
2015-10-06,49.4503,49.9174,49.148,49.5418,2210981
2015-10-07,49.8166,50.9798,49.606,50.4211,3233497
2015-10-08,50.2563,51.2638,50.0548,51.1081,1893783
2015-10-09,50.6593,51.337,50.3021,50.6318,1926116
2015-10-12,50.6959,51.1081,50.1463,50.2471,1480701
2015-10-13,50.0364,50.1097,49.2121,49.377,2184037
2015-10-14,49.6518,49.6518,48.6992,48.8183,1871265
2015-10-15,49.0564,49.9173,48.2779,48.9831,2354867
2015-10-16,49.1755,49.1755,47.5726,48.113,4394819
2015-10-19,48.0306,48.5124,47.5726,47.8657,2824518
2015-10-20,47.2063,48.7175,46.9681,48.5618,3300881
2015-10-21,48.7816,49.1938,48.1725,48.3328,2518738
2015-10-22,49.3037,49.6884,48.4336,49.3953,2675820
2015-10-23,49.5144,50.412,49.2121,50.2379,3016899
2015-10-26,50.2837,50.531,50.009,50.2746,4122246
2015-10-27,47.1055,49.4503,45.3012,46.8948,7052371
2015-10-28,47.2154,49.2716,46.2812,49.2121,4675818
2015-10-29,49.1114,49.2396,48.3054,48.6717,1852445
2015-10-30,48.6992,48.7633,47.6917,48.2229,2284319
2015-11-02,48.4153,49.4594,48.1771,49.1938,1933242
2015-11-03,49.0472,49.4035,48.2962,48.7542,2516886
2015-11-04,48.1863,48.9007,47.9573,48.3237,2167306
2015-11-05,48.4336,49.0472,47.9848,48.9831,1988853
2015-11-06,48.974,49.6655,48.6351,49.4136,2525633
2015-11-09,49.0747,49.9174,47.4352,47.6917,2073816
2015-11-10,47.5629,48.0229,46.974,47.296,2483072
2015-11-11,47.5353,47.5905,46.9234,47.1396,1479533
2015-11-12,46.8083,47.0292,45.9158,45.9894,2087011
2015-11-13,45.925,46.4679,45.7686,46.017,1345942
2015-11-16,45.9802,46.4357,45.6029,46.3391,1862744
2015-11-17,46.3483,46.4725,45.9342,46.017,1575644
2015-11-18,46.0538,47.4616,45.9066,47.388,2202073
2015-11-19,47.342,47.388,46.5231,46.9832,1949051
2015-11-20,47.2684,47.6572,46.9832,47.3328,2578039
2015-11-23,47.4616,47.8113,47.1488,47.2408,1312775
2015-11-24,46.8083,47.6181,46.6795,47.3512,1602120
2015-11-25,47.3512,47.8113,47.342,47.48,1559381
2015-11-27,47.4616,47.9217,47.3236,47.7009,678646
2015-11-30,47.5445,47.9401,46.9464,47.8113,2763524
2015-12-01,47.1212,47.5537,46.8451,47.4708,3114372
2015-12-02,47.4064,47.8205,47.0844,47.158,2600226
2015-12-03,45.9066,45.9066,44.4159,44.8944,6483806
2015-12-04,44.9588,46.2931,44.7472,45.8054,4978535
2015-12-07,45.6305,45.7226,44.8484,45.106,2449785
2015-12-08,44.7564,44.991,44.1583,44.5816,3250095
2015-12-09,44.5171,45.7226,44.3791,44.9404,3053812
2015-12-10,44.8116,45.3637,44.6736,44.9772,1799096
2015-12-11,44.1307,45.0876,43.1645,43.4774,2700560
2015-12-14,43.7166,44.0939,43.0633,43.7166,2530146
2015-12-15,43.9282,44.6091,43.9006,44.0571,2376049
2015-12-16,44.7395,45.005,43.5926,44.2846,2735669
2015-12-17,44.2846,44.3983,43.0523,43.0713,2893374
2015-12-18,42.7964,43.2324,42.6921,42.8059,5239439
2015-12-21,43.1756,43.8106,42.9955,43.3841,2947712
2015-12-22,43.7064,45.2941,43.6874,45.0144,2727134
2015-12-23,45.3367,46.2087,45.3367,46.114,2415822
2015-12-24,46.0476,46.332,45.7917,45.9244,723456
2015-12-28,45.877,46.0192,45.1377,45.4978,1386437
2015-12-29,45.8106,46.076,45.3746,45.858,1363385
2015-12-30,45.8012,46.1898,45.4789,45.5168,1068619
2015-12-31,45.2893,45.5452,44.9196,44.9291,1329696
2016-01-04,44.076,44.9196,43.479,44.7016,2878962
2016-01-05,44.9291,45.0808,44.0476,44.7111,2157130
2016-01-06,44.2087,45.3462,44.095,44.7206,2856936
2016-01-07,43.403,44.095,43.1945,43.3651,2955882
2016-01-08,43.6779,44.0192,42.7206,42.8722,2798373
2016-01-11,43.2135,43.3746,42.2466,42.8722,2619207
2016-01-12,43.2609,43.6211,42.1898,42.8343,1644914
2016-01-13,42.9102,43.2798,41.8201,41.9907,2652369
2016-01-14,42.3604,43.6211,41.4978,43.3272,3136556
2016-01-15,42.8722,43.1187,41.6495,42.9481,3230133
2016-01-19,43.3746,43.4504,41.9907,42.6827,2389089
2016-01-20,41.9718,43.4884,41.1945,42.967,4069609
2016-01-21,43.1566,44.0002,42.6068,43.422,2995689
2016-01-22,44.2467,45.0523,43.7727,44.1045,2810334
2016-01-25,43.9907,43.9907,43.2334,43.3272,2193137
2016-01-26,43.7158,45.0997,43.6779,45.0713,2359422
2016-01-27,45.1661,45.4884,44.1519,44.4647,2381513
2016-01-28,45.204,45.4884,43.6116,44.8912,3144789
2016-01-29,42.8817,46.986,42.6637,46.5121,5947043
2016-02-01,45.9339,46.332,44.8912,46.0097,3796391
2016-02-02,45.3462,45.5642,44.82,45.0523,2447904
2016-02-03,45.2798,45.5832,43.5263,45.2988,3358809
2016-02-04,45.422,47.5926,45.3177,47.3936,3522869
2016-02-05,47.3936,48.6922,47.0144,47.4979,2843691
2016-02-08,47.0997,47.6969,46.5405,47.2893,3070839
2016-02-09,46.6542,47.896,46.6542,47.2419,2711602
2016-02-10,47.4038,47.9229,46.2418,46.4133,2553452
2016-02-11,45.5942,46.7657,45.2703,45.9942,1826989
2016-02-12,46.5085,47.7039,46.0418,47.6229,2142061
2016-02-16,48.1467,48.9325,47.6229,48.9182,1953680
2016-02-17,49.2611,50.6803,48.7039,49.5754,2745990
2016-02-18,49.4326,49.8612,48.2896,48.842,2446653
2016-02-19,48.642,48.7611,47.9277,48.4801,1999593
2016-02-22,49.0992,49.8231,49.0992,49.7564,1649777
2016-02-23,49.404,49.7849,48.7754,49.0516,2141860
2016-02-24,48.4515,48.8706,47.0514,48.7373,2301298
2016-02-25,49.0802,49.3564,48.3182,49.3564,1925254
2016-02-26,49.8326,50.166,48.6896,49.4802,1851660
2016-02-29,49.4516,49.7461,49.0135,49.0516,1944977
2016-03-01,49.6135,50.2326,49.0421,50.2041,2092348
2016-03-02,50.0802,50.2422,49.4611,49.785,2219035
2016-03-03,49.6897,51.5851,49.6135,51.4899,3819454
2016-03-04,51.528,51.6518,50.5374,50.8803,2913726
2016-03-07,50.5088,51.3756,50.4898,51.0994,2240316
2016-03-08,50.6231,50.947,49.6707,49.8326,2909173
2016-03-09,50.1279,50.4803,49.5611,49.7373,2294447
2016-03-10,50.0612,50.1755,48.823,49.3183,2064678
2016-03-11,49.9374,50.3183,48.8611,50.2231,1988116
2016-03-14,49.985,51.2899,49.8759,51.166,2903764
2016-03-15,50.8612,50.8708,50.3564,50.8708,1650365
2016-03-16,50.6612,51.6899,50.4707,51.4518,1911219
2016-03-17,51.5375,52.7185,51.3851,52.328,2302653
2016-03-18,52.509,52.9567,51.8899,52.5566,7565241
2016-03-21,52.509,52.6328,51.8018,52.3185,1867652
2016-03-22,51.909,52.2233,51.5946,51.8709,1292799
2016-03-23,51.8613,51.8613,51.0517,51.1279,1560343
2016-03-24,50.4898,50.9184,49.4611,50.9089,1503276
2016-03-28,50.9374,51.5184,50.8136,51.2232,1463857
2016-03-29,50.947,52.1756,50.4898,52.1566,1871802
2016-03-30,52.4233,52.6185,51.6994,51.9756,1434479
2016-03-31,52.0613,52.1947,51.5661,52.0899,2050836
2016-04-01,51.8232,51.8232,50.6041,51.6327,2073209
2016-04-04,51.5375,51.6327,51.0327,51.1184,1670196
2016-04-05,50.6803,50.747,50.0517,50.3183,2333047
2016-04-06,50.366,50.6612,49.5183,50.6136,2174157
2016-04-07,50.2041,50.4803,49.7278,49.9278,1616466
2016-04-08,50.4231,51.2041,49.9564,50.1469,1567077
2016-04-11,49.9659,51.0327,49.9469,50.2136,2168261
2016-04-12,50.5374,51.2613,50.166,51.0994,2070924
2016-04-13,51.5375,52.9662,50.9565,52.9186,2001162
2016-04-14,53.1471,53.3662,52.4804,53.1567,1903145
2016-04-15,53.3472,53.4138,52.9948,53.1281,1548670
2016-04-18,53.0043,53.4138,52.8043,53.2614,2521760
2016-04-19,53.5472,54.071,53.0805,53.4519,2498314
2016-04-20,53.6805,54.3758,53.3472,53.7472,2617337
2016-04-21,53.8805,54.0234,53.1567,53.2519,1436158
2016-04-22,53.3281,54.0996,53.1186,53.8043,2315875
2016-04-25,53.7853,53.8043,53.1186,53.3853,2485887
2016-04-26,55.2235,56.3093,53.6424,56.1283,4825708
2016-04-27,57.0808,57.9666,56.4522,57.3665,4410610
2016-04-28,57.0618,57.757,56.5188,56.7474,2200480
2016-04-29,56.2998,57.1475,55.8045,56.1093,2335012
2016-05-02,56.3569,56.5379,55.614,55.8807,2327138
2016-05-03,55.3378,55.4521,54.7187,55.1092,2056399
2016-05-04,54.6711,54.6711,52.8328,53.2329,3389057
2016-05-05,53.3186,53.7472,52.6995,52.9662,1928679
2016-05-06,52.5566,53.0852,52.1471,52.8995,2644316
2016-05-09,54.7473,54.7663,53.071,53.1852,2436581
2016-05-10,53.9663,54.9282,53.5091,54.8711,2201366
2016-05-11,54.7759,55.0582,54.1853,54.233,1921614
2016-05-12,54.4711,55.0235,53.7948,54.2234,1695119
2016-05-13,54.0234,54.5663,53.1852,53.3567,1321204
2016-05-16,53.4615,54.5092,53.4615,54.2996,1965592
2016-05-17,54.2327,54.862,53.7736,53.9457,1305265
2016-05-18,53.6492,53.9362,52.5397,52.8266,2151330
2016-05-19,52.3675,52.5301,50.6746,51.0189,4510995
2016-05-20,51.1911,51.631,50.9519,51.0667,2295141
2016-05-23,51.1337,51.3154,50.6938,50.8754,1385685
2016-05-24,51.2102,52.0136,51.1193,51.8128,1760840
2016-05-25,52.2145,53.2475,52.1188,53.0562,2064860
2016-05-26,53.0179,53.4197,52.8486,53.0562,1730517
2016-05-27,53.171,53.4579,52.8459,53.2092,1037186
2016-05-31,53.1232,53.7162,52.8601,53.324,1851018
2016-06-01,53.1136,53.3718,52.4823,53.2475,1636595
2016-06-02,53.171,53.8118,52.6306,53.8023,1537959
2016-06-03,52.9797,53.2092,52.1475,52.511,2999144
2016-06-06,52.6162,53.4771,52.4632,53.3336,2001844
2016-06-07,53.391,54.2327,53.391,53.7353,1989697
2016-06-08,53.9649,54.95,53.884,54.424,1705196
2016-06-09,54.0127,54.0127,53.3432,53.5823,1001470
2016-06-10,52.951,53.2092,52.0232,52.5014,1743935
2016-06-13,52.4154,52.9892,52.0232,52.1762,1629716
2016-06-14,51.9276,52.0519,51.2676,51.7554,1925378
2016-06-15,51.7841,52.2241,51.4397,51.5258,1799426
2016-06-16,51.1624,52.0232,50.6172,51.851,1586983
2016-06-17,51.9371,52.664,51.7363,52.0041,3482368
2016-06-20,52.7119,53.3527,52.5302,52.5397,1608428
2016-06-21,52.1093,52.2814,51.5928,52.2049,1968305
2016-06-22,52.2336,52.8649,52.0137,52.4536,1654368
2016-06-23,53.1232,53.917,52.7119,53.8979,1579430
2016-06-24,50.6363,51.5115,49.5507,49.7085,9657924
2016-06-27,48.7233,49.0475,46.0739,46.753,6449447
2016-06-28,46.8677,47.6712,46.6191,47.6616,3481664
2016-06-29,48.1399,48.7712,47.8338,48.4364,2344321
2016-06-30,48.7425,49.6129,48.2068,49.6129,3069216
2016-07-01,49.632,50.1676,49.2398,49.5842,1755765
2016-07-05,49.412,49.412,47.786,48.2833,1640319
2016-07-06,47.9773,48.6277,47.1977,48.5799,2394290
2016-07-07,48.5894,48.9686,48.006,48.5416,2270894
2016-07-08,49.192,50.0241,48.7233,49.852,3447928
2016-07-11,49.8902,50.818,49.8711,50.6937,2039741
2016-07-12,51.2293,51.8989,50.7606,51.7841,2572187
2016-07-13,52.0997,52.1093,51.325,51.5545,1673266
2016-07-14,52.2432,52.6067,51.7171,51.7171,1815680
2016-07-15,52.0423,52.0519,51.3632,51.4684,2033047
2016-07-18,51.4302,52.3484,51.105,52.1667,2422202
2016-07-19,50.9806,52.1188,50.8945,51.3154,2376950
2016-07-20,51.4876,52.8553,51.415,52.578,2873772
2016-07-21,52.4249,53.1136,51.6502,52.3293,2301546
2016-07-22,52.5875,52.6545,51.7363,52.6067,1655443
2016-07-25,52.4727,53.4771,52.2814,53.4771,3958761
2016-07-26,53.7544,55.983,53.697,55.8204,5064015
2016-07-27,56.1552,57.0065,55.8204,56.5091,3613793
2016-07-28,56.3369,56.4613,55.347,55.983,2697256
2016-07-29,56.0213,56.5952,54.9022,56.4039,2504586
2016-08-01,56.2796,56.5282,55.6005,55.9926,1941075
2016-08-02,55.8778,56.05,55.1892,55.3039,2595490
2016-08-03,54.9596,55.5144,54.5483,55.237,2326577
2016-08-04,55.2657,55.5144,54.6344,54.8544,2383255
2016-08-05,55.0553,55.5526,55.017,55.4379,1689268
2016-08-08,55.6578,56.0022,55.4474,55.5909,1122747
2016-08-09,55.6865,56.0403,55.1413,55.4187,1341397
2016-08-10,55.6492,55.8797,55.2362,55.4379,1368571
2016-08-11,55.7068,55.8797,55.0349,55.6108,959931
2016-08-12,55.3899,55.7645,55.2938,55.4283,1192716
2016-08-15,55.3707,56.6097,55.3707,56.504,2292673
2016-08-16,56.2831,56.8402,56.1102,56.5521,2632977
2016-08-17,56.5905,56.7922,55.506,56.7441,1551200
2016-08-18,56.8978,57.186,56.6673,57.186,1581324
2016-08-19,57.0899,57.599,56.9554,57.5509,2448071
2016-08-22,57.2724,57.7526,57.2052,57.5413,1690563
2016-08-23,57.7334,58.0984,57.6374,57.647,1142688
2016-08-24,57.5029,57.8007,57.2916,57.3877,1196971
2016-08-25,57.3396,57.5701,57.1629,57.5605,850559
2016-08-26,57.7238,58.3481,57.2436,57.4837,1189144
2016-08-29,57.4837,58.1272,57.1475,57.8967,1139319
2016-08-30,57.8967,58.1752,57.6086,58.108,1668019
2016-08-31,57.8295,57.9927,57.1956,57.4741,1221052
2016-09-01,57.6182,57.7814,56.5617,57.1956,1866950
2016-09-02,57.5797,57.6278,56.7345,56.869,2525051
2016-09-06,56.5905,56.8162,55.4475,55.5532,4053169
2016-09-07,55.6972,55.6972,55.0825,55.217,5000819
2016-09-08,55.3899,55.3899,54.9001,55.2074,2798522
2016-09-09,54.6984,55.0393,53.882,53.8916,2291430
2016-09-12,53.517,54.9961,53.3441,54.9097,2280999
2016-09-13,54.3718,54.6792,53.978,54.1317,1668013
2016-09-14,53.0079,54.684,53.0079,54.4967,1532777
2016-09-15,54.5063,54.852,54.1125,54.6792,2752054
2016-09-16,54.343,54.708,53.8051,54.3334,3212529
2016-09-19,54.708,55.0633,54.3141,54.439,1676157
2016-09-20,54.8616,55.2362,54.6407,55.0153,3261446
2016-09-21,55.1306,55.63,54.9865,55.4955,2080502
2016-09-22,56.0238,56.4464,55.7068,56.1391,1637443
2016-09-23,56.1102,56.3311,54.8424,55.6396,1437410
2016-09-26,55.2938,55.5436,54.8808,54.9289,1331922
2016-09-27,54.8424,55.169,54.5255,55.1114,1501399
2016-09-28,55.217,56.2351,55.217,56.1967,1251870
2016-09-29,56.0718,56.5473,55.5051,55.6012,1425713
2016-09-30,56.091,56.9554,55.6972,56.456,2219689
2016-10-03,56.1679,56.5905,56.0526,56.4464,984811
2016-10-04,56.4368,57.4645,56.3552,56.7538,1921397
2016-10-05,56.8978,57.6278,56.3792,57.4549,1215825
2016-10-06,57.4357,57.4645,57.0035,57.3973,1084214
2016-10-07,57.5797,57.8295,56.4224,56.6961,1563971
2016-10-10,57.0035,57.1475,56.1102,56.1967,1185110
2016-10-11,56.1295,56.2917,54.9049,55.1594,2183573
2016-10-12,55.0825,55.7549,54.343,55.1786,2283684
2016-10-13,54.5927,54.7656,54.0645,54.4486,1526816
2016-10-14,54.7848,55.1402,54.439,54.5735,1084132
2016-10-17,54.6407,54.9289,54.5063,54.5639,986128
2016-10-18,55.1882,55.4187,54.5447,54.6695,1519395
2016-10-19,54.2181,54.9193,54.1221,54.6984,1418726
2016-10-20,54.6888,54.6888,53.7187,54.391,1570276
2016-10-21,53.7187,54.4486,53.1328,54.2565,2059400
2016-10-24,54.6311,55.265,54.1029,54.1125,2273040
2016-10-25,52.8351,54.5351,52.1051,52.6334,4700499
2016-10-26,52.4029,53.3009,51.9034,53.0752,2709566
2016-10-27,53.2289,53.3633,52.3644,53.0944,2131217
2016-10-28,53.152,53.613,52.9253,53.2,2617797
2016-10-31,53.4113,53.6419,52.7102,52.7486,2472817
2016-11-01,52.8543,53.3454,51.9706,52.4413,1639886
2016-11-02,52.4317,52.9791,52.2012,52.374,2207730
2016-11-03,52.4605,52.7774,51.865,51.9995,2022843
2016-11-04,51.5,52.9695,51.5,52.3644,2283467
2016-11-07,53.2481,53.6755,52.9817,53.5554,1800881
2016-11-08,53.4594,53.6707,52.643,53.3633,1630297
2016-11-09,51.2695,55.947,51.2695,55.6684,2749915
2016-11-10,55.8221,58.012,55.8221,57.9447,4372947
2016-11-11,57.5317,58.0504,56.0718,56.8306,2461369
2016-11-14,56.9843,57.5221,56.408,57.1956,2195779
2016-11-15,57.1283,58.2953,56.8498,58.2329,2283279
2016-11-16,58.2328,58.2521,57.6543,58.1461,1809668
2016-11-17,57.8375,58.2136,57.7218,57.8761,1534192
2016-11-18,57.6639,57.9725,57.4807,57.6446,1366479
2016-11-21,57.8953,58.3582,57.7507,57.9918,1241498
2016-11-22,58.2232,58.6668,58.0014,58.58,1536169
2016-11-23,58.7439,59.9975,58.4643,59.766,1959935
2016-11-25,59.9685,59.9685,59.1875,59.7853,717003
2016-11-28,59.6696,59.7853,58.7584,58.821,1486978
2016-11-29,58.7535,59.2645,58.329,59.0814,1954168
2016-11-30,59.4864,60.3832,59.1585,59.93,2213104
2016-12-01,56.6803,61.0389,56.6803,60.7882,2210928
2016-12-02,60.5278,61.0485,59.8625,60.846,1797219
2016-12-05,61.6271,63.1603,61.3764,63.0735,3724806
2016-12-06,62.7746,63.1603,61.7525,62.1285,3578597
2016-12-07,62.3985,65.5421,61.955,65.2142,3658831
2016-12-08,65.0117,65.9664,64.6357,65.6385,3093424
2016-12-09,66.0531,66.0531,64.6742,65.2624,3819356
2016-12-12,65.2528,65.5903,64.3657,64.7032,1915578
2016-12-13,65.031,65.3203,64.3946,64.7707,2416643
2016-12-14,64.5761,65.0918,63.7296,63.9339,1750818
2016-12-15,63.9437,64.4593,63.3745,63.6031,2860751
2016-12-16,63.8853,64.1577,63.2334,63.3404,3208662
2016-12-19,63.1847,64.0215,63.0485,63.4474,1413100
2016-12-20,63.5058,64.0604,63.2528,63.9242,1707965
2016-12-21,63.9047,64.2355,63.3793,63.5934,1503059
2016-12-22,63.5837,63.6031,63.0193,63.3793,1046899
2016-12-23,63.4183,64.0507,63.2528,63.6615,1140854
2016-12-27,63.7685,64.2258,63.5934,63.8561,522744
2016-12-28,64.0896,64.1918,63.068,63.2042,1198588
2016-12-29,63.2139,63.535,62.5815,62.6301,1133558
2016-12-30,62.7956,63.2042,62.0464,62.1728,2123223
2017-01-03,62.8734,64.148,62.8637,63.5545,2115795
2017-01-04,63.9242,64.5955,63.8755,64.4301,2448430
2017-01-05,64.1188,64.4399,63.2139,63.3793,1658250
2017-01-06,63.7783,64.5566,63.1945,64.0993,1741057
2017-01-09,63.9728,64.2064,63.0096,63.3112,1483803
2017-01-10,63.5058,64.5177,63.3501,64.4593,2035508
2017-01-11,64.4593,65.0139,64.2355,64.9945,1602024
2017-01-12,64.9945,64.9945,63.9145,64.5372,1480635
2017-01-13,65.2572,65.8215,64.9701,65.695,1512772
2017-01-17,65.1891,65.6366,64.8096,65.1112,1238555
2017-01-18,65.0918,65.1015,64.3912,64.5177,2454089
2017-01-19,64.7415,64.8972,63.7101,63.9631,2068205
2017-01-20,64.2161,64.5177,63.6518,64.2161,1880617
2017-01-23,64.2064,64.2161,63.4669,63.7004,2356529
2017-01-24,63.8755,65.1015,63.8755,64.8972,1639076
2017-01-25,65.1891,66.8334,65.0139,66.5512,2295294
2017-01-26,66.4345,66.5901,65.8942,66.2399,1614351
2017-01-27,66.3274,66.3469,65.3155,65.7631,1601188
2017-01-30,65.5393,65.9188,64.6053,65.7923,3627583
2017-01-31,64.1383,66.7847,63.2042,65.4907,6319054
2017-02-01,65.8118,67.9134,65.5491,66.775,3058770
2017-02-02,66.3955,67.1058,65.5588,65.7631,1875749
2017-02-03,65.5004,67.0085,65.5004,66.6388,1981162
2017-02-06,66.2107,66.7166,65.7437,66.2301,1623691
2017-02-07,66.2301,66.7361,65.7047,65.802,1237192
2017-02-08,65.7534,65.7534,64.868,65.0334,1911572
2017-02-09,65.1891,66.4734,64.8972,66.3469,2137244
2017-02-10,66.6008,67.2452,66.2786,67.1085,1899608
2017-02-13,67.3722,68.2412,67.3136,68.2216,1835160
2017-02-14,68.0947,68.4657,67.8897,68.4169,2006624
2017-02-15,68.0361,68.4169,67.6358,68.1533,1416240
2017-02-16,68.2314,68.2704,66.8302,67.0988,1492971
2017-02-17,66.8839,67.255,66.054,67.2257,1455370
2017-02-21,67.3038,67.5479,66.7668,67.1476,1870661
2017-02-22,66.7863,66.923,66.1126,66.4348,1420377
2017-02-23,66.7277,66.8742,65.5267,65.849,1362297
2017-02-24,65.8099,65.9857,65.0874,65.8294,1646585
2017-02-27,65.722,66.0931,65.4291,66.0149,1747506
2017-02-28,65.9368,66.054,65.0776,65.2338,1827122
2017-03-01,66.3079,67.8701,65.8978,67.5577,2703574
2017-03-02,67.3136,67.3526,65.6927,65.7904,2739201
2017-03-03,65.9857,67.0939,65.8197,67.0109,2127145
2017-03-06,66.6203,67.1378,65.9173,66.6594,1761044
2017-03-07,66.3079,67.0109,65.9271,65.9759,1688532
2017-03-08,66.1321,66.3695,65.5267,65.722,1490635
2017-03-09,65.4389,65.8779,64.6675,65.1459,2287329
2017-03-10,65.7806,66.2493,65.4486,66.1126,1621530
2017-03-13,66.1614,66.552,66.1126,66.2688,1295407
2017-03-14,66.0735,66.0735,65.0678,65.7611,1160471
2017-03-15,66.2102,67.4991,66.1516,67.2452,1859469
2017-03-16,67.3233,67.5723,67.0695,67.2647,1679351
2017-03-17,67.5479,67.9678,67.1769,67.8799,5316568
2017-03-20,67.8018,67.958,67.1671,67.4796,2038010
2017-03-21,67.6065,67.792,65.7611,66.054,2888546
2017-03-22,65.9271,66.2981,65.473,65.9368,1412631
2017-03-23,65.9564,66.2639,65.4584,65.9954,1584289
2017-03-24,66.1419,66.4592,65.7025,66.0247,1432881
2017-03-27,65.4096,65.6634,64.2086,64.9214,1662284
2017-03-28,64.8042,65.7806,64.687,65.5072,1167219
2017-03-29,65.3217,66.3349,65.3122,66.054,1347731
2017-03-30,65.7708,66.2298,65.6146,66.0442,884630
2017-03-31,65.7025,66.1907,65.4486,65.6146,1336709
2017-04-03,65.722,65.7513,64.2867,65.2631,1522179
2017-04-04,65.0483,65.3803,64.7163,65.0483,1653448
2017-04-05,65.3705,66.5129,65.0971,65.1752,2326769
2017-04-06,65.3412,65.7904,65.1264,65.5756,1243846
2017-04-07,65.4974,66.1907,65.2533,65.5756,1603917
2017-04-10,65.3998,66.425,65.0102,66.054,1441319
2017-04-11,65.7416,66.0738,65.0776,65.9368,1531612
2017-04-12,65.8685,65.9271,64.0035,64.1012,1844177
2017-04-13,64.0719,64.4039,63.0662,63.1052,1891263
2017-04-17,63.447,63.8473,62.91,63.7985,1678277
2017-04-18,62.744,63.447,62.4999,62.6854,2442489
2017-04-19,63.0271,63.4665,62.783,63.0369,1948555
2017-04-20,63.4665,64.521,62.9686,64.3258,1401067
2017-04-21,64.5308,64.8335,63.8961,64.2086,2285595
2017-04-24,65.6732,66.5031,65.517,66.1321,2878458
2017-04-25,64.7847,65.6244,63.4665,64.2086,3950676
2017-04-26,64.1598,65.019,63.6032,63.7985,3118685
2017-04-27,63.8571,64.8725,63.4568,64.8433,2247255
2017-04-28,64.9311,65.3656,64.2281,65.1557,1895201
2017-05-01,65.39,65.39,64.3648,64.6187,1671293
2017-05-02,65.7416,66.552,65.4877,66.4543,2411387
2017-05-03,67.5381,67.5381,65.4974,65.7708,1378956
2017-05-04,65.8685,66.2786,64.8335,65.3217,1509080
2017-05-05,65.4193,65.8294,65.0288,65.4584,1112147
2017-05-08,65.4682,65.4974,64.2721,64.7554,2136830
2017-05-09,64.687,65.019,64.4722,64.7261,1251544
2017-05-10,64.521,64.8433,64.1402,64.4136,1468427
2017-05-11,62.8319,63.3591,62.0117,62.8514,4377985
2017-05-12,62.6268,62.7147,61.6309,61.875,2344448
2017-05-15,61.8945,62.3925,61.8652,62.2753,1905900
2017-05-16,62.5096,62.9393,62.0703,62.9197,2541523
2017-05-17,62.41,62.6943,61.9984,62.1258,1981370
2017-05-18,61.7925,62.0082,60.8652,61.0966,2235700
2017-05-19,61.1848,62.0229,61.0966,61.5867,2348368
2017-05-22,61.8121,62.1258,61.4788,61.6357,2025674
2017-05-23,61.8219,61.8513,61.0476,61.5671,1122444
2017-05-24,61.7043,61.7631,60.9985,61.4494,1462160
2017-05-25,61.5279,61.8709,60.9201,61.4494,1288379
2017-05-26,61.4494,61.7533,61.2044,61.3906,988061
2017-05-30,61.2828,61.6651,61.1554,61.4004,942750
2017-05-31,61.5671,61.7337,60.7829,61.7141,1730361
2017-06-01,61.9101,62.7727,61.4063,62.4297,1330456
2017-06-02,62.4002,63.155,61.7239,61.9003,3535149
2017-06-05,61.6749,61.7533,60.7045,61.0868,2570168
2017-06-06,63.0766,63.851,62.3218,62.8511,3692271
2017-06-07,62.9394,63.2334,61.6259,62.1944,1872095
2017-06-08,62.3414,62.9982,62.1552,62.7041,1646360
2017-06-09,62.7433,63.1942,62.5571,62.7433,1076510
2017-06-12,62.4591,63.6451,62.4591,63.2922,1624723
2017-06-13,63.4491,63.6525,62.9296,63.057,1327244
2017-06-14,62.8609,63.4834,62.214,62.6257,1418007
2017-06-15,63.2138,63.9588,62.8805,63.8216,1744607
2017-06-16,63.7431,63.9392,63.1746,63.9196,2251988
2017-06-19,64.1548,64.1548,63.5177,63.9,1617961
2017-06-20,63.6941,63.7235,62.7041,62.7237,1040674
2017-06-21,62.6551,62.6747,61.3465,61.5083,1470696
2017-06-22,61.322,61.8415,61.0868,61.5083,1090231
2017-06-23,61.5279,61.9199,61.2534,61.273,1724475
2017-06-26,61.5279,62.067,61.3368,61.9395,1218390
2017-06-27,61.8611,62.5081,61.5377,61.5573,1349775
2017-06-28,61.8023,64.2087,61.7239,64.0666,2020652
2017-06-29,64.0568,64.6645,63.4092,64.0176,2655954
2017-06-30,64.8214,65.0811,64.0862,64.7331,2112369
2017-07-03,65.0958,66.0956,64.8704,65.6742,1418298
2017-07-05,65.8408,66.0172,64.5371,65.0762,2532872
2017-07-06,65.1056,66.6544,65.0076,65.8702,3234539
2017-07-07,66.0956,66.7622,65.5222,66.2819,1485082
2017-07-10,66.125,67.5758,66.0662,67.1249,2194331
2017-07-11,67.0464,67.5071,66.6838,67.1641,1686368
2017-07-12,67.7914,68.1835,67.1249,67.1641,1380375
2017-07-13,67.2817,67.4483,66.7328,66.9092,1529927
2017-07-14,66.5269,67.5071,66.4779,67.2915,948247
2017-07-17,67.2915,67.5169,66.7916,66.8798,1411786
2017-07-18,66.7524,67.1543,66.5367,67.0955,1183394
2017-07-19,66.723,67.267,66.4191,67.1739,1491324
2017-07-20,67.4189,67.9875,66.821,67.1935,1464831
2017-07-21,66.8994,67.6738,66.7818,67.5071,1534076
2017-07-24,67.7032,68.0463,67.2523,67.7718,2695909
2017-07-25,68.6148,68.9285,65.9192,67.2817,4416935
2017-07-26,67.3601,67.9875,67.017,67.2033,1709559
2017-07-27,66.919,67.3699,66.3211,66.8112,1489740
2017-07-28,66.5563,67.0661,66.3407,66.8308,1377993
2017-07-31,67.1249,67.6444,66.8504,67.0955,1149671
2017-08-01,67.3307,67.3307,65.184,65.7134,2268747
2017-08-02,65.3409,66.1447,65.1252,66.1054,1757396
2017-08-03,66.2427,66.9974,65.9486,66.2721,1607993
2017-08-04,66.5073,67.3993,66.4877,67.2229,1535750
2017-08-07,67.1151,67.5268,66.8406,67.1935,1159671
2017-08-08,66.9778,67.6738,66.4681,66.5563,1422482
2017-08-09,66.4093,66.6544,65.7036,65.88,1572804
2017-08-10,65.2135,65.5745,63.8804,63.9196,2402889
2017-08-11,64.1646,64.1646,63.4785,63.5275,1497840
2017-08-14,64.108,64.4721,63.7882,64.1671,1666493
2017-08-15,64.4131,64.541,63.6259,63.8325,1313940
2017-08-16,64.0588,64.3147,63.311,63.3995,1015646
2017-08-17,63.1339,63.1339,62.0023,62.14,1727351
2017-08-18,61.9924,62.2384,61.7858,61.9924,1978135
2017-08-21,62.0219,62.5681,61.7169,62.2384,1178250
2017-08-22,62.5139,63.4684,62.2876,63.4192,1633744
2017-08-23,63.0158,63.2618,62.7993,62.9863,1098371
2017-08-24,63.0748,63.2618,62.7107,62.7993,1215406
2017-08-25,63.1831,63.5078,62.8387,62.9863,954425
2017-08-28,63.4192,63.6849,63.1339,63.37,1119734
2017-08-29,63.1732,64.1966,63.0994,64.1179,1671773
2017-08-30,64.0687,65.0576,63.7243,65.0232,1402990
2017-08-31,65.279,65.466,64.9444,65.2692,1163548
2017-09-01,65.4856,65.4856,64.7968,64.8067,962679
2017-09-05,64.7575,64.787,63.9112,64.2458,1605543
2017-09-06,64.5213,64.9206,64.0391,64.1966,2373632
2017-09-07,64.4721,65.8399,64.2655,65.7612,2341928
2017-09-08,65.6824,66.7353,65.3085,66.5188,1670136
2017-09-11,66.755,67.0108,66.3909,66.6172,1430706
2017-09-12,66.6369,67.739,66.4992,67.6406,1349594
2017-09-13,67.4832,68.0883,67.3159,68.0145,1186719
2017-09-14,67.6505,68.3688,67.6308,68.1129,1306825
2017-09-15,68.1326,68.8608,67.6209,68.8017,2147982
2017-09-18,68.8805,70.2187,68.7624,69.7267,2210846
2017-09-19,69.5397,69.8743,69.1855,69.7661,1350624
2017-09-20,69.3823,70.14,69.2741,69.707,1732592
2017-09-21,69.8645,70.2285,69.5496,69.5791,1215537
2017-09-22,69.3528,70.3565,69.3528,70.2777,1138016
2017-09-25,70.2285,71.065,70.1006,70.8977,1802962
2017-09-26,71.1142,71.2519,70.6517,70.7206,997762
2017-09-27,70.8386,72.1178,70.8288,71.5274,1751593
2017-09-28,70.7796,71.4881,70.3565,71.2126,1120261
2017-09-29,71.3405,71.8423,71.0846,71.183,1143256
2017-10-02,71.0846,71.8128,71.0158,71.7538,969275
2017-10-03,72.0785,73.0034,71.7636,72.5803,1786301
2017-10-04,73.0625,73.4659,72.354,73.1707,2110973
2017-10-05,73.5053,73.5938,72.5016,73.5348,1664682
2017-10-06,72.9346,73.0218,71.7538,72.108,3993691
2017-10-09,72.3245,72.5508,71.6947,72.1277,2041679
2017-10-10,72.3835,72.413,71.9014,72.2458,1655890
2017-10-11,71.7144,72.1474,71.4586,71.6947,1866600
2017-10-12,71.3995,72.0785,71.183,71.7636,2732121
2017-10-13,71.8522,71.9998,71.4094,71.5274,2620739
2017-10-16,71.7341,71.7538,71.2568,71.5471,3034172
2017-10-17,71.5373,71.8276,71.3208,71.5373,1918884
2017-10-18,71.5078,71.6849,71.3306,71.4389,2842486
2017-10-19,71.3306,72.6197,71.0945,72.5902,2678082
2017-10-20,72.9838,73.9284,72.7181,73.7218,2192212
2017-10-23,73.8005,74.4696,73.3478,73.4561,2596201
2017-10-24,72.6197,73.0133,67.7587,69.2544,7505300
2017-10-25,68.7821,69.7562,68.3196,69.1068,3705613
2017-10-26,69.6578,71.2126,69.3528,70.9272,3563577
2017-10-27,70.0317,70.819,69.8743,70.7206,2364713
2017-10-30,70.2285,70.2581,68.9887,69.3233,2082806
2017-10-31,69.5201,71.0453,69.4512,70.5828,2760798
2017-11-01,71.2126,71.3208,69.4512,69.8448,2085722
2017-11-02,69.7365,71.0846,69.3036,70.8091,2193277
2017-11-03,70.691,70.9666,69.6381,70.1793,2312633
2017-11-06,70.2974,70.2974,69.4217,69.4807,1498868
2017-11-07,69.4315,69.7365,68.9199,69.3528,1686587
2017-11-08,69.2642,69.4709,68.8903,69.3921,989819
2017-11-09,68.8805,69.2544,67.9653,68.3097,2316767
2017-11-10,67.985,68.6837,67.6505,68.477,1007967
2017-11-13,68.24,68.5264,68.0523,68.4572,981515
2017-11-14,68.0918,68.3782,67.5882,67.8153,1411279
2017-11-15,67.6968,68.2013,66.8278,67.3413,1904120
2017-11-16,67.4993,69.0004,67.3512,68.8325,1642316
2017-11-17,68.1412,68.1412,65.5045,65.86,5375403
2017-11-20,65.9192,67.1438,65.86,66.8574,2188724
2017-11-21,67.2228,67.4993,66.7685,66.8475,1226584
2017-11-22,66.9759,67.4894,66.8574,67.0253,1046116
2017-11-24,66.7586,67.5042,65.86,66.1069,948392
2017-11-27,66.1957,66.5908,66.0081,66.0674,2504373
2017-11-28,66.6599,67.7166,66.0871,67.6771,2970950
2017-11-29,66.5908,68.7634,66.413,68.1511,2261557
2017-11-30,68.1807,69.6225,67.9733,69.4547,2358131
2017-12-01,68.9214,69.3954,67.4697,68.7831,2765412
2017-12-04,69.109,70.8767,69.0794,69.3954,3671516
2017-12-05,69.3954,70.6891,69.0399,69.2967,2761331
2017-12-06,69.4053,69.4991,68.8128,69.2473,1965983
2017-12-07,69.3362,70.7879,69.0201,70.3336,1842483
2017-12-08,70.7977,71.1236,70.3237,71.0743,1569313
2017-12-11,69.8003,71.0051,69.8003,70.8471,1853886
2017-12-12,70.9162,71.41,70.3336,71.015,2479319
2017-12-13,69.9188,70.2842,69.0596,69.2275,1590657
2017-12-14,69.5238,69.6324,68.1017,68.3585,1697521
2017-12-15,68.9708,69.1288,68.1857,68.2992,2827720
2017-12-18,68.7831,70.1064,68.7831,69.7213,1969854
2017-12-19,70.2546,70.4718,69.5929,70.0176,1448920
2017-12-20,70.304,70.6397,69.8201,70.4225,1406796
2017-12-21,70.3138,70.5903,69.4942,70.3435,1123467
2017-12-22,70.2447,70.2842,69.9534,70.1163,880336
2017-12-26,70.3533,70.6842,70.0768,70.2645,476404
2017-12-27,70.5607,70.5607,69.8694,69.9583,1051817
2017-12-28,70.0669,70.6595,69.7312,70.5508,1060178
2017-12-29,70.462,70.7879,70.1756,70.1953,865949
2018-01-02,71.6668,72.6494,71.5582,72.1112,2251499
2018-01-03,71.568,73.0197,71.5186,72.9901,1428635
2018-01-04,73.2666,74.7479,73.079,73.9184,3095109
2018-01-05,74.3826,74.433,73.5135,74.1653,2024502
2018-01-08,73.9283,74.3036,73.79,73.9283,2075636
2018-01-09,73.9283,74.1643,73.5234,73.8987,2869764
2018-01-10,73.8987,74.0764,72.9605,73.1876,2975614
2018-01-11,73.4345,74.7875,73.2666,74.6294,2786739
2018-01-12,74.7677,75.6466,74.4418,75.4491,2307234
2018-01-16,75.5676,75.8441,74.5603,75.0245,3014603
2018-01-17,75.5182,75.8738,74.827,75.5874,1493387
2018-01-18,75.4491,76.4663,75.3109,75.4491,1671403
2018-01-19,75.7158,76.6737,75.4689,76.5453,1962044
2018-01-22,76.5552,76.7724,75.8639,76.6737,2344247
2018-01-23,76.3577,76.6638,75.7553,76.3972,1081747
2018-01-24,76.6934,77.4045,76.5749,77.3156,2070835
2018-01-25,77.4341,77.676,76.0713,76.2589,2565676
2018-01-26,76.6243,77.8094,76.17,77.7304,1954697
2018-01-29,77.4242,78.6982,77.2761,78.0168,3665661
2018-01-30,75.5479,75.8441,71.1631,74.7973,5874592
2018-01-31,75.2812,76.0416,73.0197,73.632,3206521
2018-02-01,73.1185,74.1159,72.9901,73.79,1976359
2018-02-02,73.4345,73.6419,71.5779,71.6964,1944732
2018-02-05,71.6964,72.0421,68.3289,68.3387,2890233
2018-02-06,66.6303,69.4152,66.4821,69.1781,3268907
2018-02-07,68.8424,69.7806,67.7857,67.8351,3000490
2018-02-08,67.7166,68.3289,66.1464,66.1464,3267129
2018-02-09,66.7093,67.2722,64.4971,66.6599,2382083
2018-02-12,67.4033,68.3747,67.1555,67.6412,2130042
2018-02-13,67.1456,67.6908,66.5806,67.5421,1298077
2018-02-14,66.9077,68.7316,66.7789,68.5135,1635558
2018-02-15,68.8802,69.0983,67.4331,68.3747,2347546
2018-02-16,68.1071,68.9001,67.6908,68.1765,2681993
2018-02-20,67.7899,68.5631,67.5619,68.3846,1682892
2018-02-21,68.5631,69.8913,68.4441,68.6126,2141091
2018-02-22,69.0983,70.2878,68.9199,69.7823,2781453
2018-02-23,70.3473,70.714,69.812,70.6942,2176757
2018-02-26,71.051,71.2394,70.2085,70.9222,2137198
2018-02-27,70.9123,71.7647,70.4266,70.605,3645603
2018-02-28,70.9916,71.5764,70.3968,70.9618,5731975
2018-03-01,71.0114,71.0114,68.3945,68.4342,7541799
2018-03-02,68.1368,68.4937,65.8867,66.6004,3265300
2018-03-05,66.1445,68.3648,66.0949,68.2062,4652470
2018-03-06,69.475,69.9309,68.7613,69.2966,2673031
2018-03-07,68.573,68.8703,67.3538,68.4639,2045831
2018-03-08,68.1467,68.3747,66.9622,67.5619,4699203
2018-03-09,67.9386,68.7589,67.5817,68.4639,6146426
2018-03-12,68.6523,68.6523,66.8086,67.1456,3210416
2018-03-13,67.4925,67.9088,66.4319,66.7888,2596890
2018-03-14,66.9077,67.2289,65.5497,65.7678,1983783
2018-03-15,65.8075,66.313,65.7083,66.2337,2832401
2018-03-16,66.2634,67.4925,66.0453,67.1456,6264016
2018-03-19,65.3416,66.0354,64.8856,65.5696,2578212
2018-03-20,65.8372,66.3923,65.6538,65.7083,1544906
2018-03-21,65.7182,66.8681,65.5101,66.2337,1514818
2018-03-22,65.4506,65.6092,63.7259,63.7556,2383508
2018-03-23,64.0232,64.618,62.2688,62.3877,2601192
2018-03-26,63.6069,64.5189,63.2402,64.4495,2404227
2018-03-27,64.6775,64.9946,63.0122,63.3195,2456816
2018-03-28,63.4979,64.4296,63.2402,63.934,2591264
2018-03-29,64.3404,66.0156,64.1043,65.5894,2905984
2018-04-02,65.3812,65.4209,62.7941,63.8448,2660171
2018-04-03,64.162,65.2226,63.7259,65.1334,2656697
2018-04-04,63.9043,66.9969,63.7754,66.7392,3856332
2018-04-05,67.2546,68.4243,66.8681,67.7403,3212799
2018-04-06,67.3339,67.9981,65.0244,65.6786,2264302
2018-04-09,66.2436,66.313,64.8559,64.955,2454579
2018-04-10,66.313,67.4727,65.8174,67.1456,2291713
2018-04-11,66.4617,67.0762,66.2634,66.4418,1588582
2018-04-12,66.7392,68.0278,66.5905,67.5817,1606260
2018-04-13,68.0774,68.0774,66.9474,67.2745,1589750
2018-04-16,67.9485,69.1677,67.5817,68.91,2332054
2018-04-17,69.3858,69.6534,68.8307,69.1281,2296618
2018-04-18,69.8219,70.9519,69.4056,70.2581,2291418
2018-04-19,69.8021,70.1887,68.4738,69.0289,2523365
2018-04-20,69.2371,69.4056,68.1765,68.573,2171334
2018-04-23,68.6424,69.2966,68.454,68.801,2296166
2018-04-24,69.4948,70.7735,62.9131,64.3503,5575544
2018-04-25,63.9737,65.2028,63.26,64.3305,3908436
2018-04-26,64.4792,64.5089,62.8437,63.6961,3216805
2018-04-27,63.6268,64.1818,63.3591,63.8448,1448889
2018-04-30,64.1818,64.281,63.0915,63.1113,2283046
2018-05-01,62.9428,63.2005,61.4371,63.0221,2364876
2018-05-02,61.7038,62.7941,60.663,61.6245,3400833
2018-05-03,61.3073,62.2985,59.8304,62.0904,2600073
2018-05-04,61.674,63.6069,61.1784,63.2402,1812911
2018-05-07,63.3789,64.2116,63.3789,63.934,1838674
2018-05-08,63.8845,64.1323,63.1857,63.6862,1551368
2018-05-09,64.0034,64.1719,62.9131,63.488,1869673
2018-05-10,63.7358,63.8547,63.1212,63.2005,1949592
2018-05-11,63.2897,63.8448,62.6058,63.2303,2403139
2018-05-14,63.2103,63.6484,62.7723,62.9116,2615430
2018-05-15,62.5333,63.3796,62.4537,63.2402,1978358
2018-05-16,63.3099,63.9968,63.1506,63.6285,1284057
2018-05-17,63.5588,64.6241,63.3198,64.0068,1224461
2018-05-18,64.1761,65.0074,63.8326,64.7236,1394039
2018-05-21,65.1816,66.217,64.7734,65.7192,1291002
2018-05-22,65.9582,66.456,65.4106,65.4504,1574624
2018-05-23,64.9526,65.2812,64.02,64.8033,1444122
2018-05-24,64.8829,65.2911,64.2457,64.9427,1319501
2018-05-25,64.863,65.1517,64.0168,64.3553,951461
2018-05-29,63.7679,64.2159,62.7739,63.2302,1518663
2018-05-30,63.4891,64.3353,63.2601,63.9869,1528942
2018-05-31,63.0212,63.499,61.3685,61.9559,3931033
2018-06-01,62.3541,63.1207,62.3541,62.6926,1638670
2018-06-04,62.7723,63.4244,62.4835,62.8021,1336989
2018-06-05,64.0168,64.5245,63.2302,64.1263,2651268
2018-06-06,64.0864,65.2115,63.8774,65.2015,2043164
2018-06-07,65.1916,65.3807,64.3851,64.6938,1622514
2018-06-08,64.8431,65.1119,64.415,64.9725,1335376
2018-06-11,64.8132,65.4305,64.7336,65.311,1153975
2018-06-12,65.3011,65.6097,64.7336,64.9128,1403541
2018-06-13,65.0522,65.0522,63.6882,63.728,1228544
2018-06-14,63.8774,64.4349,63.29,63.4791,1282314
2018-06-15,63.5687,64.0665,62.2745,63.7181,3302747
2018-06-18,63.2302,63.738,62.7922,63.2999,1444790
2018-06-19,62.5931,62.7524,61.7966,62.4736,2154867
2018-06-20,62.6627,62.7524,62.1152,62.2346,1745684
2018-06-21,62.0554,62.0554,60.7014,61.239,1689129
2018-06-22,61.8165,62.2446,61.3187,61.8364,2653043
2018-06-25,61.5377,62.603,60.9453,61.8663,3240510
2018-06-26,61.8862,62.2346,61.5377,61.8862,2241846
2018-06-27,62.0156,62.9166,61.468,61.4879,1244632
2018-06-28,61.1992,62.0057,61.0051,61.7667,1397681
2018-06-29,61.6373,62.7524,61.5477,61.6871,1715061
2018-07-02,60.0244,60.6915,59.5565,60.5919,2199449
2018-07-03,60.9702,61.2888,59.6262,59.6959,1091242
2018-07-05,60.3629,60.5421,59.8651,60.3131,2143410
2018-07-06,60.4127,60.801,59.7656,60.6417,1910905
2018-07-09,60.8109,61.7169,60.562,61.5676,2222641
2018-07-10,62.3641,62.613,61.7169,62.3043,1385935
2018-07-11,61.5576,61.6672,60.6616,60.9503,1034461
2018-07-12,61.3287,61.6373,60.7413,61.4581,1075679
2018-07-13,61.5178,63.4284,61.5178,63.1705,2225769
2018-07-16,63.2203,63.2302,62.0853,62.2944,1836693
2018-07-17,61.926,62.9515,61.8563,62.9316,1527344
2018-07-18,61.7767,63.8575,61.7767,63.1307,2556087
2018-07-19,63.0909,63.4294,62.3541,63.1705,2056145
2018-07-20,62.9316,62.9515,62.3143,62.4736,1702294
2018-07-23,62.4139,63.2103,62.1351,62.6428,2668813
2018-07-24,64.0168,64.7336,60.801,62.9714,4829779
2018-07-25,61.7767,63.9869,61.7767,63.8873,3616563
2018-07-26,64.0168,65.7491,64.0168,65.1318,2985827
2018-07-27,65.092,65.8487,65.092,65.779,2283008
2018-07-30,65.7591,66.5257,64.6141,64.7236,2251181
2018-07-31,65.0621,65.6794,64.8431,65.4305,2556374
2018-08-01,65.2115,65.4056,63.3497,63.6882,1793985
2018-08-02,63.2203,63.6683,62.5234,63.0112,2072814
2018-08-03,62.9913,64.2358,62.9913,64.1462,2062239
2018-08-06,65.4405,65.9781,64.5942,64.6539,1737368
2018-08-07,63.2402,65.5699,63.2402,64.8929,1305150
2018-08-08,64.7635,64.9227,64.0168,64.1561,1159071
2018-08-09,64.2457,64.5195,63.4692,64.0267,1270765
2018-08-10,63.5986,63.8176,62.7524,63.28,1474359
2018-08-13,63.59,64.76,63.59,63.94,1945653
2018-08-14,64.17,65.12,64.02,64.81,2113151
2018-08-15,64.15,64.615,63.32,64.53,1978458
2018-08-16,65.1,66.05,65.0,65.68,1913216
2018-08-17,65.86,67.53,65.71,67.16,2424726
2018-08-20,67.46,68.57,67.39,68.24,2530980
2018-08-21,68.4,68.7,67.775,67.96,2258447
2018-08-22,67.85,68.04,67.49,67.77,1727821
2018-08-23,67.47,67.54,66.1301,66.62,1533620
2018-08-24,66.55,67.56,66.35,67.43,1930942
2018-08-27,67.81,69.135,67.53,68.62,1622251
2018-08-28,68.82,69.115,68.42,68.49,1576141
2018-08-29,68.47,68.67,67.87,68.43,967588
2018-08-30,68.25,68.56,67.51,67.86,1676680
2018-08-31,67.81,68.5,67.57,68.42,1615765
2018-09-04,67.95,68.42,67.68,68.34,2062190
2018-09-05,68.05,69.93,67.89,69.91,3516708
2018-09-06,69.88,70.3,68.99,69.18,1942508
2018-09-07,68.77,69.265,68.24,69.01,1862994
2018-09-10,69.44,70.89,69.3573,69.99,1794921
2018-09-11,69.74,69.94,68.75,69.06,2258936
2018-09-12,68.94,69.785,68.32,69.64,1753784
2018-09-13,69.98,70.35,69.49,69.89,1085393
