date,open,high,low,close,volume
2013-09-16,15.7858,16.1298,15.7765,15.9345,16892861
2013-09-17,15.9252,16.1298,15.7114,15.8044,6046214
2013-09-18,15.8044,16.827,15.479,16.669,15293431
2013-09-19,16.7712,17.078,16.3064,16.3808,11588605
2013-09-20,16.4087,16.4274,15.8214,15.9612,12601860
2013-09-23,15.9612,15.9705,15.4205,15.6163,9238113
2013-09-24,15.6722,16.2689,15.523,15.9426,11768883
2013-09-25,16.129,16.3155,15.7375,16.0172,7493478
2013-09-26,16.0451,16.0824,15.7281,15.8307,6349104
2013-09-27,15.7001,15.7841,15.3272,15.4485,9914592
2013-09-30,15.1408,15.579,15.0382,15.3832,7488318
2013-10-01,15.4391,15.5883,15.3459,15.5417,7433245
2013-10-02,15.4391,15.8866,15.3366,15.7654,6847987
2013-10-03,15.9146,15.9333,15.29,15.3832,6994500
2013-10-04,15.3459,15.4112,14.8984,15.1035,7805165
2013-10-07,14.9357,15.234,14.8704,14.9357,4862985
2013-10-08,14.917,15.1221,14.4322,14.5348,8211419
2013-10-09,14.5721,14.7166,14.2458,14.5255,10730442
2013-10-10,14.7958,15.0009,14.656,14.7865,7697952
2013-10-11,15.0382,15.1501,14.8238,15.0196,6101526
2013-10-14,14.9077,14.945,14.5255,14.9077,6146592
2013-10-15,14.8331,14.8984,14.4416,14.4882,7906233
2013-10-16,14.6746,15.0569,14.4602,14.9357,9681615
2013-10-17,14.8518,15.593,14.7958,15.5324,11682934
2013-10-18,15.6629,15.8027,15.3272,15.4578,6190034
2013-10-21,15.551,15.7468,14.945,15.2713,7026790
2013-10-22,15.3552,15.7561,15.3179,15.4112,10720332
2013-10-23,15.2713,15.9705,15.2713,15.551,11192613
2013-10-24,16.0917,16.8283,16.0638,16.6418,22033926
2013-10-25,16.6884,16.8469,16.4926,16.819,12610861
2013-10-28,16.8283,17.0147,16.6045,16.8003,8930252
2013-10-29,16.8469,16.9774,16.6698,16.9774,8352279
2013-10-30,17.0054,17.0054,16.5859,16.7817,8798628
2013-10-31,16.7257,16.735,16.3994,16.4553,10781293
2013-11-01,16.4647,16.6138,16.0917,16.3621,11102929
2013-11-04,16.4553,16.9029,16.4367,16.6232,9226792
2013-11-05,16.5299,16.6978,15.9799,16.3435,12239005
2013-11-06,16.4274,16.7164,16.2223,16.5672,11655477
2013-11-07,16.749,17.08,16.2875,16.3248,7743731
2013-11-08,16.185,16.185,15.3645,15.7095,18293045
2013-11-11,15.7654,15.7654,15.3832,15.579,6705042
2013-11-12,15.5603,15.84,15.3832,15.6256,11216588
2013-11-13,15.5603,16.0358,15.5137,15.8773,6978847
2013-11-14,15.9426,16.7817,15.896,16.6511,11850752
2013-11-15,16.7538,16.9635,16.735,16.8749,11973814
2013-11-18,16.8656,17.369,16.8469,17.0427,10414286
2013-11-19,16.9961,17.1919,16.8469,16.9774,6758726
2013-11-20,17.1266,17.341,16.6884,16.8935,9336099
2013-11-21,16.9215,17.2385,16.6884,17.1359,7057644
2013-11-22,17.1826,17.2432,16.8842,16.9868,5491479
2013-11-25,17.108,17.1173,16.5952,16.9215,5187198
2013-11-26,16.9774,17.8025,16.9774,17.6674,10773367
2013-11-27,17.6953,17.9471,17.5275,17.5741,4642326
2013-11-29,17.6394,17.7047,17.3411,17.4902,2999468
2013-12-02,17.5182,17.5275,17.1266,17.2478,5455532
2013-12-03,17.108,17.3317,16.9588,17.1826,7076617
2013-12-04,16.9495,17.3271,16.7071,17.108,7934829
2013-12-05,17.0054,17.08,16.6325,16.7723,8293506
2013-12-06,17.0147,17.2198,16.8562,16.9495,7826180
2013-12-09,16.9868,17.3737,16.9588,17.0893,6028799
2013-12-10,17.2385,17.686,17.1359,17.1826,5282814
2013-12-11,17.1546,17.1639,16.6884,16.8469,6791519
2013-12-12,16.8376,16.9588,16.6698,16.8376,4204581
2013-12-13,16.8749,17.052,16.735,16.8096,4544799
2013-12-16,16.8935,17.1826,16.8656,16.8842,4425867
2013-12-17,16.8655,16.9216,16.5009,16.8468,5718274
2013-12-18,17.1927,17.5199,16.6692,17.2114,15701549
2013-12-19,17.4078,17.4171,16.9964,17.0618,5658487
2013-12-20,17.1366,17.576,17.0899,17.4078,9372073
2013-12-23,17.6041,18.4735,17.548,18.4268,11416906
2013-12-24,18.4361,18.7166,18.0622,18.4455,4838864
2013-12-26,18.5577,18.9971,18.4642,18.6792,6265088
2013-12-27,18.6792,18.9223,18.5296,18.7634,4413123
2013-12-30,18.7727,18.9877,18.6792,18.8195,5561651
2013-12-31,18.9223,19.156,18.7774,19.0438,6132801
2014-01-02,18.9316,19.0158,18.567,18.7727,5616884
2014-01-03,18.8101,19.0532,18.6792,18.7353,3716941
2014-01-06,18.8288,18.9363,18.4268,18.5483,6602103
2014-01-07,18.7634,18.7821,18.2118,18.2679,7194886
2014-01-08,18.2398,18.6138,18.0996,18.4922,8660811
2014-01-09,18.5764,18.6044,18.2024,18.5016,5207627
2014-01-10,18.4455,19.0999,18.4081,18.8475,11385839
2014-01-13,18.6979,18.7073,18.0061,18.137,8761672
2014-01-14,18.2585,18.3801,17.9967,18.2492,5193165
2014-01-15,18.3427,18.3614,18.0805,18.2024,4437004
2014-01-16,18.165,18.4735,17.8846,18.4081,5388658
2014-01-17,18.3894,18.3894,18.0528,18.0996,4544195
2014-01-21,18.1744,18.2398,17.7911,17.95,4931886
2014-01-22,17.9687,18.4548,17.8565,18.352,5522077
2014-01-23,18.1837,18.3987,17.9967,18.3707,4670123
2014-01-24,18.1931,18.2501,17.5293,17.6134,7004853
2014-01-27,17.6602,18.0715,17.0244,17.4919,7969390
2014-01-28,17.7069,18.2725,17.6695,18.1837,8873750
2014-01-29,17.9313,18.3146,17.8098,18.165,9808535
2014-01-30,18.9877,19.4271,18.0949,18.4829,12570995
2014-01-31,18.567,19.4271,18.4361,18.9971,14382504
2014-02-03,19.3056,19.3056,18.1931,18.4081,11089267
2014-02-04,18.4455,18.7914,18.2398,18.5764,8536799
2014-02-05,18.3614,18.4361,17.95,18.2211,9106343
2014-02-06,18.324,18.9784,18.3146,18.8195,7818444
2014-02-07,18.9036,18.941,18.3707,18.5109,10034504
2014-02-10,18.4922,18.6138,18.0154,18.0902,9673879
2014-02-11,18.0435,18.4455,17.95,18.3894,8756920
2014-02-12,18.4548,18.5483,18.2492,18.324,5005478
2014-02-13,18.2679,18.5577,18.0996,18.5296,5186031
2014-02-14,18.5109,18.7259,18.2959,18.7166,5491986
2014-02-18,18.7914,18.9129,18.2492,18.5016,6472949
2014-02-19,18.4642,18.6792,18.2772,18.3801,6010017
2014-02-20,18.4268,18.7353,18.1884,18.7166,10637318
2014-02-21,18.7447,19.1467,18.5857,19.0438,9679783
2014-02-24,19.0906,19.1644,18.8195,19.0906,8782807
2014-02-25,19.0532,19.5206,18.8662,19.3336,7321206
2014-02-26,19.3523,20.2405,19.1654,19.8665,12628757
2014-02-27,19.8572,19.9226,19.537,19.9039,10845783
2014-02-28,19.8946,19.9039,19.4084,19.6235,10117009
2014-03-03,19.4178,19.5393,19.1747,19.4552,6453087
2014-03-04,19.9974,20.0161,19.4271,19.5487,12214876
2014-03-05,19.5487,19.6796,19.2308,19.2962,7291204
2014-03-06,19.3149,19.4458,19.0906,19.2402,5180908
2014-03-07,19.3151,19.3245,18.7856,19.034,7003639
2014-03-10,18.9215,19.0715,18.6966,18.7435,6054447
2014-03-11,18.8091,19.0246,18.4998,18.6779,6075671
2014-03-12,18.4061,18.4623,18.0809,18.4342,7927272
2014-03-13,18.481,18.5279,17.7594,17.975,11300671
2014-03-14,17.9094,18.1156,17.8063,17.9469,6785315
2014-03-17,17.9843,18.2468,17.8344,18.0125,4671165
2014-03-18,18.1343,18.3967,17.9843,18.2561,4588003
2014-03-19,18.9496,19.0434,18.1905,18.378,8565427
2014-03-20,18.4436,18.5186,17.9843,18.1812,8640340
2014-03-21,18.303,18.3124,17.8625,17.9094,8981564
2014-03-24,17.975,18.0218,17.4595,17.6563,7593362
2014-03-25,17.4502,17.7875,17.3564,17.6189,7436844
2014-03-26,17.6938,17.8157,17.4033,17.4033,5565839
2014-03-27,17.422,17.7219,17.2346,17.5064,6906339
2014-03-28,17.5907,17.9468,17.5158,17.8157,5514066
2014-03-31,17.9187,18.153,17.647,17.9843,4711093
2014-04-01,18.0031,18.4529,17.9047,18.3967,6404316
2014-04-02,18.4061,18.556,18.1812,18.4529,4419191
2014-04-03,18.4154,18.5467,18.153,18.4717,3363047
2014-04-04,18.556,18.884,18.0874,18.2655,7974979
2014-04-07,18.2374,18.2936,17.6798,17.8344,6499370
2014-04-08,17.8719,18.1249,17.7407,17.9187,7261723
2014-04-09,17.9937,18.0734,17.5345,17.9469,5991229
2014-04-10,17.9656,18.2186,17.7501,17.7501,5512779
2014-04-11,17.6282,17.8813,17.4314,17.5345,5092560
2014-04-14,17.6563,17.7969,17.4408,17.5814,3494558
2014-04-15,17.5907,17.8859,17.1596,17.5158,5934564
2014-04-16,17.5907,17.7969,17.3846,17.7126,3779947
2014-04-17,17.7126,17.7594,17.4408,17.5345,4609151
2014-04-21,17.5251,17.6001,17.2768,17.5439,6213380
2014-04-22,17.5251,17.7501,17.4502,17.497,5880824
2014-04-23,17.5064,17.5158,17.0565,17.4033,9282813
2014-04-24,18.0968,18.1437,17.5439,17.7969,10742271
2014-04-25,17.6657,17.7313,17.169,17.2815,8623967
2014-04-28,17.3002,17.7782,17.0284,17.1034,8919056
2014-04-29,17.1034,17.2674,16.9544,17.169,4801096
2014-04-30,17.1315,17.2908,17.0097,17.2346,4228240
2014-05-01,17.2534,17.6563,17.2065,17.3658,4380931
2014-05-02,17.3377,17.7594,17.2721,17.5345,4496402
2014-05-05,17.4408,17.5814,17.244,17.3471,3675182
2014-05-06,17.3002,17.3376,16.9722,17.1222,6564241
2014-05-07,17.1596,17.2252,16.916,17.0565,4548262
2014-05-08,17.0659,17.3096,16.8879,17.0191,6043653
2014-05-09,16.9628,17.2346,16.8785,17.169,5857616
2014-05-12,17.244,17.7594,17.244,17.6563,8345889
2014-05-13,17.6751,18.1999,17.661,17.9,11630722
2014-05-14,17.9,17.9187,17.5251,17.5439,7655816
2014-05-15,17.4689,17.7219,17.1222,17.6376,7244441
2014-05-16,17.8157,17.9375,17.5439,17.6563,5617442
2014-05-19,17.5814,17.6329,17.3752,17.5814,3873465
2014-05-20,17.5158,17.5814,17.2252,17.4314,6409519
2014-05-21,17.4314,17.647,17.319,17.6282,5673454
2014-05-22,17.6282,18.1624,17.5251,18.0125,6376222
2014-05-23,18.0406,18.5185,17.9843,18.4623,9581820
2014-05-27,18.556,18.6263,18.2842,18.556,9608887
2014-05-28,18.7622,18.884,18.4154,18.5185,6587750
2014-05-29,18.6123,18.7997,18.378,18.4998,5190026
2014-05-30,18.4342,18.5185,18.228,18.3311,4803411
2014-06-02,18.3311,18.481,18.2186,18.4154,3934420
2014-06-03,18.3217,18.6085,18.2796,18.4529,4719186
2014-06-04,18.378,18.5279,18.1812,18.378,3266103
2014-06-05,18.3686,18.7153,18.2655,18.631,5248549
2014-06-06,18.706,18.9122,18.6591,18.8653,5128882
2014-06-09,18.8465,19.1792,18.7903,18.959,5340671
2014-06-10,18.9309,19.0059,18.7763,18.8653,3849832
2014-06-11,18.7435,18.7809,18.3217,18.3967,5454296
2014-06-12,18.3686,18.556,18.2186,18.3498,4361247
2014-06-13,18.3405,18.378,18.1156,18.1999,4385120
2014-06-16,18.2093,18.4295,17.9937,18.3217,8488096
2014-06-17,18.256,18.5566,18.0117,18.4345,5040466
2014-06-18,18.4157,18.4815,18.0774,18.3405,5907024
2014-06-19,18.4063,18.707,18.3594,18.4815,4546808
2014-06-20,18.5003,18.5097,18.1761,18.4627,5403990
2014-06-23,18.4439,18.7915,18.4063,18.6976,6944579
2014-06-24,18.6318,19.1862,18.5754,18.7539,6263703
2014-06-25,18.7164,18.8573,18.5566,18.7727,3515612
2014-06-26,18.8291,18.8291,18.5097,18.6506,4965470
2014-06-27,18.66,18.9513,18.5191,18.8667,12420440
2014-06-30,18.9231,19.1674,18.8667,18.9419,6414666
2014-07-01,19.017,19.3929,18.9325,19.2613,4469745
2014-07-02,19.2989,19.3929,19.017,19.0828,3543380
2014-07-03,19.1298,19.2237,18.9747,19.1016,2935439
2014-07-07,18.9888,19.0828,18.707,18.7915,3849184
2014-07-08,18.7633,18.9372,18.6412,18.7821,4178949
2014-07-09,18.8009,19.0405,18.7821,18.8197,3483914
2014-07-10,18.5754,18.8761,18.4533,18.6506,3370459
2014-07-11,18.6036,18.6976,18.4251,18.5472,3487493
2014-07-14,18.66,18.7164,18.4251,18.4439,4217483
2014-07-15,18.4251,18.5378,18.3593,18.4909,4673248
2014-07-16,18.6036,18.8573,18.3734,18.7539,5006833
2014-07-17,18.3687,18.4344,18.2466,18.3123,2432488
2014-07-18,18.3687,18.4344,18.2466,18.3123,2450031
2014-07-21,18.2278,18.3217,18.0681,18.0681,6580783
2014-07-22,18.209,18.5191,18.1995,18.2748,10114569
2014-07-23,18.3029,18.707,18.1714,18.6412,7466580
2014-07-24,18.6036,18.6318,17.9835,18.0774,17966668
2014-07-25,17.9741,17.9835,17.5231,17.5983,10983338
2014-07-28,17.5607,17.6452,17.26,17.4291,7340108
2014-07-29,17.4385,17.4949,17.1849,17.2788,4901683
2014-07-30,17.2976,17.3634,16.9124,17.0439,5278863
2014-07-31,16.8936,16.8936,16.452,16.5835,7394423
2014-08-01,16.5647,16.8466,16.4896,16.5741,5682768
2014-08-04,16.6681,16.856,16.5084,16.6963,7290263
2014-08-05,16.5835,16.8184,16.4426,16.5459,5084363
2014-08-06,16.4708,16.7104,16.4426,16.5365,3326610
2014-08-07,16.5741,16.7057,16.4144,16.4802,3242705
2014-08-08,16.4896,16.9969,16.4896,16.9781,5327814
2014-08-11,17.0063,17.1473,16.9124,16.9312,3122576
2014-08-12,16.8842,16.9218,16.7339,16.7808,3680647
2014-08-13,16.8748,16.9781,16.7526,16.903,2384510
2014-08-14,16.95,17.2506,16.8748,17.2412,3616453
2014-08-15,17.3446,17.3634,17.0016,17.1661,3027983
2014-08-18,17.2694,17.6593,17.2506,17.6452,6667914
2014-08-19,17.9271,18.1526,17.7486,17.9083,7749286
2014-08-20,17.8332,18.0023,17.7956,17.9647,3229617
2014-08-21,18.0211,18.0868,17.8426,17.9647,2966285
2014-08-22,17.9271,18.0211,17.8238,17.9365,3192308
2014-08-25,18.0774,18.1714,17.8566,17.9177,4756663
2014-08-26,17.9647,18.0493,17.7956,17.9365,2877784
2014-08-27,17.9741,18.0399,17.9271,18.0023,2227852
2014-08-28,17.8895,18.0399,17.7768,17.9365,2424999
2014-08-29,17.9083,18.1385,17.8613,18.0587,2779620
2014-09-02,18.0493,18.0493,17.7486,17.758,5185764
2014-09-03,17.7392,17.852,17.0721,17.0815,8123425
2014-09-04,17.1849,17.4752,17.1567,17.4197,4924402
2014-09-05,17.4104,17.5513,17.3446,17.4104,2728675
2014-09-08,17.3728,17.6171,17.354,17.4761,2891702
2014-09-09,17.5325,17.6828,17.4197,17.5701,4492271
2014-09-10,17.6171,17.9365,17.5607,17.9083,5657632
2014-09-11,17.7862,18.0211,17.7862,17.9177,4300571
2014-09-12,17.8895,17.9271,17.4291,17.6452,5096793
2014-09-15,17.6171,17.9271,17.5889,17.7956,5470858
2014-09-16,17.711,17.9459,17.6922,17.7862,3239337
2014-09-17,18.0211,18.5003,17.9647,18.2278,7287237
2014-09-18,18.2372,18.3126,17.9546,17.9734,3522798
2014-09-19,18.0488,18.1053,17.5872,17.7285,7029105
2014-09-22,17.6626,17.7003,17.1633,17.2669,6462157
2014-09-23,17.1539,17.4836,17.0785,17.3423,4978904
2014-09-24,17.0126,17.3894,16.909,17.2669,7038690
2014-09-25,17.1633,17.2575,16.909,16.9843,6226838
2014-09-26,17.0785,17.1068,16.8101,16.8524,5101590
2014-09-29,16.73,16.843,16.6546,16.7111,5111567
2014-09-30,16.7111,16.7394,16.5039,16.6358,6441384
2014-10-01,16.6358,16.7206,16.4804,16.5698,4545193
2014-10-02,16.6452,16.8242,16.4615,16.7488,5135010
2014-10-03,16.8336,17.0503,16.7111,16.9184,4940413
2014-10-06,17.0409,17.266,17.022,17.1351,5468189
2014-10-07,17.0314,17.3611,16.9938,17.0691,5176033
2014-10-08,17.0597,17.3329,16.8996,17.2481,5103173
2014-10-09,17.2387,17.3988,16.8336,16.8619,5881754
2014-10-10,16.8242,16.8996,15.967,16.0517,15656902
2014-10-13,16.0235,16.2967,15.5996,15.6938,12248327
2014-10-14,15.8162,16.3202,15.8162,16.0046,5513683
2014-10-15,15.8162,16.6735,15.755,16.5698,9469234
2014-10-16,16.1836,16.8101,16.1836,16.3815,8368358
2014-10-17,16.5698,17.3706,16.4945,17.1727,8917808
2014-10-20,17.1916,17.7662,17.1916,17.7191,7555974
2014-10-21,17.7568,18.1901,17.5966,18.03,8629612
2014-10-22,18.0205,18.2655,17.9169,18.0676,7742000
2014-10-23,18.2278,18.6611,17.6155,18.3785,13944893
2014-10-24,18.3879,18.4727,18.03,18.4068,5775061
2014-10-27,18.2937,18.3408,18.0205,18.2466,5798155
2014-10-28,18.2843,18.4068,18.0865,18.2278,7912904
2014-10-29,18.1713,18.3691,17.7662,18.0865,8528649
2014-10-30,18.0488,18.1524,17.8227,17.9923,4020010
2014-10-31,18.1807,18.2937,17.7945,18.0771,6121280
2014-11-03,18.1147,18.3399,17.9075,18.2749,4218774
2014-11-04,18.1807,18.2937,17.9263,17.9923,4178880
2014-11-05,18.1053,18.256,17.9546,18.0865,3294120
2014-11-06,18.1053,18.4727,18.0394,18.4633,3780843
2014-11-07,18.3879,18.8118,18.3597,18.8024,5140691
2014-11-10,19.1509,19.4712,19.0756,19.1321,8194369
2014-11-11,19.1227,19.7727,19.0944,19.7538,7276661
2014-11-12,19.6408,19.8433,19.3864,19.4901,6111341
2014-11-13,19.5277,19.7727,19.5277,19.6031,3319027
2014-11-14,19.5937,19.7632,19.5183,19.7067,2881459
2014-11-17,19.5089,19.848,19.4806,19.7538,4997226
2014-11-18,19.7821,20.0929,19.7161,20.0647,6274612
2014-11-19,19.9516,20.239,19.6408,19.735,7981971
2014-11-20,19.6973,20.2248,19.6125,20.1212,5822902
2014-11-21,20.2531,20.5828,20.2342,20.4132,7235090
2014-11-24,20.3944,20.6487,20.3096,20.3284,5968301
2014-11-25,20.3567,20.5734,20.1683,20.2154,3923347
2014-11-26,20.2625,20.3096,19.9328,20.2531,3298666
2014-11-28,20.2908,20.4792,20.1306,20.3755,1923545
2014-12-01,20.3567,20.6205,20.2578,20.4226,6337839
2014-12-02,20.498,20.6487,20.3485,20.4132,5308094
2014-12-03,20.3661,20.7523,20.206,20.2248,7400897
2014-12-04,20.2342,20.6958,20.1212,20.4603,6112845
2014-12-05,20.4038,20.5357,20.2437,20.2908,4189848
2014-12-08,20.2908,20.3755,19.9705,20.027,5059209
2014-12-09,19.7915,20.3096,19.7915,19.9893,5442459
2014-12-10,20.0458,20.14,19.2122,19.2828,7816692
2014-12-11,19.4436,19.6989,19.2923,19.3963,7535189
2014-12-12,19.349,19.5476,19.0748,19.0937,6930853
2014-12-15,19.1504,19.3585,18.7485,18.8667,6173100
2014-12-16,18.7532,19.0369,18.7059,18.7154,6044882
2014-12-17,18.6587,19.4058,18.6208,19.3585,5616928
2014-12-18,19.5949,19.8124,19.3112,19.7935,4771068
2014-12-19,19.8786,19.907,19.5854,19.7651,5269709
2014-12-22,19.7935,19.9354,19.6233,19.7557,3491972
2014-12-23,19.7935,19.9921,19.6611,19.803,3101819
2014-12-24,19.8597,19.9921,19.7651,19.8219,1788154
2014-12-26,19.9259,20.0205,19.8313,19.8597,1053958
2014-12-29,19.8786,20.2569,19.7935,19.9921,3161222
2014-12-30,19.8881,20.1812,19.8692,20.1529,4158109
2014-12-31,20.2474,20.5595,20.2001,20.2947,3496810
2015-01-02,20.4177,20.446,19.7084,20.1056,5481666
2015-01-05,20.0394,20.0394,19.68,19.8124,5094079
2015-01-06,19.907,19.9164,19.471,19.576,6824675
2015-01-07,19.7462,20.9189,19.7084,20.5406,11698888
2015-01-08,20.7297,21.1837,20.7108,21.1742,9457018
2015-01-09,21.2593,21.5809,21.1458,21.4106,6634078
2015-01-12,21.4485,21.6045,21.1175,21.4579,6798383
2015-01-13,21.8457,22.0159,20.498,20.9283,11125805
2015-01-14,20.6825,21.1742,20.569,21.0229,6075446
2015-01-15,21.0418,21.3539,19.6138,19.8881,10701641
2015-01-16,19.8124,20.4366,19.1693,20.3987,10363797
2015-01-20,20.0677,20.1339,19.2734,19.6706,8211220
2015-01-21,19.7178,20.115,19.6611,19.8692,5478771
2015-01-22,19.9732,20.0488,19.6516,19.7935,5411796
2015-01-23,19.8502,19.9354,19.4625,19.5665,5026909
2015-01-26,19.8124,20.0961,19.6611,20.0583,6081767
2015-01-27,19.803,20.0015,19.6422,19.8219,6191456
2015-01-28,19.9448,20.0299,19.4341,19.4625,10193592
2015-01-29,19.7462,20.7676,19.5949,20.6352,11779112
2015-01-30,20.238,20.2853,19.1315,19.472,18817290
2015-02-02,19.5098,19.68,19.0653,19.4436,7245711
2015-02-03,19.4341,20.0488,19.4247,19.9448,6874282
2015-02-04,19.8975,20.6919,19.8881,20.4177,8005792
2015-02-05,20.3704,20.6163,20.011,20.3136,5515388
2015-02-06,20.3798,21.2688,20.3609,21.0513,12548465
2015-02-09,21.0607,21.2593,21.0229,21.108,4736984
2015-02-10,21.2688,21.6092,21.0891,21.5336,7324832
2015-02-11,21.5998,21.7416,21.0418,21.1931,6588545
2015-02-12,21.2593,21.666,21.1553,21.6282,3248317
2015-02-13,21.5336,21.6565,21.231,21.6471,5395776
2015-02-17,21.4485,21.6896,21.231,21.6754,4648809
2015-02-18,21.6754,21.7038,21.2546,21.4768,4049337
2015-02-19,21.5241,21.7227,21.3917,21.4768,3106883
2015-02-20,21.4201,21.5525,21.231,21.5147,3237748
2015-02-23,21.4958,21.6565,21.108,21.3539,3610798
2015-02-24,21.6754,22.0915,21.4958,21.9781,6493529
2015-02-25,21.997,22.0821,21.562,21.6849,3769200
2015-02-26,21.5998,21.6745,21.1931,21.4296,3991644
2015-02-27,21.3917,21.543,21.231,21.335,3258871
2015-03-02,21.4012,21.5194,21.0796,21.212,4308900
2015-03-03,21.0607,21.0891,20.2663,20.5973,11055065
2015-03-04,20.5406,21.056,20.4933,20.9473,4038294
2015-03-05,21.0324,21.056,20.8527,21.0324,2881815
2015-03-06,20.8621,20.8621,19.8408,20.0677,8504717
2015-03-09,20.3798,20.446,20.1529,20.1907,3949554
2015-03-10,20.0673,20.2476,19.9724,19.9724,3506619
2015-03-11,20.0673,20.2856,19.8917,20.0958,2857386
2015-03-12,20.1242,20.485,20.0863,20.2002,3541018
2015-03-13,20.0863,20.3046,19.9059,19.9819,3968845
2015-03-16,20.0958,20.2666,19.8869,20.0008,3276710
2015-03-17,19.9154,19.9344,19.5452,19.8869,5247919
2015-03-18,19.9249,20.3805,19.6116,20.2287,5680014
2015-03-19,20.409,20.5894,20.0388,20.2856,3824897
2015-03-20,20.485,21.0165,20.466,20.6653,5050328
2015-03-23,20.6558,20.8552,20.447,20.447,3013495
2015-03-24,20.466,21.1684,20.2666,20.8267,4952775
2015-03-25,20.8836,21.007,20.4945,20.5039,3178002
2015-03-26,20.428,20.6179,20.3141,20.428,3548939
2015-03-27,20.4375,21.083,20.4185,20.9026,7100460
2015-03-30,21.1115,21.5007,20.9881,21.3013,4119898
2015-03-31,21.2728,21.6146,21.026,21.102,6007557
2015-04-01,21.1399,21.1874,20.8362,21.1589,4487699
2015-04-02,21.1399,21.5671,21.1115,21.5481,3495378
2015-04-06,21.4817,21.7854,21.4057,21.5196,3016422
2015-04-07,21.5196,21.5481,21.0023,21.045,4261830
2015-04-08,21.0735,21.363,21.0355,21.3298,3313616
2015-04-09,20.8742,21.2823,20.7128,21.1779,6233228
2015-04-10,21.1779,21.2918,20.9216,21.1874,3098108
2015-04-13,21.2444,21.3867,21.0735,21.102,2905670
2015-04-14,21.1305,21.4342,20.9501,21.3962,3219285
2015-04-15,21.5007,21.738,21.3583,21.6241,3565021
2015-04-16,21.5007,21.5007,21.0782,21.2064,4059324
2015-04-17,20.9881,21.1305,20.6036,21.064,5245057
2015-04-20,21.1684,21.2823,20.5989,20.7887,4519062
2015-04-21,20.8362,21.2349,20.8362,21.083,5060619
2015-04-22,21.0545,21.0735,20.3663,20.5894,7439994
2015-04-23,19.4787,19.6876,18.6529,18.9567,27580445
2015-04-24,18.8617,19.5452,18.8522,19.099,14884567
2015-04-27,19.213,19.2889,18.7383,18.8617,7623377
2015-04-28,18.8333,18.9756,18.5627,18.9282,5309455
2015-04-29,18.7004,18.876,18.482,18.8522,5837327
2015-04-30,18.7573,18.7668,18.2922,18.3207,7395726
2015-05-01,18.4061,18.7953,18.3301,18.6244,4854419
2015-05-04,18.6909,18.8238,18.3871,18.501,3736595
2015-05-05,18.539,18.6814,18.3681,18.4725,7734717
2015-05-06,18.5105,18.6339,18.2637,18.4251,4240748
2015-05-07,18.3776,18.7763,18.3491,18.7004,4832066
2015-05-08,18.9092,19.175,18.7288,18.7858,4635041
2015-05-11,18.8143,18.876,18.4725,18.5295,4176240
2015-05-12,18.4156,18.6576,18.2305,18.539,5748423
2015-05-13,18.5675,18.7763,18.3444,18.4441,4013866
2015-05-14,18.5105,18.6814,18.4441,18.5864,3480429
2015-05-15,18.4535,19.0136,18.4156,18.8807,7860725
2015-05-18,18.8997,19.0326,18.7668,18.8902,6608755
2015-05-19,19.2414,19.4028,18.8665,19.0326,8652888
2015-05-20,19.137,19.213,18.7478,19.099,5861695
2015-05-21,19.099,19.1607,18.9282,18.9851,5628531
2015-05-22,18.9472,18.9756,18.6434,18.7573,6721259
2015-05-26,18.6814,18.8048,18.482,18.501,4292320
2015-05-27,18.5105,18.5675,18.1925,18.3966,5550808
2015-05-28,18.3396,18.6814,18.3207,18.4441,5144771
2015-05-29,18.3871,18.5485,18.2067,18.2067,4264921
2015-06-01,18.3112,18.4725,18.2637,18.2922,4345931
2015-06-02,18.2542,18.4535,18.1403,18.2352,5075493
2015-06-03,18.3586,18.6624,18.2162,18.3586,6843132
2015-06-04,18.2257,18.3491,17.941,18.0738,7702702
2015-06-05,17.9884,18.1878,17.8745,18.1118,3266851
2015-06-08,18.0549,18.1118,17.8935,17.9315,3328237
2015-06-09,17.9029,18.0649,17.7408,17.9696,4478697
2015-06-10,18.0268,18.2937,18.0077,18.2079,3219825
2015-06-11,18.2937,18.5225,18.2746,18.3318,4377788
2015-06-12,18.1984,18.389,18.1984,18.37,3405589
2015-06-15,18.3032,18.7418,18.2746,18.4748,5326065
2015-06-16,18.4272,18.513,18.3032,18.4748,4448334
2015-06-17,18.4939,18.5797,18.3604,18.5606,3858860
2015-06-18,18.5892,18.7893,18.5606,18.6464,3281717
2015-06-19,18.7227,19.2089,18.7036,19.0563,6968781
2015-06-22,19.1326,19.3805,19.1326,19.3042,5536844
2015-06-23,19.3709,19.6379,19.2279,19.3614,5974131
2015-06-24,19.7808,20.0287,19.5425,19.5807,6345898
2015-06-25,19.6379,19.838,19.4663,19.4663,4084337
2015-06-26,19.533,19.5616,19.3137,19.5235,4449739
2015-06-29,19.3423,19.5521,19.1135,19.1421,3826348
2015-06-30,19.2565,19.4377,19.1517,19.2089,4948938
2015-07-01,19.3614,19.5044,19.1993,19.4758,5687636
2015-07-02,19.5425,19.8094,19.3423,19.5902,8672660
2015-07-06,19.4186,19.9334,19.3709,19.6093,5720001
2015-07-07,19.5807,19.9524,19.5187,19.9334,8037915
2015-07-08,19.7808,19.9334,19.3995,19.4949,4881652
2015-07-09,19.695,19.7999,19.3614,19.3709,5905526
2015-07-10,19.5425,19.8047,19.5044,19.7236,2986494
2015-07-13,19.838,19.9048,19.676,19.7808,3109173
2015-07-14,19.838,19.962,19.7618,19.9143,2421475
2015-07-15,19.9143,19.9238,19.4347,19.533,4233471
2015-07-16,19.6474,19.7141,19.3566,19.533,4027652
2015-07-17,19.5902,19.6093,19.05,19.1517,7770607
2015-07-20,19.1803,19.1946,18.7751,18.8085,6093610
2015-07-21,18.8276,19.0659,18.6941,18.7608,5305321
2015-07-22,18.7513,19.2851,18.7418,19.2184,6886393
2015-07-23,19.2756,19.6569,18.9134,19.2375,9921714
2015-07-24,19.3042,19.3042,18.4653,18.5797,8624031
2015-07-27,18.4558,18.7322,18.3795,18.5892,6646268
2015-07-28,18.6464,18.9801,18.4748,18.7704,6792246
2015-07-29,18.7608,19.2375,18.7036,19.1707,4287471
2015-07-30,19.0468,19.4949,18.9801,19.4472,3951585
2015-07-31,19.5044,19.8762,19.3233,19.7522,6875967
2015-08-03,19.695,19.8094,19.5807,19.7427,5110743
2015-08-04,19.7236,19.7713,19.2661,19.3805,4062781
2015-08-05,19.4567,19.5044,18.9419,19.0277,3936865
2015-08-06,19.1231,19.1231,18.7513,18.8562,4282264
2015-08-07,18.799,18.9324,18.7036,18.818,3227884
2015-08-10,18.9324,19.2756,18.9134,19.1803,2824656
2015-08-11,19.1612,19.6188,19.0182,19.5902,5012332
2015-08-12,19.5711,19.9334,19.3709,19.8857,7955900
2015-08-13,19.8666,20.5387,19.8666,20.3433,8931719
2015-08-14,20.2861,20.3338,20.0239,20.1717,4701467
2015-08-17,20.0954,20.4672,20.0144,20.3719,3001472
2015-08-18,20.5911,21.0678,20.5339,20.8771,6898113
2015-08-19,20.7627,21.0297,20.6293,20.9915,5056923
2015-08-20,20.7437,20.9248,20.4863,20.5054,5204209
2015-08-21,20.3242,20.3624,19.838,19.9524,6929439
2015-08-24,18.656,19.5044,18.1507,18.7036,12343560
2015-08-25,19.3233,19.4186,18.0173,18.0268,7398686
2015-08-26,18.4844,18.9419,18.0268,18.8943,9403653
2015-08-27,19.1135,19.5187,18.9029,19.5044,6439724
2015-08-28,19.5044,19.7046,19.2947,19.4853,5227023
2015-08-31,19.4377,19.8762,19.3614,19.7236,6120815
2015-09-01,19.3137,19.5521,18.8323,18.9705,5066105
2015-09-02,19.1421,19.3995,18.8466,19.3995,5139930
2015-09-03,19.5521,19.8952,19.4996,19.7808,5966050
2015-09-04,19.4186,19.7141,19.2136,19.2947,3125573
2015-09-08,19.5902,19.8905,19.4567,19.8476,5624624
2015-09-09,20.0668,20.1239,19.5282,19.6379,4558225
2015-09-10,19.3423,19.5807,19.104,19.5425,4355647
2015-09-11,19.6283,19.9715,19.4758,19.9715,4581680
2015-09-14,19.962,20.0192,19.695,19.819,2975347
2015-09-15,19.9143,19.9143,19.6283,19.7522,4302209
2015-09-16,19.7522,19.8666,19.5044,19.838,5425344
2015-09-17,19.8857,20.4911,19.7761,20.0478,6299718
2015-09-18,19.7607,20.0717,19.5597,19.6363,7676485
2015-09-21,19.8372,20.0382,19.2727,19.3683,4011155
2015-09-22,19.1387,19.177,18.4975,18.8038,7997671
2015-09-23,18.7559,19.0143,18.6506,18.6985,3966957
2015-09-24,18.4305,19.0143,18.2392,18.9664,5450086
2015-09-25,19.1195,19.4545,18.9856,19.1004,3690953
2015-09-28,19.0238,19.0813,17.9042,18.2105,5596694
2015-09-29,18.22,18.4593,17.732,17.9138,6051902
2015-09-30,18.1243,18.2487,17.7607,18.0573,4972970
2015-10-01,18.0573,18.3157,17.799,18.2966,5201264
2015-10-02,18.0669,18.3683,17.8085,18.3157,5635294
2015-10-05,18.3923,19.1387,18.3923,19.1195,3892834
2015-10-06,19.177,19.1865,18.7081,18.775,3193003
2015-10-07,18.8994,19.1626,18.8229,19.1387,5779159
2015-10-08,19.0908,19.3731,18.9473,19.3396,5299585
2015-10-09,19.3109,19.3971,19.0621,19.2535,4133556
2015-10-12,19.2727,19.3301,18.9473,19.2344,3032406
2015-10-13,18.7942,19.1195,18.5693,18.6602,10048190
2015-10-14,18.6124,18.6985,17.8277,18.0765,10474694
2015-10-15,18.1626,18.3253,17.8468,18.2774,6901663
2015-10-16,18.3061,18.5262,18.1099,18.2679,7520954
2015-10-19,18.2392,18.3349,18.1052,18.2966,6545462
2015-10-20,18.3061,18.8133,18.2296,18.5837,5728763
2015-10-21,18.6889,18.7655,18.4066,18.6124,4714435
2015-10-22,17.7128,17.9425,16.7655,17.3779,22656840
2015-10-23,17.4162,17.6363,16.8468,17.5502,14769237
2015-10-26,17.5502,17.7798,17.2152,17.3971,8843646
2015-10-27,17.3109,17.3684,17.1004,17.2631,8633985
2015-10-28,17.3109,17.7224,17.1865,17.6267,5619816
2015-10-29,17.4736,17.5215,17.0047,17.1865,5246120
2015-10-30,17.1483,17.6267,17.0717,17.5406,6024262
2015-11-02,17.531,17.7033,17.4545,17.598,4725436
2015-11-03,17.531,17.8755,17.3301,17.665,5595177
2015-11-04,17.6937,17.8277,17.4736,17.5502,5574820
2015-11-05,17.5502,17.6076,17.11,17.3684,9302840
2015-11-06,17.2057,17.4066,16.9856,17.1387,5818997
2015-11-09,17.1578,17.1578,16.5454,16.8038,6021776
2015-11-10,16.8038,17.4353,16.7655,17.4066,9125848
2015-11-11,17.4353,17.6937,17.2822,17.6363,5601930
2015-11-12,17.4258,17.4449,17.0621,17.1483,4196038
2015-11-13,17.1674,17.3205,16.909,16.9473,3596088
2015-11-16,16.909,17.6937,16.8899,17.6459,6206918
2015-11-17,17.6554,17.8937,17.5454,17.6172,4325410
2015-11-18,17.5693,18.177,17.5502,18.153,5239187
2015-11-19,18.0956,18.3683,18.0669,18.2583,3425410
2015-11-20,18.3444,18.5262,18.1722,18.3731,2850504
2015-11-23,18.3061,18.6219,18.2727,18.421,3423620
2015-11-24,18.2392,18.7559,18.1913,18.6698,4256469
2015-11-25,18.6698,18.9569,18.6506,18.8994,3926576
2015-11-27,18.909,18.9473,18.7655,18.8133,2196101
2015-11-30,18.8612,18.8612,18.5837,18.6411,3362808
2015-12-01,18.7081,18.8516,18.5071,18.8038,3817724
2015-12-02,18.8133,18.8516,18.1243,18.2583,6428563
2015-12-03,18.3731,18.421,17.9328,18.0765,5517055
2015-12-04,18.1913,18.6219,18.0669,18.5837,4003215
2015-12-07,18.4975,18.6746,18.4018,18.5454,3122886
2015-12-08,18.2774,18.421,17.8755,17.9712,4466881
2015-12-09,17.7894,17.9521,17.1961,17.244,7614543
2015-12-10,17.3396,17.531,17.1291,17.3779,5134770
2015-12-11,17.1375,17.2048,16.9067,16.9644,4283032
2015-12-14,17.0317,17.0509,16.4258,16.522,7051842
2015-12-15,16.6278,16.8778,16.4932,16.724,6369821
2015-12-16,16.9355,17.426,16.8298,17.3298,7394167
2015-12-17,17.4068,17.4741,16.9932,17.0702,5017265
2015-12-18,17.0317,17.0606,16.6086,16.6663,11039582
2015-12-21,16.8586,17.2048,16.8009,17.0894,3618845
2015-12-22,16.8009,17.2337,16.724,17.1183,5549130
2015-12-23,17.224,17.5029,17.0894,17.4356,3305221
2015-12-24,17.426,17.6761,17.426,17.5222,1446432
2015-12-28,17.4356,17.4933,17.1375,17.4068,2596518
2015-12-29,17.5222,17.5991,17.1856,17.4645,2995651
2015-12-30,17.4645,17.5174,17.2481,17.2914,2271044
2015-12-31,17.2144,17.3779,17.1183,17.1375,2140479
2016-01-04,16.8971,16.9259,16.1469,16.5028,9365945
2016-01-05,16.5412,16.8105,16.4451,16.6566,9787799
2016-01-06,16.3874,16.6759,16.1373,16.2912,7968948
2016-01-07,15.6276,16.1277,15.5507,15.5988,6469196
2016-01-08,15.9546,16.0989,15.1564,15.291,10622038
2016-01-11,15.4353,15.743,15.2189,15.5411,9020969
2016-01-12,15.7046,15.8584,15.2381,15.6084,5681991
2016-01-13,16.0219,16.4258,15.6421,15.6757,13149727
2016-01-14,15.6757,15.8007,15.166,15.4545,6004475
2016-01-15,15.0218,15.5218,14.9064,15.3295,8129646
2016-01-19,15.5218,15.6517,14.9352,15.0698,5967640
2016-01-20,14.7717,15.0987,14.0504,14.9737,8245417
2016-01-21,14.9833,15.8632,14.9064,15.3872,11470300
2016-01-22,15.6469,16.3681,15.6469,15.9642,9746022
2016-01-25,15.9161,16.1373,15.2141,15.3006,9450566
2016-01-26,15.3872,15.8488,14.9833,15.7046,7968971
2016-01-27,15.6853,15.8681,15.3584,15.4641,8416967
2016-01-28,15.8969,16.1566,15.4353,15.7623,11110827
2016-01-29,15.8681,16.2239,15.5699,16.1181,12647323
2016-02-01,15.9354,16.1758,15.8104,15.8777,6266979
2016-02-02,15.6949,16.0412,15.5026,15.5603,7395738
2016-02-03,15.7815,15.8488,15.3247,15.7526,5757177
2016-02-04,15.743,16.3104,15.742,15.8969,6605570
2016-02-05,15.8969,16.0844,15.4257,15.6084,6181319
2016-02-08,15.368,15.5699,14.9833,15.1852,7276742
2016-02-09,14.9544,15.4786,14.9064,15.3872,6325409
2016-02-10,15.5988,15.9642,15.2622,15.7238,5870326
2016-02-11,15.4353,15.5026,14.6275,14.7717,7484313
2016-02-12,14.9544,15.4257,14.9544,15.3968,5444761
2016-02-16,15.618,16.0412,15.3968,16.0315,5569863
2016-02-17,16.1662,16.2527,15.7815,15.9738,4463034
2016-02-18,16.0123,16.0796,15.6372,15.9738,4860707
2016-02-19,15.8488,16.07,15.6853,15.9065,4222685
2016-02-22,16.0989,16.5509,16.0604,16.5412,4933211
2016-02-23,16.4932,16.623,16.272,16.4932,5522443
2016-02-24,16.2912,16.5268,16.1277,16.4451,6397284
2016-02-25,16.4643,16.6855,16.3874,16.6759,4720875
2016-02-26,16.7721,16.9452,16.6374,16.724,4178692
2016-02-29,16.6951,16.9932,16.522,16.5316,5239203
2016-03-01,16.6855,17.0029,16.5412,16.849,8650525
2016-03-02,16.8201,17.2048,16.6951,17.1856,9080773
2016-03-03,17.2048,17.6039,17.1231,17.4645,4554722
2016-03-04,17.4549,17.5799,17.0894,17.2433,4190388
2016-03-07,17.1183,17.3491,17.0221,17.2433,4372700
2016-03-08,17.166,17.4656,17.0017,17.2046,6646635
2016-03-09,17.3303,17.5139,17.0403,17.4366,5040457
2016-03-10,17.4849,17.7556,17.0548,17.3593,4312247
2016-03-11,17.5139,17.8232,17.3786,17.7846,4099595
2016-03-14,17.7556,17.8909,17.5623,17.7266,3011053
2016-03-15,17.6106,17.7121,17.4753,17.6492,2895381
2016-03-16,17.3399,17.7652,17.2046,17.6009,6875696
2016-03-17,17.5333,17.8329,17.4173,17.7556,4453565
2016-03-18,17.7459,18.1905,17.7362,18.0262,5667972
2016-03-21,18.0552,18.0649,17.5236,17.6879,4006959
2016-03-22,17.5623,17.9102,17.5429,17.6686,2655956
2016-03-23,17.5623,17.6299,17.3593,17.3786,4321456
2016-03-24,17.4463,17.4656,17.253,17.3109,4936679
2016-03-28,17.3496,17.6299,17.2191,17.5139,5318849
2016-03-29,17.6009,17.9779,17.4849,17.8909,7097928
2016-03-30,18.0552,18.1325,17.7894,17.7942,4366344
2016-03-31,17.7652,18.1325,17.7072,18.0842,3574616
2016-04-01,17.9102,17.9875,17.6976,17.8039,4038578
2016-04-04,17.8136,18.0069,16.0448,16.6344,22493419
2016-04-05,16.3347,17.0596,16.1704,16.9727,16094594
2016-04-06,17.108,17.4463,17.108,17.3786,9186241
2016-04-07,17.3109,17.5043,17.05,17.1273,5763083
2016-04-08,17.2723,17.4297,17.137,17.2046,3646050
2016-04-11,17.2336,17.4269,16.9388,16.992,4728364
2016-04-12,17.0017,17.3158,16.9098,17.2336,5763517
2016-04-13,17.3109,17.9054,17.2336,17.6686,5725504
2016-04-14,17.6202,17.7962,17.5236,17.7169,3040832
2016-04-15,17.7072,18.1132,17.6202,18.0262,5351283
2016-04-18,17.8909,18.1132,17.8232,17.8909,6285787
2016-04-19,17.7556,18.1712,17.6396,18.0359,5403109
2016-04-20,18.0165,18.6593,17.8716,18.5385,10901376
2016-04-21,18.4901,18.8478,18.1953,18.4901,9683961
2016-04-22,18.6061,18.8381,18.3452,18.4128,6187751
2016-04-25,18.2292,18.3548,17.9682,18.1808,4943024
2016-04-26,18.1808,18.4805,18.1808,18.3452,4672503
2016-04-27,18.4032,18.6148,18.2485,18.5385,5225404
2016-04-28,18.3645,18.4128,17.8522,17.9005,8723183
2016-04-29,17.8812,18.0069,17.5912,17.7749,5883918
2016-05-02,17.8522,18.0359,17.7459,17.8232,6473677
2016-05-03,17.6879,17.8136,17.3981,17.5912,7043083
2016-05-04,17.4076,17.7459,17.3013,17.6879,8405753
2016-05-05,17.7652,17.8522,17.4656,17.5816,4794312
2016-05-06,17.5043,17.8329,17.4269,17.6202,4509607
2016-05-09,17.6106,17.8522,17.5526,17.6686,2430529
2016-05-10,17.7459,17.7908,17.5333,17.6299,4835659
2016-05-11,17.5816,17.7459,17.4366,17.5429,4846811
2016-05-12,17.6299,17.7072,17.4753,17.5816,3175306
2016-05-13,17.5043,17.7401,17.3496,17.3786,3792324
2016-05-16,17.4173,17.6492,17.4076,17.6009,2140617
2016-05-17,17.5623,17.8039,17.4559,17.5623,3300238
2016-05-18,17.5236,17.7846,17.3255,17.4269,4887501
2016-05-19,17.2723,17.4269,16.992,17.195,3345504
2016-05-20,17.2723,17.5139,17.1853,17.4559,3356373
2016-05-23,17.4173,17.5429,17.195,17.224,3061035
2016-05-24,17.5816,18.2243,17.3689,18.1035,6626779
2016-05-25,18.2098,18.4032,18.0504,18.0745,3291367
2016-05-26,18.0842,18.292,18.0165,18.2292,3283808
2016-05-27,18.2002,18.4032,18.147,18.2292,2645121
2016-05-31,18.2582,18.2678,18.0649,18.1325,3472663
2016-06-01,17.9779,18.2678,17.8909,18.2388,2945632
2016-06-02,18.1422,18.3065,18.0359,18.2582,8995595
2016-06-03,18.2582,18.2582,17.7749,18.1615,2415703
2016-06-06,18.2195,18.2582,17.9972,18.0745,5898295
2016-06-07,18.1522,19.2109,18.0842,18.8127,11730274
2016-06-08,18.9001,19.2303,18.7932,19.1332,5457479
2016-06-09,19.036,19.1137,18.9341,19.0166,3059539
2016-06-10,18.8127,18.8806,18.599,18.667,3579879
2016-06-13,18.5699,18.7835,18.2688,18.2882,3677629
2016-06-14,18.2494,18.395,17.9531,18.0551,2536888
2016-06-15,18.094,18.4436,18.026,18.1814,2548589
2016-06-16,18.0745,18.1619,17.9628,18.1328,2060340
2016-06-17,18.1037,18.6087,18.0551,18.5019,3801347
2016-06-20,18.7253,18.8709,18.531,18.5407,3990487
2016-06-21,18.7253,18.8127,18.2688,18.5504,6572410
2016-06-22,18.5407,18.6378,18.3076,18.327,3617745
2016-06-23,18.6184,18.6281,18.395,18.6087,4986618
2016-06-24,17.822,18.327,17.8026,17.8706,9167465
2016-06-27,17.6958,17.7249,17.2004,17.4918,6378225
2016-06-28,17.7346,18.1522,17.6763,18.026,3622632
2016-06-29,18.2202,18.5941,18.1522,18.4533,5416120
2016-06-30,18.5213,18.9486,18.4047,18.9292,4903284
2016-07-01,18.9389,19.2497,18.8224,18.9195,3613453
2016-07-05,18.8612,18.8739,18.4922,18.7155,8055016
2016-07-06,18.6378,19.0943,18.531,19.0943,4253489
2016-07-07,19.104,19.4731,19.0555,19.3954,4776864
2016-07-08,19.5896,20.0753,19.5896,19.8907,4054054
2016-07-11,19.9199,20.0558,19.7985,19.8227,3075023
2016-07-12,19.9393,20.0364,19.7742,19.9004,2715187
2016-07-13,19.9199,20.0558,19.7256,19.8422,2159322
2016-07-14,19.949,20.0558,19.7645,19.7839,2219633
2016-07-15,19.8713,19.9393,19.5799,19.7839,2334577
2016-07-18,19.8422,19.9102,19.7256,19.8713,2059639
2016-07-19,19.9004,19.949,19.6965,19.7839,2784561
2016-07-20,19.8033,19.9199,19.7353,19.8325,4333421
2016-07-21,20.4249,21.163,20.0558,20.8911,13366578
2016-07-22,21.163,21.4156,20.7843,21.2213,9533226
2016-07-25,21.6486,21.7555,21.1145,21.3087,9774458
2016-07-26,21.3087,21.6195,21.0756,21.4641,8093525
2016-07-27,21.5321,21.7555,21.3573,21.4738,4698358
2016-07-28,21.367,21.4641,21.0173,21.095,9137202
2016-07-29,21.095,21.2116,20.4637,20.5706,11743882
2016-08-01,20.5414,20.8814,20.3958,20.8231,5443383
2016-08-02,20.726,20.8328,20.2792,20.3472,5242238
2016-08-03,20.3084,20.5706,20.2986,20.4055,4516215
2016-08-04,20.4637,20.5512,20.1432,20.4346,5571550
2016-08-05,20.5026,20.9785,20.5026,20.9202,7951389
2016-08-08,20.9299,21.0173,20.59,20.6483,5284679
2016-08-09,20.6094,20.7843,20.5803,20.6774,3766675
2016-08-10,20.726,20.7745,20.5026,20.6094,3222412
2016-08-11,20.7163,20.8474,20.5609,20.7745,2310461
2016-08-12,20.7745,20.862,20.386,20.5414,2604372
2016-08-15,20.59,20.9008,20.5157,20.8037,4748229
2016-08-16,20.794,21.0028,20.6289,20.7454,3224093
2016-08-17,20.7066,20.7551,20.2404,20.4637,4136708
2016-08-18,20.5026,20.6483,20.4346,20.5317,3588883
2016-08-19,20.454,20.658,20.4443,20.5803,2353497
2016-08-22,20.5609,20.726,20.4832,20.7066,2457989
2016-08-23,20.862,21.3816,20.7066,21.299,7253822
2016-08-24,21.2407,21.3476,20.9202,20.9494,4716160
2016-08-25,20.9008,21.0659,20.794,20.9494,1875818
2016-08-26,20.9494,21.1048,20.4346,20.5803,3383208
2016-08-29,20.5512,20.7745,20.5512,20.5706,3908941
2016-08-30,20.6094,20.7794,20.5706,20.7454,2870220
2016-08-31,20.7454,20.8425,20.5657,20.7551,2801308
2016-09-01,20.7843,20.9397,20.4346,20.4929,4443093
2016-09-02,20.5997,20.7163,20.2646,20.2792,4635103
2016-09-06,20.2986,20.4735,20.1432,20.2404,4834397
2016-09-07,20.2015,20.5317,20.2015,20.4735,2809205
2016-09-08,20.4637,20.4735,20.2501,20.2792,2916702
2016-09-09,20.1141,20.1141,19.2497,19.4634,5448314
2016-09-12,19.308,19.6868,19.2303,19.6285,5878300
2016-09-13,19.5119,19.6576,18.9826,19.2594,5735837
2016-09-14,19.2303,19.4197,19.0846,19.308,5473582
2016-09-15,19.2983,19.5119,19.1914,19.4148,2662382
2016-09-16,19.2587,19.3465,18.9465,19.0929,4480332
2016-09-19,19.249,19.7563,19.2197,19.3855,4407995
2016-09-20,19.1612,19.2002,18.6343,18.8197,6366873
2016-09-21,18.8197,18.9758,18.5855,18.9368,5265244
2016-09-22,19.0734,19.4343,18.9855,19.3758,5603898
2016-09-23,19.327,19.5026,19.2392,19.327,3918443
2016-09-26,19.2099,19.3758,19.1514,19.288,3674333
2016-09-27,19.3173,19.5173,19.2294,19.4051,3538439
2016-09-28,19.4246,19.6685,19.366,19.649,3784218
2016-09-29,19.649,19.7368,19.249,19.327,3544881
2016-09-30,19.4343,19.5904,19.2197,19.5514,3621785
2016-10-03,19.4441,19.6685,19.327,19.5514,3084247
2016-10-04,19.5124,19.7563,19.4929,19.6002,4787608
2016-10-05,19.7173,20.1514,19.6782,19.9514,4555546
2016-10-06,19.8929,19.9514,19.7075,19.8441,4161432
2016-10-07,19.8831,20.0002,19.4051,19.4538,3869774
2016-10-10,19.5709,19.7758,19.4441,19.4441,2699989
2016-10-11,19.366,19.4343,19.0343,19.2002,5080979
2016-10-12,19.2002,19.4148,19.1514,19.2685,4404159
2016-10-13,19.1221,19.1709,18.8685,18.927,3543949
2016-10-14,19.0441,19.1904,18.8782,18.9563,4598445
2016-10-17,18.9173,19.1514,18.8685,18.927,3324696
2016-10-18,19.1319,19.3758,18.9758,19.327,3576371
2016-10-19,19.3368,19.5026,19.2392,19.3953,4510530
2016-10-20,19.0148,19.5514,18.2246,18.7319,11242464
2016-10-21,18.566,18.7124,18.5465,18.5953,5865101
2016-10-24,18.7319,18.8587,18.5368,18.6246,5873702
2016-10-25,18.5563,18.6051,18.0977,18.1172,6626769
2016-10-26,17.9709,18.3221,17.9124,18.127,4057369
2016-10-27,18.2148,18.2597,17.6831,17.7465,6789266
2016-10-28,17.7563,18.2441,17.7563,18.0587,4416801
2016-10-31,18.088,18.3026,18.0685,18.1465,3174954
2016-11-01,18.1758,18.3416,17.9026,18.1758,7301711
2016-11-02,18.1172,18.1855,17.6587,17.8636,5617600
2016-11-03,17.9124,18.0002,17.5221,17.5709,5352236
2016-11-04,17.5709,18.1368,17.4441,17.7953,6939236
2016-11-07,18.0977,18.2636,18.0294,18.1465,4123546
2016-11-08,17.9611,18.0002,17.5709,17.8636,5460241
2016-11-09,17.5514,17.8831,17.2587,17.6002,10358355
2016-11-10,17.6489,18.2538,17.488,18.2343,13626294
2016-11-11,18.2051,18.3416,17.8636,17.8733,9359336
2016-11-14,18.0197,18.2977,17.9124,18.1855,4716300
2016-11-15,18.088,18.3252,17.805,18.2051,4163392
2016-11-16,18.1465,18.2733,17.9709,17.9904,3077262
2016-11-17,18.1953,18.5612,18.1855,18.4782,5420881
2016-11-18,18.4685,18.5563,18.3416,18.3807,3629742
2016-11-21,18.4294,18.5514,17.927,18.449,8148303
2016-11-22,18.4685,18.4977,18.249,18.3611,4823805
2016-11-23,18.3904,18.6587,18.3221,18.527,6268081
2016-11-25,18.527,18.9904,18.527,18.8002,2361911
2016-11-28,18.8197,18.8197,18.527,18.6343,7079029
2016-11-29,18.6636,19.0441,18.6343,18.8197,8457967
2016-11-30,18.8587,18.9855,18.3904,18.4002,7322110
2016-12-01,18.4099,18.566,17.9221,17.9416,4991133
2016-12-02,17.9611,18.249,17.8441,17.8636,4023126
2016-12-05,17.9904,18.1855,17.805,17.8343,7624496
2016-12-06,18.127,18.3124,17.9026,18.2246,8049411
2016-12-07,18.2246,18.8977,18.1465,18.8392,7103858
2016-12-08,18.9173,19.6782,18.9075,19.366,7336597
2016-12-09,19.2392,19.2782,18.8294,19.1221,5453225
2016-12-12,19.0343,19.4441,19.0148,19.3465,5584209
2016-12-13,19.4538,19.5026,19.1514,19.2197,4255179
2016-12-14,19.2197,19.288,18.5953,18.6246,5900047
2016-12-15,18.6246,19.0343,18.2051,18.2733,8311017
2016-12-16,18.342,18.6263,18.2635,18.4596,8130280
2016-12-19,18.538,19.0233,18.4547,18.538,5561260
2016-12-20,18.5478,18.7929,18.5184,18.7145,4329660
2016-12-21,18.6753,18.8811,18.6753,18.7733,2759353
2016-12-22,18.7341,18.7929,18.1361,18.1851,4265043
2016-12-23,18.2635,18.2635,17.9302,18.0185,3559409
2016-12-27,18.0675,18.2635,18.0381,18.2537,2509184
2016-12-28,18.3126,18.3518,18.0038,18.0871,4147599
2016-12-29,18.1557,18.2439,18.1165,18.1361,1971239
2016-12-30,18.1753,18.2537,17.9498,18.0185,2948541
2017-01-03,18.1851,18.2979,17.8224,18.1851,3364804
2017-01-04,18.3028,18.7096,18.2831,18.6165,6343425
2017-01-05,18.538,18.7047,18.3175,18.5576,5056205
2017-01-06,18.6753,18.7635,18.0528,18.0969,5333358
2017-01-09,18.0675,18.2439,17.8763,18.1655,3803846
2017-01-10,18.2537,18.4498,18.1655,18.3224,2743938
2017-01-11,18.3028,18.4988,18.1802,18.4694,2441942
2017-01-12,18.44,18.6557,18.1753,18.6361,3431734
2017-01-13,18.6263,18.8321,18.6263,18.8125,3030305
2017-01-17,18.7341,18.9106,18.5772,18.7831,2914482
2017-01-18,18.8027,18.9204,18.6753,18.8321,3261208
2017-01-19,18.8223,18.9694,18.4988,18.5674,4995142
2017-01-20,18.587,18.7733,18.5086,18.7439,5689417
2017-01-23,18.6753,19.0135,18.6459,18.8321,3767554
2017-01-24,19.2341,19.9497,19.2047,19.9399,7874571
2017-01-25,19.9595,20.3271,19.9252,20.0379,8528395
2017-01-26,20.6359,21.5525,20.5967,20.7634,13807409
2017-01-27,20.9398,21.1604,20.783,20.8418,10768396
2017-01-30,20.8026,21.0624,20.5085,20.9692,7107798
2017-01-31,20.9692,21.1359,20.7872,21.0869,6857673
2017-02-01,21.1163,21.2143,20.7634,20.7928,8274866
2017-02-02,20.832,21.0869,20.6747,20.8418,5562765
2017-02-03,20.9889,21.1261,20.7634,20.9692,4466726
2017-02-06,20.9398,21.0183,20.7634,20.8712,4649451
2017-02-07,21.1947,21.1947,20.7242,20.832,5003179
2017-02-08,20.7242,20.9496,20.6457,20.8516,4153781
2017-02-09,20.881,21.033,20.7144,20.9791,3320694
2017-02-10,21.0379,21.2633,20.9791,21.1947,3532424
2017-02-13,21.2732,21.3222,21.0869,21.0967,3116760
2017-02-14,21.3614,21.4496,20.9791,21.0673,4346309
2017-02-15,20.9791,21.2781,20.8614,21.2045,4375797
2017-02-16,21.1849,21.3222,20.9006,20.9202,3727220
2017-02-17,20.8712,20.9889,20.7144,20.9791,3307660
2017-02-21,21.0869,21.2241,20.9692,21.1849,4343814
2017-02-22,21.4986,21.4986,21.2045,21.283,7004113
2017-02-23,21.3516,21.3614,21.0771,21.1751,3746198
2017-02-24,21.1065,21.3418,20.8908,21.3026,4985518
2017-02-27,21.2241,21.7241,21.2241,21.6653,6539206
2017-02-28,21.6359,21.7535,21.4888,21.6163,6841553
2017-03-01,21.8123,22.2829,21.7731,22.0476,7511004
2017-03-02,22.0672,22.2633,21.9202,21.979,4941876
2017-03-03,21.93,22.1113,21.7731,22.0378,5033427
2017-03-06,21.8908,22.1211,21.7633,22.0182,6289986
2017-03-07,22.0182,22.4888,21.881,22.3417,7282647
2017-03-08,22.3712,22.883,22.3614,22.7944,10662912
2017-03-09,22.7944,23.0553,22.5287,22.7551,8811967
2017-03-10,23.0405,23.444,22.9322,23.1586,10823170
2017-03-13,23.2275,23.2669,22.8043,23.0208,6187726
2017-03-14,22.9027,22.9027,22.509,22.8141,6175700
2017-03-15,22.9126,23.198,22.7256,23.0602,5107268
2017-03-16,23.1291,23.6704,23.1192,23.4342,7643299
2017-03-17,23.4932,23.5425,23.198,23.3456,8350620
2017-03-20,23.3259,23.4243,23.1586,23.3653,3593529
2017-03-21,23.4243,23.5031,22.883,23.0307,5417642
2017-03-22,23.0307,23.0799,22.7256,23.0011,7081980
2017-03-23,23.0011,23.385,22.9962,23.0503,3601059
2017-03-24,23.1586,23.2866,22.9322,23.1192,3311575
2017-03-27,22.8141,23.1783,22.7649,23.0996,3723222
2017-03-28,23.0307,23.4342,23.0011,23.3554,3967614
2017-03-29,23.2767,23.4539,23.212,23.3751,2555368
2017-03-30,23.3653,23.4932,23.2669,23.4539,2600726
2017-03-31,23.4047,23.4637,23.1192,23.1783,4572271
2017-04-03,23.2767,23.3456,22.9519,23.1094,3617919
2017-04-04,23.0405,23.1783,22.9421,23.0011,3170275
2017-04-05,23.0799,23.3554,22.8338,22.9224,5344648
2017-04-06,22.9421,23.2423,22.883,22.9913,6105190
2017-04-07,22.9322,23.0897,22.8732,22.9126,7508976
2017-04-10,22.9126,23.2275,22.9126,23.0897,3311379
2017-04-11,23.0799,23.4539,23.0159,23.385,4407819
2017-04-12,23.385,23.5129,23.198,23.3948,3901179
2017-04-13,23.385,23.5917,23.3062,23.3358,4503325
2017-04-17,23.385,23.7688,23.3456,23.7295,4580458
2017-04-18,23.6606,23.9263,23.4539,23.818,4387404
2017-04-19,23.8869,23.9755,23.7295,23.8082,4227490
2017-04-20,23.9952,24.0444,22.8092,22.9716,9572658
2017-04-21,22.9126,23.0208,22.7256,22.9519,5754203
2017-04-24,23.2373,23.2472,22.5386,22.7157,9886482
2017-04-25,21.8102,22.0169,21.0721,21.8496,16840784
2017-04-26,21.8004,22.5386,21.761,22.3417,10691528
2017-04-27,22.3909,22.5878,22.199,22.509,8270099
2017-04-28,22.4697,22.4992,22.0957,22.3122,6637263
2017-05-01,22.3417,22.4844,22.0858,22.1252,6710384
2017-05-02,22.1153,22.1645,21.8299,21.9677,5408318
2017-05-03,21.9677,22.0404,21.7217,21.8299,5667347
2017-05-04,21.8496,21.9972,21.7905,21.8004,5948898
2017-05-05,21.9382,22.0366,21.8201,21.9874,5997450
2017-05-08,21.9677,22.0809,21.8004,21.8988,6784234
2017-05-09,21.9775,22.445,21.9283,22.3515,6664448
2017-05-10,22.2728,22.5287,22.1252,22.5287,4487413
2017-05-11,22.4992,22.7059,22.322,22.6567,5652211
2017-05-12,22.637,22.696,22.3319,22.3909,2944455
2017-05-15,22.4303,22.696,22.4057,22.5779,4436532
2017-05-16,22.6567,22.7748,22.509,22.7059,3079939
2017-05-17,22.4992,22.6862,22.1842,22.1842,3660503
2017-05-18,22.1449,22.4992,21.948,22.3909,3234040
2017-05-19,22.4795,22.8486,22.4106,22.7649,3835608
2017-05-22,22.7846,23.011,22.7551,22.9224,3773410
2017-05-23,23.1389,23.2423,22.4795,22.5582,4505155
2017-05-24,22.509,22.7256,22.3811,22.7157,3967261
2017-05-25,22.8043,22.8584,22.4697,22.5287,3380616
2017-05-26,22.509,22.5484,22.4401,22.4795,2457946
2017-05-30,22.4401,22.5139,22.1645,22.3122,3130304
2017-05-31,22.4598,22.4795,22.2039,22.3122,6094194
2017-06-01,22.3319,22.7157,22.263,22.7157,4058883
2017-06-02,22.7748,23.4145,22.7748,23.3358,6980352
2017-06-05,23.2767,23.3358,22.9027,23.0307,3802651
2017-06-06,22.9319,23.2678,22.8034,23.1591,4027910
2017-06-07,23.169,23.3962,23.1097,23.3073,5140556
2017-06-08,23.2381,23.3271,23.0109,23.1393,3824656
2017-06-09,23.169,23.2381,22.9269,23.1591,3838537
2017-06-12,23.1196,23.3863,23.1097,23.1887,4368251
2017-06-13,23.2085,23.8705,23.1887,23.8309,5989228
2017-06-14,23.9495,24.4336,23.8309,23.989,7297641
2017-06-15,23.7519,23.9594,23.6629,23.7914,4211499
2017-06-16,23.6827,23.8606,23.4357,23.7223,4161856
2017-06-19,23.8803,24.0681,23.742,23.8705,5202667
2017-06-20,24.1471,24.3941,23.8803,23.9396,6400492
2017-06-21,23.9297,24.1768,23.7124,23.989,4575070
2017-06-22,23.91,23.9594,23.6729,23.7519,5489132
2017-06-23,23.9297,24.1372,23.8211,23.8606,6659433
2017-06-26,23.9199,24.0091,23.8705,23.9001,3664909
2017-06-27,23.8902,24.1076,23.7223,23.7815,7175042
2017-06-28,23.9495,24.3645,23.8606,24.1965,5145415
2017-06-29,24.1372,24.1768,23.6136,23.7717,8946898
2017-06-30,23.8803,24.4238,23.8803,24.236,4704329
2017-07-03,24.2953,24.404,24.1669,24.1965,1634946
2017-07-05,24.1372,24.5028,23.91,24.3447,7304579
2017-07-06,24.2756,24.3645,24.1175,24.1175,8924699
2017-07-07,24.1372,24.898,24.1274,24.6411,9620655
2017-07-10,24.3645,24.8684,24.3546,24.7696,8596035
2017-07-11,24.3842,24.6362,24.1471,24.3744,6306384
2017-07-12,24.5127,24.7004,23.9792,24.0977,5282687
2017-07-13,24.2953,24.3991,23.9989,24.078,5843190
2017-07-14,24.0681,24.3052,24.0187,24.0681,4333876
2017-07-17,24.0582,24.2953,24.0296,24.0681,5936286
2017-07-18,23.989,24.0928,23.5247,23.8705,3839766
2017-07-19,23.9792,24.2953,23.9594,24.1669,5182900
2017-07-20,24.1866,24.2064,23.7914,23.9989,3196151
2017-07-21,23.9792,24.4139,23.91,24.0187,5755698
2017-07-24,23.9989,24.3151,23.91,24.1274,4905874
2017-07-25,24.0088,24.3348,23.6926,24.2459,6650118
2017-07-26,24.078,24.4089,23.9693,23.9989,4257096
2017-07-27,24.0286,24.2558,23.8211,24.0681,4336554
2017-07-28,24.0088,24.2015,23.8606,24.0582,3788604
2017-07-31,24.1175,24.236,23.9396,24.1274,3645481
2017-08-01,25.0166,25.4118,25.0166,25.2932,5808297
2017-08-02,24.6016,24.9573,24.4534,24.898,5021621
2017-08-03,24.9573,25.2043,24.8733,24.9869,5091247
2017-08-04,25.0166,25.4118,25.0166,25.2932,5808297
2017-08-07,25.3229,25.4315,25.0462,25.1549,4602212
2017-08-08,25.1549,25.2784,24.977,25.0067,3860065
2017-08-09,24.9079,25.1252,24.8387,25.0067,3419089
2017-08-10,24.8684,24.9573,24.4778,24.483,4520123
2017-08-11,24.4336,24.7004,24.3645,24.5423,2899331
2017-08-14,24.73,25.1252,24.7053,25.0857,4411626
2017-08-15,25.0956,25.2537,25.0264,25.224,2603453
2017-08-16,25.224,25.6588,25.1351,25.6094,6374964
2017-08-17,25.5205,25.6884,25.1154,25.1351,4597859
2017-08-18,25.0561,25.2784,24.9425,24.977,3649662
2017-08-21,24.8881,25.1598,24.8288,25.0956,3554544
2017-08-22,25.0462,25.1154,24.6362,24.9672,4335334
2017-08-23,24.8585,25.0462,24.5917,24.6411,4775149
2017-08-24,24.7696,24.8387,24.5621,24.6115,2970938
2017-08-25,24.7103,25.1252,24.7103,25.0067,3184484
2017-08-28,25.0363,25.0758,24.8437,24.9968,2619702
2017-08-29,24.8091,25.0828,24.7399,25.0067,3058256
2017-08-30,25.0067,25.2685,24.977,25.2043,3057063
2017-08-31,25.2932,25.5797,25.2339,25.5106,3618549
2017-09-01,25.5699,25.7378,25.4908,25.56,2371007
2017-09-05,25.5501,25.6489,25.1746,25.3426,4248887
2017-09-06,25.4019,25.639,25.2488,25.3229,3990882
2017-09-07,25.3723,25.4805,25.0758,25.1154,3921583
2017-09-08,25.1252,25.6637,25.0462,25.4513,2569564
2017-09-11,25.6094,25.9354,25.5303,25.8564,4351749
2017-09-12,25.8959,26.1824,25.7773,26.1528,3042101
2017-09-13,26.1824,26.3207,25.4414,25.8761,7016640
2017-09-14,25.8169,26.1627,25.6983,26.054,3623107
2017-09-15,25.9848,26.1133,25.7082,25.9749,7211616
2017-09-18,26.1038,26.203,25.9154,26.1038,4618972
2017-09-19,26.1038,26.2525,25.9749,26.0047,5027522
2017-09-20,25.9948,26.0344,25.3355,25.4396,5170685
2017-09-21,25.4891,25.5338,25.271,25.4297,3558134
2017-09-22,25.4396,25.7965,25.4098,25.6577,4243384
2017-09-25,25.5387,26.0245,25.5189,25.9452,3680109
2017-09-26,26.0344,26.3219,25.965,26.1038,3162088
2017-09-27,26.2426,26.4112,25.9749,26.3021,2960264
2017-09-28,26.3021,26.7581,26.3021,26.7383,4358234
2017-09-29,26.8077,27.2737,26.8077,27.0952,4976462
2017-10-02,27.1944,27.3233,26.8969,27.1349,3393181
2017-10-03,27.3629,27.5215,26.8077,27.2737,4604947
2017-10-04,27.2737,27.462,27.1349,27.3926,3237790
2017-10-05,27.4422,27.4819,26.9564,26.9663,4278187
2017-10-06,26.9763,27.2241,26.8821,26.9961,3281150
2017-10-09,27.0258,27.1448,26.7185,26.9168,2766147
2017-10-10,26.9663,26.9961,26.4508,26.6194,4769659
2017-10-11,26.6293,26.7879,26.5252,26.7383,5023663
2017-10-12,26.6689,27.0556,26.6689,26.8573,3667913
2017-10-13,26.887,26.9465,26.7581,26.8375,1891881
2017-10-16,26.8672,26.9763,26.8275,26.8771,2105295
2017-10-17,26.9168,27.1944,26.778,27.0853,3758457
2017-10-18,27.1349,27.2142,26.9763,27.0952,2321012
2017-10-19,27.0754,27.6207,26.8275,27.5414,5377900
2017-10-20,27.4026,27.7694,27.3926,27.7595,5478808
2017-10-23,27.7595,27.9478,27.581,27.6603,4996721
2017-10-24,27.7496,28.6716,27.2638,28.4336,7605716
2017-10-25,29.1474,29.544,28.7608,28.9739,6904611
2017-10-26,29.1078,29.5638,29.0483,29.5044,5457797
2017-10-27,29.5341,29.9009,29.316,29.8117,4849256
2017-10-30,29.7621,30.0695,29.435,29.5341,7692219
2017-10-31,29.544,30.1091,29.4587,29.9703,5503221
2017-11-01,30.0893,30.357,29.8117,30.1488,6414453
2017-11-02,30.1091,30.2182,29.0136,29.8315,10396793
2017-11-03,29.8117,30.3074,29.663,30.0496,4877061
2017-11-06,30.1091,30.357,29.9207,30.238,4066631
2017-11-07,30.3173,30.465,29.9951,30.1785,3201979
2017-11-08,30.0893,30.7188,29.8613,30.6445,3537762
2017-11-09,30.3173,31.0311,30.2578,30.8031,5033128
2017-11-10,30.704,31.0906,30.5652,30.8824,5116545
2017-11-13,30.8428,31.3979,30.8031,31.2988,4867297
2017-11-14,30.8428,31.6061,30.7734,31.4971,4317664
2017-11-15,31.3781,31.4872,31.0113,31.4574,4009938
2017-11-16,31.507,31.9928,31.4178,31.626,7515944
2017-11-17,31.5268,32.1712,31.4773,31.973,6316375
2017-11-20,31.9928,32.5182,31.973,32.1712,6275150
2017-11-21,32.1812,32.6124,32.1812,32.4488,5239726
2017-11-22,32.4984,32.6669,32.2803,32.5579,3968559
2017-11-24,32.6273,32.9644,32.6174,32.8652,1626568
2017-11-27,32.8157,32.8355,32.4786,32.5083,3887062
2017-11-28,32.5876,33.0833,32.5876,32.9545,4144252
2017-11-29,33.0139,33.579,32.9445,33.5196,5006578
2017-11-30,33.6088,34.3028,33.4849,33.8368,6814516
2017-12-01,33.7178,33.9161,32.7661,33.6484,5772758
2017-12-04,34.2036,34.2929,33.8666,34.1442,6466607
2017-12-05,33.4502,33.4849,32.5976,33.2023,8091614
2017-12-06,33.1527,33.4204,32.7463,32.8157,4990185
2017-12-07,32.7165,33.4006,32.6967,33.3015,5180195
2017-12-08,33.4601,33.9459,33.3114,33.8071,3956058
2017-12-11,33.8071,33.9363,33.3995,33.6083,4009398
2017-12-12,33.5784,33.8766,33.4194,33.489,3353098
2017-12-13,33.6083,33.658,33.0814,33.1212,4116773
2017-12-14,33.0317,33.3315,32.7633,32.8528,5642447
2017-12-15,32.9423,33.2902,32.8329,33.2305,8090051
2017-12-18,33.5586,33.6878,33.3399,33.6381,3459363
2017-12-19,33.7474,33.8866,33.1609,33.1709,3840304
2017-12-20,33.4989,33.7574,33.1858,33.3399,3069368
2017-12-21,33.4989,33.7772,33.4293,33.5685,2749309
2017-12-22,33.6281,33.6878,33.1212,33.1709,5198786
2017-12-26,33.2405,33.5884,33.2204,33.3597,2360947
2017-12-27,33.4194,33.5983,33.32,33.32,3150210
2017-12-28,33.3896,33.5586,33.3001,33.5188,1487818
2017-12-29,33.6878,33.7833,33.0417,33.0516,2527577
2018-01-02,33.2504,33.4691,32.7057,33.1709,2937850
2018-01-03,33.2902,34.1003,33.151,34.0655,4296239
2018-01-04,34.1053,34.1848,33.3498,33.6281,4755986
2018-01-05,33.8667,34.4133,33.8269,34.3339,5040100
2018-01-08,34.3836,34.5228,34.0953,34.2345,4440796
2018-01-09,34.2842,34.8011,34.1693,34.4432,3595249
2018-01-10,34.2146,34.3139,33.3841,33.4691,5004645
2018-01-11,33.7772,34.3339,33.7474,34.314,4285478
2018-01-12,34.3935,34.3935,34.0257,34.2743,2468867
2018-01-16,34.3935,34.5029,33.5387,33.5586,3074991
2018-01-17,33.8468,34.2444,33.658,34.1947,2407611
2018-01-18,34.6321,34.7216,33.8965,33.9462,3070633
2018-01-19,34.145,34.3935,33.8866,34.3935,3242940
2018-01-22,34.4035,34.98,34.2941,34.9403,3933412
2018-01-23,34.9403,34.9999,34.2494,34.7216,3638019
2018-01-24,34.7415,34.9303,34.2544,34.6023,4339182
2018-01-25,34.6719,34.6818,33.1709,34.0556,5917851
2018-01-26,34.2743,34.6271,33.7772,34.314,7041837
2018-01-29,34.1152,34.155,32.8528,33.2305,11110242
2018-01-30,32.5745,32.7434,31.3816,32.5248,12480994
2018-01-31,33.0516,33.5486,31.5804,31.6401,8197120
2018-02-01,31.3021,31.9681,31.0039,31.2723,6764479
2018-02-02,30.9542,31.1431,30.3279,30.5168,5958311
2018-02-05,30.1987,30.8945,28.9761,29.1749,8708221
2018-02-06,28.3598,30.1788,28.161,29.98,6148904
2018-02-07,29.9005,30.8349,29.7216,29.7315,5598456
2018-02-08,29.7812,29.9701,28.4989,28.4989,5766617
2018-02-09,28.9164,29.0158,27.8617,28.5387,6870804
2018-02-12,28.8965,29.314,28.7176,29.0059,6652407
2018-02-13,28.9065,29.0953,28.6281,28.827,3918009
2018-02-14,28.6182,29.4631,28.494,29.2842,6174993
2018-02-15,29.5725,29.5725,28.8617,29.324,5303601
2018-02-16,29.4333,29.8409,29.3538,29.5625,4990056
2018-02-20,29.5029,29.6619,29.0854,29.2941,3534930
2018-02-21,29.4134,30.2385,29.1649,29.1649,5267770
2018-02-22,29.2842,29.3737,28.9512,29.0158,3544609
2018-02-23,29.0556,29.1899,28.5784,29.0953,3880177
2018-02-26,29.2842,29.324,28.7872,29.1649,2887764
2018-02-27,29.2941,29.7613,28.32,28.3299,5758120
2018-02-28,28.3995,28.5685,27.6739,27.9025,8066327
2018-03-01,27.9423,28.5486,27.7733,28.5486,8429666
2018-03-02,28.2604,28.8319,28.0417,28.7773,5344840
2018-03-05,28.6182,29.3439,28.4691,29.1351,6868065
2018-03-06,29.314,29.7514,29.0158,29.7216,4124656
2018-03-07,29.5228,29.811,29.2417,29.4433,2835429
2018-03-08,29.5526,29.5824,28.991,29.3439,3292147
2018-03-09,29.5228,29.8707,29.1003,29.8607,2742533
2018-03-12,29.821,30.1192,29.7415,29.9999,3654304
2018-03-13,30.2385,30.5417,30.1391,30.2584,2916960
2018-03-14,30.2882,30.2882,29.3439,29.3737,7381794
2018-03-15,29.5133,29.593,28.8004,28.8851,3618720
2018-03-16,28.8851,29.3936,28.5262,29.2939,6294505
2018-03-19,29.1743,29.3139,28.7655,29.0147,2344763
2018-03-20,29.0845,29.2989,28.8054,28.8452,2619246
2018-03-21,28.925,29.6229,28.8054,29.3039,4559449
2018-03-22,29.0247,29.6578,28.915,28.915,4961019
2018-03-23,29.1942,29.7027,28.5312,28.5661,3064249
2018-03-26,28.9848,29.264,28.576,29.0845,3174613
2018-03-27,29.1743,29.5581,28.925,29.1444,4211209
2018-03-28,29.0945,29.3737,28.8153,28.9948,3896418
2018-03-29,29.1344,29.593,29.0397,29.4036,5929981
2018-04-02,29.3238,29.3488,27.8681,28.4863,5365220
2018-04-03,28.6259,28.7056,27.9429,28.596,3574682
2018-04-04,28.4863,30.5652,28.2769,30.4106,7778887
2018-04-05,30.6599,31.0787,30.4057,30.7197,6343219
2018-04-06,30.4306,30.8194,29.4933,29.942,5011367
2018-04-09,30.1115,30.4106,29.7326,29.7725,3067937
2018-04-10,30.0517,30.3508,29.6429,29.7426,3647566
2018-04-11,29.5631,29.9221,29.3886,29.4634,2901112
2018-04-12,29.603,29.6429,28.8253,29.0247,5056904
2018-04-13,29.2241,29.5382,28.8751,29.2042,2863572
2018-04-16,29.3537,29.7725,29.0845,29.4834,3331679
2018-04-17,29.7027,29.9021,29.5232,29.7825,1890536
2018-04-18,29.962,30.1713,29.8523,29.8622,2525493
2018-04-19,29.7925,29.8323,28.277,28.6757,5059359
2018-04-20,28.7156,28.9848,28.3766,28.4564,4769355
2018-04-23,28.5561,28.925,28.1822,28.7356,4216850
2018-04-24,30.1015,30.5801,29.0845,29.5631,9616352
2018-04-25,30.3109,30.4904,29.7326,30.4405,7597916
2018-04-26,30.9889,31.1385,30.2212,30.979,6623273
2018-04-27,30.979,31.4775,30.9291,30.969,5070977
2018-04-30,30.9889,31.2881,30.1514,30.271,6477889
2018-05-01,30.2312,30.9391,30.1414,30.7895,4096308
2018-05-02,30.7397,31.0089,30.301,30.4705,5180481
2018-05-03,30.3408,30.8244,30.0826,30.7995,4447619
2018-05-04,30.7397,31.0837,30.5203,30.8892,2775751
2018-05-07,30.969,31.1484,30.7147,30.9191,3916670
2018-05-08,30.9092,31.5074,30.8294,31.0787,5537427
2018-05-09,31.1485,31.1983,29.9919,30.6699,5548730
2018-05-10,30.9491,31.2881,30.8793,30.959,4201114
2018-05-11,30.9092,31.4775,30.9092,31.2282,2813358
2018-05-14,31.3479,31.4775,30.7596,30.8693,2788525
2018-05-15,30.5602,30.5901,29.1144,29.2142,7043804
2018-05-16,29.0147,29.3737,28.576,29.3238,7072543
2018-05-17,29.3039,29.7227,29.1743,29.4933,4361326
2018-05-18,29.4534,29.9719,29.3139,29.8224,3360546
2018-05-21,29.9919,30.1813,29.6172,29.8124,3360406
2018-05-22,29.5532,29.6728,28.8303,29.3936,5195552
2018-05-23,29.2241,30.1414,29.2142,29.9221,3656842
2018-05-24,29.9221,30.281,29.6379,30.0317,3018346
2018-05-25,30.0317,30.8194,30.0317,30.3807,2930286
2018-05-29,30.0716,30.9291,30.0716,30.5901,3016551
2018-05-30,30.8194,30.9142,30.1215,30.1614,3113766
2018-05-31,30.271,30.3807,29.9819,30.1614,3563459
2018-06-01,30.3408,30.4505,30.0068,30.271,2452754
2018-06-04,30.3907,30.5004,30.2162,30.281,1984378
2018-06-05,30.2212,30.6699,30.2013,30.63,3167428
2018-06-06,30.61,31.15,30.07,31.15,4348964
2018-06-07,31.18,31.55,31.1,31.35,3671020
2018-06-08,31.33,32.64,31.24,32.56,7211377
2018-06-11,32.56,32.67,32.09,32.26,3287689
2018-06-12,32.52,33.04,32.4,32.98,3681503
2018-06-13,32.75,32.78,30.575,30.78,9920416
2018-06-14,30.82,30.98,30.37,30.8,5191125
2018-06-15,30.78,30.94,29.67,30.37,7603548
2018-06-18,30.13,30.6852,29.41,29.62,6173596
2018-06-19,29.58,29.86,29.125,29.43,5945614
2018-06-20,29.36,29.53,28.76,29.38,4521183
2018-06-21,29.4,29.59,29.095,29.17,2977231
2018-06-22,29.2,29.25,28.555,28.78,5363102
2018-06-25,28.67,28.82,28.02,28.24,4426154
2018-06-26,28.75,29.1798,28.36,28.61,6301741
2018-06-27,28.72,28.72,28.09,28.17,4633184
2018-06-28,28.11,28.39,27.77,28.35,4292853
2018-06-29,28.79,29.14,28.61,28.75,4035308
2018-07-02,28.55,28.88,28.455,28.87,2967532
2018-07-03,29.0,29.18,28.78,28.85,1864743
2018-07-05,29.04,29.21,28.71,29.17,2680845
2018-07-06,29.21,29.5361,28.975,29.31,2199219
2018-07-09,29.52,29.79,29.29,29.64,4989097
2018-07-10,29.76,29.81,29.37,29.5,4013834
2018-07-11,29.3,29.625,29.1999,29.39,3693555
2018-07-12,29.55,29.75,29.06,29.63,2432776
2018-07-13,29.62,29.85,29.37,29.65,2333566
2018-07-16,29.61,30.17,29.37,30.13,5129026
2018-07-17,30.13,30.97,30.12,30.92,4862375
2018-07-18,30.54,31.0,30.28,30.97,4558560
2018-07-19,30.96,31.56,30.79,31.29,4576310
2018-07-20,31.29,31.31,30.845,31.11,5022452
2018-07-23,31.11,31.35,30.6,30.82,6023310
2018-07-24,30.45,30.94,29.965,30.14,5706941
2018-07-25,30.09,30.09,28.48,28.98,9801897
2018-07-26,28.48,29.12,27.55,28.98,10582061
2018-07-27,28.82,29.335,27.705,28.13,8101362
2018-07-30,28.14,28.51,27.99,28.14,4448139
2018-07-31,28.28,28.8,28.06,28.49,4996169
2018-08-01,28.52,28.81,28.26,28.77,8073938
2018-08-02,28.47,28.77,28.3,28.56,4897575
2018-08-03,28.56,28.83,28.43,28.64,3749571
2018-08-06,28.5,28.73,28.11,28.72,3966762
2018-08-07,28.69,29.46,28.65,29.36,4677159
2018-08-08,29.38,29.5,29.1401,29.42,2949629
2018-08-09,29.5,29.7,29.25,29.33,3044342
2018-08-10,29.12,29.12,28.49,28.74,5023348
2018-08-13,28.69,28.74,27.395,27.65,6524743
2018-08-14,27.7,27.98,27.61,27.85,3107215
2018-08-15,27.7,27.77,27.37,27.74,2508956
2018-08-16,27.9,28.35,27.81,28.05,2578597
2018-08-17,28.0,28.28,27.89,28.09,2074224
2018-08-20,28.22,28.39,28.12,28.13,3450591
2018-08-21,28.72,29.705,28.72,29.67,5177381
2018-08-22,29.56,29.65,29.17,29.38,4037291
2018-08-23,29.33,29.34,28.595,28.75,3252254
2018-08-24,28.68,28.89,28.5,28.55,2102809
2018-08-27,28.57,29.08,28.44,28.97,3186559
2018-08-28,28.92,28.95,28.28,28.44,3889725
2018-08-29,28.31,28.55,27.92,28.33,2728829
2018-08-30,28.32,28.53,27.82,27.91,2912106
2018-08-31,27.8,28.06,27.72,27.95,2516932
2018-09-04,27.92,28.19,27.77,28.0,3182699
2018-09-05,28.0,28.74,27.9,28.52,5647007
2018-09-06,28.18,28.76,27.91,28.07,5091823
2018-09-07,27.81,27.85,26.89,26.9,6220006
2018-09-10,26.98,27.18,26.66,26.89,4039007
2018-09-11,26.82,27.58,26.7101,27.11,3490393
2018-09-12,27.13,27.56,26.96,27.47,2820230
2018-09-13,27.33,27.67,26.2199,26.84,4535123
