date,open,high,low,close,volume
2013-09-16,124.6899,125.0773,122.6834,122.9118,771871
2013-09-17,123.0906,123.7363,121.6106,121.8887,978711
2013-09-18,122.1073,125.8818,121.9483,125.5938,810517
2013-09-19,125.6832,127.1533,125.5441,126.15,719485
2013-09-20,126.15,126.1848,124.1932,124.2528,817023
2013-09-23,123.1602,123.5277,120.518,121.7497,1135161
2013-09-24,121.4318,123.2297,120.5974,122.2761,1424182
2013-09-25,122.0576,122.4082,118.6208,118.9486,1386327
2013-09-26,119.3757,120.518,118.5711,119.0082,889918
2013-09-27,118.7598,118.7598,116.1276,117.7168,1489147
2013-09-30,116.654,118.4718,115.8594,117.8956,1076555
2013-10-01,117.5679,118.0645,114.3495,114.4389,1702049
2013-10-02,114.3992,116.8427,113.7536,116.7633,1426818
2013-10-03,120.3789,124.9432,119.4055,121.8689,3002862
2013-10-04,121.8689,123.4284,120.5181,123.1204,1469427
2013-10-07,122.2364,122.3258,120.7067,120.9153,893566
2013-10-08,120.7663,121.0345,116.8129,116.9023,1265107
2013-10-09,116.9123,117.7367,114.8561,117.1805,969323
2013-10-10,118.581,119.2465,117.9751,119.0777,653936
2013-10-11,118.7896,119.1869,117.4189,118.1241,517496
2013-10-14,117.9453,118.432,116.7881,118.2433,418837
2013-10-15,118.1142,118.6108,116.654,118.3327,866887
2013-10-16,118.73,121.5312,118.5314,120.0313,1005899
2013-10-17,119.3061,120.3888,119.0975,119.3955,480410
2013-10-18,120.2399,121.7298,119.8525,121.6007,813745
2013-10-21,121.849,122.3655,121.1537,122.3258,1000996
2013-10-22,122.2662,123.786,121.6901,122.1271,969408
2013-10-23,121.6901,122.147,120.2101,120.5478,814654
2013-10-24,120.5478,121.5709,118.1042,118.2532,1279024
2013-10-25,118.73,119.0678,117.5977,117.7566,853951
2013-10-28,117.7566,120.9054,117.5281,120.0809,822400
2013-10-29,120.5974,122.5145,119.9915,122.4053,852214
2013-10-30,122.8324,126.309,122.5741,123.9151,1116560
2013-10-31,123.5674,124.5309,122.6933,123.7363,638718
2013-11-01,124.0045,124.8687,123.1999,123.6966,511076
2013-11-04,124.3919,125.2263,124.1212,124.8389,398329
2013-11-05,124.6998,124.7991,123.8456,124.0045,492657
2013-11-06,125.0971,125.6931,124.0641,125.2263,607217
2013-11-07,126.1004,126.4381,123.6121,123.8058,492027
2013-11-08,123.627,124.8091,123.5774,124.7296,373640
2013-11-11,125.0773,126.2593,124.6601,125.9613,380585
2013-11-12,126.1401,126.597,124.9183,126.3388,465820
2013-11-13,127.4612,132.6959,126.6368,132.0105,1470948
2013-11-14,131.8516,132.9343,130.5902,132.537,668747
2013-11-15,132.6065,132.8847,131.055,132.1595,488384
2013-11-18,132.7135,133.2898,130.6269,131.1834,583495
2013-11-19,130.8555,132.2068,130.4034,130.8654,320363
2013-11-20,131.9981,131.9981,129.2657,129.8718,512162
2013-11-21,130.4779,130.7661,129.9811,130.4282,393059
2013-11-22,130.7859,132.1372,130.3249,131.1635,695819
2013-11-25,131.6802,132.8824,131.1014,131.9484,718253
2013-11-26,132.3459,134.3926,132.1471,133.6276,693619
2013-11-27,133.5183,134.5616,132.7234,133.9753,326851
2013-11-29,133.8462,134.3231,132.2962,133.0612,243565
2013-12-02,132.8128,132.9043,130.4183,131.1536,699056
2013-12-03,130.6866,132.4949,130.3587,131.0741,577606
2013-12-04,131.1536,132.008,129.6334,131.2628,611274
2013-12-05,128.9478,130.7462,128.9478,129.9215,588973
2013-12-06,131.7199,131.8689,128.6,129.2757,1072916
2013-12-09,129.375,129.8619,126.4638,126.6129,1862254
2013-12-10,124.9138,133.4686,124.9138,131.0244,2673490
2013-12-11,131.3026,133.0513,129.5737,129.852,1242542
2013-12-12,129.1664,129.3254,127.1097,127.1792,1242951
2013-12-13,127.5667,128.3417,126.1558,128.2324,743032
2013-12-16,129.8221,130.5773,128.9875,129.6433,1247766
2013-12-17,129.9612,131.4616,129.5539,130.5673,1006960
2013-12-18,130.2295,131.8888,129.1664,131.7795,833296
2013-12-19,131.6802,133.7866,130.0606,130.1401,1070628
2013-12-20,130.8257,130.9399,129.9116,130.0407,1031490
2013-12-23,131.1536,133.8511,131.1536,133.5282,810884
2013-12-24,133.5878,134.0846,132.6439,133.5779,209509
2013-12-26,133.558,135.4459,133.1606,134.1045,352317
2013-12-27,133.9257,134.6609,133.2003,133.6375,320956
2013-12-30,133.5183,134.2237,132.6837,133.8263,349497
2013-12-31,133.866,135.4359,133.5779,135.1478,437618
2014-01-02,134.8894,136.7773,134.6212,135.7042,817684
2014-01-03,135.7141,138.049,135.575,136.7375,616145
2014-01-06,136.7176,137.1051,134.3032,134.4821,834637
2014-01-07,135.2471,135.575,133.4984,134.2039,378424
2014-01-08,134.4225,134.6957,130.925,131.4516,956902
2014-01-09,132.1968,132.7433,130.8257,132.167,996239
2014-01-10,132.1471,132.6141,130.1401,131.2827,1038997
2014-01-13,131.1536,131.8491,128.5802,128.7193,1100199
2014-01-14,128.7789,129.385,125.3411,125.6888,1714826
2014-01-15,125.1821,126.3247,124.4667,126.0664,1262659
2014-01-16,125.3709,125.4901,123.2446,124.3375,1058560
2014-01-17,124.7648,125.3311,122.8174,123.0061,784256
2014-01-21,123.0856,123.7414,121.2972,121.4164,867594
2014-01-22,121.2574,122.6584,120.4824,122.1218,683722
2014-01-23,121.3667,121.7542,119.4789,120.6116,1043911
2014-01-24,119.8167,121.4065,119.777,120.0353,965073
2014-01-27,120.1347,121.4462,119.9558,120.3831,980685
2014-01-28,120.244,122.2113,120.0254,121.4462,749246
2014-01-29,120.2936,121.4959,119.0417,119.7273,1404919
2014-01-30,120.9593,121.6052,120.4725,120.6712,929322
2014-01-31,119.0417,120.4526,118.9324,120.0949,773319
2014-02-03,119.8664,119.8763,114.8885,115.8424,1534573
2014-02-04,116.3292,118.2667,115.7037,115.9715,826542
2014-02-05,115.9715,116.836,114.0539,116.3988,1236761
2014-02-06,116.5876,120.701,116.2895,119.926,1051209
2014-02-07,120.8004,122.9763,120.6315,121.0786,905007
2014-02-10,120.85,121.2823,118.3263,120.0055,878265
2014-02-11,120.0254,120.4129,118.2965,119.5485,1468047
2014-02-12,120.0353,120.8004,116.4485,116.7863,1415719
2014-02-13,116.6472,119.3795,116.1504,118.694,982479
2014-02-14,118.2369,118.6642,117.1142,117.4917,936314
2014-02-18,117.7401,118.5648,116.2398,116.826,1104959
2014-02-19,116.8161,118.0779,116.4584,117.442,842158
2014-02-20,117.3129,118.068,116.4087,117.3328,862615
2014-02-21,117.3328,121.8436,117.3328,120.4626,1928797
2014-02-24,121.2551,123.4517,120.301,122.4279,1331638
2014-02-25,122.2391,126.2743,122.2292,124.7537,2018296
2014-02-26,125.519,126.0159,124.3462,124.9822,1084601
2014-02-27,124.9127,125.7972,124.5151,125.4394,793335
2014-02-28,125.2208,125.9861,124.6443,125.6581,677046
2014-03-03,124.4555,125.344,123.7498,124.2368,710503
2014-03-04,125.4792,126.2743,125.2804,125.5686,593085
2014-03-05,125.5885,125.9463,124.2269,124.9027,559576
2014-03-06,124.9624,125.5885,124.376,125.0816,502216
2014-03-07,125.3401,126.473,124.8928,125.5289,883166
2014-03-10,125.5289,125.9463,123.402,123.9486,732297
2014-03-11,124.2368,124.4356,121.6825,121.9906,1021550
2014-03-12,121.7422,122.4578,120.6787,121.2949,996978
2014-03-13,118.2238,119.2375,114.3178,114.3376,3604714
2014-03-14,113.9301,116.0372,113.4044,114.3376,1741298
2014-03-17,114.9539,115.8185,113.8705,115.6198,2075993
2014-03-18,117.5678,119.7047,117.041,118.3331,1099243
2014-03-19,118.5418,118.999,116.8721,117.7268,820162
2014-03-20,117.2199,118.7307,117.0112,118.3927,718564
2014-03-21,119.3369,119.7643,117.8004,119.1481,1416580
2014-03-24,113.5326,119.7245,113.5326,118.5617,1150298
2014-03-25,118.5617,119.0388,115.7212,116.5341,2332584
2014-03-26,124.2965,125.1214,119.9929,120.6886,4693197
2014-03-27,121.8415,124.4853,121.1458,122.3286,2852274
2014-03-28,123.3423,123.3721,122.0324,123.0541,1151597
2014-03-31,123.1137,124.4754,122.4279,124.0082,1794069
2014-04-01,125.3997,126.3936,124.6244,125.1512,1264421
2014-04-02,125.0518,125.9364,124.3362,124.9624,931894
2014-04-03,125.6879,126.0755,123.3622,123.7697,1191474
2014-04-04,125.2407,125.6929,123.0541,124.207,1925704
2014-04-07,123.7101,124.2567,121.5835,121.8217,1289639
2014-04-08,121.7521,122.9348,121.4738,122.7361,1336020
2014-04-09,122.7758,124.6841,122.7659,124.4157,1283082
2014-04-10,124.7338,125.4891,122.6267,122.9348,1267901
2014-04-11,121.9409,122.8255,120.8973,120.9669,1761404
2014-04-14,121.5334,122.4975,120.5992,121.5931,639395
2014-04-15,121.7521,122.7062,120.2513,121.2054,728954
2014-04-16,122.1795,123.3026,121.5533,123.2926,871265
2014-04-17,123.1237,123.889,121.7918,121.8415,616579
2014-04-21,122.0006,122.1178,120.4203,120.6489,638367
2014-04-22,120.9769,121.5533,119.7544,120.7383,603532
2014-04-23,120.8476,121.9211,120.2712,120.3109,559319
2014-04-24,121.0265,121.1955,119.3171,120.2116,762439
2014-04-25,120.7184,122.1099,120.4451,121.4937,901149
2014-04-28,122.1596,124.6145,121.6229,123.5013,1166484
2014-04-29,123.4815,124.7686,122.7261,124.6642,819649
2014-04-30,124.6841,125.0916,123.0243,124.8033,753896
2014-05-01,124.704,126.2644,124.3114,125.8271,739959
2014-05-02,126.1153,127.9142,125.5289,127.4372,1092946
2014-05-05,126.652,127.47,125.0717,127.3775,706992
2014-05-06,126.9104,127.4372,125.8271,125.8867,918707
2014-05-07,126.3041,126.7216,124.1871,126.6023,781812
2014-05-08,126.8011,129.8623,126.0557,128.7193,1919477
2014-05-09,126.9005,129.6536,126.5924,129.4548,776530
2014-05-12,130.1505,132.3073,129.5542,132.0687,808954
2014-05-13,132.1582,133.0726,131.2438,131.8302,604416
2014-05-14,131.4426,132.1582,130.6276,131.0848,770282
2014-05-15,130.8462,130.8959,128.928,129.8026,767912
2014-05-16,130.1704,132.3073,129.7629,132.2377,917592
2014-05-19,131.9296,132.9036,131.3929,132.844,697521
2014-05-20,132.188,132.5359,129.4548,129.7132,681395
2014-05-21,130.2972,130.7843,129.1639,130.6651,528533
2014-05-22,130.0984,131.4306,129.3925,130.4066,542123
2014-05-23,130.7446,130.8838,129.9493,130.7148,453018
2014-05-27,131.3013,132.1762,130.9037,132.0768,692640
2014-05-28,131.9774,131.9774,129.3627,130.1879,949795
2014-05-29,130.2376,131.2914,129.9592,131.2616,553200
2014-05-30,131.2715,131.7587,130.3966,130.8639,579361
2014-06-02,130.9832,131.1423,129.8896,130.5756,871949
2014-06-03,130.3171,131.5698,129.2633,129.5715,1116740
2014-06-04,129.0943,130.1779,127.1357,129.9194,2128639
2014-06-05,121.1309,122.6719,118.8741,119.3911,5433017
2014-06-06,119.401,119.918,118.4168,118.9835,1741005
2014-06-09,118.9835,121.6677,118.8642,120.8625,1850889
2014-06-10,120.3455,120.8028,119.232,119.3712,1102419
2014-06-11,119.5501,119.7887,117.691,117.86,1126820
2014-06-12,117.7209,118.0887,115.9015,116.4384,1210335
2014-06-13,116.3389,116.7963,115.2553,115.822,1386507
2014-06-16,115.4144,116.3191,115.2255,115.9214,855253
2014-06-17,115.5933,116.1699,115.3368,115.9612,846366
2014-06-18,116.1302,116.8758,115.2255,116.3489,829514
2014-06-19,116.3191,116.6193,115.1658,115.4939,755811
2014-06-20,115.5535,116.0307,114.1418,114.5196,1085091
2014-06-23,114.3108,114.6787,113.5851,114.0324,878095
2014-06-24,113.9529,114.9869,113.3266,113.3763,1445813
2014-06-25,113.9032,115.6728,113.4558,115.5436,673839
2014-06-26,115.3448,116.8559,114.9371,115.8717,1413415
2014-06-27,115.9612,117.522,115.9114,116.8161,696823
2014-06-30,116.5477,116.8758,115.0366,115.9214,1556212
2014-07-01,116.5676,117.3928,116.2395,117.0249,637830
2014-07-02,116.498,117.8103,116.3389,117.1939,609174
2014-07-03,117.6214,118.9536,117.4475,118.9039,790903
2014-07-07,118.6852,118.9238,117.0448,117.3033,737195
2014-07-08,117.1243,117.2188,115.7524,116.0109,661176
2014-07-09,116.6074,116.8957,115.9214,116.4284,1043591
2014-07-10,115.5933,115.8617,114.1816,114.2313,827413
2014-07-11,114.3208,114.3357,111.3084,111.5172,1811110
2014-07-14,112.0739,113.426,111.6464,112.0043,957743
2014-07-15,111.3183,112.2827,110.5628,111.0698,895908
2014-07-16,111.378,111.8651,109.5288,109.6779,1084100
2014-07-17,110.0358,110.4932,109.5487,110.2048,631858
2014-07-18,110.0358,110.4932,109.5487,110.2048,631858
2014-07-21,109.8569,110.4434,109.4692,109.5288,531960
2014-07-22,109.7972,110.5329,109.5487,110.1551,499534
2014-07-23,110.2347,111.378,109.6879,111.1692,544198
2014-07-24,111.6663,113.6745,111.5172,113.4061,927613
2014-07-25,112.9587,113.8237,112.4915,112.6903,569858
2014-07-28,112.3026,113.933,112.3026,113.1675,798298
2014-07-29,113.088,113.4658,111.6265,111.6464,603601
2014-07-30,112.2827,112.6605,111.4004,112.5312,752108
2014-07-31,111.6862,111.9944,109.4592,109.5387,722245
2014-08-01,107.3714,107.8387,106.7252,107.2422,989825
2014-08-04,107.3714,107.8387,106.7252,107.2422,989825
2014-08-05,106.9241,109.4592,106.424,108.644,769500
2014-08-06,107.5603,109.9662,107.5603,109.8271,936312
2014-08-07,110.6423,110.6423,108.7683,108.9025,634760
2014-08-08,109.1311,113.8734,108.8627,113.764,1342714
2014-08-11,114.2213,115.5792,113.9728,114.4798,1510841
2014-08-12,114.4401,116.0208,113.5055,113.6049,833532
2014-08-13,113.088,113.088,110.861,111.537,1243112
2014-08-14,111.4476,112.4119,111.3551,112.0043,730173
2014-08-15,112.2429,112.3026,109.3598,109.8569,855160
2014-08-18,110.6224,112.1833,110.5826,111.885,841099
2014-08-19,111.8552,113.7938,111.8552,112.9886,1186732
2014-08-20,112.8195,115.1857,112.5959,115.0962,975987
2014-08-21,115.0962,115.3249,113.3067,113.3763,697499
2014-08-22,113.4956,117.0349,113.4956,116.8957,1255759
2014-08-25,117.3132,117.6711,116.3588,117.3331,756459
2014-08-26,117.1517,118.6335,116.8981,117.7682,1234857
2014-08-27,117.3108,117.639,116.2367,117.6091,915618
2014-08-28,116.8533,116.8732,115.6301,116.8135,760870
2014-08-29,117.1019,117.3506,115.471,116.0975,416494
2014-09-02,116.3262,116.904,114.4367,115.6897,957396
2014-09-03,116.2864,116.6544,115.3944,116.4853,1443195
2014-09-04,125.8435,129.2845,125.7938,127.6734,4049995
2014-09-05,126.1518,128.658,125.5303,127.3552,1736940
2014-09-08,127.2955,128.116,126.3408,127.0668,775437
2014-09-09,126.9574,127.2358,125.1673,126.1717,979751
2014-09-10,125.4756,126.1518,124.4135,125.8535,898657
2014-09-11,125.6844,126.2911,124.7496,125.1573,540586
2014-09-12,125.6049,126.301,124.6899,126.0723,883870
2014-09-15,125.7441,126.301,124.4115,125.2866,603721
2014-09-16,124.8192,126.1717,123.5463,125.7342,530655
2014-09-17,126.301,127.0668,125.4557,126.122,484497
2014-09-18,126.4005,126.669,125.5253,126.4601,511788
2014-09-19,127.1861,127.2856,124.9187,125.2866,568931
2014-09-22,124.4811,124.7894,122.1937,123.238,568275
2014-09-23,123.059,124.0037,122.0844,122.1341,427437
2014-09-24,122.1042,123.0789,121.1396,123.0192,710199
2014-09-25,122.4921,123.0192,121.249,121.6766,706606
2014-09-26,122.512,123.2678,121.5573,122.3031,503031
2014-09-29,121.1993,122.4822,121.1097,121.607,523166
2014-09-30,121.5772,122.1142,119.6876,120.4832,681274
2014-10-01,120.5528,120.881,118.7727,119.5782,625194
2014-10-02,119.5384,121.5175,118.7428,121.2589,575418
2014-10-03,121.8855,122.88,120.6622,120.8313,780892
2014-10-06,120.9606,121.4678,119.3793,119.4589,488436
2014-10-07,119.1307,120.2048,118.3053,119.5086,883818
2014-10-08,119.7274,120.7915,117.7981,119.439,1479551
2014-10-09,119.5086,120.1749,114.7052,114.8245,1095482
2014-10-10,114.8245,115.461,112.6366,115.1925,1190212
2014-10-13,114.8544,115.4113,112.9151,113.0941,1032458
2014-10-14,113.3726,114.2776,111.5924,111.8709,909734
2014-10-15,110.4686,112.4875,108.8377,112.1991,1145175
2014-10-16,110.3592,113.2433,109.0565,111.3736,1236524
2014-10-17,111.8212,111.8609,109.7128,110.1405,1150010
2014-10-20,109.5835,111.1847,108.6885,111.0156,832876
2014-10-21,111.5725,115.3317,111.5526,114.9339,828034
2014-10-22,114.8146,116.2964,113.83,113.8698,636662
2014-10-23,115.1129,115.3019,113.0941,113.3626,810318
2014-10-24,113.3726,117.0621,112.8156,116.3561,1652187
2014-10-27,116.1273,116.3362,114.2378,115.4113,476387
2014-10-28,114.8842,115.093,113.5217,114.745,582536
2014-10-29,114.2577,116.0647,112.9847,113.5914,843002
2014-10-30,117.2511,118.2854,116.6345,118.1462,629477
2014-10-31,115.4312,115.4511,112.9449,113.7206,688969
2014-11-03,114.1085,115.2024,113.5118,114.2378,764907
2014-11-04,113.5615,113.7057,111.9206,112.0101,612538
2014-11-05,112.398,113.3626,111.483,112.7261,576917
2014-11-06,112.9847,116.9925,112.5372,116.7638,707134
2014-11-07,116.5848,117.7682,115.8588,117.5395,673000
2014-11-10,117.0323,117.3506,115.1527,115.4411,851510
2014-11-11,115.6997,116.2864,115.0234,116.1373,671046
2014-11-12,116.2367,119.1307,115.9881,118.4246,1129166
2014-11-13,117.2511,118.2854,116.6345,118.1462,629477
2014-11-14,118.5241,119.3744,118.0169,118.3948,833526
2014-11-17,118.6832,121.2092,118.0865,120.4832,908824
2014-11-18,120.9384,121.7143,119.7347,121.1573,730466
2014-11-19,121.2269,123.1668,121.018,122.4306,731751
2014-11-20,122.1918,124.0123,121.2667,122.361,1082601
2014-11-21,123.2662,123.9427,121.1771,121.8138,1025903
2014-11-24,122.4604,123.7139,122.1222,123.127,859113
2014-11-25,123.5249,124.9773,122.0426,124.4998,1258601
2014-11-26,124.3506,125.4747,123.3359,123.8432,606440
2014-11-28,124.3406,126.768,124.1118,126.4795,661725
2014-12-01,125.5841,125.6637,121.2766,121.4557,1111808
2014-12-02,121.0677,122.0128,120.8489,121.1871,918284
2014-12-03,121.2667,123.7537,120.9483,123.7537,1632708
2014-12-04,120.819,124.8281,119.9834,122.0426,1989903
2014-12-05,121.8735,122.9578,120.8688,122.1322,1439575
2014-12-08,121.7442,123.3359,120.6201,120.8588,1042838
2014-12-09,119.0781,122.6892,118.531,121.7641,1319964
2014-12-10,121.7641,122.7887,121.018,122.0426,1220075
2014-12-11,123.2065,125.4449,123.0474,124.9077,1301707
2014-12-12,124.4501,127.0664,124.0521,126.37,1511015
2014-12-15,126.6784,127.2554,125.4349,125.7433,1151202
2014-12-16,125.2857,125.2857,120.9782,121.0578,1172266
2014-12-17,121.8536,123.316,120.0729,123.1767,858341
2014-12-18,124.2113,124.2909,122.5002,124.2312,943206
2014-12-19,124.9375,124.9375,121.4756,122.2714,862595
2014-12-22,122.6196,123.5249,122.0526,123.3359,439296
2014-12-23,124.1118,126.4994,123.8631,125.7234,753746
2014-12-24,125.7731,125.793,124.7236,124.7883,232719
2014-12-26,125.3255,126.2705,125.0071,125.425,246410
2014-12-29,125.1763,127.9816,124.9077,127.4743,695032
2014-12-30,127.6931,128.0015,126.2904,126.6983,613176
2014-12-31,127.2355,128.4989,126.569,127.5041,598512
2015-01-02,128.2204,128.3596,124.9674,125.6836,733052
2015-01-05,124.4501,124.6789,120.6748,121.2766,1167565
2015-01-06,118.9388,119.1776,114.1439,116.3722,2785325
2015-01-07,117.8346,119.7944,117.3969,119.3467,1093826
2015-01-08,119.874,121.502,117.2079,118.4713,1037179
2015-01-09,118.3221,118.3221,116.9194,117.2676,667714
2015-01-12,117.3869,117.6356,116.223,117.1283,586933
2015-01-13,117.3869,118.7598,115.835,117.3471,825805
2015-01-14,115.7455,116.5712,113.5768,114.124,1199727
2015-01-15,114.1041,114.2334,110.1249,110.2741,1436959
2015-01-16,109.6175,110.9804,109.1302,110.8411,967019
2015-01-20,111.0003,112.1841,109.2494,110.3537,1218572
2015-01-21,110.1746,111.6867,109.6195,111.1097,875450
2015-01-22,111.9454,113.6316,111.627,113.0794,1020528
2015-01-23,113.2088,113.5719,111.3286,111.4281,798590
2015-01-26,111.1495,111.5176,110.0652,110.3537,1745753
2015-01-27,109.2793,112.781,108.4337,112.0946,1867774
2015-01-28,112.4129,112.9849,111.0003,111.0401,796093
2015-01-29,111.5474,113.3281,111.0301,112.3532,690018
2015-01-30,111.4082,112.8307,109.5578,109.6872,995568
2015-02-02,109.8762,110.871,108.4834,110.8113,845277
2015-02-03,111.2192,113.2486,110.9406,113.1491,897233
2015-02-04,111.4878,111.4878,105.6383,106.4043,2629514
2015-02-05,106.086,108.8416,106.086,108.0258,942574
2015-02-06,108.4337,109.334,107.3494,108.0258,930793
2015-02-09,106.4441,106.5336,101.4701,102.6539,3332870
2015-02-10,103.0717,104.0168,101.2114,101.9774,1485875
2015-02-11,102.1963,104.0068,101.48,103.8178,1008662
2015-02-12,104.2555,105.2006,103.9372,104.8624,619912
2015-02-13,105.5189,106.1357,105.32,105.9865,1143107
2015-02-17,105.4095,106.7226,104.1262,106.1954,925077
2015-02-18,105.5985,106.9116,105.3797,106.7127,1091499
2015-02-19,106.7823,109.4186,106.653,107.9562,1302408
2015-02-20,107.8766,109.6573,107.0509,109.4285,981501
2015-02-23,109.6971,110.2741,109.3191,110.2741,1230209
2015-02-24,110.2616,111.5852,110.2119,111.1373,1420081
2015-02-25,111.0677,111.3812,110.1721,110.4407,1481390
2015-02-26,110.5005,111.416,107.1468,107.4553,1331498
2015-02-27,107.4752,107.9131,105.9328,106.0124,1572323
2015-03-02,105.5546,107.6743,105.4949,106.2213,1360404
2015-03-03,103.9922,105.7238,103.7434,105.3158,2060105
2015-03-04,105.1267,105.9626,104.6291,105.2461,1040670
2015-03-05,105.6243,105.8432,104.7784,104.9575,682802
2015-03-06,104.6291,105.0371,101.9024,102.2308,1582636
2015-03-09,102.2607,102.4647,101.3851,102.2109,1234484
2015-03-10,101.1561,101.1561,98.9767,99.4444,2105985
2015-03-11,99.7728,100.4296,96.0012,96.5088,1954229
2015-03-12,96.7078,98.4493,96.0411,97.3845,2168595
2015-03-13,97.0163,98.2204,96.4093,96.8272,1518561
2015-03-16,96.9665,98.2204,93.593,93.8915,2716281
2015-03-17,93.6925,97.9418,93.3442,97.8124,2557821
2015-03-18,97.5238,101.5243,97.4641,100.6685,2075178
2015-03-19,100.6287,101.4944,100.0714,101.1362,1455742
2015-03-20,101.1959,102.4597,101.1959,101.9422,1298628
2015-03-23,102.0816,104.7684,102.0119,103.2658,1493033
2015-03-24,103.5345,103.7285,102.3204,103.0767,1162363
2015-03-25,103.017,104.6988,102.6687,103.5245,2617597
2015-03-26,104.1614,106.5895,101.6736,104.0519,3666127
2015-03-27,105.057,105.0769,101.7034,103.4051,2164408
2015-03-30,104.1913,105.7934,103.6042,104.8481,999613
2015-03-31,104.3604,107.1667,104.0694,106.0422,1403024
2015-04-01,106.1616,106.9229,105.1963,106.8781,1394326
2015-04-02,106.9777,108.331,106.3507,106.9478,1488964
2015-04-06,106.2612,109.3262,106.1517,108.8187,1272700
2015-04-07,108.7391,110.6895,108.5102,110.5104,1217767
2015-04-08,110.6796,110.9085,109.784,110.2119,1228755
2015-04-09,110.5403,111.4359,109.9631,110.4905,969698
2015-04-10,110.4308,110.7691,109.157,109.8437,955117
2015-04-13,109.6944,109.6944,108.0225,108.3609,942117
2015-04-14,108.2912,109.356,108.0599,109.2167,1296919
2015-04-15,109.4655,109.7441,108.1619,108.3908,1001075
2015-04-16,108.2216,109.4455,106.9677,107.117,800621
2015-04-17,105.6044,105.684,102.9772,103.2359,1771783
2015-04-20,104.1116,104.1116,102.8876,103.2459,1260359
2015-04-21,103.3553,103.9723,103.0668,103.216,678775
2015-04-22,103.3155,103.4648,102.7583,102.8279,641365
2015-04-23,102.808,105.6143,102.4299,104.7784,908728
2015-04-24,105.1665,105.4949,103.6837,103.9226,492549
2015-04-27,104.2112,104.8978,103.4051,103.5245,718569
2015-04-28,103.007,103.9126,102.6388,102.7384,581681
2015-04-29,102.41,103.1165,101.8029,102.3901,687549
2015-04-30,102.41,103.5743,102.0219,102.8478,819105
2015-05-01,103.4748,103.843,102.4,103.3852,1302030
2015-05-04,103.6439,105.266,103.5643,105.1366,821436
2015-05-05,105.4252,105.7039,104.659,105.1963,746897
2015-05-06,105.1864,105.1864,103.2757,104.4898,899490
2015-05-07,104.5495,105.1167,103.425,104.9874,563582
2015-05-08,105.873,106.6294,105.3954,105.5447,579192
2015-05-11,105.3556,105.7039,104.659,105.1764,493670
2015-05-12,104.4798,105.9327,103.9027,103.9325,645338
2015-05-13,103.8927,104.0022,102.0418,102.5194,1020737
2015-05-14,103.0269,103.2359,101.6238,102.5194,935227
2015-05-15,102.7483,104.7784,102.5393,104.4002,765574
2015-05-18,104.659,105.4531,103.9126,105.0371,601920
2015-05-19,104.8355,105.3233,103.0735,104.0789,879294
2015-05-20,104.3577,105.0645,103.7902,104.4473,493352
2015-05-21,104.1088,105.393,103.9495,105.3432,461057
2015-05-22,105.2835,106.0898,104.278,105.6618,522495
2015-05-26,105.2038,105.6458,103.4418,103.6509,977849
2015-05-27,103.5215,105.1342,102.9242,103.4319,815772
2015-05-28,102.9441,105.5025,102.9441,104.497,692660
2015-05-29,104.5767,104.9351,103.7106,104.1685,963074
2015-06-01,104.069,105.2437,103.4319,104.2083,1459682
2015-06-02,108.1306,113.784,108.1306,111.585,4506801
2015-06-03,112.1823,115.3778,111.9633,114.9099,1993829
2015-06-04,113.8049,116.3832,113.1977,115.0592,1389910
2015-06-05,115.1986,115.2882,113.3171,113.9144,811188
2015-06-08,113.7651,115.8556,113.5959,115.1687,958133
2015-06-09,115.5172,115.8357,113.775,114.9995,664996
2015-06-10,115.7959,115.7959,113.4565,113.4764,898408
2015-06-11,113.7551,114.3425,110.9976,112.0031,1473318
2015-06-12,111.8936,112.5008,111.1469,112.242,692808
2015-06-15,111.575,111.9035,110.1515,110.6691,909370
2015-06-16,111.0076,112.9587,110.0917,112.4212,1176616
2015-06-17,112.3913,112.8592,110.5496,112.4112,744015
2015-06-18,112.6601,113.6855,112.6601,112.68,763842
2015-06-19,112.8791,114.5814,112.3316,114.0837,1178612
2015-06-22,114.8004,114.8004,113.2972,114.1235,687350
2015-06-23,113.9642,114.6511,113.6755,114.3425,448153
2015-06-24,114.2828,114.5018,113.118,113.1778,386418
2015-06-25,113.8646,116.5823,113.8547,115.7262,1043007
2015-06-26,115.9751,116.9706,114.7815,114.9796,1862375
2015-06-29,114.0737,115.0294,112.3216,112.471,746568
2015-06-30,113.4167,115.2982,112.8891,114.6809,1283177
2015-07-01,115.6167,117.0403,113.1977,116.7118,973116
2015-07-02,116.9706,117.7371,116.2618,117.2792,924478
2015-07-06,116.2638,117.3787,114.5316,115.3877,945122
2015-07-07,115.3877,115.6565,112.242,115.2185,975280
2015-07-08,114.7805,115.0095,112.0329,112.3714,728901
2015-07-09,113.4864,115.0351,112.3017,112.3515,740921
2015-07-10,113.4864,113.561,112.0628,113.0882,1008919
2015-07-13,113.9841,116.1941,113.9244,116.005,760415
2015-07-14,115.9452,116.3832,115.1289,115.2384,503949
2015-07-15,115.1488,115.7242,114.0339,114.2828,576723
2015-07-16,114.671,115.3877,113.0882,114.9,660238
2015-07-17,114.5814,115.0194,113.2375,113.576,440381
2015-07-20,113.9841,114.3773,112.8194,113.9144,560047
2015-07-21,114.004,115.109,112.9289,113.7651,391896
2015-07-22,113.5361,114.7407,113.5361,114.5814,531809
2015-07-23,115.1389,115.9552,113.9841,114.1334,544822
2015-07-24,114.4819,114.9398,111.2564,112.5406,566880
2015-07-27,112.2221,112.2519,110.5696,110.9976,570231
2015-07-28,111.7243,113.347,111.1171,112.899,433173
2015-07-29,112.9488,115.4773,112.9488,115.1787,577987
2015-07-30,114.6809,115.9353,114.5316,115.6366,440141
2015-07-31,115.7163,116.1025,114.0737,115.5172,569676
2015-08-03,115.0891,115.2384,112.3117,113.9443,1176700
2015-08-04,114.2529,115.2583,112.7796,114.0239,486615
2015-08-05,115.2484,117.0005,115.1936,116.3534,544525
2015-08-06,116.7814,117.2095,114.3226,114.6909,834235
2015-08-07,114.233,114.5814,112.2022,113.2873,692973
2015-08-10,114.3425,114.8701,112.5108,114.6013,700577
2015-08-11,113.3271,113.9443,112.0628,113.1578,636706
2015-08-12,111.9533,113.1379,110.4999,111.8239,1095724
2015-08-13,111.8936,111.9931,110.4999,111.2764,1288306
2015-08-14,111.2664,114.6809,110.7836,114.004,588884
2015-08-17,113.775,115.0891,112.8592,115.0095,444272
2015-08-18,115.3479,116.3136,114.6013,116.1244,529374
2015-08-19,115.3181,117.7769,114.8701,116.8511,857429
2015-08-20,115.4375,116.0249,113.1479,114.4619,1160409
2015-08-21,113.1678,113.6456,110.8981,111.7741,964256
2015-08-24,111.7915,114.5201,104.4423,106.902,1746282
2015-08-25,109.6903,112.8123,108.5949,108.7642,2034893
2015-08-26,110.9949,111.9708,107.7385,110.975,1583504
2015-08-27,116.681,119.4992,115.0977,117.6769,2789001
2015-08-28,117.5076,118.842,115.7848,116.4918,1488914
2015-08-31,115.9043,119.6088,115.3168,118.4835,1396167
2015-09-01,115.8545,117.876,115.3068,116.3225,1241891
2015-09-02,117.7765,117.7964,115.5458,117.7665,798930
2015-09-03,118.5034,120.1664,116.6412,117.3084,975433
2015-09-04,116.8105,117.9258,115.9143,116.4022,765864
2015-09-08,118.4636,118.5283,116.6014,117.6669,1158511
2015-09-09,118.5034,119.1905,113.9624,114.2014,943119
2015-09-10,114.4803,115.4462,113.355,114.0122,863156
2015-09-11,113.4147,114.3508,112.5583,113.5541,788661
2015-09-14,113.2853,113.4446,111.7716,112.3193,874433
2015-09-15,112.5085,113.1259,111.1343,112.9666,834107
2015-09-16,113.2056,115.3566,112.9367,115.257,471936
2015-09-17,115.018,116.5018,114.0819,114.4803,773742
2015-09-18,112.9965,113.6936,110.8555,111.1442,818930
2015-09-21,112.16,113.8031,111.2637,113.0264,788990
2015-09-22,111.3335,112.2894,110.248,111.8214,669643
2015-09-23,111.6521,112.0704,108.1768,108.3559,566303
2015-09-24,107.8481,108.0074,105.0797,106.6531,1475510
2015-09-25,107.7784,108.1966,103.2974,104.4125,1522358
2015-09-28,103.7751,104.0938,98.5072,99.6325,1118591
2015-09-29,99.6723,100.2698,95.8583,96.3562,1680413
2015-09-30,97.8002,101.6341,97.6309,101.5146,1483677
2015-10-01,101.3851,102.2814,98.7761,99.5229,1098170
2015-10-02,98.5072,101.0565,96.8641,101.0067,711291
2015-10-05,101.3951,102.9088,100.6283,102.7494,727559
2015-10-06,102.1918,102.9386,99.8615,100.6383,724434
2015-10-07,101.186,101.2059,97.7603,98.5769,973521
2015-10-08,98.5769,101.7934,97.611,101.176,977954
2015-10-09,100.937,101.2159,99.1346,100.22,696376
2015-10-12,100.6482,101.176,99.6624,100.0408,570577
2015-10-13,99.5827,100.8673,98.5869,99.9611,626853
2015-10-14,100.1204,101.7636,99.035,99.4632,942161
2015-10-15,99.9312,100.1802,97.9595,98.1885,1188234
2015-10-16,98.9752,100.8474,98.4126,100.7677,877067
2015-10-19,100.1603,100.9171,98.7064,99.7619,867464
2015-10-20,99.6524,100.4889,98.7263,99.0947,633676
2015-10-21,99.5927,99.8018,94.7828,95.3305,1992931
2015-10-22,95.5396,97.2823,95.1413,95.5297,1715838
2015-10-23,95.2708,95.2708,86.7564,87.8021,3653264
2015-10-26,88.2701,90.2916,88.1207,89.5746,1448898
2015-10-27,89.3157,90.4808,88.9273,89.1166,922950
2015-10-28,89.5746,91.2675,88.3946,90.3115,830753
2015-10-29,89.963,90.8991,88.6286,90.6203,1167082
2015-10-30,90.8095,91.5862,90.3115,90.5705,1268256
2015-11-02,90.5705,92.1937,89.0568,91.7953,696764
2015-11-03,91.7455,93.5779,91.3372,92.5322,878088
2015-11-04,92.9804,93.5629,90.67,91.6957,753384
2015-11-05,94.8824,95.7587,92.8011,94.5139,1428323
2015-11-06,94.3546,94.3546,91.5065,93.8467,1066963
2015-11-09,93.6376,93.6575,90.4709,90.8593,1261933
2015-11-10,90.5406,92.7214,90.5406,92.5422,724454
2015-11-11,89.3755,90.8194,86.7863,87.8917,1447031
2015-11-12,87.3739,90.4808,87.1249,89.007,1350108
2015-11-13,87.5431,87.5431,84.0179,84.8046,1271181
2015-11-16,84.4461,86.5374,84.0378,86.3282,1204691
2015-11-17,86.3083,86.5374,83.6993,84.7449,917734
2015-11-18,85.1907,89.3751,85.1907,89.2356,1201800
2015-11-19,89.1061,90.1621,88.2692,88.578,615930
2015-11-20,89.1957,91.6964,89.1957,90.6702,1021047
2015-11-23,90.5307,92.7474,90.3813,92.3638,640870
2015-11-24,91.3377,92.7624,90.5208,92.2543,739607
2015-11-25,92.6428,92.852,91.1086,92.2543,686768
2015-11-27,92.5033,93.0712,91.0787,92.7225,322928
2015-11-30,92.045,92.2543,90.451,90.9492,1144942
2015-12-01,90.8993,93.8382,90.6802,91.8757,1143619
2015-12-02,91.9853,94.5257,91.6665,93.0313,1565264
2015-12-03,91.9454,92.1247,82.4958,82.71,4705562
2015-12-04,82.5108,83.5469,80.0301,81.5145,2636317
2015-12-07,80.8669,80.8669,78.7549,80.1795,1508979
2015-12-08,79.1434,80.5083,78.5855,79.4522,2684350
2015-12-09,78.6253,80.1596,77.5593,78.2766,1931448
2015-12-10,78.0874,78.5755,76.7723,76.9217,1200032
2015-12-11,76.0251,76.9317,75.4273,75.8856,1368187
2015-12-14,75.9155,76.7822,75.1683,75.9255,2184230
2015-12-15,76.7125,77.38,75.7959,76.0649,1733557
2015-12-16,76.7225,77.3999,74.7299,75.5568,1874706
2015-12-17,75.6864,75.7561,73.106,73.8134,3365147
2015-12-18,73.7735,74.2418,72.4286,73.0164,2087954
2015-12-21,73.2654,73.8034,72.0799,72.6179,1153172
2015-12-22,72.7274,73.1758,71.7212,72.847,1029976
2015-12-23,73.4149,74.1421,72.7872,73.5942,1066188
2015-12-24,73.5942,73.5942,72.1496,72.5182,392717
2015-12-28,72.5282,73.101,72.0699,72.6477,895853
2015-12-29,73.3551,74.4211,72.9367,74.0226,850583
2015-12-30,73.7835,74.0126,72.7474,72.8769,799962
2015-12-31,72.6976,74.4908,72.4684,73.375,801756
2016-01-04,72.4485,73.9329,71.8308,73.2156,1353217
2016-01-05,73.6739,74.5506,72.8271,74.2218,1400793
2016-01-06,73.0462,74.0923,71.4124,72.5182,1238771
2016-01-07,71.4124,72.9566,70.715,71.1733,1569827
2016-01-08,71.6415,71.8408,69.9479,70.0774,1219375
2016-01-11,70.2168,71.1932,68.7623,69.5095,988987
2016-01-12,70.715,72.1337,68.9217,69.8084,970815
2016-01-13,70.2966,71.4124,69.5992,69.6888,1324892
2016-01-14,69.6689,69.6689,67.4074,68.5232,915903
2016-01-15,66.71,68.9217,66.162,68.0948,2067055
2016-01-19,68.3738,68.8819,65.6739,66.162,2682248
2016-01-20,65.2554,66.6801,63.9204,66.1919,1853221
2016-01-21,66.2716,69.5593,65.6241,68.4236,1060933
2016-01-22,69.4896,70.1959,68.4136,69.5693,728941
2016-01-25,69.2505,69.4697,67.0089,67.3277,944077
2016-01-26,67.9354,70.2766,67.6664,69.3102,1007750
2016-01-27,68.9416,70.9242,68.5929,69.1907,738778
2016-01-28,70.2168,70.7548,68.1745,69.0413,907458
2016-01-29,69.3999,73.1459,69.0114,73.106,1173440
2016-02-01,72.0998,73.8831,71.0537,72.8968,1123109
2016-02-02,78.7947,78.8146,74.4012,74.8694,3783480
2016-02-03,75.776,79.3825,75.4074,78.9641,2492255
2016-02-04,77.8781,77.8781,75.8657,77.1309,2115624
2016-02-05,76.4834,77.3202,74.3613,74.6403,1754508
2016-02-08,73.8233,73.8233,70.1272,71.6116,1465879
2016-02-09,70.8943,71.8707,68.7025,70.8246,1521102
2016-02-10,71.4721,72.2094,71.1135,71.3127,949399
2016-02-11,70.5954,71.233,69.0711,70.1969,847865
2016-02-12,71.2032,73.2853,70.3065,73.0761,858141
2016-02-16,74.0425,74.2019,72.4684,73.644,1035542
2016-02-17,74.8196,75.6864,73.2355,75.6365,1281389
2016-02-18,75.2281,76.7324,74.1521,76.0948,1168002
2016-02-19,74.3414,74.8794,71.6116,74.71,1284792
2016-02-22,75.1683,76.7623,74.9292,76.0948,800761
2016-02-23,76.501,79.0029,75.3387,77.4778,1292166
2016-02-24,76.6206,76.9994,75.1484,76.6007,1381822
2016-02-25,76.8,80.0195,76.5409,79.9896,1340163
2016-02-26,80.6774,80.6774,78.335,79.4315,1065331
2016-02-29,79.571,80.6874,78.7238,78.8932,715860
2016-03-01,79.8302,82.5712,78.8427,82.2423,1218089
2016-03-02,81.5147,84.2358,81.2555,84.0763,1223992
2016-03-03,83.6776,85.2126,83.6378,85.1728,900280
2016-03-04,85.1827,87.3158,84.8738,85.6712,1008066
2016-03-07,85.2126,86.3489,85.093,85.9502,912832
2016-03-08,85.113,86.3489,83.7275,83.9069,1102915
2016-03-09,84.505,85.0233,82.8454,84.7342,654915
2016-03-10,85.0133,86.0101,83.7773,85.3223,732301
2016-03-11,86.4785,87.2759,85.7509,87.1763,758996
2016-03-14,87.2361,88.1531,86.7177,87.5949,668365
2016-03-15,87.0267,87.7245,86.4985,87.6946,683723
2016-03-16,87.1962,87.884,86.0699,87.4952,836364
2016-03-17,87.4952,89.1199,86.9171,88.9206,989881
2016-03-18,89.2395,89.2395,87.555,87.9936,1435052
2016-03-21,88.0135,90.5154,88.0135,90.2762,1558652
2016-03-22,89.2096,89.3093,87.266,88.7013,1523687
2016-03-23,88.0135,88.6714,87.1364,87.3457,1677780
2016-03-24,92.1301,94.941,90.3958,93.9841,3632285
2016-03-28,94.4924,96.7351,94.1436,96.2069,1521500
2016-03-29,96.2766,97.8316,95.6886,97.4329,1336580
2016-03-30,99.0277,99.227,96.8348,98.5991,1272171
2016-03-31,98.3698,99.6756,98.1804,98.7386,1127100
2016-04-01,98.3599,99.4663,97.3432,99.0676,1115164
2016-04-04,98.8383,99.1672,96.5059,97.3432,1023116
2016-04-05,96.486,97.403,96.0274,96.177,1010500
2016-04-06,96.2667,96.7451,94.8313,96.1869,1231117
2016-04-07,95.4194,96.3564,94.1137,94.9111,1257319
2016-04-08,95.2201,95.5291,92.1401,92.7481,1229260
2016-04-11,92.8279,94.2233,92.7481,92.9076,1111440
2016-04-12,92.6983,93.4458,91.0935,93.3163,1319121
2016-04-13,93.8047,95.3497,93.8047,94.622,1138478
2016-04-14,94.622,95.4194,94.1934,94.622,636329
2016-04-15,94.5024,95.9577,94.3529,95.0606,756811
2016-04-18,94.4227,96.1869,94.1236,95.1204,672099
2016-04-19,95.5789,95.6337,93.705,94.941,867475
2016-04-20,94.632,95.7185,94.014,95.2799,595882
2016-04-21,95.8082,97.1936,94.946,96.0573,702749
2016-04-22,96.486,97.2435,95.2898,95.7683,709310
2016-04-25,95.1802,95.2201,94.2233,94.931,673941
2016-04-26,95.3796,97.383,95.3098,97.3731,751640
2016-04-27,97.0043,97.9013,96.6853,97.5325,517716
2016-04-28,97.3033,97.5425,94.9011,95.2001,568515
2016-04-29,95.4493,95.6188,93.6053,95.2898,899491
2016-05-02,95.6886,96.8448,93.8346,96.5956,524067
2016-05-03,96.1072,96.5856,95.3895,95.6387,752750
2016-05-04,95.1304,95.9477,94.5921,95.23,733952
2016-05-05,94.7715,95.0193,90.8942,91.2031,1968276
2016-05-06,91.1832,91.7613,90.1665,91.1035,1236966
2016-05-09,91.2131,92.3594,90.5054,91.3527,536312
2016-05-10,91.0835,92.6185,89.5386,89.6681,1280764
2016-05-11,86.3489,86.3489,82.7407,82.8802,3035057
2016-05-12,83.7873,84.794,81.8336,83.887,3356812
2016-05-13,83.1095,85.3721,82.2922,83.1793,1380943
2016-05-16,83.6477,86.02,82.94,85.4718,1458694
2016-05-17,85.0904,87.8027,84.1929,86.4066,2212458
2016-05-18,85.7086,86.4665,84.6117,85.7186,1359614
2016-05-19,85.9779,88.401,84.9507,86.1773,1035913
2016-05-20,86.6759,88.9495,85.3995,88.7102,1924840
2016-05-23,88.5107,88.9694,86.9651,87.8625,1275938
2016-05-24,88.0021,89.4281,87.6531,88.77,1422650
2016-05-25,88.5406,89.6076,87.713,89.5777,2178602
2016-05-26,95.86,96.3985,93.2573,93.4668,3016468
2016-05-27,93.6961,95.1819,93.3446,94.2745,1320340
2016-05-31,93.8058,94.2745,92.8186,93.5366,1225481
2016-06-01,93.3371,95.2916,93.2324,95.1819,1141161
2016-06-02,95.0623,97.0566,94.7132,97.0566,1342697
2016-06-03,96.7575,96.9569,95.521,96.578,613810
2016-06-06,96.3885,97.2361,95.8102,96.5182,758446
2016-06-07,95.3913,97.3957,94.2695,96.927,810218
2016-06-08,96.8672,97.4256,95.9298,96.5281,993523
2016-06-09,95.7802,97.1165,94.9576,96.937,796135
2016-06-10,96.8273,96.8373,95.5708,96.3786,903888
2016-06-13,96.0096,96.8572,94.8927,94.9526,672943
2016-06-14,94.3941,95.3415,93.6662,94.1149,1347553
2016-06-15,95.0623,99.2206,94.7332,97.1065,1611487
2016-06-16,96.3187,96.578,95.0124,96.4484,849494
2016-06-17,96.578,98.5824,95.6007,98.353,1101899
2016-06-20,98.7718,101.564,98.7618,100.1579,962611
2016-06-21,100.8659,101.3446,99.8588,101.195,698962
2016-06-22,100.8659,102.4814,100.3972,100.487,781665
2016-06-23,101.5739,103.0697,101.4742,102.4515,818012
2016-06-24,96.8572,98.0838,93.0479,93.2873,2999115
2016-06-27,91.9411,91.9411,83.5646,84.6715,4366785
2016-06-28,87.2642,89.4979,87.2642,89.3284,2102520
2016-06-29,90.3854,93.0081,90.3854,92.5593,1688682
2016-06-30,92.4197,94.0651,91.7915,93.9654,1136461
2016-07-01,94.1249,95.7703,93.736,94.7631,863211
2016-07-05,94.3742,94.444,91.4823,92.1904,842080
2016-07-06,91.9012,94.3044,91.0536,94.2845,1067236
2016-07-07,94.3543,95.3365,93.2972,94.6434,894359
2016-07-08,95.88,97.9242,95.5309,97.0467,970494
2016-07-11,97.5752,98.5923,97.1564,97.4755,644214
2016-07-12,98.5923,99.7092,98.5125,99.1208,1365197
2016-07-13,99.1707,99.3003,97.5652,98.3031,665383
2016-07-14,99.6593,99.6793,98.1635,98.4926,357779
2016-07-15,98.7718,99.4499,98.0738,98.2333,604074
2016-07-18,98.3331,99.43,97.7796,98.7918,654112
2016-07-19,98.722,98.7519,97.4256,97.994,388510
2016-07-20,98.8217,100.4571,98.8217,99.9086,628124
2016-07-21,99.6593,100.9158,98.6821,99.3203,629243
2016-07-22,98.8915,100.2477,97.5253,99.5197,758981
2016-07-25,99.3302,100.487,98.7818,100.3175,595332
2016-07-26,100.2576,102.6409,100.2576,100.836,804497
2016-07-27,101.3047,101.6836,99.0012,100.1878,809606
2016-07-28,100.1579,100.2576,98.1436,99.3402,651875
2016-07-29,99.1807,101.0255,98.3031,100.7762,814210
2016-08-01,100.5668,100.846,99.051,99.6394,686623
2016-08-02,99.4798,99.4798,95.8899,96.239,638148
2016-08-03,94.6833,95.9548,92.5693,95.4213,1347068
2016-08-04,95.8301,97.7248,95.8301,96.1991,661219
2016-08-05,97.0766,98.9015,96.3088,98.353,817506
2016-08-08,98.7818,100.0981,97.9441,98.2234,589469
2016-08-09,97.7248,97.8644,96.1293,96.3187,607151
2016-08-10,97.5054,99.2704,96.9769,97.8644,626454
2016-08-11,101.6537,103.6132,99.4699,102.7606,1540573
2016-08-12,102.3218,103.9273,102.0326,103.7079,644731
2016-08-15,103.7677,105.2236,103.7677,104.755,419869
2016-08-16,104.745,105.3234,104.0569,104.8846,487937
2016-08-17,104.6552,105.3932,103.7089,104.755,856756
2016-08-18,105.0043,106.7493,104.7051,106.2009,955300
2016-08-19,105.8618,107.9659,105.7821,107.6867,886058
2016-08-22,107.5346,107.7341,106.3475,106.956,744071
2016-08-23,108.2528,110.4474,107.6343,109.2802,1294821
2016-08-24,109.7291,109.7391,107.2652,108.552,1555576
2016-08-25,109.9087,111.4748,104.9011,107.1056,2452504
2016-08-26,107.6642,109.9137,106.3425,107.3151,1314862
2016-08-29,107.1954,109.4498,107.1056,108.4623,616157
2016-08-30,107.8139,108.2827,106.562,107.6543,788785
2016-08-31,107.6543,108.3326,105.8886,107.4947,974387
2016-09-01,107.5745,108.5421,106.7864,107.9136,750109
2016-09-02,107.9735,109.4099,107.774,108.2927,509987
2016-09-06,108.2927,108.6518,107.0358,108.1231,763492
2016-09-07,108.2628,110.1381,107.8238,109.9187,867049
2016-09-08,108.9112,110.1282,108.2528,108.5022,785031
2016-09-09,107.5146,108.178,106.2278,106.8862,912281
2016-09-12,107.0657,108.7117,106.138,108.3825,889645
2016-09-13,107.3849,108.5321,105.6891,106.4672,710892
2016-09-14,106.2278,108.3226,106.1181,106.6667,875645
2016-09-15,105.4697,107.3251,105.0108,107.2153,855427
2016-09-16,106.3874,107.1804,105.8587,106.9261,929373
2016-09-19,107.8538,108.5321,106.8862,107.7839,827789
2016-09-20,108.5321,109.5097,107.1256,107.6044,555954
2016-09-21,107.8238,109.2403,107.6343,109.0109,840108
2016-09-22,109.4798,109.7092,107.6742,108.5421,770006
2016-09-23,108.5022,109.7591,108.2727,108.3326,500457
2016-09-26,107.8937,108.0533,105.4697,105.5395,602711
2016-09-27,105.5894,106.9959,104.7814,106.1081,703390
2016-09-28,106.3475,106.7964,105.4806,106.5669,542024
2016-09-29,106.2178,107.9934,105.9086,106.3974,886777
2016-09-30,107.7241,111.6544,107.6593,110.2279,1612707
2016-10-03,110.0184,112.3327,109.4608,111.2653,1168989
2016-10-04,111.5846,112.6419,110.9062,111.9137,849774
2016-10-05,112.1332,112.4225,110.8564,110.8963,655112
2016-10-06,110.6768,111.8639,109.9885,111.6344,689157
2016-10-07,112.5222,114.1383,112.154,113.7193,1182902
2016-10-10,114.1383,115.1158,113.5397,113.6894,1053433
2016-10-11,113.5796,113.8988,112.3128,112.3626,837720
2016-10-12,112.622,112.7018,111.1656,111.1855,867882
2016-10-13,110.0883,111.6045,108.6618,111.0359,777502
2016-10-14,111.6644,111.7641,109.6195,110.0683,569797
2016-10-17,110.3775,111.006,109.5097,110.1681,721260
2016-10-18,111.3352,111.4349,109.8987,109.9486,681275
2016-10-19,110.5671,111.6594,110.0184,111.0559,843529
2016-10-20,110.2977,110.6569,109.6493,110.2379,462134
2016-10-21,109.0907,109.3401,108.4423,109.0907,645345
2016-10-24,109.2004,110.198,108.2029,108.5022,685359
2016-10-25,107.0059,107.0059,104.8063,105.2701,1377938
2016-10-26,104.9011,106.1979,104.9011,105.31,890661
2016-10-27,105.6891,106.0383,104.6616,104.8412,913643
2016-10-28,105.5594,106.4173,104.7415,105.6293,809585
2016-10-31,105.6392,106.8562,104.8412,106.7166,791576
2016-11-01,107.3051,108.163,105.33,106.2677,749399
2016-11-02,105.33,107.9336,105.33,106.4672,820547
2016-11-03,107.0158,107.0158,102.487,102.6167,1123407
2016-11-04,102.7863,106.0682,102.5469,104.0631,962786
2016-11-07,105.7689,107.6942,105.4597,107.4348,802141
2016-11-08,107.2652,107.7041,106.2108,106.8463,875833
2016-11-09,105.2003,107.1954,102.0381,106.7864,2116962
2016-11-10,107.9435,114.5971,107.0568,112.0235,1714648
2016-11-11,111.1456,112.0135,110.2479,111.804,982694
2016-11-14,112.1332,113.4699,105.2302,105.4198,2115371
2016-11-15,105.5395,108.7216,104.4621,108.3326,1274328
2016-11-16,107.5745,108.8267,107.1954,107.8338,836363
2016-11-17,108.991,110.0783,107.6842,109.8588,730486
2016-11-18,109.7092,109.9685,105.9983,106.1081,701617
2016-11-21,106.6944,108.75,106.6944,107.7322,770358
2016-11-22,108.2511,108.7001,107.4278,108.2212,702691
2016-11-23,108.0914,109.7179,108.0914,108.79,490159
2016-11-25,109.3488,110.0373,108.0914,108.4607,319373
2016-11-28,108.1413,108.5105,107.2432,107.842,582608
2016-11-29,107.8919,108.9396,105.2574,105.8063,1083677
2016-11-30,106.1455,107.1335,105.1676,105.7165,1469397
2016-12-01,104.7784,110.7358,104.5888,107.7621,2462891
2016-12-02,107.2532,107.2831,101.8646,102.2338,1957041
2016-12-05,103.0122,106.884,102.5931,106.7343,1755872
2016-12-06,106.3252,106.5048,104.3893,106.2653,1124828
2016-12-07,106.385,111.155,106.385,111.125,1469731
2016-12-08,112.2526,112.9711,107.7721,108.0116,1625539
2016-12-09,107.9318,108.1214,106.2653,106.2753,1189191
2016-12-12,106.5048,106.859,101.1062,102.1839,1697629
2016-12-13,102.633,103.1818,101.3457,101.7947,1309062
2016-12-14,101.9045,102.2837,99.5295,99.8089,1216571
2016-12-15,99.6393,99.6493,92.9135,93.7418,4061298
2016-12-16,94.1709,94.3006,91.6662,91.7859,3736692
2016-12-19,91.8757,92.6965,90.349,91.5165,1566393
2016-12-20,92.3946,93.627,91.2471,92.225,1588266
2016-12-21,91.8158,92.4372,91.0774,92.3048,1390091
2016-12-22,91.9356,92.4146,89.9498,90.1693,1070893
2016-12-23,90.5884,91.7959,89.6105,89.85,744489
2016-12-27,90.0097,91.0465,89.84,90.2791,561382
2016-12-28,90.2991,90.5828,89.3211,89.8201,684200
2016-12-29,90.1594,91.1473,89.8201,90.6783,873521
2016-12-30,90.5785,91.1073,89.371,90.0496,742851
2017-01-03,90.7681,91.5364,90.1594,90.788,964562
2017-01-04,91.3468,93.642,91.3468,91.7759,1432459
2017-01-05,90.4088,92.8836,89.7752,92.7638,2209705
2017-01-06,92.4944,93.0233,91.3369,92.6641,1174031
2017-01-09,92.8736,92.8736,91.6362,92.0653,917909
2017-01-10,92.5643,94.2657,91.9955,93.652,1417866
2017-01-11,93.183,93.7867,91.1273,92.195,1023489
2017-01-12,91.6761,93.0433,91.4067,92.9335,834932
2017-01-13,92.9435,93.6021,88.5228,89.1215,2137985
2017-01-17,90.2192,96.2964,90.1526,94.6299,2998257
2017-01-18,94.3305,94.7746,91.4566,93.163,1361152
2017-01-19,92.8337,93.4923,90.7481,91.3768,945865
2017-01-20,91.726,93.0133,91.2271,92.6241,988495
2017-01-23,92.1551,93.0732,91.2271,92.0054,864520
2017-01-24,92.3647,93.8316,91.9655,92.9934,733303
2017-01-25,93.8715,94.7696,93.3825,94.6099,742418
2017-01-26,94.9093,95.2985,93.0333,93.1031,650072
2017-01-27,93.3526,93.7717,89.9099,90.1095,1052226
2017-01-30,89.9099,92.1252,89.0018,92.0853,924167
2017-01-31,90.4288,93.7717,89.9099,93.612,1283818
2017-02-01,93.0532,93.1131,89.4608,89.6804,1592275
2017-02-02,88.413,90.5685,87.9091,89.2114,1075373
2017-02-03,88.7723,88.7723,85.9882,87.3852,1727553
2017-02-06,87.4651,89.1615,86.9461,88.2434,770255
2017-02-07,87.8542,88.1636,85.0003,85.2996,1850088
2017-02-08,85.4992,87.026,84.3516,87.006,2845774
2017-02-09,87.475,89.0018,86.9761,87.006,1368807
2017-02-10,87.8941,90.1394,87.5249,89.9298,1527722
2017-02-13,89.9797,90.4487,88.6825,88.7423,959552
2017-02-14,88.7224,91.3369,88.7224,90.0695,1123915
2017-02-15,89.8001,90.2492,89.1415,89.6704,957899
2017-02-16,90.0596,90.0995,87.8742,88.1835,909385
2017-02-17,88.0039,90.4587,88.0039,90.1294,1239062
2017-02-21,90.0596,91.3269,89.8201,90.0596,737656
2017-02-22,90.107,91.325,89.8674,91.2351,694122
2017-02-23,91.305,92.8424,90.3267,90.6062,1585582
2017-02-24,90.4764,93.1618,89.8375,91.4148,2207987
2017-02-27,91.285,92.7725,91.285,92.1735,730295
2017-02-28,91.7842,92.2733,90.7659,91.4448,963219
2017-03-01,92.3233,92.6627,90.8158,92.0837,1134341
2017-03-02,91.904,92.2134,90.8058,91.7642,1264082
2017-03-03,92.1336,92.7026,89.6079,89.9373,954656
2017-03-06,89.7576,90.6461,89.3932,90.0471,1334603
2017-03-07,89.4182,90.1719,88.7393,89.5979,685779
2017-03-08,90.0172,91.5745,89.6778,91.2351,654034
2017-03-09,91.0354,91.6744,90.3466,90.9855,653621
2017-03-10,91.4248,92.2134,90.7759,90.9656,824298
2017-03-13,91.3649,91.8241,89.9074,90.7759,788075
2017-03-14,91.0454,92.1735,90.9556,91.3649,753841
2017-03-15,91.9639,92.6427,90.5662,92.2334,1152128
2017-03-16,92.1236,95.0287,91.3699,93.671,1365916
2017-03-17,94.2001,94.839,92.8424,94.4896,1249482
2017-03-20,94.2899,94.7841,92.7126,93.4214,923774
2017-03-21,93.4114,93.7708,91.1802,92.5229,1373472
2017-03-22,92.2334,92.4431,89.3683,90.696,2385843
2017-03-23,99.2315,99.8305,97.2848,98.383,4915302
2017-03-24,100.0002,101.9369,98.7124,100.7689,2520501
2017-03-27,100.1699,102.3363,99.9803,101.328,1705933
2017-03-28,101.4578,102.9452,101.3529,102.516,1057520
2017-03-29,101.6474,104.1033,100.9786,103.664,1049469
2017-03-30,103.2447,104.1033,101.9369,103.4444,755890
2017-03-31,103.3545,103.7339,102.7955,103.2946,774454
2017-04-03,103.3046,104.0733,102.496,103.0051,793719
2017-04-04,103.3645,103.8337,101.1882,101.6075,956526
2017-04-05,101.7872,103.4244,101.308,101.8072,822289
2017-04-06,102.2065,103.664,101.4977,101.7972,853896
2017-04-07,101.7473,102.6957,101.5276,101.7273,1326911
2017-04-10,101.8571,103.5342,101.3779,101.4677,781523
2017-04-11,101.5276,101.6674,100.4894,101.1882,852227
2017-04-12,101.0984,101.6774,100.6491,101.0385,974004
2017-04-13,101.2481,101.7872,99.3014,99.6408,1329956
2017-04-17,99.8605,100.3696,99.4012,99.7706,1117732
2017-04-18,99.3513,100.3996,98.8322,99.3513,886530
2017-04-19,99.7706,100.3197,99.1617,99.2815,811937
2017-04-20,99.8505,101.3879,99.6508,101.2381,1497033
2017-04-21,100.5393,100.9187,97.8738,98.0935,1521492
2017-04-24,99.8505,102.7655,99.7806,102.1366,1954910
2017-04-25,102.2464,102.9951,101.2681,102.6957,1098127
2017-04-26,102.9253,104.5425,102.6258,103.2747,868509
2017-04-27,103.2347,103.7238,102.2165,102.8454,702845
2017-04-28,102.6158,102.6158,100.0501,100.8588,826447
2017-05-01,100.8488,101.4378,99.6658,99.9104,506371
2017-05-02,100.5393,101.4428,100.0601,101.4278,754286
2017-05-03,101.2481,101.6874,99.6808,100.739,714344
2017-05-04,101.338,101.6275,100.0601,100.9886,789935
2017-05-05,100.9886,102.8254,100.9386,102.4261,734482
2017-05-08,103.1349,103.2248,102.0468,102.2165,527218
2017-05-09,102.6457,103.2647,102.1366,102.5858,957252
2017-05-10,102.1067,103.2647,101.1483,103.1349,750452
2017-05-11,101.8072,102.486,99.7806,100.7589,1064950
2017-05-12,100.0202,100.5493,98.393,100.0202,886137
2017-05-15,100.0701,100.8288,100.0601,100.3197,796066
2017-05-16,99.8378,100.3921,98.6494,98.959,1188802
2017-05-17,98.6694,99.0189,97.2512,97.3411,1159487
2017-05-18,97.7406,100.2373,96.9816,98.959,1498511
2017-05-19,98.9889,100.9314,96.7219,100.2772,1583004
2017-05-22,101.236,102.5842,100.8465,101.985,1455978
2017-05-23,102.8638,104.3618,101.955,102.2446,1667341
2017-05-24,102.0948,102.2646,100.2373,101.9051,2436554
2017-05-25,107.4477,108.8659,105.8099,106.8385,3913384
2017-05-26,106.4191,106.9084,105.1408,105.1508,1337756
2017-05-30,106.1095,106.8635,104.8911,105.4504,1420599
2017-05-31,105.75,105.9198,104.212,105.8099,1278626
2017-06-01,105.8998,107.4278,105.6002,106.0696,984387
2017-06-02,106.2893,106.5489,104.9161,105.8199,673147
2017-06-05,105.6002,105.8399,104.4217,105.0709,1174242
2017-06-06,104.3818,104.9311,103.3432,103.5129,963106
2017-06-07,103.3931,103.6927,101.9151,103.0436,988489
2017-06-08,103.453,104.0023,102.7539,103.0236,638964
2017-06-09,103.1634,105.8449,102.6741,105.4504,751960
2017-06-12,105.2307,107.1082,105.1608,106.0596,1115002
2017-06-13,106.1295,106.1295,104.981,105.4704,752530
2017-06-14,105.9098,106.4391,105.1208,106.2893,694931
2017-06-15,104.7813,105.7799,104.6215,105.5203,711046
2017-06-16,105.3405,105.6002,104.5416,104.991,980834
2017-06-19,105.1208,105.6701,104.202,105.5802,611602
2017-06-20,105.4604,105.4604,104.3718,104.7513,769648
2017-06-21,104.3918,105.3805,104.3119,104.9311,826800
2017-06-22,105.4604,109.9743,105.4404,108.9258,1628947
2017-06-23,108.5663,110.4438,107.9171,110.3339,1386908
2017-06-26,110.9131,112.6508,110.9131,112.1815,1243577
2017-06-27,112.2913,112.8106,111.782,112.3313,901583
2017-06-28,112.9005,115.7068,112.6309,113.2201,1227037
2017-06-29,113.4498,114.3686,112.5909,113.6295,1086520
2017-06-30,114.808,115.2674,113.9391,114.3486,995439
2017-07-03,114.2987,115.0177,114.079,114.6881,561475
2017-07-05,114.4884,114.6682,112.7607,113.3,801623
2017-07-06,112.8905,113.0853,110.4438,110.7334,850480
2017-07-07,111.1928,112.4311,111.1578,112.0217,431258
2017-07-10,111.8519,112.9804,111.3326,111.8519,685072
2017-07-11,111.742,112.3612,110.6135,111.6122,704569
2017-07-12,112.1215,112.8406,111.5323,111.6821,686001
2017-07-13,112.1315,113.5497,111.3725,113.1402,1037572
2017-07-14,113.5197,113.5497,111.9118,112.4112,568094
2017-07-17,112.8006,114.3586,112.5909,113.4598,545462
2017-07-18,113.5497,113.9691,112.0217,112.7907,550868
2017-07-19,113.1502,114.1289,112.6309,113.9192,445181
2017-07-20,114.2387,116.0364,113.6495,115.5969,858633
2017-07-21,115.7168,117.5144,115.2224,116.8253,714091
2017-07-24,117.085,117.085,115.9165,116.3659,658550
2017-07-25,116.6056,119.5617,116.1163,118.573,765455
2017-07-26,118.573,118.7428,117.3546,118.2534,560458
2017-07-27,118.3533,119.8011,118.0437,119.0024,629401
2017-07-28,119.1223,120.3307,118.4132,119.7814,914275
2017-07-31,119.7814,119.7814,118.0137,119.1323,697166
2017-08-01,119.5417,120.83,119.2621,119.5717,557344
2017-08-02,119.5417,120.83,119.2621,119.5717,557362
2017-08-03,119.8413,121.4492,119.4518,121.1096,654650
2017-08-04,121.1396,122.5877,121.1396,121.9385,760298
2017-08-07,122.8773,124.7848,121.9735,123.9259,675357
2017-08-08,125.6736,125.9432,123.9259,124.1356,845951
2017-08-09,123.4166,124.5351,122.9772,123.9459,610477
2017-08-10,123.2568,123.6263,121.2594,121.4692,857844
2017-08-11,121.1895,124.1456,120.9339,123.7162,686327
2017-08-14,124.4752,124.9196,123.7861,124.2055,580574
2017-08-15,123.6463,124.6949,121.579,123.2169,806560
2017-08-16,123.3267,124.4752,122.828,123.9958,634720
2017-08-17,123.836,124.6649,122.0784,122.1383,1150257
2017-08-18,121.3393,121.3493,118.9126,120.8899,1128517
2017-08-21,120.6503,120.7801,119.0574,119.9012,898836
2017-08-22,120.2683,121.2972,119.0496,120.1984,1098161
2017-08-23,120.2284,120.7978,118.5402,119.9187,1583175
2017-08-24,127.8706,130.1184,121.8767,126.7917,3806381
2017-08-25,127.4011,129.1493,124.0145,125.7728,1507695
2017-08-28,125.9826,126.2922,124.4641,126.1024,1043649
2017-08-29,125.7428,126.9616,123.6549,126.492,909765
2017-08-30,126.4021,127.7907,125.8327,125.9126,735729
2017-08-31,126.4221,126.7017,125.2233,125.7628,602829
2017-09-01,126.0625,126.7418,125.1534,126.4021,498702
2017-09-05,126.7518,128.6199,126.4171,128.3701,1033401
2017-09-06,129.3891,130.6179,128.49,128.9795,880964
2017-09-07,129.4091,129.9485,128.2403,128.5599,975368
2017-09-08,128.4401,128.4401,127.2113,127.6309,648375
2017-09-11,128.2802,130.0185,127.9805,129.469,752074
2017-09-12,129.7487,130.1084,127.7008,127.9605,645622
2017-09-13,128.0704,128.9995,126.4321,127.3012,765816
2017-09-14,127.1913,127.1913,123.6549,126.3022,822243
2017-09-15,127.0015,128.4501,126.4621,127.9705,1187402
2017-09-18,128.47,128.51,127.531,127.8806,932154
2017-09-19,127.9506,128.5699,126.3722,127.3412,759574
2017-09-20,127.6309,128.0105,125.8427,126.552,803299
2017-09-21,126.562,126.9716,125.563,125.7228,497265
2017-09-22,125.8427,126.0824,125.3132,125.9426,433763
2017-09-25,125.4731,126.8317,124.7838,124.9936,611313
2017-09-26,125.1734,127.2313,124.8937,126.5819,787136
2017-09-27,126.3322,126.8017,124.7488,126.2323,837052
2017-09-28,126.0824,126.0824,124.0645,125.3931,869820
2017-09-29,125.533,126.482,125.0535,125.9326,512151
2017-10-02,125.7927,126.8816,124.554,126.8717,504436
2017-10-03,126.8717,126.8717,125.513,126.1424,1220414
2017-10-04,126.1923,127.7907,126.0225,127.1614,719355
2017-10-05,127.0714,127.6109,125.8777,127.1913,909334
2017-10-06,127.0515,127.4311,126.1124,127.4011,652069
2017-10-09,127.4511,127.491,124.3042,124.9036,641267
2017-10-10,124.9436,126.1923,124.6139,125.9126,643395
2017-10-11,125.8427,126.3322,124.6988,126.0824,769633
2017-10-12,125.6529,125.6529,123.9996,124.6739,652661
2017-10-13,124.7238,127.0515,123.9646,124.8137,711276
2017-10-16,124.7638,125.2333,123.525,124.544,774968
2017-10-17,124.0445,125.2133,123.8447,124.0345,575178
2017-10-18,124.6039,125.1434,123.8647,124.2343,480682
2017-10-19,124.0345,126.0025,123.6949,125.6129,634419
2017-10-20,126.2123,128.55,126.0924,128.1803,980180
2017-10-23,128.7198,133.1053,128.5999,129.5489,1051273
2017-10-24,129.0994,129.9885,128.9895,129.489,607652
2017-10-25,129.469,130.0684,128.4301,129.9286,470029
2017-10-26,129.9985,130.5979,128.8896,128.9096,467913
2017-10-27,128.4101,128.4351,126.7718,126.9216,692426
2017-10-30,126.1324,127.3711,125.3032,127.2313,676612
2017-10-31,126.7917,127.1514,125.9826,126.6818,536362
2017-11-01,127.2413,129.7887,126.7817,127.7807,717237
2017-11-02,128.8896,129.1593,126.3821,127.4311,706746
2017-11-03,127.1114,128.3851,126.3921,126.7518,721297
2017-11-06,127.2413,129.2592,126.9116,127.2613,374226
2017-11-07,127.3112,127.3112,122.1864,122.616,921596
2017-11-08,122.3263,124.4841,120.7878,123.4451,898348
2017-11-09,123.0955,125.9826,122.8757,124.7438,776641
2017-11-10,124.8937,127.491,124.8937,127.3412,1009386
2017-11-13,127.1014,127.6209,125.7128,127.3412,508322
2017-11-14,126.6019,127.2513,125.2932,126.7018,491053
2017-11-15,126.7318,127.2962,125.3082,126.7518,798339
2017-11-16,126.7418,130.1284,125.8477,129.8087,684459
2017-11-17,130.5379,133.3351,130.2782,132.9855,1301544
2017-11-20,133.5349,136.2622,133.0354,136.2322,996480
2017-11-21,136.3096,136.7393,135.2704,136.0098,812595
2017-11-22,135.8,136.0198,134.6259,135.1705,915872
2017-11-24,136.1497,136.6594,135.2604,135.3703,249401
2017-11-27,135.3803,136.9991,134.7308,135.1405,936069
2017-11-28,135.2004,138.558,135.2004,137.4588,1021715
2017-11-29,138.3281,139.4123,136.3596,137.0391,1385672
2017-11-30,136.8992,138.3981,132.4225,134.451,2410499
2017-12-01,135.0805,138.0084,133.5317,137.209,1347305
2017-12-04,137.7186,138.1683,134.1712,134.1812,1691822
2017-12-05,134.6608,134.7108,131.673,133.5017,1512911
2017-12-06,133.8015,134.0413,131.9029,133.1819,814304
2017-12-07,132.9121,134.0413,132.5024,133.6316,668516
2017-12-08,134.0913,135.3104,133.5417,135.3004,554162
2017-12-11,134.8507,135.6201,133.4817,134.461,537160
2017-12-12,134.6309,134.8507,132.5124,132.8422,781155
2017-12-13,132.6523,134.2012,132.5024,132.5124,791393
2017-12-14,132.4425,133.3418,130.7137,131.5931,981589
2017-12-15,133.5117,134.4845,132.5124,133.9414,987662
2017-12-18,134.1412,137.7436,133.7715,136.2097,963429
2017-12-19,137.169,137.8085,135.84,136.4995,1020428
2017-12-20,136.1098,137.3688,135.3204,135.5202,530287
2017-12-21,136.2297,136.7743,134.8507,135.5102,673854
2017-12-22,135.2604,136.2197,134.5359,135.5002,767901
2017-12-26,135.3004,136.7193,135.3004,136.4195,342067
2017-12-27,136.8292,137.0591,135.79,136.5694,407874
2017-12-28,136.6694,137.0291,135.76,136.8093,469082
2017-12-29,137.6886,138.5979,136.9891,137.109,628677
2018-01-02,137.4888,139.2774,137.169,138.8677,638345
2018-01-03,139.2575,139.6572,137.8285,139.1076,855166
2018-01-04,139.0876,142.595,137.6986,141.3159,1033900
2018-01-05,141.216,143.5943,139.9969,142.9847,1099768
2018-01-08,142.9947,143.5243,140.3168,142.635,821811
2018-01-09,141.9055,142.7049,140.4366,141.0561,414266
2018-01-10,140.7763,141.0961,139.0476,140.8363,581570
2018-01-11,140.9462,142.5251,140.0868,142.4751,490021
2018-01-12,142.8948,144.7234,142.4851,143.5243,488816
2018-01-16,144.0439,144.0439,140.9762,141.296,518877
2018-01-17,141.8456,143.1246,140.7564,142.3852,510856
2018-01-18,147.2316,148.1809,143.6842,144.5935,640855
2018-01-19,145.4229,147.0817,144.8733,146.9618,568779
2018-01-22,146.9518,148.5606,145.791,148.2408,588978
2018-01-23,147.9511,151.2486,147.0018,150.9688,665922
2018-01-24,151.5184,153.6269,150.6291,151.2286,628771
2018-01-25,152.2779,155.5255,150.9189,152.5976,926382
2018-01-26,153.467,153.9366,150.78,153.7268,708315
2018-01-29,152.8774,157.1043,152.8774,155.0458,680876
2018-01-30,154.7361,157.8438,153.517,156.135,729595
2018-01-31,156.2549,157.6839,154.4663,154.9659,716001
2018-02-01,152.8874,155.5454,151.9781,154.0566,695434
2018-02-02,153.1972,154.3663,150.3593,150.9588,592840
2018-02-05,150.3793,152.4777,146.1424,146.1424,840813
2018-02-06,142.9547,147.5713,140.9562,146.8219,1385981
2018-02-07,152.6876,152.6876,148.9203,149.1002,784635
2018-02-08,148.2608,148.4407,142.4751,142.575,909420
2018-02-09,143.5643,145.1931,139.3274,143.984,986107
2018-02-12,144.3337,148.1809,144.3337,146.672,698146
2018-02-13,146.1124,147.7812,145.9625,146.8718,411996
2018-02-14,146.0525,151.2686,145.9525,150.5491,1395065
2018-02-15,150.6691,151.4385,147.9311,151.4385,751613
2018-02-16,150.0895,150.1594,147.1616,148.4407,659826
2018-02-20,147.2216,147.6413,145.8326,146.5721,581927
2018-02-21,146.5421,150.769,146.5421,147.9511,405608
2018-02-22,148.7904,150.6391,148.4507,149.2301,545629
2018-02-23,149.8497,149.8722,147.5913,148.7505,760010
2018-02-26,149.32,150.4492,147.6463,149.45,542105
2018-02-27,150.507,152.0562,147.4784,147.6484,898083
2018-02-28,148.0981,148.9377,144.1001,144.21,1021716
2018-03-01,143.8202,144.9397,141.1215,142.5808,1183389
2018-03-02,141.8012,143.7403,139.4523,143.5504,947882
2018-03-05,142.7208,144.0801,140.9916,143.5603,898740
2018-03-06,143.9202,144.35,142.4909,142.9307,888688
2018-03-07,141.8112,143.0006,139.0325,140.4219,1388239
2018-03-08,141.4714,142.8807,139.7322,140.192,1024669
2018-03-09,140.7617,143.1106,140.4219,143.0006,836403
2018-03-12,142.9906,144.4399,142.5308,143.2505,576494
2018-03-13,144.34,144.7898,142.5908,143.2705,509699
2018-03-14,144.0601,144.4799,142.5209,143.6003,1550336
2018-03-15,144.29,144.29,141.0316,142.311,600455
2018-03-16,142.5608,144.8897,142.5608,143.7003,835298
2018-03-19,143.6503,144.6998,141.1815,142.5009,777192
2018-03-20,142.6308,145.6094,142.0211,144.7098,619310
2018-03-21,144.6098,145.7093,142.8807,142.9307,638706
2018-03-22,142.191,143.1905,141.2215,141.3814,611104
2018-03-23,142.151,143.9202,139.6622,139.7922,575830
2018-03-26,144.1101,146.339,140.8617,145.1796,1044420
2018-03-27,144.9297,145.6493,142.3209,143.0906,993650
2018-03-28,144.23,145.6493,143.1206,143.9502,1846516
2018-03-29,151.8763,154.665,149.9273,151.3566,2752890
2018-04-02,151.5565,153.7754,149.7374,150.8468,1747630
2018-04-03,151.4565,155.4046,150.9068,155.0848,1524087
2018-04-04,153.9253,155.8044,153.2631,155.3346,1111019
2018-04-05,155.7944,160.1423,155.5345,159.4326,1225168
2018-04-06,158.2832,159.8924,155.1847,156.654,1240723
2018-04-09,157.9234,158.773,155.4246,155.5145,930895
2018-04-10,156.9239,158.5531,155.7844,157.8734,989622
2018-04-11,156.604,159.3477,156.604,157.9334,765705
2018-04-12,159.2827,162.7111,158.9229,162.1713,1079929
2018-04-13,163.4307,163.5007,157.4736,159.0528,1093681
2018-04-16,160.4022,161.6216,159.3127,160.3522,1303360
2018-04-17,161.0818,161.8915,159.9174,161.1918,1708847
2018-04-18,162.1113,163.7006,160.5321,160.9319,931509
2018-04-19,160.762,161.5716,159.5826,160.2822,630610
2018-04-20,159.8424,160.5221,158.743,159.4027,843250
2018-04-23,160.0124,161.8815,159.6625,160.1823,659231
2018-04-24,161.1518,161.9014,159.2444,159.7525,743492
2018-04-25,159.5126,161.0019,158.2132,158.693,614289
2018-04-26,158.4331,160.832,157.3037,160.5121,526263
2018-04-27,160.5321,162.2613,159.8974,160.4322,601238
2018-04-30,160.852,161.3617,159.5926,159.5926,618879
2018-05-01,158.673,159.4826,154.9248,155.2847,973176
2018-05-02,154.2851,154.9058,150.8068,152.1862,1476304
2018-05-03,151.0267,152.506,150.1771,151.3866,1084295
2018-05-04,151.2366,152.7559,149.0777,152.1962,1027305
2018-05-07,152.0962,152.496,149.6824,151.4465,837463
2018-05-08,151.5865,152.536,150.6269,151.6364,850388
2018-05-09,151.6364,153.2656,151.2966,152.9858,750087
2018-05-10,153.3756,153.9003,151.8763,152.9258,722040
2018-05-11,153.1757,153.8254,152.3861,153.1157,492424
2018-05-14,153.4456,155.2047,152.8458,154.2452,760561
2018-05-15,153.8354,156.0343,152.9758,154.535,605319
2018-05-16,154.9625,156.5921,154.0027,155.1724,759542
2018-05-17,154.6026,158.2117,153.9827,156.2022,1037785
2018-05-18,155.4524,155.8523,153.9227,155.0725,607039
2018-05-21,155.4924,156.4171,154.2677,154.5026,718182
2018-05-22,155.3624,155.8423,153.8927,154.5826,970014
2018-05-23,154.3426,158.8815,154.1927,158.0018,1017447
2018-05-24,157.5619,159.0215,156.822,158.5016,592735
2018-05-25,157.9218,158.8316,157.2119,157.7818,565898
2018-05-29,156.6121,157.3569,154.7325,155.0725,1276780
2018-05-30,155.9622,156.972,155.3329,155.4624,2218082
2018-05-31,155.7123,160.4212,155.0025,159.9613,2821650
2018-06-01,161.9608,162.4482,157.6818,158.9215,1283662
2018-06-04,159.0615,159.7913,157.2219,159.7913,911315
2018-06-05,159.8113,161.151,158.7616,160.921,947411
2018-06-06,161.5009,164.4602,160.6611,164.3602,1124383
2018-06-07,164.9601,167.6594,164.5602,165.07,969707
2018-06-08,164.9601,168.2293,164.2202,168.1193,837218
2018-06-11,168.4792,169.179,166.3397,166.4597,562243
2018-06-12,166.4097,167.3695,165.5199,166.1698,677540
2018-06-13,165.8898,166.3697,161.9608,162.2607,878120
2018-06-14,162.4007,162.4007,159.9413,160.2012,1107168
2018-06-15,159.6913,161.5609,159.5264,161.3709,987858
2018-06-18,160.5711,163.9703,160.4212,163.5704,758439
2018-06-19,161.6409,162.4206,159.4614,160.3512,985460
2018-06-20,160.4112,160.7011,156.6021,157.3119,931088
2018-06-21,157.102,157.4719,153.9827,154.3626,1089906
2018-06-22,155.1924,155.2024,151.9932,152.0432,1508700
2018-06-25,150.6635,150.9435,148.764,149.7138,1244412
2018-06-26,151.4633,154.9625,151.4433,153.7928,1597301
2018-06-27,153.3729,155.6223,150.8336,151.6633,1049138
2018-06-28,150.5935,151.9432,149.2939,151.3334,878880
2018-06-29,152.1932,154.7225,149.6038,149.6838,960745
2018-07-02,148.2541,148.634,146.6945,148.4941,828276
2018-07-03,148.4941,148.914,145.6048,145.8347,511381
2018-07-05,146.8744,147.2875,144.435,145.7847,1009141
2018-07-06,145.6148,147.6243,145.5048,146.3846,690488
2018-07-09,146.4545,150.0737,146.4545,149.6238,1199838
2018-07-10,149.8837,151.4433,148.9639,151.2734,996146
2018-07-11,149.7637,149.9537,147.0344,147.5843,1097808
2018-07-12,148.3941,148.924,147.8242,148.1741,716973
2018-07-13,148.0842,149.8237,147.3943,148.2341,471692
2018-07-16,148.4541,149.4038,147.8642,147.9642,927272
2018-07-17,148.2141,152.2781,148.2141,151.4533,1281415
2018-07-18,150.7535,152.0832,150.3024,151.7433,846029
2018-07-19,151.7933,154.2027,151.4034,153.5128,734556
2018-07-20,153.9627,156.3622,153.504,154.4326,977816
2018-07-23,155.3324,156.5421,154.1927,155.3324,1065641
2018-07-24,155.2424,156.3322,153.4806,153.9427,1028953
2018-07-25,153.5128,157.002,153.5128,156.952,716119
2018-07-26,157.3319,159.8013,156.1772,157.4619,972993
2018-07-27,157.5619,157.9918,153.1429,154.0427,518300
2018-07-30,153.4928,154.1327,152.3231,153.2629,724398
2018-07-31,154.9625,155.8123,151.6833,153.4828,839797
2018-08-01,152.873,154.3726,149.9737,150.1337,668474
2018-08-02,149.1239,150.8235,147.3843,150.7535,730573
2018-08-03,150.6735,151.6533,150.2136,150.8135,479417
2018-08-06,150.4336,152.6331,149.3039,152.0132,657275
2018-08-07,152.693,154.1317,152.0532,153.6928,635711
2018-08-08,154.1427,154.9425,153.5078,154.0727,489480
2018-08-09,154.0927,157.5919,153.2479,156.1422,652844
2018-08-10,154.9125,155.9423,153.2229,153.7028,789779
2018-08-13,154.4526,154.4626,152.4631,153.2029,432973
2018-08-14,152.883,154.1727,151.8332,153.9827,726772
2018-08-15,153.3429,153.3429,147.5043,148.5041,724336
2018-08-16,148.9839,149.7279,147.6743,148.2141,610792
2018-08-17,148.554,150.0537,147.8492,149.1539,816785
2018-08-20,150.2436,151.7333,149.8237,151.5233,846375
2018-08-21,152.1832,153.9477,151.6533,152.5131,1132290
2018-08-22,152.0932,156.3022,152.0932,154.6526,1137607
2018-08-23,154.3826,156.0472,153.5028,153.9427,873418
2018-08-24,153.8428,154.8025,151.5733,154.4926,919503
2018-08-27,155.5823,156.5471,153.6528,154.6226,897406
2018-08-28,155.34,157.2,153.69,155.94,1026538
2018-08-29,155.28,157.11,153.06,156.67,1989317
2018-08-30,156.0,156.47,141.0,141.67,5233607
2018-08-31,142.29,144.31,140.25,143.16,2708986
2018-09-04,142.35,143.08,136.3,136.43,2526608
2018-09-05,136.28,137.28,134.79,136.94,2004739
2018-09-06,137.73,140.46,136.22,136.4,1908257
2018-09-07,135.54,136.07,131.6,132.55,2113418
2018-09-10,132.83,136.815,132.78,136.56,1598963
2018-09-11,136.35,138.43,135.34,138.32,1617436
2018-09-12,138.21,139.85,137.62,139.59,1109451
2018-09-13,140.16,141.55,139.24,139.68,905552
