date,open,high,low,close,volume
2013-09-16,41.6346,41.6943,41.0513,41.2599,276445
2013-09-17,41.2088,41.5239,41.0726,41.4814,460973
2013-09-18,41.3621,43.0824,40.6809,43.0568,739734
2013-09-19,43.0824,43.2867,42.7162,42.7843,748758
2013-09-20,42.8013,43.0653,41.8986,41.9582,730933
2013-09-23,41.839,42.2563,41.6346,41.805,280739
2013-09-24,41.7794,41.8475,41.1322,41.1833,428619
2013-09-25,41.277,41.8135,40.8341,41.2174,491375
2013-09-26,41.3621,41.6943,41.1833,41.6006,361041
2013-09-27,41.4217,41.558,41.013,41.277,390730
2013-09-30,41.047,41.5154,40.9363,41.1748,733803
2013-10-01,41.2514,42.5714,40.9789,42.086,781624
2013-10-02,41.839,42.3755,41.4473,41.8305,457543
2013-10-03,41.7539,41.8986,40.9108,41.1152,357024
2013-10-04,41.1577,41.6943,41.0896,41.1663,515773
2013-10-07,40.8937,41.6772,40.8086,41.3451,415314
2013-10-08,41.2599,41.6006,40.7575,40.8086,403858
2013-10-09,40.8256,41.294,40.6468,40.783,330691
2013-10-10,41.1918,41.9923,40.9534,41.9838,301892
2013-10-11,41.8305,42.3755,41.5154,42.367,356522
2013-10-14,41.9582,42.4862,41.8901,42.3415,674674
2013-10-15,42.1115,42.4948,42.086,42.4266,1023040
2013-10-16,42.5544,43.704,42.4777,43.687,835116
2013-10-17,43.4571,44.1383,43.2271,44.0191,498442
2013-10-18,44.0872,44.1639,43.5337,43.9425,330033
2013-10-21,43.8658,43.9084,43.4315,43.7722,230643
2013-10-22,43.9851,44.5216,43.7211,44.5045,366006
2013-10-23,44.4449,44.7856,44.1383,44.777,434469
2013-10-24,44.7345,45.0836,44.6578,44.9899,302466
2013-10-25,45.1688,45.5435,45.007,45.3817,393667
2013-10-28,45.4072,45.4072,44.6493,45.1092,278406
2013-10-29,45.0666,45.0666,44.4705,44.8196,465920
2013-10-30,44.7941,45.0325,44.3938,44.6663,494785
2013-10-31,44.6663,44.7685,43.4741,43.9936,740579
2013-11-01,43.968,44.5301,43.8829,44.4705,541964
2013-11-04,44.4279,44.5386,43.8232,44.0106,513824
2013-11-05,43.704,43.8062,43.0142,43.0653,570304
2013-11-06,43.3549,43.8232,43.0313,43.0313,879503
2013-11-07,43.1164,43.2101,42.2393,42.2648,558814
2013-11-08,42.1208,42.1466,41.1151,41.5965,521274
2013-11-11,41.7168,42.0435,41.4847,41.9747,420368
2013-11-12,41.9575,42.0521,41.2612,41.6137,512070
2013-11-13,41.4074,42.1294,41.373,42.1208,370199
2013-11-14,42.3186,42.8945,42.181,42.3873,298163
2013-11-15,42.3357,42.5764,42.1122,42.3271,292511
2013-11-18,42.4733,42.4819,41.863,41.8973,516788
2013-11-19,42.0005,42.0581,41.3558,41.6567,265605
2013-11-20,41.7598,42.1294,40.926,41.0291,328928
2013-11-21,41.2354,41.4503,40.9002,41.4332,254210
2013-11-22,41.373,41.4847,41.0205,41.1581,404337
2013-11-25,41.2354,41.3902,40.9432,41.0377,405060
2013-11-26,41.0377,41.2011,40.6767,40.7799,457319
2013-11-27,40.8916,41.0068,40.6079,40.8486,398381
2013-11-29,40.8916,40.9088,40.2297,40.2641,344358
2013-12-02,40.1266,40.6079,39.6624,40.3844,736575
2013-12-03,40.3844,41.1323,40.2985,41.0205,733657
2013-12-04,40.6509,41.1581,40.393,40.9604,720505
2013-12-05,40.9002,41.3128,40.4876,41.3042,581117
2013-12-06,41.5535,41.82,41.3472,41.7598,524140
2013-12-09,41.6824,41.8458,41.4332,41.7168,311462
2013-12-10,41.6309,41.8887,41.1237,41.1495,392405
2013-12-11,41.1409,41.3627,38.9489,39.6881,946297
2013-12-12,39.671,39.9288,39.3615,39.7655,649187
2013-12-13,40.0062,40.436,39.4561,39.7053,309509
2013-12-16,39.7741,39.9202,39.3314,39.5506,418161
2013-12-17,39.181,39.5162,38.9661,39.4389,456962
2013-12-18,39.3873,40.3071,39.0262,40.1867,500823
2013-12-19,40.0062,40.1008,39.1466,39.7225,607631
2013-12-20,39.8085,40.0234,39.5678,39.8773,789279
2013-12-23,40.0578,40.2383,39.8085,39.9116,515969
2013-12-24,39.9202,40.2813,39.8945,40.2125,453288
2013-12-26,40.436,40.6595,40.0234,40.0922,236217
2013-12-27,40.1867,40.1953,39.7139,40.1867,356030
2013-12-30,40.1008,40.3672,40.0707,40.1094,272223
2013-12-31,40.0578,40.2469,39.7053,39.7999,648434
2014-01-02,39.7827,39.8343,39.0348,39.5162,609032
2014-01-03,39.4818,40.3457,39.4818,40.2211,845696
2014-01-06,40.2469,40.5821,40.0148,40.2641,543746
2014-01-07,40.3071,40.8142,40.1781,40.4446,446365
2014-01-08,40.2297,40.5907,39.9374,40.2727,413175
2014-01-09,40.4102,40.5821,39.7956,40.4446,337799
2014-01-10,40.6165,40.9905,40.5306,40.926,366465
2014-01-13,40.7884,40.9432,40.2469,40.3586,209311
2014-01-14,40.479,41.2268,40.3844,41.1581,434912
2014-01-15,41.0979,41.4246,40.8486,41.0721,450581
2014-01-16,41.4847,41.6137,41.0979,41.5707,599183
2014-01-17,41.416,41.5793,41.373,41.4933,512719
2014-01-21,41.7942,42.0091,41.4503,41.6738,229603
2014-01-22,41.8372,41.9489,41.6309,41.9059,253484
2014-01-23,41.6738,41.9059,41.5879,41.7168,330911
2014-01-24,41.4503,41.605,40.9604,41.1065,352992
2014-01-27,41.1667,41.4589,40.6939,40.7799,287783
2014-01-28,40.797,41.5449,40.797,41.3214,425020
2014-01-29,41.0635,41.3558,40.7369,40.7713,343327
2014-01-30,41.0033,41.4675,40.969,41.3042,334836
2014-01-31,40.7283,41.6137,40.7197,41.3816,523078
2014-02-03,41.3644,41.3644,40.0492,40.2039,888264
2014-02-04,40.3844,40.9002,40.0664,40.6939,718251
2014-02-05,40.5564,40.8314,40.3415,40.8056,324612
2014-02-06,40.883,41.33,40.6939,41.33,269142
2014-02-07,41.4675,41.9059,41.3472,41.6996,450050
2014-02-10,41.691,42.628,41.5793,42.5678,424943
2014-02-11,42.4733,42.9547,42.3615,42.8257,366517
2014-02-12,42.8945,42.9375,42.4217,42.671,733961
2014-02-13,42.9719,44.0034,42.714,43.1696,984133
2014-02-14,43.0062,43.6939,42.8773,43.6509,596958
2014-02-18,43.6252,43.8057,43.1008,43.6939,541017
2014-02-19,43.608,44.2613,43.4704,43.6252,513556
2014-02-20,43.7032,44.1457,43.1393,43.3388,391996
2014-02-21,43.3735,43.8507,42.9874,43.4429,508614
2014-02-24,43.6338,44.1457,43.4516,43.5557,594752
2014-02-25,43.6685,44.2412,43.4993,43.764,545522
2014-02-26,43.8074,44.1978,43.6859,43.7727,439755
2014-02-27,43.8421,44.0807,43.4082,43.6859,348697
2014-02-28,43.5731,44.2412,43.5731,44.0503,597320
2014-03-03,43.7813,44.1501,43.3909,43.9028,613774
2014-03-04,43.9028,44.5709,43.9028,44.4841,490166
2014-03-05,44.5362,44.6229,44.0069,44.38,244958
2014-03-06,44.3626,44.393,43.7293,43.8768,479952
2014-03-07,43.8768,43.8768,42.8356,43.0525,769084
2014-03-10,43.1046,43.1827,42.6013,42.931,370453
2014-03-11,42.9831,43.3302,42.892,43.2868,374665
2014-03-12,43.226,43.5471,43.0699,43.5384,647346
2014-03-13,43.5471,43.5471,43.0091,43.3996,480415
2014-03-14,43.2434,43.7813,43.2434,43.7032,506214
2014-03-17,43.9028,44.0546,43.5297,43.7293,398316
2014-03-18,43.7206,43.9202,43.5384,43.8854,379764
2014-03-19,43.9115,44.2152,42.4712,42.5319,477959
2014-03-20,42.5146,42.7141,42.0287,42.6968,460500
2014-03-21,42.7575,43.4516,42.6794,43.3128,683404
2014-03-24,43.5471,43.5471,42.8356,43.4169,474041
2014-03-25,43.7206,44.059,43.2174,43.9896,518609
2014-03-26,44.2152,44.2152,43.2607,43.5124,686217
2014-03-27,43.4082,44.0416,43.148,44.0156,596595
2014-03-28,44.2499,44.4407,43.8854,44.0503,688070
2014-03-31,44.2585,44.6403,43.7379,44.3019,728464
2014-04-01,44.3106,44.5188,43.8594,44.5188,578803
2014-04-02,44.5102,44.5987,44.2195,44.5275,404196
2014-04-03,44.4841,44.5796,44.0677,44.3106,343567
2014-04-04,44.6316,44.7271,44.2238,44.4754,234520
2014-04-07,44.4147,44.944,44.2672,44.6056,403703
2014-04-08,44.6056,44.8832,44.3019,44.8399,216743
2014-04-09,44.8485,44.8876,44.3626,44.7878,329064
2014-04-10,44.7965,45.0828,44.2932,44.4147,232951
2014-04-11,44.2932,44.6663,44.0416,44.2152,400703
2014-04-14,44.5275,44.6663,44.2065,44.6056,312355
2014-04-15,44.5622,44.996,44.5622,44.8572,300008
2014-04-16,45.0394,45.3518,44.7618,45.2824,265026
2014-04-17,45.3257,45.4559,44.8485,45.4125,375841
2014-04-21,45.4212,45.5774,45.1435,45.4646,280227
2014-04-22,45.4385,45.4819,44.8225,45.3431,330675
2014-04-23,45.3171,45.3518,44.7791,45.0047,477369
2014-04-24,45.0828,45.5426,44.97,45.4906,304055
2014-04-25,45.4732,45.4802,45.0741,45.239,234498
2014-04-28,45.4385,45.7856,45.3257,45.7769,571258
2014-04-29,45.8203,46.0199,45.4299,45.5513,349665
2014-04-30,45.4559,45.5426,45.1435,45.4906,467566
2014-05-01,45.586,45.8463,44.9093,45.7769,411657
2014-05-02,45.5947,46.0459,45.4212,45.6988,284616
2014-05-05,45.4385,45.7682,45.3951,45.6641,217757
2014-05-06,45.4472,45.7856,45.1522,45.7162,306046
2014-05-07,45.8724,46.4016,45.7162,46.3929,365268
2014-05-08,46.6359,47.0784,46.0112,46.8354,553092
2014-05-09,46.7313,47.0176,46.2585,46.7053,380926
2014-05-12,46.8528,47.0523,46.7053,46.8962,294610
2014-05-13,46.8528,47.2866,46.2715,46.3322,425646
2014-05-14,46.419,46.8094,46.1934,46.5404,294995
2014-05-15,46.445,46.5491,45.7943,46.1587,359843
2014-05-16,46.1674,46.74,45.8724,46.7226,521216
2014-05-19,46.6876,46.6876,46.1712,46.4426,351403
2014-05-20,46.5213,46.6614,45.9699,46.1625,456663
2014-05-21,46.3375,46.5126,45.9524,46.2587,330979
2014-05-22,46.1887,46.4688,45.9699,46.0662,290420
2014-05-23,46.285,46.5126,46.1056,46.4951,201839
2014-05-27,46.5826,46.9065,46.4075,46.8364,471900
2014-05-28,46.7402,46.9415,46.285,46.6789,357397
2014-05-29,46.7402,46.7927,46.3025,46.7314,217108
2014-05-30,46.7051,47.029,46.4863,46.7402,549178
2014-06-02,46.7752,47.4491,46.7016,47.4491,358113
2014-06-03,47.3091,47.4054,47.1165,47.3178,216267
2014-06-04,47.2128,47.6329,47.169,47.5016,211675
2014-06-05,47.6242,48.5082,47.4841,48.482,377110
2014-06-06,48.6658,48.6658,48.0356,48.1581,270290
2014-06-09,48.0706,48.4207,47.7222,47.8518,536151
2014-06-10,47.7555,47.9218,47.0115,47.1165,342599
2014-06-11,47.1078,47.2828,46.6351,46.9677,471655
2014-06-12,46.8802,47.2653,46.4557,47.2041,413027
2014-06-13,47.2391,47.4929,46.7839,47.4841,205726
2014-06-16,47.3266,47.773,47.1428,47.2303,285658
2014-06-17,47.2303,47.9218,47.1515,47.7117,485865
2014-06-18,47.6855,48.2528,47.5279,48.0881,301087
2014-06-19,48.1231,48.5432,47.913,48.5257,272693
2014-06-20,48.4382,48.959,48.0706,48.8846,691725
2014-06-23,48.8233,49.1122,48.4557,48.517,275733
2014-06-24,48.3944,48.622,48.2982,48.4207,497416
2014-06-25,48.3857,48.6264,48.1581,48.3769,369616
2014-06-26,48.3769,48.3769,47.8605,48.1143,314901
2014-06-27,48.0618,48.5432,48.0356,48.517,751260
2014-06-30,48.5958,48.8146,48.0356,48.7358,559314
2014-07-01,48.9109,49.2697,48.5695,48.6308,774712
2014-07-02,48.482,48.7008,48.1494,48.4119,575038
2014-07-03,48.3769,48.5345,47.8255,48.0268,242700
2014-07-07,48.0006,48.4907,48.0006,48.3944,327045
2014-07-08,48.3507,48.7314,48.2719,48.4995,414088
2014-07-09,48.6395,48.7008,48.0968,48.482,349056
2014-07-10,48.2982,48.9196,48.2194,48.692,648331
2014-07-11,48.8233,48.8233,48.3332,48.6308,472464
2014-07-14,48.6483,48.9284,48.3726,48.8408,238798
2014-07-15,48.8058,49.0597,48.5607,48.8758,346903
2014-07-16,49.0684,49.0947,48.517,48.9371,432107
2014-07-17,48.7708,48.9809,48.482,48.5345,167020
2014-07-18,48.5607,49.1384,48.5432,49.1209,455393
2014-07-21,49.0947,49.0947,48.6745,48.8233,386398
2014-07-22,49.0159,49.2347,48.9284,49.1559,303843
2014-07-23,49.1822,49.4076,49.0859,49.331,250944
2014-07-24,49.3047,49.4623,48.9196,49.4448,817869
2014-07-25,49.1909,49.3923,48.482,48.4907,550514
2014-07-28,48.517,48.9809,48.5082,48.9721,390929
2014-07-29,49.0159,49.0159,48.5826,48.587,358304
2014-07-30,48.6133,48.8846,48.1494,48.5607,333312
2014-07-31,48.2544,48.5345,47.5804,47.5804,409689
2014-08-01,47.4404,47.668,47.0815,47.5542,327571
2014-08-04,47.4404,47.668,47.0815,47.5542,327571
2014-08-05,47.2741,47.6592,46.9852,47.0903,322593
2014-08-06,47.7905,47.7905,46.9765,47.1078,377297
2014-08-07,49.1034,49.1034,47.808,48.1319,953890
2014-08-08,48.2106,48.587,48.0356,48.4907,475414
2014-08-11,48.587,49.0947,48.587,48.9109,515851
2014-08-12,48.8846,49.1559,48.6308,48.7883,499012
2014-08-13,48.9721,49.7336,48.9284,49.6461,555709
2014-08-14,49.8036,49.8649,49.4579,49.8124,367073
2014-08-15,49.8912,50.0137,49.6636,49.8299,898017
2014-08-18,50.0506,50.3506,49.7593,50.333,454533
2014-08-19,50.3065,50.8007,50.2006,50.7566,627714
2014-08-20,50.5624,51.0302,50.3506,50.9684,545965
2014-08-21,51.0037,51.1802,50.5536,50.6948,481529
2014-08-22,50.5713,50.6684,49.98,50.0947,334851
2014-08-25,50.2006,50.3242,49.7637,50.0506,606284
2014-08-26,50.2712,50.5801,50.0329,50.3418,327752
2014-08-27,50.4654,50.6066,49.9005,50.0594,341754
2014-08-28,50.0417,50.1388,49.7946,49.8476,454718
2014-08-29,50.077,50.4565,49.9976,50.4301,638792
2014-09-02,50.4918,50.7301,50.3065,50.6684,579355
2014-09-03,50.7037,51.0037,50.5492,50.7301,355338
2014-09-04,50.6242,50.8625,50.3595,50.5448,486416
2014-09-05,50.483,51.1802,50.4565,51.1096,754341
2014-09-08,50.9684,51.1273,50.6948,50.9243,410338
2014-09-09,50.7301,50.8405,50.536,50.6595,316378
2014-09-10,50.4742,50.4742,49.6711,49.7417,427049
2014-09-11,49.6622,50.2006,49.5563,50.1741,375280
2014-09-12,49.777,49.9711,48.1707,48.559,615706
2014-09-15,48.5767,49.1062,48.3648,48.6561,405866
2014-09-16,48.6473,49.3268,48.5767,49.2298,551681
2014-09-17,49.4328,49.6799,48.9496,49.0179,410411
2014-09-18,49.0444,49.1856,48.3472,48.4531,528925
2014-09-19,48.6031,48.8238,48.4266,48.5502,817629
2014-09-22,48.5149,48.5149,47.9589,48.1001,453039
2014-09-23,48.0295,48.1266,47.5617,47.5705,525989
2014-09-24,47.5441,48.1972,47.394,47.4823,516774
2014-09-25,47.4646,47.5705,47.0498,47.244,329305
2014-09-26,47.3764,47.9677,47.0233,47.8794,388313
2014-09-29,47.5088,47.9853,47.2087,47.9589,402701
2014-09-30,47.9589,48.0824,47.4735,47.5088,441065
2014-10-01,47.3852,47.9412,47.2705,47.4735,916106
2014-10-02,47.3499,47.7824,47.2616,47.5441,562047
2014-10-03,47.8,48.1089,47.4646,47.8883,318351
2014-10-06,47.9147,48.3119,47.8794,47.9853,286201
2014-10-07,47.8883,48.206,47.6411,47.6764,369257
2014-10-08,47.7206,48.9473,47.5176,48.912,430179
2014-10-09,48.8591,49.4945,48.8238,49.0974,516958
2014-10-10,49.2386,49.8211,48.9032,48.912,492931
2014-10-13,48.8944,49.5034,48.8326,49.0268,424488
2014-10-14,49.3268,50.4389,49.296,50.0064,429397
2014-10-15,49.6093,50.4918,49.3622,50.0064,800197
2014-10-16,49.5387,50.333,49.1768,50.1741,738396
2014-10-17,50.6066,50.6154,49.5387,49.7593,439073
2014-10-20,49.8034,50.7301,49.8034,50.6948,364123
2014-10-21,50.836,51.1891,50.4918,51.1538,283206
2014-10-22,51.2244,51.7186,51.1449,51.3215,357036
2014-10-23,51.7098,51.9304,51.2509,51.8245,487979
2014-10-24,51.8422,52.1334,51.5862,51.8422,472914
2014-10-27,51.8245,52.3364,51.6921,52.1952,411647
2014-10-28,52.1334,52.4335,51.8863,52.4158,320481
2014-10-29,52.3452,52.6806,51.7892,52.2482,574464
2014-10-30,54.7635,54.79,54.0574,54.1104,458048
2014-10-31,53.016,53.6426,52.5129,53.572,647679
2014-11-03,53.7309,54.3487,53.4838,54.1633,746344
2014-11-04,52.2923,55.4342,52.2923,55.2312,723767
2014-11-05,55.3989,55.5843,54.7458,54.9841,458480
2014-11-06,55.0459,55.4078,54.5164,54.6311,521748
2014-11-07,54.6841,54.6841,54.0486,54.3134,493054
2014-11-10,54.2692,54.8164,54.1722,54.8076,534556
2014-11-11,55.0724,55.0724,54.4458,54.7635,355286
2014-11-12,54.7635,54.79,54.0574,54.1104,458048
2014-11-13,54.2781,54.6576,53.9868,54.2251,386004
2014-11-14,54.2251,54.4193,53.3778,53.6073,457991
2014-11-17,53.6429,54.1499,53.5273,53.7585,880520
2014-11-18,53.803,54.0375,53.6073,53.6874,620430
2014-11-19,53.7141,53.9898,53.4116,53.5273,545650
2014-11-20,53.4205,53.5895,53.1715,53.3761,390248
2014-11-21,53.6607,53.7763,53.5006,53.7229,454612
2014-11-24,53.7318,54.2566,53.7318,53.9275,721219
2014-11-25,54.1143,54.3634,53.8742,54.0076,1087283
2014-11-26,54.0876,54.6302,53.9453,54.559,622480
2014-11-28,54.6836,55.5819,54.5768,54.6836,301789
2014-12-01,54.5679,55.2617,54.4434,54.6213,455538
2014-12-02,54.6836,55.1639,54.2388,55.0393,389741
2014-12-03,55.0482,55.3329,54.8615,55.2706,430643
2014-12-04,55.911,55.9288,55.3062,55.6353,622570
2014-12-05,55.404,55.742,54.9771,55.7242,668526
2014-12-08,55.7598,56.4269,55.7598,55.8932,985578
2014-12-09,55.6709,56.4447,55.6442,56.1423,802171
2014-12-10,56.0978,56.3113,55.7954,56.08,314588
2014-12-11,56.249,56.6137,56.0978,56.2045,546491
2014-12-12,56.1601,56.498,55.5641,55.5997,551362
2014-12-15,55.9644,56.0978,54.6836,54.7369,1005991
2014-12-16,54.6302,55.1994,54.2922,54.7547,1408593
2014-12-17,54.8792,56.3646,54.5768,56.3557,900917
2014-12-18,56.6315,57.3074,56.4002,57.3074,826506
2014-12-19,57.2096,57.4587,56.5514,56.8983,1487739
2014-12-22,56.9161,57.77,56.9161,57.7344,687923
2014-12-23,57.7966,57.8144,56.9961,57.2274,504332
2014-12-24,57.3074,57.5298,57.0851,57.1918,424434
2014-12-26,57.3964,57.6265,57.0895,57.3163,321812
2014-12-29,57.3697,57.9123,57.2897,57.6632,681552
2014-12-30,57.6632,58.2147,57.4231,57.7789,367613
2014-12-31,58.0368,58.4548,56.7204,56.7293,486215
2015-01-02,57.0762,57.6721,56.7738,57.6454,338078
2015-01-05,57.4942,58.5349,57.2185,58.2947,762202
2015-01-06,58.5171,59.0952,58.2325,58.7128,771521
2015-01-07,59.4332,60.5006,58.3837,60.2337,911238
2015-01-08,60.3316,60.6162,59.8157,60.0203,724781
2015-01-09,60.0114,60.3494,59.4243,59.8958,554645
2015-01-12,59.9313,60.8208,59.9313,60.7941,533727
2015-01-13,60.9809,61.5501,60.047,60.465,979497
2015-01-14,60.2337,61.7102,59.9491,61.4879,849142
2015-01-15,60.0381,60.9275,59.9847,60.5362,1899739
2015-01-16,60.5006,61.7458,60.3494,61.5946,894366
2015-01-20,61.817,62.0215,60.3227,60.6162,911232
2015-01-21,60.3316,60.7318,60.127,60.4561,926721
2015-01-22,60.8475,61.8259,60.5184,61.7903,934258
2015-01-23,61.9148,62.0749,60.9809,61.0698,625547
2015-01-26,60.972,62.2172,60.8297,62.1016,906582
2015-01-27,61.728,62.1905,61.5679,62.1461,583099
2015-01-28,62.3595,62.9733,61.97,62.0038,573016
2015-01-29,62.155,62.2528,61.559,62.155,578481
2015-01-30,61.986,62.1194,60.9097,60.9809,691659
2015-02-02,61.2121,61.2121,59.273,60.9186,976848
2015-02-03,61.0343,61.8792,60.4917,61.8437,646936
2015-02-04,61.6213,61.9682,61.1143,61.3456,681990
2015-02-05,61.4078,61.8614,61.221,61.6391,1231159
2015-02-06,61.5768,61.6391,59.5933,59.9224,720536
2015-02-09,59.9224,60.2426,59.3621,59.3888,770922
2015-02-10,59.5933,59.7357,58.6861,59.4066,810785
2015-02-11,59.3443,59.789,58.6861,59.282,727605
2015-02-12,59.6289,59.9669,58.7484,59.7979,834429
2015-02-13,59.6912,59.709,58.5527,59.3888,605363
2015-02-17,59.3087,59.9313,58.8729,59.0863,620359
2015-02-18,59.1931,59.8602,58.6327,59.8335,601113
2015-02-19,59.8201,59.8201,58.3239,58.5658,549802
2015-02-20,58.2881,59.3273,58.2881,59.2198,518549
2015-02-23,59.3542,59.8917,59.1661,59.8828,499499
2015-02-24,59.5782,59.6194,58.3776,58.736,785105
2015-02-25,58.6016,59.4438,58.5748,58.7719,352201
2015-02-26,58.7271,58.8704,57.7236,58.0103,311608
2015-02-27,58.0641,58.9242,57.8903,58.7987,684708
2015-03-02,58.7271,59.8559,58.6464,59.3273,502505
2015-03-03,59.1033,59.2556,58.5658,59.1033,333732
2015-03-04,59.0406,59.2467,58.297,58.4852,278475
2015-03-05,58.6912,59.3542,58.6912,58.7091,382920
2015-03-06,57.9924,57.9924,56.7829,56.9531,553712
2015-03-09,57.419,57.7953,57.1682,57.2488,583772
2015-03-10,57.1413,57.6251,56.9487,57.2398,599099
2015-03-11,57.4011,57.7236,57.0517,57.5892,453678
2015-03-12,57.7863,58.4045,57.5086,58.3508,544506
2015-03-13,58.2881,58.6285,57.7863,58.53,422090
2015-03-16,58.7091,59.605,58.5927,59.4527,471710
2015-03-17,59.4259,59.7529,58.9734,59.5513,622822
2015-03-18,59.5782,61.0475,59.0854,60.9848,840063
2015-03-19,60.5816,61.0295,60.2859,60.6801,611164
2015-03-20,60.9041,62.6512,60.7787,62.6243,1574081
2015-03-23,62.6243,62.8572,62.0867,62.3645,884696
2015-03-24,62.0688,62.3555,61.4775,61.4775,764147
2015-03-25,61.4417,61.7373,60.1695,60.4114,771359
2015-03-26,60.1426,60.5189,59.6409,59.9097,521071
2015-03-27,60.0261,60.5099,59.7932,60.4382,525404
2015-03-30,60.7249,61.5492,60.3845,61.4954,430500
2015-03-31,61.361,61.7463,60.8683,60.9579,613345
2015-04-01,61.0743,61.2043,60.1516,60.6622,406604
2015-04-02,60.6353,61.5313,60.5368,61.2894,418694
2015-04-06,61.585,62.2211,61.2625,61.9792,618044
2015-04-07,61.8627,61.9523,60.6264,60.6264,481739
2015-04-08,60.7608,61.1281,60.5278,60.6801,682214
2015-04-09,60.6353,60.6353,59.1302,59.2736,455724
2015-04-10,59.6319,60.1695,59.2019,59.4438,421410
2015-04-13,59.2825,59.6409,59.1033,59.1033,268855
2015-04-14,59.3542,59.7663,59.1929,59.3094,255011
2015-04-15,59.3452,59.6498,58.8614,58.8704,552061
2015-04-16,58.5927,59.399,58.4314,59.0765,396807
2015-04-17,58.7271,59.1661,58.1134,58.512,420432
2015-04-20,58.6375,58.8883,58.2881,58.3597,334037
2015-04-21,58.6554,59.1535,58.4135,58.8166,385223
2015-04-22,58.7629,59.1213,58.6106,58.8077,264391
2015-04-23,58.6823,59.0854,58.4923,58.9689,287871
2015-04-24,59.0944,59.6588,58.7987,59.1302,421545
2015-04-27,59.3094,59.8559,58.96,59.4796,609862
2015-04-28,59.3452,59.5871,58.7539,59.1033,411394
2015-04-29,58.3687,59.0048,57.2667,57.634,769786
2015-04-30,57.3384,57.3473,55.9228,56.2454,757279
2015-05-01,56.2902,57.0427,56.2275,56.6127,597055
2015-05-04,56.8456,57.3115,56.5769,57.1771,705159
2015-05-05,56.8636,56.98,55.5914,55.7257,539968
2015-05-06,55.7795,56.102,55.3674,55.9228,499494
2015-05-07,56.7202,57.0696,55.6451,57.0069,860915
2015-05-08,56.5142,58.7271,56.5142,58.1985,839647
2015-05-11,57.8401,58.3149,56.9442,57.3742,988624
2015-05-12,56.9711,57.8401,56.3887,57.7236,751964
2015-05-13,58.0103,58.4224,57.1323,57.2667,1022782
2015-05-14,57.4728,58.6464,57.1861,58.6195,494556
2015-05-15,58.8166,59.3811,58.6643,59.0317,360667
2015-05-18,58.8918,59.2077,58.3356,59.0181,504828
2015-05-19,58.7383,59.1084,58.6481,58.7293,334854
2015-05-20,58.7654,59.0903,58.4676,58.4947,400432
2015-05-21,58.6661,59.0362,57.8899,58.269,389206
2015-05-22,58.1427,58.8106,58.0073,58.4856,238882
2015-05-26,57.899,58.2871,57.6192,57.7997,411924
2015-05-27,57.8629,58.4856,57.6553,58.3864,525498
2015-05-28,58.2419,58.63,57.7185,57.7997,650078
2015-05-29,57.8809,58.0434,56.8069,56.9874,1152404
2015-06-01,57.0325,58.0073,56.7798,57.9892,560830
2015-06-02,57.7094,57.7094,56.9784,57.3123,415372
2015-06-03,57.2672,57.6282,56.3556,56.4098,438724
2015-06-04,56.3195,56.7166,56.0487,56.1751,525812
2015-06-05,55.5072,56.157,55.1642,55.7419,584849
2015-06-08,55.8863,55.8863,55.426,55.6336,470021
2015-06-09,55.5794,55.778,55.0649,55.101,516655
2015-06-10,55.1823,56.0487,54.9566,55.5884,401656
2015-06-11,56.0397,56.2202,55.5938,55.9133,650226
2015-06-12,55.7509,55.9675,55.4711,55.6245,505035
2015-06-15,55.5614,55.6606,55.1552,55.2906,689099
2015-06-16,55.4169,55.6336,55.1191,55.444,1194902
2015-06-17,55.4621,55.8592,55.1101,55.7419,1027219
2015-06-18,55.9494,57.1318,55.9404,56.8701,916913
2015-06-19,56.8069,56.8069,56.1615,56.1841,770135
2015-06-22,56.2292,56.6264,55.5523,55.6065,666950
2015-06-23,55.5343,55.6733,55.0379,55.2635,337522
2015-06-24,55.3267,55.6336,54.6137,54.6227,557744
2015-06-25,54.6046,54.6768,54.009,54.0631,1132983
2015-06-26,54.0451,54.5415,53.7292,54.388,766316
2015-06-29,54.388,54.7761,53.305,53.3411,553702
2015-06-30,53.7653,53.8718,53.0793,53.2328,1075160
2015-07-01,53.314,54.379,53.0071,54.361,796491
2015-07-02,54.8483,55.3357,54.3519,54.6137,576538
2015-07-06,54.4422,55.2003,54.388,55.101,859043
2015-07-07,55.4079,56.7076,55.083,56.5,1050108
2015-07-08,56.1841,56.5903,55.9948,56.3195,670140
2015-07-09,56.5993,56.7888,55.6877,55.8772,511133
2015-07-10,56.0848,56.7437,56.0397,56.3105,570434
2015-07-13,56.7527,57.1228,55.7961,56.2383,557513
2015-07-14,56.3285,56.6083,55.9946,56.3375,428665
2015-07-15,56.1841,56.5632,55.8592,56.4098,405090
2015-07-16,56.5903,57.2401,56.482,56.834,485713
2015-07-17,56.7708,56.9423,56.2834,56.4007,597065
2015-07-20,56.1931,56.7618,56.0758,56.5903,276948
2015-07-21,56.6444,56.8791,56.3105,56.4007,403381
2015-07-22,56.3827,56.861,56.2022,56.6986,404387
2015-07-23,56.6354,56.6354,55.5433,55.9404,489769
2015-07-24,55.9314,56.3285,55.6967,56.0217,682957
2015-07-27,56.1029,56.6625,55.9224,56.1119,347432
2015-07-28,56.1119,56.5451,55.6877,56.3466,422346
2015-07-29,56.2563,57.2491,55.9494,57.1769,486940
2015-07-30,57.0235,57.3935,56.7257,57.1679,669932
2015-07-31,57.6282,58.2058,57.3845,57.7365,546744
2015-08-03,57.7185,58.1878,57.6733,58.1427,382679
2015-08-04,57.9892,58.4766,57.6102,57.7004,493544
2015-08-05,57.7997,57.9531,56.9107,57.1499,688836
2015-08-06,57.6011,57.7284,56.3195,57.0867,918266
2015-08-07,56.9332,57.5199,56.2924,57.3123,414865
2015-08-10,57.547,57.565,56.5181,56.5993,817611
2015-08-11,56.4639,57.5921,56.4188,57.204,551129
2015-08-12,57.0415,57.4387,56.6534,57.4116,492039
2015-08-13,56.9784,57.7907,56.7257,57.565,347468
2015-08-14,57.556,57.9441,57.0415,57.8719,498953
2015-08-17,57.9765,58.3039,57.4308,58.2038,656438
2015-08-18,58.1493,58.3494,57.931,58.2493,497459
2015-08-19,57.931,58.222,57.6218,57.8583,478303
2015-08-20,57.7855,58.0129,57.2126,57.4672,642400
2015-08-21,57.1671,57.4126,56.3577,56.3577,683755
2015-08-24,53.4202,54.8389,50.7374,53.1747,1266691
2015-08-25,54.5843,54.8389,51.8469,51.9196,1214574
2015-08-26,52.9291,53.975,52.0379,53.9295,1029900
2015-08-27,54.3569,55.6029,53.8931,55.2755,1180734
2015-08-28,55.3846,55.7029,54.8344,55.3664,1000595
2015-08-31,55.2937,55.4119,53.884,53.9386,1496673
2015-09-01,53.2019,53.8158,52.6199,53.0928,834828
2015-09-02,53.6658,53.8658,53.2019,53.8386,891562
2015-09-03,54.1932,54.4933,53.8931,54.2114,903888
2015-09-04,53.7476,53.7567,52.5381,52.8473,412657
2015-09-08,53.5748,53.7385,53.011,53.6112,441911
2015-09-09,53.9932,54.0386,52.6108,52.8109,579506
2015-09-10,52.4835,53.693,52.4835,52.9655,449500
2015-09-11,52.8746,54.0204,52.7381,54.0204,373957
2015-09-14,54.2387,54.2387,53.8204,53.9659,359146
2015-09-15,54.0568,54.7662,53.784,54.6752,314470
2015-09-16,54.6661,55.4846,54.6207,55.4028,332793
2015-09-17,55.3118,56.7215,54.9481,55.8029,408641
2015-09-18,55.139,56.7487,55.13,56.2031,1058896
2015-09-21,56.4213,57.2126,56.2213,56.776,476567
2015-09-22,56.294,56.6669,55.8211,55.9575,368096
2015-09-23,56.0667,56.7397,55.9121,56.4577,322739
2015-09-24,56.3395,56.6824,55.2118,55.6029,457682
2015-09-25,55.8211,56.385,55.4301,55.6756,564055
2015-09-28,55.812,55.812,54.6661,55.2027,498059
2015-09-29,55.23,56.294,55.1118,56.194,584843
2015-09-30,56.6032,56.9215,56.1667,56.5214,612892
2015-10-01,56.6851,57.0489,56.3031,56.7397,530738
2015-10-02,56.7215,57.0398,56.1212,57.0398,412346
2015-10-05,57.4035,57.931,57.2035,57.9128,477383
2015-10-06,57.8219,58.0674,57.3944,57.6127,429243
2015-10-07,57.6855,58.8223,57.4945,58.7768,527735
2015-10-08,58.8677,59.3952,58.5403,59.2224,374264
2015-10-09,59.2406,59.3134,58.7222,59.1042,310057
2015-10-12,59.2224,59.9227,59.2133,59.6135,299572
2015-10-13,59.3952,59.859,58.8768,59.0405,362028
2015-10-14,59.2133,59.4407,58.6404,58.795,323994
2015-10-15,58.895,59.5407,58.6131,59.5407,239454
2015-10-16,59.5407,59.9681,59.5225,59.6953,490099
2015-10-19,59.6135,60.7503,59.6135,60.7503,162344
2015-10-20,60.5866,60.8594,60.432,60.5957,256640
2015-10-21,60.8321,60.9412,60.3137,60.4138,199353
2015-10-22,60.7957,61.5278,60.7957,61.3869,295066
2015-10-23,61.3687,61.7234,60.5502,61.0049,242656
2015-10-26,61.114,61.1777,60.6184,61.0413,231953
2015-10-27,61.0504,61.6506,61.0231,61.6233,507654
2015-10-28,61.7143,62.1053,60.6639,62.078,422800
2015-10-29,61.4869,62.3418,60.6593,62.2599,426640
2015-10-30,62.3236,62.36,61.6324,61.8052,371942
2015-11-02,61.6779,63.0602,61.5324,63.0148,354233
2015-11-03,62.6783,62.6964,61.9234,62.1144,674481
2015-11-04,62.169,62.3963,61.5324,61.6688,373315
2015-11-05,61.6779,62.3327,61.2686,62.1144,429060
2015-11-06,61.2505,61.2686,59.3224,60.0227,569201
2015-11-09,59.5953,59.7044,58.5131,58.986,337160
2015-11-10,59.0496,59.809,59.0496,59.6953,468142
2015-11-11,59.7044,60.4774,59.468,60.3228,397999
2015-11-12,60.1591,60.6048,59.6226,59.759,239577
2015-11-13,60.1773,60.1773,58.8223,59.1315,582372
2015-11-16,59.1544,59.9973,58.8978,59.9515,425418
2015-11-17,59.695,61.0235,59.6308,60.5104,428127
2015-11-18,60.7029,61.2893,60.1714,61.2618,325719
2015-11-19,61.4542,62.004,61.216,61.7382,416738
2015-11-20,61.9215,62.4804,61.7749,61.9032,519988
2015-11-23,61.9765,62.1047,61.4908,61.6833,268868
2015-11-24,61.2251,61.61,60.6112,61.4084,467024
2015-11-25,61.6374,61.9123,61.4634,61.7107,495734
2015-11-27,61.7749,62.5445,61.7749,62.4071,167696
2015-11-30,62.6362,62.8194,61.4725,61.7382,757089
2015-12-01,62.0498,62.4713,62.0498,62.4163,563290
2015-12-02,62.1872,62.2788,60.7212,60.8586,457682
2015-12-03,60.767,61.0694,59.4476,59.5209,860899
2015-12-04,59.8782,60.712,59.7591,60.1806,709821
2015-12-07,60.1164,60.5196,59.8416,60.1623,410053
2015-12-08,60.0523,60.3272,59.7774,60.0248,423500
2015-12-09,59.7133,60.5196,59.3834,60.089,460798
2015-12-10,60.1989,60.5379,59.5667,59.5667,434118
2015-12-11,59.0627,59.8782,58.941,59.7683,512536
2015-12-14,59.6217,60.2356,59.3926,60.1806,553588
2015-12-15,60.4555,61.3534,60.4555,60.9502,853367
2015-12-16,61.2251,62.398,61.0877,62.2239,371576
2015-12-17,62.4529,62.4529,61.8482,62.0589,408422
2015-12-18,61.7382,61.9307,61.216,61.4359,935976
2015-12-21,62.0223,62.1322,61.3809,61.7566,357677
2015-12-22,61.9673,62.4438,61.8482,61.9765,485469
2015-12-23,62.2514,62.3613,61.839,62.233,603756
2015-12-24,62.1689,62.6179,61.839,62.4804,167016
2015-12-28,62.288,62.8103,62.0406,62.7919,357830
2015-12-29,63.076,63.6349,62.7278,63.2776,491356
2015-12-30,63.2318,63.4242,63.0485,63.1218,243513
2015-12-31,63.0119,63.2318,62.398,62.4163,540801
2016-01-04,62.737,63.14,61.3076,61.8848,553395
2016-01-05,62.0589,63.3875,62.0223,63.0943,452686
2016-01-06,62.7553,63.5066,62.7553,63.4608,572223
2016-01-07,62.6545,63.1035,62.5629,62.8744,897903
2016-01-08,63.0485,63.4517,62.233,62.3338,717061
2016-01-11,62.2514,63.0943,62.2055,62.7003,884786
2016-01-12,63.3142,63.5433,62.0681,62.3888,800276
2016-01-13,62.3613,63.1676,61.6283,61.7841,1028841
2016-01-14,62.004,62.4896,61.3534,61.5916,507096
2016-01-15,60.6845,62.2239,60.5196,62.0314,766932
2016-01-19,62.627,63.919,62.4163,63.5799,936202
2016-01-20,62.9752,63.9923,61.8619,62.9019,1943037
2016-01-21,63.2684,63.7998,62.1322,62.682,1001449
2016-01-22,63.2867,64.597,62.934,64.0747,860472
2016-01-25,64.0472,64.7711,63.3875,63.7357,875472
2016-01-26,63.9464,65.4125,63.9464,65.4033,696673
2016-01-27,65.0643,65.2934,64.0472,64.4137,651766
2016-01-28,64.6611,65.1651,64.148,64.652,1012201
2016-01-29,65.1559,66.3654,64.8306,66.3287,855944
2016-02-01,65.8706,67.5749,65.4675,67.0893,742713
2016-02-02,67.0526,67.0526,65.9806,66.3196,984809
2016-02-03,66.7411,67.4374,66.4845,66.9335,1083858
2016-02-04,66.6128,67.0434,66.1821,66.2005,903038
2016-02-05,65.9714,66.3929,65.2705,65.3025,996932
2016-02-08,65.0918,65.0918,62.8653,64.5878,1480744
2016-02-09,63.9006,65.44,63.8686,65.1009,1388151
2016-02-10,65.3392,65.9897,64.7894,64.936,1009571
2016-02-11,65.6599,66.0722,63.6991,63.9831,1183254
2016-02-12,64.7344,65.1376,63.2226,63.919,1330049
2016-02-16,64.3679,64.9177,63.8182,64.7528,1393053
2016-02-17,64.8261,66.063,64.7528,64.8352,1076025
2016-02-18,65.0567,65.2228,64.3277,64.7983,1079663
2016-02-19,64.5861,65.2966,64.4292,64.9275,880970
2016-02-22,65.4535,65.878,64.9183,65.0475,519020
2016-02-23,64.9644,65.6104,64.706,64.8444,576617
2016-02-24,64.5307,65.2597,64.3277,64.9367,600762
2016-02-25,65.2874,66.1364,65.2874,66.0072,340978
2016-02-26,65.961,66.1456,65.1028,65.1028,739928
2016-02-29,65.2505,65.8687,64.9367,65.1305,1060209
2016-03-01,65.4443,66.9392,65.2136,66.93,974208
2016-03-02,66.69,67.8527,66.4501,67.8435,837077
2016-03-03,67.6313,68.2311,67.4652,67.9727,702410
2016-03-04,67.8343,68.6279,67.6774,68.148,821185
2016-03-07,67.6313,67.9912,66.9669,67.2622,685243
2016-03-08,67.2345,67.659,66.6347,66.8008,561680
2016-03-09,67.0222,67.6497,66.6162,67.1607,886258
2016-03-10,67.5667,68.0558,66.5332,67.2622,304037
2016-03-11,68.1665,68.3972,67.8712,68.3511,434380
2016-03-14,68.3326,68.8217,68.0558,68.5541,573886
2016-03-15,68.2311,69.1723,68.1573,68.9785,589769
2016-03-16,68.674,69.9752,68.4987,69.6891,462439
2016-03-17,69.0801,71.2117,68.6463,71.1656,943418
2016-03-18,69.117,69.3846,68.6002,68.7571,3682086
2016-03-21,68.4987,69.2277,68.148,68.2495,758083
2016-03-22,68.3418,68.7017,67.7051,67.9542,792245
2016-03-23,67.8527,68.0834,67.5298,67.539,760442
2016-03-24,67.1791,67.8343,67.0591,67.659,1005382
2016-03-28,67.8066,68.8309,67.659,68.6463,701919
2016-03-29,68.8678,69.6153,68.8678,69.5599,1032998
2016-03-30,69.6706,69.9198,69.2185,69.2738,755387
2016-03-31,69.3107,69.5138,68.7017,69.0708,783714
2016-04-01,68.9324,69.6706,68.7202,69.5138,762712
2016-04-04,69.5322,69.8275,69.0524,69.5784,435370
2016-04-05,69.2,69.3938,68.268,68.7294,638516
2016-04-06,68.5541,68.914,68.4064,68.7202,564215
2016-04-07,68.471,68.8309,68.268,68.4895,613675
2016-04-08,68.8586,69.1816,68.7294,68.9324,267947
2016-04-11,69.0801,69.1354,68.5633,68.5633,333622
2016-04-12,68.8124,69.643,68.5633,69.2831,439612
2016-04-13,69.5138,69.5138,68.4987,68.9785,409088
2016-04-14,68.8217,68.9693,68.3787,68.4249,241540
2016-04-15,68.4341,69.3753,68.2495,69.117,464666
2016-04-18,68.9785,69.4861,68.8124,69.3477,271249
2016-04-19,69.5784,69.5784,69.0339,69.2831,441709
2016-04-20,69.2,69.2,68.1204,68.1757,371439
2016-04-21,68.0465,68.5264,66.7638,66.9023,394566
2016-04-22,67.2068,67.8343,67.1104,67.6866,337396
2016-04-25,67.4744,68.3141,67.4559,68.3141,301640
2016-04-26,68.4526,69.0431,68.3049,68.5725,380466
2016-04-27,68.6833,69.1262,68.1942,68.997,367505
2016-04-28,68.5356,69.0893,68.3418,68.5817,289735
2016-04-29,68.1388,68.591,67.3729,68.0096,420739
2016-05-02,68.0927,69.3753,68.065,69.2923,415478
2016-05-03,69.0062,69.3753,68.6002,69.3477,414656
2016-05-04,68.7571,71.5162,68.7571,71.2947,828029
2016-05-05,70.8703,71.83,70.7688,71.7008,649236
2016-05-06,71.627,72.5221,71.507,72.4113,686143
2016-05-09,72.439,73.3249,72.3929,73.2234,480616
2016-05-10,73.491,73.6755,72.7251,73.0296,500453
2016-05-11,72.9465,73.1726,71.2209,71.9499,430676
2016-05-12,72.116,72.845,71.4701,72.6143,369490
2016-05-13,72.2821,72.3283,71.2486,71.6916,367240
2016-05-16,71.8866,72.9268,71.7937,72.6946,595300
2016-05-17,72.5275,72.5275,70.5956,71.1064,448759
2016-05-18,70.9671,71.0879,69.4532,70.0198,712816
2016-05-19,69.3696,70.1452,68.7474,70.0012,547103
2016-05-20,70.2613,70.8928,69.8433,70.7535,786720
2016-05-23,70.8928,71.2736,70.2148,70.5399,622911
2016-05-24,70.93,72.0909,70.8742,71.4129,864442
2016-05-25,71.3201,71.738,70.5399,70.8928,609232
2016-05-26,70.7721,71.673,70.6978,71.4036,335017
2016-05-27,71.5244,72.1002,71.1807,71.7008,505583
2016-05-31,71.7473,71.9888,70.9021,71.1436,2771727
2016-06-01,70.4935,71.5058,70.4935,71.4965,551538
2016-06-02,71.5058,71.9702,71.1714,71.9423,487234
2016-06-03,72.4532,73.2055,72.0724,72.6482,582143
2016-06-06,72.7504,72.9454,71.6544,72.0724,443126
2016-06-07,72.0073,72.4996,71.8773,72.1652,454090
2016-06-08,72.1188,73.1822,71.9516,73.0754,407979
2016-06-09,73.0847,74.2921,72.9175,73.9206,484618
2016-06-10,73.4376,74.2364,73.4376,73.9299,417693
2016-06-13,73.9763,74.515,73.5955,73.6884,530334
2016-06-14,73.7627,74.1899,73.3726,73.5862,435970
2016-06-15,73.7348,74.3014,73.433,73.9763,367209
2016-06-16,73.7256,74.0413,73.4469,73.8556,757003
2016-06-17,73.9578,73.9763,72.9175,73.3633,893146
2016-06-20,73.8277,74.3014,73.3448,73.3912,705358
2016-06-21,73.4748,73.7906,73.2519,73.4934,937254
2016-06-22,73.642,73.7534,72.9082,72.9268,678600
2016-06-23,73.3355,73.837,73.2426,73.3541,505404
2016-06-24,72.1467,74.0042,71.6916,72.9082,1689786
2016-06-27,72.7411,73.6048,72.4996,73.3726,1760524
2016-06-28,73.5398,75.6481,73.1497,75.611,1052479
2016-06-29,76.1404,77.097,76.0103,76.9948,605588
2016-06-30,77.0505,77.7657,76.5165,77.7657,933277
2016-07-01,77.7471,78.4251,77.3478,77.775,459785
2016-07-05,77.775,79.066,77.775,79.0288,335729
2016-07-06,78.8338,79.2703,78.4344,78.4809,561676
2016-07-07,78.3044,78.3044,77.2084,77.5985,654091
2016-07-08,77.9236,78.388,77.3199,77.9793,789548
2016-07-11,78.3044,78.3322,77.6264,78.1651,701255
2016-07-12,76.3447,76.7441,75.7038,75.8617,3067324
2016-07-13,76.1775,76.6883,76.0382,76.6233,1089196
2016-07-14,76.5304,76.5304,75.7596,75.936,708824
2016-07-15,75.9082,75.9815,75.0723,75.676,549284
2016-07-18,75.9175,75.9175,75.2952,75.6667,506903
2016-07-19,75.7596,76.1227,75.4438,76.1218,507776
2016-07-20,76.1311,76.1589,75.7689,76.0661,397977
2016-07-21,75.7967,76.289,75.3416,76.2518,496108
2016-07-22,76.0753,77.0413,76.0753,76.6883,619147
2016-07-25,76.7441,77.1527,76.419,76.6047,769670
2016-07-26,76.7069,76.7905,76.0289,76.0568,701423
2016-07-27,76.0753,76.2797,75.3602,75.9918,820698
2016-07-28,76.0568,77.9607,75.8989,77.4406,649764
2016-07-29,77.292,79.001,77.292,78.8802,1877560
2016-08-01,78.9452,79.2424,78.6573,79.2239,658065
2016-08-02,78.713,79.0381,77.8586,78.1001,766078
2016-08-03,78.2115,78.2115,76.7998,77.2642,685045
2016-08-04,77.4685,77.4964,76.9484,77.1156,519827
2016-08-05,77.357,77.4035,76.6326,76.9112,429998
2016-08-08,76.8369,76.9391,76.3354,76.614,322928
2016-08-09,76.4747,76.953,75.9732,76.8648,343789
2016-08-10,77.0413,77.4035,76.7533,76.9577,402650
2016-08-11,77.1063,77.1899,75.0816,75.3138,574444
2016-08-12,75.3973,76.0289,74.6079,74.8586,676775
2016-08-15,75.1951,75.4567,74.812,74.9521,547375
2016-08-16,74.7558,74.8399,73.8773,73.9054,250131
2016-08-17,74.167,74.7839,73.597,74.6624,519295
2016-08-18,74.6904,75.0409,74.2138,74.6904,510089
2016-08-19,74.3913,74.868,73.9054,74.1857,255056
2016-08-22,74.2885,74.9988,74.2512,74.8212,374842
2016-08-23,75.3353,75.3539,74.4848,74.5035,293118
2016-08-24,74.5783,74.8025,73.7839,74.5783,261375
2016-08-25,74.6624,75.5876,74.4848,74.9521,481748
2016-08-26,75.2792,75.5315,73.8961,74.3913,349625
2016-08-29,74.7558,75.4381,74.5969,75.0736,396089
2016-08-30,75.2231,75.2231,74.2325,74.9334,304998
2016-08-31,74.6997,75.5595,74.4334,75.2698,749520
2016-09-01,75.1296,75.4754,74.6343,74.8867,366307
2016-09-02,75.3072,76.6343,75.0923,75.7745,479851
2016-09-06,75.8866,76.3025,75.421,76.1764,523167
2016-09-07,76.2044,77.0455,75.6997,76.5782,503657
2016-09-08,76.0549,76.2324,75.2324,75.4661,383919
2016-09-09,74.3259,74.6437,72.3073,72.3166,712067
2016-09-12,72.2699,73.7278,72.2699,73.3914,530915
2016-09-13,73.0082,73.0082,71.1671,71.2792,335239
2016-09-14,71.5783,71.7045,71.0082,71.1204,463259
2016-09-15,71.111,71.6157,70.8026,71.5409,375580
2016-09-16,71.111,71.8774,70.8867,71.4848,1365123
2016-09-19,71.5129,72.2605,71.3961,72.0643,292186
2016-09-20,73.0923,73.0923,71.8119,71.868,580967
2016-09-21,71.9334,72.7325,70.8914,72.6717,697491
2016-09-22,73.6063,74.2792,73.3633,74.1577,388416
2016-09-23,73.7558,74.5642,73.2886,74.1203,624066
2016-09-26,73.8306,74.5876,73.5689,74.2885,615451
2016-09-27,74.7091,74.7278,73.3727,73.4661,425290
2016-09-28,73.7371,74.2044,73.354,74.139,328445
2016-09-29,73.8026,73.8026,72.4661,72.7652,333875
2016-09-30,73.2231,73.354,72.2325,72.4194,643810
2016-10-03,72.1951,72.1951,70.5222,70.5596,459290
2016-10-04,70.597,70.597,69.5316,70.0082,494596
2016-10-05,70.0923,70.5409,68.4428,68.597,624462
2016-10-06,68.055,69.2793,67.4849,68.8587,571796
2016-10-07,69.1671,69.7652,68.3914,69.083,727229
2016-10-10,69.1484,69.9708,69.1391,69.7933,490183
2016-10-11,69.4101,69.7652,68.6812,68.9709,488386
2016-10-12,69.1484,69.3634,68.9802,69.1297,513441
2016-10-13,68.8961,69.9428,68.8961,69.7559,430097
2016-10-14,69.7092,70.1437,69.1017,69.5783,300575
2016-10-17,69.8026,70.2325,69.2606,69.3073,381409
2016-10-18,69.8867,70.0643,69.3353,69.3727,311501
2016-10-19,69.2512,69.6624,68.784,69.2045,367807
2016-10-20,69.0737,69.4288,68.326,69.1952,377039
2016-10-21,68.7372,69.3167,68.5597,68.9335,330178
2016-10-24,69.84,69.9708,68.9709,69.2886,314024
2016-10-25,68.8681,69.2793,68.5661,68.8307,318659
2016-10-26,68.4288,68.4288,67.298,67.9989,384920
2016-10-27,67.7279,67.7279,65.8868,66.1111,781312
2016-10-28,66.2793,66.9055,66.0457,66.3915,504912
2016-10-31,66.7933,67.4756,66.326,67.3541,676219
2016-11-01,67.0363,67.1672,65.0644,65.7279,676311
2016-11-02,65.513,65.9616,63.9803,64.3074,785730
2016-11-03,64.4008,65.0924,63.728,64.9429,939512
2016-11-04,65.0083,65.1392,64.2364,64.784,493287
2016-11-07,65.8775,65.9148,64.8868,65.4476,762543
2016-11-08,65.4569,65.9616,65.1578,65.6905,426327
2016-11-09,63.8121,64.4195,63.1485,64.1672,1169960
2016-11-10,64.1111,64.9149,62.5691,63.6999,889958
2016-11-11,63.6812,65.3915,63.6812,64.1485,780440
2016-11-14,64.1861,65.7677,63.4612,65.7677,767727
2016-11-15,61.9173,65.0805,61.4843,62.9905,3606295
2016-11-16,63.0753,63.6213,62.4822,62.9246,1589200
2016-11-17,63.0188,63.4989,61.5125,61.5502,1411683
2016-11-18,61.7761,62.5481,61.7761,62.1244,1093787
2016-11-21,62.2092,62.887,62.0962,62.2374,845959
2016-11-22,62.4163,63.16,62.3974,63.0094,854944
2016-11-23,62.2186,62.8023,62.0303,62.774,712854
2016-11-25,63.0,63.546,62.6516,62.7646,475908
2016-11-28,62.7081,63.3671,62.4257,62.7834,1044120
2016-11-29,62.7364,63.3954,62.6987,62.9811,1067857
2016-11-30,62.5387,63.2165,61.7384,62.9246,2531085
2016-12-01,62.6987,62.9529,61.5502,61.6725,838124
2016-12-02,61.8797,62.5575,61.4937,61.955,1104565
2016-12-05,61.8797,62.3645,61.3431,62.1527,1006168
2016-12-06,62.501,62.9341,61.955,62.1433,954055
2016-12-07,62.4069,63.4048,62.2939,63.2165,1817330
2016-12-08,62.9529,63.6401,62.3598,63.6119,1131113
2016-12-09,63.5271,64.2803,63.3765,63.7248,1124575
2016-12-12,64.092,65.0711,63.7719,64.9958,1369985
2016-12-13,65.2876,65.6359,63.8096,64.4686,1140292
2016-12-14,64.4403,64.5627,62.9529,63.0564,1096828
2016-12-15,63.0753,63.8472,62.3974,62.5951,822763
2016-12-16,63.0564,64.5251,62.9058,63.7625,1777145
2016-12-19,64.2238,64.7698,63.9979,64.2332,763286
2016-12-20,63.9979,64.6098,63.7719,64.2144,590024
2016-12-21,64.1956,64.7887,63.0376,63.0941,629842
2016-12-22,63.0,63.4424,62.1527,63.3859,734869
2016-12-23,63.6401,63.7531,63.1882,63.4989,471639
2016-12-27,63.4989,63.8566,63.2259,63.4518,329213
2016-12-28,63.4048,63.5271,62.6328,62.8587,462486
2016-12-29,62.9435,64.0167,62.7269,64.0167,669834
2016-12-30,63.9414,65.0146,63.8096,64.911,786054
2017-01-03,64.9205,65.0993,64.1108,64.8546,1011974
2017-01-04,65.0711,65.9937,64.751,65.8901,719587
2017-01-05,65.3347,66.1161,64.9205,66.0407,629336
2017-01-06,65.7677,66.3797,65.6737,66.182,582887
2017-01-09,66.2196,66.2196,65.0805,65.2688,749080
2017-01-10,65.0334,65.297,64.6569,64.6757,578168
2017-01-11,64.7322,64.8451,64.0732,64.1861,834203
2017-01-12,64.1956,64.9769,63.5836,64.9581,961244
2017-01-13,64.9299,65.2782,64.6851,64.8451,385608
2017-01-17,65.0334,65.6736,64.7133,65.6265,712621
2017-01-18,65.5794,66.0596,65.137,65.9089,553143
2017-01-19,65.5135,65.7301,64.7698,64.8734,464256
2017-01-20,65.1841,65.7207,64.8357,65.6736,581539
2017-01-23,65.7583,67.001,65.6548,66.8504,711429
2017-01-24,66.9069,67.3117,66.6433,66.9728,824570
2017-01-25,66.9445,67.0292,65.7583,66.0407,643888
2017-01-26,66.229,66.3702,65.7018,65.7866,476973
2017-01-27,65.8525,66.182,65.1276,65.3817,551360
2017-01-30,65.297,65.5606,64.6098,64.911,580648
2017-01-31,65.1087,65.956,64.7934,65.6453,719370
2017-02-01,65.5606,65.9778,64.6004,64.6663,495293
2017-02-02,64.8169,65.4665,64.6851,65.4194,571509
2017-02-03,65.9654,65.9843,65.2217,65.7583,723646
2017-02-06,65.843,66.1914,65.4382,65.796,579020
2017-02-07,65.5041,66.2573,65.1464,65.2405,621978
2017-02-08,65.4947,66.2573,65.137,65.9372,648709
2017-02-09,66.502,67.1046,65.9654,66.7562,774748
2017-02-10,66.5209,67.161,66.5209,67.1234,565908
2017-02-13,67.3117,67.5282,66.6433,67.0669,355665
2017-02-14,66.7468,67.1705,65.9466,66.0125,697416
2017-02-15,65.7018,65.7395,64.9487,65.1841,757644
2017-02-16,65.1276,65.8619,65.0523,65.4476,543939
2017-02-17,65.57,65.7065,64.7698,65.6642,572895
2017-02-21,65.57,66.455,65.3723,66.3797,666138
2017-02-22,66.3986,66.7874,65.7159,66.3891,454783
2017-02-23,66.6831,67.546,66.3038,67.2805,734554
2017-02-24,66.9676,67.7547,65.9624,67.5081,2595742
2017-02-27,67.3848,68.3236,67.0719,67.9917,1551357
2017-02-28,67.7736,67.84,66.2753,66.7116,4661100
2017-03-01,66.1236,66.9107,64.834,64.8624,27410591
2017-03-02,65.6495,66.2374,64.8624,65.5547,3453418
2017-03-03,65.0426,65.0805,63.3072,64.2365,3126786
2017-03-06,63.8857,64.009,62.9564,63.184,1818358
2017-03-07,63.3452,63.6202,62.1029,62.321,1618124
2017-03-08,61.8279,62.0745,60.6141,61.4296,1839073
2017-03-09,61.2684,61.6762,59.6563,59.6943,1700475
2017-03-10,60.3201,60.3865,58.6986,59.3434,2390091
2017-03-13,59.3529,60.4624,59.2774,60.4245,3215756
2017-03-14,60.0736,61.7995,59.8081,61.496,2610220
2017-03-15,61.5339,63.7624,61.221,63.3167,2616137
2017-03-16,63.146,63.3546,62.7667,63.0417,1089133
2017-03-17,63.0417,63.4684,62.6055,63.4495,4358355
2017-03-20,63.44,63.9521,63.1745,63.3167,1052941
2017-03-21,63.44,63.8098,63.0322,63.2503,1660245
2017-03-22,63.3262,63.3594,62.2262,62.8995,1116831
2017-03-23,62.8141,64.1702,62.7667,63.7908,1143063
2017-03-24,63.7719,64.1607,63.5253,63.6391,814645
2017-03-27,63.734,64.2745,62.7288,63.0133,979711
2017-03-28,62.9184,63.3546,62.1788,63.1745,818679
2017-03-29,63.0702,63.5158,62.8331,63.0322,1112276
2017-03-30,62.9564,63.2219,62.5486,63.0607,726436
2017-03-31,63.1555,63.3831,62.9184,62.9564,1225089
2017-04-03,62.9943,63.6581,62.7288,63.0133,1446811
2017-04-04,63.0512,63.459,62.8046,62.9184,1212234
2017-04-05,63.0038,63.1934,62.6624,62.7098,1427272
2017-04-06,62.6624,62.9374,62.3305,62.615,1090850
2017-04-07,62.615,63.0227,62.5154,62.6529,1001101
2017-04-10,62.5581,63.3973,62.3874,63.2408,757651
2017-04-11,63.2693,64.0374,63.2408,63.734,867652
2017-04-12,63.7624,64.0753,63.5158,63.8667,720475
2017-04-13,63.9046,64.1512,63.3831,63.8288,654415
2017-04-17,64.0374,64.3788,63.7435,64.3219,546683
2017-04-18,64.3409,64.8624,64.0943,64.7771,641655
2017-04-19,64.7486,65.4978,64.6633,64.9478,911445
2017-04-20,64.9857,65.1089,64.4262,64.9003,539550
2017-04-21,64.8529,64.8909,63.9141,63.9805,606863
2017-04-24,64.54,64.54,61.7995,61.8658,1154222
2017-04-25,61.8848,62.2357,61.6098,61.79,904086
2017-04-26,61.5908,61.8089,60.7374,60.7564,896273
2017-04-27,61.752,61.752,60.4908,60.5762,795730
2017-04-28,60.4245,60.4245,59.6469,59.9124,914716
2017-05-01,60.2727,60.6805,59.3339,60.2253,989031
2017-05-02,60.3012,61.3637,60.1779,60.9176,938014
2017-05-03,61.0788,61.0977,59.6943,59.846,777556
2017-05-04,59.5805,59.5994,58.3288,59.315,1045421
2017-05-05,59.3719,60.0167,59.0494,59.4288,729122
2017-05-08,59.5426,59.5994,58.2055,58.3098,936228
2017-05-09,58.3856,58.4994,57.7029,58.3477,1121057
2017-05-10,58.471,60.2822,58.471,59.6753,2012324
2017-05-11,59.3055,59.3766,58.1675,59.021,2335910
2017-05-12,59.2581,59.2581,57.3994,57.5796,1248457
2017-05-15,57.5322,58.2434,57.3805,57.8072,2078487
2017-05-16,57.7029,57.7029,55.7807,55.9106,1795577
2017-05-17,55.5977,57.5037,55.5977,57.1244,1938094
2017-05-18,57.0096,57.8228,56.6317,57.6315,1673164
2017-05-19,57.5071,58.7604,57.1149,58.0046,1702434
2017-05-22,58.0046,58.6743,57.7654,58.129,1454637
2017-05-23,58.1959,58.4829,57.8946,58.129,1026014
2017-05-24,58.2438,59.4588,58.1098,59.2866,1345863
2017-05-25,59.564,60.0328,59.1431,59.7745,1065987
2017-05-26,59.9084,60.2815,59.0952,59.3153,1236382
2017-05-30,59.277,59.5162,58.0429,58.062,1211126
2017-05-31,57.8611,58.5212,57.4688,58.2246,1962886
2017-06-01,58.0142,58.5212,57.5645,58.3012,1188464
2017-06-02,58.6073,59.2483,58.1003,58.2725,874997
2017-06-05,58.0429,58.2151,57.4114,57.5932,848338
2017-06-06,57.641,59.0187,57.1818,58.5116,1019381
2017-06-07,58.569,60.0806,58.569,59.4683,1345592
2017-06-08,59.631,59.784,58.8273,59.1335,1146697
2017-06-09,59.0761,60.0232,58.569,59.6692,758418
2017-06-12,59.9563,61.1521,59.6979,61.0947,1200029
2017-06-13,60.8077,61.5539,60.3294,61.1234,841913
2017-06-14,61.7357,61.8696,60.3581,60.7407,733750
2017-06-15,60.3868,61.3339,60.3868,61.2861,1039450
2017-06-16,61.4774,62.4245,58.3586,58.7891,4343573
2017-06-19,58.7317,58.7317,57.2679,57.6219,2649729
2017-06-20,57.6219,57.9472,56.6413,57.1723,1952028
2017-06-21,57.1914,57.8037,56.7322,57.3732,1849855
2017-06-22,57.1723,57.8611,56.7991,57.6697,1409346
2017-06-23,57.6793,58.7604,57.6793,58.4255,1631454
2017-06-26,58.4351,60.0998,58.3777,59.7458,1483186
2017-06-27,59.5927,59.9658,59.1335,59.6118,1082187
2017-06-28,59.8797,60.7694,59.7553,60.4155,1096006
2017-06-29,60.1476,61.0565,59.918,60.2528,1339576
2017-06-30,60.5494,61.0565,59.6692,59.9276,1455484
2017-07-03,60.138,61.1808,59.8032,61.0469,495243
2017-07-05,60.9799,61.1139,59.7266,59.9371,1107702
2017-07-06,59.6979,60.0137,58.8273,59.0378,978172
2017-07-07,59.1431,59.8032,58.9135,59.6788,678546
2017-07-10,59.784,59.9467,58.7795,58.7795,691765
2017-07-11,58.9709,59.0283,58.1672,58.7412,644345
2017-07-12,59.0665,60.3485,59.0665,59.4683,770002
2017-07-13,59.4014,60.1093,59.3153,59.7458,798692
2017-07-14,59.851,60.9704,59.851,60.7981,857658
2017-07-17,60.8843,61.4678,60.6642,61.1904,805254
2017-07-18,61.1617,61.3626,60.6451,60.8268,715397
2017-07-19,60.8364,61.6974,60.7312,61.6879,592208
2017-07-20,61.8122,62.0706,61.4391,61.707,418780
2017-07-21,61.7453,62.0132,60.8747,61.4487,499782
2017-07-24,61.5252,61.7261,60.7312,61.5252,594482
2017-07-25,61.6592,62.1088,61.0838,62.0801,613220
2017-07-26,62.0036,62.9794,61.9079,62.8263,723644
2017-07-27,62.702,64.4719,62.1567,64.2805,1115044
2017-07-28,64.0414,64.3953,63.2186,63.2951,847961
2017-07-31,63.4004,63.4482,62.3863,63.3525,851791
2017-08-01,63.63,64.7397,63.2664,64.3858,1286617
2017-08-02,63.9935,64.3475,62.9029,63.2377,783710
2017-08-03,62.9986,63.7065,62.8359,63.2664,678319
2017-08-04,62.7594,64.4622,62.5872,63.8404,1128034
2017-08-07,63.85,64.1609,63.2951,63.85,571798
2017-08-08,63.6013,64.3092,63.1708,63.6587,626369
2017-08-09,63.4291,64.424,63.4099,63.9648,657224
2017-08-10,63.9265,64.2231,63.5152,63.5343,884523
2017-08-11,63.4099,63.4386,61.9366,62.2906,763894
2017-08-14,62.6861,63.911,62.2327,63.5831,720893
2017-08-15,63.1683,63.5542,62.387,62.7536,827645
2017-08-16,62.879,63.5493,62.6764,63.1973,826818
2017-08-17,63.6313,63.8532,63.014,63.014,949286
2017-08-18,62.6764,62.7825,62.0205,62.387,970139
2017-08-21,62.5221,63.3564,62.1025,63.2069,532110
2017-08-22,63.2166,63.5156,62.7729,62.9754,478755
2017-08-23,62.879,63.6892,62.7053,63.4384,642344
2017-08-24,63.7278,64.7213,62.9175,62.9465,1170971
2017-08-25,63.1683,63.7278,62.5801,63.4191,766083
2017-08-28,63.5349,63.6892,61.9241,62.0591,972301
2017-08-29,61.7022,62.2134,60.9016,61.1331,1703391
2017-08-30,61.0077,61.4032,60.4387,61.3743,1659914
2017-08-31,61.6829,62.4449,61.4129,62.0398,1153481
2017-09-01,62.0398,62.8211,61.6829,62.387,779958
2017-09-05,62.4256,62.9368,61.8565,62.2327,727590
2017-09-06,62.4931,63.178,62.2617,62.4256,855663
2017-09-07,62.4449,62.7922,62.1604,62.5028,1353703
2017-09-08,62.3099,62.5848,61.6058,61.9048,828392
2017-09-11,62.0205,63.0333,62.0109,62.6957,1857012
2017-09-12,62.4449,63.0622,61.4418,61.654,937626
2017-09-13,61.7408,61.7408,61.027,61.3839,946939
2017-09-14,61.3646,63.2358,61.2199,63.149,1074726
2017-09-15,62.9272,62.9561,62.252,62.6957,1715375
2017-09-18,62.5703,62.6764,61.4611,61.6829,978451
2017-09-19,61.5768,61.5768,60.8775,61.2199,1120936
2017-09-20,61.3743,61.49,60.0335,60.3904,743663
2017-09-21,60.429,60.7762,60.0721,60.2072,833211
2017-09-22,60.2843,60.5448,59.8213,59.9178,563102
2017-09-25,60.0528,61.0753,59.9467,60.4965,1061744
2017-09-26,60.564,61.2007,60.2843,60.8534,1147603
2017-09-27,60.8052,60.8052,59.4645,59.667,1004860
2017-09-28,59.696,60.0191,59.2812,59.9371,815114
2017-09-29,59.6574,60.13,59.4934,59.8406,785735
2017-10-02,59.8503,60.1396,59.3487,59.8985,803486
2017-10-03,60.1589,60.294,59.5127,60.1686,576627
2017-10-04,60.1493,60.646,59.8406,60.6412,557883
2017-10-05,60.757,61.5575,60.6701,60.8631,819654
2017-10-06,60.5544,60.5544,59.9564,60.0914,1093106
2017-10-09,60.294,60.8727,60.2265,60.4097,535735
2017-10-10,60.5062,61.3357,60.5062,61.3164,642148
2017-10-11,61.3164,61.8083,61.3164,61.6443,637329
2017-10-12,61.5286,61.7794,61.0945,61.7697,753752
2017-10-13,62.0109,62.6282,61.4032,62.3774,707833
2017-10-16,62.2809,62.4642,61.7022,61.953,929962
2017-10-17,61.8662,62.7632,61.7601,62.7536,718177
2017-10-18,62.5992,62.9368,62.0495,62.4642,946259
2017-10-19,62.551,62.9079,61.9916,62.0977,629449
2017-10-20,62.1748,62.1941,61.027,61.3936,683020
2017-10-23,61.5865,61.8662,61.1428,61.4804,550197
2017-10-24,61.3646,61.5286,60.7377,61.1138,922429
2017-10-25,60.7859,60.9643,59.7152,60.7087,580482
2017-10-26,61.027,61.027,59.6091,60.1686,590817
2017-10-27,60.0046,60.4772,59.3101,60.3036,807164
2017-10-30,60.3229,60.6894,59.9805,60.0335,589044
2017-10-31,60.0143,60.2072,59.0208,59.368,934493
2017-11-01,59.3777,60.3615,59.375,59.9178,1043779
2017-11-02,61.7119,63.1876,61.1572,62.9658,1448627
2017-11-03,62.3967,63.0622,61.6829,61.8276,1302643
2017-11-06,61.9434,62.6282,61.6733,61.9626,711417
2017-11-07,62.0495,63.5252,62.0012,62.9465,873197
2017-11-08,62.9947,63.911,62.9947,63.4288,995003
2017-11-09,63.2262,64.5669,63.2262,63.9689,703829
2017-11-10,63.6506,64.3547,63.6506,64.0943,932558
2017-11-13,64.3644,64.8659,63.8339,64.8274,891867
2017-11-14,64.7982,65.119,64.1857,65.051,646825
2017-11-15,65.0899,65.401,64.5065,65.0121,880158
2017-11-16,64.8857,65.6246,64.4968,65.3913,803790
2017-11-17,65.2454,65.9454,65.2454,65.5274,565348
2017-11-20,65.5954,65.6926,65.1093,65.3232,818673
2017-11-21,65.3232,66.0135,65.2163,65.926,934540
2017-11-22,65.6343,66.3051,65.6343,65.7899,531170
2017-11-24,66.0135,66.0913,65.5663,65.926,271923
2017-11-27,66.169,66.2176,65.4593,65.5468,483004
2017-11-28,65.7024,66.2176,65.2454,66.101,928006
2017-11-29,65.9551,66.4024,65.5857,66.1107,812531
2017-11-30,66.1107,66.5482,65.751,65.926,1281764
2017-12-01,66.169,66.3635,65.6149,66.169,679587
2017-12-04,66.169,66.8301,66.169,66.694,1220032
2017-12-05,66.6357,66.801,65.8871,65.9065,747195
2017-12-06,66.2079,66.3051,65.0315,65.469,626689
2017-12-07,65.5371,65.9843,65.1968,65.576,1074166
2017-12-08,65.7315,65.9746,65.3815,65.7024,638975
2017-12-11,65.6635,66.1107,65.4885,65.7996,603306
2017-12-12,65.8871,66.8399,65.4496,66.6843,839971
2017-12-13,66.8593,67.3065,66.4704,66.8496,937101
2017-12-14,67.0829,67.7051,66.6454,67.2774,912011
2017-12-15,67.6565,68.1669,67.3649,68.0551,2053254
2017-12-18,68.2787,68.6774,68.0551,68.4149,1685731
2017-12-19,68.2496,68.5607,66.8496,67.0829,1212667
2017-12-20,67.1704,67.4912,66.1204,66.1204,713431
2017-12-21,66.2176,66.5336,65.6149,65.819,1061997
2017-12-22,65.8774,66.3246,65.7607,66.1982,720655
2017-12-26,66.4315,67.1704,66.2079,66.7815,561959
2017-12-27,67.0343,67.3357,66.6163,67.1024,899089
2017-12-28,67.2968,67.676,66.7815,67.4912,677693
2017-12-29,67.4815,67.7051,67.2287,67.2579,667069
2018-01-02,67.4037,67.8364,66.976,67.6079,763809
2018-01-03,67.6371,67.6857,66.7621,67.1315,781233
2018-01-04,67.1607,67.1607,64.9052,64.9343,844923
2018-01-05,65.2649,65.4885,64.7788,64.9149,944853
2018-01-08,64.9635,65.6829,64.9635,65.4496,903798
2018-01-09,65.5468,65.5468,64.0593,64.069,789802
2018-01-10,63.4954,63.719,62.6107,63.5246,932674
2018-01-11,63.5246,63.7482,62.5038,62.5816,1305291
2018-01-12,62.6593,62.6593,61.7649,62.2802,943886
2018-01-16,62.4746,63.1649,61.8232,61.8913,985024
2018-01-17,62.1441,62.5816,61.7649,62.426,881369
2018-01-18,62.1635,62.3482,61.6093,61.8718,883540
2018-01-19,62.0371,62.2704,61.6385,61.9982,1026696
2018-01-22,61.9593,62.5718,61.8913,62.5232,1159638
2018-01-23,62.7371,62.8927,62.3968,62.7954,869768
2018-01-24,62.7857,62.8489,62.2034,62.5135,1045213
2018-01-25,62.4649,62.9607,62.0566,62.3385,796932
2018-01-26,62.5135,62.5524,61.2788,61.4052,1157331
2018-01-29,62.1149,62.1732,60.3455,60.8316,1492088
2018-01-30,60.676,60.851,59.8691,60.1121,867125
2018-01-31,60.2191,61.2205,59.9566,61.1621,1730743
2018-02-01,61.1913,61.4635,58.9746,59.0038,1343759
2018-02-02,58.683,59.0524,58.0121,58.4496,859083
2018-02-05,58.1774,59.2371,56.6705,56.6705,1190638
2018-02-06,56.0871,57.108,55.0858,56.1844,1955774
2018-02-07,56.2233,57.4677,55.9024,55.9316,1472932
2018-02-08,55.776,56.126,54.0358,54.0358,1445543
2018-02-09,54.6094,55.4941,53.5011,55.1247,1468567
2018-02-12,55.5233,55.9122,53.3455,55.6788,1343849
2018-02-13,55.6788,56.1348,54.8913,55.9413,973278
2018-02-14,55.5233,56.3399,54.4538,56.058,1363851
2018-02-15,56.3496,56.9038,56.0677,56.233,1324289
2018-02-16,55.8452,57.2686,55.8059,56.9741,1796147
2018-02-20,56.7189,57.7692,56.7189,56.9937,2551471
2018-02-21,56.8563,56.925,55.6685,55.698,1499362
2018-02-22,55.7961,57.5336,55.7176,57.2097,975831
2018-02-23,57.406,57.9459,56.8956,57.9263,1053300
2018-02-26,58.1521,58.4367,57.4355,58.2404,1086361
2018-02-27,58.368,58.741,56.8367,56.8465,1457830
2018-02-28,57.1017,57.8968,56.7778,57.0428,1575113
2018-03-01,56.9054,57.5925,56.5913,57.2588,1729004
2018-03-02,56.9348,58.0048,56.1986,57.8477,1334902
2018-03-05,57.4747,58.4564,57.3569,57.6416,1074484
2018-03-06,57.8183,57.9165,57.1508,57.8674,762383
2018-03-07,57.7594,58.3091,57.5042,57.7692,773947
2018-03-08,57.8281,58.4269,57.4256,57.8772,839218
2018-03-09,57.8183,58.0244,57.0134,58.0146,1376076
2018-03-12,57.8674,58.1128,57.5042,58.0343,1232460
2018-03-13,58.2895,58.5054,57.6711,58.1128,1064486
2018-03-14,58.2011,58.3189,57.2097,57.7398,1173036
2018-03-15,57.8576,57.9263,56.9643,57.1901,1153597
2018-03-16,57.1115,57.3471,56.7189,57.1999,2158936
2018-03-19,57.3373,57.3373,55.9728,56.2673,1264773
2018-03-20,56.4833,56.8759,55.0992,55.9139,1451180
2018-03-21,55.7961,55.9969,55.1286,55.4722,1049002
2018-03-22,55.4133,56.709,55.266,55.5998,1160910
2018-03-23,55.5605,55.8059,54.7163,54.8243,1215797
2018-03-26,55.1679,55.6783,54.5789,55.5802,846171
2018-03-27,55.5802,56.709,54.785,56.0415,1485890
2018-03-28,56.2968,58.1226,56.2968,57.9361,1448178
2018-03-29,58.0735,58.4269,57.4747,57.8968,1332643
2018-04-02,57.8968,57.8968,56.4833,56.6403,1598718
2018-04-03,56.8465,57.8085,56.2869,57.5336,922323
2018-04-04,57.2293,58.5054,56.9937,58.3091,801228
2018-04-05,58.3484,58.6821,57.8281,58.5742,876453
2018-04-06,58.3582,58.9864,57.4355,57.622,860953
2018-04-09,57.5729,57.995,57.0428,57.5042,492965
2018-04-10,57.7496,58.1619,57.4551,57.8968,862450
2018-04-11,57.7398,58.26,57.4158,57.7888,1026653
2018-04-12,58.1324,58.1324,56.6502,57.1213,808155
2018-04-13,57.249,57.3471,56.7581,57.3177,760323
2018-04-16,57.3569,57.7839,57.2391,57.4551,1011094
2018-04-17,57.6318,58.0735,57.141,57.5042,1044402
2018-04-18,57.6023,57.7888,57.0621,57.1704,815420
2018-04-19,57.033,57.033,55.6194,56.0514,794819
2018-04-20,56.1004,56.4636,55.0403,55.0894,728088
2018-04-23,55.1188,55.6293,54.7949,55.0795,585783
2018-04-24,54.9225,55.3544,54.7458,55.1483,782126
2018-04-25,55.0894,55.4231,54.412,54.9716,512001
2018-04-26,55.3249,56.5029,55.001,56.1888,879431
2018-04-27,56.1888,57.8281,56.0415,57.7005,889319
2018-04-30,57.8379,58.2993,57.4158,57.7692,1349686
2018-05-01,57.7692,58.4269,57.0821,58.1717,898206
2018-05-02,57.7888,58.0048,56.8563,57.0428,908907
2018-05-03,56.9937,57.3275,56.6207,56.6894,1021012
2018-05-04,56.5814,57.8379,56.5814,57.6809,728559
2018-05-07,57.9557,58.1079,57.5533,57.8183,606377
2018-05-08,57.7201,57.7888,56.8759,57.0232,815817
2018-05-09,56.9643,57.622,56.6796,57.5729,638968
2018-05-10,57.8772,58.0244,57.4158,57.5631,666955
2018-05-11,57.7398,57.995,57.3815,57.4747,727646
2018-05-14,57.3373,57.73,56.3066,56.6403,785790
2018-05-15,56.2687,56.4669,55.6442,55.9019,1320272
2018-05-16,56.1795,56.4471,55.6541,55.7929,1185545
2018-05-17,55.8524,56.1795,55.3865,55.7731,951474
2018-05-18,55.3865,55.5848,54.9702,55.2081,1640183
2018-05-21,55.6145,56.4471,54.8909,56.1596,953420
2018-05-22,56.1795,56.8832,56.0803,56.6949,1379466
2018-05-23,56.8435,57.4977,56.6057,57.0913,1649549
2018-05-24,57.2995,57.5621,56.566,56.8733,1080548
2018-05-25,57.0814,57.3689,56.8237,57.2896,1123159
2018-05-29,56.9228,57.6761,56.6552,57.4878,1412537
2018-05-30,57.4482,58.0924,57.0616,57.8942,1354337
2018-05-31,57.8942,58.0131,57.3788,57.5671,1456824
2018-06-01,57.6761,58.1023,57.1112,57.2499,1513558
2018-06-04,57.5076,58.0032,57.3788,57.9437,1065465
2018-06-05,58.1122,58.7714,57.9437,58.3006,1288121
2018-06-06,58.1915,58.7565,57.9041,58.6475,1345194
2018-06-07,58.6177,59.0043,58.2014,58.6376,1570066
2018-06-08,58.6673,59.0836,58.3303,58.9448,1273160
2018-06-11,59.0043,59.2124,58.6673,58.7961,1024443
2018-06-12,58.7961,60.0549,58.6772,59.8864,1477276
2018-06-13,59.9756,60.1243,58.6475,58.8457,860519
2018-06-14,59.034,59.6684,58.9696,59.4801,863811
2018-06-15,59.4107,59.8468,59.0241,59.1827,1647017
2018-06-18,59.0241,59.4206,58.5583,59.1133,1084820
2018-06-19,59.0241,59.3314,58.4096,58.5384,1053898
2018-06-20,58.4294,59.599,58.4294,59.5395,971784
2018-06-21,59.5792,60.7785,59.4999,60.7487,1031632
2018-06-22,60.8974,62.2256,60.6407,62.1265,1859317
2018-06-25,62.2355,62.3644,61.1155,62.0274,1129228
2018-06-26,62.0868,62.1364,61.5219,61.8291,1024285
2018-06-27,62.0769,62.295,61.6507,61.6507,775411
2018-06-28,61.6012,62.0472,61.3335,61.9084,1251020
2018-06-29,61.7498,62.1364,61.4475,61.5318,1380628
2018-07-02,61.4723,62.1067,60.4811,61.0065,1750059
2018-07-03,60.9371,61.7201,60.4316,61.0957,985543
2018-07-05,61.2443,61.6606,60.8082,61.5912,1067386
2018-07-06,61.7597,62.0274,61.5219,61.8093,1232291
2018-07-09,61.8589,61.8717,61.0263,61.3732,1110497
2018-07-10,61.165,61.7003,61.0065,61.1452,1062752
2018-07-11,61.056,61.2344,60.6893,60.7785,803807
2018-07-12,60.7686,61.0263,60.5406,60.7487,1201801
2018-07-13,60.9767,61.2443,60.5802,60.6794,658083
2018-07-16,60.5604,60.7041,59.9657,60.491,578393
2018-07-17,60.6992,61.1948,60.154,60.2333,1479698
2018-07-18,60.1342,60.4316,59.7427,60.154,1154021
2018-07-19,60.0847,61.3038,59.8765,60.9371,949580
2018-07-20,60.6496,60.9371,60.3622,60.8974,1608774
2018-07-23,61.0461,61.3286,60.6496,61.2344,1435526
2018-07-24,61.3236,61.5219,60.2135,60.4316,1630115
2018-07-25,60.2928,62.8798,60.2928,62.2751,7758346
2018-07-26,62.5824,63.8313,62.2454,62.3445,2654775
2018-07-27,62.4536,62.4833,61.1155,61.3236,1947254
2018-07-30,61.4624,62.2355,60.838,62.1463,1644032
2018-07-31,62.3842,63.7074,62.0868,63.0681,1417938
2018-08-01,62.3544,63.2068,61.9481,63.0681,1824388
2018-08-02,62.9491,63.3654,62.7906,63.0383,1130086
2018-08-03,62.404,64.4062,61.3831,64.2674,1424359
2018-08-06,64.2971,64.3665,62.9392,63.1276,1466329
2018-08-07,63.0185,63.0185,62.3544,62.8005,1457139
2018-08-08,62.8401,62.8798,62.3247,62.632,1345108
2018-08-09,62.6121,62.8996,62.404,62.7608,829799
2018-08-10,62.9095,63.0978,62.5527,62.6914,928542
2018-08-13,62.6815,62.7608,62.0571,62.295,1166909
2018-08-14,62.67,63.565,62.495,63.38,1112425
2018-08-15,63.44,64.0,63.36,63.81,1170129
2018-08-16,63.85,64.39,63.77,64.27,1034726
2018-08-17,64.18,65.24,64.015,65.21,3340130
2018-08-20,65.39,66.0,65.38,65.68,1043450
2018-08-21,65.43,65.65,64.75,65.06,1118616
2018-08-22,65.1,65.17,64.68,64.78,964292
2018-08-23,64.82,65.11,64.66,64.96,633623
2018-08-24,64.79,65.485,64.79,65.44,699680
2018-08-27,65.49,65.53,64.72,65.0,980251
2018-08-28,65.31,66.09,64.96,66.07,1087208
2018-08-29,65.8,66.26,65.74,66.0,819898
2018-08-30,66.13,66.2,65.55,65.78,851075
2018-08-31,65.82,66.11,65.64,66.03,998535
2018-09-04,65.97,66.09,64.9,65.1,969548
2018-09-05,64.91,66.14,64.78,65.88,898435
2018-09-06,66.06,66.86,65.85,66.37,1148930
2018-09-07,65.43,65.99,65.105,65.14,951178
2018-09-10,65.56,66.195,65.49,65.68,1224872
2018-09-11,65.43,66.18,65.31,65.69,939141
2018-09-12,65.74,65.86,65.2,65.27,1042016
2018-09-13,65.62,66.02,65.21,65.77,1026074
