date,open,high,low,close,volume
2013-09-16,29.4307,29.5452,29.3074,29.4748,1136019
2013-09-17,29.466,29.5364,29.2458,29.3691,919012
2013-09-18,29.3691,29.8798,29.2282,29.8798,1396631
2013-09-19,29.9415,30.1176,29.8798,29.9855,1578750
2013-09-20,30.0207,30.1,29.7962,30.1,5870378
2013-09-23,30.0119,30.1969,29.8622,30.0031,1296867
2013-09-24,29.9503,30.2585,29.8975,30.0648,1443032
2013-09-25,29.9063,30.1,29.6861,29.9063,1607795
2013-09-26,29.9151,30.0296,29.8446,30.0119,1052725
2013-09-27,29.8256,29.9676,29.7679,29.9498,1262516
2013-09-30,29.728,29.8522,29.5372,29.6037,1446213
2013-10-01,29.5949,29.8345,29.524,29.7635,988737
2013-10-02,29.586,29.6658,29.3553,29.5327,1196518
2013-10-03,29.4262,29.4706,28.9071,29.1334,1732271
2013-10-04,29.1423,29.4262,29.0802,29.3109,1238833
2013-10-07,29.0979,29.3553,29.0269,29.2221,1627747
2013-10-08,29.2044,29.2843,28.7518,28.9648,1630684
2013-10-09,29.0802,29.1068,28.6542,28.7252,1623636
2013-10-10,28.9382,29.018,28.7696,28.9559,2019106
2013-10-11,28.9737,29.3641,28.9737,29.3286,1754622
2013-10-14,29.1867,29.4706,29.1157,29.4529,1631688
2013-10-15,29.3286,29.5461,29.2399,29.2754,1642119
2013-10-16,29.4972,29.5505,29.2931,29.4174,2121043
2013-10-17,29.2931,29.4617,29.2843,29.4174,2140011
2013-10-18,29.4706,29.5372,29.3464,29.3908,1504805
2013-10-21,29.4617,29.5061,29.2221,29.5061,1102707
2013-10-22,29.6126,29.9321,29.5904,29.9054,1783677
2013-10-23,29.8788,30.0208,29.8256,29.8966,1168989
2013-10-24,29.9054,29.9764,29.657,29.799,1387090
2013-10-25,29.8877,29.9587,29.6304,29.9409,2061683
2013-10-28,29.9409,30.0386,29.8256,29.9143,1539502
2013-10-29,29.9853,30.2338,29.9054,30.0297,1043907
2013-10-30,30.0386,30.1362,29.586,29.5949,1187511
2013-10-31,29.7102,29.8345,29.4795,29.7013,1307944
2013-11-01,30.4379,31.0236,30.2249,30.4734,2340494
2013-11-04,30.3758,30.3758,30.0297,30.2959,3070415
2013-11-05,30.1628,30.3935,30.1016,30.287,1178083
2013-11-06,30.3137,30.5,30.1672,30.4201,2067686
2013-11-07,30.5089,30.5089,30.1273,30.2604,1781747
2013-11-08,30.1983,30.4645,30.1184,30.4556,1313673
2013-11-11,30.4645,30.5089,30.1805,30.2604,975684
2013-11-12,30.2072,30.4113,30.0918,30.2693,1574018
2013-11-13,30.0741,30.7219,30.0386,30.713,1156570
2013-11-14,30.784,31.1611,30.784,31.0502,1356392
2013-11-15,31.0324,31.1744,30.8905,31.1567,1276882
2013-11-18,31.2277,31.3164,30.9703,31.1922,1075533
2013-11-19,31.1656,31.2011,30.9437,31.0591,813068
2013-11-20,31.1123,31.1567,30.8905,31.0058,824411
2013-11-21,30.6952,30.8816,30.4734,30.8195,1505097
2013-11-22,30.8638,31.0946,30.713,31.0768,896626
2013-11-25,31.1656,31.1922,30.8727,30.9171,896970
2013-11-26,30.9437,31.1345,30.8905,31.0058,1788035
2013-11-27,31.0236,31.0768,30.7662,30.8993,746985
2013-11-29,30.8727,31.1922,30.8106,30.9792,621013
2013-12-02,31.0324,31.1123,30.8372,31.0058,1276564
2013-12-03,30.8372,30.997,30.4823,30.713,1983598
2013-12-04,30.6065,30.6686,30.2959,30.6242,1107373
2013-12-05,30.5621,30.7352,30.4911,30.5887,945846
2013-12-06,30.8372,31.0546,30.7751,30.9703,905341
2013-12-09,30.9881,31.0147,30.5976,30.6509,1482927
2013-12-10,30.5799,30.8905,30.5533,30.642,1330612
2013-12-11,30.5976,30.6686,30.0297,30.0918,1635344
2013-12-12,30.0031,30.2249,29.8611,29.9321,1402235
2013-12-13,30.0119,30.145,29.9054,30.1184,1033676
2013-12-16,30.1717,30.1983,29.8788,30.0652,1371951
2013-12-17,30.0119,30.0297,29.4973,29.5239,2111122
2013-12-18,29.586,29.5949,28.7962,29.2665,4158902
2013-12-19,29.231,29.4351,29.0003,29.2843,2104602
2013-12-20,29.2843,29.7812,29.2311,29.5416,2681206
2013-12-23,29.7546,29.7989,29.5594,29.5949,1164774
2013-12-24,29.657,30.0785,29.6481,29.8966,476061
2013-12-26,29.9232,30.0652,29.8345,29.8788,867523
2013-12-27,29.9498,29.9676,29.7502,29.799,1048105
2013-12-30,29.8258,29.8973,29.7185,29.7721,1295405
2013-12-31,29.7721,29.8437,29.6201,29.6917,1121442
2014-01-02,29.6917,29.7811,29.4323,29.477,1812723
2014-01-03,29.5396,29.6156,29.3339,29.4949,1363758
2014-01-06,29.5843,29.6112,29.316,29.3518,2232935
2014-01-07,29.325,29.3965,29.0388,29.2355,2610588
2014-01-08,29.2892,29.2892,28.8599,29.0388,3246134
2014-01-09,29.1461,29.2177,28.9315,28.9404,2325631
2014-01-10,29.0388,29.1819,28.8778,28.9941,2249434
2014-01-13,28.8868,28.9762,28.6006,28.6542,2250699
2014-01-14,28.7347,28.9762,28.6453,28.8242,2179445
2014-01-15,28.9136,28.9136,28.7258,28.8242,1660757
2014-01-16,28.8242,28.842,28.6274,28.7168,1066338
2014-01-17,28.7347,28.9762,28.6676,28.842,2360589
2014-01-21,28.9136,28.9672,28.6453,28.8599,1339873
2014-01-22,28.9136,29.003,28.842,28.9315,1699014
2014-01-23,28.7794,28.8242,28.529,28.8242,1748599
2014-01-24,28.6632,28.9404,28.3233,28.3859,4580444
2014-01-27,28.4664,28.7705,28.4396,28.6989,3384401
2014-01-28,28.6453,28.9225,28.5827,28.7526,2456619
2014-01-29,28.5737,28.8912,28.4217,28.6006,3194093
2014-01-30,28.7168,28.8599,28.5559,28.8063,2039778
2014-01-31,28.4843,28.69,28.2965,28.6453,2526800
2014-02-03,28.6453,28.7258,28.0998,28.216,1934580
2014-02-04,28.3502,28.4575,28.1087,28.1981,1903678
2014-02-05,28.2428,28.4843,28.1266,28.216,2567362
2014-02-06,28.216,28.538,28.1534,28.5022,1373900
2014-02-07,28.6185,30.2551,28.6185,29.8705,7276049
2014-02-10,29.7811,29.8392,29.4099,29.629,2175643
2014-02-11,29.7006,30.0673,29.6469,29.9778,1685712
2014-02-12,30.0315,30.0673,29.9152,30.0226,1380900
2014-02-13,29.9242,30.4921,29.8705,30.4608,2008353
2014-02-14,30.3982,30.8364,30.3177,30.7648,2049728
2014-02-18,30.7112,30.7291,29.8884,30.2551,3213711
2014-02-19,30.1388,30.273,30.0717,30.1656,1998759
2014-02-20,30.1656,30.3848,29.9778,30.1746,2156509
2014-02-21,30.2104,30.3937,30.0404,30.1925,1811783
2014-02-24,30.273,30.6039,30.1925,30.1925,2060396
2014-02-25,30.2461,30.3266,30.027,30.112,1394330
2014-02-26,30.103,30.3177,29.8973,30.0226,1540840
2014-02-27,30.0852,30.1165,29.6827,29.8973,2032065
2014-02-28,29.9421,30.5323,29.9331,30.5055,1804660
2014-03-03,30.2908,30.5055,30.264,30.4429,1705652
2014-03-04,30.5949,30.8096,30.4965,30.6844,1173349
2014-03-05,30.6933,30.6933,30.4429,30.5323,1061391
2014-03-06,30.5055,30.586,30.3892,30.5502,1831767
2014-03-07,30.6754,30.7648,30.3713,30.6218,1580796
2014-03-10,30.4965,30.738,30.4071,30.6039,1147045
2014-03-11,30.5949,30.5949,30.2819,30.4161,798324
2014-03-12,30.3177,30.4071,30.2193,30.2819,1021214
2014-03-13,30.3713,30.4161,30.0404,30.0852,1277661
2014-03-14,30.0315,30.1969,29.7543,29.8079,2152955
2014-03-17,29.9331,30.3445,29.8884,30.1656,1709663
2014-03-18,30.2282,30.5681,30.2282,30.5055,1501640
2014-03-19,30.4518,30.8006,30.4339,30.5949,1646525
2014-03-20,30.5323,30.7022,30.4429,30.5502,1674391
2014-03-21,30.7827,30.9884,30.3982,30.4339,3423979
2014-03-24,30.4161,30.6754,30.2461,30.2819,1379134
2014-03-25,30.3803,30.4876,30.1925,30.2819,1329664
2014-03-26,30.3624,30.4965,30.0494,30.1299,1162904
2014-03-27,30.2193,30.425,30.0226,30.0673,1157856
2014-03-28,30.4548,30.6441,30.3151,30.3376,1078914
2014-03-31,30.5089,30.8514,30.4458,30.7883,1329663
2014-04-01,30.8424,30.9505,30.6845,30.8604,1168117
2014-04-02,30.8694,31.302,30.6711,31.0497,1965545
2014-04-03,31.0767,31.1939,30.9866,31.0857,951354
2014-04-04,31.2209,31.4462,31.0497,31.1128,1159785
2014-04-07,31.0497,31.275,30.9235,30.9505,1335633
2014-04-08,30.9505,31.284,30.9055,31.1759,1415039
2014-04-09,31.2209,31.4462,31.1759,31.3922,1720365
2014-04-10,31.3922,31.7166,31.0542,31.0767,2497249
2014-04-11,31.1037,31.1218,30.6801,30.7072,2356497
2014-04-14,30.8604,30.9776,30.7432,30.9505,853426
2014-04-15,31.0136,31.0316,30.6351,30.9866,981828
2014-04-16,31.1398,31.4372,30.9145,31.4192,1091748
2014-04-17,31.1849,31.3291,30.9415,31.0677,1591942
2014-04-21,31.0587,31.2209,30.9082,31.1398,834997
2014-04-22,31.2389,31.3651,31.1759,31.266,926313
2014-04-23,31.311,31.5364,31.284,31.4192,900379
2014-04-24,31.4282,31.7527,31.293,31.3201,1731358
2014-04-25,31.1849,31.311,30.6441,31.0046,1750412
2014-04-28,31.1308,31.3651,31.0316,31.3291,1505276
2014-04-29,31.4552,31.9059,31.4102,31.5093,1292635
2014-04-30,31.5183,31.6896,31.4462,31.6265,1138231
2014-05-01,31.6535,31.7707,31.3922,31.5724,1280212
2014-05-02,31.5364,31.6265,31.3741,31.4733,1099830
2014-05-05,31.3471,31.5454,31.1308,31.5093,1037742
2014-05-06,31.4733,31.6535,31.3471,31.4823,1211958
2014-05-07,31.4913,31.7256,31.4823,31.6806,888072
2014-05-08,31.6445,31.9059,31.5364,31.5995,880533
2014-05-09,31.6535,31.6986,31.4102,31.5814,731633
2014-05-12,31.7346,31.8158,31.5454,31.7256,1070948
2014-05-13,31.7887,31.9059,31.6355,31.7437,1417704
2014-05-14,31.7797,31.8158,31.5183,31.5364,1099399
2014-05-15,31.5003,31.5454,31.1578,31.1759,1837312
2014-05-16,31.1939,31.3651,31.1398,31.3651,1362418
2014-05-19,31.3201,31.4733,31.2119,31.4282,1025217
2014-05-20,31.4462,31.5904,31.0316,31.1759,1178761
2014-05-21,31.1939,31.3561,31.0587,31.3561,994212
2014-05-22,31.293,31.5724,31.1218,31.4192,1226103
2014-05-23,31.4462,31.5364,31.311,31.4643,695452
2014-05-27,31.5093,31.6716,31.4282,31.6445,821212
2014-05-28,31.6625,31.7977,31.5364,31.7076,1098894
2014-05-29,31.7887,31.8969,31.6806,31.8879,902526
2014-05-30,31.8248,31.9239,31.7617,31.9059,906295
2014-06-02,31.942,31.9915,31.7977,31.96,683859
2014-06-03,31.951,32.0141,31.8608,31.96,1267326
2014-06-04,31.9149,32.1042,31.8744,31.9239,667839
2014-06-05,31.942,32.2123,31.8789,32.1853,1253207
2014-06-06,32.2754,32.4557,32.1583,32.4467,1403640
2014-06-09,32.4286,32.7937,32.4286,32.7621,989932
2014-06-10,32.8793,33.2669,32.8342,33.0055,1941471
2014-06-11,32.9244,33.1767,32.9063,33.0505,1780210
2014-06-12,33.0145,33.1091,32.9424,33.0596,1333200
2014-06-13,33.0866,33.165,32.9244,33.0866,1103840
2014-06-16,33.0776,33.1677,32.9739,33.0505,1419034
2014-06-17,33.0776,33.393,33.0325,33.2849,1110511
2014-06-18,33.3119,33.5733,33.2398,33.4922,1738000
2014-06-19,33.4832,33.6815,33.4471,33.6724,1426288
2014-06-20,33.8076,33.9248,33.6544,33.8707,2179378
2014-06-23,33.8076,33.8796,33.5553,33.7085,1456766
2014-06-24,33.6634,33.7266,33.5823,33.6724,2067670
2014-06-25,33.5823,33.9518,33.5823,33.9338,1305544
2014-06-26,33.9609,34.0059,33.7851,34.0059,1025827
2014-06-27,33.897,34.6049,33.897,34.6049,2825394
2014-06-30,34.4778,34.5051,34.2373,34.4597,2902727
2014-07-01,34.4869,34.8409,34.3871,34.614,2149152
2014-07-02,34.623,34.6775,34.26,34.3236,1635950
2014-07-03,34.3871,34.4688,34.3417,34.4143,753198
2014-07-07,34.4052,34.5232,34.2419,34.4234,1746603
2014-07-08,34.4234,34.4325,34.2419,34.26,1254895
2014-07-09,34.3599,34.378,33.8426,33.8698,3239099
2014-07-10,33.6429,33.77,33.5975,33.652,1587813
2014-07-11,33.661,33.661,33.3979,33.5794,1629818
2014-07-14,33.779,33.779,33.534,33.5975,1287540
2014-07-15,33.5612,33.6973,33.534,33.6066,1666362
2014-07-16,33.6429,33.8607,33.6384,33.8335,1211240
2014-07-17,33.6792,33.7745,33.416,33.4251,721478
2014-07-18,33.4977,33.6883,33.3706,33.6066,724864
2014-07-21,33.5249,33.8471,33.4523,33.7518,914135
2014-07-22,33.8516,33.9152,33.6701,33.7336,848822
2014-07-23,33.7336,33.8607,33.5975,33.6157,701777
2014-07-24,33.6701,33.77,33.534,33.6247,1118752
2014-07-25,33.7972,34.4869,33.7972,33.9152,1991898
2014-07-28,33.5521,33.8698,33.3253,33.8335,2029637
2014-07-29,33.8607,34.3372,33.7246,34.2328,3472337
2014-07-30,34.2691,34.4597,34.0785,34.4415,2554548
2014-07-31,34.3962,34.5414,34.2328,34.4234,3208666
2014-08-01,34.3417,34.4052,34.0422,34.4052,1057957
2014-08-04,34.3417,34.4052,34.0422,34.4052,1057957
2014-08-05,34.378,34.5958,34.26,34.4415,1492180
2014-08-06,34.3145,34.7229,34.2691,34.5504,2443187
2014-08-07,34.7864,34.8499,34.5604,34.7229,1675961
2014-08-08,34.7864,35.1767,34.7229,35.1313,1421580
2014-08-11,35.1767,35.2856,34.8499,34.9225,1484520
2014-08-12,34.9498,35.1131,34.9225,35.0768,1116098
2014-08-13,35.222,35.4035,35.1222,35.2674,1319412
2014-08-14,35.3219,35.4353,35.2583,35.3672,1319373
2014-08-15,35.4671,35.4852,35.0768,35.458,1740894
2014-08-18,35.6214,35.6849,35.3309,35.4217,2166976
2014-08-19,35.5124,35.6758,35.4126,35.6304,2734857
2014-08-20,35.6667,35.8845,35.5397,35.8482,1566636
2014-08-21,35.8936,35.9481,35.7878,35.8936,863474
2014-08-22,35.9208,35.9571,35.5669,35.703,1118531
2014-08-25,35.7666,35.9208,35.5941,35.6758,1506207
2014-08-26,35.7212,35.8029,35.5079,35.7303,1447167
2014-08-27,35.7756,35.9935,35.6577,35.7666,1759813
2014-08-28,35.5941,35.7466,35.5397,35.6214,1226126
2014-08-29,35.7847,35.8755,35.6032,35.694,1017340
2014-09-02,35.5941,35.6395,35.4126,35.5488,1366636
2014-09-03,35.6577,35.7303,35.4761,35.5215,1886736
2014-09-04,35.694,35.7756,35.3491,35.5034,1418782
2014-09-05,35.5578,35.6032,35.3763,35.5851,1715675
2014-09-08,35.6123,35.6486,35.5034,35.5941,1014765
2014-09-09,35.703,35.7121,35.5397,35.5941,1210510
2014-09-10,35.6304,35.6577,35.4852,35.6395,864831
2014-09-11,35.576,35.6032,35.4035,35.5578,1035030
2014-09-12,35.5941,35.5941,35.3491,35.5306,1381730
2014-09-15,35.5851,35.6486,35.4671,35.5488,1026104
2014-09-16,35.5488,35.821,35.4398,35.8029,913071
2014-09-17,35.8029,35.939,35.5669,35.6214,3264669
2014-09-18,35.7121,35.7303,35.5397,35.5941,1540631
2014-09-19,35.6667,35.6713,35.4943,35.6032,5447626
2014-09-22,35.6032,35.6758,35.4489,35.4671,1286754
2014-09-23,35.4489,35.7212,35.4126,35.5034,2265892
2014-09-24,35.6667,35.7756,35.5261,35.7212,1675289
2014-09-25,35.7303,35.7484,35.4126,35.4761,1319483
2014-09-26,35.5488,35.6395,35.2402,35.4035,1729133
2014-09-29,35.2299,35.5023,35.2116,35.4675,1480548
2014-09-30,35.4584,35.7509,35.367,35.6686,1709165
2014-10-01,35.7509,35.7509,34.5077,34.6357,3731571
2014-10-02,34.5809,35.0653,34.5717,34.8825,2239608
2014-10-03,34.9831,35.0379,34.8185,34.9831,1332780
2014-10-06,35.0196,35.3579,35.0013,35.2573,1590551
2014-10-07,35.0928,35.2299,34.7271,34.8094,2008933
2014-10-08,34.8368,35.4218,34.7545,35.4127,1722541
2014-10-09,35.4127,35.5727,35.0105,35.0379,1354943
2014-10-10,35.0196,35.3487,34.9648,34.9739,1374238
2014-10-13,34.9831,35.1567,34.7728,34.8002,1250517
2014-10-14,34.8734,35.303,34.8002,35.0288,1334670
2014-10-15,34.7637,34.8643,34.1604,34.7271,1897939
2014-10-16,34.3615,34.8825,33.9867,34.4437,2682167
2014-10-17,34.6723,35.0836,34.5244,34.9191,2030085
2014-10-20,34.8094,35.0562,34.6357,35.0379,1573725
2014-10-21,35.1019,35.5041,34.9648,35.3853,1649804
2014-10-22,35.4675,35.8698,35.4515,35.6138,1509917
2014-10-23,35.9246,36.1074,35.7783,35.824,959707
2014-10-24,35.7783,35.9337,35.6138,35.8698,1258992
2014-10-27,35.8423,35.9794,35.7235,35.9612,1085333
2014-10-28,36.1348,36.1714,35.8103,36.0434,1333332
2014-10-29,36.0891,36.1531,35.6412,35.9612,1407319
2014-10-30,35.9977,36.3908,35.8515,36.2354,1634829
2014-10-31,35.8332,36.1988,34.75,35.1019,4923390
2014-11-03,34.5534,34.8185,34.3249,34.8002,3562764
2014-11-04,34.8002,35.0196,34.718,34.9465,2230326
2014-11-05,35.0836,35.2847,34.8277,35.2299,1678049
2014-11-06,35.3396,35.7006,35.2756,35.3853,2063316
2014-11-07,35.431,35.824,35.367,35.7692,1309998
2014-11-10,35.7509,36.2354,35.7235,36.1348,1681660
2014-11-11,36.1074,36.2811,35.9886,36.0252,1297670
2014-11-12,35.9977,36.3908,35.8515,36.2354,1634829
2014-11-13,36.2994,36.3817,36.0709,36.2263,1571651
2014-11-14,36.2354,36.4639,36.0343,36.3542,1366199
2014-11-17,36.3542,36.5371,36.2902,36.3725,1481953
2014-11-18,36.3634,36.5188,36.1897,36.2445,1200897
2014-11-19,36.1623,36.2171,35.9337,35.9977,979011
2014-11-20,35.9337,36.0434,35.7917,35.952,1104940
2014-11-21,36.2445,36.2902,35.463,35.6504,2128945
2014-11-24,35.7601,35.9017,35.6092,35.7692,1266485
2014-11-25,35.8515,36.1348,35.6641,36.0983,2205864
2014-11-26,36.1074,36.2994,36.0069,36.2445,1015868
2014-11-28,36.272,36.4731,36.1257,36.208,784391
2014-12-01,35.9429,36.1074,35.7692,35.8698,1306175
2014-12-02,35.8423,36.1531,35.7144,35.7235,1706539
2014-12-03,35.7783,35.888,35.6961,35.8423,2207405
2014-12-04,35.8789,35.9977,35.7692,35.8789,1617943
2014-12-05,35.9246,36.2537,35.7418,36.2354,3726816
2014-12-08,36.2811,36.3268,35.8743,35.9612,1086117
2014-12-09,35.7692,35.9886,35.5772,35.9703,1263726
2014-12-10,35.9886,36.1166,35.6778,35.7509,1806363
2014-12-11,35.7326,36.2354,35.6595,35.9429,1097907
2014-12-12,35.7966,35.9429,35.3944,35.3944,1178817
2014-12-15,35.4401,35.6504,35.0562,35.6047,2397920
2014-12-16,35.6047,36.1897,35.5132,35.824,1904277
2014-12-17,35.8332,35.984,35.2025,35.9337,1912547
2014-12-18,36.3177,36.985,36.2125,36.985,2720538
2014-12-19,37.2683,37.4512,36.1074,36.8021,3017610
2014-12-22,36.8021,37.0398,36.5279,37.0307,1192425
2014-12-23,37.1495,37.4694,37.0947,37.2866,982912
2014-12-24,37.3598,37.4419,37.1495,37.3232,463487
2014-12-26,37.3415,37.5854,37.314,37.3598,943632
2014-12-29,37.314,37.5334,37.2683,37.378,1348732
2014-12-30,37.286,37.5161,37.0375,37.4425,1427306
2014-12-31,37.5897,37.6174,37.0099,37.0467,936688
2015-01-02,37.0651,37.5068,36.9915,37.3412,2346735
2015-01-05,37.194,37.3412,36.9961,37.1295,2240487
2015-01-06,37.1387,37.4241,36.9086,37.2584,2525505
2015-01-07,37.4057,37.5069,36.9086,37.1295,1593827
2015-01-08,37.3504,37.5621,37.3504,37.4701,1156223
2015-01-09,37.4057,37.4425,37.1295,37.2032,965529
2015-01-12,37.24,37.3044,36.9271,36.9547,1705828
2015-01-13,37.2676,37.4793,36.5957,36.881,1787941
2015-01-14,36.6509,36.9547,36.5083,36.8534,1158513
2015-01-15,37.0467,37.1479,36.835,36.8534,1280733
2015-01-16,36.8902,37.0835,36.7706,36.9731,1828248
2015-01-20,37.0927,37.332,36.8718,37.3044,1131521
2015-01-21,37.1848,37.4701,37.1387,37.2768,717496
2015-01-22,37.4425,37.6818,37.2584,37.5713,1223262
2015-01-23,37.4977,37.8106,37.332,37.7462,1144067
2015-01-26,37.7278,37.9947,37.5437,37.9947,1078541
2015-01-27,37.7278,38.3169,37.7278,38.1144,1331524
2015-01-28,38.1696,38.4181,37.599,37.737,1434598
2015-01-29,37.7554,37.8567,37.2768,37.3873,1465273
2015-01-30,37.0651,37.2216,36.4852,36.5221,2989504
2015-02-02,36.6325,36.789,36.3012,36.7706,1407205
2015-02-03,36.8258,37.3781,36.7798,37.3596,2022664
2015-02-04,37.3412,37.599,37.1387,37.3228,1125097
2015-02-05,37.4701,37.737,37.3965,37.6358,1041531
2015-02-06,37.645,37.7278,37.3136,37.3965,1049789
2015-02-09,37.2584,37.645,37.2584,37.4241,871825
2015-02-10,37.5069,37.7646,37.3412,37.5161,846937
2015-02-11,37.5253,37.7554,37.3781,37.4241,1235052
2015-02-12,37.4425,37.9257,37.4333,37.7462,1460265
2015-02-13,37.737,37.8291,35.8502,36.2091,4738378
2015-02-17,36.1263,36.7614,36.0895,36.6877,2473133
2015-02-18,36.7614,37.691,36.6233,37.6082,2106408
2015-02-19,37.645,37.737,37.1848,37.3504,979810
2015-02-20,37.286,37.4333,37.0007,37.4149,1159839
2015-02-23,37.4149,37.6358,37.355,37.5805,864368
2015-02-24,37.4977,37.6358,37.3781,37.4241,1282969
2015-02-25,37.2676,37.737,37.2676,37.6634,930238
2015-02-26,37.6634,37.7278,37.4149,37.6634,993764
2015-02-27,37.691,37.737,37.3504,37.6634,1146662
2015-03-02,37.737,38.2064,37.6818,38.1236,909880
2015-03-03,38.1236,38.593,38.1052,38.2893,1505058
2015-03-04,38.142,38.2709,38.0408,38.1052,844527
2015-03-05,38.1604,38.2156,37.8843,38.0315,762442
2015-03-06,37.9671,38.0546,37.5575,37.6358,1549066
2015-03-09,37.6358,37.9027,37.5897,37.7278,1017333
2015-03-10,37.5529,37.599,37.0559,37.0651,1530359
2015-03-11,37.0283,37.1295,36.9178,36.9271,1674602
2015-03-12,37.0191,37.3504,37.0191,37.2124,2597682
2015-03-13,37.3044,37.5851,37.1295,37.5345,1813997
2015-03-16,37.5345,38.2156,37.5253,38.2064,1733516
2015-03-17,38.1604,38.2985,38.096,38.2156,1205890
2015-03-18,38.188,38.7034,38.1144,38.5746,1422570
2015-03-19,38.4733,38.6574,38.3353,38.3353,1517504
2015-03-20,38.4733,38.5562,38.1144,38.4733,4498654
2015-03-23,38.4733,38.639,38.2801,38.2801,1629217
2015-03-24,38.2709,38.3445,37.9763,38.0039,1258997
2015-03-25,38.1052,38.142,37.3412,37.3412,1521460
2015-03-26,37.194,37.2953,36.9547,37.0927,1977815
2015-03-27,37.0927,37.2032,36.9086,36.9731,1263359
2015-03-30,37.0843,37.5755,37.0194,37.3809,1338519
2015-03-31,37.3438,37.696,37.1955,37.5941,1317674
2015-04-01,37.4643,37.5292,37.0472,37.1028,1389735
2015-04-02,37.0287,37.2279,36.8572,37.1862,1547724
2015-04-06,37.1399,37.7331,37.0379,37.6126,1781706
2015-04-07,37.5941,37.6405,37.4875,37.5014,817160
2015-04-08,37.5663,37.9277,37.455,37.5292,1017280
2015-04-09,37.4736,37.7516,37.3531,37.7424,1132699
2015-04-10,37.8165,38.2707,37.7794,38.0204,1890198
2015-04-13,37.8907,38.0482,37.4736,37.5663,1111049
2015-04-14,37.4921,37.5663,37.1306,37.2789,982818
2015-04-15,37.4087,37.557,37.3067,37.3623,931584
2015-04-16,37.3345,37.3345,37.0101,37.2326,1167411
2015-04-17,37.0194,37.1214,36.4262,36.4818,2177591
2015-04-20,36.6301,37.0287,36.6023,36.8804,2531374
2015-04-21,37.0287,37.1167,36.6857,36.695,2484152
2015-04-22,36.6672,36.9545,36.3799,36.8433,1480454
2015-04-23,36.8711,37.1955,36.834,37.0657,1432283
2015-04-24,37.2048,38.2243,37.075,38.2151,2784403
2015-04-27,38.3819,38.4283,37.5384,37.6219,2131154
2015-04-28,37.4921,37.9648,37.3994,37.8629,1522475
2015-04-29,37.6497,37.7053,37.0565,37.2789,1636868
2015-04-30,37.2604,37.9092,37.1214,37.6589,2680856
2015-05-01,37.696,37.7979,37.2511,37.3067,2116307
2015-05-04,37.4087,37.8072,37.3798,37.5292,1614346
2015-05-05,37.3994,37.5941,36.8618,36.8804,1498770
2015-05-06,36.8989,37.0657,36.3242,36.5467,2380343
2015-05-07,36.4725,36.8618,36.2822,36.8433,2560099
2015-05-08,37.1399,37.3392,37.0009,37.3253,1743189
2015-05-11,37.2789,37.4736,37.0657,37.1121,2207833
2015-05-12,37.0936,37.2975,36.9452,37.2418,951049
2015-05-13,37.3067,37.5014,37.0379,37.1121,975339
2015-05-14,37.2604,37.7794,37.2604,37.7424,1618206
2015-05-15,37.8258,37.9926,37.6404,37.7609,1614294
2015-05-18,37.7331,38.0204,37.6682,37.9092,1003692
2015-05-19,37.8629,37.9648,37.6775,37.8443,982809
2015-05-20,37.7794,37.8351,37.5755,37.6497,1013787
2015-05-21,37.7053,37.8629,37.6311,37.696,841735
2015-05-22,37.6404,37.8258,37.5106,37.6219,817588
2015-05-26,37.6219,37.6219,36.8387,36.9638,1933794
2015-05-27,37.0009,37.1677,36.936,37.1492,1889267
2015-05-28,37.1584,37.2511,37.0009,37.2326,2028086
2015-05-29,37.2604,37.418,37.1214,37.3438,2711093
2015-06-01,37.4272,37.5477,37.1214,37.3716,1020367
2015-06-02,37.2233,37.3716,37.0843,37.177,962153
2015-06-03,37.2789,37.3345,37.0287,37.1677,1035694
2015-06-04,37.0009,37.2604,36.9035,37.0657,1808507
2015-06-05,36.9823,37.0936,36.6765,36.936,1672716
2015-06-08,36.8804,37.1399,36.8062,37.0379,820710
2015-06-09,37.0009,37.2418,36.9545,37.1028,1399576
2015-06-10,37.1306,37.6404,37.1028,37.5199,1675098
2015-06-11,37.5755,37.9834,37.5014,37.7053,1803439
2015-06-12,37.6682,37.798,37.3901,37.4736,1167521
2015-06-15,37.2882,37.5106,37.1214,37.2789,1595593
2015-06-16,37.2048,37.4736,37.1862,37.455,944630
2015-06-17,37.4736,37.5663,37.1862,37.4736,982373
2015-06-18,37.5663,37.7702,37.5199,37.6219,1068120
2015-06-19,37.5477,37.6311,37.3623,37.3809,1310396
2015-06-22,37.5106,37.6311,37.3901,37.4365,763155
2015-06-23,37.3994,37.4643,37.1214,37.1862,847047
2015-06-24,37.1028,37.2233,36.9174,36.9174,898699
2015-06-25,36.9545,36.9823,36.6857,36.7506,970963
2015-06-26,36.7784,37.0194,36.6579,37.0009,2032828
2015-06-29,36.8235,36.9355,36.3941,36.4408,1023756
2015-06-30,36.6928,36.7488,36.4128,36.5622,1418407
2015-07-01,36.7115,36.8515,36.5622,36.8048,1076092
2015-07-02,36.8515,36.8982,36.6182,36.8142,974914
2015-07-06,36.6275,37.0242,36.592,37.0195,1356687
2015-07-07,37.0475,37.1969,36.8095,37.1502,1413786
2015-07-08,36.9449,37.1595,36.8795,36.9449,1207002
2015-07-09,37.2622,37.3089,36.8515,36.8515,1392442
2015-07-10,37.1875,37.1969,36.9636,37.0942,836980
2015-07-13,37.3369,37.3742,37.2249,37.3182,666073
2015-07-14,37.3462,37.7196,37.3182,37.6636,1008504
2015-07-15,37.6823,37.8316,37.6076,37.7196,1152471
2015-07-16,37.8876,38.1956,37.7756,38.0276,1184236
2015-07-17,38.205,38.205,37.9903,38.0463,1055580
2015-07-20,38.0276,38.149,37.9623,38.0836,1054967
2015-07-21,38.1023,38.149,37.4862,37.7009,1177361
2015-07-22,37.6636,37.8876,37.4209,37.5516,1370386
2015-07-23,37.3929,38.0519,37.3929,37.8969,2795443
2015-07-24,38.2796,38.8584,38.2423,38.4197,2549633
2015-07-27,38.401,38.9517,38.345,38.765,2350766
2015-07-28,38.989,39.3344,38.905,39.2037,2371012
2015-07-29,39.2037,39.9878,39.1944,39.9225,2127717
2015-07-30,39.8851,39.9971,39.7064,39.9038,1727124
2015-07-31,40.0718,40.1185,39.6704,39.6985,1613960
2015-08-03,39.7358,39.8758,39.4558,39.7171,1103516
2015-08-04,39.6611,40.0158,39.5491,39.8665,1363405
2015-08-05,40.1092,40.4639,40.0065,40.3332,1544932
2015-08-06,40.3145,40.3705,39.8011,39.9505,1639677
2015-08-07,39.9505,40.0905,39.6611,39.7545,1179376
2015-08-10,40.0065,40.1185,39.8851,40.0251,976162
2015-08-11,39.7825,40.0998,39.6985,40.0718,1131416
2015-08-12,39.9225,40.0728,39.6331,40.0158,1569481
2015-08-13,39.8945,40.1278,39.7731,39.9411,1186813
2015-08-14,39.9878,40.3145,39.9878,40.2398,1161643
2015-08-17,39.9785,40.4639,39.7451,40.4639,783906
2015-08-18,40.4265,40.7999,40.4265,40.6132,1248335
2015-08-19,40.4079,40.4825,40.0018,40.0905,1626540
2015-08-20,39.8758,40.4639,39.7918,40.1092,1853914
2015-08-21,39.8011,39.9319,39.1804,39.2037,2127933
2015-08-24,36.8515,38.597,36.8515,37.4582,3894426
2015-08-25,38.0743,38.2796,36.9635,37.0195,2385411
2015-08-26,37.8783,38.2703,37.1875,38.1956,2499758
2015-08-27,38.5037,38.6437,37.9063,38.541,1549036
2015-08-28,38.4943,38.541,38.1023,38.3637,1206844
2015-08-31,38.2703,38.387,38.0743,38.2516,1442871
2015-09-01,37.6636,37.8503,37.1782,37.3556,1683442
2015-09-02,37.7663,37.8596,37.309,37.7663,1229900
2015-09-03,37.981,38.3626,37.7569,38.037,1178618
2015-09-04,37.6823,37.8316,37.3182,37.4396,1425156
2015-09-08,37.9436,38.2983,37.7756,38.233,1593976
2015-09-09,38.5503,38.6437,37.5142,37.5889,1979793
2015-09-10,37.3742,37.8409,37.3462,37.6263,1553022
2015-09-11,37.5609,37.7663,37.4116,37.7663,1383883
2015-09-14,37.7849,37.9249,37.5236,37.6916,1243785
2015-09-15,37.7569,38.0556,37.5983,38.009,1229660
2015-09-16,37.981,38.2703,37.8783,38.233,1762474
2015-09-17,38.2236,38.4943,37.8503,38.0463,1471780
2015-09-18,37.7383,38.345,37.6356,37.981,3171077
2015-09-21,38.1116,38.3543,38.065,38.317,1186279
2015-09-22,37.8689,38.093,37.5702,37.9623,1246692
2015-09-23,37.953,38.2143,37.8129,38.1676,1692117
2015-09-24,38.037,38.4103,37.8783,38.3637,2036478
2015-09-25,38.709,39.0731,38.4943,38.821,2527087
2015-09-28,38.6157,38.709,38.2796,38.4197,2315510
2015-09-29,38.3445,38.683,37.6581,37.9119,2397309
2015-09-30,38.2034,38.7676,38.1564,38.7394,1800928
2015-10-01,38.7488,39.0168,38.509,38.7488,1678708
2015-10-02,38.2692,39.0309,38.241,39.0309,1391558
2015-10-05,39.3317,39.595,39.2386,39.5762,1359140
2015-10-06,39.5198,39.7267,39.1531,39.2189,1411247
2015-10-07,39.3505,39.9429,39.3223,39.8113,1556105
2015-10-08,39.6326,40.6669,39.5339,40.6105,1958979
2015-10-09,40.5917,41.043,40.5071,40.6669,1430362
2015-10-12,40.5729,41.0172,40.5447,41.0054,919659
2015-10-13,40.8832,41.0619,40.6199,40.6575,921150
2015-10-14,40.6575,40.7139,40.178,40.2156,770078
2015-10-15,40.319,40.4695,40.1028,40.3849,1048169
2015-10-16,40.5165,40.761,40.1592,40.272,1162276
2015-10-19,40.1592,40.6848,39.8677,40.6763,1267412
2015-10-20,40.5729,40.9302,40.4977,40.7422,1128440
2015-10-21,40.9302,41.0995,40.5259,40.5541,930946
2015-10-22,40.7045,41.2405,40.7045,41.0148,1559782
2015-10-23,40.9584,41.2029,40.4601,40.8832,1842357
2015-10-26,40.9208,41.2123,40.7892,41.0336,1218260
2015-10-27,40.8268,41.1935,40.6763,40.9772,1152288
2015-10-28,40.996,41.1559,40.6387,41.0807,1276365
2015-10-29,40.902,41.5414,40.7328,41.3345,1847580
2015-10-30,41.2781,42.2184,40.9114,41.1277,3421594
2015-11-02,41.2217,41.6166,41.1559,41.3627,2262037
2015-11-03,41.1747,41.6918,41.0619,41.2875,1801841
2015-11-04,41.3063,41.4944,41.043,41.1183,1116997
2015-11-05,41.2405,41.3909,40.996,41.2029,1539137
2015-11-06,41.1371,41.4568,40.9114,41.438,1329596
2015-11-09,41.3251,41.3627,40.855,40.9772,907009
2015-11-10,40.9208,41.2499,40.808,41.1841,1258933
2015-11-11,41.3721,41.7294,41.0901,41.2311,1698043
2015-11-12,41.0242,41.2969,40.7234,40.7422,1138521
2015-11-13,40.5823,40.7422,40.2156,40.272,1119618
2015-11-16,40.2156,41.0148,40.2156,40.9866,1538998
2015-11-17,41.0242,41.0807,40.7892,40.9114,1019140
2015-11-18,40.9678,41.4756,40.808,41.4474,1084188
2015-11-19,41.5508,41.72,41.2405,41.3909,1059509
2015-11-20,41.532,41.8141,41.4474,41.7859,1010557
2015-11-23,41.7389,41.9269,41.358,41.4286,1351724
2015-11-24,41.1935,41.3815,40.8926,41.2405,1991015
2015-11-25,41.3627,41.4568,41.2029,41.3251,1175786
2015-11-27,41.3909,41.6072,41.1841,41.485,838057
2015-11-30,41.6542,41.7012,41.2969,41.3063,3652879
2015-12-01,41.5414,41.8282,41.2969,41.6636,1881483
2015-12-02,41.6072,41.7859,41.4568,41.5226,1701540
2015-12-03,41.5602,41.7294,40.7234,40.9678,2350310
2015-12-04,41.0901,41.7812,40.8832,41.6636,2753072
2015-12-07,41.5414,41.6636,41.0619,41.3157,1781548
2015-12-08,41.1277,41.8047,41.0148,41.6354,2269749
2015-12-09,41.4286,41.8611,41.0901,41.3345,1919117
2015-12-10,41.4004,41.8282,41.1559,41.5038,1609024
2015-12-11,41.1653,41.2404,40.4413,40.6387,2112314
2015-12-14,40.6293,40.7892,40.178,40.4977,2776561
2015-12-15,40.7139,41.2875,40.5917,41.0148,2128808
2015-12-16,41.2875,41.7247,40.9678,41.6542,1241724
2015-12-17,41.7859,41.8517,41.2217,41.2217,1643688
2015-12-18,41.1653,41.2781,40.8644,40.9772,2259267
2015-12-21,41.1465,41.5226,40.9772,41.2311,968586
2015-12-22,41.2593,41.8091,40.949,41.6354,1412159
2015-12-23,41.7577,41.9927,41.7106,41.8329,963689
2015-12-24,41.8329,41.9081,41.3815,41.7577,585156
2015-12-28,41.6918,42.2701,41.6918,42.1714,810249
2015-12-29,42.3782,42.6415,42.3406,42.5475,1001379
2015-12-30,42.4623,42.6232,42.1405,42.1594,722540
2015-12-31,42.0458,42.1878,41.6388,41.6388,929002
2016-01-04,41.0993,41.1371,40.6165,40.8342,1920177
2016-01-05,40.8058,41.5536,40.7017,41.4968,2096466
2016-01-06,41.033,41.7051,40.8626,41.6388,2346342
2016-01-07,41.0046,42.0553,40.9952,41.7903,3022603
2016-01-08,41.9322,42.1121,41.5725,41.7713,3167331
2016-01-11,41.8187,42.2446,41.7619,42.1215,2466668
2016-01-12,42.396,42.4812,41.8565,42.273,2310186
2016-01-13,42.2825,42.4055,41.298,41.4779,2212367
2016-01-14,41.582,42.1026,41.3264,41.9417,2299050
2016-01-15,41.1561,41.3643,40.6732,40.9573,2628739
2016-01-19,41.44,42.1026,41.1466,41.4116,2269281
2016-01-20,40.891,41.2507,39.5848,40.3799,3313030
2016-01-21,40.5313,40.7774,39.7836,39.9445,3289160
2016-01-22,40.3799,40.8248,40.2758,40.6355,3710702
2016-01-25,40.6639,40.7017,40.0486,40.1433,1841449
2016-01-26,40.2095,40.4225,40.0959,40.2758,1926975
2016-01-27,40.3136,40.3988,39.67,39.9634,2302244
2016-01-28,40.1527,40.6828,39.9539,40.4178,1903837
2016-01-29,40.7017,41.4069,40.6165,41.3643,2791951
2016-02-01,41.1466,41.6577,40.9573,41.5063,1370476
2016-02-02,41.1561,41.5063,40.9857,41.298,2241261
2016-02-03,41.5252,41.8092,41.0141,41.6861,1736669
2016-02-04,41.5631,41.9606,41.5063,41.7713,1324695
2016-02-05,41.7713,41.9038,40.9857,41.2507,1723557
2016-02-08,40.9573,41.2507,40.2852,41.0993,1751472
2016-02-09,40.768,41.8376,40.768,41.4968,2364170
2016-02-10,41.5347,42.3866,41.317,41.9228,1625012
2016-02-11,41.2318,41.7903,41.1845,41.4779,2922984
2016-02-12,41.6483,42.4055,40.9857,41.8376,2505546
2016-02-16,42.3677,43.0208,41.8944,43.0018,2611118
2016-02-17,43.0776,43.173,42.6895,42.8125,2397104
2016-02-18,42.8693,43.2811,42.5854,43.1817,1783656
2016-02-19,43.2101,43.4562,42.9924,43.2385,2032279
2016-02-22,43.4089,43.7401,43.3521,43.5887,1432468
2016-02-23,43.5698,43.8348,43.3899,43.5035,967278
2016-02-24,43.1912,43.5698,42.8883,43.5414,1201348
2016-02-25,43.655,43.778,43.2669,43.7591,1560554
2016-02-26,44.0146,44.1282,43.6644,43.7401,1602177
2016-02-29,43.7023,43.8064,43.2574,43.2574,1824570
2016-03-01,43.5508,44.2513,43.5414,44.0998,1531550
2016-03-02,44.1188,44.5542,43.9388,44.5447,1642788
2016-03-03,44.3649,44.7246,43.9295,44.6867,1741903
2016-03-04,44.6867,44.7246,44.2418,44.5731,2240787
2016-03-07,44.3459,44.4879,44.1472,44.4027,1253565
2016-03-08,44.2418,44.5258,43.7496,44.1377,1493216
2016-03-09,44.3743,44.8287,44.2986,44.4879,1566921
2016-03-10,44.6204,44.7814,43.9815,44.4217,1180508
2016-03-11,44.8381,44.9707,44.6015,44.7719,1261120
2016-03-14,44.5636,44.8381,44.3554,44.4974,1486822
2016-03-15,44.185,45.0369,44.185,44.9139,1503287
2016-03-16,44.9233,45.4629,44.6963,45.302,1184335
2016-03-17,45.3114,45.5007,45.1694,45.425,1587067
2016-03-18,45.4818,45.6711,45.2168,45.6143,4448422
2016-03-21,45.6143,45.69,45.4345,45.5954,895812
2016-03-22,45.3209,45.5954,44.9801,45.0653,1553669
2016-03-23,45.0085,45.3777,44.9612,45.3209,1317671
2016-03-24,45.283,45.5575,45.283,45.5481,1487364
2016-03-28,45.69,45.8888,45.5007,45.7279,1100574
2016-03-29,45.69,46.1539,45.5575,46.116,1231120
2016-03-30,46.2113,46.3827,45.9636,46.0493,1091914
2016-03-31,46.0779,46.1541,45.3446,45.3826,2981407
2016-04-01,45.2493,45.9922,45.1541,45.9446,1577647
2016-04-04,44.8112,44.9636,43.9826,44.0683,4409605
2016-04-05,43.8016,44.3064,43.5254,44.3064,2874404
2016-04-06,44.3445,44.6874,43.7826,44.0683,1664073
2016-04-07,43.9921,44.2207,43.9064,44.0397,1326142
2016-04-08,44.2683,44.5064,44.0897,44.1826,1047959
2016-04-11,44.3921,44.535,43.6874,43.7159,1256480
2016-04-12,43.754,43.8588,43.6016,43.7445,1695845
2016-04-13,43.8588,44.0016,43.5445,43.8207,1789161
2016-04-14,43.8302,44.1159,43.6778,43.754,1490336
2016-04-15,43.9921,44.2017,43.8397,43.954,1034565
2016-04-18,43.8207,44.3398,43.735,44.2683,1436487
2016-04-19,44.3445,44.5636,44.2207,44.2398,1270224
2016-04-20,44.354,44.5731,43.9636,43.9826,829848
2016-04-21,43.8493,44.0778,43.4397,43.4492,1808949
2016-04-22,43.4969,43.7664,43.3921,43.5635,1324504
2016-04-25,43.4492,43.6397,43.3921,43.5826,986644
2016-04-26,43.7064,43.9826,43.7064,43.9159,1103161
2016-04-27,43.9255,44.315,43.8683,44.2778,1313753
2016-04-28,44.0302,45.0588,44.0302,45.0017,2753135
2016-04-29,45.0493,45.2588,44.5255,44.8302,2905629
2016-05-02,44.8493,45.3541,44.8112,45.2969,2205705
2016-05-03,45.2017,45.2303,44.5636,44.8969,2164642
2016-05-04,44.6207,45.3731,44.5636,45.316,1521666
2016-05-05,45.2207,45.5922,44.9826,45.1826,1129966
2016-05-06,45.1445,45.7065,44.7636,45.6779,1120456
2016-05-09,45.6874,46.1541,45.4207,46.0779,1387819
2016-05-10,46.0589,46.3922,45.916,46.3922,1098899
2016-05-11,46.3922,46.4684,46.0493,46.297,1025412
2016-05-12,46.3065,46.6208,46.2494,46.516,777647
2016-05-13,46.4684,46.6303,46.0589,46.1541,944330
2016-05-16,46.097,46.4684,45.8208,46.297,966628
2016-05-17,46.316,46.3446,45.2207,45.3065,1809331
2016-05-18,45.2874,45.8589,45.0874,45.4017,1427346
2016-05-19,45.2112,45.5112,45.0207,45.4303,867650
2016-05-20,45.6398,45.8303,45.2969,45.4207,1354613
2016-05-23,45.5255,45.5255,45.2636,45.4017,1157953
2016-05-24,45.5065,45.9922,45.5065,45.9541,893617
2016-05-25,46.097,46.1922,45.4969,45.5731,1511189
2016-05-26,45.4969,45.9255,45.4684,45.916,1073247
2016-05-27,45.9541,46.2208,45.8874,46.0398,696398
2016-05-31,46.097,46.2303,45.7541,45.9827,3231108
2016-06-01,45.9255,46.1541,45.6684,46.116,919230
2016-06-02,46.097,46.3922,46.0017,46.3636,1065233
2016-06-03,46.2208,46.5541,46.1255,46.4875,810530
2016-06-06,46.5065,46.7541,46.5065,46.697,877190
2016-06-07,46.697,46.9446,46.6589,46.8113,756141
2016-06-08,46.8684,47.1541,46.8018,47.1065,801931
2016-06-09,46.897,47.4399,46.7637,47.4303,724496
2016-06-10,47.4018,47.5542,47.0208,47.2113,1284731
2016-06-13,47.1732,47.4208,47.078,47.1922,1183514
2016-06-14,47.1065,47.2256,46.8303,47.1637,1056287
2016-06-15,47.1732,47.3542,46.9684,46.9922,1027131
2016-06-16,46.8208,47.6208,46.7732,47.5542,1042484
2016-06-17,47.6208,47.6208,46.8208,46.9065,2153280
2016-06-20,47.078,47.2208,46.9351,47.097,1494610
2016-06-21,47.1065,47.5256,47.0875,47.3065,1136663
2016-06-22,47.4494,47.6256,47.2303,47.3161,1116589
2016-06-23,47.6304,47.9732,47.3446,47.478,972361
2016-06-24,46.4208,47.5494,46.3541,47.3161,3089869
2016-06-27,47.1256,47.3732,46.7732,47.0399,2373947
2016-06-28,47.1827,47.4399,46.8875,47.4113,1661494
2016-06-29,47.6988,48.1875,47.6605,48.1395,1401000
2016-06-30,48.312,49.1648,48.1875,49.1648,1349638
2016-07-01,49.0977,49.5098,49.0115,49.4044,1319903
2016-07-05,49.2223,49.9649,49.0882,49.5673,2112790
2016-07-06,49.6918,50.3146,49.2606,50.1134,2049408
2016-07-07,50.1805,50.3434,49.8451,49.9122,1860958
2016-07-08,49.8451,50.4584,49.7781,50.3626,1114331
2016-07-11,50.3913,50.5542,50.2955,50.4105,1328169
2016-07-12,50.535,50.7075,50.0463,50.0847,1114233
2016-07-13,50.1901,50.5734,50.0272,50.2763,973319
2016-07-14,50.5542,50.6979,50.1997,50.2667,951438
2016-07-15,50.4296,50.4775,49.9314,50.1613,1146862
2016-07-18,50.2476,50.4488,49.8835,49.9505,799062
2016-07-19,49.9889,50.2092,49.9601,50.1134,1181213
2016-07-20,50.0847,50.2092,50.0272,50.1709,718868
2016-07-21,50.1517,50.238,49.7924,49.8643,872070
2016-07-22,49.9122,50.2284,49.8547,50.1997,792381
2016-07-25,50.1613,50.238,49.9026,50.2284,649238
2016-07-26,50.3913,50.4967,49.9026,50.123,899860
2016-07-27,50.2092,50.3242,49.4906,49.5289,1946819
2016-07-28,49.481,49.826,49.4571,49.7301,759039
2016-07-29,49.5864,49.8164,48.9061,49.1169,1852349
2016-08-01,49.1456,49.4571,49.0019,49.069,1350439
2016-08-02,48.954,49.069,48.5899,48.8486,1414702
2016-08-03,48.8007,48.8582,48.3983,48.6474,1803430
2016-08-04,48.7336,48.8774,48.657,48.724,853095
2016-08-05,48.9061,49.0594,48.7528,48.9732,1252026
2016-08-08,49.0594,49.1169,48.6666,48.7336,1672855
2016-08-09,48.8582,49.0307,48.8294,48.8869,651586
2016-08-10,48.9061,49.3852,48.8841,49.366,855829
2016-08-11,49.5193,49.8451,49.4906,49.6439,923043
2016-08-12,49.6439,49.8164,49.3996,49.5481,826183
2016-08-15,49.481,49.6535,49.1552,49.184,707704
2016-08-16,48.9828,48.9828,47.9862,48.0054,1474485
2016-08-17,48.1395,49.1744,48.0822,49.0786,2318665
2016-08-18,49.0402,49.0882,48.5132,48.9636,1079099
2016-08-19,48.8486,49.0594,48.724,49.0594,1161839
2016-08-22,49.0594,49.3181,48.9253,49.1456,1129009
2016-08-23,49.1456,49.2894,49.0019,49.1361,919151
2016-08-24,49.0498,49.2127,48.9253,49.1265,877536
2016-08-25,49.0307,49.2367,48.9253,48.9923,1078393
2016-08-26,49.1361,49.2894,48.3312,48.4462,1519311
2016-08-29,48.5899,48.8774,48.5516,48.5995,1342421
2016-08-30,48.7145,48.7528,48.2449,48.4845,747794
2016-08-31,48.427,48.5516,48.13,48.4078,1237971
2016-09-01,48.4941,48.5995,48.2402,48.5995,623595
2016-09-02,48.7911,49.1361,48.7767,48.9444,836525
2016-09-06,48.7911,49.3469,48.7528,49.069,1205399
2016-09-07,48.8965,48.9923,48.5132,48.6474,1012203
2016-09-08,48.4653,48.8294,48.3887,48.7049,1040361
2016-09-09,48.3024,48.4078,47.4305,47.4496,1477039
2016-09-12,47.4305,48.2833,47.3538,48.1683,1522001
2016-09-13,47.8329,48.4078,47.8233,47.8713,2010304
2016-09-14,47.8617,48.13,47.6509,47.7179,1276299
2016-09-15,47.7084,48.2641,47.6413,48.1395,1192366
2016-09-16,47.9671,48.2162,47.6892,48.1587,2158953
2016-09-19,48.0821,48.7432,48.0821,48.5899,1617200
2016-09-20,48.8678,49.2319,48.5851,48.6378,1585787
2016-09-21,48.7528,49.2511,48.6139,49.184,1433337
2016-09-22,49.3469,49.4283,48.9061,49.069,1456367
2016-09-23,48.8869,49.0211,48.5659,48.657,1297999
2016-09-26,48.4941,48.8774,48.4653,48.657,939125
2016-09-27,48.7911,49.0498,48.5899,48.6474,1118848
2016-09-28,48.7145,48.8199,48.1204,48.4749,1156950
2016-09-29,48.3495,48.5231,48.2049,48.282,1318026
2016-09-30,48.4267,48.822,48.4267,48.6485,1523463
2016-10-03,48.6774,48.8606,48.4074,48.6003,1146814
2016-10-04,48.6485,48.7353,47.9879,48.1374,1315850
2016-10-05,48.2049,48.4749,47.9252,48.0699,1534011
2016-10-06,47.9252,48.0795,47.6552,47.9445,1775232
2016-10-07,47.9638,48.0699,47.4787,47.7227,1296354
2016-10-10,47.7613,48.1953,47.7613,48.1085,1056745
2016-10-11,48.041,48.1953,47.6167,47.8288,1226042
2016-10-12,47.877,48.0699,47.742,47.9156,1334561
2016-10-13,47.6456,48.0217,47.4238,47.8578,1463518
2016-10-14,48.0024,48.5713,48.0024,48.041,1261960
2016-10-17,48.041,48.446,48.041,48.3592,846389
2016-10-18,48.5231,48.8413,48.3592,48.446,696301
2016-10-19,48.5328,48.6774,48.1374,48.3785,713089
2016-10-20,48.3013,48.4267,48.0072,48.1953,1115353
2016-10-21,47.9252,48.1857,47.6745,48.147,856677
2016-10-24,48.3688,48.7738,48.3592,48.7449,888545
2016-10-25,48.6485,49.497,48.6485,49.1306,1806783
2016-10-26,49.2463,49.7767,48.9474,49.4585,1519495
2016-10-27,49.4392,49.7285,48.9378,49.1499,1644142
2016-10-28,50.0467,50.4035,49.391,50.1238,3055387
2016-10-31,50.2781,50.8856,50.2781,50.7506,2012955
2016-11-01,50.4324,50.5095,49.3235,49.4585,2367500
2016-11-02,49.5067,49.7574,49.2656,49.3235,1221104
2016-11-03,49.3524,49.5358,49.0728,49.2078,1277711
2016-11-04,49.3524,49.7092,49.3235,49.4006,1855619
2016-11-07,49.9117,50.1576,49.8153,50.1528,1363270
2016-11-08,50.172,50.471,50.066,50.3745,1321958
2016-11-09,49.8924,51.0398,49.7478,50.876,1548611
2016-11-10,50.9146,51.1556,50.4131,51.011,1788948
2016-11-11,50.9917,51.8258,50.9483,51.7535,1661623
2016-11-14,51.7342,52.3417,51.3967,52.1681,1660201
2016-11-15,52.3513,52.9588,52.2067,52.9492,1732087
2016-11-16,52.9974,53.3349,52.4285,52.6213,2083777
2016-11-17,52.5346,52.7853,52.4381,52.7178,1238364
2016-11-18,52.6985,52.9685,52.5292,52.6599,1396644
2016-11-21,53.0456,53.4024,52.8624,53.3735,1361969
2016-11-22,53.5567,53.7014,53.2964,53.4506,1512384
2016-11-23,53.4024,53.6724,53.0746,53.2096,1493419
2016-11-25,53.3542,53.7689,53.3542,53.6435,471851
2016-11-28,53.6049,53.9328,53.4506,53.8653,1236720
2016-11-29,53.846,54.0196,53.6821,53.9039,1125693
2016-11-30,53.8364,53.8364,53.4892,53.5085,1317950
2016-12-01,53.5085,53.7206,53.2578,53.4892,1007045
2016-12-02,53.7206,53.9039,53.5374,53.8171,1033702
2016-12-05,53.8653,53.9906,53.1035,53.306,1535855
2016-12-06,53.4314,53.7496,53.159,53.7303,1268830
2016-12-07,53.7496,54.2799,53.5567,54.2799,1274201
2016-12-08,54.2896,54.6753,54.198,54.4246,1593008
2016-12-09,54.3667,54.6753,54.0099,54.5017,1413071
2016-12-12,54.4342,55.0417,54.386,54.8874,1293020
2016-12-13,55.0417,55.3116,54.656,55.0128,1412864
2016-12-14,55.0803,55.196,54.4342,54.4921,1265613
2016-12-15,54.3667,54.8006,54.2317,54.6271,1073866
2016-12-16,54.7621,54.9646,54.4728,54.5692,2404252
2016-12-19,54.8392,55.4949,54.8392,55.3599,978476
2016-12-20,55.4371,55.9289,55.3021,55.4467,1196639
2016-12-21,55.4467,55.6685,55.2442,55.2442,786595
2016-12-22,55.2153,55.3985,55.0803,55.2731,942220
2016-12-23,55.2635,55.4274,55.0803,55.3117,662489
2016-12-27,55.4274,55.5046,55.2442,55.3599,543369
2016-12-28,55.3696,55.4949,55.2249,55.2731,598174
2016-12-29,55.341,55.4962,55.3216,55.4186,632365
2016-12-30,55.5835,55.7386,55.1859,55.3216,693575
2017-01-03,55.3798,55.4671,54.8659,55.1471,1174706
2017-01-04,55.3604,55.6707,55.2344,55.2441,1348602
2017-01-05,55.2635,55.8017,55.2247,55.4768,1113141
2017-01-06,55.3701,55.5738,55.2053,55.3023,1147549
2017-01-09,55.341,55.4768,54.6962,54.7107,1374947
2017-01-10,54.5362,55.021,54.4683,54.9726,1210824
2017-01-11,54.9047,55.3313,54.8077,55.1859,1261200
2017-01-12,55.1859,55.3992,54.9338,55.3701,1081875
2017-01-13,55.4186,55.7386,55.3507,55.5059,962729
2017-01-17,55.3798,55.4962,55.1083,55.1859,877449
2017-01-18,55.2053,55.6417,55.1568,55.6223,943854
2017-01-19,55.2635,55.7192,55.2635,55.5738,1239418
2017-01-20,55.6901,55.8453,55.4283,55.6223,985396
2017-01-23,55.6707,55.8065,55.2829,55.5059,1278509
2017-01-24,55.5253,55.8453,55.4089,55.7968,968096
2017-01-25,55.855,56.3204,55.8065,56.0683,2194621
2017-01-26,56.1556,56.3204,55.8356,55.9035,1181846
2017-01-27,56.0974,56.2138,55.7192,55.7677,917999
2017-01-30,55.855,55.855,55.6029,55.7095,748542
2017-01-31,55.7386,56.0295,55.5544,55.6417,994829
2017-02-01,55.632,55.9132,55.1083,55.1762,1877204
2017-02-02,55.2635,55.6707,55.1956,55.6126,1638952
2017-02-03,55.8647,56.1459,55.6998,55.8356,1736757
2017-02-06,55.9229,56.0101,55.5738,55.6223,903658
2017-02-07,55.661,56.1653,55.632,55.9035,1134901
2017-02-08,55.855,56.0392,55.7871,55.9907,1260289
2017-02-09,56.0295,56.2235,55.9035,56.1071,957521
2017-02-10,56.0295,56.5823,55.9907,56.2041,1154917
2017-02-13,56.3204,56.8635,56.3204,56.718,1114384
2017-02-14,56.4465,56.8053,56.3883,56.6598,989429
2017-02-15,56.3301,57.3968,56.3011,57.3192,1299787
2017-02-16,57.135,57.3289,56.9023,57.2611,1923111
2017-02-17,57.4259,58.9436,56.8247,58.9096,2822494
2017-02-21,58.6671,59.6659,58.638,59.3653,1821657
2017-02-22,59.4914,59.8502,59.3411,59.8114,1402102
2017-02-23,59.9665,60.1023,59.3944,59.7047,1337847
2017-02-24,59.6853,59.7726,59.3071,59.4914,1992917
2017-02-27,59.5205,59.9277,59.5205,59.8793,980862
2017-02-28,59.8211,60.1217,59.7823,60.0732,1314944
2017-03-01,60.2671,60.4514,59.7532,60.3156,1396059
2017-03-02,60.1605,60.4999,59.9859,60.3447,1184806
2017-03-03,60.3641,60.3641,59.9762,60.1314,1322646
2017-03-06,59.8696,60.2381,59.8308,60.0538,1429456
2017-03-07,59.8987,60.3544,59.792,60.1993,1011372
2017-03-08,60.0635,60.4708,59.9374,60.2284,956312
2017-03-09,60.2477,60.4708,60.1314,60.4126,1526022
2017-03-10,60.6744,60.9071,60.4417,60.8684,1080436
2017-03-13,60.752,61.0817,60.5968,61.0817,1016560
2017-03-14,61.0041,61.0914,60.7665,60.9653,953317
2017-03-15,60.9556,61.8381,60.8102,61.7605,1429979
2017-03-16,61.6344,61.9059,60.9847,61.1496,1418492
2017-03-17,61.2756,61.6781,61.1884,61.4502,1771745
2017-03-20,61.392,61.5375,61.3047,61.3047,777182
2017-03-21,61.5665,61.5859,60.5241,60.6841,1725818
2017-03-22,60.8684,61.064,60.7423,60.849,1385023
2017-03-23,60.8005,61.1787,60.6938,60.7326,1544775
2017-03-24,60.8296,60.9362,60.4708,60.5968,1443173
2017-03-27,60.335,60.4223,60.0344,60.2187,1192751
2017-03-28,60.0538,60.6162,60.0538,60.529,1146659
2017-03-29,60.3156,60.5774,60.1993,60.432,1348314
2017-03-30,60.4612,61.2605,60.4612,61.2313,965964
2017-03-31,61.0948,61.4262,61.0656,61.2215,904093
2017-04-03,61.2995,61.4067,60.8609,60.8999,1175311
2017-04-04,60.9681,61.2751,60.9291,61.0266,816341
2017-04-05,61.0851,61.5042,61.0266,61.1046,1275217
2017-04-06,61.0461,61.163,60.6367,61.0461,1027122
2017-04-07,61.163,61.4652,61.0777,61.2313,1500877
2017-04-10,61.1435,61.3092,60.9876,61.0753,1069214
2017-04-11,61.0753,61.2995,60.8901,61.2995,830174
2017-04-12,61.0363,61.1046,60.549,60.9291,900732
2017-04-13,60.8414,61.0168,60.5977,60.6172,1291469
2017-04-17,60.7926,61.202,60.7634,61.1825,997708
2017-04-18,60.9778,61.3287,60.9486,61.2703,743817
2017-04-19,61.3775,61.4944,61.2459,61.4554,856068
2017-04-20,61.6017,61.6212,61.397,61.4165,1280593
2017-04-21,61.4554,61.9428,61.4457,61.7771,1291735
2017-04-24,62.3327,62.4302,62.0695,62.4009,1325737
2017-04-25,62.4204,62.4886,62.2157,62.2742,1450100
2017-04-26,62.2352,62.3912,61.5432,61.6309,1684956
2017-04-27,61.8746,62.2645,61.5822,61.7381,1533848
2017-04-28,61.2508,61.9428,60.9973,61.397,1553802
2017-05-01,61.6114,61.7479,61.2605,61.6991,1262992
2017-05-02,61.8746,61.972,61.5822,61.7284,1018583
2017-05-03,61.4944,61.6894,61.3385,61.4067,1237896
2017-05-04,61.6406,61.7771,61.4067,61.5042,2023744
2017-05-05,61.6699,61.8453,61.5432,61.6309,1556640
2017-05-08,61.7089,61.8914,61.5041,61.5724,1186865
2017-05-09,61.5237,61.8063,61.2508,61.4165,976488
2017-05-10,61.358,62.1183,61.2761,62.0013,1577884
2017-05-11,61.9623,62.0403,61.5237,61.7381,794630
2017-05-12,61.6894,61.8746,61.0071,61.0948,1206384
2017-05-15,61.0753,61.3677,60.9194,61.2995,1610907
2017-05-16,61.2995,61.4944,60.51,60.6075,1091225
2017-05-17,60.2566,60.4418,59.6717,59.701,2063965
2017-05-18,59.7984,60.432,59.467,60.1104,1485228
2017-05-19,60.1104,60.1347,59.6522,59.8277,1499129
2017-05-22,59.9349,60.4125,59.9154,60.3248,1053325
2017-05-23,60.432,60.8219,60.2273,60.7829,1660386
2017-05-24,60.9194,61.0071,60.7439,60.8316,917920
2017-05-25,60.9583,61.2946,60.8706,61.2508,1190764
2017-05-26,61.2215,61.6309,61.124,61.4749,948896
2017-05-30,61.4165,61.4554,61.124,61.2897,1592186
2017-05-31,61.4067,62.0208,61.3287,62.0013,2070188
2017-06-01,62.1865,62.8006,61.9038,62.8006,1466658
2017-06-02,62.82,63.2148,62.7226,63.0442,976757
2017-06-05,62.8688,63.1125,62.5471,62.5764,926288
2017-06-06,62.5276,62.7226,62.3034,62.3814,922327
2017-06-07,62.3619,62.6251,62.1865,62.4886,1050449
2017-06-08,62.5276,62.7323,61.8356,62.089,1056283
2017-06-09,62.0403,62.4009,61.9233,62.3229,968516
2017-06-12,62.3229,62.5666,62.2255,62.5471,602115
2017-06-13,62.4789,62.9419,62.4789,62.7518,613117
2017-06-14,62.8006,62.859,62.3229,62.5276,1208707
2017-06-15,62.284,63.2343,62.284,63.2197,1264920
2017-06-16,63.2197,63.3951,62.7908,63.1709,1407535
2017-06-19,63.2587,63.6875,62.9078,63.4634,897934
2017-06-20,63.4731,63.6583,62.898,62.937,584720
2017-06-21,62.9565,63.1514,62.3619,62.4594,832990
2017-06-22,62.4594,62.6154,62.1183,62.2742,672748
2017-06-23,62.284,62.4497,62.0793,62.4204,1347972
2017-06-26,62.5569,62.6446,62.2352,62.4399,940562
2017-06-27,62.3327,62.6251,62.2645,62.3619,777540
2017-06-28,62.6251,62.9565,62.5666,62.6056,577393
2017-06-29,62.6546,62.7427,61.4791,61.9395,1340040
2017-06-30,62.3019,62.6791,62.2236,62.4293,1055352
2017-07-03,62.5272,62.8701,62.4293,62.4881,601253
2017-07-05,62.5468,62.8015,62.2725,62.6644,812856
2017-07-06,62.5762,62.5762,62.155,62.2823,1091625
2017-07-07,62.4097,62.9289,62.3558,62.7819,638272
2017-07-10,62.8799,63.1934,62.7721,63.0268,762535
2017-07-11,63.0954,63.3207,62.8064,62.9289,702620
2017-07-12,63.2423,63.4687,63.017,63.115,660089
2017-07-13,63.1738,63.3501,62.6546,62.9974,824960
2017-07-14,63.017,63.2717,62.8897,63.1346,646495
2017-07-17,63.1052,63.3697,62.9093,63.3207,663443
2017-07-18,63.3501,63.6734,63.0758,63.5068,627516
2017-07-19,63.6048,63.6342,63.2619,63.4089,849274
2017-07-20,63.4089,63.6048,63.3501,63.4578,608402
2017-07-21,63.3011,63.6636,63.3011,63.5754,825886
2017-07-24,63.5754,63.6636,63.164,63.1934,720466
2017-07-25,63.3697,63.928,63.2032,63.6538,906540
2017-07-26,63.8595,63.9183,63.2129,63.4774,900576
2017-07-27,63.4774,64.1338,63.3305,64.0652,1127907
2017-07-28,64.2023,64.2023,62.4832,62.9876,1601140
2017-07-31,63.164,63.1836,62.8407,62.9093,991509
2017-08-01,63.4676,63.6538,63.1248,63.4089,590422
2017-08-02,63.2032,63.3403,62.8799,63.2423,799044
2017-08-03,63.1444,63.6244,63.1444,63.4676,705271
2017-08-04,63.4676,63.6538,63.1248,63.4089,590422
2017-08-07,63.4774,63.5754,63.2717,63.3795,671098
2017-08-08,63.3305,63.497,63.0856,63.1248,739689
2017-08-09,63.1934,63.3991,62.9583,63.066,517069
2017-08-10,62.8897,63.1444,62.7329,62.7721,883601
2017-08-11,62.9191,63.1738,62.6742,62.6742,634208
2017-08-14,62.8799,63.3403,62.8246,63.2815,628509
2017-08-15,63.2717,63.4481,63.2032,63.2423,495129
2017-08-16,63.2717,63.6489,63.2717,63.3305,526243
2017-08-17,63.2521,63.4578,62.7721,62.8211,815634
2017-08-18,62.8211,63.066,62.5664,62.586,881280
2017-08-21,62.5958,63.0268,62.3117,62.8407,1027865
2017-08-22,63.0464,63.5362,62.8995,63.5264,824303
2017-08-23,63.2325,63.497,63.0562,63.0562,547989
2017-08-24,63.1444,63.3795,62.8015,62.8505,890137
2017-08-25,62.9583,63.2619,62.7917,63.0562,1045760
2017-08-28,63.1738,63.3207,62.7427,63.0758,558445
2017-08-29,62.9974,63.6832,62.9387,63.5558,774044
2017-08-30,63.5068,63.7615,63.3942,63.7517,732066
2017-08-31,63.8693,64.0554,63.595,63.9085,980255
2017-09-01,63.977,64.1436,63.7517,63.8595,792537
2017-09-05,63.8595,64.0848,63.1934,63.3109,980197
2017-09-06,63.4089,63.5754,63.1542,63.1542,838032
2017-09-07,63.1836,63.595,63.1836,63.2913,785007
2017-09-08,63.1836,64.2415,63.115,64.124,909469
2017-09-11,64.3101,64.9272,64.1338,64.9272,1196732
2017-09-12,65.0154,65.4464,64.986,65.368,889537
2017-09-13,65.3387,65.3974,64.937,64.9762,991438
2017-09-14,64.8783,65.5076,64.8783,65.4758,895702
2017-09-15,65.4366,65.564,64.8978,65.5248,1071626
2017-09-18,65.5836,65.5836,65.3093,65.5738,753044
2017-09-19,65.4464,65.6129,65.2603,65.4954,929710
2017-09-20,65.4954,65.8089,65.2211,65.2309,1108567
2017-09-21,65.1427,65.1721,64.4668,64.7999,1546175
2017-09-22,64.8293,65.0154,64.7705,64.9076,885594
2017-09-25,64.9174,65.2407,64.7803,65.1819,724000
2017-09-26,65.2309,65.2995,64.9762,65.0644,693864
2017-09-27,65.1623,65.3289,64.9566,65.2309,746275
2017-09-28,65.1036,65.2309,64.7117,64.9958,921444
2017-09-29,65.0106,65.2469,64.9318,65.05,1048084
2017-10-02,65.1288,65.5522,64.9121,65.5522,999682
2017-10-03,65.4833,65.6408,65.2765,65.5325,1233938
2017-10-04,64.0259,64.4592,61.505,62.342,3957701
2017-10-05,62.3026,63.0313,62.3026,62.7261,2021806
2017-10-06,62.3519,62.5882,62.0762,62.214,1310948
2017-10-09,62.2239,62.7507,62.2239,62.6473,949225
2017-10-10,62.8442,62.9722,62.2977,62.411,1037776
2017-10-11,62.5193,62.6276,62.2485,62.3519,1510620
2017-10-12,62.2239,62.9132,62.2239,62.6965,1439773
2017-10-13,62.8048,63.0067,62.2632,62.3617,1126371
2017-10-16,62.2731,62.3519,61.7315,61.8004,1531225
2017-10-17,61.7906,62.2682,61.7167,62.0269,1250492
2017-10-18,62.1352,62.3863,62.0466,62.0663,1057168
2017-10-19,62.0269,62.7162,61.9678,62.6768,1055278
2017-10-20,62.9132,63.376,62.7261,63.2086,1293230
2017-10-23,63.051,63.3563,63.0116,63.1593,684844
2017-10-24,63.0806,63.376,62.9132,62.9329,750775
2017-10-25,62.7851,63.179,62.667,62.8048,804623
2017-10-26,63.1101,64.4985,63.1003,64.3705,1460402
2017-10-27,64.3114,64.6955,64.144,64.3804,957056
2017-10-30,64.4296,64.922,63.8486,64.4985,2358931
2017-10-31,64.4099,64.597,63.7502,64.0751,1231260
2017-11-01,64.1933,64.2918,63.2184,63.5631,1353831
2017-11-02,63.5631,64.2031,63.3661,63.8092,1381063
2017-11-03,63.0609,63.8388,62.5882,62.923,2170110
2017-11-06,62.923,63.1003,62.4799,62.5784,1492022
2017-11-07,62.4799,63.2086,62.4011,63.1593,1768039
2017-11-08,63.051,63.2578,62.8541,62.9033,844438
2017-11-09,62.5882,62.8935,62.2436,62.795,1067726
2017-11-10,62.7064,62.7753,62.3814,62.4799,835087
2017-11-13,62.4996,62.9427,62.4602,62.9329,768873
2017-11-14,62.7162,63.1003,62.6473,62.9427,1192389
2017-11-15,62.9722,63.0018,62.1648,62.1746,1266857
2017-11-16,62.1746,62.4897,62.1155,62.2731,1258184
2017-11-17,62.0269,62.1549,61.4853,61.4853,918701
2017-11-20,61.4853,61.7315,61.1013,61.702,1244762
2017-11-21,61.7807,62.0663,61.2884,62.0368,1611987
2017-11-22,61.9383,62.0565,61.2293,61.3967,1057714
2017-11-24,61.4952,61.5936,61.2785,61.377,602581
2017-11-27,61.5444,61.8989,61.4853,61.6921,1113970
2017-11-28,61.9186,62.534,61.7709,62.5291,1048012
2017-11-29,62.539,63.5138,62.3617,63.3267,1180609
2017-11-30,63.4843,64.2622,63.1987,63.9471,2539039
2017-12-01,64.1047,64.2721,62.6867,63.2381,1163570
2017-12-04,63.8782,64.7841,63.5631,64.0357,1714992
2017-12-05,64.2425,64.5182,63.9077,64.085,1296611
2017-12-06,64.2327,64.4788,63.9865,64.2819,1201661
2017-12-07,64.1933,64.3508,63.8782,64.2425,789893
2017-12-08,64.4001,64.4001,64.016,64.144,1066261
2017-12-11,64.3016,64.3804,64.0357,64.2524,870983
2017-12-12,64.2918,64.4395,63.7994,63.8092,1369330
2017-12-13,63.6911,64.4395,63.504,64.144,1475784
2017-12-14,64.144,64.4493,63.6911,63.8585,1317475
2017-12-15,64.1687,65.3749,64.0948,65.0795,3176488
2017-12-18,65.4636,65.6359,65.0894,65.4242,1435906
2017-12-19,65.4734,65.69,64.4739,64.4985,1997558
2017-12-20,64.9515,65.8181,64.5379,65.2666,1349891
2017-12-21,65.3552,65.8476,65.2666,65.7393,1211368
2017-12-22,65.7196,66.0544,65.5226,65.9067,1244168
2017-12-26,65.0401,66.0199,64.9909,65.7491,842447
2017-12-27,65.69,65.9953,65.5423,65.9067,798599
2017-12-28,65.9756,66.4384,65.6605,66.3793,1234529
2017-12-29,66.6416,67.3048,66.5724,66.9188,1260930
2018-01-02,66.8792,66.8792,65.6816,65.8993,1555197
2018-01-03,65.9191,66.2259,65.7112,66.216,1426236
2018-01-04,67.186,68.4133,67.0573,67.7403,1927002
2018-01-05,67.8888,67.9729,67.2058,67.5621,1554340
2018-01-08,67.7205,67.7205,67.2256,67.473,1188512
2018-01-09,67.4533,68.1362,67.2652,67.285,1682842
2018-01-10,67.1266,67.2751,66.6317,66.8396,769222
2018-01-11,66.8792,67.5621,66.8396,67.5621,824199
2018-01-12,67.5522,67.7898,67.1068,67.6809,964537
2018-01-16,67.7106,67.9877,67.3741,67.3939,875119
2018-01-17,67.7403,67.7403,67.2563,67.5522,1090582
2018-01-18,67.6314,67.7502,67.1761,67.2157,1250957
2018-01-19,67.3147,67.6512,67.0474,67.5027,1240255
2018-01-22,67.5126,67.6611,67.2256,67.5819,1073740
2018-01-23,67.3642,67.6512,66.9584,67.5819,755148
2018-01-24,67.7205,68.022,67.285,67.4335,1184935
2018-01-25,67.671,67.8195,67.2553,67.7997,1018056
2018-01-26,68.0669,68.6905,67.7007,68.5915,1062612
2018-01-29,68.344,68.5321,67.7205,67.7403,759081
2018-01-30,67.4829,68.3638,67.4829,67.572,954830
2018-01-31,67.7007,68.3985,67.6512,68.0966,945516
2018-02-01,68.0273,68.2946,67.4434,68.0867,1309004
2018-02-02,67.6017,68.1263,67.4038,67.5423,1492045
2018-02-05,67.3048,67.5126,64.0286,64.2761,2216714
2018-02-06,63.1477,64.4839,62.1382,63.9,3727928
2018-02-07,63.9,65.0184,63.8257,63.9395,2525991
2018-02-08,63.9395,64.3157,62.0788,62.0788,2282102
2018-02-09,63.1081,63.4249,59.6414,61.3265,3167939
2018-02-12,61.6235,62.2668,61.3958,61.9798,2153533
2018-02-13,61.5938,62.8013,61.5938,62.633,2654202
2018-02-14,62.247,64.1078,62.247,63.8604,2129097
2018-02-15,64.3849,64.7116,63.0092,63.5634,2117482
2018-02-16,63.5931,64.6621,63.5931,64.474,1955492
2018-02-20,64.0187,64.7611,64.0187,64.1969,1667447
2018-02-21,64.2365,65.0481,64.0633,64.2761,1995340
2018-02-22,64.5136,65.7211,64.4839,64.771,2143324
2018-02-23,65.0778,65.7409,64.7908,65.7211,1849843
2018-02-26,65.6915,66.414,65.6915,66.3051,1615818
2018-02-27,66.2358,66.9584,66.1665,66.3645,1898523
2018-02-28,66.7208,67.5027,66.4635,66.4932,2802193
2018-03-01,66.5625,67.0474,65.6816,66.0181,3169611
2018-03-02,65.8399,66.1764,65.157,65.8597,4681283
2018-03-05,65.9092,67.3939,65.4786,67.2355,2973900
2018-03-06,67.2256,67.4335,66.7011,67.384,2273531
2018-03-07,66.8297,67.384,66.6911,67.1761,2150294
2018-03-08,67.2355,67.5027,67.1464,67.5027,2859109
2018-03-09,67.8591,68.2154,67.3543,68.1956,2176118
2018-03-12,68.2055,68.4034,67.9382,68.1461,2140184
2018-03-13,68.5222,68.6212,68.156,68.2946,2104413
2018-03-14,68.5915,68.6311,67.655,67.7502,1966668
2018-03-15,68.0372,68.1154,67.7304,67.869,1277427
2018-03-16,67.8888,68.2946,67.7503,68.057,2379981
2018-03-19,68.0768,68.1758,67.6215,67.9085,1332472
2018-03-20,67.9481,68.1065,67.6116,67.8789,1209293
2018-03-21,67.8096,67.9481,67.3048,67.3048,1308320
2018-03-22,66.9683,67.0722,65.8597,65.9191,1824074
2018-03-23,66.0181,66.6664,64.6571,64.771,2128004
2018-03-26,65.3846,65.9389,64.8699,65.9389,1868025
2018-03-27,66.2259,66.315,64.9415,65.2658,1876858
2018-03-28,65.4242,65.7459,64.8729,65.1768,2139840
2018-03-29,65.4902,66.3956,65.4205,65.8981,1374309
2018-04-02,65.8981,66.3558,65.0126,65.5101,1769405
2018-04-03,65.7389,66.8235,65.6693,66.7936,1848587
2018-04-04,66.2762,67.4802,66.0275,67.4205,2200838
2018-04-05,67.7389,68.097,67.3359,67.7787,1467920
2018-04-06,67.2911,67.6593,66.1369,66.515,1537923
2018-04-09,66.7638,67.2414,66.2663,66.5349,2515820
2018-04-10,67.1021,67.3807,66.525,67.2115,1719925
2018-04-11,66.2165,66.6742,64.9827,65.2116,2596134
2018-04-12,65.3807,65.7389,65.0985,65.321,1536376
2018-04-13,65.53,65.7091,64.923,65.1917,1282687
2018-04-16,65.5499,65.729,65.2315,65.2912,1707349
2018-04-17,65.5797,65.9081,65.2713,65.6195,1173809
2018-04-18,65.8583,65.8782,65.2315,65.6295,1496919
2018-04-19,65.3708,65.7986,65.2116,65.5598,1619953
2018-04-20,65.4205,65.9578,64.9728,65.2215,2004423
2018-04-23,65.321,65.7887,65.132,65.3807,1749157
2018-04-24,65.6195,65.6195,64.2514,64.5947,1381235
2018-04-25,64.5449,64.8235,64.1569,64.7439,811475
2018-04-26,64.7937,65.0924,64.2962,64.9429,1072857
2018-04-27,64.9429,65.4504,64.9031,65.1718,793096
2018-04-30,65.2613,65.4902,64.3559,64.3559,1294730
2018-05-01,64.2166,64.5151,63.8086,64.3857,1044194
2018-05-02,64.3857,64.724,63.9479,64.0474,1655542
2018-05-03,65.6991,67.7389,65.1718,66.9031,3967318
2018-05-04,66.7538,68.6841,66.3956,68.2164,2356150
2018-05-07,68.1667,68.1667,67.1618,67.6991,1640650
2018-05-08,67.7488,67.9378,67.2414,67.3906,1250739
2018-05-09,67.3707,67.5896,67.1767,67.2911,1141379
2018-05-10,68.6144,68.6542,67.5498,67.6991,1524592
2018-05-11,67.8582,67.9776,67.4652,67.5697,1054092
2018-05-14,67.7588,67.7588,67.3409,67.4404,1303801
2018-05-15,67.1419,67.3906,66.9379,67.1419,960418
2018-05-16,67.1916,67.3508,66.5299,66.5648,1239504
2018-05-17,66.5051,66.7638,66.0722,66.2762,866641
2018-05-18,66.3558,66.4901,66.127,66.2762,1871864
2018-05-21,66.4653,67.1817,66.3956,67.0026,1263388
2018-05-22,66.9827,67.4105,66.7041,66.7638,1318663
2018-05-23,66.6643,67.3807,66.6145,67.2613,1318527
2018-05-24,67.3011,67.4851,66.913,67.3309,1169598
2018-05-25,67.3309,67.5697,67.2314,67.3707,749901
2018-05-29,66.923,67.2016,66.4951,66.7339,1031264
2018-05-30,66.9827,68.1169,66.9827,67.9975,1252104
2018-05-31,68.0075,68.1468,67.0623,67.0921,1559224
2018-06-01,67.4702,67.7687,67.1916,67.6394,965040
2018-06-04,67.8384,68.146,67.4901,67.5797,1078301
2018-06-05,67.6394,67.9279,67.4603,67.5996,933252
2018-06-06,67.5797,67.9677,67.4304,67.908,1074531
2018-06-07,67.908,68.1766,67.6394,67.7787,927646
2018-06-08,67.7687,67.9179,67.6394,67.898,792326
2018-06-11,68.1368,68.6443,67.8384,68.3756,2378010
2018-06-12,68.5448,69.3209,68.1468,69.0622,2021533
2018-06-13,69.0522,69.291,68.3358,68.3856,1668883
2018-06-14,68.3657,68.9527,68.0572,68.8831,1864300
2018-06-15,68.9428,69.6194,68.4751,69.5199,2199771
2018-06-18,69.0721,69.3408,68.5746,68.8831,1452310
2018-06-19,68.5149,68.8433,68.4055,68.8134,1338794
2018-06-20,68.8234,68.9726,68.4552,68.5647,982623
2018-06-21,68.6542,68.9726,68.5448,68.8134,1573370
2018-06-22,69.0622,69.5597,69.0124,69.3806,2055548
2018-06-25,69.2811,69.4204,68.7836,69.1119,1455129
2018-06-26,69.1517,69.4303,68.7488,68.8731,1596020
2018-06-27,68.8532,69.1318,67.8582,67.8782,1314768
2018-06-28,67.9876,68.6642,67.898,68.505,1402671
2018-06-29,68.7,69.07,68.33,68.36,1502715
2018-07-02,68.24,68.99,68.24,68.94,1031489
2018-07-03,69.15,69.3,68.33,68.43,734698
2018-07-05,68.76,68.98,68.51,68.96,1367602
2018-07-06,68.89,69.17,68.54,68.83,1093670
2018-07-09,68.96,69.18,68.72,68.99,909575
2018-07-10,69.15,69.49,69.03,69.33,1204692
2018-07-11,69.17,69.82,69.17,69.71,1148754
2018-07-12,70.0,70.495,69.89,70.19,1391957
2018-07-13,70.19,70.55,70.07,70.14,1167380
2018-07-16,70.08,70.31,69.3,69.38,1109497
2018-07-17,69.32,69.53,69.0,69.31,1027849
2018-07-18,69.1,69.29,68.4,68.46,1481193
2018-07-19,68.4,68.82,68.29,68.56,1016747
2018-07-20,68.28,68.4899,68.06,68.25,951918
2018-07-23,68.22,68.52,67.95,68.43,1877130
2018-07-24,68.65,68.7,67.88,68.41,1585758
2018-07-25,68.36,70.7,68.36,70.59,2935888
2018-07-26,70.74,71.31,70.54,71.1,2120849
2018-07-27,70.85,72.75,70.85,72.49,2518301
2018-07-30,72.2,72.53,71.48,71.55,1670573
2018-07-31,71.85,72.52,71.47,72.48,2001502
2018-08-01,72.66,73.01,72.42,72.7,2490144
2018-08-02,72.62,73.31,72.48,73.1,2841175
2018-08-03,72.89,73.07,71.98,72.65,1218972
2018-08-06,72.61,73.04,72.51,73.02,808222
2018-08-07,73.06,73.1,72.72,72.87,996830
2018-08-08,72.92,73.03,72.58,72.85,837641
2018-08-09,73.04,73.22,72.75,73.18,792375
2018-08-10,73.08,73.26,72.77,72.86,1307278
2018-08-13,72.77,73.46,72.65,73.07,1247233
2018-08-14,73.25,73.74,73.1,73.18,1437736
2018-08-15,73.13,73.61,72.86,73.51,1583628
2018-08-16,73.92,73.97,73.5,73.91,1293329
2018-08-17,73.96,74.74,73.96,74.49,1639446
2018-08-20,74.61,74.78,74.28,74.52,813642
2018-08-21,74.59,74.7699,73.67,73.77,1282429
2018-08-22,73.63,73.6955,73.17,73.26,1089175
2018-08-23,73.27,73.5267,73.08,73.2,1174179
2018-08-24,73.33,73.48,72.98,73.22,1592314
2018-08-27,73.34,73.62,72.51,73.15,2084017
2018-08-28,73.25,73.278,72.89,73.13,1229046
2018-08-29,73.29,73.5,73.05,73.45,849383
2018-08-30,73.39,73.58,73.11,73.44,749220
2018-08-31,73.41,73.605,73.14,73.36,1389179
2018-09-04,73.47,73.68,73.26,73.67,1382086
2018-09-05,73.52,74.0699,73.52,73.98,1062582
2018-09-06,74.04,74.58,73.96,74.4,890217
2018-09-07,74.38,75.26,74.29,74.66,1368184
2018-09-10,74.92,75.48,74.7,75.2,982481
2018-09-11,75.04,75.63,74.89,75.23,1275292
2018-09-12,75.25,75.32,74.175,74.5,1321496
2018-09-13,74.73,74.75,74.3134,74.75,1233959
