date,open,high,low,close,volume
2013-09-16,28.588,28.6628,28.163,28.3732,2056413
2013-09-17,28.3545,28.4199,27.5977,27.85,2913278
2013-09-18,27.8967,28.4152,27.6164,28.3265,2262859
2013-09-19,28.3545,28.5507,27.8593,27.8687,3921024
2013-09-20,28.0835,28.4199,26.4907,26.6822,7332228
2013-09-23,26.2244,26.3926,24.8043,25.2341,7505344
2013-09-24,25.2341,25.7713,25.2061,25.4583,3402506
2013-09-25,25.3275,25.6592,25.1476,25.3649,1773995
2013-09-26,25.3836,25.86,25.3836,25.804,1727617
2013-09-27,25.7292,25.8787,25.5984,25.6825,2570985
2013-09-30,25.2154,25.718,25.0939,25.4023,2571222
2013-10-01,25.3555,25.6732,25.3555,25.6732,1654309
2013-10-02,25.4116,25.6358,25.2154,25.3369,1913987
2013-10-03,25.2528,25.2995,24.7016,25.0472,2793778
2013-10-04,25.1033,25.4303,24.8697,25.2901,1097341
2013-10-07,24.9258,25.1874,24.7576,24.8137,1379879
2013-10-08,24.7109,25.6638,24.6455,24.9632,2967258
2013-10-09,24.9818,25.0379,24.4119,24.8417,1887730
2013-10-10,25.2528,25.6265,25.2434,25.5891,1451653
2013-10-11,25.3369,25.7853,25.2901,25.6358,1148067
2013-10-14,25.3836,25.5891,25.3088,25.5237,1230636
2013-10-15,25.4209,25.477,25.15,25.3742,1811418
2013-10-16,25.6171,25.6545,25.2528,25.3088,1765468
2013-10-17,25.2528,26.0983,25.2481,26.0469,1808641
2013-10-18,26.1216,26.1497,25.8413,26.0936,1300778
2013-10-21,26.0843,26.2571,25.9161,26.1029,754756
2013-10-22,26.1964,26.7102,26.1216,26.5327,1005217
2013-10-23,26.4019,26.4486,25.9721,26.1964,1191285
2013-10-24,26.2898,26.6074,26.1403,26.5794,1254497
2013-10-25,26.5701,26.7195,26.3832,26.4673,1009667
2013-10-28,26.4953,26.5047,26.0656,26.2337,1220609
2013-10-29,26.2898,26.8503,26.2618,26.6448,2126810
2013-10-30,27.9434,29.2327,27.5604,28.3545,4881707
2013-10-31,27.9434,28.5974,27.9434,28.1957,3622570
2013-11-01,28.3358,29.242,28.3358,29.1579,3520483
2013-11-04,29.186,29.5597,28.9524,29.4756,1928337
2013-11-05,29.4476,29.4849,28.9991,29.0645,1530788
2013-11-06,29.2327,29.3822,28.859,29.0552,1191572
2013-11-07,29.2233,29.3448,28.4666,28.4946,1841773
2013-11-08,28.5413,28.901,28.5226,28.7936,2074527
2013-11-11,28.7936,29.1019,28.7469,29.0552,1339684
2013-11-12,28.9617,29.1019,28.6815,28.8683,977534
2013-11-13,28.5694,28.9804,28.4479,28.7842,1288275
2013-11-14,28.8777,29.0458,28.5927,28.9244,854473
2013-11-15,28.9057,29.8633,28.8309,29.6437,1670783
2013-11-18,29.6811,29.8867,29.4756,29.6064,1556231
2013-11-19,29.541,29.7839,29.214,29.3728,1089898
2013-11-20,29.3728,29.4569,28.7469,28.7842,1317255
2013-11-21,28.8683,30.1296,28.8683,29.9988,1841580
2013-11-22,29.9334,30.0174,29.6157,29.6905,1252027
2013-11-25,29.8119,30.3164,29.7652,30.0548,1319754
2013-11-26,29.9988,30.2697,29.9427,30.1576,1297390
2013-11-27,30.3071,30.3351,30.0268,30.2136,981627
2013-11-29,30.1482,30.2697,29.8808,29.9988,516003
2013-12-02,30.0455,30.1482,29.6391,29.7185,1607575
2013-12-03,29.7559,30.1763,29.5877,29.8119,1278628
2013-12-04,29.6055,30.0511,29.4554,29.9526,1383720
2013-12-05,29.8307,29.9761,29.4085,29.5117,1383859
2013-12-06,29.8307,30.6093,29.6806,30.5061,1498349
2013-12-09,30.5061,30.628,30.0089,30.1402,980315
2013-12-10,30.0558,30.7594,29.9339,30.5061,1524005
2013-12-11,30.3748,30.5248,29.3523,29.4461,1791443
2013-12-12,29.4461,29.7369,29.3429,29.5962,1117220
2013-12-13,29.7462,30.2434,29.6712,29.8776,1730855
2013-12-16,30.1215,30.2997,29.7744,29.9995,1800793
2013-12-17,29.8682,30.0464,29.6008,29.765,1359348
2013-12-18,29.7838,30.4779,29.4367,30.3748,1784305
2013-12-19,30.3372,30.6374,30.2153,30.5342,1069854
2013-12-20,30.7594,31.083,30.5155,30.9095,1920133
2013-12-23,31.0783,31.1065,30.8438,31.0408,966447
2013-12-24,31.144,31.8944,31.144,31.8851,861731
2013-12-26,31.9038,31.9976,31.538,31.8569,1115405
2013-12-27,32.0164,32.0164,31.5694,31.7256,552192
2013-12-30,31.6599,32.2415,31.5755,32.0164,853945
2013-12-31,32.1477,32.1477,31.6881,31.9413,781498
2014-01-02,31.9132,31.932,31.3879,31.6412,1111962
2014-01-03,31.613,31.7725,31.4254,31.5849,946108
2014-01-06,31.81,32.0164,31.4629,31.5567,1505166
2014-01-07,31.5942,32.1383,31.5661,31.8288,819718
2014-01-08,31.8194,32.0351,31.5567,31.9413,1355348
2014-01-09,31.9507,32.1759,31.5567,31.6599,1563969
2014-01-10,31.8569,31.932,31.5849,31.9132,1112063
2014-01-13,31.7443,31.9226,31.0502,31.2096,1168674
2014-01-14,31.2941,31.6881,31.1534,31.6318,1413289
2014-01-15,31.7068,31.9226,31.3738,31.5286,1260097
2014-01-16,31.4442,31.6599,31.2959,31.5942,1014628
2014-01-17,31.5942,31.5942,30.947,31.0126,1086580
2014-01-21,31.144,31.1909,30.6843,30.9282,1111087
2014-01-22,31.0314,31.0689,30.7265,30.9845,1115832
2014-01-23,30.7125,30.7875,29.9526,30.1027,1980061
2014-01-24,29.9714,29.9995,29.1084,29.1459,1917165
2014-01-27,29.3616,29.5774,28.8082,29.174,1952824
2014-01-28,29.2678,29.4461,29.0005,29.0896,1809033
2014-01-29,28.8269,29.6196,28.4798,29.1365,2182478
2014-01-30,29.4648,29.5774,29.296,29.4461,1371503
2014-01-31,29.0052,29.5305,28.8481,29.2584,1285749
2014-02-03,29.2491,29.3851,28.0999,28.1703,1654146
2014-02-04,28.4611,28.8082,28.2829,28.5268,1587949
2014-02-05,28.4892,29.1084,28.1046,28.977,2310404
2014-02-06,28.0577,28.8926,26.4349,28.0108,4816022
2014-02-07,28.236,29.5774,28.1703,29.5024,2953180
2014-02-10,29.4085,30.1731,29.2303,30.0746,2316603
2014-02-11,30.1027,30.9188,29.887,30.7125,1659759
2014-02-12,30.7781,30.9095,29.8401,29.9995,2864785
2014-02-13,29.8119,30.4404,29.765,30.4029,1568897
2014-02-14,30.3654,30.5624,30.234,30.2716,1126595
2014-02-18,30.2809,30.7218,30.2622,30.628,1379770
2014-02-19,30.4873,30.9657,30.3279,30.3935,1420788
2014-02-20,30.431,30.7641,29.9432,30.6937,1643160
2014-02-21,30.7687,31.0502,30.5061,30.75,1546043
2014-02-24,30.7218,31.2331,30.6749,30.8063,1958442
2014-02-25,30.7687,31.7256,30.7687,31.538,2343345
2014-02-26,31.5849,31.8006,31.0783,31.2565,2355665
2014-02-27,31.2003,31.5333,31.0783,31.3879,1606954
2014-02-28,31.4254,32.4198,31.3879,31.932,2412451
2014-03-03,31.5473,31.9789,31.3832,31.6974,1436615
2014-03-04,32.1759,32.6402,32.082,32.5042,1801584
2014-03-05,32.6078,32.6925,32.297,32.4383,1513374
2014-03-06,32.6266,32.8149,32.3818,32.5701,955242
2014-03-07,32.3064,32.4665,31.4119,31.5626,2844805
2014-03-10,31.5343,31.5532,30.9694,31.3272,1772914
2014-03-11,31.4025,31.572,30.9694,31.1859,1657984
2014-03-12,30.9882,31.3743,30.7952,30.8564,1540054
2014-03-13,30.9788,31.2989,30.3291,30.4892,2102366
2014-03-14,30.4044,30.7905,30.0184,30.2161,2086750
2014-03-17,30.4515,30.847,30.2067,30.6586,1141460
2014-03-18,30.6681,30.9976,30.5927,30.894,667274
2014-03-19,30.9411,30.96,30.0466,30.282,1140074
2014-03-20,30.1502,30.5174,30.1313,30.5174,911533
2014-03-21,30.7057,30.781,30.2349,30.3479,1603832
2014-03-24,30.3762,30.7151,29.6417,29.943,1082007
2014-03-25,29.9901,30.1596,29.5099,30.1031,1600886
2014-03-26,30.2443,30.3197,29.4251,29.4251,1260872
2014-03-27,29.3781,29.5758,29.0202,29.5381,1229353
2014-03-28,29.604,29.9148,29.4911,29.6888,799661
2014-03-31,29.943,31.12,29.943,30.9505,2265653
2014-04-01,31.1483,31.2801,30.5174,31.0447,1735806
2014-04-02,31.0164,31.5814,30.7999,31.4967,2231625
2014-04-03,31.5155,31.6662,30.8705,31.2142,1902339
2014-04-04,31.4684,31.6662,30.3291,30.4892,1720881
2014-04-07,30.3008,30.5456,29.67,29.8865,2009961
2014-04-08,29.7359,30.1125,29.4157,29.7547,1522077
2014-04-09,29.8112,30.395,29.5005,30.3856,1614660
2014-04-10,30.2914,30.3856,29.3404,29.4911,1739816
2014-04-11,29.2274,29.2839,28.5212,28.5871,1989767
2014-04-14,28.9073,29.0767,28.6248,28.8978,2129690
2014-04-15,29.3027,29.9242,28.6813,29.8677,3079389
2014-04-16,30.2349,30.4797,30.0089,30.2726,1762299
2014-04-17,30.2632,30.5362,30.0372,30.3856,1386878
2014-04-21,30.4138,30.8093,30.1408,30.7434,1283735
2014-04-22,30.7246,31.3272,30.6304,31.1671,1344596
2014-04-23,31.1859,31.4119,30.894,31.2801,1833205
2014-04-24,31.3931,31.4119,31.0447,31.1954,2358705
2014-04-25,31.0918,31.1389,30.4892,30.621,2865618
2014-04-28,30.6869,30.9788,30.2726,30.4892,1580175
2014-04-29,30.621,30.9223,30.4703,30.6869,1636736
2014-04-30,34.5004,35.0277,31.5908,32.3064,5148970
2014-05-01,32.0805,32.2405,31.2801,31.6002,4092298
2014-05-02,31.5532,31.7886,31.2613,31.2613,1773524
2014-05-05,31.0824,31.5343,30.894,31.4213,1360692
2014-05-06,31.233,31.4449,30.96,31.0164,1574888
2014-05-07,31.007,31.3837,30.6304,31.3743,1610653
2014-05-08,31.2613,31.798,31.0541,31.233,1877464
2014-05-09,31.2048,31.459,30.8752,31.4496,1764959
2014-05-12,31.572,31.8639,31.5626,31.7227,1454618
2014-05-13,31.798,31.8827,31.3978,31.4308,1000143
2014-05-14,31.5532,31.5814,31.12,31.233,1224552
2014-05-15,31.1294,31.2142,30.2632,30.4044,2002367
2014-05-16,30.395,30.8093,30.3385,30.7434,1636813
2014-05-19,30.6492,31.4308,30.5927,31.1671,1332681
2014-05-20,31.1577,31.233,30.3762,30.4986,1225025
2014-05-21,30.621,30.9035,30.4986,30.621,756934
2014-05-22,30.6963,30.7735,30.5456,30.6021,740410
2014-05-23,30.7057,30.9694,30.5456,30.8752,860721
2014-05-27,31.0164,31.4778,30.96,31.3272,1317776
2014-05-28,31.2895,31.4308,31.0023,31.0259,1021840
2014-05-29,31.0259,31.2142,30.7716,31.1483,682620
2014-05-30,30.9129,31.1388,30.6775,31.007,1846744
2014-06-02,31.1106,31.3545,30.8658,31.1954,1152662
2014-06-03,31.0824,31.233,30.9035,31.007,1231955
2014-06-04,30.9598,31.1205,30.4493,30.4777,1723901
2014-06-05,30.6478,30.8227,30.3264,30.7045,1023318
2014-06-06,30.8085,31.5459,30.8085,31.4324,1445526
2014-06-09,31.4892,31.6026,31.2339,31.2528,931416
2014-06-10,32.1036,32.236,31.4324,31.9335,5985660
2014-06-11,31.6404,31.8578,31.319,31.8389,2397943
2014-06-12,31.7728,31.8011,31.3285,31.4135,1646427
2014-06-13,31.4608,31.5459,31.1772,31.4703,1452332
2014-06-16,31.4041,32.2785,31.2812,32.2076,2679317
2014-06-17,32.0658,32.6047,32.028,32.425,1834141
2014-06-18,32.3872,32.5007,31.9334,32.4629,1130807
2014-06-19,32.425,32.7134,32.34,32.6425,1236035
2014-06-20,32.737,33.0773,32.6897,33.0301,2459952
2014-06-23,33.0395,33.1813,32.5952,32.8221,1239110
2014-06-24,32.7086,32.7748,32.3589,32.3872,1388543
2014-06-25,32.3872,32.6236,31.924,32.2171,1233195
2014-06-26,32.2927,32.6188,31.9335,32.5858,1474619
2014-06-27,32.4723,32.9308,32.444,32.8032,1860023
2014-06-30,32.8221,32.8504,32.2076,32.3022,1569276
2014-07-01,32.4534,32.5385,32.1793,32.3305,1590426
2014-07-02,32.1698,32.2832,31.6971,31.6971,1328056
2014-07-03,31.9429,32.1225,31.5742,31.924,1152395
2014-07-07,31.8862,31.924,31.3946,31.4324,813943
2014-07-08,31.319,31.4419,31.1016,31.3001,1143315
2014-07-09,31.5081,31.6404,31.3285,31.5837,1143835
2014-07-10,31.2245,31.527,31.0354,31.3946,1149859
2014-07-11,31.3946,31.527,31.3474,31.423,1016558
2014-07-14,31.6782,31.8295,31.5175,31.5648,765811
2014-07-15,31.6499,32.0753,31.4324,31.7917,1121853
2014-07-16,31.8862,32.0186,31.6546,31.8484,931414
2014-07-17,31.3946,31.8106,31.3285,31.5931,876580
2014-07-18,31.3946,31.8106,31.3285,31.5931,876580
2014-07-21,31.3663,31.6121,31.1961,31.5648,632704
2014-07-22,31.6877,31.7441,31.1299,31.1488,1139996
2014-07-23,31.1488,31.1772,30.8652,30.8841,1076202
2014-07-24,30.9314,31.1961,30.6478,30.6667,1531732
2014-07-25,30.6195,30.9409,30.5627,30.6762,1638195
2014-07-28,30.7045,30.7423,30.0522,30.0712,2609764
2014-07-29,30.0995,30.3075,29.8443,29.9388,2786234
2014-07-30,32.1414,32.5858,30.5816,30.9125,6434818
2014-07-31,30.7707,30.8369,30.3359,30.3642,2927015
2014-08-01,30.3548,31.007,30.2035,30.5816,2454991
2014-08-04,30.6762,31.215,30.5155,31.1867,1330154
2014-08-05,30.9314,31.1677,30.7045,31.0449,1741117
2014-08-06,30.8274,31.5553,30.7329,31.5364,1906962
2014-08-07,31.6782,31.8484,31.0354,31.2812,2152016
2014-08-08,31.3095,31.6593,30.9976,31.6404,1042866
2014-08-11,31.716,31.8578,31.3285,31.423,1440410
2014-08-12,31.4513,31.5459,31.1299,31.3379,1255469
2014-08-13,31.4513,31.9146,31.2906,31.8862,1651912
2014-08-14,31.9713,32.6992,31.8578,32.6803,2123300
2014-08-15,32.7937,33.0395,32.6236,32.945,2420320
2014-08-18,33.1151,33.3798,32.9261,33.3515,2147248
2014-08-19,33.3798,33.7863,33.342,33.6162,2027162
2014-08-20,33.4838,33.7107,33.2191,33.654,1441694
2014-08-21,33.7296,33.9187,33.4744,33.8525,1767283
2014-08-22,33.7863,34.5142,33.6634,34.2117,2384017
2014-08-25,34.3724,34.4575,34.0132,34.0888,951965
2014-08-26,34.1172,34.1834,33.8809,33.9849,1037940
2014-08-27,34.0983,34.1786,33.8903,33.947,920464
2014-08-28,33.8714,34.0132,33.7674,33.8525,702856
2014-08-29,33.9754,34.2023,33.7391,34.1267,1304678
2014-09-02,34.2306,34.6844,34.1077,34.4953,1766068
2014-09-03,34.7989,34.8748,34.2202,34.2677,1378604
2014-09-04,34.3341,34.9792,34.3246,34.78,1642364
2014-09-05,34.7705,35.3065,34.4669,35.3018,1669040
2014-09-08,35.3018,35.7282,35.1879,35.2543,1735199
2014-09-09,35.1025,35.2353,34.8938,35.093,1621866
2014-09-10,35.112,35.131,34.4479,34.8938,1238299
2014-09-11,34.761,35.1025,34.6851,34.9318,1028937
2014-09-12,35.112,35.2638,34.8416,35.0646,1917339
2014-09-15,35.0077,35.1215,34.6566,35.0551,1984076
2014-09-16,34.9792,35.2638,34.5807,34.9982,1619514
2014-09-17,34.8843,35.1689,34.0969,34.6471,2323606
2014-09-18,34.742,34.9412,34.391,34.5712,1881468
2014-09-19,34.7136,34.8369,34.3388,34.5807,3765160
2014-09-22,34.4384,34.6566,33.9451,34.1159,1238521
2014-09-23,34.0779,34.1159,33.6036,33.6225,1450292
2014-09-24,33.5751,33.7743,33.243,33.7364,1454392
2014-09-25,33.651,33.8123,33.262,33.4233,1479728
2014-09-26,33.4138,33.7364,33.3095,33.4043,1336632
2014-09-29,33.1007,33.6605,32.9679,33.5656,1404753
2014-09-30,33.5371,33.7269,32.7924,33.0912,1491023
2014-10-01,33.0628,33.0723,31.9718,32.2184,3075381
2014-10-02,32.152,32.3038,31.3741,31.9433,2158644
2014-10-03,32.0666,32.6074,32.0666,32.4177,2104054
2014-10-06,32.541,32.7212,31.9243,32.0382,1548278
2014-10-07,31.7251,31.7488,30.8428,30.8902,2651017
2014-10-08,30.8523,32.2184,30.2925,32.1141,3083881
2014-10-09,32.1141,32.2469,30.9851,31.1274,2183472
2014-10-10,31.0515,31.4025,30.3637,30.3684,2008148
2014-10-13,30.3305,30.7289,29.3628,29.4007,3092097
2014-10-14,29.562,29.8371,29.1161,29.5146,2060237
2014-10-15,28.9454,29.7565,28.3192,29.6095,3255091
2014-10-16,29.0023,30.6483,28.9359,30.5202,2552482
2014-10-17,30.7005,31.2982,30.4348,30.8428,2856040
2014-10-20,30.7764,31.2602,30.7289,30.9187,2719573
2014-10-21,31.2507,31.9338,31.1179,31.6302,3400353
2014-10-22,31.6966,32.1425,31.0136,31.042,2732192
2014-10-23,31.2982,31.7156,31.2412,31.3077,2357051
2014-10-24,31.3077,31.8105,30.9092,31.782,1198216
2014-10-27,31.412,31.5164,30.7859,31.1938,3320068
2014-10-28,31.2412,32.2469,31.1843,32.1236,4436514
2014-10-29,34.5618,34.9318,32.5979,32.9015,8625566
2014-10-30,33.1577,33.9963,33.0059,33.4043,5097892
2014-10-31,33.983,34.5428,33.7174,34.391,3237162
2014-11-03,34.4005,34.7562,33.9736,34.4764,1850137
2014-11-04,34.4953,34.9982,34.4953,34.9792,2027639
2014-11-05,35.1784,35.8615,35.0361,35.8141,2565991
2014-11-06,35.8615,36.3074,35.7002,36.1556,2349674
2014-11-07,36.592,36.9715,36.2789,36.8956,3599227
2014-11-10,36.962,37.1873,36.7059,36.7628,2543046
2014-11-11,36.5066,36.7059,36.0512,36.1651,5469712
2014-11-12,36.1651,36.611,35.871,36.5066,3093337
2014-11-13,36.5446,36.6205,35.9753,36.4118,2297595
2014-11-14,36.5351,36.6205,35.8852,36.0133,2188228
2014-11-17,35.9659,36.3074,35.9089,36.1651,1829855
2014-11-18,36.1651,36.7628,36.0228,36.6584,2326074
2014-11-19,36.5161,36.5161,36.0607,36.241,1773966
2014-11-20,35.9659,36.5256,35.852,36.5066,1434282
2014-11-21,37.0,37.2846,36.687,36.8766,1605537
2014-11-24,37.0853,37.4743,36.981,37.1992,1549111
2014-11-25,37.2087,37.3889,36.8956,37.1043,1436326
2014-11-26,37.1138,37.2087,37.0094,37.1138,911928
2014-11-28,37.0759,37.8253,36.9146,37.5028,1272727
2014-12-01,37.0853,37.1992,36.1556,36.63,3005813
2014-12-02,36.8102,37.5977,36.6964,37.4743,1973254
2014-12-03,37.5695,38.0216,37.5124,37.9788,1647508
2014-12-04,37.9693,38.5785,37.9502,38.2739,1609920
2014-12-05,38.1787,38.4357,38.1311,38.3786,1265199
2014-12-08,38.3215,38.9021,38.1406,38.845,3530087
2014-12-09,38.7879,39.5922,38.2453,39.5684,3788137
2014-12-10,39.5684,39.7492,39.2162,39.378,3391585
2014-12-11,39.5208,40.0871,39.4256,39.911,2860387
2014-12-12,39.654,39.7968,38.9116,38.9497,3152538
2014-12-15,39.0258,39.2923,38.4833,38.7783,3170205
2014-12-16,38.7403,39.6636,38.588,39.2448,2180177
2014-12-17,39.4637,40.0729,39.14,39.9206,2137394
2014-12-18,40.6345,40.8248,39.7778,40.2442,2311714
2014-12-19,40.4822,40.8342,40.1395,40.168,3402617
2014-12-22,40.2918,40.7772,40.1205,40.5012,1590060
2014-12-23,40.6725,41.1199,40.6487,40.9105,1136252
2014-12-24,40.9676,41.5292,40.9295,41.3103,580001
2014-12-26,41.3198,41.5625,41.1865,41.3769,567312
2014-12-29,41.2627,41.3293,40.9057,40.9486,1222248
2014-12-30,40.7582,41.0866,40.6725,40.8439,1287081
2014-12-31,40.9581,40.9962,40.3203,40.387,1212560
2015-01-02,40.7011,40.8724,40.1109,40.644,1401837
2015-01-05,40.2918,40.6059,39.6731,40.0633,1826132
2015-01-06,40.3299,40.5297,39.6255,40.2727,3261689
2015-01-07,40.5869,40.8534,40.2347,40.3299,2935181
2015-01-08,40.7867,41.5102,40.7867,41.0723,2699262
2015-01-09,41.1675,41.3769,40.387,40.425,1651712
2015-01-12,40.5202,40.97,40.2442,40.8915,1264896
2015-01-13,41.0818,41.5577,40.5297,40.8343,2395751
2015-01-14,40.4631,40.644,39.7207,40.1395,2590680
2015-01-15,40.2156,40.3203,39.4922,39.5969,2666871
2015-01-16,39.5589,40.0253,39.3304,39.8539,2670493
2015-01-20,40.0443,40.2727,39.2638,39.5969,1773927
2015-01-21,39.5208,39.9301,39.2828,39.9015,1933536
2015-01-22,39.9777,41.0152,39.7968,40.9771,3025880
2015-01-23,41.0057,41.0342,37.9598,38.1121,5659230
2015-01-26,38.2072,38.2834,37.2744,37.5219,4044039
2015-01-27,36.9222,37.9978,36.5701,37.6171,4572453
2015-01-28,38.0645,38.1121,37.3791,37.5314,1699205
2015-01-29,37.5219,38.883,37.5219,38.7688,3698105
2015-01-30,38.331,38.9592,38.3024,38.5499,2177986
2015-02-02,38.6736,38.8926,38.1787,38.5499,2749391
2015-02-03,38.7117,39.6065,38.5404,39.5113,2073809
2015-02-04,39.2923,39.911,39.102,39.6445,1725781
2015-02-05,39.8444,40.4917,39.7397,39.9491,2401158
2015-02-06,39.9967,40.0538,39.378,39.4732,3032753
2015-02-09,39.1972,39.4637,38.6165,38.9592,4821078
2015-02-10,41.3959,43.4519,40.7963,43.0902,8133102
2015-02-11,43.0997,43.5852,42.6238,43.0426,3278918
2015-02-12,43.214,44.0992,43.1949,43.985,2813860
2015-02-13,44.1373,44.1848,43.5757,43.8327,1957546
2015-02-17,43.6709,44.6512,43.5661,44.4038,1887763
2015-02-18,44.5085,44.8273,44.0326,44.7845,1409302
2015-02-19,44.8702,45.4032,44.3943,45.3842,1687332
2015-02-20,45.2128,46.1076,44.8987,45.8601,1731190
2015-02-23,45.5936,45.8411,45.1767,45.6031,1454036
2015-02-24,45.308,46.1076,45.27,45.9743,1042851
2015-02-25,45.8411,46.079,44.9939,45.2604,1459138
2015-02-26,45.27,46.0124,45.1557,45.784,1024698
2015-02-27,45.3937,45.6888,44.8226,44.8607,3173909
2015-03-02,44.9654,45.5746,44.9273,45.2224,2039579
2015-03-03,44.9844,45.27,44.4514,44.5751,2057610
2015-03-04,44.241,44.7469,43.6302,44.4606,1700786
2015-03-05,44.451,44.5656,43.9833,44.0406,1139347
2015-03-06,43.7352,43.9547,42.9525,43.2102,1879638
2015-03-09,43.3056,44.284,43.2197,43.9929,1362888
2015-03-10,43.4583,43.6874,43.0862,43.3438,1780575
2015-03-11,43.0575,43.5347,43.0575,43.3915,2301314
2015-03-12,43.8211,44.3269,43.6206,44.0692,1751748
2015-03-13,43.8688,43.9833,43.2102,43.6206,1885528
2015-03-16,44.012,44.179,43.6874,44.117,1427154
2015-03-17,43.8688,44.1074,43.5108,43.9642,1082411
2015-03-18,43.8211,44.7946,43.5824,44.6419,2067769
2015-03-19,44.3556,44.6467,44.241,44.4128,1205072
2015-03-20,44.6324,44.7374,43.8306,44.5942,1665420
2015-03-23,44.6515,45.0597,44.3174,44.3174,1068011
2015-03-24,44.2029,44.2554,43.8211,43.9833,876859
2015-03-25,43.9642,44.117,43.0097,43.0479,2318468
2015-03-26,42.9811,43.2293,42.6566,43.0002,1107167
2015-03-27,42.8761,43.382,42.857,43.2102,1320087
2015-03-30,43.4774,44.1742,43.4202,43.8306,1022143
2015-03-31,43.6111,43.927,43.382,43.487,1314890
2015-04-01,43.3152,43.3629,42.6852,43.2293,1607915
2015-04-02,43.2388,43.7829,42.9429,43.0384,1152050
2015-04-06,42.6661,43.6111,42.5802,43.487,1076275
2015-04-07,43.4202,43.907,43.1338,43.1625,1013193
2015-04-08,43.1625,44.1981,43.0288,44.1265,1591217
2015-04-09,43.9547,44.5751,43.8974,44.5083,1570252
2015-04-10,44.0215,44.4319,43.7638,44.1933,1301957
2015-04-13,44.0788,44.6515,43.8163,43.9451,905556
2015-04-14,43.8115,44.0215,43.0288,43.1625,1229922
2015-04-15,43.4297,43.6492,42.2366,42.437,2137591
2015-04-16,42.2652,42.7997,42.2652,42.4561,1378072
2015-04-17,42.332,42.4275,41.8262,42.0457,1278328
2015-04-20,42.4084,42.437,42.0648,42.1411,780656
2015-04-21,42.1507,42.3702,41.6068,41.8071,1473764
2015-04-22,41.8357,42.3607,41.4539,42.3129,1380508
2015-04-23,42.3034,42.9334,41.998,42.752,1885649
2015-04-24,42.752,43.0575,42.4848,42.7043,998092
2015-04-27,42.8093,42.9763,42.1602,42.1889,1494444
2015-04-28,42.1507,42.5611,41.9693,42.4084,1401208
2015-04-29,42.3798,42.7234,41.9025,42.1125,2338276
2015-04-30,43.4011,44.031,42.4657,43.5252,4012865
2015-05-01,43.7065,44.976,43.5633,44.7946,3953127
2015-05-04,44.8233,45.4914,44.5656,45.2623,2167694
2015-05-05,45.2433,45.2433,44.1838,44.5465,2784612
2015-05-06,44.7278,45.1383,44.4128,44.766,1014536
2015-05-07,44.8233,45.8923,44.7946,45.7873,1878377
2015-05-08,46.3791,46.5891,45.6776,45.7301,3040932
2015-05-11,45.6441,46.6941,45.5582,46.2741,2600863
2015-05-12,46.0546,46.2646,45.7396,45.7682,1324601
2015-05-13,45.9591,46.1882,45.6823,45.8064,1613560
2015-05-14,46.1309,47.2095,45.8732,47.1236,2888499
2015-05-15,47.2477,47.2763,46.5223,46.7227,1650590
2015-05-18,46.6177,47.5341,46.6177,47.4577,1234654
2015-05-19,47.3718,47.5913,47.1904,47.3718,1561846
2015-05-20,47.4386,47.5531,47.0282,47.3813,892459
2015-05-21,47.3718,47.4386,46.9136,47.1809,1322081
2015-05-22,47.1618,47.2382,46.7132,47.0759,1344659
2015-05-26,47.0186,47.095,46.675,46.8086,851106
2015-05-27,46.9518,47.7059,46.7991,47.6009,1265746
2015-05-28,47.5531,47.8299,47.1523,47.2191,1327108
2015-05-29,47.095,47.095,46.3028,46.4841,2163481
2015-06-01,46.8659,47.2668,46.4746,46.9423,1669435
2015-06-02,46.8659,47.095,46.2837,46.6273,1380398
2015-06-03,46.8665,47.0484,46.4933,46.6464,1439011
2015-06-04,46.2827,46.7517,46.0913,46.2349,960352
2015-06-05,46.0339,46.5603,45.9095,46.4359,1050482
2015-06-08,47.0292,47.5441,46.7708,47.0005,2114693
2015-06-09,46.8857,47.546,46.6321,47.4312,1284268
2015-06-10,47.5365,47.9958,47.3738,47.7853,1365330
2015-06-11,47.8236,48.3787,47.747,48.3212,2083470
2015-06-12,48.1681,48.6179,47.9767,48.4744,1557678
2015-06-15,48.0916,48.2064,47.4025,47.4503,1537892
2015-06-16,47.2302,48.5701,47.1824,48.5318,1838372
2015-06-17,48.6562,48.9529,47.881,48.7711,2654026
2015-06-18,48.9912,49.6324,48.6275,49.4218,2794064
2015-06-19,49.3836,50.3789,49.3836,49.7664,3737016
2015-06-22,50.0631,50.0726,49.5941,49.9195,2142632
2015-06-23,49.8621,50.3023,49.2879,49.6898,1515560
2015-06-24,49.6898,49.9482,49.2209,49.5558,1742342
2015-06-25,49.8717,49.9195,49.5175,49.6228,1698433
2015-06-26,49.7664,50.4172,49.7281,50.3406,2670688
2015-06-29,49.8621,50.1683,49.3644,49.5271,2239133
2015-06-30,49.8429,49.9387,49.173,49.173,2310480
2015-07-01,49.6802,50.1588,49.575,49.7855,2402981
2015-07-02,50.0152,50.0248,49.4697,49.642,1408966
2015-07-06,49.1539,50.197,48.9242,50.0152,1945601
2015-07-07,50.1205,50.2736,49.3644,50.1779,2050153
2015-07-08,49.8621,49.9674,48.8763,48.9912,2135903
2015-07-09,49.8908,49.9578,48.7423,48.8955,2084196
2015-07-10,49.5463,49.7855,49.4745,49.5463,2229663
2015-07-13,49.8812,50.6851,49.8621,50.532,2522770
2015-07-14,50.6373,51.1924,50.5416,50.9435,3696955
2015-07-15,50.9627,51.0105,50.4267,50.4746,2205326
2015-07-16,50.666,50.9723,50.5607,50.6277,1568911
2015-07-17,50.3789,50.733,50.1492,50.4363,1454008
2015-07-20,50.3885,50.7474,50.3885,50.599,1541910
2015-07-21,50.6373,50.7234,49.7472,49.776,1172261
2015-07-22,49.7472,50.3406,49.709,49.7951,2659379
2015-07-23,49.9291,49.9769,48.7041,48.7902,2036960
2015-07-24,48.9912,49.3261,47.6417,47.7949,3016681
2015-07-27,47.4982,47.814,47.2015,47.3833,1824206
2015-07-28,47.7087,47.9911,47.6322,47.8236,1917120
2015-07-29,47.948,48.5892,47.4503,48.4265,3716330
2015-07-30,48.6562,52.5992,48.4744,50.7043,3671860
2015-07-31,50.9723,51.4795,50.3023,50.8861,2548706
2015-08-03,51.0584,51.4508,50.465,51.2115,2559140
2015-08-04,51.4125,51.824,51.2977,51.6805,1658653
2015-08-05,52.293,53.3075,52.2068,53.0203,3253608
2015-08-06,52.8864,53.1926,51.9772,52.2738,2363440
2015-08-07,52.1303,52.8959,51.8145,52.8959,2274849
2015-08-10,53.1639,53.4414,52.47,52.9246,2023578
2015-08-11,52.4461,52.561,52.0202,52.2547,1472954
2015-08-12,51.6805,52.0537,51.0297,51.7188,2407116
2015-08-13,51.5178,52.1686,51.4125,51.8145,1713554
2015-08-14,52.0824,52.7715,51.7523,52.6662,1682780
2015-08-17,52.3791,52.6088,52.092,52.4557,1616231
2015-08-18,52.293,52.6279,51.9867,52.025,1855361
2015-08-19,51.6805,51.9389,51.3646,51.6613,2328065
2015-08-20,51.5656,51.58,50.398,50.7904,2417441
2015-08-21,50.4076,50.6373,49.7377,49.9291,2697875
2015-08-24,47.1632,50.3406,46.4837,48.6275,3644977
2015-08-25,49.2783,49.7855,47.9384,47.948,2578114
2015-08-26,48.8285,49.2496,48.015,49.1347,3222513
2015-08-27,49.776,50.2258,49.0007,49.7664,2807116
2015-08-28,49.5845,50.1971,49.3855,49.8238,1910556
2015-08-31,49.5654,49.9961,48.9625,49.24,1986799
2015-09-01,48.1681,49.1443,48.082,48.4361,2312063
2015-09-02,48.6952,49.1749,48.1291,48.9063,1664549
2015-09-03,48.9446,49.6739,48.8103,49.0214,1793707
2015-09-04,48.1387,48.983,47.9947,48.4553,2107444
2015-09-08,49.2709,49.7027,49.0214,49.5971,2529991
2015-09-09,49.9233,49.9713,49.0118,49.127,1307398
2015-09-10,48.8103,49.5108,48.628,49.0694,2653138
2015-09-11,48.9351,49.3956,48.7336,49.0694,1882140
2015-09-14,49.0694,49.0694,48.4745,48.9734,1954168
2015-09-15,48.628,49.5299,48.4361,49.3668,3384214
2015-09-16,49.1461,49.6931,48.8391,49.482,1808946
2015-09-17,49.1461,49.741,48.9926,49.1749,2078869
2015-09-18,48.6184,48.8319,47.7501,47.9564,5769616
2015-09-21,47.9564,48.8679,47.894,48.0139,2184906
2015-09-22,47.4382,47.6973,46.5171,46.5842,2892223
2015-09-23,46.7186,46.8529,45.8646,45.9989,2120367
2015-09-24,45.596,45.6247,44.7516,45.3081,2919305
2015-09-25,45.5096,45.5758,44.6844,45.0011,2763591
2015-09-28,44.9627,44.9627,43.7921,43.9264,3117773
2015-09-29,43.8976,44.5405,43.5522,44.1087,3226942
2015-09-30,44.5021,45.0586,44.291,44.9819,2157162
2015-10-01,45.1162,45.5768,44.4158,45.0682,2724383
2015-10-02,44.5981,46.0373,44.1471,46.0373,1961106
2015-10-05,46.2964,46.9489,46.1717,46.3924,2242425
2015-10-06,46.5363,46.5363,45.2409,45.596,3592780
2015-10-07,45.9606,46.5459,45.5768,46.4403,2752591
2015-10-08,46.3156,46.8817,46.0949,46.7378,1587680
2015-10-09,46.7474,47.2559,46.2292,46.9009,1693339
2015-10-12,46.8241,47.4766,46.5651,47.419,1379649
2015-10-13,47.1887,47.563,46.8625,46.8817,1408609
2015-10-14,46.8337,47.1312,46.3828,46.5075,1928124
2015-10-15,46.8721,47.2367,46.2964,46.9297,1885551
2015-10-16,46.9393,47.112,46.4883,46.6898,1315254
2015-10-19,46.613,47.0256,46.4635,46.9105,1637258
2015-10-20,46.8529,47.7069,46.8529,47.6493,1379700
2015-10-21,47.7644,47.87,46.9681,47.3615,1547385
2015-10-22,47.7069,49.5108,47.6301,49.3668,2277151
2015-10-23,49.7602,50.0769,49.3189,49.6067,2182100
2015-10-26,49.482,49.5875,48.7048,49.1078,3122829
2015-10-27,50.595,50.595,44.9243,46.9681,4493325
2015-10-28,46.8913,47.4574,46.613,47.0352,2682985
2015-10-29,46.9201,47.3039,46.661,47.1216,1915517
2015-10-30,47.1216,48.0907,47.0448,47.1312,1911350
2015-11-02,47.3806,47.9372,47.2272,47.822,1928988
2015-11-03,47.7069,47.7069,45.1834,45.7303,4311379
2015-11-04,45.903,46.1093,45.3081,46.0661,2100189
2015-11-05,45.8646,46.3252,45.7399,46.1717,1296975
2015-11-06,46.0181,46.2964,45.6535,45.8838,1800611
2015-11-09,45.7015,45.8454,44.5597,45.0107,1602544
2015-11-10,44.5309,44.8379,43.3315,43.8113,2657282
2015-11-11,43.9936,44.2718,43.5906,43.629,2870298
2015-11-12,43.3219,43.5906,41.9114,41.9498,3389797
2015-11-13,42.0554,42.84,41.8347,42.5447,3132836
2015-11-16,42.4584,42.7942,42.0266,42.5543,2612274
2015-11-17,42.6694,42.8997,42.2473,42.4296,1745858
2015-11-18,42.42,43.1876,42.2569,43.1204,1687539
2015-11-19,43.1876,43.9072,42.9573,43.8113,1809954
2015-11-20,43.9456,44.1951,43.1972,43.4946,1292669
2015-11-23,43.5906,43.9744,42.9477,43.0628,1235606
2015-11-24,42.6023,43.3795,42.5255,43.1876,1268903
2015-11-25,43.178,43.3025,42.8326,43.1108,974792
2015-11-27,43.2643,43.6577,42.7174,43.4371,614648
2015-11-30,43.4179,43.6865,43.1588,43.5234,1749001
2015-12-01,43.4179,43.8592,43.2835,43.6865,1938851
2015-12-02,43.5422,44.3072,43.0851,43.2727,1825958
2015-12-03,43.3978,44.0329,43.1573,43.4171,2620835
2015-12-04,43.5422,44.2542,43.2631,44.235,1289724
2015-12-07,44.0233,44.1436,43.393,43.5903,1522280
2015-12-08,43.1284,43.2439,42.6184,43.0033,1855329
2015-12-09,42.9744,43.2343,42.0411,42.3682,1654640
2015-12-10,42.5895,42.7435,41.8197,41.8582,1674104
2015-12-11,41.3194,41.5408,41.0547,41.2039,2193590
2015-12-14,41.3001,41.3771,40.232,40.5784,2327663
2015-12-15,41.0307,41.3819,40.6843,41.098,1943274
2015-12-16,41.3097,42.2816,41.2231,42.1661,2357101
2015-12-17,42.1277,42.2428,41.1943,41.4445,1708935
2015-12-18,41.1462,41.2568,40.6843,41.0788,4428189
2015-12-21,41.175,41.6946,40.9248,41.175,1342376
2015-12-22,41.2231,41.406,40.7709,41.2905,1066412
2015-12-23,41.5984,42.2624,41.4541,42.1469,1775076
2015-12-24,42.1469,42.365,41.9737,42.1565,312565
2015-12-28,42.0411,42.3778,41.6369,42.3297,1668148
2015-12-29,42.4163,43.0129,42.3297,42.6569,1798402
2015-12-30,42.6088,43.4556,42.4933,43.2343,1474610
2015-12-31,43.2054,43.3016,42.7724,42.9167,1516349
2016-01-04,42.0507,42.0699,40.9248,41.4156,1697536
2016-01-05,41.608,41.916,41.4252,41.8197,1307323
2016-01-06,41.0692,41.6177,40.7709,41.1654,1116497
2016-01-07,40.5014,40.7324,39.8279,39.8664,1541469
2016-01-08,40.7805,40.9345,39.6643,39.8086,2144561
2016-01-11,40.0396,40.3956,39.1543,39.7509,1432710
2016-01-12,40.155,40.3763,39.6162,40.0973,1317455
2016-01-13,40.7131,41.1654,39.1735,39.2313,1791850
2016-01-14,39.3179,40.1358,38.9041,39.7605,1480100
2016-01-15,38.702,40.078,38.625,39.3948,2550168
2016-01-19,39.8471,39.9241,38.0573,38.4422,1265685
2016-01-20,37.8745,38.7694,37.0758,38.3941,2557671
2016-01-21,38.4518,39.1928,38.269,38.3171,1174256
2016-01-22,38.933,39.443,38.5384,39.4141,1163997
2016-01-25,39.3371,39.3852,37.3982,37.4992,1778643
2016-01-26,37.6435,38.6491,37.4992,38.4615,2153477
2016-01-27,38.3941,39.0677,38.0381,38.2979,1325809
2016-01-28,38.4422,38.6731,36.5851,36.9122,2873383
2016-01-29,37.1624,39.0003,37.1624,39.0003,2462438
2016-02-01,38.7309,39.9048,38.346,39.7316,1771587
2016-02-02,39.2216,39.3275,38.346,38.8945,2490331
2016-02-03,39.366,40.4726,38.7598,40.4533,2969335
2016-02-04,40.2705,40.9248,39.3997,40.0684,3343851
2016-02-05,40.0588,40.1454,38.9233,39.1254,1375059
2016-02-08,38.6924,38.7598,37.4318,37.9611,1630579
2016-02-09,37.5088,39.1928,37.4848,38.9041,2744813
2016-02-10,43.8212,44.2639,40.078,41.9833,4272449
2016-02-11,41.0114,41.2231,40.1743,40.7035,2839775
2016-02-12,41.4829,42.4163,40.896,41.608,2058413
2016-02-16,41.9737,42.2335,41.0499,41.7909,2238948
2016-02-17,41.9545,42.0892,41.2712,41.4733,1485580
2016-02-18,40.7613,41.8294,40.5592,41.5022,1583384
2016-02-19,42.5318,42.8061,41.4252,41.6562,2296967
2016-02-22,42.1373,43.1958,42.1373,43.1669,2090337
2016-02-23,42.9263,43.138,42.2528,42.4067,1782075
2016-02-24,42.0699,43.8886,41.8294,43.8212,2312291
2016-02-25,43.879,44.6391,43.5518,44.6103,2080731
2016-02-26,44.7354,44.8316,44.2831,44.5237,1500737
2016-02-29,44.5429,44.8508,43.9944,44.0041,1860746
2016-03-01,44.3216,44.8605,43.4075,44.6103,1573018
2016-03-02,44.4269,44.9384,44.1278,44.8805,1447978
2016-03-03,44.8612,44.9094,44.2918,44.8901,2199806
2016-03-04,44.7454,45.0059,43.8769,44.0795,1649201
2016-03-07,43.7708,44.4269,43.7177,44.4269,1611498
2016-03-08,44.0217,44.3208,43.6405,43.819,1138816
2016-03-09,44.1567,44.4076,43.8866,44.2629,963992
2016-03-10,44.2822,44.5524,43.6164,44.3401,1159605
2016-03-11,44.8033,45.3533,44.2629,45.2954,1850610
2016-03-14,45.0252,45.5752,44.9094,44.9094,1092903
2016-03-15,44.5717,44.977,44.5234,44.784,1184201
2016-03-16,44.5524,45.334,44.2532,45.0542,1277519
2016-03-17,45.1314,45.6524,44.8708,45.5945,1904991
2016-03-18,45.5463,45.7489,45.2375,45.4401,1834052
2016-03-21,45.3629,45.6717,45.1507,45.5752,1297674
2016-03-22,45.4112,47.0806,45.2182,46.8297,1802481
2016-03-23,46.6946,46.8104,45.9419,46.0674,1173606
2016-03-24,45.7586,46.1349,45.3051,45.6428,1362719
2016-03-28,45.6814,46.2893,45.3919,46.1349,893594
2016-03-29,46.0963,46.7042,45.5945,46.6656,1000879
2016-03-30,46.8104,46.931,45.7296,46.3472,1254720
2016-03-31,46.3762,46.6849,46.0481,46.3279,1203573
2016-04-01,46.2314,46.8586,46.1639,46.7911,1034931
2016-04-04,46.9648,47.2446,46.7042,46.9551,952174
2016-04-05,46.492,46.9937,46.2218,46.5981,1792485
2016-04-06,46.6174,48.0262,46.3665,48.0166,2087095
2016-04-07,47.7175,47.7947,47.0323,47.2832,1548071
2016-04-08,47.621,47.9394,47.3315,47.7754,1685544
2016-04-11,48.0552,48.4894,47.6306,47.8912,2208201
2016-04-12,47.8719,48.0069,47.2736,47.3315,1093183
2016-04-13,47.6596,48.3157,46.7814,48.2771,1807736
2016-04-14,48.4605,48.528,47.5389,47.8815,1021448
2016-04-15,47.9876,48.3543,47.6885,48.2771,1227200
2016-04-18,49.136,49.329,48.5956,48.9719,2025983
2016-04-19,49.2228,49.3675,48.75,49.0202,1483142
2016-04-20,49.3,49.9079,48.9912,49.7246,1972543
2016-04-21,49.8307,50.0623,48.9044,48.9623,1681163
2016-04-22,49.1456,50.5448,49.0057,50.1588,2798211
2016-04-25,49.9079,50.0478,49.1553,49.8211,1524557
2016-04-26,49.879,50.2553,49.5798,50.1202,1486961
2016-04-27,50.2939,50.979,49.989,50.8343,2748612
2016-04-28,47.0323,48.2868,46.2604,46.656,6221087
2016-04-29,46.3569,46.6367,44.1085,45.7007,7007933
2016-05-02,45.6042,47.0565,45.5463,46.9455,2953737
2016-05-03,46.4341,46.656,45.2954,45.4305,2195602
2016-05-04,45.1024,45.2954,44.6585,44.8901,1256186
2016-05-05,44.8708,45.3051,44.7743,44.948,1684940
2016-05-06,44.8226,45.0831,44.3883,44.977,1533842
2016-05-09,44.7454,45.7586,44.6392,45.5945,1254594
2016-05-10,45.691,46.1156,45.4498,45.6621,1297382
2016-05-11,45.7393,45.7393,44.8612,45.0059,1049452
2016-05-12,45.6814,46.6464,45.5656,46.1253,1826512
2016-05-13,46.0191,46.4051,45.8358,46.0674,1815950
2016-05-16,45.9709,46.6174,45.691,46.27,1347687
2016-05-17,45.9902,46.1542,45.0638,45.2375,1767848
2016-05-18,45.1989,45.5945,44.9287,45.2182,1839047
2016-05-19,45.0542,45.3629,44.1567,45.0542,2507478
2016-05-20,45.2568,45.4884,44.8515,45.2279,1825961
2016-05-23,45.1796,45.2954,44.5717,44.6103,2620353
2016-05-24,44.7261,45.334,44.6971,45.1314,1866545
2016-05-25,45.3147,45.5559,45.1314,45.2858,1495032
2016-05-26,45.3243,45.3243,44.6199,44.9094,1701338
2016-05-27,44.8515,45.3147,44.6489,45.2182,1103430
2016-05-31,45.3919,45.7489,44.6006,44.8134,1979691
2016-06-01,44.523,45.0846,44.2809,44.9781,1252956
2016-06-02,44.8038,45.2395,44.4649,45.2395,1335483
2016-06-03,45.1717,45.1814,44.7941,44.9877,1175252
2016-06-06,45.0265,45.2105,44.1066,44.3487,2725430
2016-06-07,44.4261,44.6876,44.1259,44.523,2119123
2016-06-08,44.5423,44.7844,44.0097,44.7069,2839167
2016-06-09,44.4842,45.8399,44.3583,45.6946,2794292
2016-06-10,45.3847,46.7113,45.0749,46.6339,4419886
2016-06-13,46.3821,46.5274,45.5106,45.8011,2219479
2016-06-14,45.7043,45.7446,45.2008,45.559,2210652
2016-06-15,45.6656,46.14,45.4913,45.5106,1586301
2016-06-16,45.317,45.8786,45.1039,45.8205,1463646
2016-06-17,45.714,45.8786,44.9684,45.3557,2302870
2016-06-20,46.0142,46.4499,45.5203,45.5881,2150983
2016-06-21,45.7237,45.898,45.5106,45.6075,1243411
2016-06-22,45.714,46.1303,45.5784,45.8689,1100484
2016-06-23,46.3531,46.5177,46.1255,46.3337,856729
2016-06-24,44.552,45.2589,44.0097,44.1163,1852837
2016-06-27,43.6708,43.9323,41.9472,42.17,1980972
2016-06-28,42.4701,42.8187,42.0441,42.6154,2171248
2016-06-29,43.2157,43.9323,42.8671,43.6999,2348777
2016-06-30,43.7774,44.6004,43.5062,44.5133,2069039
2016-07-01,44.3487,44.8425,44.3196,44.6682,1399852
2016-07-05,44.4455,44.4455,43.5546,43.6805,1668598
2016-07-06,43.6321,44.4646,43.2545,44.3583,1380363
2016-07-07,44.4455,44.7844,43.971,44.2421,1612117
2016-07-08,44.8812,45.6656,44.7457,45.5397,1803860
2016-07-11,45.7527,46.0819,45.4428,45.9561,1208099
2016-07-12,46.1594,46.3337,45.7914,46.2756,1197898
2016-07-13,46.295,47.1955,46.2078,46.8372,1283556
2016-07-14,47.1083,47.3311,46.5951,46.7985,1027203
2016-07-15,47.699,47.9314,47.3407,47.5247,1588888
2016-07-18,47.5247,47.7474,47.2052,47.5441,890004
2016-07-19,47.4279,47.5247,46.9437,47.4085,1272685
2016-07-20,47.4763,48.0282,47.1374,47.8443,1364030
2016-07-21,47.8346,47.9701,47.0406,47.1568,1040256
2016-07-22,47.2536,47.6796,47.0696,47.1471,1174085
2016-07-25,47.1568,47.4279,46.7694,47.0115,1156344
2016-07-26,47.0987,47.7765,47.0987,47.7571,1296575
2016-07-27,47.8055,47.8055,47.1858,47.5634,1492827
2016-07-28,47.1858,48.4156,45.6849,45.8205,3067233
2016-07-29,45.6752,45.7164,44.7457,45.6849,3663143
2016-08-01,45.8495,45.898,45.4864,45.6462,1705265
2016-08-02,45.5009,45.6656,44.4164,44.5326,1951305
2016-08-03,44.4842,44.7844,44.0485,44.765,2202935
2016-08-04,44.949,45.5397,44.6876,45.133,1553592
2016-08-05,45.3944,45.7355,45.0943,45.2782,1646413
2016-08-08,45.2976,45.317,44.5907,44.8619,1636515
2016-08-09,44.9684,45.4913,44.6488,45.2589,4045460
2016-08-10,45.2105,45.4864,44.9877,45.4235,1378702
2016-08-11,45.5106,46.0432,45.4235,45.6559,1808741
2016-08-12,45.6365,45.9173,45.1427,45.4235,1393191
2016-08-15,45.5687,45.9754,45.4913,45.6075,1154300
2016-08-16,45.5784,45.7624,45.3267,45.4332,1406557
2016-08-17,45.4332,45.4428,44.8134,45.0555,1483001
2016-08-18,45.0362,45.0362,44.6004,44.8715,997070
2016-08-19,44.6391,45.0652,44.5036,44.9103,1233444
2016-08-22,44.8038,45.4041,44.3777,45.3944,1552473
2016-08-23,46.0432,46.6726,45.927,46.14,1837756
2016-08-24,46.0722,46.2659,45.8592,46.0238,1244599
2016-08-25,45.927,46.5758,45.927,46.1691,1467817
2016-08-26,46.324,46.4015,45.1717,45.3654,1810985
2016-08-29,45.2298,45.7043,45.2153,45.6075,1111756
2016-08-30,45.5106,45.898,45.3654,45.6075,1488431
2016-08-31,45.5297,45.9961,45.4034,45.7921,2116154
2016-09-01,45.7241,46.1613,45.3743,46.1516,1571723
2016-09-02,46.5111,47.3175,46.5111,47.2203,2136812
2016-09-06,47.3078,47.4824,46.103,46.103,1831791
2016-09-07,45.5297,46.2584,45.5297,46.1516,1501033
2016-09-08,46.0058,46.3362,45.656,45.7241,820667
2016-09-09,45.2382,45.2965,44.15,44.15,1807658
2016-09-12,43.81,44.6747,43.8003,44.529,2284165
2016-09-13,44.0043,44.4998,43.6254,44.1015,1613206
2016-09-14,43.9946,44.6358,43.946,44.1015,1624808
2016-09-15,43.9654,45.0634,43.9266,44.9468,1443547
2016-09-16,44.6747,44.8593,44.1112,44.5484,1554089
2016-09-19,44.8787,45.316,44.8302,44.9176,1008278
2016-09-20,45.1119,45.4811,44.8982,44.9662,717799
2016-09-21,45.1119,45.1897,44.2666,44.8496,1484727
2016-09-22,45.2188,45.4519,44.7524,44.9468,1243517
2016-09-23,44.8107,45.4714,44.6164,45.2577,1919278
2016-09-26,45.1314,45.6172,44.9273,45.3451,1398370
2016-09-27,45.1897,45.4617,44.8496,44.9565,1287529
2016-09-28,45.0634,45.3743,44.7816,45.1994,1222285
2016-09-29,45.0342,45.2382,44.3929,44.4221,1377921
2016-09-30,44.7233,45.1411,44.2229,44.5193,1600844
2016-10-03,44.2472,44.4269,43.9654,44.1403,861666
2016-10-04,44.1986,44.4124,43.3718,43.6254,1219464
2016-10-05,43.8683,44.2764,43.7711,43.9654,1302949
2016-10-06,43.7128,44.0432,43.4602,43.9363,1045480
2016-10-07,43.7905,43.9169,42.9841,43.091,2199813
2016-10-10,43.3922,43.7128,43.1979,43.5282,1478485
2016-10-11,43.4213,43.5768,42.9258,43.3242,2514626
2016-10-12,43.3728,43.5088,43.2076,43.2562,668461
2016-10-13,42.7898,43.2173,42.1097,43.0521,1037230
2016-10-14,43.3436,43.742,43.2756,43.3533,582125
2016-10-17,43.4408,43.6254,43.2464,43.4505,614400
2016-10-18,43.9752,44.6358,42.8772,42.955,3877644
2016-10-19,43.0424,43.431,42.576,42.9744,4192761
2016-10-20,42.8189,43.3242,42.3428,42.3526,1475363
2016-10-21,42.0028,42.644,41.6336,42.1097,2772178
2016-10-24,42.4303,42.576,41.7696,41.9056,3787626
2016-10-25,41.8279,41.8473,41.0506,41.2449,3625284
2016-10-26,40.9923,42.304,40.8174,42.2748,4360174
2016-10-27,43.9654,44.4415,42.9452,43.2076,5938586
2016-10-28,43.1298,44.3832,43.1104,44.1403,2990404
2016-10-31,44.3249,44.6504,44.1015,44.3346,1599684
2016-11-01,44.4804,44.8399,43.9752,44.2861,2046130
2016-11-02,44.2569,44.4998,43.9479,43.9849,2149601
2016-11-03,44.1015,44.4027,43.8974,44.1598,1466010
2016-11-04,44.3444,44.4124,43.656,43.674,1536843
2016-11-07,44.2569,44.9856,44.1015,44.665,1805259
2016-11-08,44.6261,45.0342,44.2861,44.8787,1517527
2016-11-09,44.2181,45.5977,43.7225,45.4326,3043805
2016-11-10,45.6269,46.6665,45.2868,45.6075,2702564
2016-11-11,45.4034,45.6852,45.1508,45.4423,2067215
2016-11-14,45.7143,46.443,44.9856,45.3063,4772474
2016-11-15,45.4326,45.8406,45.2877,45.7532,1586260
2016-11-16,45.7046,45.9378,45.4617,45.8406,1422292
2016-11-17,45.9087,46.4916,45.7241,46.3945,2273935
2016-11-18,46.2973,46.4722,45.8018,45.8504,720113
2016-11-21,45.8115,45.9572,45.3063,45.384,1637881
2016-11-22,45.452,45.7435,45.3548,45.6658,1308126
2016-11-23,45.6852,46.0836,45.6658,46.0836,1311134
2016-11-25,46.1516,46.171,45.5977,46.1127,582456
2016-11-28,45.8989,46.1321,45.3548,45.4034,980337
2016-11-29,45.4034,45.7726,45.4034,45.656,1565704
2016-11-30,46.0265,46.0265,44.4471,44.4569,3016196
2016-12-01,44.5056,44.5446,43.4722,44.1351,2830320
2016-12-02,44.1546,45.0028,44.0767,44.9638,2293363
2016-12-05,45.1296,45.5488,45.1296,45.2563,1516094
2016-12-06,45.3538,45.5293,45.2466,45.4221,1186534
2016-12-07,45.2563,46.3287,45.2173,46.3287,1346534
2016-12-08,46.4652,47.6741,46.28,47.6157,2228795
2016-12-09,47.5377,47.6936,46.8845,46.9722,1428502
2016-12-12,46.9722,47.3134,46.358,46.67,967653
2016-12-13,46.7577,47.1379,46.7577,47.0989,975084
2016-12-14,47.2257,47.4597,46.124,46.592,2037009
2016-12-15,46.553,46.6797,45.5683,45.9095,1928898
2016-12-16,45.8803,46.1825,45.7584,46.0265,2327203
2016-12-19,46.0558,46.202,45.7438,45.9388,1466797
2016-12-20,45.9875,46.085,45.539,45.5683,1053341
2016-12-21,45.578,45.9095,45.4416,45.7828,1043667
2016-12-22,45.7145,45.7145,45.0223,45.0808,613400
2016-12-23,45.1101,45.2856,44.9541,45.1783,777133
2016-12-27,45.3343,45.578,45.1003,45.2661,481853
2016-12-28,45.4708,45.5196,44.4471,44.5641,1159769
2016-12-29,44.5056,44.8176,44.1157,44.3691,1104773
2016-12-30,44.5349,44.5397,43.9402,44.2034,1310099
2017-01-03,44.5251,45.3441,44.3984,45.3343,1837921
2017-01-04,45.578,46.046,45.4708,46.0265,1606708
2017-01-05,46.0168,46.397,45.8315,46.1923,1873024
2017-01-06,46.1923,46.3092,45.9193,45.9973,664858
2017-01-09,46.1143,46.1143,45.7048,45.89,986191
2017-01-10,46.0265,46.709,45.7145,46.6017,2043894
2017-01-11,46.7675,47.1184,46.5237,47.0989,1808093
2017-01-12,46.865,47.1379,46.5822,47.0697,825156
2017-01-13,46.9917,47.3232,46.2995,46.826,1188777
2017-01-17,46.4652,47.1672,46.1338,47.0404,1147633
2017-01-18,47.1184,47.4792,46.8845,47.3817,1120995
2017-01-19,47.2354,47.5084,46.6797,46.9137,1363524
2017-01-20,47.1672,47.3329,46.8552,47.0599,1275040
2017-01-23,47.0892,47.3329,46.865,47.2939,1035305
2017-01-24,47.5182,48.0641,47.4109,48.0154,918310
2017-01-25,48.1324,48.3566,47.7424,47.9471,1942254
2017-01-26,47.8496,48.0055,47.5669,47.9959,1564300
2017-01-27,47.9959,48.1519,47.7326,47.9666,1140139
2017-01-30,48.3663,48.3663,47.0307,47.3622,828541
2017-01-31,47.2452,47.4889,46.6797,47.2842,1152917
2017-02-01,47.4402,47.9423,47.3232,47.6741,1094970
2017-02-02,47.5864,48.6393,47.0599,48.5321,2573178
2017-02-03,48.7173,48.9221,47.8886,48.4248,2417678
2017-02-06,48.2299,48.6588,48.0544,48.3274,1368906
2017-02-07,48.3371,48.5418,48.0592,48.2591,1193022
2017-02-08,48.2104,49.351,48.0739,48.9611,3091649
2017-02-09,45.1101,46.3287,44.3009,45.9583,8807292
2017-02-10,45.9485,47.1749,45.1101,46.631,3937195
2017-02-13,46.7772,46.9235,45.8023,45.812,2703265
2017-02-14,45.7048,45.9973,45.5975,45.9388,1551226
2017-02-15,45.8413,46.553,45.8218,46.4262,1192064
2017-02-16,46.5432,46.9917,46.5042,46.709,1112867
2017-02-17,46.709,46.9137,46.4067,46.5627,1642917
2017-02-21,46.2507,46.8162,46.2507,46.7382,2200846
2017-02-22,46.6505,46.8552,46.202,46.5237,994504
2017-02-23,46.6992,47.1087,46.6407,46.6895,1478647
2017-02-24,46.553,46.553,45.9193,46.0753,1686367
2017-02-27,45.9193,46.1094,45.3831,45.5196,2212003
2017-02-28,45.3246,45.6658,45.0955,45.3148,2390831
2017-03-01,45.8431,46.4692,45.7061,46.0974,2232683
2017-03-02,46.2051,46.2735,45.6768,45.6963,1102390
2017-03-03,45.667,45.7061,45.0409,45.2952,2488881
2017-03-06,44.943,45.1681,44.0919,44.3072,3426991
2017-03-07,44.2191,44.2631,43.2359,43.4462,3319745
2017-03-08,43.5245,43.6321,43.0745,43.1234,3946634
2017-03-09,43.2799,43.8865,43.0451,43.8767,4340958
2017-03-10,44.1604,44.5615,44.0821,44.2289,1591100
2017-03-13,44.3267,44.4148,43.6419,44.0626,1287783
2017-03-14,44.0626,44.767,44.0039,44.5126,1616914
2017-03-15,44.855,45.0507,44.6985,44.9039,1539776
2017-03-16,45.0898,45.0898,44.7376,44.8843,2572331
2017-03-17,45.0604,45.1583,44.6838,45.0604,1293558
2017-03-20,45.1387,45.4224,44.9039,45.1974,1497388
2017-03-21,45.2463,45.4713,44.312,44.3756,1267491
2017-03-22,44.4539,44.6398,44.0137,44.4245,1177510
2017-03-23,44.3854,44.7474,44.2387,44.4735,932593
2017-03-24,44.4735,44.4735,43.368,43.7006,2110208
2017-03-27,43.2897,43.2897,41.6169,42.6049,6906198
2017-03-28,42.4973,43.2408,42.4093,42.8788,2554636
2017-03-29,42.7419,42.8495,42.3212,42.5462,2477321
2017-03-30,42.5951,42.693,42.331,42.3603,1050515
2017-03-31,42.2136,42.8593,41.9788,42.6343,2222632
2017-04-03,42.7027,42.9962,42.3016,42.644,2085564
2017-04-04,42.0668,42.4582,42.0473,42.106,1505200
2017-04-05,42.2136,42.5853,42.0277,42.1353,2714629
2017-04-06,42.1353,42.4582,42.0473,42.1255,2904501
2017-04-07,42.0179,42.3212,41.8223,41.969,2050271
2017-04-10,41.969,42.3799,41.881,41.9592,1300265
2017-04-11,41.8223,42.1353,41.6951,42.0668,1652480
2017-04-12,42.0375,42.0571,41.6364,41.7636,1220229
2017-04-13,41.5386,41.7636,41.3723,41.5875,1511714
2017-04-17,41.8223,42.0179,41.656,41.881,1564457
2017-04-18,41.5875,42.0668,41.4897,42.0277,1205079
2017-04-19,42.2429,42.7517,42.1842,42.5951,2706219
2017-04-20,42.7125,43.1919,42.5951,43.0354,2167107
2017-04-21,42.9767,43.2408,42.7614,42.8006,1590353
2017-04-24,43.143,43.3582,42.9864,43.2017,1215991
2017-04-25,43.368,43.9843,43.3386,43.8963,1531545
2017-04-26,43.9256,44.1017,43.7397,43.7593,1287609
2017-04-27,43.7006,43.7202,42.9767,43.2506,1487312
2017-04-28,43.2017,43.2604,42.7614,43.0647,1511147
2017-05-01,43.1234,43.2799,42.8006,43.1332,762336
2017-05-02,43.1821,43.5636,43.0647,43.4952,1568111
2017-05-03,43.4071,43.5441,43.1038,43.2995,1037205
2017-05-04,43.3484,44.1995,43.3484,44.1995,1599534
2017-05-05,44.4148,45.266,44.1604,44.7963,2253456
2017-05-08,44.6593,45.5007,44.6593,45.4028,3530453
2017-05-09,44.493,44.6005,41.2451,41.382,11341075
2017-05-10,41.2255,42.5756,40.8342,42.4582,4976027
2017-05-11,42.1353,42.6538,41.9788,42.194,4204841
2017-05-12,42.0668,42.3603,41.5679,41.607,2218773
2017-05-15,41.8027,42.2723,41.7049,42.0571,3685163
2017-05-16,42.1255,42.8006,42.0473,42.7614,2535716
2017-05-17,42.3016,43.006,42.1549,42.693,2740898
2017-05-18,41.9886,42.4093,41.4994,42.0082,2227609
2017-05-19,42.2038,42.5364,41.9788,42.5071,1858731
2017-05-22,42.5266,43.1038,42.5266,42.9473,1558219
2017-05-23,42.9278,43.3876,42.8201,42.9473,2251642
2017-05-24,42.8984,43.3386,42.8886,43.1136,3083488
2017-05-25,43.0647,43.73,43.0647,43.2604,2844520
2017-05-26,43.2408,43.7055,43.2408,43.5832,1339531
2017-05-30,43.4169,43.9745,43.3582,43.7104,2486467
2017-05-31,43.8282,43.838,43.3618,43.6122,1688562
2017-06-01,43.7104,44.1055,43.5042,43.8871,1265477
2017-06-02,43.9264,44.3584,43.6809,43.7202,7192080
2017-06-05,43.6515,44.054,43.6515,43.7791,2306047
2017-06-06,43.7202,43.7594,43.298,43.4158,1635127
2017-06-07,43.4551,43.8086,43.3864,43.514,2609871
2017-06-08,43.5533,43.8478,43.3275,43.5238,1861248
2017-06-09,43.5337,43.6417,42.9249,43.3373,2603837
2017-06-12,43.2588,43.7889,43.2489,43.3864,1614186
2017-06-13,43.7006,44.2111,43.4257,44.162,1903241
2017-06-14,44.1424,44.4664,44.1424,44.3289,1784463
2017-06-15,44.1817,44.4664,43.9755,44.0246,1695826
2017-06-16,44.1424,44.2699,43.8773,44.2111,2227429
2017-06-19,44.2308,44.5155,43.9755,44.4762,1447116
2017-06-20,44.4467,44.5253,44.162,44.2504,2332874
2017-06-21,44.3191,44.5057,44.162,44.4467,1759632
2017-06-22,44.4173,44.5644,44.054,44.1031,1961993
2017-06-23,44.0049,44.3682,43.9068,44.0148,4115227
2017-06-26,44.054,44.6382,44.054,44.5155,1307312
2017-06-27,44.5744,44.6726,44.2406,44.2406,1571301
2017-06-28,44.5744,44.8689,44.4173,44.6431,1288280
2017-06-29,44.6431,44.7707,43.7693,44.054,2069646
2017-06-30,44.0933,44.1915,43.8037,43.946,2025113
2017-07-03,44.2209,44.3387,43.9755,44.1915,982425
2017-07-05,44.1718,44.4271,43.8509,44.2111,1426385
2017-07-06,44.0049,44.1424,43.7497,43.9068,1283967
2017-07-07,44.1326,44.7609,44.0197,44.4958,1352233
2017-07-10,44.4664,45.0555,44.3191,45.0064,1816440
2017-07-11,44.9867,45.0751,44.4271,44.5744,1935495
2017-07-12,44.8297,45.0947,44.6529,45.0457,1162142
2017-07-13,45.026,45.3893,44.9917,45.026,1067493
2017-07-14,45.1831,45.4482,45.0457,45.2126,1078705
2017-07-17,45.1242,45.3893,44.8886,45.2813,1275493
2017-07-18,44.9377,45.1438,44.7707,44.9475,988227
2017-07-19,45.026,45.3795,45.026,45.1831,1135067
2017-07-20,45.0947,45.0947,44.6038,44.702,1182967
2017-07-21,44.6529,44.8787,44.3093,44.8689,979294
2017-07-24,44.9966,45.0457,44.3977,44.4762,1409082
2017-07-25,44.7511,44.8349,44.2553,44.378,1187469
2017-07-26,44.378,44.4566,44.0737,44.2406,1057172
2017-07-27,44.054,44.1718,43.5042,43.8773,2906262
2017-07-28,43.8871,43.8871,42.9544,43.0722,2217272
2017-07-31,43.1213,43.1213,42.6009,42.7188,2737142
2017-08-01,42.7286,42.8366,42.0806,42.7678,3275300
2017-08-02,42.7286,42.8366,42.0806,42.7678,3275346
2017-08-03,42.8268,42.8268,42.0609,42.4733,1996925
2017-08-04,42.6402,42.866,42.3948,42.6991,3213750
2017-08-07,42.7875,43.3275,42.6697,43.0624,2620016
2017-08-08,43.5926,45.0555,43.0035,44.1817,4420812
2017-08-09,44.1817,44.378,43.8478,44.0344,2285431
2017-08-10,43.9362,44.1277,43.2097,43.2293,1708431
2017-08-11,43.1998,43.4551,42.9937,43.3766,2307073
2017-08-14,43.7104,44.3977,43.5926,44.1817,1707265
2017-08-15,44.1522,44.4566,44.0246,44.1326,1602865
2017-08-16,44.3387,44.648,44.2897,44.6431,1525429
2017-08-17,44.5057,44.6038,44.1129,44.1228,1292752
2017-08-18,43.9951,44.2406,43.6809,44.1424,1816003
2017-08-21,44.162,44.3093,43.9558,44.0246,1418846
2017-08-22,44.054,44.6775,44.054,44.6726,2181087
2017-08-23,44.4762,44.7806,44.2897,44.4762,1579677
2017-08-24,44.5057,44.5646,44.0,44.0344,1465706
2017-08-25,44.1817,44.2848,43.8577,44.0049,1718334
2017-08-28,44.0442,44.0737,43.3128,43.4551,1402968
2017-08-29,43.298,43.3373,42.7875,43.19,2616032
2017-08-30,43.1802,43.7615,43.1407,43.663,1502309
2017-08-31,43.7517,43.9537,43.5842,43.732,2456482
2017-09-01,43.9389,44.3626,43.7517,44.2937,1488610
2017-09-05,44.2247,44.2247,43.2491,43.5842,2901613
2017-09-06,43.5546,43.5546,42.5002,42.8057,5446360
2017-09-07,42.244,43.2886,41.8302,43.1112,4443671
2017-09-08,43.121,43.19,42.1849,42.3918,6942639
2017-09-11,42.7072,43.328,42.5298,42.9732,3512685
2017-09-12,43.0422,43.3575,42.8057,42.9929,3288083
2017-09-13,42.9535,43.1309,42.7072,42.7959,2598419
2017-09-14,42.6776,42.7762,42.3918,42.6283,2161559
2017-09-15,42.5791,42.983,42.5791,42.8156,3823117
2017-09-18,42.9831,43.0816,42.2145,42.2637,1762692
2017-09-19,42.1455,42.3918,40.6181,41.1108,5122617
2017-09-20,41.1305,41.5247,41.0024,41.2586,3217902
2017-09-21,41.8302,42.3426,41.5641,41.8203,2198606
2017-09-22,41.7908,42.1159,41.6922,41.8794,2520817
2017-09-25,41.8794,41.909,41.505,41.5543,1704753
2017-09-26,41.6824,42.313,41.6824,42.1751,2514789
2017-09-27,42.2539,42.4017,41.5248,41.9189,1987162
2017-09-28,41.84,42.6136,41.7908,42.313,2486678
2017-09-29,42.1849,42.4214,41.6824,42.0962,2739311
2017-10-02,42.1258,42.5002,41.909,42.382,2150670
2017-10-03,42.6382,43.2541,42.5397,43.1013,3162621
2017-10-04,43.1999,43.4376,43.121,43.3575,2300588
2017-10-05,43.3772,43.7566,43.2393,43.4462,1929536
2017-10-06,43.3674,43.8404,43.2639,43.5152,1731700
2017-10-09,43.6137,43.7221,43.4462,43.6729,1478301
2017-10-10,43.6729,44.205,43.6729,44.1261,4923614
2017-10-11,44.1163,44.274,43.2393,43.3674,2889463
2017-10-12,43.1999,43.5645,43.0718,43.4955,2170241
2017-10-13,43.801,44.1459,43.6039,43.8995,2389954
2017-10-16,44.0079,44.067,43.6137,43.998,1341383
2017-10-17,43.8404,43.8995,43.461,43.6236,2045471
2017-10-18,43.6827,43.865,43.4068,43.4364,1297572
2017-10-19,43.4068,43.6137,43.1802,43.5152,1270803
2017-10-20,43.6827,44.7272,43.5743,44.5597,3190089
2017-10-23,44.7075,44.8948,44.1754,44.205,1854027
2017-10-24,44.1853,44.4415,43.8305,43.9094,2029444
2017-10-25,43.8207,44.0276,43.4561,43.9389,1664792
2017-10-26,44.1064,44.2444,43.8699,44.0867,1612213
2017-10-27,44.0079,44.2444,43.2591,43.9488,1704013
2017-10-30,43.8798,43.9488,43.2393,43.4561,1881053
2017-10-31,43.5053,43.8798,43.3477,43.5842,2035600
2017-11-01,43.663,43.8404,43.1802,43.3181,1795891
2017-11-02,43.1703,43.3575,42.7072,43.2491,1288434
2017-11-03,43.1407,43.5251,43.0225,43.4955,1109473
2017-11-06,43.4955,43.6307,43.1013,43.1703,2871619
2017-11-07,43.1506,43.3674,42.8451,42.9732,2472959
2017-11-08,43.19,44.5302,43.19,44.1459,3904621
2017-11-09,43.8502,44.4809,43.7911,44.1163,2779161
2017-11-10,43.9094,44.0769,43.5743,43.7024,2340527
2017-11-13,43.7024,44.4218,43.5842,44.3232,1495718
2017-11-14,44.3134,44.6681,44.0572,44.4415,2521090
2017-11-15,44.2345,44.4218,43.8699,44.2937,1977016
2017-11-16,44.3725,45.1608,44.3035,44.9145,2495452
2017-11-17,44.7864,45.1608,44.5893,45.0524,1469714
2017-11-20,44.9834,44.9834,44.2838,44.3528,2182764
2017-11-21,44.4907,44.6977,44.2542,44.4809,2093515
2017-11-22,44.4907,44.7962,44.4119,44.6484,1597786
2017-11-24,44.9243,45.0426,44.5745,44.9046,2628326
2017-11-27,44.9145,46.1856,44.7765,45.8802,3193996
2017-11-28,46.0477,46.7424,45.7323,46.4714,2630888
2017-11-29,46.4123,46.9863,46.2448,46.6488,2706295
2017-11-30,46.9058,47.8254,46.718,47.509,2438823
2017-12-01,47.5584,47.7759,46.5598,47.2025,2300802
2017-12-04,47.42,47.9243,47.3013,47.5782,3107196
2017-12-05,47.6375,47.7364,47.064,47.4497,2555296
2017-12-06,47.5584,47.5683,46.8663,47.0443,3435655
2017-12-07,47.0344,47.593,47.0344,47.42,2984480
2017-12-08,47.5189,47.7364,47.1926,47.2519,2371472
2017-12-11,47.2222,47.4497,46.8663,47.2321,2063859
2017-12-12,47.3409,47.4497,47.0443,47.1728,2269194
2017-12-13,47.153,47.8946,47.0047,47.7067,3012209
2017-12-14,47.7463,47.9737,47.4497,47.4892,2831333
2017-12-15,48.1418,48.735,48.0034,48.1319,3977455
2017-12-18,48.4582,48.8932,48.3,48.824,2600927
2017-12-19,48.8734,49.3777,48.7943,49.1009,2612484
2017-12-20,48.7548,49.0218,47.9045,47.9638,3267376
2017-12-21,48.5175,48.7152,47.855,48.1517,2682291
2017-12-22,48.1615,48.6955,48.1022,48.5373,1367804
2017-12-26,48.4779,48.9427,48.4483,48.5867,1662410
2017-12-27,48.8438,49.0119,48.6263,48.6559,2087102
2017-12-28,48.6361,48.9229,48.5175,48.8932,1360357
2017-12-29,48.9328,49.1997,48.7251,48.7449,1340300
2018-01-02,48.9328,49.2492,48.6263,48.8636,1837236
2018-01-03,48.913,48.9921,48.7152,48.9031,1647777
2018-01-04,48.9822,49.2857,48.8833,49.0119,1842450
2018-01-05,49.1602,49.2689,48.6856,48.8636,2240795
2018-01-08,48.8636,49.2986,48.824,49.0811,2106845
2018-01-09,49.0613,49.1552,48.3791,48.4186,2576191
2018-01-10,48.3692,48.4087,48.0458,48.1121,2221227
2018-01-11,48.1714,48.3494,47.6771,48.1022,2760038
2018-01-12,48.3791,48.5175,48.122,48.3099,2100967
2018-01-16,48.4681,48.5768,47.6523,47.8847,2354508
2018-01-17,48.2406,48.2604,47.9144,47.9539,2048509
2018-01-18,47.8353,48.3247,47.8353,48.1912,1658206
2018-01-19,48.4681,48.9031,48.4681,48.5472,2373940
2018-01-22,48.5472,48.735,47.9935,48.4186,1848208
2018-01-23,48.2703,48.646,48.0627,48.4483,1262084
2018-01-24,48.646,48.8932,48.0231,48.3494,1615315
2018-01-25,48.5274,49.0119,48.2703,48.5274,1878029
2018-01-26,48.6263,48.735,48.295,48.4285,1604697
2018-01-29,48.4483,48.8141,47.9243,47.9539,3253724
2018-01-30,47.8748,48.2011,47.5881,47.6177,3081411
2018-01-31,47.0245,47.2816,46.6389,46.8169,3826283
2018-02-01,46.5598,46.9948,46.3917,46.5104,2506349
2018-02-02,46.2731,46.4214,45.6175,45.6996,2290446
2018-02-05,45.5315,45.6403,43.732,43.9693,3948968
2018-02-06,43.1981,43.9693,42.5851,43.7814,4568421
2018-02-07,43.7814,44.691,43.465,43.8605,3915371
2018-02-08,43.8704,44.5823,42.1203,42.1401,4542226
2018-02-09,42.4763,42.6938,40.3011,41.1909,4418923
2018-02-12,41.3689,42.2785,40.7954,42.0412,6423789
2018-02-13,41.6853,41.7248,40.7954,41.2503,3141982
2018-02-14,40.9635,42.0314,40.9635,42.0314,3718720
2018-02-15,42.2687,42.5307,41.6853,42.4071,2440422
2018-02-16,42.2687,42.4219,41.8138,42.1797,2291694
2018-02-20,41.9325,42.3466,41.4876,41.5963,1762313
2018-02-21,41.6853,42.3972,41.6853,41.7248,1644404
2018-02-22,41.8237,42.328,41.3294,41.4678,2734216
2018-02-23,41.6655,42.1994,41.5073,42.1797,1643220
2018-02-26,42.2588,42.4862,41.7644,42.3181,1928747
2018-02-27,42.2291,42.6444,41.6655,41.6655,1865937
2018-02-28,41.715,42.4269,41.626,41.8929,2837059
2018-03-01,41.9028,42.2701,41.357,41.5257,2925434
2018-03-02,41.3371,42.8556,41.2974,42.7862,5231362
2018-03-05,42.4487,43.7687,42.4289,43.6099,4784725
2018-03-06,43.6099,44.1211,43.1832,44.0565,2621624
2018-03-07,43.8382,44.0268,43.3817,43.4809,2784232
2018-03-08,43.5008,43.6645,43.2328,43.471,1340815
2018-03-09,43.7489,44.3493,43.4611,44.3146,2019069
2018-03-12,44.4039,44.5329,44.1756,44.265,936653
2018-03-13,44.5131,44.6818,44.3146,44.4039,1035479
2018-03-14,44.4337,44.4337,43.8084,43.8779,1394369
2018-03-15,43.9077,44.0119,43.6199,43.7191,1896642
2018-03-16,43.7191,44.2749,43.6298,43.7687,2847832
2018-03-19,43.6397,43.997,43.3519,43.471,2354575
2018-03-20,43.5206,43.729,43.3171,43.3717,2635775
2018-03-21,43.3618,43.3817,42.5877,42.5877,2223030
2018-03-22,42.2701,42.6571,41.4463,41.486,2047858
2018-03-23,41.6349,41.8532,40.7416,40.8111,2226426
2018-03-26,41.3173,41.8582,41.228,41.7837,1983646
2018-03-27,41.8433,42.3792,41.5555,41.8532,2878487
2018-03-28,41.9326,42.2502,41.8135,41.9028,1754024
2018-03-29,42.0914,42.7862,42.0418,42.4686,1416221
2018-04-02,42.3693,42.4289,40.9997,41.486,1909459
2018-04-03,41.5356,42.151,41.4215,41.9624,1607381
2018-04-04,41.4562,42.6621,41.4562,42.5777,1107354
2018-04-05,43.0144,43.2427,42.6968,43.0541,1184312
2018-04-06,42.6075,42.9053,41.7242,42.0517,1384019
2018-04-09,42.2304,42.9549,42.1212,42.5579,1320786
2018-04-10,43.0442,43.5305,42.9053,43.2328,875816
2018-04-11,42.9152,43.6,42.9152,43.1732,803734
2018-04-12,43.3618,43.6298,43.1633,43.3618,723499
2018-04-13,43.6695,43.7985,43.4114,43.5702,1505191
2018-04-16,43.8382,44.5726,43.5802,44.4436,1339984
2018-04-17,44.5826,45.0512,44.3543,44.92,1158696
2018-04-18,44.9597,45.0292,44.6223,44.7017,1466782
2018-04-19,44.7017,44.7612,43.9077,44.0168,2026552
2018-04-20,44.1359,44.2351,43.5603,43.6893,1752002
2018-04-23,43.8084,43.9871,43.5553,43.7787,909712
2018-04-24,44.0168,44.0168,42.9648,43.3221,1405726
2018-04-25,43.1832,43.7836,43.0442,43.6,1138931
2018-04-26,43.7588,44.3344,43.4538,44.1459,1108144
2018-04-27,44.0764,44.4039,43.9176,44.3047,707758
2018-04-30,44.3642,44.4625,43.471,43.5206,1476001
2018-05-01,43.3817,43.997,43.1335,43.9771,2036962
2018-05-02,43.8878,44.0466,43.2526,43.3817,1735921
2018-05-03,43.7886,44.4337,42.7465,43.5802,2840397
2018-05-04,43.4611,44.3543,43.4611,44.1161,1374562
2018-05-07,44.2947,44.3146,43.6794,43.7886,1632601
2018-05-08,43.8084,43.9771,43.5603,43.7588,1222980
2018-05-09,43.8779,43.8779,43.1435,43.729,1363157
2018-05-10,43.7588,44.1558,43.7489,43.9672,1003381
2018-05-11,44.0466,44.4138,43.9275,44.0367,754107
2018-05-14,44.1657,44.2302,43.4511,43.5901,1840603
2018-05-15,43.4412,43.4412,42.7365,43.1137,1756963
2018-05-16,43.1832,43.5405,43.1335,43.342,1766517
2018-05-17,43.342,43.5107,43.0144,43.2427,1468040
2018-05-18,43.2526,44.2947,43.2328,44.0565,1325625
2018-05-21,44.265,44.2749,43.8878,44.2054,893475
2018-05-22,44.2253,44.8505,44.2253,44.5726,1042564
2018-05-23,44.4039,45.2078,44.4039,45.1284,1924653
2018-05-24,45.1483,45.5155,44.9399,45.2773,1499177
2018-05-25,45.2178,45.8579,45.1185,45.4262,1154880
2018-05-29,45.0689,45.2178,43.9573,44.2054,1690164
2018-05-30,44.4238,44.652,44.2947,44.4635,1749022
2018-05-31,44.5232,44.5232,43.1636,43.3877,2250215
2018-06-01,43.7563,43.9555,43.5371,43.7861,922392
2018-06-04,43.9455,44.1447,43.6567,43.9754,930745
2018-06-05,44.065,44.3041,43.6666,43.7563,1561887
2018-06-06,43.6766,43.8129,42.6706,43.2383,1474748
2018-06-07,43.2284,43.5969,43.1188,43.1686,1528669
2018-06-08,43.1188,44.0949,42.7801,43.6268,1985540
2018-06-11,43.6666,44.4136,43.5969,44.0551,1436482
2018-06-12,44.1646,44.1746,43.816,44.1248,1230937
2018-06-13,44.1746,44.324,43.4973,43.5172,1506188
2018-06-14,43.7164,44.1348,43.5073,43.8957,1953003
2018-06-15,43.7563,44.8519,43.6567,44.822,3746275
2018-06-18,44.6527,44.9615,44.5431,44.5631,1565613
2018-06-19,44.1148,44.4933,43.7861,43.8758,2031064
2018-06-20,43.9455,44.4336,43.6985,44.324,1429137
2018-06-21,44.1746,44.2344,43.2284,43.2881,1278507
2018-06-22,43.4774,43.5172,43.0789,43.3778,3612082
2018-06-25,43.4475,43.4873,42.9295,43.1786,2133387
2018-06-26,43.1786,43.4375,42.8897,43.0192,1786409
2018-06-27,42.8797,43.0939,42.4116,42.4315,1816581
2018-06-28,42.4216,42.4265,41.8638,42.2622,1692408
2018-06-29,42.3618,42.8299,42.2223,42.2821,1344169
2018-07-02,42.0729,42.3618,41.794,42.2223,2820912
2018-07-03,42.4614,42.8001,42.1925,42.2821,1287354
2018-07-05,42.4415,42.5062,41.9933,42.3718,1187187
2018-07-06,42.3817,42.7801,42.2622,42.561,872169
2018-07-09,42.7303,43.0789,42.556,42.6606,950683
2018-07-10,42.561,42.8598,42.5212,42.7204,1277919
2018-07-11,42.4614,42.7104,42.2323,42.6008,1549758
2018-07-12,42.8797,43.059,42.2971,42.312,1305874
2018-07-13,42.2722,42.7204,42.2722,42.6008,1244927
2018-07-16,42.7004,42.7004,42.2024,42.322,1288390
2018-07-17,42.1028,42.6208,42.0729,42.561,1086516
2018-07-18,42.6407,42.9495,42.5189,42.7503,1154003
2018-07-19,42.7403,42.9594,42.3917,42.8399,1436888
2018-07-20,42.561,42.7403,42.3917,42.4415,1561069
2018-07-23,42.4315,42.5909,41.9733,42.0032,1204578
2018-07-24,42.1028,42.4315,41.9634,42.0929,1196394
2018-07-25,42.0231,42.4514,41.8538,41.9435,2042424
2018-07-26,42.0132,42.7844,41.9634,42.6307,3652042
2018-07-27,42.8897,43.8758,42.7522,43.6567,2025541
2018-07-30,43.7264,44.1846,43.6168,43.7463,1497314
2018-07-31,43.8359,44.1646,43.7463,43.8957,1285258
2018-08-01,43.826,43.9753,43.2732,43.4475,1523358
2018-08-02,43.5869,44.085,41.4753,42.7602,2533194
2018-08-03,43.0192,43.4963,42.2223,43.2184,1909513
2018-08-06,43.0989,44.1049,42.9943,43.0192,1361852
2018-08-07,40.8378,42.0431,40.7183,40.8378,4513177
2018-08-08,40.8378,41.3458,40.6586,41.1267,2458319
2018-08-09,41.0769,41.555,41.047,41.296,1551683
2018-08-10,41.1765,41.1765,39.3737,39.6027,2700402
2018-08-13,39.6426,39.782,38.8657,39.4733,4150363
2018-08-14,39.6526,40.305,39.5729,39.7123,2000454
2018-08-15,39.792,39.792,39.3039,39.5629,2010268
2018-08-16,39.6824,39.7024,38.8358,38.8956,1860001
2018-08-17,38.6963,38.8956,38.3378,38.796,5421873
2018-08-20,38.8856,38.9553,38.4872,38.6764,2286539
2018-08-21,38.6167,39.284,38.6167,39.2243,1978384
2018-08-22,39.2541,39.3537,39.0151,39.1645,1356368
2018-08-23,39.0948,39.1844,38.6764,38.7561,1217089
2018-08-24,38.8059,38.9952,38.6864,38.8059,1143509
2018-08-27,38.9155,39.9314,38.8358,39.6924,1807672
2018-08-28,39.6625,40.051,39.6227,39.9215,1986353
2018-08-29,39.9514,40.7482,39.9016,40.5789,1784379
2018-08-30,40.4793,40.5988,40.051,40.1207,1234467
2018-08-31,40.0111,40.3498,39.8318,39.9514,1308504
2018-09-04,39.782,39.9514,39.2641,39.3637,1619397
2018-09-05,39.284,40.5091,39.2566,40.3,2387558
2018-09-06,40.3,40.66,40.17,40.5,1038939
2018-09-07,40.43,40.56,40.14,40.25,1215034
2018-09-10,40.45,40.79,40.34,40.58,1013707
2018-09-11,40.52,40.72,40.08,40.56,1328474
2018-09-12,40.56,41.07,40.39,40.82,1175968
2018-09-13,41.04,41.31,40.95,41.23,1059805
