date,open,high,low,close,volume
2013-09-16,96.3391,96.6228,95.5589,95.683,413693
2013-09-17,96.0288,96.4278,95.6476,96.0199,505529
2013-09-18,96.1086,96.3923,94.5659,96.1795,520219
2013-09-19,96.2593,96.4012,94.9649,95.4702,413066
2013-09-20,95.1067,95.488,94.7166,94.9915,909501
2013-09-23,95.0447,95.0778,93.9896,94.4772,352816
2013-09-24,94.1315,94.9737,94.0251,94.3265,399636
2013-09-25,94.4861,94.7432,93.8123,93.8566,372186
2013-09-26,93.8655,94.4152,93.2094,93.7059,379481
2013-09-27,93.1384,93.2448,92.5356,92.9079,460890
2013-09-30,92.7838,93.4399,92.5976,93.1296,845253
2013-10-01,93.1828,93.6793,92.7395,93.4576,517338
2013-10-02,93.236,93.236,92.0303,93.0498,587213
2013-10-03,92.7749,93.4133,92.1188,93.0675,400224
2013-10-04,92.8104,94.3265,92.6286,93.9187,397194
2013-10-07,93.7147,94.0428,93.0365,93.7857,490863
2013-10-08,93.5995,94.3336,93.5729,93.6083,609961
2013-10-09,93.564,93.8566,92.3671,92.5444,459773
2013-10-10,93.4044,94.4861,93.3601,94.4329,455168
2013-10-11,94.0251,94.5951,93.8211,94.5127,366785
2013-10-14,94.3354,94.7077,93.9275,94.6279,378391
2013-10-15,94.3797,94.4737,93.7413,93.9541,595005
2013-10-16,94.3886,95.3284,94.1846,95.3106,543310
2013-10-17,95.2752,96.215,94.8939,96.1441,425567
2013-10-18,96.5253,96.5253,95.417,95.6476,338045
2013-10-21,95.5057,95.5057,94.5748,94.7432,465067
2013-10-22,94.8585,96.5962,94.7468,96.4012,631457
2013-10-23,96.0022,96.7115,95.7938,96.5076,316936
2013-10-24,96.481,97.1991,96.0377,97.1725,335170
2013-10-25,97.0395,97.9084,96.7292,97.8463,315380
2013-10-28,97.7134,99.7703,97.7134,99.4777,452561
2013-10-29,99.4334,100.1427,99.2383,100.0983,304123
2013-10-30,100.0363,100.0629,98.4226,98.8571,333606
2013-10-31,98.6532,98.9546,98.0857,98.6,460405
2013-11-01,98.4936,98.9369,97.8907,98.4226,310122
2013-11-04,98.7596,98.9387,97.5892,98.0769,236612
2013-11-05,97.6602,98.3517,97.3321,98.1389,434598
2013-11-06,98.733,99.1851,98.3606,99.1851,327322
2013-11-07,99.1408,99.3447,95.089,95.4082,726982
2013-11-08,95.2752,96.2948,94.3185,96.2948,520549
2013-11-11,96.3568,96.7469,95.1156,95.4348,427808
2013-11-12,95.3106,95.3195,94.4063,95.2308,395081
2013-11-13,94.0096,97.1118,94.0096,96.2114,337536
2013-11-14,96.4254,97.5218,96.2828,97.1028,320324
2013-11-15,97.192,97.816,96.1312,97.4772,482966
2013-11-18,97.816,97.816,96.7106,97.085,327816
2013-11-19,96.6037,97.0225,96.0287,96.7998,313890
2013-11-20,90.8985,93.1004,88.67,90.4707,2903443
2013-11-21,89.1811,92.6725,89.1565,91.8345,1393143
2013-11-22,91.7365,92.8329,91.7365,92.6636,680708
2013-11-25,92.8775,93.4302,92.2134,92.9845,533307
2013-11-26,92.9845,94.4553,92.9845,94.1522,773271
2013-11-27,94.1522,94.5445,93.7867,94.1433,451190
2013-11-29,94.2859,94.5176,92.8775,92.9221,316243
2013-12-02,93.1538,93.7422,92.3694,93.1093,688932
2013-12-03,93.2608,93.7591,92.726,93.5817,1002860
2013-12-04,92.8864,93.7333,92.4942,93.3767,1125093
2013-12-05,92.6457,92.8187,91.0679,91.1838,1257636
2013-12-06,91.9326,93.0781,91.6563,92.9934,856476
2013-12-09,93.555,94.6693,93.2073,93.4926,697905
2013-12-10,93.2786,93.6352,91.7276,91.995,821744
2013-12-11,92.3783,93.3232,91.9861,92.6992,889096
2013-12-12,92.3961,92.5477,90.2924,90.3726,726020
2013-12-13,90.4885,90.7381,89.3029,89.5079,879609
2013-12-16,89.6238,91.1036,89.6238,90.5687,533743
2013-12-17,90.4172,90.7916,89.4188,90.123,610224
2013-12-18,90.0517,90.9788,89.499,90.8005,885920
2013-12-19,90.4796,91.1036,89.7308,90.8807,567825
2013-12-20,91.2016,91.8167,90.6133,91.0323,766452
2013-12-23,91.371,91.5938,90.3815,90.6044,702944
2013-12-24,90.8272,91.9772,90.5598,91.2462,244890
2013-12-26,91.371,91.9014,91.1036,91.8078,382273
2013-12-27,91.7632,92.6814,91.7632,91.9772,323448
2013-12-30,91.8167,92.7616,91.8167,92.3961,328001
2013-12-31,92.512,92.9845,92.102,92.3694,436772
2014-01-02,92.3872,92.3961,90.7737,90.952,878923
2014-01-03,90.9699,91.2141,90.3637,90.4885,620874
2014-01-06,90.8985,90.9164,89.6862,89.9447,776228
2014-01-07,91.0323,91.3442,90.2656,90.4974,817810
2014-01-08,90.2924,90.2924,87.2615,87.5111,1424205
2014-01-09,87.4933,87.627,87.0654,87.3418,1168315
2014-01-10,87.3596,88.0014,87.0922,87.734,908134
2014-01-13,87.6538,88.2421,86.5707,86.8158,1055344
2014-01-14,86.9317,88.7145,86.8426,88.5541,972475
2014-01-15,88.5541,89.0355,87.7072,87.9747,907041
2014-01-16,87.9747,88.2421,87.4576,87.8499,623853
2014-01-17,87.8855,87.8944,86.5306,86.6464,668072
2014-01-21,87.1813,87.2972,85.9066,86.6464,875040
2014-01-22,87.0119,88.1217,86.8461,87.7607,832073
2014-01-23,87.3863,87.734,87.003,87.4309,717096
2014-01-24,87.2348,88.0549,86.6375,87.3328,1076731
2014-01-27,87.4042,88.5452,87.1902,87.9212,997765
2014-01-28,87.8142,88.8572,87.7429,88.5273,931171
2014-01-29,87.4844,87.734,86.1116,86.5662,1081606
2014-01-30,87.0565,87.5111,86.7311,87.2348,566602
2014-01-31,86.1294,87.1456,85.8442,85.9244,932629
2014-02-03,85.9244,86.0242,83.5978,83.7315,1119759
2014-02-04,84.0078,84.3198,83.2234,83.5354,746440
2014-02-05,83.0005,83.161,81.9531,82.742,1105939
2014-02-06,83.2501,83.6156,83.054,83.4284,598844
2014-02-07,83.5889,84.0613,82.9203,83.2323,875356
2014-02-10,83.0897,84.0881,82.9738,83.5265,901888
2014-02-11,83.7137,84.2485,83.0273,83.8206,1648894
2014-02-12,83.7488,84.2242,83.0853,84.0538,1199664
2014-02-13,83.7488,85.4262,83.6053,85.3365,1261187
2014-02-14,81.8025,82.7353,78.1249,82.3496,4272235
2014-02-18,83.2017,86.1706,83.0672,85.4889,1869457
2014-02-19,85.4889,86.4218,85.0943,85.7042,1500111
2014-02-20,86.3859,88.422,86.0226,88.1529,2207066
2014-02-21,88.1619,88.4489,87.6058,87.8479,1618138
2014-02-24,88.1439,89.1396,88.0094,88.5296,1136633
2014-02-25,88.3951,89.6867,88.3592,88.8077,1109438
2014-02-26,88.7449,89.3773,88.4041,88.4489,1153599
2014-02-27,88.3592,89.4983,88.3233,89.3728,1071450
2014-02-28,89.301,90.494,89.1934,89.7046,1185414
2014-03-03,88.8794,89.606,88.4713,88.8436,1244908
2014-03-04,89.6867,90.2428,88.8167,89.0409,1155195
2014-03-05,88.9422,89.1037,88.126,88.2875,723816
2014-03-06,88.2336,88.4938,87.5071,87.5699,794801
2014-03-07,87.9825,87.9825,86.8703,87.4892,613729
2014-03-10,87.3008,87.6147,86.8254,87.1932,462651
2014-03-11,87.1483,87.3367,86.368,86.6012,848499
2014-03-12,86.2065,87.9197,86.1796,87.8838,763313
2014-03-13,88.2875,88.2875,86.7716,86.9958,599544
2014-03-14,86.3411,86.8792,86.1796,86.2693,1052783
2014-03-17,86.6012,86.8523,86.0899,86.2155,531824
2014-03-18,86.2065,87.8749,86.1258,87.6506,808008
2014-03-19,87.5071,87.5071,85.6145,86.2334,672584
2014-03-20,85.8298,86.8075,85.5517,86.7357,624689
2014-03-21,87.5519,87.6865,85.9912,86.1258,1213522
2014-03-24,86.5204,87.1358,86.0002,86.2962,664533
2014-03-25,86.0809,86.933,85.8477,86.054,496420
2014-03-26,86.2155,86.655,85.6414,86.0451,456596
2014-03-27,86.2155,86.5384,85.7491,86.1706,503225
2014-03-28,86.646,86.8523,86.3052,86.5384,344413
2014-03-31,86.8882,87.229,86.2603,87.2201,791397
2014-04-01,87.2559,87.4443,86.5654,87.1304,742279
2014-04-02,87.1304,87.8121,86.6729,87.7134,572735
2014-04-03,87.4353,87.9242,87.1573,87.8121,468951
2014-04-04,87.9556,88.2247,87.3389,87.4981,615959
2014-04-07,87.4084,88.3951,87.4084,87.8121,891432
2014-04-08,87.83,87.8928,86.5743,87.1035,743562
2014-04-09,87.229,87.3367,86.7627,87.2111,600325
2014-04-10,87.2111,87.5968,85.6504,85.6594,582074
2014-04-11,85.2109,86.1078,84.4216,84.6099,771367
2014-04-14,85.2826,85.9464,84.7265,85.5607,575828
2014-04-15,85.8926,85.8926,84.7445,85.2826,482889
2014-04-16,86.1078,86.9151,85.6773,86.8523,522203
2014-04-17,86.6281,86.8792,86.2424,86.7357,428863
2014-04-21,86.7716,86.8882,86.1348,86.7626,307027
2014-04-22,86.8344,87.0945,86.5832,86.942,443009
2014-04-23,86.8613,87.1035,86.4218,86.4846,397364
2014-04-24,86.5922,87.0676,85.9921,86.9958,612571
2014-04-25,86.8792,87.0227,85.9554,86.1258,405774
2014-04-28,86.2603,87.525,86.1437,87.4174,583679
2014-04-29,87.5609,87.8479,86.6998,86.7626,507741
2014-04-30,86.6909,86.96,86.1706,86.7178,579491
2014-05-01,86.8254,87.2111,86.0092,87.1573,455799
2014-05-02,87.2649,87.3098,86.6101,86.951,304775
2014-05-05,86.5922,87.2021,86.1527,87.1842,333109
2014-05-06,87.0496,87.2111,86.4397,86.5115,403132
2014-05-07,86.8613,88.4938,86.8613,88.4489,783783
2014-05-08,88.4579,89.8123,88.422,88.9691,709021
2014-05-09,88.8525,89.8482,88.4848,89.8302,539702
2014-05-12,90.0545,90.2877,89.4625,90.2428,629217
2014-05-13,90.2069,90.2069,89.3369,90.0545,450804
2014-05-14,90.3161,90.3161,88.9268,88.9448,538919
2014-05-15,88.6922,88.9358,87.7837,87.9705,484268
2014-05-16,88.0787,88.9448,87.9614,88.9177,458785
2014-05-19,88.7012,88.8997,88.4307,88.6651,401407
2014-05-20,88.4937,88.8539,88.3313,88.4757,533678
2014-05-21,88.6561,89.432,88.2682,89.3598,555617
2014-05-22,89.1343,89.2876,88.4035,89.0891,389274
2014-05-23,89.0711,89.5673,88.8546,89.4229,250507
2014-05-27,89.7928,90.7762,89.7928,90.6138,524422
2014-05-28,90.4604,90.8664,90.1808,90.7762,562573
2014-05-29,91.1822,93.0046,91.1822,92.9234,1084802
2014-05-30,92.6347,93.1128,92.2558,92.5625,1012575
2014-06-02,92.6437,92.77,92.1655,92.4452,538746
2014-06-03,92.4272,92.8737,92.1295,92.8692,658542
2014-06-04,92.6437,93.0858,92.3415,92.77,950960
2014-06-05,92.8783,95.1066,92.788,94.1052,931819
2014-06-06,94.1052,95.3592,93.9248,95.3502,654537
2014-06-09,95.5757,96.2433,94.5924,95.3231,751729
2014-06-10,94.9081,95.0795,94.439,94.8179,453728
2014-06-11,94.7097,95.251,94.3668,94.5473,578878
2014-06-12,94.4119,94.8811,94.0601,94.6645,527145
2014-06-13,94.5473,94.9623,93.8436,94.9442,592740
2014-06-16,94.4931,95.5216,94.3939,95.4765,642204
2014-06-17,95.0254,96.117,94.6285,95.7201,680873
2014-06-18,95.0164,96.2163,94.9172,96.1982,589473
2014-06-19,96.2794,96.514,95.287,96.1712,640475
2014-06-20,96.7666,96.7666,95.675,96.0449,884158
2014-06-23,96.081,96.3065,95.684,96.2704,717587
2014-06-24,95.9366,96.2073,95.5397,95.9366,470094
2014-06-25,95.1517,95.7291,94.9172,95.4404,693841
2014-06-26,95.5306,95.684,94.9713,95.1607,656296
2014-06-27,94.9172,95.684,94.6375,95.675,570064
2014-06-30,95.702,96.514,95.0795,96.1441,496877
2014-07-01,96.3606,96.9109,96.2163,96.3606,570749
2014-07-02,96.0178,96.3336,95.6118,96.1982,535326
2014-07-03,96.2614,97.1636,96.2388,97.0102,442771
2014-07-07,96.6583,97.1996,96.4057,96.8478,413385
2014-07-08,96.6674,97.1004,96.081,96.2253,385813
2014-07-09,96.2614,96.5862,95.9366,96.1712,341695
2014-07-10,95.8735,96.1531,95.3231,95.8193,361336
2014-07-11,95.9186,96.1802,95.3863,96.0539,237128
2014-07-14,96.3155,96.6403,95.666,96.0088,275709
2014-07-15,95.7832,96.2073,95.0705,95.269,517609
2014-07-16,95.8193,96.0088,94.9893,95.3051,269029
2014-07-17,95.2239,95.5577,94.3578,94.4751,346889
2014-07-18,94.872,95.4585,94.4751,95.3502,333108
2014-07-21,95.1247,95.2925,94.4751,94.8089,208026
2014-07-22,95.0525,95.1292,94.6014,94.7818,350947
2014-07-23,95.0615,95.2419,94.3849,94.5022,239395
2014-07-24,94.6916,95.0164,94.3127,94.872,437548
2014-07-25,94.7187,95.0525,94.1684,94.3939,236656
2014-07-28,94.4029,94.5292,93.4846,93.8977,322780
2014-07-29,93.8346,94.3036,93.1489,93.1489,349440
2014-07-30,93.2572,93.4105,91.958,92.1204,480458
2014-07-31,92.1204,92.1204,89.8019,89.8921,834560
2014-08-01,90.704,91.128,90.4334,91.0288,457933
2014-08-04,90.704,91.128,90.4334,91.0288,457933
2014-08-05,90.713,90.8303,89.4049,89.6485,456677
2014-08-06,89.3778,91.5249,89.3778,91.3085,403187
2014-08-07,91.3807,91.6422,90.2529,90.7762,360103
2014-08-08,90.7311,91.931,90.7311,91.8678,452251
2014-08-11,92.1655,93.3203,92.0212,92.9955,305389
2014-08-12,92.8061,93.1218,92.3775,92.5535,443124
2014-08-13,92.8984,93.2152,92.4173,93.2071,450884
2014-08-14,93.3886,93.9152,92.9184,93.779,486385
2014-08-15,93.9515,94.4417,92.8439,93.3886,372260
2014-08-18,93.9061,94.0423,93.4522,93.6247,481745
2014-08-19,93.6247,93.9878,93.1344,93.9152,468870
2014-08-20,92.1449,93.5611,91.1827,92.9801,795402
2014-08-21,92.8258,93.2434,92.045,92.2811,705935
2014-08-22,92.4082,92.5262,91.7091,92.0178,457402
2014-08-25,92.6261,92.6715,92.2448,92.5534,390403
2014-08-26,92.6442,93.1435,92.4082,93.0255,302179
2014-08-27,92.735,93.1344,92.735,92.9801,503682
2014-08-28,92.8167,92.9983,92.5262,92.9256,309985
2014-08-29,93.08,93.198,92.6351,93.1435,261933
2014-09-02,93.1526,93.8607,92.735,93.198,670278
2014-09-03,93.2706,93.6427,92.8349,92.9529,311950
2014-09-04,92.8621,93.2706,92.3628,92.617,277041
2014-09-05,92.5353,93.2434,92.1449,93.2434,263882
2014-09-08,92.853,93.1526,92.4445,92.5716,307373
2014-09-09,92.4808,92.5876,91.8635,91.927,388434
2014-09-10,91.7999,92.0723,91.2008,91.7636,398547
2014-09-11,91.5639,91.8453,91.2735,91.809,557338
2014-09-12,91.7545,91.809,90.42,90.5108,504921
2014-09-15,90.5925,90.7468,90.0569,90.538,472249
2014-09-16,90.3292,91.6093,90.2294,91.5094,591307
2014-09-17,91.3551,91.4186,90.4291,90.5199,514632
2014-09-18,90.8739,91.1645,90.1295,90.9829,391277
2014-09-19,91.5457,91.5457,90.8921,90.9556,746580
2014-09-22,90.7922,90.8739,90.3202,90.3383,400941
2014-09-23,90.1114,90.1386,89.494,89.7028,568318
2014-09-24,89.721,90.8376,89.4959,90.6924,305020
2014-09-25,90.2748,90.5925,89.1563,89.1672,518252
2014-09-26,89.2398,89.6847,88.7496,89.4486,363325
2014-09-29,88.8676,89.6574,88.6861,89.3669,540543
2014-09-30,89.603,90.302,89.5576,89.8662,456792
2014-10-01,89.8753,90.0297,88.7133,88.8676,675017
2014-10-02,88.9766,89.0401,87.8327,88.7405,654212
2014-10-03,88.9766,89.8572,88.7995,89.5667,523689
2014-10-06,90.0751,90.0751,88.5227,89.4214,412490
2014-10-07,89.0764,89.3306,88.2594,88.2866,505283
2014-10-08,88.3774,89.6756,87.8146,89.6302,405710
2014-10-09,89.5485,90.2112,88.6044,88.8495,577232
2014-10-10,89.022,90.1114,88.7042,88.7042,609126
2014-10-13,88.6316,89.8118,88.3647,88.4319,455733
2014-10-14,88.8676,89.7392,88.6044,88.9493,619732
2014-10-15,87.5876,88.8766,86.7887,88.3865,837334
2014-10-16,87.5331,89.4668,87.5331,88.8586,1062491
2014-10-17,90.0569,90.0751,88.8041,89.5667,495529
2014-10-20,89.603,91.8453,89.603,91.7182,598972
2014-10-21,91.9815,93.0437,91.7091,92.9529,593497
2014-10-22,93.0527,93.5067,92.2811,92.3537,528274
2014-10-23,92.6896,93.2161,92.2448,92.3719,287974
2014-10-24,92.39,92.9801,92.0178,92.9075,282259
2014-10-27,92.7713,93.8879,92.6896,93.6338,373498
2014-10-28,93.9333,94.3328,93.5611,94.3328,339604
2014-10-29,94.2238,94.478,92.2448,93.0709,506334
2014-10-30,92.39,93.897,92.2357,93.5339,367986
2014-10-31,94.3055,94.8775,93.9152,94.4145,651688
2014-11-03,94.2148,94.8866,94.0604,94.478,335826
2014-11-04,94.4054,95.2588,94.015,94.6959,329688
2014-11-05,95.404,95.9941,94.9683,95.631,381473
2014-11-06,95.631,96.1484,95.1408,96.0486,599765
2014-11-07,95.4585,95.6855,94.5143,95.1771,473237
2014-11-10,95.0137,95.8216,94.478,95.6037,399628
2014-11-11,95.3223,95.6582,94.6687,95.0681,660104
2014-11-12,90.1723,92.949,89.6882,91.6885,2153543
2014-11-13,91.4876,91.652,90.154,91.2227,1279724
2014-11-14,91.1222,91.8986,90.6975,91.5515,529494
2014-11-17,91.6063,92.812,91.3688,92.7298,724610
2014-11-18,92.812,93.2231,92.6476,93.1409,603912
2014-11-19,92.8851,94.237,91.6611,92.8577,651342
2014-11-20,92.2549,93.2961,92.2183,92.3553,592621
2014-11-21,93.1043,93.3053,92.3005,92.5197,578712
2014-11-24,92.8303,92.8486,91.8164,91.926,699280
2014-11-25,91.9169,93.0587,91.8712,92.4284,703195
2014-11-26,92.2823,92.8029,92.1178,92.3736,610930
2014-11-28,92.7481,94.0726,92.7116,93.6889,301787
2014-12-01,93.2322,94.5384,93.2322,93.8807,687596
2014-12-02,94.3922,94.4288,93.4606,94.3009,793492
2014-12-03,94.1274,94.1274,92.9673,93.0952,467539
2014-12-04,93.1774,93.1774,92.1087,92.3919,339352
2014-12-05,92.5015,93.1135,92.3919,92.9125,287931
2014-12-08,93.013,93.9173,92.5745,93.0221,399035
2014-12-09,92.4467,93.013,91.926,92.4375,433635
2014-12-10,92.538,92.57,91.483,91.5515,540976
2014-12-11,91.7981,92.264,91.3414,91.926,612368
2014-12-12,91.4967,91.9169,90.5285,90.5742,555118
2014-12-15,91.0583,91.0583,89.1036,89.7795,760056
2014-12-16,89.606,91.1314,88.9026,89.7978,598272
2014-12-17,90.154,91.8986,89.9713,91.6611,457919
2014-12-18,92.7207,93.7437,92.127,93.7255,732770
2014-12-19,94.1274,94.5293,93.3144,93.8899,884728
2014-12-22,94.1913,94.5886,93.7346,94.2187,398291
2014-12-23,94.6389,95.0773,94.2278,94.6754,376067
2014-12-24,94.9129,94.9129,94.2826,94.4927,175702
2014-12-26,94.6571,95.0134,94.3922,94.4379,155951
2014-12-29,94.1365,94.6754,93.9721,94.173,377921
2014-12-30,93.8533,94.5293,93.5884,93.625,460048
2014-12-31,93.8442,94.2641,92.2092,92.2366,384167
2015-01-02,92.3827,92.8805,91.2958,91.7799,362736
2015-01-05,91.2501,91.4419,90.0627,90.2819,478447
2015-01-06,90.428,90.6746,88.857,89.5603,675764
2015-01-07,89.9074,91.7251,89.7247,91.5607,488644
2015-01-08,92.6476,93.0404,91.9078,92.8851,487516
2015-01-09,93.1317,93.2231,92.0174,92.2914,424597
2015-01-12,92.3553,92.6568,91.1314,91.652,581160
2015-01-13,92.4832,93.0313,91.314,92.2001,539672
2015-01-14,91.5881,92.3462,91.3232,92.2183,381674
2015-01-15,92.6659,93.2596,92.3005,92.5289,705426
2015-01-16,92.5745,93.1646,91.9808,93.0404,396810
2015-01-20,93.3966,95.2691,93.1683,95.1686,744023
2015-01-21,95.4701,97.9272,94.8764,96.8585,1108762
2015-01-22,97.2056,97.7719,96.5296,97.6166,508342
2015-01-23,97.5983,97.9089,96.9041,97.2695,402133
2015-01-26,97.0411,97.5435,96.9224,97.233,366977
2015-01-27,96.8219,97.1416,96.0638,96.6118,362302
2015-01-28,96.7854,97.4704,95.5614,95.6619,399317
2015-01-29,95.6893,96.0547,94.5384,95.9999,576377
2015-01-30,95.3879,95.397,94.0908,94.2187,453626
2015-02-02,94.2918,95.4427,93.0587,95.4244,398474
2015-02-03,95.6162,96.7397,95.6162,96.7123,405883
2015-02-04,103.2341,104.5585,101.864,102.3938,6184203
2015-02-05,102.3207,103.5903,102.0101,103.5173,1535859
2015-02-06,103.5173,103.6451,102.7683,103.2158,843654
2015-02-09,102.9235,103.499,102.7189,103.1336,640317
2015-02-10,103.5264,103.7182,102.5856,103.3528,574810
2015-02-11,103.2885,103.8764,101.8647,102.2046,1051626
2015-02-12,101.9106,103.3161,101.5248,103.2426,892581
2015-02-13,102.0943,105.5575,100.6521,104.6205,1744524
2015-02-17,104.0601,104.5561,103.4722,103.9958,1174168
2015-02-18,103.5182,105.0798,103.5182,104.9971,506156
2015-02-19,104.6848,105.1165,103.6651,104.6113,661802
2015-02-20,104.0969,104.7215,103.1048,104.2071,1466704
2015-02-23,103.8581,104.3908,103.5549,104.0326,944458
2015-02-24,103.7203,104.5477,102.9211,104.2347,776565
2015-02-25,104.3541,104.5746,103.7294,103.904,567302
2015-02-26,104.7032,106.0076,103.7203,105.8331,1039669
2015-02-27,105.9984,106.4118,105.337,105.9617,754289
2015-03-02,105.9892,106.2464,105.1809,105.6034,570191
2015-03-03,105.5667,105.5942,103.8213,104.8318,673744
2015-03-04,104.7858,104.9696,104.1474,104.942,485128
2015-03-05,105.4197,105.4197,104.446,104.9328,580295
2015-03-06,104.7491,104.8961,103.0956,103.5917,601564
2015-03-09,103.3436,104.0877,103.0497,103.8489,526791
2015-03-10,103.114,103.3712,101.7177,101.7177,719913
2015-03-11,101.7269,102.1954,101.1023,102.076,649960
2015-03-12,102.278,103.61,101.9565,103.2885,637080
2015-03-13,102.967,103.2426,101.5615,101.9841,782131
2015-03-16,102.572,103.4631,102.1219,102.6822,635946
2015-03-17,101.9749,102.4801,101.1482,101.5891,438423
2015-03-18,101.4605,103.7478,100.3765,103.4447,911277
2015-03-19,102.9578,103.215,102.2964,102.8843,489380
2015-03-20,103.6192,104.841,103.4079,104.4552,894371
2015-03-23,104.6297,104.9512,104.0418,104.1612,441472
2015-03-24,104.694,105.5941,103.3436,103.4539,562700
2015-03-25,104.3265,106.522,103.4722,105.3095,1153313
2015-03-26,105.3646,105.9341,104.5654,105.1625,671710
2015-03-27,105.0614,106.7976,104.9328,106.568,729238
2015-03-30,106.9721,107.6795,105.6677,107.5968,875895
2015-03-31,107.3763,108.0745,106.2189,106.3107,705380
2015-04-01,106.2373,106.2648,104.6572,106.0811,856541
2015-04-02,105.9341,107.064,105.5391,106.568,1213012
2015-04-06,106.5128,108.0837,106.0829,107.6978,649116
2015-04-07,107.6795,107.9275,106.3107,106.4393,500537
2015-04-08,106.3659,106.9262,105.5575,106.1454,638386
2015-04-09,106.274,106.7976,105.6769,106.6874,472491
2015-04-10,106.7057,107.4131,106.5771,107.2477,440179
2015-04-13,107.8448,107.8448,107.0181,107.3855,567196
2015-04-14,107.1559,108.4695,106.8252,108.2031,474054
2015-04-15,108.396,108.9876,107.854,108.4695,584461
2015-04-16,108.3225,108.6991,107.8999,108.3776,387927
2015-04-17,108.2306,108.396,107.0089,107.8632,721702
2015-04-20,108.0837,108.6578,107.2294,107.5509,694593
2015-04-21,107.5509,108.3133,107.3304,107.8816,573364
2015-04-22,107.8724,108.497,107.2477,108.3409,447119
2015-04-23,107.8448,108.1112,107.2294,107.4498,362719
2015-04-24,107.7346,108.0285,106.5955,106.8435,587132
2015-04-27,107.312,108.6899,106.4302,108.5797,1426630
2015-04-28,108.2766,108.497,106.5863,106.7333,1103890
2015-04-29,106.7149,107.3028,106.2097,106.5771,534969
2015-04-30,106.5588,107.4774,105.8423,106.4853,871138
2015-05-01,106.7425,107.6703,106.6782,107.3488,374123
2015-05-04,107.7346,109.1584,107.7346,108.7359,579173
2015-05-05,108.1112,108.5154,106.0903,106.816,799905
2015-05-06,107.1559,107.4223,105.8606,106.7884,431235
2015-05-07,106.6782,106.8711,106.0719,106.3475,530250
2015-05-08,107.1099,107.854,106.4853,106.5496,685219
2015-05-11,106.4026,107.4406,106.1959,106.8068,428909
2015-05-12,106.3659,107.3304,106.3199,106.9813,522045
2015-05-13,107.1198,108.2098,107.1198,107.6833,326993
2015-05-14,108.2283,109.3644,108.0879,109.3274,335434
2015-05-15,109.3182,109.5399,108.8471,109.4568,454533
2015-05-18,109.1519,110.0387,109.0965,109.6138,341211
2015-05-19,109.6969,110.2419,109.4383,110.168,553782
2015-05-20,110.0387,111.221,109.9568,110.7314,401248
2015-05-21,110.5559,110.7314,110.0849,110.1772,507480
2015-05-22,110.1957,111.4427,110.0941,111.2025,483029
2015-05-26,111.2118,111.378,110.2327,110.3527,518719
2015-05-27,110.8423,111.3226,110.2142,110.7499,432544
2015-05-28,111.0917,111.1194,110.0479,110.3804,357350
2015-05-29,110.4543,110.713,109.4383,109.5029,539005
2015-06-01,109.623,109.8539,109.0319,109.3829,473278
2015-06-02,109.3829,109.841,108.4961,109.5029,589603
2015-06-03,109.6692,109.6692,108.8009,109.1704,637916
2015-06-04,106.852,107.6648,104.4376,105.0692,3078865
2015-06-05,104.8476,105.0508,102.409,102.8247,2033043
2015-06-08,102.4737,103.4343,101.8456,102.0488,1498101
2015-06-09,102.0765,103.342,101.6516,103.0833,1020685
2015-06-10,103.1757,103.693,102.4275,103.0556,796609
2015-06-11,103.111,103.7669,102.8617,103.2219,579211
2015-06-12,102.7877,103.2219,102.5938,102.797,427116
2015-06-15,102.3998,102.8894,101.9195,102.5199,885484
2015-06-16,102.8894,103.9424,102.4552,103.7761,493620
2015-06-17,103.6191,104.358,103.1572,104.1179,516270
2015-06-18,104.3395,105.3833,103.6745,104.6721,624811
2015-06-19,104.515,105.7343,104.515,104.8199,1569172
2015-06-22,105.0785,105.5819,104.8106,105.0046,404002
2015-06-23,104.9954,104.9954,104.1086,104.201,824501
2015-06-24,104.2472,104.6185,102.6169,103.1757,824632
2015-06-25,103.1572,103.3974,102.3906,102.4645,681211
2015-06-26,102.8709,103.1295,102.0765,102.1781,1603960
2015-06-29,101.7809,101.938,100.0259,100.1091,1133915
2015-06-30,100.7649,101.0235,99.9982,100.1368,1024494
2015-07-01,100.5155,101.0789,100.1368,100.8757,760453
2015-07-02,101.1621,101.4576,100.2107,100.4508,857814
2015-07-06,99.7765,100.3862,99.1855,99.7858,1377475
2015-07-07,100.0259,101.7717,99.4255,101.4299,911707
2015-07-08,101.0327,101.3468,100.1645,100.183,763426
2015-07-09,101.3191,101.5408,100.0075,100.0352,534000
2015-07-10,98.2802,100.2564,98.1508,99.3793,2894430
2015-07-13,100.146,100.9958,99.8874,100.4046,901192
2015-07-14,100.4601,100.4878,99.4948,100.2568,789433
2015-07-15,100.34,100.7187,98.9267,99.8597,1101372
2015-07-16,100.183,100.6817,99.989,100.3215,395587
2015-07-17,100.6263,100.6263,99.3516,100.183,431147
2015-07-20,100.1091,100.1091,99.4348,99.8227,424838
2015-07-21,99.8966,100.1275,99.0838,99.1854,595928
2015-07-22,99.2408,100.0906,98.9914,99.2316,479624
2015-07-23,99.1484,99.6287,98.5203,98.7697,421237
2015-07-24,98.6404,98.7928,97.2549,97.532,598750
2015-07-27,97.1625,97.9199,96.8115,97.8922,609442
2015-07-28,98.2155,100.4139,97.689,100.4139,938446
2015-07-29,100.6356,102.095,100.1183,101.393,920138
2015-07-30,100.9588,102.4367,100.4416,102.3074,848640
2015-07-31,102.5845,103.5267,102.1135,103.1665,1219433
2015-08-03,102.9263,103.4159,102.6954,103.3604,442246
2015-08-04,103.2588,103.9885,103.0279,103.5452,705448
2015-08-05,103.7853,104.9122,103.2404,104.8291,626716
2015-08-06,104.709,104.9954,102.64,103.2311,1393548
2015-08-07,102.5753,103.0741,101.4022,101.6424,712599
2015-08-10,101.9934,102.5199,101.2544,102.0765,596841
2015-08-11,101.3468,101.6054,100.3954,100.5894,1039411
2015-08-12,100.1432,101.6396,98.9815,101.6303,645930
2015-08-13,101.8161,101.8161,100.9332,100.9611,363610
2015-08-14,101.2399,101.9927,100.7752,101.6581,383394
2015-08-17,101.4072,101.5931,99.6042,101.3143,465465
2015-08-18,101.3236,102.3552,100.9611,101.2771,650689
2015-08-19,102.8199,104.9389,102.5318,103.9817,1469437
2015-08-20,103.5355,104.9668,103.1731,103.8701,925809
2015-08-21,103.201,103.5867,102.002,102.1414,961863
2015-08-24,98.6933,102.9686,96.9368,100.4871,2091112
2015-08-25,102.253,103.0894,99.2138,99.3068,1420745
2015-08-26,101.2213,101.779,99.474,101.4444,1513421
2015-08-27,105.6639,108.9818,105.3943,108.0803,2179954
2015-08-28,108.0246,109.3443,107.4019,109.2885,1222188
2015-08-31,109.0562,110.1343,108.4149,109.4094,1257671
2015-09-01,108.4056,109.2885,105.3293,105.9706,967276
2015-09-02,107.0487,107.4762,106.2215,107.4762,803821
2015-09-03,107.9781,109.0241,107.7364,108.6287,853313
2015-09-04,107.374,108.0339,106.4725,107.4483,766267
2015-09-08,108.7588,108.9911,107.4948,108.1361,908958
2015-09-09,109.1305,109.1305,106.2494,106.5096,949395
2015-09-10,106.5282,107.4483,105.5895,106.4817,686258
2015-09-11,106.2587,107.9595,105.7531,107.913,812820
2015-09-14,107.9223,108.48,107.058,107.4669,870668
2015-09-15,107.8944,108.2476,106.6769,108.0153,654493
2015-09-16,108.4614,109.7161,108.4614,109.2328,860077
2015-09-17,108.9447,109.7532,107.9316,108.5357,1005141
2015-09-18,107.8015,108.7495,107.69,108.3406,1546031
2015-09-21,109.0376,109.6045,108.5729,108.7867,689056
2015-09-22,105.3665,106.0356,104.2047,105.2271,4857674
2015-09-23,105.478,106.0356,104.7902,105.5338,993305
2015-09-24,105.1155,105.8033,104.5858,105.4222,1452095
2015-09-25,105.5059,106.9557,105.5059,106.2866,1577848
2015-09-28,106.1658,107.5599,104.3441,105.0319,1908342
2015-09-29,104.8181,105.3479,104.1025,104.5951,1538056
2015-09-30,105.701,106.8256,105.0319,106.0356,1398361
2015-10-01,106.0542,106.5654,104.4649,105.5895,1148201
2015-10-02,100.4313,107.6528,99.3253,107.4855,3328193
2015-10-05,108.3963,108.7402,107.7364,108.4893,1472461
2015-10-06,108.7216,108.7495,106.5654,106.7141,738256
2015-10-07,106.9929,108.0803,106.9279,107.8015,716761
2015-10-08,107.6063,109.112,107.0301,108.703,730118
2015-10-09,108.6287,110.2737,108.4149,109.7532,868069
2015-10-12,109.8183,110.6734,109.6324,110.06,516586
2015-10-13,109.6882,111.1288,109.6789,110.4224,1131798
2015-10-14,110.2737,111.5005,110.1622,110.8778,1056919
2015-10-15,111.5749,111.9373,110.2551,111.1752,1048328
2015-10-16,111.5284,111.6771,110.1343,110.6919,895499
2015-10-19,110.7198,111.5935,110.2087,110.3852,710535
2015-10-20,109.1677,109.6045,104.8832,106.7977,2893553
2015-10-21,107.1044,108.6473,106.8349,107.4576,1131126
2015-10-22,108.2569,110.1622,108.2569,109.9205,950951
2015-10-23,110.218,110.7756,109.2514,109.9205,441401
2015-10-26,109.7625,110.0469,108.7495,109.0376,560963
2015-10-27,108.0246,109.2607,107.6342,108.8331,800657
2015-10-28,108.9075,109.3629,107.5784,108.1361,945470
2015-10-29,107.9595,108.703,107.1881,108.4521,563758
2015-10-30,108.1919,109.8369,107.7457,109.1027,882941
2015-11-02,109.019,109.4837,107.7829,109.1305,697833
2015-11-03,108.5171,109.3164,107.3554,108.9354,940457
2015-11-04,109.1213,109.4558,108.6372,109.3164,514962
2015-11-05,109.4744,109.6975,108.4893,109.6417,512990
2015-11-06,109.6789,109.6789,105.8219,106.8814,1207790
2015-11-09,106.7141,106.9093,105.5895,106.7977,813579
2015-11-10,106.8165,108.0972,106.0219,107.2465,768287
2015-11-11,107.4335,108.2188,107.1811,107.7326,392452
2015-11-12,107.2746,107.9477,105.8723,105.9471,602574
2015-11-13,105.6573,105.8255,103.7782,104.4606,1073387
2015-11-16,104.1802,105.9564,104.1802,105.9471,523612
2015-11-17,105.919,106.9567,104.3578,104.8065,765306
2015-11-18,104.8346,106.938,104.8159,105.9938,1426314
2015-11-19,110.3783,115.9033,108.8358,113.3792,3654432
2015-11-20,114.1925,115.1367,113.7064,114.4168,1196609
2015-11-23,114.9591,116.6418,114.5384,114.5571,1488724
2015-11-24,112.7622,114.3397,111.7151,114.1831,2772291
2015-11-25,114.8749,115.4171,114.529,114.931,1061303
2015-11-27,115.0712,115.8939,114.6412,115.2302,293943
2015-11-30,115.6041,115.8378,113.2576,113.295,921522
2015-12-01,113.8466,114.5103,112.7902,112.9398,1189559
2015-12-02,112.9304,113.9868,112.5939,112.7622,948655
2015-12-03,113.1548,113.3044,111.2383,112.463,899022
2015-12-04,112.8276,115.2582,112.8276,115.118,669036
2015-12-07,115.0245,115.922,114.9596,115.6135,736505
2015-12-08,115.0245,116.165,114.6225,115.4358,970254
2015-12-09,115.0245,116.3333,113.7718,114.6038,556960
2015-12-10,114.6786,115.4545,113.7998,114.0616,636428
2015-12-11,112.893,114.1177,112.4256,112.7248,576162
2015-12-14,112.7902,113.3511,111.2196,112.3415,1275747
2015-12-15,112.7715,114.2953,112.7061,114.0896,768503
2015-12-16,115.0058,116.1744,113.5194,115.9874,1513730
2015-12-17,115.9874,116.8101,114.6225,115.5854,1010641
2015-12-18,114.8188,114.903,113.3231,113.6316,1479971
2015-12-21,114.1925,115.1647,114.0803,114.9871,804456
2015-12-22,114.314,115.2395,113.5007,114.9591,1126865
2015-12-23,115.8191,116.8568,115.2489,116.7259,655361
2015-12-24,116.3426,116.8662,116.2305,116.6511,206133
2015-12-28,116.567,116.5997,115.5574,116.137,561986
2015-12-29,116.754,117.1653,116.4081,116.6698,436353
2015-12-30,116.8194,116.8194,115.8472,115.8752,404498
2015-12-31,115.6509,115.9968,114.2205,115.305,413870
2016-01-04,113.6783,114.5851,113.3511,114.4075,1183007
2016-01-05,114.2112,115.6322,113.9307,115.2676,1242598
2016-01-06,113.8185,115.3423,113.7017,114.4262,1050840
2016-01-07,113.3324,113.7344,112.1171,112.4724,1020673
2016-01-08,112.7809,113.2436,112.1078,112.2199,1316637
2016-01-11,112.7435,113.3558,111.8086,112.8743,822092
2016-01-12,113.6783,114.2018,112.4163,113.7438,883562
2016-01-13,114.0523,114.2205,111.3038,111.3973,926056
2016-01-14,111.4534,113.0239,111.0607,112.463,700070
2016-01-15,111.229,111.229,109.9482,110.5559,1107907
2016-01-19,111.7245,112.5097,110.8083,111.9301,947155
2016-01-20,110.7616,112.3555,109.7145,111.6029,1149915
2016-01-21,111.6029,112.061,110.238,111.4908,994258
2016-01-22,112.5378,114.9591,112.1405,114.8843,1182414
2016-01-25,114.4542,115.5653,113.7531,113.912,733598
2016-01-26,114.071,115.4265,114.0055,114.9217,480381
2016-01-27,115.0525,117.2214,115.0525,116.3333,1173742
2016-01-28,116.9503,119.3061,116.7727,118.0628,1044137
2016-01-29,118.7826,120.0634,118.1002,119.9605,1024001
2016-02-01,119.5585,121.2413,119.1753,120.7178,824085
2016-02-02,119.5212,121.0169,119.0257,119.9699,785718
2016-02-03,120.3532,121.5311,119.194,120.9421,996280
2016-02-04,120.2316,120.9234,116.9503,117.7262,1041027
2016-02-05,117.9412,118.4741,116.8942,117.2962,588785
2016-02-08,116.6605,117.8665,115.1554,117.5019,1059132
2016-02-09,117.2214,119.7736,116.8007,119.0537,956703
2016-02-10,119.6834,121.1683,119.096,120.1251,688820
2016-02-11,118.6496,119.58,117.5312,118.5556,1017172
2016-02-12,119.8337,119.8901,118.1891,119.2793,799661
2016-02-16,120.8017,120.9615,118.1703,120.0123,836152
2016-02-17,120.6514,121.9107,118.4898,119.7586,1511450
2016-02-18,119.8243,120.6138,118.2032,119.8525,1531216
2016-02-19,118.9503,120.1439,117.9541,120.0593,982172
2016-02-22,120.9239,121.234,118.9033,119.2229,1274148
2016-02-23,116.0652,117.9635,114.4581,116.3941,2690023
2016-02-24,116.1403,120.2473,115.802,120.0687,1457108
2016-02-25,120.7641,122.0141,120.5198,121.7697,859480
2016-02-26,122.0047,122.1738,119.2981,119.9841,762328
2016-02-29,119.721,120.8111,119.2135,119.8901,1003508
2016-03-01,120.689,121.6852,120.2473,120.5104,743913
2016-03-02,120.0405,120.501,117.9072,120.1157,766095
2016-03-03,119.8243,120.7782,118.9785,120.5856,507804
2016-03-04,120.0969,120.501,119.1947,119.8619,801566
2016-03-07,119.5706,119.893,118.7154,119.1665,885508
2016-03-08,118.6402,119.5518,118.0951,118.612,1520304
2016-03-09,119.2605,119.9935,118.424,119.4202,1046669
2016-03-10,119.9089,121.0179,119.5895,120.7548,845694
2016-03-11,121.1495,122.0987,120.7813,121.7227,777213
2016-03-14,121.3656,121.7321,120.736,121.4784,530963
2016-03-15,120.736,121.9295,120.4869,120.7266,873909
2016-03-16,120.3506,121.7133,119.8337,121.3656,583710
2016-03-17,121.2622,122.6343,121.1166,122.0893,844987
2016-03-18,122.1457,122.1457,120.7078,121.0931,1421662
2016-03-21,120.4728,121.6194,120.3036,120.6138,581384
2016-03-22,120.2755,120.8393,119.5048,120.0123,661207
2016-03-23,120.0123,121.3562,119.2041,121.0179,644498
2016-03-24,120.7454,121.3468,120.2473,120.9615,563653
2016-03-28,121.0179,122.7471,121.0179,121.7979,560897
2016-03-29,121.9483,122.7001,121.7133,122.1551,612779
2016-03-30,122.6156,122.6813,120.9521,122.343,776309
2016-03-31,122.2302,122.5121,121.8449,122.0235,1050720
2016-04-01,121.3468,124.6549,121.3468,124.5421,949408
2016-04-04,122.2302,122.9351,119.2887,119.8901,1970955
2016-04-05,119.7586,119.9559,117.6064,118.424,1997443
2016-04-06,118.3677,119.8807,118.1703,119.8619,1226240
2016-04-07,119.0913,120.3976,119.0913,120.0311,927885
2016-04-08,120.2097,120.5574,119.8337,120.2003,509014
2016-04-11,120.5762,121.1495,120.0593,120.0875,655762
2016-04-12,120.0217,120.548,119.7398,120.2661,367662
2016-04-13,120.4446,120.5762,118.9973,120.501,919400
2016-04-14,120.4634,120.8111,119.5894,119.7304,1240085
2016-04-15,119.8713,120.7641,119.3263,120.6702,718135
2016-04-18,120.7641,121.7509,120.3083,121.5912,718161
2016-04-19,121.9013,122.625,121.4408,121.7321,886822
2016-04-20,121.4314,121.9295,120.7735,120.8017,488306
2016-04-21,120.4822,120.4822,116.7888,117.0801,1416398
2016-04-22,117.2117,118.6402,116.8358,118.5556,934015
2016-04-25,118.0387,120.2191,117.6064,119.7586,687796
2016-04-26,120.1251,121.1307,119.5236,119.6458,757734
2016-04-27,119.8995,120.7172,119.1947,120.2379,468216
2016-04-28,119.6646,120.7078,119.439,120.0875,421226
2016-04-29,119.6458,120.5198,118.2173,119.3357,684703
2016-05-02,119.58,120.5386,119.3544,119.9935,921206
2016-05-03,119.6928,120.2567,118.8094,119.1853,566090
2016-05-04,119.0725,120.689,118.471,120.4352,749918
2016-05-05,120.7078,121.6664,120.3177,120.6514,534853
2016-05-06,120.642,121.7321,119.674,121.4878,746233
2016-05-09,121.563,122.3054,120.9897,121.6288,458632
2016-05-10,122.0705,123.4144,121.9295,123.3674,792912
2016-05-11,123.4335,123.9153,122.7817,123.2351,846617
2016-05-12,123.7075,124.4915,122.8573,124.227,761026
2016-05-13,123.698,124.4537,122.8951,123.3391,452176
2016-05-16,122.9707,123.9531,122.9612,123.5847,373850
2016-05-17,123.1218,123.3768,120.2218,120.6658,832036
2016-05-18,120.3068,120.8925,118.871,119.7023,767893
2016-05-19,119.2866,120.099,118.7104,120.0423,565107
2016-05-20,120.6658,120.8547,119.3244,119.5889,517762
2016-05-23,119.8817,120.2974,119.2394,119.9101,370114
2016-05-24,120.1935,121.2137,119.1166,120.8453,503489
2016-05-25,121.9599,122.555,120.9114,121.6576,565217
2016-05-26,121.5159,122.5834,121.3837,122.3,526374
2016-05-27,122.1394,122.6495,121.6293,122.0638,341439
2016-05-31,122.0638,122.8006,121.1948,121.9977,770738
2016-06-01,121.8749,122.7723,121.3412,122.5361,453065
2016-06-02,121.9977,123.1785,121.8371,123.1785,659757
2016-06-03,123.2824,124.6237,122.9801,124.4254,448738
2016-06-06,124.4254,124.9921,123.9058,124.6237,567724
2016-06-07,124.5671,125.8329,124.4159,125.1905,675002
2016-06-08,125.1905,125.8801,124.3592,125.3605,1453541
2016-06-09,131.3022,135.8552,131.3022,135.2979,3681466
2016-06-10,134.4761,137.6312,134.4761,136.252,2745355
2016-06-13,136.0253,137.5367,135.3168,136.2331,1352775
2016-06-14,136.7149,137.4422,135.0996,136.1009,1510834
2016-06-15,136.5354,137.1022,135.2507,135.5719,1207236
2016-06-16,135.553,137.754,135.1279,137.3478,1044791
2016-06-17,137.4517,137.5272,135.7608,136.7054,1009239
2016-06-20,136.951,138.1224,136.951,137.1211,994971
2016-06-21,137.4139,138.4908,136.5448,137.9145,1204603
2016-06-22,138.8403,139.0386,137.8556,138.9442,1157352
2016-06-23,138.6702,139.2465,137.48,138.4435,1190944
2016-06-24,136.0347,138.3963,135.8128,137.2816,1474860
2016-06-27,136.951,138.7741,136.526,138.623,1163037
2016-06-28,139.1709,139.2653,137.4517,138.8403,993224
2016-06-29,139.5676,140.994,139.1331,140.8523,1118121
2016-06-30,140.55,144.149,140.5028,143.9696,1626745
2016-07-01,144.2813,144.9142,143.006,143.2422,951929
2016-07-05,143.2422,145.037,143.2422,143.7051,969062
2016-07-06,143.724,144.8669,143.6578,144.5741,1408648
2016-07-07,145.3487,146.1422,144.2057,144.7253,738584
2016-07-08,145.037,145.9249,144.3757,145.5471,883656
2016-07-11,145.3865,145.4715,144.4702,144.763,1240650
2016-07-12,144.6875,144.8197,143.2328,143.45,1032486
2016-07-13,143.8184,144.338,143.5256,144.2246,674003
2016-07-14,144.149,144.8103,142.5225,143.11,1443256
2016-07-15,143.5634,144.9803,142.9872,144.3002,1182486
2016-07-18,144.4608,144.763,143.2398,144.2813,746846
2016-07-19,143.8184,144.5269,143.1666,144.3663,461069
2016-07-20,144.5363,144.5363,143.6295,143.9507,561609
2016-07-21,144.1396,144.3285,143.4689,144.2813,493316
2016-07-22,144.2152,144.8575,144.064,144.4985,588546
2016-07-25,144.6686,146.1516,144.6686,146.1516,980679
2016-07-26,146.3594,146.3878,144.1113,144.2624,908705
2016-07-27,144.1585,144.7064,141.9292,143.3367,903086
2016-07-28,142.9872,144.2907,142.5337,143.9129,1052129
2016-07-29,143.8751,145.9344,143.8751,145.6226,997621
2016-08-01,145.6226,146.0572,144.5647,145.736,650594
2016-08-02,145.1881,146.0383,144.2057,146.0194,856661
2016-08-03,146.1327,146.18,143.5728,144.3096,918116
2016-08-04,144.8953,147.6725,144.8953,147.5497,1138197
2016-08-05,147.9653,148.5973,145.8494,146.6334,962322
2016-08-08,146.6712,146.7586,145.1787,145.9155,873931
2016-08-09,145.5471,146.1233,145.0086,145.3677,921706
2016-08-10,145.1493,146.4023,145.1493,146.1745,541636
2016-08-11,146.6112,146.6112,144.3804,145.1019,977329
2016-08-12,145.2443,145.5765,144.7982,145.0734,841309
2016-08-15,144.6083,145.1968,143.6875,144.3425,920432
2016-08-16,143.9723,144.295,143.1724,143.659,858959
2016-08-17,144.2855,145.567,143.8963,145.5005,960918
2016-08-18,145.2348,146.9149,144.5845,146.5352,823732
2016-08-19,146.2979,147.0004,145.1208,146.763,1333350
2016-08-22,146.9719,148.3008,146.3359,148.3008,1808823
2016-08-23,142.1972,142.1972,135.3151,136.3403,5382968
2016-08-24,136.3403,136.5112,133.2173,135.0588,1853452
2016-08-25,134.869,135.6853,133.54,133.8343,1324232
2016-08-26,133.7394,134.271,131.4422,131.9263,1393641
2016-08-29,132.325,134.7266,132.2491,134.3089,970858
2016-08-30,133.7109,134.0905,132.1636,132.6667,715607
2016-08-31,132.6857,134.6317,132.4199,134.5937,1951732
2016-09-01,134.0621,134.5273,132.9468,133.5211,1140153
2016-09-02,133.7868,135.0161,133.7679,134.2899,552693
2016-09-06,134.3184,134.869,133.6445,134.6222,702236
2016-09-07,134.2045,134.4323,132.7711,133.0274,737251
2016-09-08,132.3345,133.1603,131.708,132.4959,537965
2016-09-09,131.7555,131.8029,129.0026,129.0311,1211528
2016-09-12,129.7525,131.053,129.2399,130.8347,997884
2016-09-13,130.6259,130.8157,129.2969,129.5152,1334823
2016-09-14,129.9044,130.5594,129.1355,129.9993,962061
2016-09-15,129.9424,130.9011,129.4868,130.6923,687371
2016-09-16,130.1322,130.2936,129.0216,130.0753,1479422
2016-09-19,129.8759,130.8632,129.8286,130.0753,756989
2016-09-20,130.4075,130.6164,128.7938,128.8033,585216
2016-09-21,128.49,129.7051,127.7686,129.4108,841047
2016-09-22,130.3316,131.2618,129.0976,130.8727,609029
2016-09-23,129.4583,130.474,129.4583,130.2177,1024449
2016-09-26,130.0373,131.2143,129.5247,130.7303,817254
2016-09-27,129.4013,129.4013,126.3932,126.8668,1481061
2016-09-28,126.4302,127.949,126.2498,127.8825,1089928
2016-09-29,127.8256,128.7084,127.5883,127.93,893434
2016-09-30,128.4046,129.1545,128.3192,128.6609,703069
2016-10-03,128.1483,129.0216,127.9964,128.5185,554889
2016-10-04,128.2148,128.4806,126.079,126.4207,939403
2016-10-05,126.7814,127.1041,125.7752,126.3447,1376372
2016-10-06,126.0885,126.7244,125.5948,126.3258,510812
2016-10-07,126.601,126.601,125.8511,126.1929,718267
2016-10-10,126.9428,128.0439,126.3542,127.5788,588427
2016-10-11,127.4933,127.4933,125.2626,125.4619,824589
2016-10-12,125.367,126.1359,125.3101,125.8606,621662
2016-10-13,125.5569,127.5693,125.1488,127.1231,709889
2016-10-14,127.1706,127.6352,126.5631,126.7434,432038
2016-10-17,126.8099,127.0187,126.022,126.3068,383219
2016-10-18,126.6485,126.8801,125.405,125.5094,746127
2016-10-19,125.8701,126.2973,125.1107,126.079,728385
2016-10-20,126.0505,126.2213,122.9939,123.1932,1155977
2016-10-21,123.0129,123.61,122.2155,123.4116,723310
2016-10-24,123.4495,123.8577,122.5857,123.2977,596639
2016-10-25,123.2122,123.8103,123.0129,123.5824,521053
2016-10-26,123.8767,124.5934,123.5445,123.8577,542418
2016-10-27,124.1615,124.1615,122.6047,122.7186,542877
2016-10-28,122.9939,125.6518,122.9939,125.2246,857476
2016-10-31,125.1012,125.367,124.1615,124.6456,638858
2016-11-01,124.6646,125.5664,123.8767,124.3039,556857
2016-11-02,124.3798,124.9683,123.9337,124.0286,564787
2016-11-03,124.4083,125.2531,123.3546,123.6109,614313
2016-11-04,123.6109,123.8862,122.6237,122.7091,494492
2016-11-07,123.2217,124.8829,122.9464,124.7975,695751
2016-11-08,124.4825,127.7952,124.4825,126.5732,778164
2016-11-09,124.5397,125.4262,122.4872,125.2653,755126
2016-11-10,124.5779,124.5779,120.931,121.7139,1110337
2016-11-11,121.2651,121.7043,119.9324,121.3033,1058327
2016-11-14,121.0456,123.8046,120.616,122.9836,1033551
2016-11-15,123.4705,124.9312,122.7354,122.9645,865266
2016-11-16,122.9645,125.0457,122.9359,124.0624,1185682
2016-11-17,121.647,121.647,116.5203,119.1935,1769794
2016-11-18,118.8307,119.8808,118.2101,119.1935,1954399
2016-11-21,118.9357,120.7687,118.8689,120.7305,1072883
2016-11-22,121.2938,121.8761,120.7401,121.1697,762982
2016-11-23,120.7782,121.7902,119.4799,119.8904,786817
2016-11-25,120.5014,121.647,120.1577,120.7305,298181
2016-11-28,120.5014,122.0194,119.9381,121.2365,911685
2016-11-29,121.5802,122.0194,120.6637,121.5038,609868
2016-11-30,120.8164,121.9716,120.2436,120.2436,1238270
2016-12-01,119.6517,120.0336,118.5729,119.0884,819931
2016-12-02,119.5658,120.4537,118.9452,119.604,608595
2016-12-05,119.6326,120.425,119.1075,120.3009,667159
2016-12-06,120.425,121.1124,119.7854,121.0074,797570
2016-12-07,121.246,123.1554,121.0742,122.8213,586478
2016-12-08,122.4967,123.3464,121.8761,122.9263,502467
2016-12-09,123.4418,124.7593,122.7831,124.5779,700923
2016-12-12,124.4729,125.0457,123.8237,124.2915,521504
2016-12-13,124.2438,125.3321,124.0147,124.6639,559874
2016-12-14,124.5111,125.2271,121.7329,122.2771,846706
2016-12-15,122.3249,122.6781,120.9024,121.6757,1246647
2016-12-16,121.7616,124.7689,121.5039,123.2891,1349089
2016-12-19,123.8046,124.492,123.0453,123.5278,533722
2016-12-20,122.6304,124.0548,122.3154,123.3464,675787
2016-12-21,123.4037,124.282,122.4681,122.7258,469451
2016-12-22,123.0504,123.8237,122.449,123.3655,479422
2016-12-23,123.3464,123.6328,122.9645,123.5946,265698
2016-12-27,122.974,123.5946,122.6495,123.0409,300647
2016-12-28,123.0218,123.1554,121.924,122.1626,340412
2016-12-29,122.3344,123.4514,121.9716,123.2986,387209
2016-12-30,123.5755,123.5755,121.647,122.258,587039
2017-01-03,122.6876,124.0314,122.3345,123.1268,652666
2017-01-04,124.3393,124.3393,122.5158,122.7067,786918
2017-01-05,122.7067,123.7569,122.5062,123.3273,661267
2017-01-06,123.1268,123.6614,122.3821,123.1936,534584
2017-01-09,123.2605,123.2795,121.752,122.2103,642166
2017-01-10,121.7425,123.1459,121.246,122.9072,1411339
2017-01-11,122.9168,125.5135,122.8308,124.7307,2052990
2017-01-12,124.5206,125.3512,124.387,124.6448,1169067
2017-01-13,124.8071,125.5135,124.4252,125.0648,780704
2017-01-17,125.0744,126.3346,124.5302,126.2677,887698
2017-01-18,126.4491,127.1747,126.22,126.9742,983743
2017-01-19,126.5446,127.3084,126.2868,126.8406,1122031
2017-01-20,127.337,127.8334,126.7833,127.5184,886494
2017-01-23,127.232,128.3108,126.7355,127.442,1040522
2017-01-24,127.337,128.6736,126.9742,128.4158,1022393
2017-01-25,128.4444,129.0268,128.3012,128.8931,1001253
2017-01-26,128.8931,129.7237,128.6592,129.6664,1206339
2017-01-27,129.6569,129.9624,128.6067,129.4469,964375
2017-01-30,129.8192,129.8192,127.0601,128.0435,1103701
2017-01-31,127.7093,129.7524,127.7093,129.6951,1590776
2017-02-01,128.8741,130.287,128.5972,129.3609,1684157
2017-02-02,129.9242,132.2728,129.3609,131.3467,1787152
2017-02-03,132.1773,133.3134,130.9935,132.4923,1036474
2017-02-06,132.7215,132.9403,131.3753,131.7477,926132
2017-02-07,131.509,133.6093,131.509,133.3325,941057
2017-02-08,132.6414,133.4188,131.4991,131.6815,1318841
2017-02-09,131.9695,132.6414,131.5951,132.171,682081
2017-02-10,131.9791,133.1117,131.5084,132.4782,494387
2017-02-13,132.507,133.4956,131.5088,133.2173,1531611
2017-02-14,132.5166,132.9677,131.6623,132.3918,1340024
2017-02-15,131.9887,133.1597,131.7497,132.9677,1161694
2017-02-16,132.7085,133.1885,131.5092,132.3054,2461336
2017-02-17,127.103,131.5279,124.7898,130.4913,3590309
2017-02-21,130.5009,137.9109,129.8002,136.2216,3228428
2017-02-22,135.3961,136.1928,134.8298,135.0794,1193555
2017-02-23,135.6937,136.2024,135.0698,135.1754,1293746
2017-02-24,135.5209,135.6169,134.3019,135.5113,792747
2017-02-27,135.5113,135.9048,134.3403,135.3001,1769317
2017-02-28,135.3769,137.6902,134.9546,136.0392,1285963
2017-03-01,135.6073,136.332,134.8106,135.041,1841817
2017-03-02,135.1082,135.8472,134.8914,135.2905,798529
2017-03-03,135.1945,135.5497,134.5035,134.849,1107191
2017-03-06,134.1867,134.9114,133.8316,134.3691,865133
2017-03-07,134.3787,134.7146,133.4764,133.582,981225
2017-03-08,133.3612,133.7068,132.8813,132.8813,2051379
2017-03-09,133.3804,134.3403,133.1885,134.0811,1480253
2017-03-10,134.7914,134.801,133.606,133.8892,1236629
2017-03-13,133.8892,133.9851,133.0541,133.5244,1152182
2017-03-14,133.4668,133.6492,132.8045,133.342,922581
2017-03-15,133.4284,134.4171,133.0733,133.5532,1215863
2017-03-16,133.1405,133.4119,132.555,133.1501,1520729
2017-03-17,133.5436,133.7932,132.9293,132.9869,1311448
2017-03-20,133.0349,133.5148,132.5646,132.9389,795476
2017-03-21,131.096,131.24,128.418,129.2051,2135579
2017-03-22,129.3587,129.4739,127.7269,128.274,1411683
2017-03-23,128.1013,128.7444,127.4582,127.8133,1364035
2017-03-24,128.1781,128.322,127.3142,127.7173,654583
2017-03-27,127.5926,127.8901,126.9207,127.5542,1747749
2017-03-28,127.3622,128.1637,126.9878,127.7941,2589722
2017-03-29,127.6597,128.1205,127.2662,127.2662,1000476
2017-03-30,127.1894,127.5542,125.8552,125.9896,927612
2017-03-31,126.2296,126.5655,125.788,125.8168,864623
2017-04-03,125.884,126.172,125.3945,125.8168,1159580
2017-04-04,126.1048,126.22,125.1929,125.5481,1064254
2017-04-05,125.5577,126.0568,124.6938,124.7994,963048
2017-04-06,124.8954,125.1352,124.0795,124.2427,975605
2017-04-07,124.473,124.8282,124.0987,124.2043,729033
2017-04-10,123.1293,123.4172,122.227,122.563,1529023
2017-04-11,122.2558,122.6877,121.7183,122.6397,1118751
2017-04-12,122.5917,123.2924,121.9582,123.0525,699034
2017-04-13,122.8989,123.2061,122.2078,122.2654,490515
2017-04-17,122.5054,122.9181,121.987,122.8701,1424137
2017-04-18,122.8605,124.1083,122.3806,122.9661,1010155
2017-04-19,122.8221,123.1197,121.9891,122.3806,689316
2017-04-20,122.4094,122.9469,121.8431,122.3422,778612
2017-04-21,122.083,122.6493,121.3152,121.4975,915098
2017-04-24,121.8911,122.7357,121.8911,122.0542,821907
2017-04-25,122.2174,122.2558,121.3823,121.8335,656639
2017-04-26,121.8239,122.2654,121.2096,121.8047,931746
2017-04-27,121.8815,122.2366,121.1616,121.3343,657184
2017-04-28,121.1712,121.7087,120.72,121.6319,761404
2017-05-01,121.9007,122.131,120.8352,120.8352,757248
2017-05-02,120.8544,121.2768,119.1075,119.6642,962130
2017-05-03,119.6546,120.2208,119.597,119.9426,775526
2017-05-04,120.0865,121.8767,119.933,120.5569,830228
2017-05-05,120.9984,121.7183,120.5089,121.0176,694931
2017-05-08,120.9408,121.9966,120.3745,121.1712,805326
2017-05-09,121.0752,121.5551,120.3073,120.4513,849608
2017-05-10,120.3644,121.1949,120.1454,121.0307,735682
2017-05-11,120.7024,120.8762,119.7947,120.741,794841
2017-05-12,120.5672,120.8472,120.0844,120.461,450812
2017-05-15,120.3548,121.1466,120.3258,120.49,742792
2017-05-16,120.9631,121.0114,120.2099,120.4803,527012
2017-05-17,120.5672,121.9857,119.9975,121.4652,668636
2017-05-18,121.1756,122.2184,120.3741,121.5715,1127310
2017-05-19,121.6294,121.8901,120.5382,121.6777,886492
2017-05-22,121.5618,123.184,121.3107,122.595,520058
2017-05-23,122.8847,123.9855,122.6433,123.1551,476121
2017-05-24,123.1551,123.6572,122.4212,123.3579,551755
2017-05-25,123.1551,124.1931,123.1551,123.5993,847864
2017-05-26,123.6958,124.1303,123.5606,123.7634,413914
2017-05-30,123.213,123.5799,122.9137,123.3772,511772
2017-05-31,123.5027,124.4972,122.7881,123.4544,1099119
2017-06-01,123.7055,125.7622,122.904,125.7526,810524
2017-06-02,126.2644,126.7858,125.2649,126.023,817844
2017-06-05,126.0712,126.0712,125.2505,126.0133,700104
2017-06-06,126.1485,126.9306,125.628,126.0326,1036258
2017-06-07,126.0133,126.3802,124.9801,126.3802,1373055
2017-06-08,129.393,129.5088,123.3482,124.0917,1629120
2017-06-09,123.9083,124.4587,122.344,122.7881,876307
2017-06-12,122.8944,124.1979,122.653,123.6475,819849
2017-06-13,123.5124,124.0241,122.1701,123.831,753695
2017-06-14,124.3138,124.9608,122.653,123.0971,1370630
2017-06-15,122.6336,122.9426,121.9431,122.7785,864658
2017-06-16,122.4019,122.4019,119.3892,120.432,1415958
2017-06-19,120.432,120.5382,118.805,119.8913,700261
2017-06-20,119.7368,119.8527,118.1242,118.1628,783903
2017-06-21,118.4235,119.1284,117.1103,117.3903,844229
2017-06-22,117.5448,117.9987,116.7434,117.062,855963
2017-06-23,117.0524,117.6028,116.2895,116.5696,1146361
2017-06-26,116.753,118.1145,116.4633,117.8635,658326
2017-06-27,117.429,117.8635,116.0288,116.0385,880979
2017-06-28,116.4537,117.1393,115.5556,115.6908,594606
2017-06-29,115.9709,115.9998,113.7306,113.9624,1354403
2017-06-30,114.339,114.899,113.4313,114.2617,855976
2017-07-03,114.7156,115.0246,113.8465,114.0879,504828
2017-07-05,113.8368,114.0203,112.2532,112.3015,977062
2017-07-06,112.2146,112.6347,111.1109,111.1524,833546
2017-07-07,111.5773,111.7318,110.8917,111.4228,795525
2017-07-10,111.4807,111.4807,110.4572,110.4765,739194
2017-07-11,110.8627,111.6014,110.3799,110.5151,1177603
2017-07-12,111.3262,112.0118,110.9883,111.2007,946876
2017-07-13,111.2876,112.3883,111.1428,112.3401,1246516
2017-07-14,112.4174,113.0837,112.2243,112.736,804099
2017-07-17,113.1899,114.5224,112.9968,114.4935,1085201
2017-07-18,114.899,114.899,112.3208,112.4753,1017228
2017-07-19,112.0215,112.9292,111.0462,112.7457,1085282
2017-07-20,112.9678,115.2949,112.9485,114.1845,1622792
2017-07-21,114.0203,114.4066,113.2864,114.4066,1281347
2017-07-24,114.3679,115.9902,113.9431,115.4977,1024433
2017-07-25,115.6619,116.957,115.2853,116.8592,1034494
2017-07-26,117.12,117.2745,116.3378,116.5599,744882
2017-07-27,116.724,117.9407,116.0867,117.9311,645742
2017-07-28,118.4525,118.578,117.7476,118.2111,758937
2017-07-31,118.2401,118.2768,117.5641,117.709,777746
2017-08-01,117.3614,117.5931,116.8399,117.2938,745219
2017-08-02,116.2799,117.5738,114.957,116.6565,1328756
2017-08-03,116.3861,117.7476,116.3861,117.0041,567853
2017-08-04,117.3614,117.5931,116.8399,117.2938,745219
2017-08-07,117.2938,118.5008,117.12,118.3559,668574
2017-08-08,117.96,118.3463,117.4676,117.6028,594497
2017-08-09,117.8359,119.0799,117.6027,118.7495,714544
2017-08-10,118.2927,118.8078,117.8262,118.2927,805392
2017-08-11,118.6523,119.5853,118.0886,118.8369,448769
2017-08-14,118.9633,119.9837,118.73,119.5464,638538
2017-08-15,119.5853,119.8671,119.1479,119.4589,613403
2017-08-16,119.4589,120.2947,119.1091,119.7116,545689
2017-08-17,119.4395,120.3433,119.0313,119.2062,669735
2017-08-18,119.0993,119.2257,118.1794,118.4676,725363
2017-08-21,118.2053,118.6523,117.7096,118.4191,704738
2017-08-22,118.283,118.4434,115.8437,116.4851,1324297
2017-08-23,115.9797,116.3199,114.7691,115.5035,2393966
2017-08-24,109.3323,109.9154,103.9192,104.4828,5352375
2017-08-25,104.5217,104.8521,102.0824,102.1893,2441067
2017-08-28,102.1407,103.5401,101.2174,102.4322,1888435
2017-08-29,102.5294,102.7529,101.645,101.752,1368003
2017-08-30,101.82,102.1504,100.5857,101.3049,1772435
2017-08-31,101.4312,102.0532,101.0814,101.8103,1493677
2017-09-01,102.0435,102.4905,101.5187,101.888,1044859
2017-09-05,101.888,103.1903,101.5284,103.0931,1182312
2017-09-06,103.2972,103.3749,102.2476,103.2194,1260260
2017-09-07,103.1028,103.5207,101.9463,103.0348,1296457
2017-09-08,103.0153,104.4245,102.5537,104.1232,1073047
2017-09-11,104.3662,105.134,103.7345,104.0844,1250323
2017-09-12,104.2399,105.1923,104.0844,104.7161,1210398
2017-09-13,104.6966,105.0635,103.8511,104.0358,756839
2017-09-14,104.3954,105.4838,103.6762,105.4352,1368133
2017-09-15,105.4838,107.1262,105.4061,107.1165,2234613
2017-09-18,106.9027,108.0106,106.5334,107.9329,1121642
2017-09-19,107.7677,107.7677,106.3682,106.4265,1101610
2017-09-20,105.7365,105.7365,103.1125,103.647,1369685
2017-09-21,103.6179,104.1135,102.7724,102.9376,732063
2017-09-22,103.2777,103.3254,101.2563,101.645,1057579
2017-09-25,101.5576,102.9182,101.1397,102.5975,1374614
2017-09-26,102.51,103.5985,101.5381,103.0931,1498233
2017-09-27,103.1611,103.9483,101.3438,103.7928,1494508
2017-09-28,103.8414,104.4537,101.6936,102.1601,1155060
2017-09-29,102.442,103.3263,101.6645,101.9755,1041754
2017-10-02,102.0143,102.3156,101.2757,101.7714,1156601
2017-10-03,102.2767,102.3448,101.2369,101.3535,973677
2017-10-04,101.3632,102.5683,101.0911,102.0629,980739
2017-10-05,102.2379,103.1806,101.8491,102.6266,959064
2017-10-06,102.6266,102.6266,101.0717,101.3049,1250196
2017-10-09,101.441,101.7228,99.8957,100.0026,1584635
2017-10-10,100.3428,101.13,99.8374,100.7704,1430615
2017-10-11,100.8773,101.7034,100.7995,101.3341,1198872
2017-10-12,101.198,103.511,101.198,103.0251,1282171
2017-10-13,103.4721,103.4721,101.888,102.1504,1291453
2017-10-16,102.1504,103.2486,102.1504,102.9765,1197478
2017-10-17,102.5391,102.9765,100.7121,101.7034,1171633
2017-10-18,101.7617,101.7617,100.8093,101.2077,754657
2017-10-19,101.0522,101.6839,99.9638,101.0717,952796
2017-10-20,101.3924,101.4993,100.2845,101.2855,822815
2017-10-23,101.4021,101.9658,100.7995,101.8394,734834
2017-10-24,102.0435,102.2962,100.955,101.4798,710118
2017-10-25,101.1688,101.3438,99.4292,100.9939,1063013
2017-10-26,101.0619,101.577,100.0318,101.2077,957897
2017-10-27,101.1591,101.1591,99.7111,100.7898,919984
2017-10-30,100.197,100.6149,98.953,99.0405,1718907
2017-10-31,100.4886,103.1417,100.197,103.0639,1747987
2017-11-01,102.889,102.957,102.0046,102.2573,708962
2017-11-02,102.1601,102.1601,99.5945,100.2262,1118057
2017-11-03,100.2942,100.9453,99.1571,99.3418,813697
2017-11-06,99.3223,99.3564,97.0482,97.1746,1110318
2017-11-07,97.0774,98.9433,96.7615,98.9044,1404494
2017-11-08,99.0697,100.7704,98.6518,100.4691,1467868
2017-11-09,100.048,100.8118,99.3136,100.4691,1289340
2017-11-10,100.1068,102.5451,100.1068,101.9575,901106
2017-11-13,103.0641,105.1107,102.1142,104.2783,1515359
2017-11-14,104.0923,106.36,103.6311,105.943,1322299
2017-11-15,105.943,106.1487,104.0041,104.2979,2113650
2017-11-16,108.9003,114.8638,107.3531,114.2273,4205019
2017-11-17,113.5908,114.6973,110.8881,111.8184,1418187
2017-11-20,112.2003,113.2882,111.2896,111.6421,1474055
2017-11-21,111.6324,112.0534,110.7021,111.1819,1098144
2017-11-22,110.9371,110.9371,109.8599,110.3594,694340
2017-11-24,110.8881,110.9175,108.8709,109.057,595463
2017-11-27,109.4193,110.9273,109.1784,110.8979,708082
2017-11-28,110.8392,112.592,110.1341,112.543,846568
2017-11-29,112.4549,116.8419,112.4549,115.2163,1508262
2017-11-30,115.4514,117.2336,113.4537,114.2469,1382693
2017-12-01,114.1784,114.1784,111.9457,113.2089,1154862
2017-12-04,113.7083,117.0475,113.2971,116.9104,1446869
2017-12-05,116.979,117.4392,114.81,115.0205,1387770
2017-12-06,115.3926,116.8712,114.9121,116.4404,755161
2017-12-07,116.0095,116.7146,115.4611,116.0095,717126
2017-12-08,116.46,116.46,115.0792,116.1466,713536
2017-12-11,115.608,116.362,114.3644,114.8246,1048413
2017-12-12,115.3828,116.2837,114.8834,115.5003,943942
2017-12-13,115.4807,116.3914,115.1478,115.6962,579711
2017-12-14,115.2653,116.4991,115.0009,116.0585,1002234
2017-12-15,117.1454,117.6742,116.1368,116.9594,1299191
2017-12-18,118.5261,118.7122,117.0671,118.1051,927848
2017-12-19,119.1822,120.6315,118.296,118.9472,1327381
2017-12-20,118.2911,121.1309,117.9974,120.8567,1123811
2017-12-21,120.9546,122.022,120.6805,121.3365,959553
2017-12-22,121.7674,123.3342,121.6989,122.6193,691558
2017-12-26,122.5018,123.4027,122.4235,122.6683,479284
2017-12-27,122.6683,123.2289,121.7772,122.1983,476821
2017-12-28,122.2864,122.3647,121.219,122.2962,493562
2017-12-29,122.1493,123.0698,121.6499,121.6597,495440
2018-01-02,121.7968,122.0024,120.23,121.1505,871969
2018-01-03,121.1799,121.3855,120.1566,120.8371,1321063
2018-01-04,121.2582,122.2668,120.7882,121.8066,787197
2018-01-05,122.1199,123.011,121.317,122.9425,663202
2018-01-08,123.011,124.1078,122.4627,124.0588,1045729
2018-01-09,123.8923,124.803,123.5398,124.1567,1314322
2018-01-10,123.2069,123.6426,121.2092,121.5813,1354219
2018-01-11,121.8849,122.0612,120.3181,120.5923,659018
2018-01-12,120.9546,121.2484,120.2496,120.8665,617956
2018-01-16,121.4638,122.2169,121.0624,121.4345,723522
2018-01-17,121.9339,124.3428,121.9339,123.2265,673181
2018-01-18,122.9229,123.5888,121.9437,123.0698,857054
2018-01-19,123.4811,125.0087,123.0796,124.8814,807376
2018-01-22,124.3232,125.1751,124.0098,124.7345,569632
2018-01-23,124.3428,125.8704,123.7846,125.3808,815923
2018-01-24,125.5766,125.9487,123.4125,124.3036,1084215
2018-01-25,125.322,130.0027,125.273,126.8594,2091136
2018-01-26,126.8594,128.4066,126.5069,128.338,839376
2018-01-29,127.3686,129.0088,126.5167,126.7321,943487
2018-01-30,126.076,127.4469,124.3428,124.8128,969452
2018-01-31,125.0087,125.3024,123.6671,124.2546,4547084
2018-02-01,123.8434,124.0392,122.3843,123.4125,1136232
2018-02-02,122.6585,122.9033,117.4,117.6252,1481681
2018-02-05,116.5187,118.6436,114.2077,114.2077,1145576
2018-02-06,112.5235,117.9582,111.9555,117.4294,1275637
2018-02-07,116.7929,118.673,116.5579,117.3413,1341496
2018-02-08,117.8144,118.8789,116.6612,116.671,1185316
2018-02-09,117.8439,118.8197,115.1038,117.8045,942805
2018-02-12,118.248,118.9577,116.7203,117.6862,893082
2018-02-13,117.016,118.3762,115.6656,117.9721,882600
2018-02-14,117.1441,119.3717,115.4389,119.2731,1084760
2018-02-15,119.8349,121.7471,117.6862,120.8896,1394633
2018-02-16,122.0231,123.1566,117.2525,122.6736,1513132
2018-02-20,122.5455,122.7377,120.4362,122.0921,953384
2018-02-21,122.437,123.4325,118.9676,119.0858,744103
2018-02-22,119.2337,121.2592,118.938,121.0768,1073109
2018-02-23,121.5105,122.782,119.6279,122.7623,1447685
2018-02-26,122.5455,125.2264,121.9935,125.1969,989606
2018-02-27,125.2363,128.3509,124.8223,124.8223,1384223
2018-02-28,125.532,126.3895,124.2506,124.4872,1109819
2018-03-01,124.2408,126.7936,123.8662,125.0786,912716
2018-03-02,124.5463,127.1484,124.5463,126.6063,879319
2018-03-05,126.1431,128.4791,123.0481,128.1538,981246
2018-03-06,128.1341,128.4298,126.1036,127.8187,1199405
2018-03-07,126.4289,127.5033,123.2058,126.8725,810597
2018-03-08,127.2174,127.8384,126.0248,127.8088,939865
2018-03-09,128.1341,128.5875,127.2273,128.0552,616030
2018-03-12,127.9271,129.5288,127.7201,128.4396,808670
2018-03-13,129.1,129.8392,127.7497,129.6421,924905
2018-03-14,130.1054,131.4656,128.7945,128.9719,1001883
2018-03-15,128.9719,129.6323,122.8806,123.058,1364912
2018-03-16,123.5508,125.7882,123.4818,124.0338,1316340
2018-03-19,123.9845,126.0938,123.7036,124.4773,737657
2018-03-20,125.049,125.2634,123.1368,123.6297,793138
2018-03-21,122.3286,123.2058,117.6172,118.4353,2185721
2018-03-22,118.2086,119.6284,116.464,116.5823,1123308
2018-03-23,117.2723,119.7068,116.8386,117.0554,1445474
2018-03-26,117.7651,120.1503,117.6172,119.9532,1111426
2018-03-27,120.6136,121.5697,120.0123,120.653,1540297
2018-03-28,120.8994,122.8362,120.653,121.5302,986876
2018-03-29,122.1216,123.6987,121.6978,122.2301,1064459
2018-04-02,121.9738,122.2202,116.947,118.0509,1067914
2018-04-03,118.5142,120.7417,117.2427,119.9729,630108
2018-04-04,118.9774,123.7775,118.455,121.9245,1460770
2018-04-05,122.6046,123.7075,120.7023,122.2202,1487673
2018-04-06,122.1709,124.6745,121.1064,122.1611,1460151
2018-04-09,122.4863,125.0391,121.6879,123.3143,688682
2018-04-10,124.2112,124.2408,122.4666,122.6046,822287
2018-04-11,122.1413,122.9397,121.8161,121.8358,549066
2018-04-12,122.2202,122.3286,120.446,120.8797,824238
2018-04-13,121.6879,121.6879,120.377,121.0867,533241
2018-04-16,119.2534,120.3573,116.8105,119.214,1095340
2018-04-17,119.3323,119.7364,118.3318,118.8197,758216
2018-04-18,119.214,119.4801,117.9573,118.455,797386
2018-04-19,117.9425,118.0213,114.5814,115.3601,1691590
2018-04-20,115.3995,116.188,111.5358,113.2705,1700414
2018-04-23,113.2705,113.443,112.1765,112.9255,1257953
2018-04-24,113.2705,113.3987,111.5655,112.9058,1002375
2018-04-25,112.1863,114.0196,111.7871,113.8816,798255
2018-04-26,114.266,114.266,112.3677,113.7042,737327
2018-04-27,114.1773,115.3207,113.5465,114.5124,589247
2018-04-30,115.1038,115.1827,112.0779,112.4426,1146665
2018-05-01,112.5017,113.8028,111.6836,113.3592,894878
2018-05-02,112.9058,114.2562,111.4274,112.1962,957983
2018-05-03,111.3781,112.0779,108.8351,109.8109,1814828
2018-05-04,109.7123,112.7481,109.2392,111.6836,1037186
2018-05-07,111.6738,112.7777,110.7366,111.0331,730585
2018-05-08,110.6783,111.4224,109.9982,111.2302,1216515
2018-05-09,111.7625,112.9058,110.9345,112.1567,764810
2018-05-10,112.6828,114.1615,112.5438,113.2981,1317553
2018-05-11,113.3576,114.4096,111.8089,112.1667,614819
2018-05-14,112.1369,112.1369,110.1719,110.7376,793028
2018-05-15,110.0627,110.5524,107.919,110.152,1179237
2018-05-16,110.1818,111.2834,109.7749,111.1941,699633
2018-05-17,111.1445,111.3231,109.9138,110.4795,752385
2018-05-18,109.4474,109.4474,106.3112,107.1251,1728491
2018-05-21,107.3533,108.3954,107.001,107.4724,896839
2018-05-22,107.6808,109.0802,107.3642,108.584,931463
2018-05-23,108.7824,109.8741,108.2763,109.3878,855907
2018-05-24,109.6657,110.2612,107.6312,109.0107,980987
2018-05-25,108.8519,110.9807,108.4152,108.9115,884123
2018-05-29,108.2465,109.4126,107.0754,107.8595,1202657
2018-05-30,108.0083,108.2664,105.7555,107.7701,1827420
2018-05-31,107.6014,107.9187,105.6265,106.6884,1563726
2018-06-01,106.996,108.0679,105.0608,105.3982,1989247
2018-06-04,105.2692,107.2789,105.2692,106.2318,1845864
2018-06-05,105.0111,106.3013,104.3561,105.2989,1920616
2018-06-06,105.3883,105.7555,103.5473,105.7158,2406085
2018-06-07,98.2724,102.1628,95.4042,100.039,6761453
2018-06-08,99.8653,102.4407,99.1976,101.746,2422794
2018-06-11,101.8948,106.1227,101.6467,105.3684,3174135
2018-06-12,105.6165,105.7158,104.0197,105.1005,1718036
2018-06-13,105.4379,106.0631,102.5399,103.0461,1858929
2018-06-14,103.0858,103.6813,102.4605,102.9667,1498800
2018-06-15,103.1056,105.0806,103.0461,104.9317,2764258
2018-06-18,104.6539,105.16,102.5598,103.4034,1318006
2018-06-19,103.3637,104.6936,103.3339,103.7309,1741142
2018-06-20,104.108,105.8547,103.8301,105.557,1184735
2018-06-21,105.1898,105.7158,104.2866,104.5943,804185
2018-06-22,104.8623,105.7654,104.2668,104.9119,1177102
2018-06-25,105.9837,107.6312,105.9837,107.4129,1147186
2018-06-26,107.8495,112.256,106.2418,108.2961,3509142
2018-06-27,108.1374,111.204,107.7701,109.2092,2133926
2018-06-28,108.713,109.3084,107.393,108.2267,1462199
2018-06-29,108.1572,108.1572,106.3311,106.6685,1001854
2018-07-02,106.4204,106.8075,103.85,104.366,956989
2018-07-03,105.2592,107.0854,104.7432,106.48,686959
2018-07-05,107.3335,110.1123,107.0457,109.8047,1524482
2018-07-06,110.0925,111.6705,109.5069,110.8964,935513
2018-07-09,111.0552,111.8342,109.6062,110.0726,1156073
2018-07-10,109.6062,109.6062,106.7578,108.316,1730826
2018-07-11,108.4549,109.765,107.8297,109.0206,859953
2018-07-12,109.8642,110.3207,108.4847,108.9015,734077
2018-07-13,108.4748,110.3009,108.4748,110.2215,770536
2018-07-16,110.1818,110.1818,107.1945,107.5915,828806
2018-07-17,107.6014,110.3704,107.6014,110.152,679518
2018-07-18,110.1123,110.3009,107.6411,108.187,995637
2018-07-19,107.9289,109.8196,107.3399,108.7427,797114
2018-07-20,108.971,109.4772,107.8198,108.6435,804041
2018-07-23,108.6534,108.9412,106.9365,107.8793,694887
2018-07-24,107.2044,107.4923,105.5173,106.7975,990233
2018-07-25,106.7479,108.058,106.0929,107.7007,964388
2018-07-26,109.3878,111.3926,108.5641,109.3184,886284
2018-07-27,109.3878,110.3557,108.8718,109.1893,784779
2018-07-30,108.5145,110.291,108.0282,110.2016,699868
2018-07-31,110.5292,111.5514,109.3878,110.281,1294228
2018-08-01,110.6582,111.6109,108.4152,108.574,1235412
2018-08-02,108.5641,111.7002,108.2072,111.472,967605
2018-08-03,112.4644,120.3643,112.1469,115.3624,3459623
2018-08-06,115.0746,116.0373,113.1591,113.6058,1136417
2018-08-07,113.6951,113.7447,111.6407,111.9583,1563352
2018-08-08,111.9682,112.1667,110.9658,111.0651,665369
2018-08-09,111.4621,111.6903,109.1199,109.8642,1066466
2018-08-10,109.4474,110.1421,108.9909,109.9932,803111
2018-08-13,109.7153,110.4895,109.1596,110.2612,712704
2018-08-14,110.2413,111.8839,110.2413,110.5986,662560
2018-08-15,110.549,112.1667,109.894,111.7399,1026101
2018-08-16,112.63,113.31,111.62,112.09,1242910
2018-08-17,111.91,115.465,111.82,114.59,1464839
2018-08-20,114.4,117.55,114.3971,115.87,1889654
2018-08-21,112.88,116.8,107.31,108.2,4402001
2018-08-22,107.94,108.19,105.01,105.4,2820945
2018-08-23,105.0,105.22,103.09,104.45,2102485
2018-08-24,104.74,105.56,103.89,105.05,1174926
2018-08-27,105.67,106.68,105.11,105.83,912473
2018-08-28,105.53,105.61,104.06,104.25,1310200
2018-08-29,104.57,104.72,103.44,103.66,921169
2018-08-30,103.28,103.99,102.5,102.97,1104288
2018-08-31,103.22,103.9299,102.6,103.38,1258787
2018-09-04,103.38,104.46,102.7,103.69,1096092
2018-09-05,103.33,107.33,103.33,107.15,1404723
2018-09-06,107.18,110.22,107.0201,109.77,1557388
2018-09-07,109.39,110.05,108.32,109.53,998582
2018-09-10,110.09,111.21,109.58,110.17,964403
2018-09-11,110.12,110.17,108.6378,109.19,665823
2018-09-12,109.0,110.33,108.08,110.2,803312
2018-09-13,110.29,111.04,108.65,110.93,572729
