date,open,high,low,close,volume
2013-09-16,32.6057,32.8029,32.2194,32.2824,5032120
2013-09-17,32.2509,32.5268,32.2509,32.448,3134053
2013-09-18,32.4638,33.8753,32.3298,33.6151,7771117
2013-09-19,33.6387,33.7767,33.1577,33.3548,4726266
2013-09-20,33.3548,33.4179,32.8896,32.9448,5664569
2013-09-23,32.7477,33.4574,32.7358,33.2523,4262713
2013-09-24,33.2681,33.3627,33.0666,33.1814,3236223
2013-09-25,33.1104,33.2839,32.8975,32.8975,3563376
2013-09-26,32.9369,33.0473,32.5821,32.7477,3335683
2013-09-27,32.653,32.8186,32.4166,32.5111,2795268
2013-09-30,32.3298,32.5979,32.3061,32.4717,4026285
2013-10-01,32.5663,32.6372,32.3692,32.5505,3055320
2013-10-02,32.4796,32.6057,32.2903,32.59,3785333
2013-10-03,32.4244,32.4244,31.9749,31.9828,8917093
2013-10-04,32.0222,32.1326,31.8645,32.0617,3197377
2013-10-07,31.9513,32.109,31.8251,31.9276,3069392
2013-10-08,31.9276,32.5663,31.9276,32.3376,5357486
2013-10-09,32.4244,33.0315,32.3614,32.5427,5990353
2013-10-10,32.6925,32.795,32.0853,32.7792,4469683
2013-10-11,32.7477,32.9054,32.6215,32.8738,3143849
2013-10-14,32.7398,32.7477,32.1918,32.6057,4491406
2013-10-15,32.5821,32.6215,32.1484,32.2115,5917483
2013-10-16,32.2785,32.5505,32.2115,32.5505,4030665
2013-10-17,32.5032,33.1104,32.3061,33.0473,3820215
2013-10-18,33.1893,33.276,32.9369,33.071,3732768
2013-10-21,33.0158,33.0473,32.7082,32.929,3809180
2013-10-22,33.0394,33.5577,32.9212,33.3391,6337496
2013-10-23,33.2996,33.8595,33.276,33.347,4988025
2013-10-24,33.4495,33.481,33.0394,33.1262,16948483
2013-10-25,33.0946,33.5125,33.0,33.481,13307141
2013-10-28,33.4495,33.6229,33.3154,33.4652,18816985
2013-10-29,33.5677,33.5914,33.2444,33.4258,4590838
2013-10-30,33.276,33.4968,32.9763,33.0394,6787517
2013-10-31,33.0294,33.0454,32.4148,32.6543,7690392
2013-11-01,32.7581,32.9017,32.5825,32.7421,4357665
2013-11-04,32.9736,33.1172,32.7341,33.1172,5523766
2013-11-05,33.0853,33.4525,32.798,32.806,6317064
2013-11-06,32.9416,33.3407,32.8858,33.3407,4889647
2013-11-07,33.3807,33.5563,33.1013,33.1412,4689084
2013-11-08,33.0135,33.0215,32.3869,32.8938,10856526
2013-11-11,32.9017,33.1731,32.7461,33.1252,4285289
2013-11-12,33.0614,33.1651,32.8379,33.0374,5275923
2013-11-13,32.9017,33.3328,32.7341,33.3168,5750061
2013-11-14,33.3886,33.8676,33.3727,33.8117,7081896
2013-11-15,33.7798,33.8676,33.4126,33.8596,6590811
2013-11-18,33.8596,33.8835,33.66,33.7877,6557177
2013-11-19,33.8037,33.8995,33.5563,33.5802,5259758
2013-11-20,33.66,33.668,32.9887,33.0454,6644891
2013-11-21,33.1013,33.2689,32.8219,33.0215,5025325
2013-11-22,33.0055,33.1332,32.8938,32.9097,3615214
2013-11-25,32.9257,32.9816,32.7261,32.7261,5015557
2013-11-26,32.766,32.79,32.4947,32.5106,5395587
2013-11-27,32.5505,32.5904,32.2871,32.4707,4270260
2013-11-29,32.4388,32.6942,32.335,32.4308,3135225
2013-12-02,32.5026,32.6064,32.0237,32.5186,6553359
2013-12-03,32.5266,32.802,32.3669,32.6303,5660403
2013-12-04,32.5984,32.8139,32.2871,32.798,4719316
2013-12-05,32.7022,32.8618,32.5186,32.6782,5459483
2013-12-06,32.9736,33.2929,32.806,33.0694,4506549
2013-12-09,32.9816,32.9816,32.5745,32.7581,6119015
2013-12-10,32.7341,32.7421,32.2632,32.2951,8025277
2013-12-11,32.2632,32.3829,32.0716,32.1514,8224911
2013-12-12,32.0876,32.3071,31.9519,32.0876,6265787
2013-12-13,32.1594,32.2233,31.9519,32.0237,3481844
2013-12-16,32.1195,32.4228,32.1115,32.2312,3872360
2013-12-17,32.2312,32.359,32.054,32.1754,4263220
2013-12-18,32.2233,32.8938,32.0556,32.7341,7686199
2013-12-19,32.7261,32.7261,32.2552,32.5585,5585114
2013-12-20,32.6224,32.9257,32.5585,32.774,7506853
2013-12-23,32.8299,32.9257,32.6064,32.6303,4112332
2013-12-24,32.5585,32.8219,32.4308,32.6942,1392940
2013-12-26,32.6942,32.7741,32.4627,32.5266,2957590
2013-12-27,32.4947,32.6862,32.413,32.6144,3355471
2013-12-30,32.5745,32.8299,32.5425,32.7261,4644154
2013-12-31,32.7581,32.8858,32.6303,32.8139,4239876
2014-01-02,32.8299,32.8299,32.3989,32.4787,5514769
2014-01-03,32.4627,32.5346,32.1434,32.3031,4198351
2014-01-06,32.3669,32.4747,32.1514,32.2472,4526962
2014-01-07,32.3111,32.5465,32.2592,32.5346,4705549
2014-01-08,32.5026,32.5505,32.1674,32.2472,4268057
2014-01-09,32.327,32.4388,32.1594,32.4228,3898740
2014-01-10,32.5585,33.2769,32.4468,33.0374,6176015
2014-01-13,33.0135,33.1093,32.8698,32.9416,4845264
2014-01-14,32.9816,33.0694,32.782,32.806,5058223
2014-01-15,32.8219,32.9017,32.6902,32.79,3805591
2014-01-16,32.79,32.9257,32.6703,32.9177,3272748
2014-01-17,32.9337,33.0215,32.798,32.8538,3314056
2014-01-21,33.0055,33.2688,32.9887,33.245,3514552
2014-01-22,33.221,33.3647,33.1572,33.2051,2767132
2014-01-23,33.0933,33.1731,32.9416,33.0694,4225676
2014-01-24,32.9975,33.3807,32.8618,32.9017,6612562
2014-01-27,32.9257,33.1093,32.806,32.9257,6050930
2014-01-28,32.9656,33.0534,32.766,32.9257,5491261
2014-01-29,33.1093,33.4206,32.327,32.6383,11963872
2014-01-30,32.6201,33.0727,32.5716,33.0485,5007545
2014-01-31,32.9515,33.4445,32.7737,33.3314,7340619
2014-02-03,33.3637,33.9133,33.2263,33.3395,8762435
2014-02-04,33.4445,33.4445,32.9677,33.1374,5192413
2014-02-05,33.0566,33.1778,32.9434,32.9919,3811627
2014-02-06,33.0,33.1859,32.8949,33.0647,3104037
2014-02-07,33.1778,33.3799,33.097,33.2182,4338555
2014-02-10,33.1374,33.485,33.0485,33.3637,2840913
2014-02-11,33.3637,33.7597,33.3556,33.6951,3454489
2014-02-12,33.6627,33.7436,33.5012,33.6304,2473479
2014-02-13,33.5658,34.1962,33.5415,34.1315,4589301
2014-02-14,34.0507,34.3902,33.986,34.3659,3389173
2014-02-18,34.3417,34.5276,34.3012,34.3821,3397530
2014-02-19,34.2932,34.5114,34.0265,34.083,2898791
2014-02-20,34.1396,34.4144,33.9965,34.2689,2924259
2014-02-21,34.2932,34.5437,34.1881,34.2285,3286582
2014-02-24,34.2528,34.5114,34.0265,34.0426,3582145
2014-02-25,34.0507,34.3497,33.9699,34.083,3228245
2014-02-26,34.18,34.1962,33.9375,33.9456,2756274
2014-02-27,33.9295,34.0479,33.6789,33.9537,3688743
2014-02-28,33.978,34.277,33.8785,34.2285,4809891
2014-03-03,34.1234,34.3497,33.9699,33.986,3504717
2014-03-04,34.2043,34.3012,34.083,34.2123,4069526
2014-03-05,34.2204,34.3538,34.0749,34.1234,3430435
2014-03-06,34.277,34.3336,33.8284,33.978,3666769
2014-03-07,33.8729,34.0531,33.6143,34.0265,3858452
2014-03-10,34.0184,34.2123,33.8729,34.0749,3896545
2014-03-11,34.1396,34.1719,33.8648,33.986,2748850
2014-03-12,33.9456,34.4621,33.9375,34.4548,3779405
2014-03-13,34.5114,34.9882,34.4548,34.8832,5031578
2014-03-14,34.8508,35.2752,34.7619,35.1499,5978853
2014-03-17,35.1984,35.3196,35.0367,35.1741,3866053
2014-03-18,35.2226,35.2752,35.0367,35.1176,2893043
2014-03-19,35.1095,35.1984,34.378,34.5841,5773737
2014-03-20,34.4791,34.5841,34.0992,34.5841,4829336
2014-03-21,34.673,34.9802,34.6003,34.6892,7029645
2014-03-24,34.7215,34.9478,34.7134,34.8993,2943085
2014-03-25,34.9559,35.158,34.7377,35.1014,3121542
2014-03-26,35.1337,35.1984,34.8751,34.8751,4589128
2014-03-27,34.7943,35.1095,34.7094,35.0771,6178624
2014-03-28,35.0771,35.1176,34.8872,35.0529,3255808
2014-03-31,35.1984,35.5621,35.158,35.5136,4632628
2014-04-01,35.4651,35.4893,35.1337,35.158,3817474
2014-04-02,35.1741,35.2145,34.8994,34.9882,4237006
2014-04-03,35.061,35.1749,34.9154,35.0044,3693750
2014-04-04,35.1499,35.6348,35.0771,35.3196,5012948
2014-04-07,35.2873,35.8369,35.2065,35.7318,6345981
2014-04-08,35.6995,36.1521,35.4247,36.1359,5820345
2014-04-09,36.0955,36.0955,35.4974,35.8611,4493274
2014-04-10,35.8773,36.1683,35.7157,35.8046,3987692
2014-04-11,35.8046,36.1602,35.7803,36.0228,4596028
2014-04-14,36.1198,36.2248,35.9339,36.0874,3606776
2014-04-15,36.144,36.8189,36.144,36.5724,7221688
2014-04-16,36.6613,37.0411,36.6007,37.0331,4996175
2014-04-17,36.6694,36.9361,36.3865,36.4673,4943712
2014-04-21,36.4996,36.7179,36.241,36.4996,3821874
2014-04-22,36.5724,36.6936,36.3946,36.6451,4150922
2014-04-23,36.7259,36.8633,36.4996,36.5481,3461113
2014-04-24,36.4916,36.9361,36.3461,36.9199,4305340
2014-04-25,36.928,37.4372,36.928,37.3887,5437773
2014-04-28,37.3968,37.7403,37.3725,37.7281,8447685
2014-04-29,37.6796,37.8332,37.3887,37.4695,6164165
2014-04-30,37.5827,37.817,36.8957,37.0411,8746630
2014-05-01,36.8735,37.1597,36.6855,36.9716,5998029
2014-05-02,36.7999,36.9144,36.0151,36.1213,7540532
2014-05-05,36.105,36.3911,36.0232,36.3748,4846447
2014-05-06,36.3257,36.4484,36.2113,36.2603,2900436
2014-05-07,36.3094,36.7918,36.3012,36.6773,5183998
2014-05-08,36.7018,36.7264,36.0968,36.1377,5380375
2014-05-09,36.0968,36.3584,35.688,35.7044,6577687
2014-05-12,35.7861,35.827,35.3201,35.3692,4941439
2014-05-13,35.5,35.7044,35.222,35.41,4464041
2014-05-14,35.4509,35.9742,35.4182,35.7534,4691951
2014-05-15,35.688,36.0069,35.5081,35.5163,4268242
2014-05-16,35.4427,35.6962,35.3773,35.5735,4053347
2014-05-19,35.5327,35.5654,35.0012,35.0094,4717913
2014-05-20,35.0666,35.2792,34.7887,34.9685,3484722
2014-05-21,35.0585,35.0993,34.8622,35.0258,2637985
2014-05-22,35.1239,35.3855,35.0912,35.3119,3298602
2014-05-23,35.3037,35.4509,35.1811,35.222,2706066
2014-05-27,35.3528,35.4346,35.1484,35.2874,4120839
2014-05-28,35.3446,35.549,35.3201,35.5245,3266971
2014-05-29,35.5245,35.6063,35.3119,35.5981,2995354
2014-05-30,35.4836,35.8107,35.4264,35.7943,3931205
2014-06-02,35.7371,35.8515,35.5817,35.7044,2622065
2014-06-03,35.7289,35.8515,35.5572,35.7044,2926567
2014-06-04,35.688,35.8025,35.5654,35.7534,3395486
2014-06-05,35.6798,36.2031,35.6635,36.0723,3500319
2014-06-06,36.1704,36.3503,35.8188,35.8842,3725915
2014-06-09,35.7779,35.8761,35.4918,35.6798,4138156
2014-06-10,35.5408,35.8025,35.5245,35.6553,4161200
2014-06-11,35.6308,35.6553,35.2302,35.2302,3944082
2014-06-12,35.2547,35.6553,34.9767,35.549,4648721
2014-06-13,35.5245,35.733,35.3528,35.5899,2983819
2014-06-16,35.5817,36.154,35.5245,35.7289,5251043
2014-06-17,35.6063,35.7452,35.4264,35.5081,5127882
2014-06-18,35.5654,36.4239,35.5,36.4075,6044032
2014-06-19,36.432,36.7672,36.3928,36.5628,7358764
2014-06-20,36.661,36.6691,36.1704,36.1786,8205244
2014-06-23,36.0805,36.3012,35.9987,36.154,5372507
2014-06-24,36.5301,36.5383,36.0805,36.1295,6902148
2014-06-25,36.154,36.5874,36.15,36.522,4393504
2014-06-26,36.5383,36.6446,36.3584,36.6364,3337462
2014-06-27,36.5056,36.9635,36.4484,36.8408,3863124
2014-06-30,36.9389,37.266,36.8653,37.1025,4447334
2014-07-01,37.0943,37.0943,36.7591,36.8572,3594549
2014-07-02,36.8245,36.8245,36.0723,36.1867,6467378
2014-07-03,36.0314,36.0314,35.7044,35.9823,4023111
2014-07-07,35.9088,36.2195,35.9088,36.1459,4135478
2014-07-08,36.1786,36.6201,36.1786,36.4157,4718189
2014-07-09,36.5301,36.5301,36.1213,36.3503,3720295
2014-07-10,36.3666,36.7182,36.293,36.4974,5182088
2014-07-11,36.4893,36.71,36.2849,36.4075,4019052
2014-07-14,36.3993,36.5138,36.0968,36.1213,3831165
2014-07-15,36.1213,36.383,36.0968,36.3584,3744694
2014-07-16,36.4647,36.6119,36.2276,36.6037,3802060
2014-07-17,36.4647,36.665,36.3911,36.4239,4331830
2014-07-18,36.5547,36.7509,36.3012,36.7018,3263586
2014-07-21,36.7018,36.8326,36.5301,36.7182,2977039
2014-07-22,36.8163,36.8899,36.6773,36.7182,2808534
2014-07-23,36.8653,36.8653,36.616,36.6364,3475959
2014-07-24,36.7182,36.7182,36.4157,36.6119,3955433
2014-07-25,36.6855,36.7836,36.4647,36.5792,7059008
2014-07-28,36.4811,37.1433,36.4811,37.0861,5570260
2014-07-29,37.176,37.176,36.522,36.6773,5499634
2014-07-30,36.7918,36.7918,35.9823,36.2849,6949650
2014-07-31,36.3138,36.3138,35.7595,35.8174,5677258
2014-08-01,35.8588,36.2642,35.7843,35.8422,4193916
2014-08-04,35.8919,35.9167,35.0397,35.6602,6639388
2014-08-05,35.5278,35.7429,35.1224,35.2465,4339676
2014-08-06,35.1058,35.1058,34.6425,34.8907,10041518
2014-08-07,35.0397,35.4699,34.9652,35.2631,4409822
2014-08-08,35.3375,36.0242,35.3292,36.016,4982431
2014-08-11,36.016,36.0739,35.6106,35.6271,4739771
2014-08-12,35.6188,35.8919,35.5775,35.7595,3515040
2014-08-13,35.4534,35.8091,35.3044,35.6354,5265744
2014-08-14,35.7016,35.9663,35.6685,35.9332,3162275
2014-08-15,35.9332,36.2559,35.8091,35.925,4392514
2014-08-18,36.016,36.1732,35.8091,35.8919,2979836
2014-08-19,36.0325,36.2476,35.867,36.2394,2720596
2014-08-20,36.0491,36.2725,36.0325,36.2476,2639651
2014-08-21,36.3138,36.5207,36.2352,36.3138,3109550
2014-08-22,36.2559,36.4338,35.9911,36.1401,2823918
2014-08-25,36.2394,36.4214,36.1732,36.3221,2091730
2014-08-26,36.3966,36.471,35.9911,36.0242,2243153
2014-08-27,36.0242,36.2725,36.0242,36.2642,2384423
2014-08-28,36.1484,36.6282,36.1484,36.5951,2951254
2014-08-29,36.5538,36.7358,36.4545,36.7358,2615068
2014-09-02,36.6696,36.7689,36.0822,36.2394,3755256
2014-09-03,36.3552,36.62,36.3552,36.5538,2807362
2014-09-04,36.4628,36.5869,36.2228,36.5372,3249833
2014-09-05,36.6696,37.0585,36.62,37.0585,6022231
2014-09-08,36.9923,37.082,36.6944,36.8682,3189074
2014-09-09,36.7523,36.8185,36.3221,36.38,6827045
2014-09-10,36.3221,36.3966,36.0739,36.2063,2939711
2014-09-11,36.2476,36.4875,36.0904,36.4545,2844612
2014-09-12,36.2807,36.3138,35.7843,35.8753,4237541
2014-09-15,35.925,36.1401,35.7595,35.8836,3919927
2014-09-16,35.9084,36.4752,35.9084,36.3469,4118849
2014-09-17,36.198,36.4628,35.8505,36.0491,4115252
2014-09-18,36.016,36.1814,35.6106,35.8091,4775652
2014-09-19,35.8753,36.2145,35.867,36.1484,5639131
2014-09-22,36.0904,36.2725,35.9125,35.9663,5335613
2014-09-23,35.9663,36.0739,35.8386,35.9084,3316371
2014-09-24,35.9332,36.0656,35.8008,35.9498,3663488
2014-09-25,35.9084,36.1318,35.8505,35.8505,4323403
2014-09-26,35.8422,36.0738,35.6354,35.9498,3378272
2014-09-29,35.8505,36.1318,35.6602,36.0987,3374094
2014-09-30,36.1318,36.4131,35.9746,36.1153,4050544
2014-10-01,36.2394,36.6365,36.1649,36.4793,5901474
2014-10-02,36.3883,36.7689,36.3883,36.5124,6439650
2014-10-03,36.5703,36.6117,36.0325,36.5207,5366911
2014-10-06,36.6531,36.711,36.3387,36.4628,3494782
2014-10-07,36.3883,36.8847,36.3552,36.5207,4618117
2014-10-08,36.5455,37.315,36.5372,37.2653,5802824
2014-10-09,37.2322,37.5715,37.0543,37.0916,10330005
2014-10-10,37.2653,37.5632,37.1909,37.3232,6564795
2014-10-13,37.2322,38.4609,37.2157,37.9355,10678504
2014-10-14,38.1754,39.1435,38.0679,38.8043,11546686
2014-10-15,38.6884,39.4496,37.9107,38.7629,11742995
2014-10-16,38.3557,38.6245,37.9669,38.3557,9931458
2014-10-17,38.465,38.5064,37.6625,38.2416,8993433
2014-10-20,38.2665,38.8125,38.2416,38.705,5549629
2014-10-21,38.7794,38.887,38.5395,38.8291,5173434
2014-10-22,38.7877,39.2097,38.7629,39.0442,5346021
2014-10-23,39.0111,39.251,38.8208,39.0607,4837453
2014-10-24,39.0607,39.3007,39.0028,39.2262,3329687
2014-10-27,39.2676,39.4579,39.0607,39.2014,4309738
2014-10-28,39.2841,39.3751,38.6057,39.1931,8739376
2014-10-29,38.6801,39.069,38.01,38.4071,9907060
2014-10-30,39.4134,39.5891,39.1457,39.4051,7148543
2014-10-31,39.0119,39.0621,38.3677,38.786,7530217
2014-11-03,38.8362,39.2461,38.7943,39.129,6521691
2014-11-04,38.9784,39.4302,38.9198,39.2712,5769887
2014-11-05,39.1875,40.1329,39.1875,40.1246,9145630
2014-11-06,39.9321,40.0325,39.175,39.3298,8836865
2014-11-07,39.3716,39.6226,39.2294,39.4302,5179524
2014-11-10,39.5138,39.9154,39.3632,39.815,7325025
2014-11-11,39.815,39.9405,39.6142,39.8067,3751550
2014-11-12,39.4134,39.5891,39.1457,39.4051,7148543
2014-11-13,39.4887,39.6895,39.1039,39.2712,6020353
2014-11-14,39.1875,39.2628,38.8696,39.0202,4937501
2014-11-17,39.1374,39.4887,38.9533,39.3883,4181690
2014-11-18,39.5724,39.7314,39.3055,39.5306,3837013
2014-11-19,39.4051,39.631,39.2628,39.5473,3807221
2014-11-20,39.4971,39.6477,39.2377,39.4134,3242202
2014-11-21,39.5891,39.631,39.1792,39.5306,4304340
2014-11-24,39.5724,39.6226,39.0035,39.0788,3938122
2014-11-25,39.1123,39.1123,38.7358,38.878,5812011
2014-11-26,38.9031,39.2879,38.9031,39.1708,3554245
2014-11-28,39.2963,39.8652,39.2963,39.6812,3030153
2014-12-01,39.4469,40.4174,39.38,39.8987,8389592
2014-12-02,39.9907,40.3003,39.6728,40.0827,6949755
2014-12-03,40.2082,40.2752,39.9238,40.0744,4661541
2014-12-04,40.0744,40.2668,39.8652,40.0827,3010492
2014-12-05,39.6895,39.907,39.5055,39.7732,4755856
2014-12-08,39.7899,40.3379,39.7899,40.1999,4903865
2014-12-09,40.2919,40.4592,39.9991,40.2752,3999644
2014-12-10,40.1329,40.5136,40.066,40.0911,4171819
2014-12-11,40.0744,40.7018,40.0744,40.4927,4558808
2014-12-12,40.2417,40.7437,40.0827,40.0911,3729905
2014-12-15,40.1999,40.3505,39.7397,40.0325,4515884
2014-12-16,40.0827,40.4843,39.7063,39.9572,5401211
2014-12-17,40.1329,40.4509,39.9656,40.409,4443401
2014-12-18,40.4258,40.9947,40.2417,40.9947,4911802
2014-12-19,40.9445,41.2661,40.7939,41.0114,8100232
2014-12-22,41.2791,41.4046,40.8943,41.2958,4009021
2014-12-23,41.2456,41.3879,41.0951,41.1369,3172621
2014-12-24,41.1369,41.94,41.1369,41.756,3817961
2014-12-26,41.8313,42.5592,41.7978,42.2245,5746272
2014-12-29,42.1827,42.9021,42.1827,42.5675,6268752
2014-12-30,42.5173,42.5173,41.6221,41.6389,4130064
2014-12-31,41.7895,41.9149,41.0365,41.0867,4963274
2015-01-02,41.1536,41.3628,40.8608,41.3042,4646762
2015-01-05,41.3126,41.4046,40.9152,41.1285,7028681
2015-01-06,41.162,41.9819,41.1453,41.6221,9363079
2015-01-07,41.6556,42.1994,41.4966,42.0823,4917043
2015-01-08,42.1743,42.4086,42.0153,42.1157,4533238
2015-01-09,42.099,42.1325,41.5217,41.5803,4121397
2015-01-12,41.7895,41.8313,41.3628,41.5887,4086081
2015-01-13,41.8397,42.2496,41.4297,41.5636,5422122
2015-01-14,41.5803,41.9986,41.3586,41.9902,6205682
2015-01-15,42.1743,42.5633,41.9317,42.5006,5688749
2015-01-16,42.4002,42.9942,42.35,42.9607,5718551
2015-01-20,43.0026,43.2368,42.8101,43.2201,4082241
2015-01-21,43.0611,43.5798,42.8269,43.5129,5409178
2015-01-22,43.5045,43.718,43.2117,43.6133,4674469
2015-01-23,43.6133,43.8978,43.5045,43.697,4192516
2015-01-26,43.5547,43.7304,43.2368,43.697,4232392
2015-01-27,43.5966,44.0985,43.5966,43.8559,3566788
2015-01-28,43.8559,44.475,43.5547,43.6468,5203708
2015-01-29,43.538,44.2659,43.4209,44.1655,4454997
2015-01-30,43.7555,43.9145,42.3667,42.4337,12555003
2015-02-02,42.3751,42.6093,41.9275,42.4839,7073180
2015-02-03,42.4755,42.6261,42.1325,42.5006,8289304
2015-02-04,42.6344,42.785,41.2624,41.3795,10485621
2015-02-05,41.4715,41.7267,41.0365,41.5887,6201862
2015-02-06,41.3544,41.3628,40.0451,40.3003,8954973
2015-02-09,40.3337,40.4341,39.8527,39.9823,6633861
2015-02-10,39.9238,40.8273,39.9238,40.7269,5821769
2015-02-11,40.5094,40.7186,39.8736,40.1162,7656799
2015-02-12,40.2642,40.2896,39.1561,39.3845,11259872
2015-02-13,39.2745,39.3676,38.5217,38.8093,8657630
2015-02-17,38.6486,39.0292,38.251,38.5217,8987114
2015-02-18,38.8093,39.7313,38.6486,39.6214,7461283
2015-02-19,39.5875,39.6467,38.9193,39.0715,4223031
2015-02-20,39.0039,39.0969,38.5733,39.0292,4090200
2015-02-23,39.1477,39.3676,39.0208,39.3084,5160800
2015-02-24,39.2999,39.7652,39.1307,39.6637,5445187
2015-02-25,39.7736,39.799,38.7924,38.8431,5992549
2015-02-26,38.9362,39.0377,38.6401,38.7078,3778243
2015-02-27,38.7078,38.8601,38.5048,38.7332,4177077
2015-03-02,38.7416,38.7416,37.7689,37.955,7012991
2015-03-03,38.1411,38.2256,37.6927,38.1918,5061359
2015-03-04,38.1072,38.1072,37.735,37.9211,3828953
2015-03-05,38.0311,38.2595,37.9127,38.0819,5425385
2015-03-06,37.6589,37.6927,37.1175,37.2952,11523807
2015-03-09,37.3121,37.5828,37.1937,37.2275,6110162
2015-03-10,37.2021,37.6885,37.0414,37.1598,8559279
2015-03-11,37.1429,37.3975,36.8385,36.9822,4848583
2015-03-12,37.1006,37.7012,37.0668,37.6082,6403727
2015-03-13,37.5574,37.5997,37.0076,37.1767,5691877
2015-03-16,37.3205,37.993,37.3205,37.752,4384292
2015-03-17,37.6251,37.8704,37.4474,37.4897,3485141
2015-03-18,37.4897,38.4794,37.3248,38.1834,7082974
2015-03-19,38.0734,38.4202,37.7181,37.7773,4986918
2015-03-20,37.8196,38.2172,37.7689,38.0396,7186404
2015-03-23,38.0988,38.3695,38.0819,38.2087,3767329
2015-03-24,38.1241,38.3441,37.5912,37.6589,4293092
2015-03-25,37.7773,37.9465,37.236,37.2444,4066979
2015-03-26,37.2529,37.4897,36.9653,37.016,5948385
2015-03-27,37.0076,37.532,37.0076,37.2275,5766974
2015-03-30,37.4221,37.6589,37.2783,37.4982,4078118
2015-03-31,37.4474,37.6251,37.1894,37.4559,5798129
2015-04-01,37.5151,37.8069,37.1345,37.7435,5318121
2015-04-02,37.6589,37.8941,37.5997,37.7604,3347886
2015-04-06,37.8958,38.4371,37.8704,37.9973,5505889
2015-04-07,38.0311,38.0649,37.384,37.439,5036413
2015-04-08,37.4559,37.5447,37.1345,37.5066,6025773
2015-04-09,37.3798,37.6335,37.0922,37.6166,6420625
2015-04-10,37.642,37.9465,37.4982,37.7435,3615746
2015-04-13,37.6251,37.7604,37.3205,37.3882,3258687
2015-04-14,37.4474,37.6166,37.3205,37.5151,3474053
2015-04-15,37.5066,37.8535,37.3163,37.3882,3877953
2015-04-16,37.3882,37.4728,37.0499,37.3121,3798646
2015-04-17,37.236,37.5659,37.1937,37.3121,4251197
2015-04-20,37.4305,38.1157,37.3205,37.8619,4797545
2015-04-21,37.9042,38.1664,37.477,37.5743,4762854
2015-04-22,37.7181,37.862,37.4559,37.6251,4343702
2015-04-23,37.6166,37.9803,37.5997,37.8027,4055893
2015-04-24,37.8027,38.2595,37.752,37.955,3485590
2015-04-27,38.048,38.1072,37.4474,37.4897,4099918
2015-04-28,37.4982,37.7858,37.2867,37.7773,4540671
2015-04-29,37.4051,37.8704,37.1852,37.7689,5459955
2015-04-30,37.7012,37.7012,37.2021,37.4728,8463077
2015-05-01,37.4221,37.955,37.4221,37.9127,5969420
2015-05-04,37.9803,38.3441,37.7858,38.048,4957730
2015-05-05,37.9042,37.9761,37.3332,37.4474,7076604
2015-05-06,37.4982,37.642,37.0253,37.2867,6705368
2015-05-07,37.4051,37.6927,37.2698,37.4136,5118477
2015-05-08,37.7604,37.8281,37.016,37.3459,8423752
2015-05-11,37.3459,37.4644,36.8054,36.8722,8343622
2015-05-12,36.7961,36.8299,36.4662,36.7707,7320739
2015-05-13,36.9061,36.9991,36.6015,36.6946,6066353
2015-05-14,36.791,37.1764,36.791,36.988,4831550
2015-05-15,37.0736,37.5448,37.0137,37.4505,5156323
2015-05-18,37.2792,37.5362,37.1936,37.3906,3484498
2015-05-19,37.185,37.4591,37.1336,37.4077,3759657
2015-05-20,37.3992,37.6904,37.3649,37.4077,4028595
2015-05-21,37.3992,37.4454,37.0223,37.1593,4894644
2015-05-22,37.0908,37.1122,36.7396,37.0308,4890361
2015-05-26,36.9366,37.1335,36.6025,37.0908,6726574
2015-05-27,37.0908,37.639,36.988,37.4591,6778912
2015-05-28,37.4334,37.4934,37.1079,37.2707,4283447
2015-05-29,37.2707,37.5962,37.1507,37.4249,6216429
2015-06-01,37.4934,37.6219,37.2641,37.4077,4620303
2015-06-02,37.3306,37.4163,36.8424,37.0736,6006662
2015-06-03,37.0993,37.1336,36.6197,36.9366,7415559
2015-06-04,36.7567,37.2236,36.7224,36.988,7610458
2015-06-05,36.671,36.7481,36.4141,36.5426,7291407
2015-06-08,36.7995,36.7995,36.2599,36.4912,6370619
2015-06-09,36.3712,36.5768,36.3198,36.3541,4216754
2015-06-10,36.6282,36.6882,36.2342,36.2684,4067541
2015-06-11,36.4826,36.6111,36.337,36.4826,3042565
2015-06-12,36.3541,36.5083,36.1999,36.2342,3040990
2015-06-15,36.217,36.2427,36.02,36.0543,3669766
2015-06-16,36.0886,36.4218,35.9515,36.3884,4178727
2015-06-17,36.3627,36.6368,36.1228,36.5683,4189064
2015-06-18,36.7481,37.2364,36.6368,37.1079,5020918
2015-06-19,37.1079,37.1679,36.5854,36.6025,5783006
2015-06-22,36.6368,36.7481,36.3455,36.4141,3869909
2015-06-23,36.4141,36.4226,35.9087,36.02,5017624
2015-06-24,36.0115,36.1228,35.7117,35.7202,4542435
2015-06-25,35.8487,35.8915,35.6089,35.6431,4179298
2015-06-26,35.6346,35.9429,35.4632,35.883,4040432
2015-06-29,35.9001,36.4612,35.883,35.9429,6503319
2015-06-30,36.0629,36.1057,35.7545,35.8915,5099956
2015-07-01,35.9858,36.14,35.8401,36.1314,4675586
2015-07-02,36.3627,36.791,36.337,36.7396,4937420
2015-07-06,36.7738,37.0908,36.6625,36.9366,4995359
2015-07-07,37.1336,38.093,37.0908,37.9131,11156110
2015-07-08,37.7589,38.1958,37.7332,37.8617,6661160
2015-07-09,37.8446,37.9474,36.9623,37.0651,6778185
2015-07-10,37.0908,37.3949,36.9623,37.1422,6653997
2015-07-13,37.2792,37.4505,36.988,37.1764,3302250
2015-07-14,37.2621,37.3735,36.8681,37.0137,3663886
2015-07-15,37.0308,37.1593,36.8419,37.1507,2934861
2015-07-16,37.1764,37.6904,37.1764,37.6733,4513243
2015-07-17,37.5019,37.5448,37.2621,37.2707,5229050
2015-07-20,37.2364,37.245,36.8852,37.1079,3590008
2015-07-21,37.0736,37.0908,36.7481,37.0137,4799276
2015-07-22,37.0394,37.3135,36.9906,37.048,3233130
2015-07-23,36.988,36.988,36.3627,36.8167,5250286
2015-07-24,36.7995,36.8791,36.5426,36.731,4456704
2015-07-27,36.8424,37.3563,36.7824,37.2107,3547590
2015-07-28,37.1764,37.4077,37.0651,37.2964,4650165
2015-07-29,37.1764,37.3563,36.8424,37.3221,5008798
2015-07-30,37.2278,38.0759,37.2193,38.0159,6162114
2015-07-31,38.3243,38.6284,38.2386,38.3157,4886408
2015-08-03,38.3329,38.6241,38.29,38.5127,4255711
2015-08-04,38.4356,38.4356,37.9731,38.0502,3284650
2015-08-05,38.3671,38.4099,38.111,38.2129,3413498
2015-08-06,38.29,38.6327,38.0245,38.5984,5458169
2015-08-07,38.5299,39.1381,38.3842,39.001,5697400
2015-08-10,39.001,39.2922,38.8297,38.941,4345145
2015-08-11,39.061,39.6606,38.8982,39.3265,4382623
2015-08-12,39.1894,40.0032,39.1894,39.8919,7626294
2015-08-13,39.686,40.1454,39.5907,40.0067,5564348
2015-08-14,39.842,40.1627,39.712,40.154,4561539
2015-08-17,40.3014,40.3014,40.0154,40.128,4836248
2015-08-18,39.9807,40.05,39.8247,39.9287,3917778
2015-08-19,39.8074,40.2277,39.6253,40.1367,4723242
2015-08-20,39.92,40.596,39.764,40.18,5843233
2015-08-21,39.9374,40.2407,39.66,39.6947,6848583
2015-08-24,38.1606,39.4087,37.5886,37.7706,16210901
2015-08-25,38.3946,38.5246,36.8259,36.8346,9664523
2015-08-26,37.4153,37.866,37.1206,37.7966,10130284
2015-08-27,38.1173,38.23,37.6146,38.0566,8610381
2015-08-28,38.0653,38.1346,37.3806,37.9093,5295291
2015-08-31,37.7793,37.866,37.1639,37.6233,5855907
2015-09-01,37.2159,37.2246,36.5919,36.7566,6926644
2015-09-02,37.0513,37.1033,36.5226,36.8519,5784516
2015-09-03,36.9819,37.0599,36.7609,36.9039,3854510
2015-09-04,36.5919,36.6526,36.2366,36.3839,5489078
2015-09-08,36.8346,37.0513,36.5226,37.0079,6349189
2015-09-09,37.1206,37.2246,36.7392,36.7999,6482195
2015-09-10,36.8779,37.0339,36.5312,36.6612,4986404
2015-09-11,36.5312,37.0166,36.4688,37.0166,4310979
2015-09-14,37.0253,37.1986,36.8953,36.9473,3514480
2015-09-15,36.9733,37.1033,36.7089,36.9473,3446026
2015-09-16,37.0426,37.4066,36.8693,37.1899,3280887
2015-09-17,37.2073,38.1606,37.1466,37.6839,5311067
2015-09-18,37.5019,38.1953,37.3979,37.6406,7028107
2015-09-21,37.6839,37.9873,37.6146,37.9353,3809840
2015-09-22,37.5539,37.7966,37.2679,37.2766,6091809
2015-09-23,37.2853,37.4673,37.0955,37.2246,6377481
2015-09-24,37.1206,37.7533,37.1206,37.6839,5336106
2015-09-25,37.6839,38.6286,37.5799,38.2473,5687594
2015-09-28,38.1693,38.62,38.1643,38.2126,4533793
2015-09-29,38.204,38.594,38.1346,38.386,3984250
2015-09-30,38.412,38.8063,38.2126,38.7413,5246107
2015-10-01,38.854,38.9147,38.048,38.2993,5220743
2015-10-02,38.5333,38.802,38.074,38.7327,5412933
2015-10-05,38.8193,39.2007,38.516,39.1747,4323313
2015-10-06,39.1053,39.1313,38.698,38.8193,5117710
2015-10-07,38.8713,38.9407,38.6633,38.7933,3422462
2015-10-08,38.62,39.1487,38.6113,39.1313,3166622
2015-10-09,39.114,39.166,38.8627,38.9667,2994471
2015-10-12,38.984,39.6687,38.984,39.53,3437344
2015-10-13,39.5127,39.79,39.3307,39.4953,3857110
2015-10-14,39.5127,39.6869,39.413,39.452,3324763
2015-10-15,39.5733,39.764,39.4087,39.712,3324648
2015-10-16,39.8854,40.0847,39.8074,40.0587,3480795
2015-10-19,39.8507,40.0067,39.4815,39.8334,3652163
2015-10-20,39.7987,40.0847,39.686,39.842,3354966
2015-10-21,39.9547,40.2494,39.8455,39.9374,3102633
2015-10-22,40.0154,40.4054,39.9894,40.3014,5578194
2015-10-23,40.1887,40.2927,39.6773,39.7034,4552938
2015-10-26,39.868,39.868,39.374,39.556,4503735
2015-10-27,39.6687,39.6687,39.3133,39.5733,3692949
2015-10-28,39.452,40.0934,38.8627,39.2873,5882434
2015-10-29,39.244,39.27,38.464,38.958,6763279
2015-10-30,38.984,39.2007,38.7847,39.088,4375331
2015-11-02,39.088,39.2353,38.724,39.2007,4822239
2015-11-03,39.14,39.4433,38.9233,39.3827,4099250
2015-11-04,39.3913,39.738,39.3567,39.6947,5014217
2015-11-05,39.7467,39.9027,39.504,39.5473,4604949
2015-11-06,38.9147,38.9927,37.6753,37.7793,9996489
2015-11-09,37.6839,38.2863,37.5973,38.152,5376674
2015-11-10,38.1866,38.5506,38.1866,38.516,3117714
2015-11-11,38.594,39.1218,38.5506,39.0273,4667935
2015-11-12,38.933,39.1611,38.4418,38.5032,4239115
2015-11-13,38.5295,38.9243,38.4418,38.5558,4829741
2015-11-16,38.5207,39.2576,38.5207,39.2489,3432720
2015-11-17,39.1611,39.4419,38.5383,38.6874,3454353
2015-11-18,38.6874,39.0734,38.4856,38.9944,3942809
2015-11-19,39.126,39.705,39.126,39.6349,4401249
2015-11-20,39.7314,40.0647,39.5164,39.6875,4320473
2015-11-23,39.7401,39.8629,39.2753,39.4068,2949435
2015-11-24,39.205,39.4243,38.9681,39.3103,3146734
2015-11-25,39.2225,39.3015,38.8804,39.1085,3505742
2015-11-27,39.0997,39.2927,39.0383,39.1085,1331591
2015-11-30,39.1787,39.4068,39.0734,39.0734,4521205
2015-12-01,39.3366,39.6875,39.1962,39.6349,4938345
2015-12-02,39.4506,39.5559,38.7576,38.7839,4574060
2015-12-03,38.6699,39.0559,38.354,38.7576,6922390
2015-12-04,39.0032,39.4243,38.9857,39.3278,4388508
2015-12-07,39.2313,39.784,39.1524,39.7226,4642598
2015-12-08,39.6173,39.8124,39.4682,39.7401,3311774
2015-12-09,39.5208,40.1305,39.3103,39.5998,4412367
2015-12-10,39.7138,39.7314,38.9725,39.0295,3734696
2015-12-11,38.8102,39.1611,38.5383,38.9506,3720283
2015-12-14,39.0032,39.5296,38.9418,39.4331,5394389
2015-12-15,39.5734,39.9945,39.4857,39.8366,4650397
2015-12-16,39.9156,40.6876,39.9156,40.6437,7342740
2015-12-17,40.6437,41.0516,40.3893,40.8016,4499660
2015-12-18,40.7314,40.8016,40.1524,40.5297,7841079
2015-12-21,40.7051,40.863,40.3542,40.556,4250161
2015-12-22,40.6963,40.8806,40.3542,40.749,5124797
2015-12-23,40.863,41.4464,40.8279,41.3192,4714079
2015-12-24,41.2929,41.4508,41.1701,41.3192,1502974
2015-12-28,41.2227,41.4947,41.1525,41.328,2801535
2015-12-29,41.4596,41.6701,41.4157,41.4596,3175186
2015-12-30,41.5561,41.6262,41.4069,41.4683,2524757
2015-12-31,41.4332,41.4947,40.6963,41.0472,3878999
2016-01-04,40.7227,41.2929,40.5735,41.2578,6946496
2016-01-05,41.1876,41.5648,40.8718,41.5473,5830899
2016-01-06,41.2841,41.6657,41.0736,41.5561,5868706
2016-01-07,41.2315,41.6262,41.0472,41.2052,5837738
2016-01-08,41.2227,41.4859,40.8455,40.8981,5220247
2016-01-11,41.056,41.2402,40.9069,41.0911,5870517
2016-01-12,41.1613,41.1613,40.3542,40.749,5762349
2016-01-13,40.8367,41.2578,40.7402,41.056,5860061
2016-01-14,41.056,41.714,40.7402,41.3543,6057296
2016-01-15,40.9595,41.442,40.8279,41.3806,6536886
2016-01-19,41.4508,42.1438,41.3894,42.0561,7627644
2016-01-20,41.8456,42.1,40.9332,41.3718,8026147
2016-01-21,41.4771,41.714,40.6525,41.0648,5876791
2016-01-22,41.0472,41.5648,40.8455,41.5385,6018970
2016-01-25,41.5999,41.6877,41.3104,41.5736,4287088
2016-01-26,41.6877,42.1789,41.5692,41.7403,3946692
2016-01-27,41.5999,42.0122,41.442,41.7929,3350474
2016-01-28,41.7929,42.6,41.4508,42.3544,3980921
2016-01-29,42.6176,42.986,42.5298,42.9158,7181666
2016-02-01,42.9334,43.8545,42.8018,43.7755,9996681
2016-02-02,43.4685,43.679,43.3545,43.5387,6308197
2016-02-03,43.3457,44.0738,42.3807,42.5561,15187960
2016-02-04,42.5474,42.7141,41.6262,42.4772,9049014
2016-02-05,42.1263,42.5474,41.4596,42.3017,8747209
2016-02-08,42.2666,42.8544,42.1438,42.8281,7027362
2016-02-09,42.6176,43.2667,42.3544,43.1615,7085693
2016-02-10,42.8983,43.2931,42.3456,43.1702,6086867
2016-02-11,42.7467,43.2523,42.5959,42.6225,5963800
2016-02-12,42.5781,42.8265,42.1878,42.4983,5077360
2016-02-16,42.587,42.658,42.108,42.658,5147726
2016-02-17,42.6491,42.72,42.1523,42.4273,5218332
2016-02-18,42.4007,43.3853,42.3209,43.3499,5744421
2016-02-19,43.137,43.4031,42.7821,43.0837,4601993
2016-02-22,43.1192,43.5539,42.9862,43.5539,3403780
2016-02-23,43.4386,43.7047,43.2434,43.5539,3495150
2016-02-24,43.3144,43.8111,43.1015,43.4474,3567731
2016-02-25,43.4031,43.8466,43.3499,43.7845,3652789
2016-02-26,43.7668,43.7845,42.6668,42.7467,5511326
2016-02-29,42.8265,43.1724,42.6757,42.7378,6043312
2016-03-01,42.862,43.1103,41.9306,42.1257,6888999
2016-03-02,42.179,42.6402,41.3008,42.5604,5464542
2016-03-03,42.7023,42.7467,42.108,42.7467,5192499
2016-03-04,42.4717,43.2567,42.3475,43.137,5305354
2016-03-07,43.066,43.2168,42.6402,43.0128,5271100
2016-03-08,43.1724,43.7224,42.9596,43.5982,5362942
2016-03-09,43.5894,44.0772,43.4829,43.9619,4501163
2016-03-10,44.0506,44.2857,43.7224,44.2369,6727692
2016-03-11,44.3079,44.4764,44.0684,44.1659,4940504
2016-03-14,44.2546,44.401,43.9442,44.3079,3787848
2016-03-15,44.0684,44.7203,43.9974,44.6449,4564597
2016-03-16,44.5296,45.0885,44.1216,44.9554,4506472
2016-03-17,44.8844,45.2393,44.6715,45.0796,5230956
2016-03-18,45.2038,45.2481,44.8401,45.0264,8057885
2016-03-21,44.7957,45.0885,44.4587,44.778,3499831
2016-03-22,44.7602,45.0352,44.5385,44.5917,2882496
2016-03-23,44.6272,45.1239,44.4143,44.9465,3151559
2016-03-24,44.9465,45.2215,44.8667,45.1505,3587218
2016-03-28,45.0885,45.3901,44.8223,44.8667,3063230
2016-03-29,45.0175,45.4344,44.8578,45.4167,3943766
2016-03-30,45.4255,45.461,45.0885,45.4255,2851432
2016-03-31,45.4344,45.8868,45.3457,45.8868,4998988
2016-04-01,45.6828,45.94,45.3812,45.8602,3728509
2016-04-04,45.8691,45.9311,45.359,45.7094,4262136
2016-04-05,45.4965,45.7537,44.8977,44.9288,4815013
2016-04-06,44.8933,44.9377,44.3611,44.6715,6000153
2016-04-07,44.6095,45.1151,44.5385,44.9465,3670914
2016-04-08,45.053,45.3457,44.9288,44.9998,3778478
2016-04-11,44.8667,45.2304,44.7514,44.7691,2965659
2016-04-12,44.8312,45.0884,44.6095,45.0352,3475454
2016-04-13,45.1151,45.155,44.4179,44.6715,3029411
2016-04-14,44.6715,44.849,44.4941,44.7514,2993320
2016-04-15,44.7425,45.0618,44.6715,44.9554,2689454
2016-04-18,44.982,45.1594,44.6715,45.1594,3017315
2016-04-19,45.2215,45.2925,44.8667,45.2393,3499544
2016-04-20,45.2038,45.3368,44.1171,44.1482,4965306
2016-04-21,44.1304,44.1482,43.2168,43.4119,6023336
2016-04-22,43.6248,43.8643,43.5361,43.6958,3285104
2016-04-25,43.6337,43.7934,43.3799,43.7047,4136793
2016-04-26,43.5627,43.8466,43.5006,43.6426,4334652
2016-04-27,43.9797,44.3079,43.2523,43.9442,5822110
2016-04-28,43.7135,44.3167,43.5776,44.3079,4577120
2016-04-29,44.1571,44.4587,43.7047,44.4409,5558627
2016-05-02,44.574,44.964,44.432,44.7159,5694629
2016-05-03,44.6627,44.9288,44.5917,44.7957,3856316
2016-05-04,44.6361,45.7183,44.6361,45.5586,6279429
2016-05-05,45.3723,45.736,44.6538,44.9022,7703317
2016-05-06,43.5982,43.9619,43.3099,43.8998,23170100
2016-05-09,44.0417,44.5074,43.9655,44.1837,7855361
2016-05-10,44.3611,44.6449,44.0417,44.4764,6569216
2016-05-11,44.6095,44.6627,44.2369,44.6417,5655751
2016-05-12,44.6417,45.1531,44.2649,45.0006,5412477
2016-05-13,44.9467,45.0454,44.5699,44.7583,4032049
2016-05-16,44.6327,44.8211,44.4174,44.8032,4016718
2016-05-17,44.5879,44.7494,43.7177,44.0317,5245391
2016-05-18,43.8253,44.0317,43.0089,43.0986,4851617
2016-05-19,43.0538,43.6818,42.7227,43.6638,4039366
2016-05-20,43.7984,43.8343,43.4037,43.6459,4093548
2016-05-23,43.7446,43.8074,43.1256,43.1435,3788982
2016-05-24,43.3409,43.5472,43.1076,43.4754,4166444
2016-05-25,43.4395,43.7535,43.2332,43.5562,3825367
2016-05-26,43.4844,44.1842,43.4844,44.1573,3309597
2016-05-27,44.1662,44.2739,43.915,44.1034,3146608
2016-05-31,43.915,44.3546,43.8163,44.3546,7286742
2016-06-01,44.3457,44.5385,44.229,44.4713,5770504
2016-06-02,44.4174,44.5161,43.9689,44.2829,3547478
2016-06-03,44.5969,45.2428,44.5969,45.0185,4953420
2016-06-06,45.2249,45.2249,44.7243,44.9737,4687350
2016-06-07,44.9916,45.2607,44.866,44.9378,3767866
2016-06-08,44.866,45.189,44.866,45.189,2650251
2016-06-09,45.2249,45.6914,45.2069,45.6286,3641979
2016-06-10,45.485,45.9605,45.485,45.8529,5303581
2016-06-13,45.7542,46.0592,45.6734,45.7452,5246749
2016-06-14,45.7631,46.0502,45.5209,46.0502,5316151
2016-06-15,46.0502,46.113,45.494,45.6465,4477978
2016-06-16,45.6824,45.9515,45.5164,45.808,4323546
2016-06-17,45.9157,45.9426,45.4529,45.8887,9984898
2016-06-20,45.7542,45.8887,45.2338,45.7003,5473686
2016-06-21,45.7452,45.9515,45.4671,45.6645,3472409
2016-06-22,45.7362,45.8152,45.5119,45.6196,3022852
2016-06-23,45.6555,45.817,45.4312,45.808,4063428
2016-06-24,45.5299,46.3696,45.4222,45.9246,10508249
2016-06-27,45.9695,46.9653,45.8977,46.8307,9471620
2016-06-28,46.7051,47.064,46.3014,46.9294,8531363
2016-06-29,47.0102,47.0999,46.6872,46.8487,5943541
2016-06-30,46.9384,48.1226,46.8487,48.1137,9498353
2016-07-01,48.2213,48.4007,47.5754,48.2931,6238606
2016-07-05,48.2662,48.8224,48.2662,48.6699,6321686
2016-07-06,48.7596,48.8807,48.3828,48.8403,5605562
2016-07-07,48.7327,48.7327,47.997,48.1406,5507860
2016-07-08,47.9253,48.5981,47.5036,48.5712,5985842
2016-07-11,48.3469,48.5174,47.9701,48.2572,6353953
2016-07-12,47.997,48.1226,47.3511,47.4049,6033168
2016-07-13,47.6382,47.7144,47.3959,47.6651,4883305
2016-07-14,47.8355,48.1765,47.5933,48.0957,8252063
2016-07-15,48.1675,48.329,47.7189,48.1137,4609237
2016-07-18,48.1316,48.3649,48.0509,48.1047,3561926
2016-07-19,48.1137,48.2662,47.9522,48.1047,3091788
2016-07-20,48.1316,48.2572,47.7279,47.8445,3869446
2016-07-21,47.7458,48.4187,47.6202,48.3559,5563887
2016-07-22,48.311,49.0198,48.2482,48.9301,5064723
2016-07-25,48.8942,48.9839,48.634,48.9301,3925331
2016-07-26,48.9211,48.957,48.634,48.8493,6098017
2016-07-27,48.5712,48.8762,47.7458,48.0329,8647275
2016-07-28,48.0239,48.0239,47.5754,47.7817,6076955
2016-07-29,47.7817,48.1765,47.7458,47.997,5759675
2016-08-01,47.9432,48.2662,47.8804,48.1316,4159586
2016-08-02,47.9881,48.0687,47.683,47.8714,3716024
2016-08-03,47.9163,47.9791,47.3242,47.5843,5053562
2016-08-04,47.6382,47.9073,47.5574,47.692,3228909
2016-08-05,47.5485,47.6471,47.0864,47.2255,5165106
2016-08-08,47.2883,47.5843,47.0461,47.2703,3422088
2016-08-09,47.3152,47.5574,47.1537,47.4049,4201527
2016-08-10,47.4677,47.6651,47.3601,47.4462,5836874
2016-08-11,47.4553,47.5006,47.156,47.4462,4479838
2016-08-12,47.5913,47.7908,47.4553,47.4734,3190805
2016-08-15,47.4644,47.5913,46.6663,46.6935,4124547
2016-08-16,46.621,46.6391,46.0859,46.2129,5030157
2016-08-17,45.4239,46.7661,45.3423,46.6754,21767980
2016-08-18,46.621,47.4553,46.5484,47.4371,7694959
2016-08-19,47.2467,47.2559,46.8658,47.1198,6552814
2016-08-22,47.2376,47.3728,47.0925,47.156,4830885
2016-08-23,47.1923,47.4099,46.884,46.893,3655715
2016-08-24,46.757,47.0563,46.5348,46.9656,4076789
2016-08-25,47.0472,47.1923,46.9112,47.0291,4108304
2016-08-26,47.0653,47.3918,46.1404,46.2945,6110793
2016-08-29,46.7117,46.7117,46.3761,46.5575,4704973
2016-08-30,46.4578,46.757,46.1707,46.2129,5580697
2016-08-31,46.2129,46.5711,46.1041,46.5484,6173447
2016-09-01,46.4668,46.5802,46.2582,46.4124,3613616
2016-09-02,46.4305,47.02,46.3852,46.9747,3869329
2016-09-06,47.0744,47.5641,47.0019,47.2739,5491375
2016-09-07,47.3011,47.4644,47.1016,47.3555,3564509
2016-09-08,47.3918,47.6185,47.2286,47.5822,4375948
2016-09-09,47.2286,47.3102,46.0678,46.1313,6415785
2016-09-12,46.0497,47.2467,46.0406,47.1198,10137042
2016-09-13,46.9565,47.0381,46.1585,46.485,7083926
2016-09-14,46.6119,46.8885,46.3444,46.5666,5147850
2016-09-15,46.494,46.8114,46.3943,46.6663,5005345
2016-09-16,46.8114,47.283,46.5031,47.1288,16959347
2016-09-19,47.2467,47.5732,47.156,47.546,4464850
2016-09-20,47.6276,47.7545,47.2739,47.283,3429054
2016-09-21,47.2376,48.2533,47.02,48.2261,4880098
2016-09-22,48.3893,48.5707,48.1445,48.4982,4134084
2016-09-23,48.3621,48.6296,48.2861,48.5435,4282665
2016-09-26,48.5616,48.6342,48.3123,48.344,4689555
2016-09-27,48.5344,48.7249,47.8452,47.9178,5774119
2016-09-28,48.0175,48.081,47.6185,47.7908,5819741
2016-09-29,47.6185,47.6911,46.9928,47.2014,5877940
2016-09-30,47.2286,47.5006,46.3489,46.5212,7048679
2016-10-03,46.4396,46.494,45.6461,45.9953,5459095
2016-10-04,45.9408,45.9408,44.9252,45.1972,10301334
2016-10-05,45.2426,45.5554,44.8073,44.907,5617546
2016-10-06,44.771,45.0884,44.5588,44.8254,6087239
2016-10-07,45.1972,45.4149,44.5806,44.5806,5247127
2016-10-10,44.6894,45.1383,44.5896,45.1156,4510195
2016-10-11,44.9615,45.0884,44.5806,44.8073,5868609
2016-10-12,45.0612,45.4752,44.8798,45.3695,5651417
2016-10-13,45.433,46.3127,45.3967,46.0315,5275351
2016-10-14,45.9227,46.2764,45.7413,45.8502,3947826
2016-10-17,45.959,46.1585,45.8692,45.9681,3054248
2016-10-18,46.231,46.485,45.6416,46.3308,4333342
2016-10-19,46.2945,46.3671,45.8774,46.0043,4769812
2016-10-20,46.1131,46.4351,45.8683,45.9953,3180511
2016-10-21,45.7958,46.0497,45.6144,45.823,3342677
2016-10-24,46.0225,46.1721,45.6779,46.1131,3335116
2016-10-25,46.0315,46.3081,45.959,46.222,3587037
2016-10-26,46.2129,46.2991,45.8502,46.222,3983866
2016-10-27,46.1041,46.1857,45.6834,46.0315,4776698
2016-10-28,46.1041,46.2401,45.7867,45.9771,5012659
2016-10-31,46.1131,47.3601,45.9499,46.7661,6497886
2016-11-01,46.8114,46.8613,45.6053,45.7776,6475753
2016-11-02,45.6325,45.7051,44.9038,45.5146,6211090
2016-11-03,45.5509,45.9136,45.3514,45.696,4428842
2016-11-04,45.8502,46.0406,45.3432,45.4421,4807161
2016-11-07,45.5781,45.9136,44.8344,45.9046,6570684
2016-11-08,46.0225,46.2854,45.823,46.0315,5677991
2016-11-09,45.0793,45.2335,44.3629,44.635,13795162
2016-11-10,44.4536,44.4536,42.6943,43.447,11719373
2016-11-11,43.4833,43.7372,43.1387,43.3291,6956267
2016-11-14,43.0843,43.2747,42.4586,43.1931,7942012
2016-11-15,43.6647,44.0093,43.4107,43.837,5828453
2016-11-16,43.9821,44.0818,43.46,43.9186,7003826
2016-11-17,43.8452,43.8911,43.5332,43.5791,5224320
2016-11-18,43.6342,43.7167,43.0204,43.2397,5611586
2016-11-21,43.3498,43.6892,43.1663,43.6158,5330139
2016-11-22,43.5608,43.7901,43.2947,43.6709,4976785
2016-11-23,43.3314,43.6342,43.2062,43.3314,4564786
2016-11-25,43.4965,43.992,43.4965,43.836,2486224
2016-11-28,43.8819,44.3865,43.8544,44.3223,5546880
2016-11-29,44.1938,44.6847,44.1296,44.3223,7445766
2016-11-30,43.9002,43.9002,42.9277,42.9552,9665814
2016-12-01,42.8727,42.8819,42.3864,42.7442,5569231
2016-12-02,43.047,43.2801,42.68,42.9002,4386169
2016-12-05,42.7534,43.0103,42.4185,43.0011,5009956
2016-12-06,43.258,43.258,42.9002,43.0562,4573156
2016-12-07,43.1204,43.5057,43.1204,43.258,5727187
2016-12-08,43.0195,43.5424,42.7351,43.4965,5520051
2016-12-09,43.4965,43.992,43.414,43.9828,5025251
2016-12-12,43.8819,44.7259,43.8635,44.6984,5017422
2016-12-13,44.7902,45.148,44.6158,45.1296,5624508
2016-12-14,45.2856,45.5425,44.4002,44.4782,6903823
2016-12-15,44.0654,44.5608,43.8452,44.4599,6247949
2016-12-16,44.4966,44.9553,44.414,44.8819,6843505
2016-12-19,45.0012,45.2214,44.6571,45.0379,2990664
2016-12-20,45.0379,45.3039,44.8636,45.1388,2949367
2016-12-21,45.1938,45.4599,45.1388,45.1755,2837426
2016-12-22,45.0929,45.3039,44.9186,45.2856,2953374
2016-12-23,45.2856,45.414,45.1388,45.2581,1924101
2016-12-27,45.2489,45.3727,45.0379,45.2305,1992931
2016-12-28,45.2856,45.359,44.7718,44.8636,2520552
2016-12-29,45.1296,45.359,44.8681,45.2948,2766772
2016-12-30,45.359,45.4599,44.9828,45.1296,3484574
2017-01-03,45.0929,45.1847,44.6525,44.992,3974441
2017-01-04,44.9737,45.2305,44.8085,44.9461,3864044
2017-01-05,45.0012,45.1434,44.5975,45.0837,4844396
2017-01-06,44.9186,45.1388,44.7351,44.9645,4800227
2017-01-09,44.8636,45.1021,44.4782,44.5241,4271417
2017-01-10,44.5883,44.5883,44.2122,44.3865,3569389
2017-01-11,44.2947,44.7902,44.2672,44.7168,2636435
2017-01-12,44.7718,45.047,44.5333,44.9553,3500530
2017-01-13,44.7993,44.8819,44.4048,44.7718,3590684
2017-01-17,44.9094,45.625,44.8544,45.5883,4882311
2017-01-18,45.4599,45.7306,45.414,45.5241,3444536
2017-01-19,45.2122,45.414,44.8636,45.0012,3738473
2017-01-20,45.0379,45.1811,44.7902,45.0103,3598528
2017-01-23,45.148,45.2305,44.7856,44.7993,3170480
2017-01-24,44.7993,45.0837,44.4966,44.5608,5507298
2017-01-25,44.4691,44.5149,44.2489,44.4874,4373417
2017-01-26,44.4507,44.7122,44.3498,44.6158,3485689
2017-01-27,44.7168,44.8269,44.3681,44.4782,4255227
2017-01-30,44.6067,44.6525,44.2672,44.6434,4040938
2017-01-31,44.7168,45.5058,44.6617,45.3498,5862999
2017-02-01,45.0654,45.0654,44.1342,44.5424,7546863
2017-02-02,44.57,44.9737,44.4571,44.937,4380451
2017-02-03,44.9737,45.0837,44.7122,44.7993,3389331
2017-02-06,44.9278,45.0379,44.6984,44.7351,3145729
2017-02-07,44.8269,44.8727,44.5975,44.7443,3710450
2017-02-08,44.8177,45.2672,44.7902,45.1571,3931995
2017-02-09,45.092,45.3315,44.6892,44.8269,4827948
2017-02-10,44.781,45.1021,44.7168,45.0012,3502558
2017-02-13,45.0103,45.2214,44.8269,45.1571,3348804
2017-02-14,44.9645,44.9737,44.2672,44.5791,5319251
2017-02-15,44.359,44.4048,43.992,44.359,6017601
2017-02-16,44.4146,44.8045,44.3311,44.7766,5632724
2017-02-17,44.8045,44.8834,44.2568,44.3682,7118347
2017-02-21,44.3125,44.8695,44.1547,44.8138,8673399
2017-02-22,44.7952,45.561,44.5632,45.4728,7522593
2017-02-23,45.4821,46.2803,45.4263,46.104,8940869
2017-02-24,46.2246,46.9486,46.2061,46.8744,8351152
2017-02-27,46.828,46.828,46.5959,46.6609,4650336
2017-02-28,46.5402,47.2364,46.5217,47.1714,6668445
2017-03-01,46.6609,46.9394,46.3824,46.466,7153782
2017-03-02,46.2061,46.9394,46.0761,46.7073,5343920
2017-03-03,46.7259,46.9765,46.3546,46.7537,5752613
2017-03-06,46.9672,46.9765,46.5588,46.633,4245231
2017-03-07,46.5031,46.8744,46.466,46.7816,4507339
2017-03-08,46.4474,46.4474,46.0854,46.1968,4324849
2017-03-09,46.3175,46.401,45.8998,45.9462,4246931
2017-03-10,46.1968,46.1968,45.7605,46.0668,5128083
2017-03-13,46.0297,46.2154,45.974,46.1597,4403033
2017-03-14,46.1225,46.4381,46.039,46.2989,3294214
2017-03-15,46.3546,47.1993,46.2246,46.9951,4398583
2017-03-16,46.828,46.8744,46.4417,46.5866,3785871
2017-03-17,46.8001,47.2921,46.5959,47.0322,9719955
2017-03-20,47.06,47.2271,46.647,46.763,3839257
2017-03-21,46.698,47.487,46.5959,47.3478,5945243
2017-03-22,47.4035,47.7747,47.0693,47.0879,6175472
2017-03-23,46.9951,47.3849,46.5727,46.7537,8531009
2017-03-24,46.7537,46.9858,46.5588,46.8001,5248844
2017-03-27,46.9208,47.1528,46.5217,46.6887,3680539
2017-03-28,46.5774,46.7073,46.3824,46.4938,5733605
2017-03-29,46.2432,46.5437,45.9833,46.3639,7637041
2017-03-30,46.1782,46.2711,45.7698,46.104,5575683
2017-03-31,46.0668,46.4103,46.0483,46.2061,6506873
2017-04-03,46.1133,46.3917,45.8534,46.3732,5177629
2017-04-04,46.3732,46.5866,46.1875,46.4288,3854853
2017-04-05,46.336,46.8558,46.2618,46.8094,3586677
2017-04-06,46.6423,46.7166,46.3175,46.5309,6301850
2017-04-07,46.6052,46.6655,46.0947,46.1225,7308638
2017-04-10,46.1225,46.2803,45.8348,46.104,5021342
2017-04-11,46.0761,46.1318,45.6492,45.7605,9535981
2017-04-12,45.5842,46.1968,45.4914,46.0947,7684800
2017-04-13,46.1133,46.1133,45.7698,45.8719,5981703
2017-04-17,45.9647,46.2478,45.9276,46.2061,3201734
2017-04-18,46.2803,46.4567,46.1875,46.3824,3755653
2017-04-19,46.3267,46.3824,46.039,46.1782,3742432
2017-04-20,46.0483,46.2061,45.7513,46.1968,5219037
2017-04-21,46.1411,46.5457,46.1411,46.3917,4433216
2017-04-24,46.4381,46.5959,46.1133,46.5495,4097080
2017-04-25,46.401,46.5774,46.2432,46.5588,3176527
2017-04-26,46.466,46.7166,46.3546,46.3824,2781583
2017-04-27,46.4381,46.7027,46.4103,46.4753,2944358
2017-04-28,46.4103,46.4381,46.1225,46.2246,7684654
2017-05-01,46.2339,46.2803,45.9926,46.0297,3018217
2017-05-02,46.1318,46.2803,45.8998,45.9555,4031140
2017-05-03,46.0204,46.2618,45.8998,45.9183,4202119
2017-05-04,45.8534,46.2711,45.7234,46.2154,4635346
2017-05-05,46.2989,46.5402,46.2154,46.4753,4593215
2017-05-08,46.5031,46.5309,46.2154,46.4381,3817397
2017-05-09,46.4103,46.4845,46.2339,46.3917,5246085
2017-05-10,46.4103,46.4381,46.039,46.2896,5279683
2017-05-11,46.252,46.7498,46.1581,46.7404,5507145
2017-05-12,46.7779,46.9752,46.7122,46.8343,3996403
2017-05-15,46.8249,46.9846,46.7404,46.9376,3452563
2017-05-16,46.8531,46.9,46.3366,46.3366,4477866
2017-05-17,46.3929,46.8249,46.3835,46.6183,4554634
2017-05-18,46.7686,46.9329,46.4117,46.7404,4243566
2017-05-19,46.6559,46.8437,46.5244,46.8437,6325438
2017-05-22,46.7873,46.9939,46.6371,46.9658,5880179
2017-05-23,47.0033,47.332,46.9564,47.0315,5441581
2017-05-24,47.1348,47.3978,47.0973,47.3133,4069079
2017-05-25,47.3133,47.5386,47.1912,47.4259,5144234
2017-05-26,47.4259,47.4729,47.2851,47.379,3265939
2017-05-30,47.3978,47.6513,47.271,47.4917,3848597
2017-05-31,47.5762,47.8298,47.5199,47.5293,8670995
2017-06-01,47.5668,47.8767,47.4541,47.8298,5270304
2017-06-02,47.9237,48.0552,47.7452,47.9049,4994352
2017-06-05,47.8298,47.8767,47.6795,47.7171,3221670
2017-06-06,47.98,48.0646,47.6232,47.6983,3850660
2017-06-07,47.6701,48.0082,47.6188,47.9049,4475958
2017-06-08,47.8016,47.8016,47.4166,47.6513,5667024
2017-06-09,47.548,47.6419,47.2757,47.595,3498362
2017-06-12,47.764,48.2148,47.548,47.7546,4967552
2017-06-13,47.7077,48.0458,47.6044,47.9519,3654052
2017-06-14,48.2336,48.4872,48.0927,48.1021,4915971
2017-06-15,48.0927,48.5999,48.0739,48.5623,5185305
2017-06-16,48.628,48.8018,48.3181,48.3932,8791457
2017-06-19,48.3557,48.5247,48.1115,48.2899,4144564
2017-06-20,48.2993,48.5905,48.2899,48.5623,2723980
2017-06-21,48.5811,48.6175,47.8955,48.0833,3677964
2017-06-22,47.9425,47.9425,47.1865,47.3133,5179986
2017-06-23,47.2381,47.332,46.731,46.8061,5480675
2017-06-26,46.8531,47.2945,46.7028,47.0503,3721083
2017-06-27,46.8625,46.947,46.2802,46.3929,4399226
2017-06-28,46.5056,46.5338,46.1112,46.1581,4316734
2017-06-29,45.7731,45.7825,45.2284,45.3505,7203222
2017-06-30,45.3035,45.5007,44.956,44.9654,5782925
2017-07-03,45.0687,45.1251,44.6837,44.7494,2804213
2017-07-05,44.8152,44.8246,44.4583,44.5334,4753779
2017-07-06,44.402,44.5992,44.2611,44.5147,4044758
2017-07-07,44.5616,44.7025,44.402,44.4771,3510061
2017-07-10,44.7588,44.7682,44.3879,44.402,3980145
2017-07-11,44.4771,44.5334,44.2235,44.402,3380668
2017-07-12,44.6555,44.7565,44.5757,44.618,3439654
2017-07-13,44.7213,44.7494,44.2329,44.2517,3334856
2017-07-14,44.5334,44.6649,44.3456,44.3832,3453810
2017-07-17,44.3738,44.4301,44.0545,44.1766,5190972
2017-07-18,44.2329,44.2987,44.0169,44.2517,4916655
2017-07-19,44.3268,44.4207,44.2141,44.355,3519947
2017-07-20,44.4301,44.5428,44.3174,44.4395,3373837
2017-07-21,44.3926,44.9654,44.3296,44.9654,4117193
2017-07-24,44.9466,44.9654,44.3644,44.3738,4513314
2017-07-25,44.4113,44.4395,43.9136,43.9324,4010359
2017-07-26,43.9324,44.5147,43.8667,44.5147,4153180
2017-07-27,44.3174,44.9091,44.186,44.9091,4629121
2017-07-28,44.8997,45.05,44.3832,44.618,4263378
2017-07-31,44.618,45.0781,44.4489,45.0124,5973099
2017-08-01,46.1112,46.2426,45.5806,45.82,5375456
2017-08-02,45.5571,47.0315,44.9936,46.7498,9067305
2017-08-03,46.468,46.6746,46.1863,46.3553,6066669
2017-08-04,46.1112,46.2426,45.5806,45.82,5375456
2017-08-07,45.8106,46.0501,45.7214,46.0173,4051024
2017-08-08,45.9327,46.2051,45.8106,46.13,5256804
2017-08-09,46.2051,46.2239,45.8106,45.8764,5181892
2017-08-10,45.8388,45.9797,45.6134,45.8388,3319044
2017-08-11,45.8388,45.8858,45.3223,45.4726,3227618
2017-08-14,45.4726,45.6839,45.3786,45.6792,3773320
2017-08-15,45.5759,45.9797,45.5477,45.9797,2917443
2017-08-16,45.9046,46.1581,45.8858,46.0079,3033316
2017-08-17,46.0174,46.0459,45.5184,45.5422,3346385
2017-08-18,45.4661,46.0839,45.3236,45.9033,4853025
2017-08-21,45.9413,46.0269,45.6847,45.8938,4699622
2017-08-22,45.8083,45.8273,45.4091,45.5707,4134613
2017-08-23,45.6087,45.6942,45.4756,45.6562,3224177
2017-08-24,45.6467,45.7513,45.4994,45.6372,2877765
2017-08-25,45.8083,46.1029,45.5944,45.9128,3792612
2017-08-28,46.0269,46.0839,45.7132,45.9508,2549333
2017-08-29,46.0079,46.0744,45.7227,45.7893,2334275
2017-08-30,45.7608,45.8463,45.5707,45.8178,2461169
2017-08-31,45.9508,46.0934,45.8178,45.8653,4325517
2017-09-01,45.9223,45.9223,45.5042,45.8653,3112787
2017-09-05,45.9128,46.7492,45.813,46.7206,6725324
2017-09-06,46.9012,47.0058,46.6446,46.8347,7368021
2017-09-07,46.8537,47.519,46.6636,47.4714,7074831
2017-09-08,47.2624,47.7756,47.1389,47.709,5696199
2017-09-11,47.5665,48.1272,47.4809,48.0987,5297677
2017-09-12,47.9846,48.0702,46.8157,47.1008,5912614
2017-09-13,47.0628,47.096,46.7159,46.9677,4398497
2017-09-14,47.1863,47.9846,46.9867,47.8991,6167038
2017-09-15,48.0892,48.2793,47.8231,48.1272,7244756
2017-09-18,48.1842,48.2032,47.2624,47.5855,3859873
2017-09-19,47.5855,47.614,47.2148,47.3954,5110121
2017-09-20,47.538,47.6112,46.7967,46.9963,4720980
2017-09-21,47.0343,47.1768,46.7967,46.8252,3040033
2017-09-22,46.9107,46.9582,46.3405,46.3975,4155543
2017-09-25,46.3785,46.7195,46.3595,46.5971,4518274
2017-09-26,46.5686,46.5971,46.2455,46.369,3976334
2017-09-27,46.1219,46.35,45.8938,46.1124,6676340
2017-09-28,46.0174,46.5258,45.9698,46.5116,5880763
2017-09-29,46.5971,46.9812,46.1552,46.7016,7244944
2017-10-02,46.7301,46.982,46.5211,46.7016,4478490
2017-10-03,46.5401,46.5496,46.2027,46.369,3546036
2017-10-04,46.3215,46.7016,46.2835,46.6636,4322236
2017-10-05,46.7016,47.0153,46.5116,46.9107,4040712
2017-10-06,46.7396,47.1483,46.5876,47.1293,3208881
2017-10-09,47.1103,47.2386,47.0533,47.1863,2955508
2017-10-10,47.2719,47.7661,47.1768,47.7471,4139041
2017-10-11,47.6045,48.2412,47.6045,47.9751,4431754
2017-10-12,47.9751,48.322,47.8896,48.2222,3420230
2017-10-13,48.3268,48.5976,48.2317,48.4123,4632493
2017-10-16,48.3173,48.7354,48.2888,48.6024,4364970
2017-10-17,48.5359,48.6784,48.2127,48.6024,3691332
2017-10-18,48.4979,48.7259,48.3458,48.7259,2699603
2017-10-19,48.7545,49.4482,48.7354,49.4197,4804567
2017-10-20,49.3247,49.7428,49.2296,49.6193,4122806
2017-10-23,49.5528,49.6858,49.3817,49.6098,3000007
2017-10-24,49.5148,49.8094,49.3247,49.7714,4889300
2017-10-25,49.5908,49.7333,49.1251,49.6288,3951850
2017-10-26,49.7524,49.9804,49.4245,49.4767,3501756
2017-10-27,49.4007,49.7048,49.2487,49.5053,3179048
2017-10-30,49.4577,49.5813,49.2582,49.5053,3346010
2017-10-31,49.4387,49.6858,49.3057,49.6098,4721096
2017-11-01,49.7999,49.7999,49.1916,49.4958,3957610
2017-11-02,49.7809,50.6267,49.6098,50.6077,6568547
2017-11-03,50.4556,50.8548,49.8189,49.8379,4842597
2017-11-06,49.7428,49.7491,49.0016,49.0871,5631894
2017-11-07,49.1536,49.4102,48.764,49.1536,5454060
2017-11-08,49.1726,49.4197,48.6974,49.2011,5424971
2017-11-09,49.1821,49.4387,48.9968,49.4292,3633205
2017-11-10,49.1631,49.1631,48.7735,48.8115,3501819
2017-11-13,48.897,49.4102,48.8495,49.2487,2780219
2017-11-14,49.1441,49.7428,49.0839,49.7143,3890000
2017-11-15,49.7428,50.0371,49.2772,49.3437,3589438
2017-11-16,49.3722,49.4482,49.0206,49.3627,4356095
2017-11-17,49.3723,49.6222,48.9687,48.9879,5389150
2017-11-20,49.0648,49.3243,48.9879,49.1897,2950609
2017-11-21,49.2666,49.4877,49.1897,49.305,2591995
2017-11-22,49.3627,49.4396,49.1363,49.3627,2642981
2017-11-24,49.4012,49.651,49.3627,49.3915,1155785
2017-11-27,49.4108,49.651,49.2378,49.5549,3981262
2017-11-28,49.5934,49.6558,49.1993,49.4877,4185942
2017-11-29,49.2858,49.3705,48.8197,49.1032,5099212
2017-11-30,49.2185,49.4973,49.084,49.2089,5499764
2017-12-01,49.4492,49.5357,48.8628,49.1224,4709948
2017-12-04,49.3723,49.4588,48.2767,48.3728,5505002
2017-12-05,48.3728,48.5362,47.7668,48.4016,5578158
2017-12-06,48.4977,48.9687,48.4593,48.911,4041575
2017-12-07,48.8053,49.3435,48.4881,49.3339,6637859
2017-12-08,49.2282,49.43,48.9494,49.0744,4791379
2017-12-11,48.9494,49.7375,48.9494,49.6703,5095357
2017-12-12,49.5549,49.8625,49.1801,49.1993,4031877
2017-12-13,49.3531,49.9057,49.2762,49.6703,5115794
2017-12-14,49.3531,49.6895,49.0455,49.5165,4534821
2017-12-15,49.8625,49.9778,49.2282,49.3147,9391314
2017-12-18,49.2762,49.4877,48.5073,48.5842,5331834
2017-12-19,48.5265,48.6282,47.8442,47.873,7315001
2017-12-20,47.8922,48.1037,47.7,47.9979,7125718
2017-12-21,47.748,48.3439,47.4982,47.5654,10331211
2017-12-22,47.4982,47.6135,46.5947,46.6139,7877193
2017-12-26,46.6235,46.8542,46.1526,46.1814,3961511
2017-12-27,46.1814,46.3929,46.0565,46.1814,4185675
2017-12-28,46.2199,46.5563,46.2103,46.4025,2994467
2017-12-29,46.4698,46.5851,46.143,46.2199,3632869
2018-01-02,46.143,46.2007,45.1338,45.3357,7278829
2018-01-03,45.2203,45.5279,45.0185,45.0761,6292814
2018-01-04,45.0665,45.2588,44.7686,44.8839,5231497
2018-01-05,44.9704,45.1242,44.634,44.9608,6120474
2018-01-08,45.0761,45.3933,44.9128,45.3645,7945474
2018-01-09,45.3645,45.4125,44.7695,44.7974,5694549
2018-01-10,44.6533,44.7013,44.0295,44.1727,7197008
2018-01-11,43.8748,44.0574,43.3269,43.4903,6867825
2018-01-12,43.3269,43.6008,42.7118,43.0963,8591236
2018-01-16,43.1924,43.3942,42.5869,42.9233,9767041
2018-01-17,42.8848,43.5191,42.8271,43.2981,10598358
2018-01-18,43.2212,43.3846,42.5388,43.1539,9885110
2018-01-19,43.2404,43.3173,42.6782,42.7118,8808602
2018-01-22,42.8752,42.9809,42.2601,42.3274,9649525
2018-01-23,41.9718,43.0098,41.4816,42.7406,10273664
2018-01-24,42.7118,42.856,42.3658,42.3658,8133010
2018-01-25,42.3658,42.9521,42.3178,42.8848,6763841
2018-01-26,42.9136,43.0963,42.2697,42.5869,8851912
2018-01-29,42.4523,42.4908,42.1448,42.2793,5900427
2018-01-30,42.2697,43.1731,42.2697,43.0578,8254735
2018-01-31,43.0098,43.3942,42.7791,43.3558,9355218
2018-02-01,43.3558,43.5384,42.5004,42.6541,9120735
2018-02-02,42.4811,42.7983,42.3081,42.4523,7211562
2018-02-05,42.51,42.9809,41.8276,42.0198,9907362
2018-02-06,41.6546,42.1736,40.9722,41.7988,14707719
2018-02-07,41.7026,42.2216,41.5047,41.6546,10125322
2018-02-08,41.52,42.337,41.3566,41.7123,9475716
2018-02-09,41.693,42.9136,41.6161,42.6061,11018623
2018-02-12,42.6061,43.1251,42.2601,42.9425,7209660
2018-02-13,42.8464,43.0915,42.385,42.8848,6832417
2018-02-14,42.6253,42.7022,41.866,41.8853,8010336
2018-02-15,42.1448,42.8368,42.0294,42.8271,8512282
2018-02-16,42.8271,42.905,42.3695,42.7785,7861120
2018-02-20,42.5934,42.7688,42.0579,42.3305,8368539
2018-02-21,42.4376,42.7015,41.7852,41.7949,8576278
2018-02-22,41.7949,42.2916,41.2691,41.8923,7088792
2018-02-23,41.8923,43.0609,41.8631,42.9148,5647999
2018-02-26,43.129,43.3335,42.7103,42.8758,6777659
2018-02-27,42.8564,43.1582,42.2623,42.2623,6709520
2018-02-28,42.3013,42.3987,41.8047,41.9313,7518605
2018-03-01,41.9507,43.0609,41.9507,42.8271,9698336
2018-03-02,42.8271,43.4991,42.4376,43.0414,8117433
2018-03-05,42.9635,43.9178,42.8856,43.6646,10168230
2018-03-06,43.723,43.723,42.8661,42.944,6080579
2018-03-07,42.9148,43.0803,42.3305,42.5253,6400406
2018-03-08,42.5545,42.7882,42.2137,42.2721,6059678
2018-03-09,42.3013,42.6129,42.1747,42.6129,5335382
2018-03-12,42.4766,42.7395,42.3451,42.6713,5337279
2018-03-13,42.7103,42.9245,42.3305,42.4474,6201525
2018-03-14,42.535,43.0755,42.5155,42.8953,4019376
2018-03-15,42.8466,43.3092,42.6519,42.7785,4937232
2018-03-16,42.7687,43.129,42.6908,43.0316,9154489
2018-03-19,43.0414,43.4601,42.7882,43.0122,6060387
2018-03-20,43.0316,43.2264,42.5642,42.7005,4360137
2018-03-21,42.7492,43.2946,42.6456,42.7492,4510094
2018-03-22,42.7492,43.4455,42.647,42.6616,9938049
2018-03-23,42.7785,43.0219,41.8923,41.9799,5458057
2018-03-26,42.0579,42.7541,41.941,42.6713,6647712
2018-03-27,42.6713,43.7035,42.535,43.3627,6241651
2018-03-28,43.4504,43.8009,43.2389,43.4698,4792520
2018-03-29,43.577,43.8691,43.3919,43.4893,4507139
2018-04-02,43.5575,43.7717,42.7492,43.0511,4895180
2018-04-03,43.0706,43.2653,42.8758,43.0122,4563047
2018-04-04,43.0414,43.6841,42.8174,43.6159,5422414
2018-04-05,43.6256,43.9762,42.9537,43.8301,4187391
2018-04-06,43.8594,44.0541,43.4991,43.6159,4113477
2018-04-09,43.6256,43.8788,43.4504,43.5964,3227019
2018-04-10,43.5867,43.7133,43.0122,43.1388,4557383
2018-04-11,43.168,43.3725,42.944,43.3043,3536212
2018-04-12,43.314,43.5283,42.6032,42.6713,4581220
2018-04-13,42.7785,42.9976,42.7103,42.7882,4847013
2018-04-16,42.944,43.908,42.9343,43.8886,6830201
2018-04-17,43.9567,44.8039,43.7717,44.6189,6351770
2018-04-18,44.6676,45.0766,44.2197,44.2391,4027329
2018-04-19,44.1612,44.4242,43.9178,44.4047,4297578
2018-04-20,44.4631,44.6676,43.9324,44.0346,4990305
2018-04-23,44.0833,44.2878,43.8886,44.0541,3525199
2018-04-24,44.1904,44.6968,44.0346,44.5021,5078285
2018-04-25,44.3949,45.1058,44.3755,44.8234,6090653
2018-04-26,44.8039,45.0279,44.6773,44.8818,4231035
2018-04-27,44.7942,45.5245,44.7066,45.1837,4888671
2018-04-30,45.3103,45.3931,44.9013,44.911,4999343
2018-05-01,44.7942,44.911,44.4728,44.6092,5998116
2018-05-02,44.6092,45.2129,44.4193,45.0376,5186834
2018-05-03,44.9013,45.2519,44.5507,45.0474,4566254
2018-05-04,45.0571,45.359,44.8039,44.8234,4150978
2018-05-07,44.8234,44.9792,44.171,44.2586,5224737
2018-05-08,44.0931,44.1515,42.9829,42.9927,6020424
2018-05-09,43.129,43.1534,42.4668,42.6421,4662417
2018-05-10,42.8466,43.5867,42.759,43.538,4247841
2018-05-11,43.5477,43.947,43.4163,43.7522,3467948
2018-05-14,43.7717,43.947,43.1388,43.3822,4243748
2018-05-15,43.2556,43.3432,42.8612,43.0511,4828695
2018-05-16,43.0706,43.3043,42.4766,42.7395,4736213
2018-05-17,42.759,42.8174,42.3889,42.4766,5043776
2018-05-18,42.5852,42.832,41.8842,42.1902,6696787
2018-05-21,42.7234,43.1628,42.4864,42.8913,8321703
2018-05-22,42.9505,43.2961,42.7333,42.9999,4643926
2018-05-23,43.1085,43.5034,43.069,43.4343,5352617
2018-05-24,43.3751,43.7996,43.2171,43.691,4156317
2018-05-25,43.7305,44.0761,43.7305,43.9576,4511366
2018-05-29,43.849,44.1551,43.6219,43.7404,7259923
2018-05-30,43.612,44.2538,43.4047,44.1748,4749801
2018-05-31,44.1255,44.5787,43.8391,44.3328,6990353
2018-06-01,44.244,44.3229,43.4541,43.6417,4029590
2018-06-04,43.8293,44.0365,43.3652,43.3751,4196735
2018-06-05,43.4738,43.5923,42.99,43.2171,5533622
2018-06-06,43.3751,43.4343,42.2593,42.3482,5945135
2018-06-07,42.5062,43.0344,42.289,42.6345,4871425
2018-06-08,42.6642,42.8419,42.4272,42.7333,3981478
2018-06-11,42.7135,42.7827,42.1902,42.2988,4887259
2018-06-12,42.2988,42.9357,42.2692,42.8913,4338433
2018-06-13,42.9011,43.38,42.6642,43.227,7778184
2018-06-14,43.227,43.8638,43.1974,43.6515,5690082
2018-06-15,43.5429,43.9181,43.227,43.8688,10329354
2018-06-18,43.8293,44.2143,43.7009,44.007,4594025
2018-06-19,44.0564,44.5105,44.0169,44.4908,7068230
2018-06-20,44.4711,44.6488,44.2736,44.4809,4269662
2018-06-21,44.4809,44.8759,44.3921,44.7179,4933080
2018-06-22,44.9055,45.3449,44.6784,45.2313,6603954
2018-06-25,45.3992,46.1249,45.2807,46.0113,6812097
2018-06-26,45.5078,45.9916,45.1523,45.5078,5917310
2018-06-27,45.4189,45.8534,45.3449,45.7448,3930197
2018-06-28,45.9126,46.2582,45.6855,45.7546,5500391
2018-06-29,45.725,46.0015,45.4189,45.725,4017090
2018-07-02,45.8336,46.3174,45.7843,46.3076,4198878
2018-07-03,46.2384,46.742,46.1101,46.4063,2346204
2018-07-05,46.426,46.9592,46.2384,46.9592,4763311
2018-07-06,46.9493,47.2456,46.8704,47.1567,3550422
2018-07-09,47.0876,47.1073,45.6065,45.7843,4564154
2018-07-10,45.6658,47.1271,45.4387,46.742,8859434
2018-07-11,46.8012,47.2851,46.7223,47.1666,5138454
2018-07-12,47.1468,47.4628,46.9888,47.3739,6483343
2018-07-13,47.2949,47.5121,46.9395,47.3542,3508073
2018-07-16,47.1567,47.3542,46.8901,47.1073,3172156
2018-07-17,47.1962,47.2949,46.9145,47.0481,2192279
2018-07-18,47.1271,47.1271,46.584,46.9493,3163947
2018-07-19,46.9987,47.6306,46.9987,47.3147,4496930
2018-07-20,47.0678,47.2159,46.6038,46.9197,4343520
2018-07-23,46.979,47.0975,46.5297,46.7617,2342786
2018-07-24,46.5939,47.0777,46.0748,46.9395,4285947
2018-07-25,46.7223,47.1863,46.7124,46.9493,3661016
2018-07-26,47.3147,47.6158,47.1468,47.4727,5977730
2018-07-27,47.522,47.68,47.1863,47.364,3439696
2018-07-30,47.3147,47.4381,47.0481,47.3048,3360621
2018-07-31,47.443,48.0355,47.3937,47.9861,5986479
2018-08-01,47.8084,47.8577,47.058,47.4727,5303560
2018-08-02,47.4727,47.9268,47.2999,47.8577,4906983
2018-08-03,47.8281,48.4107,47.5911,48.3119,4288974
2018-08-06,48.2823,48.8056,48.2231,48.3712,4468270
2018-08-07,48.3119,48.5933,48.0947,48.46,4575737
2018-08-08,46.8506,46.9,46.1101,46.2878,10953982
2018-08-09,45.5078,46.2779,45.3004,46.2187,7202207
2018-08-10,46.1298,46.2286,45.4782,45.5473,6840346
2018-08-13,45.6855,45.8682,45.4683,45.8139,4918171
2018-08-14,45.8139,46.2286,45.725,46.1298,4402945
2018-08-15,46.2286,46.8309,46.0854,46.5544,6350109
2018-08-16,46.4655,47.0185,46.3372,46.9,6024386
2018-08-17,46.93,47.1,46.65,46.97,5421526
2018-08-20,46.91,46.94,46.55,46.61,4245204
2018-08-21,46.51,46.57,45.93,46.0,5648207
2018-08-22,45.99,46.0,45.08,45.26,7524411
2018-08-23,45.27,45.49,45.03,45.14,5877256
2018-08-24,45.17,45.22,44.93,45.03,6664439
2018-08-27,45.04,45.09,44.45,44.63,7225386
2018-08-28,44.55,44.63,44.32,44.33,6929838
2018-08-29,44.42,44.67,44.35,44.54,6845935
2018-08-30,44.54,44.64,44.06,44.19,5573149
2018-08-31,44.18,44.39,43.63,43.78,6210012
2018-09-04,43.77,44.27,43.72,43.89,7283546
2018-09-05,43.89,44.665,43.82,44.66,9068487
2018-09-06,44.8,45.98,44.65,45.76,11908104
2018-09-07,45.34,45.48,44.32,44.33,9198258
2018-09-10,44.54,44.67,44.125,44.36,6248805
2018-09-11,44.37,44.42,44.0,44.17,6197252
2018-09-12,44.16,44.455,43.71,44.12,4486462
2018-09-13,44.11,44.33,43.66,44.29,5140270
