date,open,high,low,close,volume
2013-09-16,31.6551,31.9338,31.3454,31.6938,3667972
2013-09-17,31.7712,32.0422,31.4712,31.9415,3393520
2013-09-18,32.0576,32.2512,31.748,32.2357,3273264
2013-09-19,32.3596,32.5763,31.9957,32.0189,3132745
2013-09-20,31.9647,32.2125,31.7944,32.046,4736210
2013-09-23,31.9415,32.1002,31.3764,31.6938,2836601
2013-09-24,31.6319,32.4679,31.508,32.3596,3055602
2013-09-25,32.4912,33.9775,32.3596,33.9621,7276318
2013-09-26,34.0085,34.055,33.1569,33.3969,3442521
2013-09-27,33.1337,33.7376,32.917,33.6834,2890859
2013-09-30,33.5982,34.4343,33.0795,33.8769,4915258
2013-10-01,33.8227,34.6123,33.6911,34.6046,2808490
2013-10-02,34.7981,35.611,34.4807,35.5723,4296986
2013-10-03,35.4175,35.6342,35.0381,35.2704,4126900
2013-10-04,35.2704,35.5646,34.504,35.5104,4053026
2013-10-07,35.0923,35.2936,34.8059,34.9607,2090477
2013-10-08,35.6497,36.0832,34.6356,34.6743,4692241
2013-10-09,34.7362,35.0691,34.1866,34.744,3820580
2013-10-10,35.0381,35.6691,34.9375,35.642,3028816
2013-10-11,35.4175,36.0368,35.1543,35.82,2264445
2013-10-14,35.611,36.7142,35.58,36.6406,3369450
2013-10-15,36.3774,36.8109,36.0136,36.3697,2862894
2013-10-16,36.78,37.1748,36.3929,37.174,3175834
2013-10-17,37.1361,37.647,36.8884,37.5115,2718220
2013-10-18,37.6083,38.7386,37.0277,38.7386,6733377
2013-10-21,38.5528,39.1334,38.1193,39.0869,5307333
2013-10-22,39.0328,39.0328,38.0031,38.0418,5328476
2013-10-23,37.8406,37.918,37.0625,37.2212,5438552
2013-10-24,37.1593,37.7399,36.8496,37.5928,4962615
2013-10-25,37.7786,38.5605,37.5464,38.5528,4305902
2013-10-28,38.6302,38.8624,38.3205,38.5915,4292255
2013-10-29,37.7786,38.9399,36.8419,37.3528,8328905
2013-10-30,37.7554,38.5915,37.6857,38.3205,3561698
2013-10-31,38.0418,39.2186,37.5774,37.6935,4945442
2013-11-01,37.709,38.2586,37.3916,38.0883,4463031
2013-11-04,38.2818,38.5296,37.8871,38.1347,3662522
2013-11-05,38.0651,38.1264,37.1206,37.5232,3798313
2013-11-06,37.8251,37.9102,37.2367,37.5232,3062577
2013-11-07,37.8356,37.9371,36.703,36.7499,4108362
2013-11-08,36.828,37.6481,36.828,37.6325,3412783
2013-11-11,37.6559,37.6856,37.117,37.4138,2615329
2013-11-12,37.1951,37.6559,37.1092,37.3435,2613562
2013-11-13,37.2966,38.0933,37.1326,38.0933,2614123
2013-11-14,37.7184,39.1712,37.7184,39.1361,4035013
2013-11-15,39.1322,39.2259,37.8278,38.2261,4219382
2013-11-18,38.5307,38.5854,37.7653,37.8824,2739479
2013-11-19,37.7653,38.023,37.2029,37.3747,3854221
2013-11-20,37.6325,37.8668,37.156,37.2732,2740702
2013-11-21,37.6794,37.7652,36.9061,37.6715,2593463
2013-11-22,37.7965,37.8606,37.2498,37.7575,2711719
2013-11-25,37.7184,38.5776,37.7184,37.8512,2669874
2013-11-26,38.0777,38.2535,37.531,38.1168,2829684
2013-11-27,38.312,38.6323,37.9059,38.2886,2125800
2013-11-29,38.273,38.5854,37.9762,38.3042,1405624
2013-12-02,38.2964,39.4819,38.2964,38.9291,3086675
2013-12-03,38.9291,38.9291,38.0074,38.7729,3119380
2013-12-04,38.5932,39.718,38.5503,39.0228,3491733
2013-12-05,39.0306,39.5618,38.8666,38.9291,2806586
2013-12-06,39.5227,40.1866,39.3681,40.1632,2657792
2013-12-09,40.2335,40.4053,39.5618,39.6086,2424629
2013-12-10,39.4446,40.132,39.1087,39.7883,1716585
2013-12-11,39.8117,39.8351,38.6088,38.7182,2591749
2013-12-12,38.851,39.1244,38.4682,38.5932,2426878
2013-12-13,39.7102,39.7102,38.6245,39.0541,2713118
2013-12-16,39.2259,40.5069,39.2259,40.0968,3095914
2013-12-17,40.3819,41.8972,40.171,41.3583,5239589
2013-12-18,41.2958,41.3426,40.1788,41.1239,4859191
2013-12-19,41.1239,41.2723,40.5069,40.999,2773552
2013-12-20,41.3036,43.7718,41.1239,43.4711,10018958
2013-12-23,43.7249,43.8577,43.0532,43.7484,3891557
2013-12-24,43.4281,44.0764,43.4281,43.6937,1008329
2013-12-26,43.7484,43.8811,43.2172,43.7562,1636983
2013-12-27,43.9514,44.2404,43.3188,43.475,2358250
2013-12-30,42.9907,44.5685,42.9907,44.1545,2031938
2013-12-31,44.3264,44.5763,43.475,43.8655,2138346
2014-01-02,43.6859,43.6859,43.022,43.2797,3023543
2014-01-03,43.4359,44.631,43.2016,44.381,3049357
2014-01-06,44.3185,44.9668,44.1701,44.4826,3258094
2014-01-07,44.5841,46.2088,44.381,45.9276,4676360
2014-01-08,45.912,47.4897,45.8573,46.5759,4520188
2014-01-09,46.6305,46.6384,44.959,45.3105,3896666
2014-01-10,45.5761,45.8338,45.0684,45.6073,2044459
2014-01-13,45.8104,46.9898,45.6073,45.7245,3506620
2014-01-14,46.0838,47.2554,45.7401,47.1226,3112586
2014-01-15,47.1617,47.8959,47.0289,47.521,2682905
2014-01-16,47.6538,47.7241,47.1851,47.3804,2212708
2014-01-17,47.1383,47.9506,46.6305,47.8022,3437043
2014-01-21,48.5051,49.0207,47.6733,47.8334,2869640
2014-01-22,48.1224,48.4661,47.5913,47.646,3308094
2014-01-23,46.693,47.5444,46.6227,47.4429,3985541
2014-01-24,47.1851,47.2085,45.662,45.7479,3513286
2014-01-27,45.7479,45.9822,45.202,45.3418,4243366
2014-01-28,41.9597,42.647,39.4446,40.2413,17578701
2014-01-29,40.2257,42.1471,40.1085,41.905,5863287
2014-01-30,41.905,42.397,41.3504,41.4754,4392779
2014-01-31,41.0068,41.6512,40.71,41.288,3404043
2014-02-03,41.4051,41.7175,39.468,39.9054,4608675
2014-02-04,39.9757,40.2257,38.5073,39.0463,4807999
2014-02-05,38.8744,39.4212,37.6559,38.3589,6074526
2014-02-06,38.3668,39.1705,38.3668,38.7608,3545460
2014-02-07,38.9972,39.533,38.5244,39.0208,3577313
2014-02-10,39.0208,39.4427,38.5638,39.3124,3161575
2014-02-11,39.2493,39.399,38.8396,38.9026,2919719
2014-02-12,39.1863,39.6118,38.745,38.7765,3547855
2014-02-13,38.6977,39.399,38.3841,39.0838,3320259
2014-02-14,38.9656,39.73,38.9499,39.5094,2691975
2014-02-18,39.8009,40.1634,39.1626,39.1705,2940435
2014-02-19,39.1232,39.336,38.6189,38.6347,2391573
2014-02-20,38.8317,39.6827,38.6347,39.4148,3000532
2014-02-21,40.6204,40.8174,39.9782,39.99,3686941
2014-02-24,40.1319,40.7228,39.793,40.3131,2698614
2014-02-25,40.5889,40.5889,39.6827,39.9427,1962640
2014-02-26,40.0294,41.3532,39.8561,40.7622,2697314
2014-02-27,40.7307,40.9986,40.2146,40.912,2033656
2014-02-28,40.975,41.5029,40.4392,41.1247,4163198
2014-03-03,40.778,41.3012,40.455,41.2035,2555246
2014-03-04,41.5029,42.0545,41.3532,41.9048,3123188
2014-03-05,41.7078,42.1097,41.2193,41.4163,2590654
2014-03-06,41.4084,41.4084,39.0287,39.4778,6315797
2014-03-07,39.6354,39.8876,38.2959,38.8396,5123783
2014-03-10,38.9814,39.9743,38.8869,39.5094,3593687
2014-03-11,39.7221,40.0373,38.8987,39.3045,3179881
2014-03-12,39.0523,40.187,38.9499,39.99,2910786
2014-03-13,39.9349,40.1476,39.0366,39.2178,3383913
2014-03-14,39.0917,40.0058,39.0917,39.5172,2066776
2014-03-17,39.6512,40.841,39.6355,39.9664,3093045
2014-03-18,39.8167,40.9908,39.7536,40.9198,3275046
2014-03-19,40.7544,41.4163,40.4628,40.715,3186439
2014-03-20,40.778,42.2831,40.5968,41.8418,3513919
2014-03-21,42.4958,43.1341,41.8497,42.1491,6306691
2014-03-24,42.1806,42.3224,41.0932,41.763,3426664
2014-03-25,41.9521,43.9142,41.7787,43.4414,4556173
2014-03-26,43.6541,44.7179,43.6541,43.7723,4493239
2014-03-27,44.3003,44.3633,42.9134,43.1892,3485257
2014-03-28,43.3074,44.0607,42.9922,43.2759,2008761
2014-03-31,43.4887,44.6549,43.0356,44.253,2227402
2014-04-01,44.6627,45.4035,44.4421,44.9149,3069572
2014-04-02,44.9385,45.2301,44.3554,45.041,2980406
2014-04-03,45.1277,45.3325,44.5288,45.2222,2625516
2014-04-04,45.5059,45.9787,44.1348,44.1742,4256364
2014-04-07,44.1742,44.4658,42.8898,43.3074,3444867
2014-04-08,43.4335,44.0796,43.1498,43.7645,2864338
2014-04-09,43.9693,44.0481,43.2759,43.8826,3054167
2014-04-10,43.922,44.119,42.4958,42.5116,3251314
2014-04-11,42.1649,42.9686,41.8024,42.0703,2622024
2014-04-14,43.3389,43.6935,42.5982,43.1971,2807109
2014-04-15,43.2129,43.402,42.1979,43.2444,2627205
2014-04-16,43.7172,44.0008,43.0868,43.8669,1673641
2014-04-17,44.1821,44.1821,43.4571,43.7881,1916216
2014-04-21,43.8432,44.1269,43.5202,43.8826,1707978
2014-04-22,43.993,44.0481,43.7329,43.8669,2207323
2014-04-23,43.7723,43.7723,42.5746,42.6376,2401471
2014-04-24,43.008,43.1656,42.2831,42.5037,1895214
2014-04-25,42.2594,42.551,41.3532,41.5423,2571743
2014-04-28,41.763,41.9757,40.5653,41.4478,4751908
2014-04-29,41.8339,42.4091,41.5108,42.1491,3768273
2014-04-30,41.3769,43.5202,40.4865,41.432,7607061
2014-05-01,40.8962,41.5029,39.0681,39.99,5977846
2014-05-02,39.8876,40.8135,39.8245,40.2185,3088185
2014-05-05,39.9349,40.0334,39.2887,39.8009,2751335
2014-05-06,39.8009,40.2343,39.5488,39.6039,2127788
2014-05-07,39.7379,40.0609,38.7687,39.3912,3200054
2014-05-08,39.2414,39.9585,38.6662,38.8317,3077952
2014-05-09,38.9105,39.1942,38.2092,39.0444,3541794
2014-05-12,39.3147,39.6327,39.1001,39.5691,2305290
2014-05-13,39.5293,40.5746,39.3195,40.348,4452302
2014-05-14,40.515,41.1032,40.4514,40.7375,3567750
2014-05-15,40.4752,40.6739,39.728,40.4514,3184502
2014-05-16,40.4673,40.7773,39.8234,40.6898,2303993
2014-05-19,40.6819,41.2781,40.5229,41.1111,2903220
2014-05-20,40.9601,41.0277,40.3162,40.4355,2029947
2014-05-21,40.5468,41.1628,40.5468,40.6739,1522800
2014-05-22,40.6819,41.2542,40.6263,41.0237,1988290
2014-05-23,41.0157,41.3098,40.8091,41.2939,2140349
2014-05-27,41.5245,42.5181,41.4529,42.4147,3237458
2014-05-28,42.2796,42.526,42.0014,42.224,2081410
2014-05-29,42.1842,42.4783,41.7152,42.1763,1743848
2014-05-30,42.5181,42.7506,42.1843,42.7088,2979164
2014-06-02,42.685,42.8201,42.2081,42.7804,1610911
2014-06-03,42.534,42.8837,42.4306,42.5658,1738747
2014-06-04,42.5101,42.8996,42.3273,42.6293,2417374
2014-06-05,42.7645,43.305,42.375,43.2096,1984156
2014-06-06,43.5594,44.1794,43.1381,44.1158,3601266
2014-06-09,44.1158,44.1555,43.3447,43.4401,1753137
2014-06-10,43.4242,43.6468,42.9632,43.3447,2083489
2014-06-11,43.4322,43.615,42.9711,43.3209,1370183
2014-06-12,43.3129,43.4401,42.8559,43.0983,2335784
2014-06-13,44.0124,44.2986,43.6468,44.0045,3423613
2014-06-16,43.8694,44.4894,43.8376,44.4417,2129089
2014-06-17,44.2271,45.4512,44.1714,45.165,2598230
2014-06-18,45.0935,45.4273,44.5371,45.4035,1867426
2014-06-19,45.3319,45.4036,44.6881,44.9742,1924646
2014-06-20,45.1491,45.5068,44.3781,44.7278,4148667
2014-06-23,44.8391,44.8391,44.0204,44.4735,1853744
2014-06-24,44.3463,44.8868,44.2747,44.5053,2951918
2014-06-25,44.235,45.173,44.1794,45.1253,1921350
2014-06-26,45.0378,45.2286,44.7596,45.0776,1203106
2014-06-27,44.8868,45.324,44.7119,45.2445,1212779
2014-06-30,45.4035,45.4273,45.0299,45.165,1676681
2014-07-01,45.4909,47.2396,45.4671,46.8025,3610839
2014-07-02,46.6912,47.025,46.5878,46.9217,1972639
2014-07-03,47.033,47.1363,46.1904,47.1045,1757342
2014-07-07,47.0171,47.1204,46.4925,46.8661,1698617
2014-07-08,46.9932,47.3986,46.1268,46.6514,2359714
2014-07-09,46.6753,47.0567,46.3653,46.4845,1530682
2014-07-10,46.0394,47.0171,45.8248,46.7627,1484905
2014-07-11,46.9535,47.4543,46.564,47.2555,1436278
2014-07-14,47.4781,47.6768,47.0171,47.4304,2387823
2014-07-15,47.653,48.4479,47.3549,47.4463,2104135
2014-07-16,47.8994,48.9725,47.8914,48.734,3161214
2014-07-17,48.1935,48.6068,47.0687,47.2873,3668322
2014-07-18,47.4543,47.5099,45.9042,46.7309,5444648
2014-07-21,46.6117,47.0807,46.2937,46.564,3337938
2014-07-22,46.8661,47.5496,46.5163,47.0886,3195887
2014-07-23,47.2794,47.5973,46.9694,47.0489,1355628
2014-07-24,47.3589,47.4185,46.413,47.3589,1842859
2014-07-25,47.0568,47.4622,47.0409,47.2953,1050023
2014-07-28,47.2953,47.5655,46.9376,47.0012,1730849
2014-07-29,46.9455,47.4225,46.5004,47.2078,1401028
2014-07-30,47.3827,47.8835,47.2635,47.7643,2009168
2014-07-31,46.9217,47.9948,46.2222,46.5799,3414771
2014-08-01,46.405,46.8581,45.634,46.254,2999067
2014-08-04,46.1745,46.8343,45.8327,46.6594,2225619
2014-08-05,46.5719,46.8978,45.4114,45.6101,2397129
2014-08-06,45.474,45.7543,44.8894,45.6021,3585302
2014-08-07,45.9545,45.9705,45.2738,45.5221,2744932
2014-08-08,45.5461,45.8104,45.0175,45.6262,2005739
2014-08-11,45.8184,46.1628,45.498,45.6502,1236160
2014-08-12,45.6502,45.7463,45.0655,45.49,1356940
2014-08-13,46.7634,46.7634,45.482,46.395,1909449
2014-08-14,46.2348,47.0037,46.1788,46.7634,1951706
2014-08-15,47.1318,47.252,46.581,47.0517,2364372
2014-08-18,47.3,47.6043,47.1318,47.4281,1444445
2014-08-19,47.34,47.8366,47.332,47.7245,1504962
2014-08-20,47.7165,48.181,47.6684,47.9167,1445489
2014-08-21,48.0368,48.4453,47.8446,48.3972,1447220
2014-08-22,48.4453,48.6455,48.237,48.3452,1226446
2014-08-25,48.5173,48.9578,48.4212,48.8217,1364532
2014-08-26,48.7576,48.9819,48.4613,48.5814,1478251
2014-08-27,48.5574,49.3182,48.5574,48.9979,1943466
2014-08-28,48.9658,49.8068,48.7576,49.7267,2015676
2014-08-29,49.8468,50.4154,49.5665,50.1191,1776001
2014-09-02,50.3754,50.6717,49.0219,49.5104,3370603
2014-09-03,49.5745,49.7107,49.1701,49.4143,2745949
2014-09-04,49.4143,49.5184,48.5574,48.8217,2902193
2014-09-05,48.6855,49.15,48.4773,49.11,1941673
2014-09-08,50.3112,50.3112,48.8537,49.086,1292170
2014-09-09,48.9979,49.3903,48.6855,48.7176,2127785
2014-09-10,50.2232,50.2232,48.5654,49.0619,1431807
2014-09-11,48.9098,49.094,47.9888,48.7496,2470663
2014-09-12,49.142,49.4143,47.9888,48.8617,4207387
2014-09-15,48.9738,49.0527,47.0838,47.1238,3891055
2014-09-16,46.9957,47.7405,46.3389,47.4482,4147074
2014-09-17,47.3801,47.5883,46.6273,47.2359,4075102
2014-09-18,47.26,48.0328,47.1799,47.8846,2959001
2014-09-19,47.9727,48.0128,46.6833,46.6993,4674361
2014-09-22,46.371,46.8035,45.8784,46.1307,2419172
2014-09-23,46.1147,46.2589,45.442,45.482,2655618
2014-09-24,45.6502,46.1387,45.2097,46.0026,2203871
2014-09-25,45.9305,46.0586,44.8173,45.0535,2493561
2014-09-26,45.1056,45.7623,44.9935,45.466,1591829
2014-09-29,45.0335,45.8985,44.6731,45.8504,2122807
2014-09-30,45.8184,46.2829,45.438,45.8664,2312168
2014-10-01,45.6982,45.8504,43.9123,44.1125,4000859
2014-10-02,44.2326,44.6571,43.5519,44.4649,2314258
2014-10-03,44.6891,45.434,44.569,44.9134,2388552
2014-10-06,45.2097,45.5701,44.601,44.9774,2909856
2014-10-07,44.6331,45.1376,44.2166,44.2486,2731585
2014-10-08,44.2486,45.7463,43.5519,45.6982,3948682
2014-10-09,45.466,46.0026,44.9134,45.0335,3328134
2014-10-10,45.1216,45.514,43.9683,44.0004,4447533
2014-10-13,43.0714,43.656,42.2625,42.4306,4587430
2014-10-14,42.8391,43.0954,41.9639,42.0943,3612625
2014-10-15,41.1813,42.2465,40.3964,41.6138,5456062
2014-10-16,40.9891,42.2384,40.901,41.9501,3183967
2014-10-17,42.3345,42.9352,42.0783,42.4066,2022747
2014-10-20,42.0062,43.1675,41.9742,43.1274,2290265
2014-10-21,43.5599,44.2727,43.2956,44.2166,2052779
2014-10-22,44.2727,44.4889,43.3837,43.4678,1876006
2014-10-23,44.6571,45.458,44.4248,45.2618,3630152
2014-10-24,45.442,46.8996,45.1376,46.7394,4484269
2014-10-27,46.2108,47.6364,45.8104,47.0437,3252698
2014-10-28,46.6673,47.779,46.6673,47.6284,3043851
2014-10-29,47.7004,48.5494,47.3881,48.237,2953989
2014-10-30,47.2039,48.4292,47.1719,48.173,3182983
2014-10-31,48.9899,50.3393,48.8537,50.3193,5945952
2014-11-03,50.3994,51.9611,50.2232,51.3925,4963393
2014-11-04,51.0722,52.0572,51.0722,51.1683,4683649
2014-11-05,51.2644,51.4848,50.5996,51.0521,2614378
2014-11-06,51.1854,51.355,50.2323,50.5069,3840043
2014-11-07,50.4342,50.8219,49.4407,49.7234,3931473
2014-11-10,49.7719,50.099,49.6749,49.893,2192519
2014-11-11,50.0546,50.0707,49.6265,49.9253,1844956
2014-11-12,49.8769,50.5554,49.7396,50.3373,1884198
2014-11-13,50.3373,50.5715,49.8123,50.1677,1251531
2014-11-14,50.0788,50.9188,50.0303,50.7815,1745549
2014-11-17,50.5392,51.9527,50.3615,51.6862,3398025
2014-11-18,51.7993,52.502,51.7266,52.2193,2853050
2014-11-19,52.0416,52.2758,51.5408,52.195,2045757
2014-11-20,51.9366,52.9462,51.7831,52.9382,2288777
2014-11-21,53.7297,53.7297,52.292,52.4535,4190785
2014-11-24,52.7685,53.657,52.5424,53.3339,1986384
2014-11-25,53.3259,53.6934,53.0351,53.3016,2256404
2014-11-26,53.3662,53.5359,52.7524,53.1885,1670306
2014-11-28,53.7216,53.859,53.0351,53.3986,1183768
2014-12-01,53.1562,53.7055,52.6797,53.2653,2573237
2014-12-02,53.5116,54.8201,53.0674,54.5536,3081461
2014-12-03,54.287,54.5455,53.1562,53.9963,4078053
2014-12-04,54.0367,54.2473,53.1885,53.3824,2170420
2014-12-05,53.7459,53.7943,52.9058,53.6328,2747635
2014-12-08,53.4874,54.0124,53.0111,53.5036,1827567
2014-12-09,52.6797,53.4955,52.1789,53.1158,3073991
2014-12-10,52.9543,53.3662,52.5828,52.6797,2262380
2014-12-11,52.9705,53.4632,52.5989,52.9058,2172578
2014-12-12,52.5666,52.6958,51.6458,51.7266,2243092
2014-12-15,52.2435,52.3808,50.9996,51.46,2128098
2014-12-16,51.2096,52.4535,50.7815,51.1046,1938007
2014-12-17,51.1208,52.6393,51.0723,52.5101,2533511
2014-12-18,53.447,54.6101,53.3016,54.6101,3218920
2014-12-19,54.5617,55.9913,54.5617,55.2482,4496752
2014-12-22,55.0867,55.5309,54.9316,55.434,1771750
2014-12-23,55.846,56.056,55.2967,55.4502,1470114
2014-12-24,55.6844,55.9348,55.2321,55.5875,1178968
2014-12-26,55.5713,55.7248,55.329,55.539,729689
2014-12-29,55.4017,55.6844,54.7151,55.0786,2054245
2014-12-30,54.9413,55.0302,54.3194,54.3194,1725508
2014-12-31,54.5778,54.7232,53.6166,53.7136,1756742
2015-01-02,53.8509,54.287,52.9058,53.3259,2397288
2015-01-05,53.1966,53.7136,52.6554,53.0432,2269690
2015-01-06,53.2289,53.237,51.3792,51.5812,3425771
2015-01-07,51.7831,52.3404,51.0319,51.9123,1886459
2015-01-08,52.502,53.447,52.1062,52.8493,3472521
2015-01-09,53.1078,54.0932,52.8816,53.6691,2545932
2015-01-12,53.5116,53.6732,52.3081,52.5343,2133077
2015-01-13,53.0593,54.0447,51.7993,52.3,2144094
2015-01-14,51.872,52.2839,51.3792,52.1708,1926975
2015-01-15,52.187,52.4697,50.1601,50.305,3552234
2015-01-16,50.3696,51.3146,49.885,51.2177,2500286
2015-01-20,51.3954,51.6781,50.3534,50.9835,1778126
2015-01-21,50.6523,51.4116,50.4019,51.1208,1724004
2015-01-22,51.0077,52.0658,50.3373,51.6458,3563261
2015-01-23,51.8154,52.0335,51.2662,51.6781,2594249
2015-01-26,47.591,48.6572,45.6517,47.7041,15325550
2015-01-27,47.6556,47.6556,45.6363,46.0927,8078021
2015-01-28,46.9125,47.4699,46.4279,46.4683,7678240
2015-01-29,46.1533,47.6314,46.0402,47.4133,5045957
2015-01-30,47.066,47.4052,45.4829,45.5879,5504545
2015-02-02,45.6444,46.7995,45.1396,46.6864,5027870
2015-02-03,46.7752,47.9626,46.7348,47.8576,4239014
2015-02-04,47.6395,48.8349,47.6395,48.4068,4049131
2015-02-05,48.5603,49.0288,48.2937,48.7945,2189466
2015-02-06,48.9412,49.9192,48.7375,48.8516,4216359
2015-02-09,48.5093,49.5117,48.0855,49.2265,3563914
2015-02-10,49.2591,49.8459,48.5011,49.0635,3419197
2015-02-11,49.1205,49.8133,48.8434,49.5525,3024752
2015-02-12,49.9926,50.2942,49.6014,49.8459,1830038
2015-02-13,50.392,51.0277,50.1148,50.396,2566191
2015-02-17,50.2289,50.3675,49.5443,49.8377,2318293
2015-02-18,49.7644,50.017,49.2591,49.8622,2173743
2015-02-19,49.6584,50.1719,49.6584,50.0904,1291282
2015-02-20,50.066,50.6935,49.6095,50.6772,1746926
2015-02-23,50.7913,50.881,50.286,50.5224,1555459
2015-02-24,50.3105,50.4246,48.9005,49.471,3580870
2015-02-25,48.9412,49.0879,48.5174,48.9168,3269699
2015-02-26,49.0146,49.6095,49.0064,49.4547,2406039
2015-02-27,49.3161,49.8622,49.039,49.8133,2752338
2015-03-02,49.8866,51.6634,49.7318,50.1719,4083604
2015-03-03,49.145,49.3026,47.1156,47.9388,6556271
2015-03-04,47.6617,47.6678,46.6429,47.3357,4209545
2015-03-05,47.3683,47.8817,46.7815,47.625,3474465
2015-03-06,47.3601,47.6698,46.2517,46.374,3771724
2015-03-09,46.3984,47.1645,46.3088,46.4392,3283423
2015-03-10,46.1865,46.2925,44.149,44.3446,6728398
2015-03-11,44.3283,44.6054,43.6029,44.3038,4559568
2015-03-12,43.0406,44.9314,42.8287,44.4465,5734434
2015-03-13,44.206,44.532,43.0487,43.8148,4054648
2015-03-16,44.6624,44.8091,43.986,44.695,4261713
2015-03-17,44.3853,44.4913,43.7252,43.7374,3299182
2015-03-18,44.5402,45.4367,43.9208,45.07,4951949
2015-03-19,45.07,45.5427,45.07,45.4,2471163
2015-03-20,45.7709,46.211,45.396,46.0561,4848739
2015-03-23,46.0561,46.5533,45.3226,45.5182,2651627
2015-03-24,45.2656,45.7391,45.0333,45.0903,2842351
2015-03-25,45.1922,45.5019,43.554,43.6926,4358270
2015-03-26,42.7879,44.2223,42.4782,43.6233,4253925
2015-03-27,43.7985,43.9371,42.8531,42.9998,2938036
2015-03-30,43.3829,43.4807,42.8124,43.2606,2209431
2015-03-31,42.9346,42.9346,42.1685,42.4049,3776822
2015-04-01,42.4212,42.6453,41.6062,42.2093,3640921
2015-04-02,42.03,43.228,41.8283,42.7472,3695871
2015-04-06,42.4212,43.1954,42.3804,42.9835,2444939
2015-04-07,43.171,44.0919,43.1465,43.8067,3338936
2015-04-08,43.88,44.2549,43.2525,43.4481,4025892
2015-04-09,43.0976,44.6706,43.0976,44.5728,3384013
2015-04-10,44.4831,45.6323,44.4668,45.2982,3725765
2015-04-13,45.2819,45.7872,45.1025,45.1596,1938744
2015-04-14,45.616,45.8035,45.0129,45.453,2710605
2015-04-15,45.8605,46.4881,45.8442,46.1865,3736967
2015-04-16,45.722,46.0887,45.1922,45.6079,4461663
2015-04-17,45.7709,47.735,45.6894,46.8059,9537530
2015-04-20,47.2705,48.4767,47.0341,48.1955,4910500
2015-04-21,48.5826,48.5826,47.2053,47.6046,3509829
2015-04-22,47.352,47.6454,47.1319,47.4579,2271266
2015-04-23,47.841,48.4033,47.4416,47.8817,2750245
2015-04-24,48.0529,48.1099,47.189,47.5476,2455528
2015-04-27,47.5557,47.6698,47.026,47.2012,2214774
2015-04-28,47.2949,48.1425,46.8793,48.0855,3685895
2015-04-29,47.5838,48.2253,46.6214,47.847,3996556
2015-04-30,47.4933,48.5955,47.4908,48.2994,3902566
2015-05-01,48.5132,49.4262,48.4063,49.0479,3432463
2015-05-04,48.9903,49.2371,48.3117,48.7024,2074529
2015-05-05,48.2665,48.5132,47.1231,47.4604,4170449
2015-05-06,47.6084,47.666,45.7613,46.3006,3500329
2015-05-07,46.4404,46.9257,46.1361,46.4158,2291155
2015-05-08,46.8023,47.263,46.5391,47.0779,2413513
2015-05-11,47.1807,47.2712,46.6214,46.6872,1761251
2015-05-12,46.2759,46.572,45.728,46.1937,1586349
2015-05-13,46.6954,47.156,46.4651,46.5474,1653699
2015-05-14,46.8599,47.337,46.6708,47.2383,1518464
2015-05-15,47.4357,47.6084,46.7612,46.7941,2299902
2015-05-18,46.6214,47.0491,46.5227,46.8023,1789087
2015-05-19,46.8023,46.8681,44.7131,45.3629,6521731
2015-05-20,45.2148,45.5932,44.7871,44.9105,3153521
2015-05-21,44.7707,45.7413,44.6637,45.5439,2886103
2015-05-22,45.585,46.0703,45.404,45.8893,1745075
2015-05-26,45.6343,45.7906,44.7213,44.9023,2748297
2015-05-27,45.0339,45.8729,44.9352,45.5192,2282227
2015-05-28,45.7495,46.8352,45.7495,46.3623,3727655
2015-05-29,46.3664,46.3911,45.4534,45.7659,2710977
2015-06-01,45.8482,45.9222,45.2066,45.404,2414645
2015-06-02,45.4781,45.8647,45.1984,45.4781,2611339
2015-06-03,45.6672,46.1608,45.5356,45.7865,1805386
2015-06-04,45.7577,45.7742,44.6637,44.8612,3307696
2015-06-05,44.6144,44.8612,44.236,44.7707,2500999
2015-06-08,44.6391,44.6991,43.323,43.6274,3769495
2015-06-09,43.7343,43.7672,42.9611,43.2819,4191511
2015-06-10,43.6603,44.343,43.397,44.0797,3034837
2015-06-11,44.2772,44.8283,44.0139,44.6637,2895601
2015-06-12,44.343,44.672,43.9317,44.0468,2264718
2015-06-15,43.7754,44.2278,43.4053,43.8988,3213553
2015-06-16,43.759,44.0222,43.6357,43.759,2639326
2015-06-17,43.7425,44.162,43.4135,43.7425,2008208
2015-06-18,43.833,44.5938,43.6109,44.5321,2252282
2015-06-19,44.4417,44.5485,43.8001,43.8823,4805262
2015-06-22,44.162,44.417,43.8659,44.3059,1853504
2015-06-23,44.2525,44.4088,42.8459,43.0105,5030408
2015-06-24,42.994,43.175,42.4676,42.7472,3168370
2015-06-25,42.7061,42.7061,41.4312,41.6944,5463677
2015-06-26,41.1268,41.9412,40.7238,41.1762,6308500
2015-06-29,40.2796,41.1268,39.9942,40.3208,6360392
2015-06-30,40.7896,40.7896,39.0047,39.0705,7949630
2015-07-01,39.3748,39.5722,38.5276,39.1281,5135602
2015-07-02,39.3255,40.148,39.1939,39.6051,4713708
2015-07-06,39.054,39.2186,38.4207,38.6757,4603798
2015-07-07,38.6921,39.4571,37.6064,39.3337,6126808
2015-07-08,39.1034,39.1774,37.8819,38.1657,4723196
2015-07-09,38.7662,38.8895,37.8696,37.8696,2672212
2015-07-10,38.2973,38.4042,37.4748,37.7956,3490027
2015-07-13,37.2116,38.5605,36.57,38.067,8885270
2015-07-14,38.3549,39.4653,38.2644,39.161,6536999
2015-07-15,39.3502,39.893,38.6921,38.906,5312935
2015-07-16,38.9553,39.7614,38.9471,39.3995,4873674
2015-07-17,39.3995,40.0164,38.9142,39.6051,6084817
2015-07-20,39.6874,39.6874,38.6675,39.2597,5942736
2015-07-21,39.2761,39.9835,39.2432,39.5722,3694112
2015-07-22,39.4653,40.4688,38.8566,40.3537,7763628
2015-07-23,38.9307,40.4688,38.4659,39.49,8724208
2015-07-24,39.6298,39.6792,38.5112,38.9224,5298906
2015-07-27,38.7744,39.6709,38.3631,39.4077,4880490
2015-07-28,39.564,40.2879,39.3008,40.1974,4486644
2015-07-29,40.0987,40.7896,39.745,40.6498,4949458
2015-07-30,41.4394,42.5827,41.3078,42.1879,7974309
2015-07-31,42.0234,43.4957,41.2173,41.6204,8155345
2015-08-03,41.7766,42.5169,41.6286,42.3277,4790610
2015-08-04,42.1468,42.638,41.8095,42.2702,4558708
2015-08-05,42.2948,42.8459,41.9083,42.6568,5240028
2015-08-06,42.7472,43.1667,42.1632,42.2126,3895765
2015-08-07,42.196,42.3955,41.107,41.1402,5325452
2015-08-10,41.4727,42.5617,41.215,42.5118,2976847
2015-08-11,42.196,42.4911,41.7969,42.4038,3671679
2015-08-12,42.0463,42.9607,41.373,42.9109,4264220
2015-08-13,42.6864,43.0106,42.4786,42.703,3723586
2015-08-14,42.5118,43.5177,42.4911,43.2434,3812951
2015-08-17,42.7197,43.7172,42.5368,43.6008,3767023
2015-08-18,43.3265,43.6923,42.6698,43.2683,4400046
2015-08-19,42.9275,43.0937,41.0654,41.0903,6785545
2015-08-20,40.5417,41.2067,40.1427,40.4419,6015398
2015-08-21,40.072,41.9383,39.9598,40.5001,7832848
2015-08-24,37.998,41.506,37.9315,39.5857,7211437
2015-08-25,40.5999,40.9864,38.4635,38.5134,6053305
2015-08-26,39.5525,40.2424,38.3388,39.8102,4102494
2015-08-27,40.4918,41.8884,40.3173,41.5974,3585237
2015-08-28,41.7055,42.6116,41.5143,42.1295,3679964
2015-08-31,41.9632,42.8528,41.6057,42.728,3734441
2015-09-01,41.7637,43.3265,41.6806,42.0629,5924779
2015-09-02,42.1544,42.7862,40.6415,41.373,7750475
2015-09-03,41.1984,42.0546,40.5251,41.1402,4643968
2015-09-04,40.6913,41.3979,39.86,40.0762,3508676
2015-09-08,40.7412,41.2899,40.417,41.24,3284753
2015-09-09,41.7471,42.3206,41.2067,41.6473,4068257
2015-09-10,40.8077,41.6224,40.0729,40.9158,4473874
2015-09-11,40.5251,41.0155,40.3339,40.683,4339404
2015-09-14,40.6664,40.7246,39.9961,40.1759,3049669
2015-09-15,40.2923,40.5084,39.9099,40.4087,3272578
2015-09-16,40.5334,41.1652,40.3089,40.8576,2668045
2015-09-17,40.4586,40.5583,39.619,39.7021,3745179
2015-09-18,39.2865,39.4777,37.5906,37.9481,10100390
2015-09-21,38.0312,38.7129,37.84,38.4053,3183260
2015-09-22,37.7652,37.9647,36.1608,36.4019,4132026
2015-09-23,36.6347,36.909,35.7119,36.2024,3589305
2015-09-24,35.8117,36.9506,35.3628,36.6596,3904342
2015-09-25,36.7677,36.909,35.2714,35.6538,3802735
2015-09-28,35.5374,35.5374,34.6562,34.9721,4796038
2015-09-29,34.9887,35.9115,34.5689,34.731,5109329
2015-09-30,37.0004,38.2224,36.0777,37.2415,9312437
2015-10-01,37.2498,37.2831,35.2173,35.6288,6315633
2015-10-02,35.1799,35.9281,34.9222,35.8948,4368352
2015-10-05,36.3105,37.8816,36.1276,37.2748,4959227
2015-10-06,37.2332,38.6755,37.1251,38.4053,4135211
2015-10-07,38.9373,39.8434,38.4884,39.3114,3561291
2015-10-08,39.4195,40.3838,39.2698,40.1759,2963174
2015-10-09,40.2424,41.1485,40.0596,40.7578,5099219
2015-10-12,40.974,40.974,40.0429,40.7495,2097786
2015-10-13,40.6913,41.0903,40.3671,40.417,2807987
2015-10-14,40.2507,40.949,39.5192,39.7354,4271390
2015-10-15,35.1467,36.7095,33.6836,34.4484,21466733
2015-10-16,34.3071,34.3819,32.1208,32.8856,13945625
2015-10-19,32.5863,32.9438,31.9462,32.2122,6879506
2015-10-20,32.0377,32.3702,31.3643,32.021,9698655
2015-10-21,31.6636,32.8357,30.5945,30.8656,6890386
2015-10-22,31.2479,32.8024,31.1066,32.6196,8104922
2015-10-23,32.9188,34.7726,32.6445,34.2073,6726635
2015-10-26,34.1076,34.4401,32.445,32.8773,5303253
2015-10-27,32.6445,32.9438,32.3536,32.5863,2525878
2015-10-28,32.7193,32.8773,32.021,32.7027,4387582
2015-10-29,32.6362,32.6362,31.3976,31.6387,6953949
2015-10-30,32.5281,33.002,30.8739,31.6387,6977116
2015-11-02,31.3893,32.5448,31.0069,32.3203,4854380
2015-11-03,32.3203,34.0078,32.2206,33.5589,5302382
2015-11-04,33.4323,33.7827,32.5034,32.7736,4586594
2015-11-05,32.7145,33.1874,32.4527,32.8242,2826877
2015-11-06,32.7736,32.9931,32.2585,32.7736,2809695
2015-11-09,32.7905,32.9171,32.0811,32.326,2892200
2015-11-10,31.946,32.3007,30.6118,30.8566,4946522
2015-11-11,31.0424,31.0931,29.5731,30.502,6378715
2015-11-12,30.2233,30.426,28.7666,28.7793,8054764
2015-11-13,28.6948,28.7793,27.3437,27.9264,7420943
2015-11-16,27.9264,29.1508,27.9264,28.9608,4095416
2015-11-17,28.9904,29.3366,28.4964,28.6104,3164425
2015-11-18,28.5682,29.2691,28.5682,29.0326,2829631
2015-11-19,29.4802,29.7166,28.7793,28.9482,3392833
2015-11-20,29.1339,29.4194,28.661,29.0579,3102820
2015-11-23,29.1508,29.7251,29.0326,29.3028,4500375
2015-11-24,29.0833,29.1508,28.5935,28.9397,3089188
2015-11-25,28.7962,29.4295,28.4837,29.1931,2394553
2015-11-27,29.1424,29.3873,28.9228,29.2353,912391
2015-11-30,29.9446,30.3761,29.3113,30.35,6184182
2015-12-01,30.5273,30.9242,30.122,30.8313,4035635
2015-12-02,30.5611,30.7046,29.0157,29.1677,5145467
2015-12-03,29.3535,29.4802,28.2642,28.5175,4557994
2015-12-04,28.4668,29.2606,28.205,29.0917,4357658
2015-12-07,29.0917,29.7504,28.7539,29.6406,3640685
2015-12-08,29.3788,30.0375,29.0748,29.9193,3800093
2015-12-09,29.6997,30.806,29.5984,30.1642,3649644
2015-12-10,30.1811,30.8229,29.9784,30.5864,4904580
2015-12-11,30.0882,30.8735,29.0579,30.3838,5420086
2015-12-14,30.4344,30.5406,28.205,28.433,5003288
2015-12-15,28.6357,29.5731,28.5006,28.9228,4141550
2015-12-16,29.2099,29.5477,28.7708,29.3704,3919845
2015-12-17,29.4886,29.5562,28.2473,28.6442,4021828
2015-12-18,28.4584,29.2961,28.2937,28.7962,6627290
2015-12-21,28.9566,29.5393,28.8384,29.3028,2476171
2015-12-22,29.1931,30.0544,28.8384,29.9362,2926922
2015-12-23,30.1051,31.4562,29.9446,30.9242,3805539
2015-12-24,30.806,31.4647,30.7975,30.9495,1818521
2015-12-28,31.0087,31.3971,30.6202,31.0255,2365984
2015-12-29,31.2789,31.6167,31.0593,31.3718,3351273
2015-12-30,31.2451,32.0389,31.2451,31.3971,2704088
2015-12-31,31.2535,31.5404,30.9073,30.958,2391683
2016-01-04,30.426,30.7638,29.6491,30.6286,4653163
2016-01-05,30.8229,31.1438,30.3331,30.6793,3092673
2016-01-06,30.1051,30.3331,28.9904,29.3451,4120910
2016-01-07,28.7539,29.3957,28.5048,29.1677,5974801
2016-01-08,29.0326,29.1593,27.1579,27.4788,9802283
2016-01-11,27.9686,27.9686,25.8828,26.4739,7835025
2016-01-12,26.7863,26.9721,25.6843,26.6597,6089973
2016-01-13,26.6766,27.4028,26.1361,26.2374,4733959
2016-01-14,26.3388,27.3859,25.7139,27.1157,5229934
2016-01-15,25.7392,26.3809,25.2579,26.0854,8660078
2016-01-19,26.5668,26.7948,24.8187,25.1903,5466911
2016-01-20,24.6499,24.9116,23.4296,24.6752,6750525
2016-01-21,24.8694,24.8863,23.1467,23.2734,10447097
2016-01-22,23.8476,24.0731,22.8258,23.5858,8350589
2016-01-25,23.3156,23.3832,22.2516,22.2938,6461757
2016-01-26,22.3782,23.7632,22.3782,23.4254,5956766
2016-01-27,23.1383,23.5774,22.5725,22.7751,4982523
2016-01-28,22.944,23.0285,22.1671,22.5936,8695489
2016-01-29,24.5063,25.4605,23.6872,24.5316,12430968
2016-02-01,24.5401,26.1192,24.1516,25.6801,7997413
2016-02-02,25.089,26.001,23.8729,24.1601,6713418
2016-02-03,25.4859,26.457,25.1396,25.773,9232946
2016-02-04,25.8152,28.3908,25.8068,27.1832,11677257
2016-02-05,26.9937,27.4812,26.2702,27.2091,7819035
2016-02-08,26.6234,26.9507,25.5683,26.1496,4843070
2016-02-09,25.8137,26.0205,24.9317,25.3314,5722036
2016-02-10,25.607,26.4942,25.5467,26.0032,5512398
2016-02-11,25.3917,25.6673,24.6682,25.0041,5989364
2016-02-12,25.4175,25.7793,24.5562,25.7362,4263013
2016-02-16,25.9946,27.1574,25.7104,26.9851,4966436
2016-02-17,27.1402,27.9067,27.0626,27.5364,5097286
2016-02-18,27.4158,28.9834,27.166,28.5183,5550176
2016-02-19,27.9412,28.191,26.7181,26.9937,4411569
2016-02-22,27.545,28.0273,27.1875,27.7603,4554540
2016-02-23,27.5967,27.6139,26.4037,26.4769,4239142
2016-02-24,26.1583,26.9162,25.1764,26.7698,4672602
2016-02-25,26.7095,26.7095,25.6673,26.632,3040417
2016-02-26,26.9765,27.6742,26.7956,27.2952,3486365
2016-02-29,27.2521,27.5536,26.9162,27.011,3555786
2016-03-01,27.3899,29.1643,27.2608,28.6216,6654074
2016-03-02,28.6647,29.4399,28.2685,29.2246,4881432
2016-03-03,29.0609,30.2022,29.0178,29.9308,4239905
2016-03-04,30.0773,30.7146,29.6509,29.7413,5198404
2016-03-07,29.483,31.2056,29.0867,30.5596,5140266
2016-03-08,30.3529,30.4821,29.3968,29.4916,5744052
2016-03-09,29.5949,30.2495,29.1987,29.4657,4586116
2016-03-10,29.5691,30.3443,29.259,30.1031,4281483
2016-03-11,30.7146,31.1625,30.3615,31.1539,3333055
2016-03-14,30.7491,30.9989,29.6724,30.4562,6751596
2016-03-15,30.4476,30.5768,29.2073,29.8189,3614508
2016-03-16,29.5174,30.1031,29.1126,29.7069,4212726
2016-03-17,29.8705,30.6199,29.6724,30.0859,4231929
2016-03-18,30.2926,31.8602,30.1117,31.4984,11672878
2016-03-21,31.3176,31.8257,31.0592,31.4726,2886796
2016-03-22,31.2745,32.2564,31.0936,31.9033,4086212
2016-03-23,31.6276,31.6965,29.9308,29.9739,4559847
2016-03-24,29.793,29.8878,27.9067,28.6216,8569957
2016-03-28,28.992,29.2762,28.6389,28.8886,3925239
2016-03-29,28.6044,29.2246,27.9756,29.1126,3537127
2016-03-30,29.3107,29.7758,28.8973,29.4313,3719870
2016-03-31,29.2676,29.8275,29.1858,29.6724,2741179
2016-04-01,29.1987,29.3882,28.7164,29.0178,4556119
2016-04-04,29.0006,29.147,28.6216,28.8973,2313276
2016-04-05,28.6561,28.7681,28.1221,28.3029,3464262
2016-04-06,28.3029,29.0437,27.5708,29.0437,3525959
2016-04-07,28.6819,28.9403,28.1221,28.5183,3182953
2016-04-08,28.7594,29.3882,28.4924,28.6216,2972935
2016-04-11,29.5863,30.8266,29.4657,30.1289,7545207
2016-04-12,30.0945,30.3028,29.3107,30.1806,4681494
2016-04-13,29.9136,30.2581,29.1557,29.2246,7300240
2016-04-14,25.5553,25.7104,23.1932,23.3504,48458893
2016-04-15,23.2298,23.3624,21.9981,22.0412,19415584
2016-04-18,21.9722,22.6269,21.6536,22.2048,10781341
2016-04-19,22.2565,22.4977,21.688,21.8172,8957061
2016-04-20,21.9033,22.3986,21.7225,22.1101,8669477
2016-04-21,22.1704,22.3585,21.7311,21.9033,8587531
2016-04-22,21.9464,22.1704,21.5416,21.8086,7220696
2016-04-25,21.8172,22.7216,21.7569,22.6441,7857818
2016-04-26,22.8594,23.3417,22.7733,23.2556,7447623
2016-04-27,23.2556,23.5915,22.825,23.5485,7210194
2016-04-28,23.3762,23.7595,23.0704,23.1695,7380376
2016-04-29,22.5407,22.5838,18.6131,18.7509,24443229
2016-05-02,18.2083,18.2255,17.4073,17.6398,18806328
2016-05-03,17.5537,17.6312,16.6235,16.744,13705544
2016-05-04,17.0627,17.6398,17.0111,17.3556,11708656
2016-05-05,17.3986,17.5838,17.1359,17.235,7901683
2016-05-06,17.1994,17.2528,16.7281,16.9593,8456851
2016-05-09,17.0038,17.1511,16.6391,16.7725,8927236
2016-05-10,16.6747,17.235,16.5324,17.1194,6100978
2016-05-11,17.0749,17.2972,16.6191,16.648,5394182
2016-05-12,16.7725,16.7814,16.3813,16.7103,10122373
2016-05-13,16.648,17.315,16.568,16.9771,6507449
2016-05-16,16.9682,17.2172,16.8793,17.0393,7248818
2016-05-17,16.9237,18.0176,16.9237,17.4618,7165853
2016-05-18,17.4129,18.2666,17.404,17.9998,7862382
2016-05-19,17.9198,18.2844,17.7953,18.2488,8915783
2016-05-20,18.2666,18.6045,18.0443,18.151,7198506
2016-05-23,18.3644,18.7424,18.151,18.4978,4304164
2016-05-24,18.7379,18.7646,18.3911,18.569,4871529
2016-05-25,18.8713,19.3516,18.8536,19.1026,6824290
2016-05-26,19.0581,19.2626,18.818,19.1648,5244304
2016-05-27,19.1381,19.5205,18.8713,19.2626,4165899
2016-05-31,19.3783,20.0986,19.2093,20.063,8221701
2016-06-01,19.8229,20.5077,19.6005,20.4632,6727601
2016-06-02,20.6767,21.1747,20.5477,21.1213,8292347
2016-06-03,21.0591,21.2547,20.7389,21.0235,7702280
2016-06-06,20.979,21.3259,20.9612,21.2458,4050709
2016-06-07,21.3081,22.0489,21.2903,21.9217,5741136
2016-06-08,22.0106,22.144,21.3881,21.566,7107775
2016-06-09,21.4059,21.5473,21.0235,21.4681,6315259
2016-06-10,21.1569,21.2814,20.5522,20.5788,5599269
2016-06-13,20.5522,20.8545,20.152,20.1697,5400295
2016-06-14,20.0452,20.5272,19.8319,20.2409,4012295
2016-06-15,20.3832,20.6944,20.063,20.2009,4369937
2016-06-16,20.1075,20.1875,19.6273,20.1786,4273259
2016-06-17,20.2854,20.7745,20.2053,20.65,7652428
2016-06-20,20.9257,21.3314,20.7211,20.8367,4353930
2016-06-21,20.7923,21.2725,20.6322,21.2191,3550523
2016-06-22,21.2191,21.5571,21.1391,21.228,3949339
2016-06-23,21.4859,21.9484,21.4415,21.7705,4714601
2016-06-24,20.8189,21.2725,20.4632,20.5966,6496845
2016-06-27,20.4543,20.5166,18.4667,18.5601,6675247
2016-06-28,19.1026,20.0986,19.0536,20.0363,6165136
2016-06-29,20.6678,21.397,20.3743,21.2992,8996995
2016-06-30,21.1658,21.6727,20.6322,21.6638,8335366
2016-07-01,21.5304,21.5304,21.2814,21.3703,4944421
2016-07-05,21.148,21.1658,20.3565,20.5966,3784992
2016-07-06,19.8763,21.0235,19.645,20.9168,6386761
2016-07-07,21.3614,21.646,20.9079,21.1035,7494165
2016-07-08,21.5215,21.5304,20.9079,21.3525,6370427
2016-07-11,21.4681,21.6371,21.2903,21.4237,5236863
2016-07-12,24.4385,26.2705,24.4296,26.1015,29492343
2016-07-13,26.1015,26.813,25.7636,26.5284,10546628
2016-07-14,26.7062,26.9375,25.8258,25.9592,7786522
2016-07-15,26.146,26.1726,25.1677,25.7013,6444387
2016-07-18,25.9681,27.0975,25.7902,26.813,7112983
2016-07-19,26.9908,27.1687,26.4172,26.6707,3351584
2016-07-20,26.7062,27.1242,26.4216,27.1242,3760916
2016-07-21,27.1064,28.058,27.0353,27.7645,7436719
2016-07-22,27.9068,28.2448,27.6222,28.0847,4602621
2016-07-25,28.1202,28.307,27.8357,27.9602,4319300
2016-07-26,27.8179,28.8762,27.5689,28.8584,4435535
2016-07-27,28.9295,29.3786,28.2803,28.5027,4490376
2016-07-28,28.5204,29.0185,28.2448,28.9918,4133094
2016-07-29,28.5382,28.8228,27.8038,28.4849,6415998
2016-08-01,28.4582,28.8495,28.2803,28.8406,7349615
2016-08-02,29.6143,30.0145,26.9197,27.2576,14366976
2016-08-03,27.2487,27.6578,26.7596,27.3288,6056926
2016-08-04,27.5155,27.9157,27.311,27.8001,4459376
2016-08-05,27.9957,28.8851,27.9957,28.5738,5094903
2016-08-08,28.6627,29.1252,28.6272,29.0007,5216973
2016-08-09,28.9918,29.0362,28.6805,28.894,3238934
2016-08-10,28.9295,29.0185,27.8357,27.9068,4537644
2016-08-11,27.9246,28.4404,27.9246,28.2359,2330737
2016-08-12,28.2448,28.3426,27.8623,28.058,2250186
2016-08-15,28.0758,28.7961,28.0758,28.4582,3627412
2016-08-16,28.4582,29.1252,28.3693,28.8673,3174104
2016-08-17,28.894,28.9117,28.0135,28.2625,3514741
2016-08-18,28.2981,28.894,28.138,28.5204,2352497
2016-08-19,28.3782,29.0985,28.3782,28.7517,2659053
2016-08-22,28.6449,28.7517,27.8801,28.3426,2807031
2016-08-23,28.6183,28.8851,28.4315,28.5649,2565773
2016-08-24,28.5738,28.8139,27.9513,28.0847,2772664
2016-08-25,27.9335,28.6805,27.9335,28.5027,2591551
2016-08-26,28.6627,29.7744,28.6449,29.641,6087210
2016-08-29,29.721,30.2101,29.721,29.9967,3972347
2016-08-30,29.7922,30.3613,29.7922,30.1657,2929512
2016-08-31,29.8811,30.3613,29.6321,30.0056,5297539
2016-09-01,30.0234,30.308,29.6499,29.9789,4149525
2016-09-02,30.0501,30.4592,29.7655,30.1657,2723726
2016-09-06,30.3258,30.7437,30.0723,30.6548,4357244
2016-09-07,31.6242,32.5935,31.3752,32.469,9483771
2016-09-08,32.4423,32.5313,31.8865,32.2912,4738335
2016-09-09,32.7002,33.7585,32.0066,32.0955,7724186
2016-09-12,31.8643,32.6424,31.1795,32.5046,6149656
2016-09-13,32.0599,32.4601,31.5441,32.14,4716852
2016-09-14,32.0955,32.5757,31.5352,32.0777,4074408
2016-09-15,32.1311,32.5846,32.0421,32.4157,4246882
2016-09-16,33.1894,33.1894,32.1133,32.3712,8966569
2016-09-19,32.8327,33.0318,32.1269,32.5341,4950122
2016-09-20,32.7332,32.7694,31.973,32.154,2624883
2016-09-21,32.0364,33.2309,32.0364,33.2038,3641139
2016-09-22,33.2671,33.5748,32.9051,32.9413,2585414
2016-09-23,32.7332,33.3486,32.7332,32.9956,2497642
2016-09-26,32.9142,33.8644,32.7422,33.6653,5411656
2016-09-27,33.5024,34.8689,33.4843,34.7694,6853033
2016-09-28,35.0318,35.3305,34.068,34.5794,4971532
2016-09-29,34.4979,35.1676,33.8588,34.1993,4046487
2016-09-30,34.335,35.154,34.335,34.8871,3839954
2016-10-03,34.8961,35.5929,34.5703,34.7604,3671026
2016-10-04,34.9413,35.2852,34.4346,34.6065,3593579
2016-10-05,34.7423,35.2128,34.4165,34.878,2679674
2016-10-06,34.5794,34.6699,33.9097,34.2174,4165294
2016-10-07,34.326,34.6183,34.0102,34.2898,3340221
2016-10-10,34.516,34.8961,34.0816,34.3622,4466576
2016-10-11,34.5884,34.5884,31.5205,31.7649,14457875
2016-10-12,32.1359,32.5793,31.8101,31.8825,5153129
2016-10-13,31.4572,32.154,30.3886,31.8373,7302333
2016-10-14,32.0002,32.5884,31.6472,31.8192,5413491
2016-10-17,31.8825,32.1902,31.3576,31.6834,4548281
2016-10-18,31.9821,32.2355,31.5115,31.9821,5505109
2016-10-19,31.6291,31.9459,30.3531,31.059,10115441
2016-10-20,31.2128,31.9232,31.1314,31.6563,5159227
2016-10-21,31.4934,31.6744,30.887,31.2219,4484120
2016-10-24,31.4029,31.5115,31.2083,31.24,2949576
2016-10-25,31.7106,31.7106,30.9051,31.0137,4172327
2016-10-26,30.9142,31.7649,30.8599,31.5296,5638805
2016-10-27,31.9911,32.3848,30.9594,30.9866,6846022
2016-10-28,30.9685,31.4933,30.7965,30.9051,3142923
2016-10-31,31.1223,31.3576,31.0137,31.0499,3121404
2016-11-01,31.1042,31.3395,29.9187,30.5069,4147084
2016-11-02,30.4707,30.6336,29.5205,29.5477,5446241
2016-11-03,29.5386,30.1178,29.3667,29.9368,3855880
2016-11-04,29.8282,30.4707,29.6834,29.8644,3641374
2016-11-07,30.3712,31.4934,30.2897,31.3576,4564570
2016-11-08,31.1585,31.4662,30.6427,31.2128,2676833
2016-11-09,30.2264,31.9594,29.4843,31.4572,6166980
2016-11-10,31.6744,33.1495,31.602,32.7332,6204126
2016-11-11,32.4617,33.7739,32.2271,33.7106,4736554
2016-11-14,33.6201,34.7875,33.6201,34.3893,5205752
2016-11-15,34.516,34.9323,34.2174,34.8509,3527102
2016-11-16,34.5432,35.059,34.4527,34.6246,2607373
2016-11-17,34.7513,35.5658,34.7061,35.5024,4720662
2016-11-18,35.4753,35.7287,34.8418,35.5567,2394385
2016-11-21,35.5839,36.1358,35.3938,36.0364,2177737
2016-11-22,36.154,36.2898,35.2128,35.2581,4799845
2016-11-23,35.0047,35.3757,34.7332,35.1314,2805721
2016-11-25,35.2038,35.5115,34.7966,35.3576,1802333
2016-11-28,35.2128,35.7649,34.8644,35.6291,3177685
2016-11-29,35.6653,36.4436,35.5929,35.7468,3996239
2016-11-30,35.8644,36.4346,35.8056,36.2898,3961930
2016-12-01,36.8599,37.0771,34.4165,34.4889,5532711
2016-12-02,34.6608,35.3124,34.4346,35.1766,4144608
2016-12-05,33.8463,35.8644,33.8463,35.4391,3813200
2016-12-06,35.3214,35.7377,35.2943,35.43,3408928
2016-12-07,35.9821,36.5205,35.2038,36.4436,7636382
2016-12-08,36.4617,36.5341,35.421,35.5024,3584324
2016-12-09,35.6563,36.326,33.0318,35.6382,4125494
2016-12-12,35.6291,35.6472,34.7875,35.4481,3836444
2016-12-13,35.4934,37.5154,35.3667,36.9595,5722053
2016-12-14,36.9866,37.0952,36.1993,36.3803,4504900
2016-12-15,36.4979,37.0771,35.8916,36.7423,2927816
2016-12-16,36.9776,36.9866,35.3033,35.3848,8418473
2016-12-19,35.4124,35.9542,35.256,35.6056,4271289
2016-12-20,35.7619,36.1482,35.4124,35.6516,3301296
2016-12-21,35.5136,36.3782,35.5136,35.7895,3136363
2016-12-22,36.1206,36.4564,35.6424,35.8907,3098787
2016-12-23,35.7527,36.0701,35.486,35.9735,2473037
2016-12-27,35.8999,36.3506,35.8723,36.2218,1940042
2016-12-28,36.231,36.3874,35.5734,35.6791,2592751
2016-12-29,35.6791,36.0011,34.796,34.9709,2710850
2016-12-30,35.1181,35.5596,34.9433,35.1089,2897495
2017-01-03,35.3756,36.8841,35.3204,36.4426,5129251
2017-01-04,36.5438,37.0405,35.8079,35.9827,3842717
2017-01-05,35.9367,36.0839,35.4768,35.9183,2890121
2017-01-06,35.9275,36.0563,35.1181,35.4032,4529885
2017-01-09,35.4032,35.6335,34.9709,34.9985,3263995
2017-01-10,35.0445,35.5412,34.557,34.6122,4266857
2017-01-11,34.5846,35.0078,33.3153,33.9131,6268895
2017-01-12,33.8395,33.8823,32.7818,33.8027,3849645
2017-01-13,33.8027,34.3914,33.8027,33.9407,2515820
2017-01-17,34.1615,34.7869,33.8027,34.0511,3291286
2017-01-18,34.1339,34.4742,33.8027,34.2534,2866839
2017-01-19,34.1247,34.3152,33.2325,33.4256,2958673
2017-01-20,33.444,34.0741,33.4026,33.5452,3041380
2017-01-23,33.7292,33.7384,32.6898,33.4532,4955502
2017-01-24,34.8237,34.9525,33.6648,34.4374,8551301
2017-01-25,39.0456,42.9364,38.7789,39.248,46164733
2017-01-26,39.202,41.198,39.202,40.3793,14711949
2017-01-27,40.5357,41.3819,40.1218,40.9312,7679943
2017-01-30,40.8392,41.5843,40.5725,41.2991,6863584
2017-01-31,41.2531,41.5659,40.6829,41.5291,5597625
2017-02-01,41.9522,41.989,40.5173,41.1888,5382069
2017-02-02,40.7381,42.0626,40.7381,41.6395,5447299
2017-02-03,41.6763,42.6375,41.6671,42.5777,5767989
2017-02-06,42.3477,42.6696,41.4647,41.7958,4651821
2017-02-07,41.8326,42.734,41.5199,42.4029,4946803
2017-02-08,41.897,42.3937,41.5199,42.127,4852602
2017-02-09,42.7248,42.8904,42.081,42.6512,3452439
2017-02-10,42.78,42.8628,42.1546,42.734,3658189
2017-02-13,43.1295,44.2241,42.8444,43.9666,5521563
2017-02-14,43.8286,44.2793,43.5711,44.0126,4105112
2017-02-15,44.0861,44.638,43.6906,44.2885,5004179
2017-02-16,44.4265,44.4725,43.5527,43.755,4450836
2017-02-17,43.6078,43.6722,43.1203,43.3595,3270914
2017-02-21,43.6262,43.9022,43.2721,43.6262,3217132
2017-02-22,43.5986,43.6998,43.4055,43.5527,2658385
2017-02-23,43.6906,43.9114,43.2675,43.5894,4064626
2017-02-24,43.2123,43.9206,42.9732,43.9206,3172622
2017-02-27,43.4331,43.9758,43.1295,43.8654,5420598
2017-02-28,43.5986,44.7761,43.5711,44.3253,5592772
2017-03-01,44.7484,45.7142,44.4725,45.5118,4625317
2017-03-02,45.475,45.797,44.5368,44.9967,4130213
2017-03-03,45.0887,45.6682,44.8404,45.0335,3098879
2017-03-06,44.6932,44.9008,44.1505,44.6196,3474135
2017-03-07,44.6564,44.7944,44.1137,44.4081,2285351
2017-03-08,44.3529,44.8358,44.1137,44.2517,2081073
2017-03-09,43.7366,43.9666,41.9246,42.9364,6329496
2017-03-10,43.4331,43.4975,42.8628,43.4883,3527035
2017-03-13,43.5527,43.8838,43.1571,43.755,2949496
2017-03-14,43.4515,43.5573,42.3201,42.9548,3493241
2017-03-15,43.0284,43.4055,42.3201,43.2859,4057235
2017-03-16,43.5067,43.801,43.0468,43.4423,3191636
2017-03-17,43.6538,43.7274,43.0099,43.1111,6829485
2017-03-20,43.1111,43.6193,42.6916,42.962,3441462
2017-03-21,42.9526,43.1018,41.2651,41.4982,4693437
2017-03-22,41.4143,42.0576,40.743,41.9644,4311053
2017-03-23,41.8152,42.3932,41.5262,42.0762,3662901
2017-03-24,43.2976,43.5214,41.8338,42.1788,5278240
2017-03-27,41.6474,42.0483,41.2838,41.8711,3164923
2017-03-28,41.8618,42.3653,41.6101,42.2161,3418152
2017-03-29,42.0949,42.5983,41.5168,42.5797,2608148
2017-03-30,42.4771,44.1788,42.328,43.9316,5955211
2017-03-31,43.7451,43.857,42.8063,42.8221,3387302
2017-04-03,42.5424,42.8874,41.666,42.2347,6306739
2017-04-04,42.1601,42.9713,42.0296,42.8594,2353885
2017-04-05,43.2044,44.0062,42.7755,42.8874,3669945
2017-04-06,43.1205,43.4374,42.5797,43.1205,2958206
2017-04-07,43.1298,43.7917,42.5937,43.6799,3589301
2017-04-10,43.9689,45.0038,43.9409,44.3791,5389126
2017-04-11,45.2182,46.1226,44.3418,45.7683,7672388
2017-04-12,45.6937,45.7683,44.4817,45.069,4226662
2017-04-13,44.8453,45.5166,44.6029,44.9105,3791164
2017-04-17,45.0877,45.4839,44.7241,45.2089,2974408
2017-04-18,44.9292,45.3114,44.5935,45.2555,3322851
2017-04-19,45.2555,45.8615,45.1623,45.2741,2957039
2017-04-20,44.6402,45.3907,44.0248,45.2648,5842421
2017-04-21,45.2369,45.4141,44.6495,44.9944,3359447
2017-04-24,45.759,46.3184,45.4326,46.076,4584579
2017-04-25,46.4396,47.5117,46.1785,47.0922,7791453
2017-04-26,41.5914,41.8245,38.9343,39.1674,34476550
2017-04-27,39.3165,40.0904,38.9576,39.4377,9673220
2017-04-28,39.82,39.8386,38.4122,39.2792,8613105
2017-05-01,39.2326,39.4377,38.9063,39.3259,7376814
2017-05-02,39.3725,39.5869,39.1301,39.5683,6508914
2017-05-03,39.4564,39.8293,39.2326,39.6335,5381411
2017-05-04,39.6988,39.8107,39.4844,39.6988,4947387
2017-05-05,39.475,40.6125,39.2979,40.6032,4885380
2017-05-08,40.6591,40.6684,39.8573,39.9692,3002068
2017-05-09,39.9692,40.1836,39.6149,39.9319,2798045
2017-05-10,39.9971,40.2768,39.8853,40.1929,3493564
2017-05-11,40.0997,40.2489,39.5589,39.6056,5224768
2017-05-12,39.6056,40.1556,39.4098,40.1277,3544703
2017-05-15,40.2395,40.6218,40.081,40.5379,4448747
2017-05-16,40.715,41.074,40.4633,41.0227,4080477
2017-05-17,40.5192,40.6732,39.2699,39.3072,5852820
2017-05-18,39.7734,39.7734,38.8504,39.3911,4102516
2017-05-19,39.5123,39.8853,39.4937,39.6335,3272094
2017-05-22,39.9412,40.2395,39.3631,39.8759,2506213
2017-05-23,40.1836,40.2489,39.5729,39.7454,2702305
2017-05-24,40.137,40.2768,39.7053,39.8386,2388530
2017-05-25,39.9785,40.4773,39.6056,40.1929,2951187
2017-05-26,39.7827,40.0904,39.3445,39.6522,3272703
2017-05-30,39.3538,40.5985,39.3538,40.3141,3566940
2017-05-31,40.454,40.6218,39.9598,40.6218,4522265
2017-06-01,40.6125,40.6125,39.7454,39.9785,3492931
2017-06-02,40.0531,40.4167,40.0065,40.2955,2682978
2017-06-05,39.9598,40.081,39.214,39.2326,3322208
2017-06-06,39.158,39.4797,38.7758,39.0555,3406625
2017-06-07,39.2419,39.6801,38.9389,39.1021,2397429
2017-06-08,39.2047,39.9225,38.7665,39.8759,3210626
2017-06-09,39.9598,40.5845,38.7851,39.503,4758970
2017-06-12,38.9249,39.1021,37.5917,38.7292,6519284
2017-06-13,39.1487,39.531,38.9529,39.186,3981083
2017-06-14,39.3725,39.3725,38.0486,38.4868,3917176
2017-06-15,37.7129,38.8317,37.6663,38.7105,3694887
2017-06-16,38.5986,39.2513,38.5334,39.186,7267682
2017-06-19,39.4226,39.8959,39.328,39.593,3068282
2017-06-20,39.451,39.5078,38.8358,38.8452,3294455
2017-06-21,38.9872,39.6314,38.8852,39.4321,2799269
2017-06-22,39.716,39.9716,39.3658,39.7634,2443751
2017-06-23,39.7634,40.9371,39.6971,40.3881,3596992
2017-06-26,40.6531,40.956,39.9811,40.123,3631527
2017-06-27,38.902,38.9967,37.3971,37.3971,9008653
2017-06-28,37.8609,38.1439,37.3261,38.0312,4744043
2017-06-29,37.7094,37.7851,36.2368,36.8292,6082364
2017-06-30,37.2929,37.3403,36.4505,36.6777,3872621
2017-07-03,36.8386,37.1699,36.5073,36.5263,1975084
2017-07-05,36.725,37.0469,36.1193,36.9333,5116855
2017-07-06,36.2328,36.3843,34.9645,35.2958,9051804
2017-07-07,35.4756,36.6209,35.2295,36.1571,5852050
2017-07-10,36.1003,36.5357,35.8542,36.337,3631964
2017-07-11,36.318,37.0658,36.318,36.6493,3751231
2017-07-12,37.2267,38.0218,37.0563,37.5769,4980209
2017-07-13,35.6081,36.9238,35.3242,36.2707,11523664
2017-07-14,36.3464,37.5674,36.3275,37.3876,5357158
2017-07-17,36.9143,37.151,36.4931,36.9806,3813384
2017-07-18,36.9711,36.9711,36.2518,36.7534,3497284
2017-07-19,36.9143,37.3308,36.849,37.1415,4143946
2017-07-20,37.1415,37.4823,36.7913,37.3119,2778843
2017-07-21,37.3687,37.5958,36.9853,37.4633,3256610
2017-07-24,37.5106,37.9839,37.132,37.6337,6279070
2017-07-25,30.601,32.3048,30.1751,31.4245,35475705
2017-07-26,31.5665,31.6328,30.3644,30.6105,12637592
2017-07-27,30.7619,31.2625,30.3833,30.8187,7709592
2017-07-28,30.5726,30.8755,30.1751,30.8661,7865473
2017-07-31,30.9796,31.3677,30.743,31.1974,7171657
2017-08-01,31.2825,31.7179,31.1406,31.5854,6029177
2017-08-02,31.6706,31.6777,31.2636,31.6328,5838381
2017-08-03,31.7179,31.9593,31.4813,31.7747,4934872
2017-08-04,31.9072,32.2149,31.576,31.6422,6767992
2017-08-07,31.6138,31.8599,31.4624,31.6895,5520705
2017-08-08,31.6044,31.8221,31.2068,31.2257,5981481
2017-08-09,30.9891,31.2305,30.7336,30.8566,4285875
2017-08-10,30.6294,30.7809,29.8249,29.8628,6368456
2017-08-11,30.5253,31.4718,30.2603,30.5632,5647213
2017-08-14,30.9039,31.3867,30.7998,30.8093,4163015
2017-08-15,30.8471,30.9245,30.5348,30.5537,2938591
2017-08-16,30.6105,30.7714,30.4591,30.743,2533522
2017-08-17,30.5726,30.8566,29.787,29.8249,3483081
2017-08-18,29.8912,30.0426,29.38,29.6924,2901029
2017-08-21,29.787,29.8532,29.4747,29.7776,3141425
2017-08-22,29.9763,30.6484,29.8722,30.5632,2640301
2017-08-23,29.4557,29.6829,28.9636,29.3516,7757275
2017-08-24,29.4463,29.7492,29.2948,29.3611,4542635
2017-08-25,29.4084,29.7208,29.2002,29.5788,3504783
2017-08-28,29.664,30.0047,29.4557,29.806,2856317
2017-08-29,29.5315,29.8628,29.2948,29.7681,3357869
2017-08-30,29.6829,29.8912,29.257,29.8154,3807194
2017-08-31,30.0994,30.0994,29.5883,29.8438,4289317
2017-09-01,29.9006,30.3077,29.8628,30.0994,2115257
2017-09-05,30.1372,31.5665,30.1278,30.9986,8454710
2017-09-06,31.0932,31.5286,30.9039,31.0364,5927660
2017-09-07,31.169,31.2163,30.1846,30.6105,4284306
2017-09-08,30.5821,30.5821,30.194,30.2792,3562738
2017-09-11,29.5977,30.0899,29.2381,29.2948,6630305
2017-09-12,29.3422,30.2887,29.3043,30.1846,5159508
2017-09-13,30.4023,31.0932,30.2319,31.027,5300016
2017-09-14,30.7714,31.0364,30.62,30.9039,3368210
2017-09-15,30.9134,31.841,30.6673,31.7558,9565630
2017-09-18,31.9451,32.1088,30.5821,31.7274,8551019
2017-09-19,31.5924,31.7563,30.5795,31.0425,7963150
2017-09-20,31.0522,31.5248,30.8399,31.2354,4594086
2017-09-21,31.2354,31.8818,30.9171,31.5634,4696936
2017-09-22,31.5152,32.4605,31.4091,32.3834,4397593
2017-09-25,32.2387,32.5088,31.8046,31.9879,3625668
2017-09-26,32.0072,32.3158,31.6406,31.7081,3423937
2017-09-27,31.8528,32.2869,31.438,32.0072,3785358
2017-09-28,32.0747,32.1904,31.2644,31.8142,4585574
2017-09-29,31.8239,32.0554,31.5924,31.9975,2524367
2017-10-02,32.4509,33.2612,32.3544,32.9911,7403049
2017-10-03,32.9911,33.0393,32.3448,32.8464,3755445
2017-10-04,32.8368,33.049,32.6631,32.7789,3067371
2017-10-05,32.8753,33.0683,32.5667,32.8946,3211112
2017-10-06,32.6631,32.9236,32.3255,32.5956,3555643
2017-10-09,32.8271,33.5892,32.6438,32.6535,3679235
2017-10-10,33.0297,33.131,32.1808,32.557,5237532
2017-10-11,32.393,32.8946,32.2194,32.3158,3610699
2017-10-12,32.2194,32.5763,32.0457,32.4316,5111119
2017-10-13,32.6631,33.3384,32.4702,33.184,4179203
2017-10-16,33.2419,33.3287,32.8802,33.2709,4041455
2017-10-17,32.8368,32.9815,31.9782,32.7596,5936521
2017-10-18,32.9043,33.1165,32.8175,33.049,3732155
2017-10-19,32.721,33.1358,32.6559,33.1262,4362941
2017-10-20,33.3287,34.0329,33.1937,33.7049,8315324
2017-10-23,38.2485,39.4543,36.3095,37.9591,33601239
2017-10-24,38.1038,38.9141,37.1488,37.4671,12140476
2017-10-25,37.1102,37.3127,36.1745,36.8015,7430651
2017-10-26,36.9558,37.2549,36.242,36.8304,4276256
2017-10-27,36.9076,36.9076,35.5426,35.5957,5297431
2017-10-30,35.6439,35.6728,34.8432,35.3834,5870278
2017-10-31,35.5185,36.3963,35.2773,35.6632,4432597
2017-11-01,36.0587,36.2999,35.3641,35.6535,2784309
2017-11-02,35.6632,35.6921,35.0941,35.4703,2745209
2017-11-03,35.3063,35.6728,34.8818,35.0458,2280056
2017-11-06,34.9976,36.2034,34.795,36.1359,3186603
2017-11-07,36.1069,36.1609,35.5378,35.8079,2842344
2017-11-08,35.7307,36.8497,35.4326,36.377,4241354
2017-11-09,35.8175,36.7822,35.8175,36.0876,4349562
2017-11-10,35.8851,36.734,35.8851,36.6471,3011776
2017-11-13,36.5603,36.5989,36.0008,36.3288,2305647
2017-11-14,36.2902,36.5893,36.0105,36.1648,2598799
2017-11-15,36.0201,36.5121,35.9236,36.4735,3497299
2017-11-16,36.6182,37.8867,36.5893,37.7372,5258404
2017-11-17,37.853,38.2002,37.4092,38.0266,3154656
2017-11-20,37.9494,38.6536,37.6986,38.4414,3993233
2017-11-21,38.6343,39.2025,38.5475,38.7211,3848063
2017-11-22,38.6054,39.0395,38.4124,38.9044,2364850
2017-11-24,38.9334,39.1166,38.5571,38.8658,1340056
2017-11-27,38.0748,38.2967,37.197,37.6986,5631717
2017-11-28,37.988,38.6343,37.5828,38.5668,3809279
2017-11-29,38.5379,39.0684,37.2935,37.3803,6070187
2017-11-30,37.6118,37.7758,36.8594,37.197,6782523
2017-12-01,36.9558,37.8964,35.9333,37.7275,5125089
2017-12-04,38.3546,38.6054,37.4092,37.8144,4592560
2017-12-05,38.1231,38.5379,37.66,37.7468,3945577
2017-12-06,37.7854,37.9205,37.197,37.7951,2520261
2017-12-07,37.7758,38.6826,37.6021,38.1809,3724986
2017-12-08,38.4221,39.1793,38.1809,39.0588,5502052
2017-12-11,38.9237,39.6761,38.7501,39.0395,3740724
2017-12-12,39.2324,41.0652,39.1649,40.6311,6354875
2017-12-13,40.8723,41.1376,40.4575,40.5926,4509096
2017-12-14,40.718,40.7951,40.361,40.4575,3301558
2017-12-15,40.7083,40.718,39.9462,40.5347,6241798
2017-12-18,40.8627,41.5427,40.7363,41.4704,4628927
2017-12-19,41.3236,41.8326,41.0592,41.2942,4553347
2017-12-20,41.5487,41.6075,40.4914,40.6578,3322531
2017-12-21,40.8439,41.6368,40.7166,41.0788,3425256
2017-12-22,41.0494,41.4998,41.0201,41.2844,1713946
2017-12-26,41.1082,41.8033,40.8341,41.255,2969355
2017-12-27,41.3529,41.5977,40.8536,41.2257,1934643
2017-12-28,41.304,41.3725,40.8634,41.1376,1368877
2017-12-29,41.1278,41.4606,40.9613,40.9613,1866361
2018-01-02,41.4606,42.234,41.0299,42.0284,2888378
2018-01-03,42.0284,42.2438,41.5879,41.9501,3446064
2018-01-04,41.9697,42.3221,41.0886,41.7445,2824993
2018-01-05,41.9403,42.0872,41.5487,42.0382,2183179
2018-01-08,47.7556,48.6563,44.662,45.034,23460829
2018-01-09,45.5039,46.2969,45.0731,45.4158,10500163
2018-01-10,45.1906,46.2773,44.848,46.0815,3808752
2018-01-11,46.3654,48.0199,46.1207,47.9759,6246581
2018-01-12,48.0885,50.7905,48.0787,50.1835,7747448
2018-01-16,49.7038,51.2359,49.3612,50.4283,6885254
2018-01-17,50.1933,51.3191,49.8223,51.045,4113573
2018-01-18,51.1038,51.1919,50.5359,50.9178,3982283
2018-01-19,51.045,51.6618,50.6558,51.5149,3871209
2018-01-22,51.3877,52.1317,50.9471,52.0436,3591726
2018-01-23,52.0632,52.9834,51.8184,52.9247,3192240
2018-01-24,52.9051,52.9443,51.1968,51.8576,5551529
2018-01-25,52.3373,52.6702,51.5639,52.0534,3618291
2018-01-26,52.3863,53.845,52.3177,53.7862,7318581
2018-01-29,52.866,54.4519,52.387,53.9527,8940951
2018-01-30,52.866,53.8548,52.0338,53.8254,7756255
2018-01-31,53.9918,55.2645,53.9135,54.0408,5110203
2018-02-01,53.5708,54.3638,52.6702,53.2967,5356395
2018-02-02,52.8562,52.866,50.3011,50.6828,6567155
2018-02-05,50.1835,51.3191,48.4703,48.6073,7359006
2018-02-06,47.0703,48.4115,46.2088,47.6577,9556611
2018-02-07,48.1668,49.5472,47.7654,48.5094,6042727
2018-02-08,48.4213,48.6171,46.4339,46.4437,4587947
2018-02-09,47.0409,47.4815,45.1555,46.8158,5633152
2018-02-12,47.1388,48.4703,47.1388,48.1374,3380139
2018-02-13,48.2843,48.8423,47.7948,48.5877,2919529
2018-02-14,47.9906,50.6436,47.9906,50.2912,3674956
2018-02-15,50.7807,51.0646,49.4884,50.438,3207592
2018-02-16,50.3793,50.8394,50.0269,50.3401,2738585
2018-02-20,50.1835,51.2996,49.88,51.0254,2636336
2018-02-21,51.1038,51.6618,50.301,50.3597,2345413
2018-02-22,50.5066,51.0784,50.0856,50.2814,2121306
2018-02-23,50.7905,52.4548,50.6045,52.1709,3214483
2018-02-26,52.3471,52.4612,51.2506,52.4254,2972017
2018-02-27,52.4842,52.9541,51.2898,51.7597,3662530
2018-02-28,51.7401,53.3946,51.701,52.2786,4306415
2018-03-01,52.6897,53.9624,52.1905,52.866,5929249
2018-03-02,52.259,53.1254,51.6031,52.9834,3142904
2018-03-05,52.4254,54.2904,52.3863,53.982,4328408
2018-03-06,54.3345,55.1568,54.0408,55.0491,3797521
2018-03-07,54.5988,55.4603,54.364,55.1177,3224939
2018-03-08,55.803,58.226,55.6855,57.6435,8549240
2018-03-09,58.0742,59.3567,57.9078,58.926,4783809
2018-03-12,58.8868,59.2001,58.4854,58.9456,3245935
2018-03-13,59.0435,59.905,58.2211,58.4267,4374731
2018-03-14,58.7106,59.7288,58.0155,58.6714,4136154
2018-03-15,58.9651,59.0239,57.9153,58.319,2882041
2018-03-16,58.2896,59.2481,58.1624,58.8281,7073311
2018-03-19,58.5931,59.4448,58.3484,59.1316,6849420
2018-03-20,59.4877,60.1901,59.2404,59.27,4445012
2018-03-21,59.2601,60.0714,58.716,59.2601,3421101
2018-03-22,58.5182,59.1859,57.8355,58.4093,4309867
2018-03-23,57.796,58.4093,55.659,55.6788,5264143
2018-03-26,56.866,57.7366,56.1141,57.5091,4736394
2018-03-27,58.1521,58.8644,56.3713,56.7572,4105034
2018-03-28,56.678,57.4002,55.5156,56.2823,3804501
2018-03-29,56.7176,58.1719,56.1586,57.8949,4278393
2018-04-02,58.3698,59.4283,56.6088,57.1331,5554137
2018-04-03,57.3508,57.796,56.4505,57.6772,3257355
2018-04-04,55.6096,58.4489,55.5997,58.3005,4112158
2018-04-05,58.8051,58.9337,57.3804,57.6278,2686932
2018-04-06,57.1034,57.5981,55.4711,56.0152,3101031
2018-04-09,56.4109,57.0441,55.6541,55.6887,3158493
2018-04-10,58.6962,60.6551,58.5676,58.716,9556892
2018-04-11,58.3797,59.0821,57.7415,57.9345,3557267
2018-04-12,58.3203,59.5866,58.251,59.2305,2668227
2018-04-13,59.6064,60.4671,59.4778,59.9626,3350936
2018-04-16,60.2396,60.7441,59.647,60.4968,2073624
2018-04-17,60.9123,62.0302,60.7886,61.2289,2969227
2018-04-18,61.2981,61.8027,60.1456,61.4465,2945620
2018-04-19,60.8431,61.4663,59.1711,59.2601,4247868
2018-04-20,59.3987,59.9329,58.7061,59.0029,2410275
2018-04-23,59.1612,59.2799,57.2419,57.5981,2863209
2018-04-24,58.1323,58.6765,57.1034,57.6476,3592170
2018-04-25,57.796,58.3302,56.5791,57.6772,2128434
2018-04-26,58.1323,58.904,57.8059,58.7061,2276942
2018-04-27,59.1019,59.7053,57.8256,58.8842,3418034
2018-04-30,58.9831,59.3096,57.2518,57.2716,4985736
2018-05-01,51.3555,53.809,48.5557,53.6309,15641511
2018-05-02,51.6523,54.4125,51.5336,54.1157,7818823
2018-05-03,53.898,54.5213,53.6111,54.3828,4095255
2018-05-04,54.1751,55.3621,54.0959,55.0852,2533596
2018-05-07,55.1347,55.7283,54.8082,55.3523,4220022
2018-05-08,55.0358,56.0251,54.9071,55.8866,3097156
2018-05-09,56.2427,56.777,55.7481,56.6187,2359131
2018-05-10,57.1925,57.885,56.4901,56.6582,3469177
2018-05-11,56.7869,57.1628,56.0251,56.1042,2461954
2018-05-14,56.5791,57.4893,56.3417,56.4604,2147923
2018-05-15,56.1636,57.3013,55.936,57.1529,2679323
2018-05-16,57.232,58.8545,57.2123,58.7358,2741240
2018-05-17,58.4786,59.369,58.162,58.3895,2138041
2018-05-18,58.3994,58.904,55.4204,55.7085,4302238
2018-05-21,56.6879,57.1826,56.1834,56.6385,2600558
2018-05-22,56.866,57.8256,56.8462,57.3903,2599574
2018-05-23,57.0738,57.6673,56.7127,57.6575,1976837
2018-05-24,57.6278,58.0235,56.8264,57.6575,2146169
2018-05-25,57.7762,58.5676,56.7176,56.8561,2021652
2018-05-29,56.4109,57.42,56.3614,56.6385,2617660
2018-05-30,57.1232,58.4291,56.7967,57.4101,2620619
2018-05-31,57.4398,57.9444,55.5502,55.7481,4473118
2018-06-01,55.9954,57.3409,55.7679,57.2815,2874350
2018-06-04,57.3804,57.4002,55.8767,56.8561,2637752
2018-06-05,57.4002,58.6171,57.3013,58.5478,3480774
2018-06-06,59.0623,59.1958,57.9542,58.0433,3192372
2018-06-07,57.974,58.1125,53.6408,54.64,8569775
2018-06-08,54.4125,55.758,54.316,55.382,3560605
2018-06-11,55.7876,57.697,55.5898,57.3211,3551504
2018-06-12,57.3804,57.3804,55.3721,56.4901,3053213
2018-06-13,56.5494,57.0738,56.2328,56.3417,2606381
2018-06-14,56.6582,58.6023,56.3614,58.4489,3876558
2018-06-15,58.0433,58.0433,56.7869,57.8059,4056550
2018-06-18,57.3903,58.5182,56.6978,58.35,2774564
2018-06-19,57.4,58.06,56.62,57.95,2483649
2018-06-20,58.14,58.47,57.8,58.08,2033602
2018-06-21,58.17,59.93,57.83,58.44,2705353
2018-06-22,58.85,59.16,58.15,58.22,1959203
2018-06-25,57.75,57.9,55.46,55.83,2459994
2018-06-26,56.33,56.8,55.9,56.51,2896632
2018-06-27,56.88,57.2,55.65,55.69,1690612
2018-06-28,55.57,56.72,55.03,56.36,1696543
2018-06-29,56.87,57.41,56.455,56.47,2091383
2018-07-02,55.42,57.68,55.34,57.61,2368717
2018-07-03,57.79,58.12,56.62,56.9,1644523
2018-07-05,57.43,58.61,56.93,58.61,2123316
2018-07-06,58.63,58.82,57.92,58.59,1877179
2018-07-09,58.99,59.25,58.12,58.75,2200375
2018-07-10,58.81,59.43,58.64,58.89,1565269
2018-07-11,58.18,58.1892,56.82,57.24,1642066
2018-07-12,57.8,59.14,57.8,59.02,1653863
2018-07-13,58.71,59.66,58.5,59.02,1579944
2018-07-16,58.91,58.91,58.14,58.45,1240772
2018-07-17,58.19,58.345,57.66,58.1,2053980
2018-07-18,58.23,58.91,57.92,58.1,1565405
2018-07-19,58.09,58.43,56.92,57.18,1568818
2018-07-20,57.07,57.32,56.47,56.48,2061761
2018-07-23,56.34,56.5,55.23,56.35,2023370
2018-07-24,56.77,56.88,55.63,55.72,1854433
2018-07-25,55.96,56.47,55.53,56.44,2216472
2018-07-26,56.54,57.68,56.29,57.54,2277037
2018-07-27,57.16,57.61,54.51,54.69,4346940
2018-07-30,54.37,56.14,51.95,54.0,7894730
2018-07-31,54.36,54.47,51.93,52.62,6606277
2018-08-01,52.63,53.55,52.63,53.07,3914991
2018-08-02,52.59,53.61,52.5,53.42,2721267
2018-08-03,53.44,54.43,53.44,53.88,2663091
2018-08-06,53.8,54.265,53.44,54.23,2177242
2018-08-07,54.25,55.09,54.18,54.87,2221675
2018-08-08,54.75,55.43,54.36,55.04,1650340
2018-08-09,52.5853,52.99,50.48,51.02,8401853
2018-08-10,50.56,51.4,50.04,50.88,5029129
2018-08-13,50.88,51.65,50.72,51.01,3522273
2018-08-14,51.43,53.31,51.34,53.23,4354998
2018-08-15,52.66,53.72,52.3,52.89,4646065
2018-08-16,53.52,54.4,52.95,53.05,3044600
2018-08-17,53.05,54.41,52.63,54.26,4200700
2018-08-20,54.33,54.85,53.751,54.54,2293892
2018-08-21,54.9,55.67,54.58,54.81,2741515
2018-08-22,54.28,55.61,54.28,55.32,1980945
2018-08-23,55.23,55.84,54.91,55.72,2496542
2018-08-24,55.95,56.22,55.4,55.75,1853611
2018-08-27,56.1,57.1075,56.1,56.36,2137911
2018-08-28,56.58,57.2,56.0,56.46,1865891
2018-08-29,56.74,56.91,55.89,55.98,2442641
2018-08-30,55.44,55.75,53.07,53.14,4906327
2018-08-31,53.24,53.75,52.85,53.54,3124280
2018-09-04,51.24,51.54,48.27,49.41,10362395
2018-09-05,49.19,49.66,47.97,49.37,6634333
2018-09-06,49.4,49.97,48.9,49.39,4333949
2018-09-07,49.19,50.25,48.62,49.8,4072695
2018-09-10,50.12,51.43,49.85,50.29,3428042
2018-09-11,49.89,50.0,48.1,48.98,4272515
2018-09-12,47.74,49.79,47.2,49.47,6623816
2018-09-13,50.11,50.4,47.89,48.21,5089358
