date,open,high,low,close,volume
2013-09-16,26.9133,27.0379,26.7498,26.9133,15943445
2013-09-17,26.9289,27.1313,26.8977,27.0535,17763542
2013-09-18,27.0379,27.2559,26.7109,27.2092,22818680
2013-09-19,27.2092,27.213,26.999,27.1002,15696338
2013-09-20,27.1079,27.1313,26.6253,26.7148,36729077
2013-09-23,26.781,26.781,26.2438,26.6408,23220413
2013-09-24,26.5474,26.6953,26.4773,26.5396,18925064
2013-09-25,26.5552,26.7576,26.4306,26.5085,19107390
2013-09-26,26.6019,26.8024,26.5396,26.6486,16494197
2013-09-27,26.5552,26.5863,26.3294,26.454,13998038
2013-09-30,26.2983,26.3839,26.2204,26.3294,20819670
2013-10-01,26.3061,26.6564,26.2827,26.5163,16750195
2013-10-02,26.4462,26.5163,26.2749,26.4229,21510231
2013-10-03,26.3995,26.4151,26.1815,26.1893,22428877
2013-10-04,26.2204,26.3098,26.1582,26.2749,69704238
2013-10-07,26.2204,26.5708,26.1815,26.4696,63360950
2013-10-08,26.4932,26.5485,26.1066,26.1224,32867858
2013-10-09,26.2171,26.9035,26.154,26.6273,33406723
2013-10-10,26.8956,26.9429,26.4932,26.9429,23818280
2013-10-11,26.9272,27.0218,26.7694,26.9824,23646784
2013-10-14,26.8088,26.9035,26.722,26.7615,18569153
2013-10-15,26.722,26.9193,26.5958,26.5958,16322379
2013-10-16,26.7457,26.9824,26.7378,26.9824,18700301
2013-10-17,27.1165,27.1717,26.9272,27.1717,22249665
2013-10-18,27.2348,27.5189,27.1165,27.3059,30466364
2013-10-21,27.6293,27.8502,27.5189,27.7871,29442825
2013-10-22,27.8897,27.9134,27.6609,27.795,23946509
2013-10-23,27.6688,27.8818,27.5425,27.8337,27261254
2013-10-24,27.6214,27.6214,27.006,27.3216,33897980
2013-10-25,27.3374,27.8029,27.3374,27.7634,21270171
2013-10-28,27.8266,28.0633,27.8029,28.0633,23753415
2013-10-29,28.1343,28.7733,28.1264,28.6155,45247890
2013-10-30,28.655,28.7181,28.3709,28.6076,21847561
2013-10-31,28.5997,28.7891,28.4025,28.5603,28789024
2013-11-01,28.797,29.0337,28.5287,28.5919,41488503
2013-11-04,28.7575,28.8128,28.5445,28.7575,20023965
2013-11-05,28.5997,28.6629,28.0238,28.0317,33648269
2013-11-06,28.221,28.4025,28.1816,28.2605,20856114
2013-11-07,28.2605,28.2605,27.6372,27.7003,29258077
2013-11-08,27.6135,27.7477,27.2664,27.7477,29731917
2013-11-11,27.7319,27.8108,27.5899,27.6372,12359198
2013-11-12,27.7319,27.866,27.5899,27.7477,19909069
2013-11-13,27.6135,27.7477,27.4952,27.6688,22327481
2013-11-14,27.6924,27.9134,27.6609,27.7398,13851326
2013-11-15,27.7082,27.9922,27.6924,27.9528,17685950
2013-11-18,27.9844,28.1185,27.9055,28.0869,15037893
2013-11-19,28.1185,28.2684,28.0554,28.1816,12493672
2013-11-20,28.2999,28.3473,27.8739,27.9291,17450535
2013-11-21,27.9686,28.0711,27.7556,27.8502,23021484
2013-11-22,27.8187,27.9449,27.653,27.9449,16081540
2013-11-25,27.9765,28.0475,27.866,27.9055,14068834
2013-11-26,27.9291,28.0396,27.8266,27.8345,14180894
2013-11-27,27.8423,27.9449,27.7674,27.937,11471332
2013-11-29,27.9922,28.0317,27.7713,27.7792,9284687
2013-12-02,27.7556,27.7792,27.4558,27.4558,23704358
2013-12-03,27.4321,27.4479,27.2348,27.4084,17550958
2013-12-04,27.0928,27.3374,26.9824,27.298,27221623
2013-12-05,27.1559,27.2664,26.9863,27.0218,25111854
2013-12-06,27.2427,27.2822,27.0613,27.2427,19546535
2013-12-09,27.227,27.4005,27.0376,27.369,18037110
2013-12-10,27.4479,27.5425,27.1323,27.1402,18389575
2013-12-11,27.1402,27.1796,26.7615,26.7851,27491412
2013-12-12,26.864,26.9272,26.6273,26.7378,21926961
2013-12-13,26.7299,26.7851,26.509,26.7062,24865081
2013-12-16,26.8719,27.227,26.8719,26.9429,21348671
2013-12-17,26.9824,27.0534,26.6352,26.7062,23472799
2013-12-18,26.7299,27.1717,26.5287,27.1244,25851265
2013-12-19,27.0534,27.1954,26.9272,27.1796,20049755
2013-12-20,27.2112,27.3137,27.0297,27.0613,34022161
2013-12-23,27.1875,27.4321,27.1559,27.369,19954886
2013-12-24,27.4084,27.5978,27.3769,27.5741,7960023
2013-12-26,27.5978,27.7556,27.5662,27.7398,11026250
2013-12-27,27.6609,27.8108,27.582,27.7556,14113098
2013-12-30,27.6372,27.8503,27.6214,27.7713,14464997
2013-12-31,27.7477,27.8345,27.582,27.7398,18429641
2014-01-02,27.8029,27.8423,27.5741,27.5741,20233147
2014-01-03,27.7319,27.7398,27.3059,27.4558,24622450
2014-01-06,27.6214,27.653,27.4558,27.582,20791757
2014-01-07,27.7161,27.7319,27.5386,27.5741,25764279
2014-01-08,27.5421,27.6621,27.2623,27.3742,37749958
2014-01-09,27.3742,27.3742,26.7906,26.8146,36121929
2014-01-10,26.9745,27.0305,26.7906,26.8786,25398862
2014-01-13,26.8546,26.9025,26.5428,26.6227,29318988
2014-01-14,26.6467,26.8226,26.5108,26.7666,22907966
2014-01-15,26.9105,27.1824,26.8226,27.0145,25867257
2014-01-16,27.0944,27.2463,27.0305,27.1504,16249549
2014-01-17,27.2063,27.2063,26.9265,26.9425,23952730
2014-01-21,27.0544,27.1824,26.5428,26.8386,29421880
2014-01-22,26.8626,26.9105,26.6307,26.6547,17557647
2014-01-23,26.5588,27.0225,26.5028,27.0225,28543368
2014-01-24,27.0465,27.4142,26.7187,26.7187,33410263
2014-01-27,26.8066,26.9785,26.7267,26.7906,32813052
2014-01-28,26.7826,27.0305,26.6627,26.9425,25829645
2014-01-29,25.9032,26.8226,25.5914,26.6307,83166147
2014-01-30,26.8146,26.8546,26.3909,26.6627,29083658
2014-01-31,26.3589,26.9345,26.199,26.6387,34519536
2014-02-03,26.6387,26.6387,25.5035,25.5434,68027254
2014-02-04,25.6474,25.9432,25.5834,25.9432,35974415
2014-02-05,25.9032,25.9271,25.6154,25.6474,29820104
2014-02-06,25.8312,25.8312,25.3755,25.5834,45355959
2014-02-07,25.7273,25.8712,25.5434,25.8232,29370788
2014-02-10,25.9432,25.9512,25.7593,25.9352,20624697
2014-02-11,26.0791,26.4149,25.9911,26.3429,26248524
2014-02-12,26.3109,26.4388,26.231,26.3349,16556009
2014-02-13,26.247,26.7826,26.151,26.7746,28064220
2014-02-14,26.6867,26.6867,26.4308,26.5028,18343014
2014-02-18,26.5668,26.5668,26.0871,26.239,22317249
2014-02-19,26.159,26.3989,26.0631,26.263,19428769
2014-02-20,26.263,26.6827,26.1191,26.5268,20490418
2014-02-21,26.4468,26.5668,26.207,26.223,19331987
2014-02-24,26.247,26.2789,25.9512,25.9592,33537227
2014-02-25,25.9911,25.9991,25.6234,25.7193,41064348
2014-02-26,25.7833,25.8152,25.4955,25.5834,36745795
2014-02-27,25.5754,25.8232,25.4315,25.7673,54931881
2014-02-28,25.7833,25.8392,25.4155,25.5274,43487328
2014-03-03,25.4235,25.5674,25.3915,25.4715,30482487
2014-03-04,25.6633,25.7593,25.6075,25.7033,28463376
2014-03-05,25.7753,25.7753,25.5874,25.6873,24191025
2014-03-06,25.7033,25.8792,25.6673,25.8552,19536777
2014-03-07,25.9672,26.0551,25.7913,26.0151,27136999
2014-03-10,25.8073,26.0151,25.7353,25.9911,24937506
2014-03-11,26.0071,26.0111,25.694,25.7673,20734932
2014-03-12,25.7833,25.9672,25.7113,25.8872,25025677
2014-03-13,25.9831,26.1111,25.8232,25.8632,21708449
2014-03-14,25.8152,26.0551,25.7913,25.9751,22368560
2014-03-17,26.127,26.2949,26.0071,26.2949,23589558
2014-03-18,26.3269,26.4149,26.263,26.3669,25998242
2014-03-19,26.3989,26.6547,26.239,26.3509,31803410
2014-03-20,26.4388,27.2943,26.3909,27.2543,62615882
2014-03-21,27.4542,27.8219,27.2863,27.4222,51006775
2014-03-24,27.5101,27.79,27.3662,27.5501,53804810
2014-03-25,27.4862,27.8939,27.4782,27.758,33408477
2014-03-26,27.9099,28.0058,27.67,27.67,38595188
2014-03-27,27.71,28.0058,27.6621,27.9499,33382724
2014-03-28,28.0458,28.1178,27.798,28.0378,24745314
2014-03-31,28.2217,28.3816,27.9738,28.0378,30486472
2014-04-01,27.9898,28.0938,27.702,28.0538,28775256
2014-04-02,28.1098,28.3656,28.0138,28.2776,28086016
2014-04-03,28.3416,28.5175,28.2657,28.4855,25397851
2014-04-04,28.6454,28.6854,28.3816,28.4216,29358156
2014-04-07,28.4136,28.6134,28.3736,28.3736,32673272
2014-04-08,28.3898,28.568,28.2764,28.568,29295195
2014-04-09,28.5518,28.568,28.1387,28.2845,30493010
2014-04-10,28.4708,28.6976,28.325,28.4465,35424572
2014-04-11,28.4546,28.6085,28.3574,28.5113,34552105
2014-04-14,28.5761,28.649,28.3979,28.6409,15457140
2014-04-15,28.6328,28.9001,28.6166,28.9001,26484857
2014-04-16,28.9649,29.2484,28.9163,29.2403,24220445
2014-04-17,29.1836,29.3456,29.0945,29.1917,25311787
2014-04-21,29.2241,29.297,29.0459,29.2079,18759592
2014-04-22,29.2403,29.4913,29.1269,29.3941,32001021
2014-04-23,28.3574,28.6328,27.9119,28.2845,59638692
2014-04-24,28.3493,28.4303,27.9038,27.9443,36619891
2014-04-25,27.8876,27.9848,27.7985,27.9362,21986198
2014-04-28,28.082,28.4708,27.9929,28.4141,29626369
2014-04-29,28.6085,28.7364,28.3898,28.6895,20737383
2014-04-30,28.6976,28.9487,28.5599,28.9163,22553278
2014-05-01,28.9568,29.1593,28.6814,28.8191,27837765
2014-05-02,28.9163,28.9973,28.7705,28.8596,15949970
2014-05-05,28.8191,28.9649,28.7057,28.9649,15939099
2014-05-06,28.9649,28.9649,28.7381,28.7462,21487883
2014-05-07,28.8029,29.1269,28.7705,28.9649,20271152
2014-05-08,29.0702,29.8558,28.9973,29.4832,36474619
2014-05-09,29.467,29.5723,29.3051,29.5157,15015518
2014-05-12,29.7505,29.7546,29.2889,29.6209,23990994
2014-05-13,29.548,29.5966,29.0702,29.3213,34252311
2014-05-14,29.2403,29.6209,29.1674,29.4751,24180475
2014-05-15,29.4832,29.6533,28.8191,29.5804,20337474
2014-05-16,29.6047,29.7991,29.5723,29.7586,24021550
2014-05-19,29.1512,29.7667,28.973,29.467,77613520
2014-05-20,29.4428,29.4428,28.6895,28.7543,39978957
2014-05-21,28.892,28.9244,28.4222,28.568,32687150
2014-05-22,28.6085,28.7543,28.5518,28.6571,18026759
2014-05-23,28.6409,28.7948,28.5518,28.6085,17373809
2014-05-27,28.5842,28.6733,28.4303,28.5194,22452694
2014-05-28,28.5842,28.7543,28.5194,28.6247,20504840
2014-05-29,28.649,28.7057,28.3493,28.6652,14171336
2014-05-30,28.5842,28.7786,28.5842,28.73,16162842
2014-06-02,28.7543,28.7948,28.5923,28.7057,16222793
2014-06-03,28.6976,28.8353,28.4708,28.5113,22262292
2014-06-04,28.5113,28.5113,28.3088,28.3898,26906001
2014-06-05,28.406,28.4546,28.1873,28.4303,22266341
2014-06-06,28.406,28.4303,28.2602,28.3655,17130747
2014-06-09,28.3898,28.4465,28.3007,28.3574,17660808
2014-06-10,28.2845,28.4303,28.2359,28.3007,17696903
2014-06-11,28.3088,28.3817,28.1873,28.1954,16331727
2014-06-12,28.2197,28.244,28.0415,28.2116,19063629
2014-06-13,28.2845,28.4708,28.1711,28.3736,19976652
2014-06-16,28.325,28.4222,28.2683,28.3331,14109659
2014-06-17,28.3655,28.4708,28.3088,28.3655,17311599
2014-06-18,28.3655,28.5194,28.323,28.5113,20301588
2014-06-19,28.5518,28.6652,28.5113,28.6409,19514035
2014-06-20,28.8596,28.9568,28.6368,28.6652,28984106
2014-06-23,28.811,28.811,28.5599,28.6652,14507634
2014-06-24,28.6652,28.8191,28.5194,28.5842,21167120
2014-06-25,28.5275,28.5842,28.4303,28.5599,15276805
2014-06-26,28.6004,28.6004,28.4303,28.5599,15790812
2014-06-27,28.487,28.6976,28.4303,28.6814,20944321
2014-06-30,28.6733,28.7948,28.6166,28.6409,19118810
2014-07-01,28.5356,28.7786,28.4708,28.7381,21777888
2014-07-02,28.7381,28.892,28.6976,28.892,14235809
2014-07-03,29.0378,29.054,28.9082,29.0297,11681156
2014-07-07,29.0783,29.2403,29.0378,29.1755,19586064
2014-07-08,29.1591,29.3149,29.0524,29.1755,20139496
2014-07-09,29.2903,29.3067,29.1344,29.2493,15916049
2014-07-10,29.0278,29.3478,29.0278,29.2903,14593953
2014-07-11,29.3067,29.397,29.1837,29.3396,11560138
2014-07-14,29.4216,29.4872,29.2985,29.4216,12566025
2014-07-15,29.4954,29.8236,29.4708,29.7334,34999027
2014-07-16,29.9057,29.9877,29.8072,29.9057,20223233
2014-07-17,29.758,29.9221,29.5201,29.5611,19142987
2014-07-18,29.6841,29.6924,29.5365,29.6759,16132950
2014-07-21,29.5939,29.6677,29.438,29.5036,20917407
2014-07-22,29.5611,29.6185,29.3478,29.4872,18186324
2014-07-23,29.4544,29.5036,29.3724,29.438,15179794
2014-07-24,29.0688,29.3067,28.7406,29.1262,45151793
2014-07-25,29.0196,29.2903,29.0114,29.1591,18663981
2014-07-28,29.9057,30.0493,29.5976,29.8318,20446268
2014-07-29,30.7097,30.7507,29.9139,30.0205,92452999
2014-07-30,29.9057,30.0493,29.5976,29.8318,20448397
2014-07-31,29.5775,29.7088,29.1344,29.2001,34609278
2014-08-01,29.356,29.3888,28.9457,28.9868,23963118
2014-08-04,29.0196,29.1509,28.8801,29.0934,21300407
2014-08-05,29.0114,29.0934,28.7242,28.8063,19505989
2014-08-06,28.716,28.7324,28.1909,28.4042,35941105
2014-08-07,28.5109,28.5437,28.035,28.0678,20756838
2014-08-08,28.1417,28.3058,28.0432,28.2812,18771085
2014-08-11,28.4617,28.5191,28.2319,28.2812,14724875
2014-08-12,28.3714,28.4699,28.2894,28.4206,15325177
2014-08-13,28.5109,28.5765,28.3058,28.4617,15950570
2014-08-14,28.5765,28.6586,28.3878,28.6422,14588827
2014-08-15,28.6586,28.6914,28.273,28.5027,26957837
2014-08-18,28.6093,28.634,28.3632,28.4288,18496149
2014-08-19,28.4617,28.4617,28.1663,28.2894,20478352
2014-08-20,28.3386,28.355,28.2566,28.3304,12553918
2014-08-21,28.3304,28.5109,28.314,28.4206,15933288
2014-08-22,28.355,28.4124,28.1827,28.3058,14286902
2014-08-25,28.3222,28.4371,28.2648,28.314,17321506
2014-08-26,28.3878,28.4288,28.273,28.3058,14805567
2014-08-27,28.3796,28.5437,28.3386,28.5109,14853669
2014-08-28,28.4371,28.5109,28.355,28.5027,10539723
2014-08-29,28.4945,28.6832,28.4042,28.6832,12709693
2014-09-02,28.6586,28.716,28.4699,28.5847,12691212
2014-09-03,28.675,28.716,28.5683,28.6914,13026774
2014-09-04,28.6996,28.716,28.5683,28.6668,12483872
2014-09-05,28.675,28.9293,28.6176,28.8391,17804408
2014-09-08,28.8145,28.8145,28.634,28.7242,10786573
2014-09-09,28.7488,28.7652,28.3468,28.4371,18786398
2014-09-10,28.4945,28.5355,28.2155,28.4699,17720295
2014-09-11,28.396,28.6176,28.3058,28.5929,16030167
2014-09-12,28.5765,28.6422,28.1909,28.3058,20219729
2014-09-15,28.396,28.5355,28.2401,28.4617,14689891
2014-09-16,28.396,28.7242,28.3714,28.675,15657502
2014-09-17,28.7324,28.8719,28.5765,28.7324,17142113
2014-09-18,28.8145,28.9129,28.7242,28.8473,17236314
2014-09-19,29.0032,29.1098,28.9047,29.1016,21894347
2014-09-22,29.0934,29.1673,28.9539,29.1262,16421187
2014-09-23,29.0934,29.1344,28.9047,28.9293,16803406
2014-09-24,28.9868,29.118,28.8637,29.0442,13315297
2014-09-25,29.0606,29.0688,28.6996,28.7816,21239001
2014-09-26,28.8801,28.995,28.6832,28.9457,14352393
2014-09-29,28.8309,28.9375,28.6914,28.9047,14978443
2014-09-30,28.9293,29.0421,28.7981,28.9129,20024720
2014-10-01,28.7899,28.9047,28.6586,28.6832,28857946
2014-10-02,28.7488,28.8145,28.5683,28.6914,24830419
2014-10-03,28.9293,29.6677,28.7816,29.0114,20779054
2014-10-06,29.1755,29.3149,29.0114,29.118,22132621
2014-10-07,29.1509,29.2165,28.9704,28.9868,21393586
2014-10-08,29.0283,29.2361,28.7789,29.2195,25153816
2014-10-09,29.178,29.2777,28.7623,28.8122,21612927
2014-10-10,28.8953,28.9286,28.4631,28.4714,28949332
2014-10-13,28.4049,28.5462,28.1139,28.1139,23641790
2014-10-14,28.1638,28.3134,28.0308,28.1305,22638108
2014-10-15,27.9975,28.2469,27.5154,28.1555,48562781
2014-10-16,27.956,28.1222,27.6401,27.9643,29222033
2014-10-17,28.1056,28.4298,27.9809,28.33,24470612
2014-10-20,28.33,28.5046,28.1305,28.4963,15258656
2014-10-21,28.488,28.8122,28.3384,28.7789,21771789
2014-10-22,28.9119,28.9203,28.5794,28.6792,24963094
2014-10-23,28.2968,28.355,27.8063,27.9809,55879187
2014-10-24,27.9477,28.2137,27.6983,28.1555,29836923
2014-10-27,28.1638,28.4631,28.1444,28.355,25358821
2014-10-28,28.5212,28.6044,28.3259,28.5379,26041391
2014-10-29,28.5961,28.8039,28.4049,28.5961,22630029
2014-10-30,28.488,28.7207,28.3633,28.6875,18482243
2014-10-31,28.8953,28.9701,28.7457,28.9618,24030347
2014-11-03,29.0699,29.1198,28.7706,28.9618,22214516
2014-11-04,29.0699,29.1613,28.7956,28.9203,17839552
2014-11-05,29.0449,29.0616,28.8538,29.0283,15587507
2014-11-06,29.0117,29.0533,28.6958,28.8621,17443725
2014-11-07,28.8538,29.0699,28.7041,29.02,17983738
2014-11-10,29.1447,29.2112,28.8122,29.1946,17921697
2014-11-11,29.2195,29.2195,28.9286,29.178,12299550
2014-11-12,29.1364,29.4606,29.0616,29.4273,18749961
2014-11-13,29.4024,29.843,29.3359,29.6019,20900773
2014-11-14,29.6268,30.0508,29.5936,29.843,20554339
2014-11-17,29.8097,29.843,29.6185,29.8014,12958772
2014-11-18,29.7349,29.818,29.6102,29.6933,17124511
2014-11-19,29.6185,29.6435,29.2445,29.4024,19342898
2014-11-20,29.3858,29.4606,29.2528,29.3276,12256061
2014-11-21,29.4938,29.5105,29.0865,29.3276,28262559
2014-11-24,29.0782,29.1738,28.4464,28.8454,36683616
2014-11-25,28.8039,28.9701,28.5129,28.9452,29342100
2014-11-26,29.0034,29.2611,28.9784,29.2029,14148710
2014-11-28,29.3276,29.5687,29.286,29.4107,12650457
2014-12-01,29.3276,29.4024,29.02,29.1447,19951045
2014-12-02,29.0034,29.1031,28.4049,28.5046,36930521
2014-12-03,28.4714,28.4755,28.197,28.2635,30742679
2014-12-04,28.33,28.3467,28.0557,28.1887,23030671
2014-12-05,28.1638,28.222,28.0266,28.2137,18893390
2014-12-08,28.2469,28.3384,28.1389,28.1638,17080013
2014-12-09,27.69,27.7066,26.9335,27.3408,59255535
2014-12-10,27.3408,27.3408,26.9418,27.0083,34766706
2014-12-11,27.1164,27.4738,27.0707,27.1912,28024732
2014-12-12,27.0332,27.0831,26.734,26.734,30070435
2014-12-15,26.867,26.9667,26.6592,26.8088,29995662
2014-12-16,26.8005,27.2743,26.7007,26.7174,28952122
2014-12-17,26.7839,27.266,26.734,27.1579,28939737
2014-12-18,27.4489,27.8562,27.3076,27.8562,37622694
2014-12-19,27.8313,28.064,27.7232,27.8812,40198284
2014-12-22,27.9809,28.2469,27.9061,28.1389,22690749
2014-12-23,28.3217,28.3965,28.1887,28.2885,19399224
2014-12-24,28.2802,28.4215,28.2054,28.2303,8831944
2014-12-26,28.3051,28.4547,28.2468,28.4049,11486762
2014-12-29,28.3217,28.488,28.2802,28.355,12708068
2014-12-30,28.3384,28.4298,28.2885,28.33,12369660
2014-12-31,28.2469,28.33,27.8812,27.9227,24178055
2015-01-02,28.064,28.2386,28.0058,28.1555,20564045
2015-01-05,28.1555,28.197,27.8645,27.8895,30429132
2015-01-06,28.0724,28.1017,27.7232,27.931,29595825
2015-01-07,28.3104,28.3188,27.5938,27.9647,31659967
2015-01-08,28.0238,28.3104,27.9479,28.243,22799838
2015-01-09,28.3441,28.4032,28.1502,28.1587,21492496
2015-01-12,28.3188,28.4622,28.2261,28.2345,20169887
2015-01-13,28.4284,28.5971,28.0448,28.2345,24260251
2015-01-14,28.0575,28.2008,27.8552,28.0996,22093512
2015-01-15,28.2345,28.3863,27.9732,28.0406,25800924
2015-01-16,27.9395,28.5465,27.9395,28.4959,37526900
2015-01-20,28.5549,28.6308,28.2851,28.6224,20257864
2015-01-21,28.5043,28.8584,28.3694,28.6645,34849322
2015-01-22,28.5296,28.6055,28.0659,28.4875,34756094
2015-01-23,28.4959,28.4959,28.1081,28.1334,25450018
2015-01-26,28.0912,28.1081,27.8636,27.9732,28533460
2015-01-27,27.8973,27.9226,27.6612,27.6612,30806122
2015-01-28,28.2177,28.361,27.5179,27.5516,45847685
2015-01-29,27.5516,27.9057,27.324,27.7877,31071397
2015-01-30,27.6275,28.1839,27.5854,27.754,56280900
2015-02-02,28.0828,28.3441,27.6528,28.2936,37289497
2015-02-03,28.3779,28.9511,28.3694,28.9511,41631381
2015-02-04,28.9427,29.2968,28.8584,29.0102,29862265
2015-02-05,29.0776,29.1703,28.9343,29.1198,19076449
2015-02-06,29.0776,29.5497,29.0102,29.398,27709243
2015-02-09,29.2631,29.4317,29.1619,29.2041,20110590
2015-02-10,29.3895,29.5666,29.3305,29.3811,19874086
2015-02-11,29.3305,29.3643,28.8753,28.9933,31904309
2015-02-12,29.0102,29.1872,28.8668,29.1788,19865624
2015-02-13,29.1282,29.2799,28.9764,29.2209,16082410
2015-02-17,29.1703,29.2799,29.0439,29.2631,19254560
2015-02-18,29.2799,29.2799,28.9596,29.0776,17098644
2015-02-19,29.0692,29.0692,28.6898,28.7404,18916020
2015-02-20,28.7151,28.7341,28.5127,28.7319,21281990
2015-02-23,28.6392,28.7067,28.4453,28.538,23418791
2015-02-24,28.4537,28.7657,28.3273,28.7067,19382011
2015-02-25,28.7741,28.85,28.6476,28.8415,17838244
2015-02-26,28.7657,29.1619,28.7151,29.086,23156212
2015-02-27,29.0186,29.1535,28.9849,29.1366,19863613
2015-03-02,28.9764,29.2125,28.8415,29.2041,21637623
2015-03-03,29.1113,29.2125,28.9596,29.0102,20202426
2015-03-04,29.0439,29.0439,28.6392,28.6645,23392257
2015-03-05,28.791,28.8331,28.6561,28.6645,14524108
2015-03-06,28.3104,28.4706,28.1334,28.2261,39761466
2015-03-09,28.2008,28.3178,28.0828,28.1165,19465163
2015-03-10,28.0406,28.0406,27.6107,27.636,32469515
2015-03-11,27.7203,27.7287,27.4168,27.5011,29021649
2015-03-12,27.6865,27.9985,27.5685,27.931,27016791
2015-03-13,27.813,27.8467,27.4842,27.6191,26808003
2015-03-16,27.6444,27.9057,27.5516,27.872,20531508
2015-03-17,27.695,27.9226,27.6275,27.7371,23903202
2015-03-18,27.7624,28.3188,27.5601,28.3188,47849320
2015-03-19,28.2514,28.2514,27.9732,27.99,19913718
2015-03-20,28.0491,28.3273,27.9985,28.0153,38651753
2015-03-23,28.1334,28.3947,28.0575,28.0575,23983771
2015-03-24,28.0153,28.1755,27.8804,27.8804,20127168
2015-03-25,27.8383,27.9142,27.5011,27.5011,29163095
2015-03-26,27.5095,27.931,27.4926,27.6697,30624186
2015-03-27,27.7708,27.7793,27.5685,27.6107,20852749
2015-03-30,27.6697,27.8552,27.6528,27.7961,18904259
2015-03-31,27.7961,27.8467,27.5264,27.5264,27900236
2015-04-01,27.5011,27.7456,27.4336,27.7287,25365035
2015-04-02,27.7371,28.0153,27.6697,27.931,19273905
2015-04-06,27.9479,28.1671,27.872,28.0996,22972509
2015-04-07,28.1165,28.2008,27.9521,27.9563,24004977
2015-04-08,27.9905,28.0932,27.8494,27.9221,21381233
2015-04-09,27.8623,28.0418,27.7425,27.9563,21073712
2015-04-10,28.0247,28.0761,27.9221,28.0247,15063632
2015-04-13,28.0162,28.2804,27.9649,28.1188,22730981
2015-04-14,28.153,28.1616,27.8965,27.9563,18265057
2015-04-15,27.9734,28.1872,27.9135,28.1274,19856010
2015-04-16,28.0162,28.1359,27.9649,28.0076,17597252
2015-04-17,27.9221,27.9649,27.6827,27.8024,29716225
2015-04-20,27.9221,28.1103,27.9221,28.0761,24314582
2015-04-21,28.0846,28.0932,27.8623,27.9307,19720409
2015-04-22,28.0333,28.1274,27.8366,28.1017,29775479
2015-04-23,28.6063,29.4187,28.5037,29.2733,91372881
2015-04-24,29.2562,29.3503,29.0424,29.0852,42046912
2015-04-27,29.1194,29.3332,29.1108,29.1536,24468943
2015-04-28,29.3161,29.919,29.222,29.8121,48688362
2015-04-29,29.5726,30.1285,29.5384,29.7266,40722497
2015-04-30,29.6753,29.8463,29.547,29.624,29693238
2015-05-01,29.5555,29.6924,29.1878,29.4358,34167621
2015-05-04,29.4273,29.6838,29.2904,29.5299,21304960
2015-05-05,29.4957,29.5726,28.7859,28.8372,31805035
2015-05-06,28.8286,28.897,28.2899,28.5464,30701511
2015-05-07,28.4352,28.7003,28.3155,28.5379,22643503
2015-05-08,28.8372,28.9313,28.726,28.8115,27681434
2015-05-11,28.7773,28.8201,28.5464,28.6405,21479715
2015-05-12,28.4866,29.0253,28.2514,28.7859,41281635
2015-05-13,28.7602,29.1964,28.7089,28.9911,34748757
2015-05-14,29.1451,29.2477,29.0766,29.1878,23908724
2015-05-15,29.1707,29.4059,29.0852,29.3588,28264128
2015-05-18,29.3161,29.9489,29.299,29.8207,59611861
2015-05-19,29.7522,29.8036,29.222,29.3931,38270674
2015-05-20,29.4444,29.6838,29.3246,29.6069,27280899
2015-05-21,29.547,30.12,29.5213,29.9917,41576038
2015-05-22,29.8378,29.9575,29.6026,29.6838,26349206
2015-05-26,29.5898,29.7223,29.299,29.6496,40654956
2015-05-27,29.718,30.0131,29.5898,29.8891,36633602
2015-05-28,29.8976,29.9061,29.624,29.7608,19591680
2015-05-29,29.718,29.7779,29.5384,29.5384,29885075
2015-06-01,29.5299,29.5898,29.2819,29.376,28235746
2015-06-02,29.3931,29.5299,29.3161,29.3845,19508848
2015-06-03,29.4615,30.0772,29.3845,29.9575,39115938
2015-06-04,29.8634,30.3423,29.7437,30.1627,56219033
2015-06-05,30.0687,30.0772,29.5042,29.5641,36713215
2015-06-08,29.5042,29.6924,29.5,29.5812,25928796
2015-06-09,29.5812,29.7522,29.5042,29.5128,23986602
2015-06-10,29.5812,29.7266,29.5812,29.6924,31312320
2015-06-11,29.7779,29.9147,29.7437,29.8292,30440848
2015-06-12,29.718,29.8976,29.624,29.6325,25869065
2015-06-15,29.5384,29.5641,29.4187,29.4273,24465457
2015-06-16,29.3332,29.718,29.299,29.6496,29729847
2015-06-17,29.6924,29.8036,29.5384,29.7608,30455930
2015-06-18,29.7608,30.0174,29.7266,29.9489,37333202
2015-06-19,29.8634,29.9831,29.8292,29.9233,35660954
2015-06-22,30.0174,30.0601,29.9318,29.966,23586540
2015-06-23,30.4193,31.0008,30.368,30.7101,69970850
2015-06-24,30.7186,30.7443,30.5134,30.5989,33443204
2015-06-25,30.8982,31.1719,30.8212,30.941,47585217
2015-06-26,31.112,31.1291,30.7101,30.8896,30005945
2015-06-29,30.6758,30.9837,30.5732,30.5903,28999241
2015-06-30,30.8127,30.9153,30.3252,30.3765,31390076
2015-07-01,30.4364,30.4706,30.1627,30.4193,36972230
2015-07-02,30.6587,30.7272,30.4792,30.5561,22254343
2015-07-06,30.4449,30.4963,30.3338,30.4535,25640275
2015-07-07,30.6074,30.6587,30.2483,30.5903,27143865
2015-07-08,30.573,30.6077,30.1051,30.1484,31591717
2015-07-09,30.3477,30.365,29.7498,29.8018,33071347
2015-07-10,30.0011,30.2004,29.8018,30.0271,30999216
2015-07-13,30.1137,30.3044,30.0444,30.2264,26803199
2015-07-14,30.1051,30.443,30.0357,30.4344,25142412
2015-07-15,30.417,30.443,30.0531,30.0964,29044933
2015-07-16,30.2004,30.495,30.2004,30.469,18452262
2015-07-17,30.417,30.5384,30.2437,30.339,21900306
2015-07-20,30.365,30.3824,30.0791,30.2437,22216806
2015-07-21,30.0444,30.0444,29.8018,29.9577,27871667
2015-07-22,29.6804,29.7671,29.4811,29.6978,51795757
2015-07-23,29.7064,29.7584,29.3425,29.4031,37054344
2015-07-24,30.0357,30.4084,29.7151,29.7151,87250857
2015-07-27,29.6544,30.0357,29.4811,29.7411,50523631
2015-07-28,29.9577,29.9664,29.6544,29.7498,52950672
2015-07-29,29.8711,30.2524,29.7844,30.0617,42986075
2015-07-30,30.2091,30.235,30.0531,30.1571,25958774
2015-07-31,30.2784,30.3217,30.0877,30.1051,29880938
2015-08-03,30.287,30.3477,29.8971,30.0357,29677589
2015-08-04,30.1484,30.1571,29.8971,29.9664,26249913
2015-08-05,30.1484,30.1831,29.9057,29.9577,22837624
2015-08-06,29.9404,29.9751,29.4205,29.6718,32734164
2015-08-07,29.5591,29.6891,29.4985,29.6458,25627574
2015-08-10,29.7238,30.1397,29.6371,30.1397,29179771
2015-08-11,29.9837,30.2957,29.9577,30.0271,35402719
2015-08-12,29.3425,29.5245,28.9872,29.4811,62201296
2015-08-13,29.4725,29.6111,29.2818,29.2991,35521094
2015-08-14,29.3858,29.5071,29.2731,29.5071,22759594
2015-08-17,29.4291,29.6631,29.3771,29.6631,21050631
2015-08-18,29.6024,29.8364,29.5678,29.7671,20538165
2015-08-19,29.7194,29.8971,29.5245,29.7758,21136421
2015-08-20,29.6111,29.8624,29.4205,29.4205,38363358
2015-08-21,29.2038,29.4205,28.9265,28.9265,41636652
2015-08-24,27.8866,28.8312,26.838,28.0513,77231318
2015-08-25,28.6925,28.6925,27.5313,27.5573,50674199
2015-08-26,28.0426,28.4672,27.7393,28.3286,49631208
2015-08-27,28.6059,29.0218,28.4412,28.9785,42589884
2015-08-28,28.8918,28.9872,28.6839,28.8485,24154034
2015-08-31,28.7705,28.8398,28.6059,28.7705,22286485
2015-09-01,28.2506,28.4152,27.8693,28.0079,33048031
2015-09-02,28.5452,28.5712,28.1639,28.4412,24093045
2015-09-03,28.5712,28.8052,28.5279,28.6319,22833383
2015-09-04,28.3199,28.4066,28.0339,28.2159,29318876
2015-09-08,28.5539,28.7619,28.4326,28.7185,18851006
2015-09-09,28.9438,29.0305,28.3546,28.4066,22559067
2015-09-10,28.3979,28.4586,28.2072,28.3806,25602293
2015-09-11,28.3632,28.4066,28.2159,28.3546,17626947
2015-09-14,28.3719,28.4066,28.1726,28.2072,18504744
2015-09-15,28.3199,28.5365,28.1986,28.4759,22371691
2015-09-16,28.4759,28.6839,28.3892,28.5452,23514162
2015-09-17,28.3632,28.7185,28.0859,28.4066,37922104
2015-09-18,28.3199,28.4152,28.0859,28.2072,44627155
2015-09-21,28.2072,28.3286,28.1206,28.2159,19870297
2015-09-22,28.0079,28.1206,27.8433,27.9646,25518683
2015-09-23,27.9819,28.0253,27.7653,27.9039,15739211
2015-09-24,27.748,27.9299,27.6873,27.8259,24741378
2015-09-25,27.9646,28.3372,27.8694,28.0166,27104244
2015-09-28,27.9559,28.0253,27.6266,27.644,35924918
2015-09-29,27.722,27.8866,27.6006,27.7913,33785189
2015-09-30,28.0426,28.3459,27.9386,28.2332,34815542
2015-10-01,28.1466,28.2852,27.8779,28.1899,30815524
2015-10-02,28.0253,28.2852,27.8909,28.2852,28505888
2015-10-05,28.5799,29.0218,28.5712,28.9698,27876700
2015-10-06,29.0305,29.0478,28.8139,28.8658,27867020
2015-10-07,29.068,29.3053,29.0153,29.112,21049983
2015-10-08,29.1032,29.3669,28.8922,29.3581,17305160
2015-10-09,29.3757,29.4636,29.0065,29.1295,19351286
2015-10-12,29.1823,29.279,29.068,29.2702,14204166
2015-10-13,29.1735,29.2614,29.0592,29.1999,22148602
2015-10-14,29.2087,29.3493,29.0988,29.2438,23682944
2015-10-15,29.2966,29.446,29.1823,29.4372,19170403
2015-10-16,29.6657,29.7624,29.4811,29.736,33236999
2015-10-19,29.5602,29.613,29.3757,29.5602,28250828
2015-10-20,29.5251,29.7536,29.4592,29.6657,20085967
2015-10-21,29.78,29.8327,29.2966,29.5339,27244083
2015-10-22,29.4108,30.0261,29.4108,29.8503,33298676
2015-10-23,30.5008,30.5359,29.5515,29.6569,46231419
2015-10-26,29.6657,29.6745,29.4284,29.5866,25419196
2015-10-27,29.5075,29.5427,29.1471,29.1911,24455958
2015-10-28,29.3229,29.5339,29.1164,29.3757,27816831
2015-10-29,29.4284,29.5954,29.2526,29.4899,17841785
2015-10-30,29.5515,29.6657,29.4548,29.4548,24581781
2015-11-02,29.613,29.6965,29.3493,29.5427,25538709
2015-11-03,29.4899,29.6657,29.4108,29.5602,17702788
2015-11-04,29.6745,29.6921,29.3932,29.4284,17296080
2015-11-05,29.4372,29.4943,29.2438,29.3053,16142689
2015-11-06,29.1999,29.2438,28.8834,29.1471,21494479
2015-11-09,28.9713,28.9801,28.7867,28.8658,20434334
2015-11-10,28.8834,28.9186,28.7164,28.8219,19263266
2015-11-11,28.8658,29.0065,28.8307,28.9362,14038925
2015-11-12,28.8658,28.8834,28.6813,28.734,17408424
2015-11-13,28.6901,28.8658,28.4,28.4,23626877
2015-11-16,28.4351,29.0504,28.3209,29.0416,23601573
2015-11-17,29.068,29.4636,29.0592,29.235,20367714
2015-11-18,29.2262,29.5163,29.0241,29.4811,22233784
2015-11-19,29.4636,29.6657,29.4196,29.5515,17963221
2015-11-20,29.6569,29.6921,29.4899,29.5866,20454634
2015-11-23,29.5866,29.6042,29.3845,29.4108,15273672
2015-11-24,29.2614,29.5251,29.1823,29.3493,17717544
2015-11-25,29.3141,29.446,29.2174,29.402,14601726
2015-11-27,29.446,29.6921,29.4284,29.5075,9327165
2015-11-30,29.5251,29.6657,29.3757,29.5954,24902331
2015-12-01,29.6921,29.8591,29.5163,29.6833,16761516
2015-12-02,29.6745,29.8415,29.4811,29.4987,25851585
2015-12-03,29.5427,29.5866,29.0153,29.0944,28748306
2015-12-04,29.1735,30.0349,29.1537,29.9822,35685874
2015-12-07,29.78,30.2283,29.78,30.1228,33956203
2015-12-08,29.8415,29.9734,29.5602,29.7536,28419892
2015-12-09,29.6657,30.0876,29.4213,29.5075,25052195
2015-12-10,29.5602,29.9118,29.4899,29.5954,27712858
2015-12-11,29.3669,29.5251,29.0856,29.1559,26947761
2015-12-14,29.1383,29.5778,29.1032,29.5339,26398246
2015-12-15,29.6394,29.8239,29.3669,29.7185,25359533
2015-12-16,29.8064,30.3074,29.7976,30.2371,31192674
2015-12-17,30.2546,30.4217,29.9118,29.9118,27720504
2015-12-18,29.7712,29.8833,29.5339,29.5339,51216301
2015-12-21,29.8152,29.9813,29.6657,29.9646,20392438
2015-12-22,30.1404,30.3074,29.8943,30.2459,20427315
2015-12-23,30.2634,30.6941,30.2634,30.5711,19309618
2015-12-24,30.5447,30.5623,30.3636,30.4656,6862360
2015-12-28,30.4304,30.659,30.4129,30.5535,13928439
2015-12-29,30.7117,30.7557,30.5799,30.7029,14368149
2015-12-30,30.7029,30.7205,30.4832,30.5359,13754402
2015-12-31,30.3777,30.4656,30.2283,30.2459,20261791
2016-01-04,29.9558,30.1931,29.8855,30.1931,31779464
2016-01-05,30.1931,30.492,29.991,30.4041,30707275
2016-01-06,30.1456,30.4932,30.0565,30.3595,26911800
2016-01-07,29.9673,30.3917,29.8693,29.8693,35111351
2016-01-08,30.101,30.2704,29.7801,29.896,28090768
2016-01-11,30.0921,30.3952,29.8915,30.2615,26438778
2016-01-12,30.3952,30.4754,30.003,30.2169,24124055
2016-01-13,30.3149,30.5701,30.0654,30.0743,40241272
2016-01-14,30.1991,30.7963,30.0832,30.5734,36327435
2016-01-15,30.003,30.6091,29.9584,30.2971,44922089
2016-01-19,30.4932,30.8408,30.4041,30.7606,36753824
2016-01-20,30.4308,30.618,29.798,30.2169,50529565
2016-01-21,30.2971,31.0904,30.1188,30.7874,40974674
2016-01-22,31.0904,31.3578,30.93,31.3222,33139786
2016-01-25,31.3667,31.5807,30.9924,31.1974,30264443
2016-01-26,31.2241,31.7055,31.135,31.5539,41677105
2016-01-27,31.1885,31.9105,31.1082,31.6252,50263024
2016-01-28,31.8837,31.9016,31.3846,31.6698,26184435
2016-01-29,31.8302,32.1422,31.8035,32.1422,43280510
2016-02-01,32.1244,32.4453,31.9843,32.2492,33350478
2016-02-02,32.2135,32.2626,31.9016,32.1422,29148397
2016-02-03,32.1957,32.8018,31.9996,32.7305,37992735
2016-02-04,32.7394,32.8196,32.3294,32.5612,31041614
2016-02-05,32.6146,33.0157,32.5612,32.8731,34662602
2016-02-08,32.6235,33.0871,32.4364,33.0781,41030576
2016-02-09,32.7127,32.8731,32.2314,32.6681,35252268
2016-02-10,32.6681,32.7483,32.3205,32.472,26878196
2016-02-11,32.1422,32.4007,32.0085,32.2759,42253943
2016-02-12,32.4007,32.5433,32.132,32.5077,26449974
2016-02-16,32.6949,32.7573,32.2581,32.6681,27691627
2016-02-17,32.7573,32.7929,32.5612,32.6592,26002792
2016-02-18,32.6414,32.9801,32.5433,32.9712,21904662
2016-02-19,32.891,32.9623,32.5522,32.5968,24709636
2016-02-22,32.7483,32.8553,32.579,32.8553,21383086
2016-02-23,32.8107,32.8999,32.5433,32.7483,20577401
2016-02-24,32.7127,33.0781,32.6503,33.0692,22762242
2016-02-25,33.0692,33.4258,33.0247,33.3099,22799091
2016-02-26,33.4169,33.4213,33.0336,33.096,22173113
2016-02-29,33.0871,33.3277,32.9355,32.9355,29197457
2016-03-01,33.0692,33.3277,33.0336,33.3277,19509803
2016-03-02,33.1762,33.5951,33.0781,33.5951,21510592
2016-03-03,33.5951,33.9695,33.4169,33.8625,27697752
2016-03-04,33.7912,33.9962,33.6932,33.809,20739501
2016-03-07,33.6932,34.0408,33.5238,33.9873,22010112
2016-03-08,33.8447,34.2458,33.7377,33.9517,24606566
2016-03-09,33.9784,34.1567,33.7199,33.8536,22171595
2016-03-10,33.9249,34.2369,33.8714,34.1478,25215770
2016-03-11,34.2726,34.3617,34.023,34.1923,20835630
2016-03-14,34.2012,34.2993,33.9873,34.1567,17626297
2016-03-15,33.9695,34.3349,33.9606,34.3349,14772602
2016-03-16,34.3528,34.6558,34.1923,34.5578,21044776
2016-03-17,34.5578,34.9322,34.5132,34.8698,27719792
2016-03-18,34.9678,34.9901,34.3706,34.3706,41102128
2016-03-21,34.4597,34.8252,34.3706,34.6915,20679226
2016-03-22,34.6737,34.7182,34.433,34.433,22031234
2016-03-23,34.4063,34.457,34.2012,34.3528,20807918
2016-03-24,34.2102,34.6647,34.2102,34.6558,17795101
2016-03-28,34.7628,35.0124,34.5934,34.8252,21543725
2016-03-29,34.8787,35.2976,34.7182,35.1639,25894874
2016-03-30,35.3065,35.4046,34.8341,35.0926,25745554
2016-03-31,35.1372,35.2709,34.7717,34.9143,27101194
2016-04-01,34.4687,34.8698,34.4152,34.8074,27725134
2016-04-04,34.9054,35.0837,34.8252,35.0837,18038726
2016-04-05,35.0213,35.0837,34.7628,34.9322,24887392
2016-04-06,35.0043,35.1307,34.7336,34.869,22267428
2016-04-07,34.6073,34.8419,34.49,34.8239,22285728
2016-04-08,34.9502,35.1036,34.6253,34.7426,17562859
2016-04-11,34.8961,34.9096,34.5892,34.6434,17720618
2016-04-12,34.7156,35.0043,34.6344,34.8961,17646431
2016-04-13,34.9953,35.0495,34.4584,34.517,22606039
2016-04-14,34.517,34.8148,34.508,34.6705,13763676
2016-04-15,34.7066,34.8329,34.6524,34.7246,15781622
2016-04-18,34.8058,35.0134,34.6073,34.878,17332019
2016-04-19,35.0134,35.1307,34.7697,35.1217,15936618
2016-04-20,35.1848,35.2029,34.887,34.9412,16784106
2016-04-21,34.7697,34.8148,34.1561,34.1651,32236612
2016-04-22,34.1561,34.4403,34.1561,34.3546,24300177
2016-04-25,34.3185,34.499,34.1651,34.481,17583053
2016-04-26,34.5802,34.6614,34.2012,34.3727,20900881
2016-04-27,34.1651,35.1126,34.0478,34.9412,41417702
2016-04-28,34.9412,35.0856,34.7878,34.869,20204172
2016-04-29,34.869,35.0856,34.7246,35.0314,25345903
2016-05-02,35.0765,35.3292,34.9953,35.2841,22063313
2016-05-03,35.2119,35.266,34.9051,35.1126,21826010
2016-05-04,34.9683,35.1939,34.8148,35.0856,15480828
2016-05-05,35.1397,35.1848,34.887,34.9592,16239451
2016-05-06,34.9953,35.1848,34.7156,35.1848,15663665
2016-05-09,35.1848,35.2931,35.0404,35.0675,13495290
2016-05-10,35.2119,35.5368,35.1758,35.4736,17375742
2016-05-11,35.4375,35.5052,35.2119,35.3563,14414835
2016-05-12,35.4646,35.7953,35.3743,35.6902,18734945
2016-05-13,35.636,35.6631,35.2931,35.3292,16490761
2016-05-16,35.1487,35.4635,35.1036,35.4465,15057768
2016-05-17,35.4104,35.4916,35.1939,35.2931,22056258
2016-05-18,35.2751,35.3292,34.5351,34.6975,25664732
2016-05-19,34.5351,34.7156,34.0839,34.6885,27414773
2016-05-20,34.869,34.9051,34.5712,34.6975,20244545
2016-05-23,34.7291,34.7517,34.5261,34.5802,15380932
2016-05-24,34.7066,34.7923,34.6434,34.7426,14131748
2016-05-25,34.8961,34.9412,34.6975,34.8509,14711598
2016-05-26,34.9141,35.1848,34.869,35.0495,16017020
2016-05-27,35.0404,35.1848,34.8329,35.1848,15671699
2016-05-31,35.2209,35.3743,35.1397,35.3292,27940040
2016-06-01,35.2841,35.3021,34.8419,34.9502,17055682
2016-06-02,34.9502,35.0495,34.8148,35.0495,12301701
2016-06-03,35.1668,35.4375,35.1307,35.3834,19244872
2016-06-06,35.3924,35.6225,35.3563,35.5007,16739113
2016-06-07,35.5277,35.997,35.4916,35.9068,24912512
2016-06-08,35.8436,35.9789,35.7714,35.9699,14426365
2016-06-09,35.9428,36.2497,35.7804,36.1775,20692359
2016-06-10,36.0511,36.5745,35.988,36.3941,25865528
2016-06-13,36.2677,36.5114,36.2136,36.2677,16769475
2016-06-14,36.2497,36.5204,36.0331,36.4392,23015012
2016-06-15,36.4933,36.6106,36.3399,36.358,19480526
2016-06-16,36.2767,36.6016,36.2226,36.5384,20105344
2016-06-17,36.5836,36.8723,36.3941,36.755,27265958
2016-06-20,37.0348,37.0438,36.5745,36.8001,20229718
2016-06-21,36.8453,37.2784,36.6016,37.0618,19938071
2016-06-22,37.0528,37.504,37.0528,37.2694,20244299
2016-06-23,37.495,37.8018,37.3416,37.7928,19035036
2016-06-24,37.4047,38.1086,37.2694,37.4679,57147245
2016-06-27,37.2604,37.9823,37.2604,37.9281,37479339
2016-06-28,38.0274,38.0545,37.7838,37.9191,34419032
2016-06-29,38.0996,38.3884,37.9733,38.3884,23671515
2016-06-30,38.5237,39.1825,38.3884,38.993,31913433
2016-07-01,39.1825,39.2998,38.8125,39.2276,23237349
2016-07-05,39.2547,39.6066,39.1013,39.1193,35585261
2016-07-06,39.2197,39.3292,38.727,39.3292,26454246
2016-07-07,38.9825,39.1467,38.4441,38.5992,23707909
2016-07-08,38.4441,38.9551,38.0517,38.8821,28443845
2016-07-11,38.7543,38.8684,38.5171,38.7908,21593732
2016-07-12,38.6905,38.873,38.5353,38.6996,18676642
2016-07-13,38.7452,39.1193,38.6448,38.8638,14852271
2016-07-14,38.7361,39.2015,38.7361,39.0281,16655313
2016-07-15,39.1558,39.311,38.9642,39.1376,16646630
2016-07-18,39.1102,39.1467,38.9368,39.1011,12340995
2016-07-19,39.0463,39.1011,38.9414,39.0281,13665551
2016-07-20,39.0098,39.0646,38.8,38.9733,14088416
2016-07-21,38.8273,39.0372,38.6357,38.8,22592875
2016-07-22,38.8091,39.6395,38.7817,39.3383,30724325
2016-07-25,39.1741,39.2106,38.9688,39.1832,14591550
2016-07-26,39.1285,39.2211,38.581,38.6722,20078590
2016-07-27,38.6631,39.1604,38.6631,39.019,19811142
2016-07-28,38.9368,38.946,38.6448,38.8547,13510436
2016-07-29,38.8912,39.5938,38.7452,39.5026,25245687
2016-08-01,39.4661,39.6942,39.3383,39.4022,20650203
2016-08-02,39.5026,39.5208,39.165,39.384,19595004
2016-08-03,39.3201,39.4387,39.165,39.3657,13632451
2016-08-04,39.4022,39.457,39.1923,39.311,11893979
2016-08-05,39.384,39.4387,39.0281,39.384,19623229
2016-08-08,39.3931,39.3931,39.0555,39.1741,14033580
2016-08-09,39.1923,39.3201,39.0372,39.311,14758158
2016-08-10,39.2927,39.5117,39.2927,39.4205,11733530
2016-08-11,39.5208,39.676,39.4761,39.5938,11979692
2016-08-12,39.6121,39.6577,39.4113,39.4935,10541330
2016-08-15,39.4296,39.5254,39.2562,39.2562,16248020
2016-08-16,39.238,39.2471,38.2433,38.2889,31646489
2016-08-17,38.3346,38.3985,37.7232,38.1977,29338669
2016-08-18,38.0882,38.1794,37.5133,37.7779,32552462
2016-08-19,37.6228,37.6411,37.1301,37.4221,29461925
2016-08-22,37.3399,37.4038,37.0023,37.3308,17672667
2016-08-23,37.4038,37.4403,37.2122,37.2761,15053490
2016-08-24,37.3217,37.4038,37.0479,37.2943,16168912
2016-08-25,37.2943,37.5772,37.1848,37.4768,16903671
2016-08-26,37.5316,37.6776,37.0479,37.1209,17859484
2016-08-29,37.2304,37.4586,37.1574,37.4129,12944928
2016-08-30,37.5407,37.5407,37.1666,37.3126,11217626
2016-08-31,37.3673,37.4586,37.1027,37.3034,18740526
2016-09-01,37.2761,37.4129,37.0936,37.3764,15706888
2016-09-02,37.4951,37.7597,37.1757,37.3673,19066997
2016-09-06,37.4312,37.7414,37.2396,37.6228,15532736
2016-09-07,37.6502,37.7232,37.4038,37.6593,13531348
2016-09-08,37.6593,37.7688,37.4586,37.5863,13524514
2016-09-09,37.3947,37.4814,36.2084,36.2358,38500118
2016-09-12,36.108,37.2761,36.0898,37.1483,26864166
2016-09-13,36.9111,36.9202,36.2906,36.4731,25529490
2016-09-14,36.4548,36.7377,36.2814,36.4001,26539479
2016-09-15,36.3179,37.0662,36.1537,36.9111,22950495
2016-09-16,36.8107,36.8732,36.4092,36.6829,41350621
2016-09-19,36.6829,36.7194,36.3727,36.5552,16182836
2016-09-20,36.6464,36.8928,36.3909,36.4639,14197793
2016-09-21,36.5461,37.0753,36.4731,37.0206,19130890
2016-09-22,37.1666,37.5863,37.1392,37.5133,22283255
2016-09-23,37.5498,37.7688,37.1666,37.6684,18867573
2016-09-26,37.6684,37.7871,37.5133,37.5407,16647231
2016-09-27,37.6228,38.0517,37.4677,37.8327,18440158
2016-09-28,37.4221,37.4768,37.0297,37.2761,26340209
2016-09-29,37.1848,37.4768,36.9019,37.1666,17046784
2016-09-30,37.3308,37.4494,37.0479,37.0571,19381624
2016-10-03,37.0662,37.4494,36.9567,37.2031,16581726
2016-10-04,37.1574,37.1939,36.2358,36.4092,33179916
2016-10-05,36.1446,36.1628,35.4328,35.7339,22600914
2016-10-06,35.7065,35.7704,35.5058,35.6883,15750590
2016-10-07,35.7887,35.8525,35.3233,35.4693,19171955
2016-10-10,35.524,35.7704,34.867,35.597,19020705
2016-10-11,35.5332,35.9347,35.2229,35.6792,22314937
2016-10-12,35.7248,36.0305,35.6427,35.889,17179912
2016-10-13,35.8434,36.0259,35.6062,35.9255,17546584
2016-10-14,35.962,36.1126,35.7887,35.7887,13516996
2016-10-17,35.6792,36.035,35.6335,35.8343,13885020
2016-10-18,35.7978,35.9985,35.7248,35.9164,16038459
2016-10-19,36.0077,36.108,35.8708,35.9347,11711489
2016-10-20,35.6335,35.6609,35.1317,35.2685,31131452
2016-10-21,35.0404,35.2868,33.7264,34.21,82764994
2016-10-24,33.3158,34.064,33.1241,33.6351,100586152
2016-10-25,33.772,33.8176,33.3523,33.4891,40486449
2016-10-26,33.4344,33.553,33.0968,33.2428,32878669
2016-10-27,33.3979,33.6625,33.2701,33.3249,43182011
2016-10-28,33.4435,33.5895,33.2519,33.3158,23224073
2016-10-31,33.407,33.5986,33.3249,33.5713,31383700
2016-11-01,33.7355,33.9363,33.2154,33.3614,27614238
2016-11-02,33.3979,33.4891,33.1241,33.188,26048829
2016-11-03,33.3614,33.7538,33.2017,33.4253,25546912
2016-11-04,33.5621,33.5986,33.3066,33.3066,23256251
2016-11-07,33.5713,33.6443,33.4344,33.5895,21394359
2016-11-08,33.5895,33.845,33.5895,33.7538,17810769
2016-11-09,33.7355,34.2465,33.2428,34.1644,34764352
2016-11-10,34.1918,34.1918,33.2154,33.3705,37997370
2016-11-11,33.3158,33.3705,33.1241,33.3158,25316779
2016-11-14,33.407,33.4253,32.9416,32.969,26128805
2016-11-15,32.9964,33.553,32.9781,33.553,20888751
2016-11-16,33.6899,33.9728,33.626,33.8998,20835680
2016-11-17,34.0367,34.3925,34.0093,34.137,21184898
2016-11-18,34.1735,34.3195,34.0367,34.2739,16982232
2016-11-21,34.3743,34.4382,34.1827,34.4382,17247420
2016-11-22,34.6663,35.3507,34.5112,35.1773,26151950
2016-11-23,35.0587,35.5605,35.0495,35.3415,24566485
2016-11-25,35.378,35.7795,35.3415,35.7795,10844449
2016-11-28,35.7522,36.1993,35.7476,36.0807,26656518
2016-11-29,36.1172,36.1638,35.8343,36.0259,19857210
2016-11-30,35.7795,35.7795,35.2412,35.2503,32679291
2016-12-01,35.2503,35.5058,34.8214,35.4784,27398387
2016-12-02,35.4419,35.6974,35.1043,35.232,16102161
2016-12-05,35.3142,35.5697,35.2503,35.2503,20773441
2016-12-06,35.3872,35.9666,35.3096,35.9073,23569775
2016-12-07,36.035,36.9476,35.9849,36.9111,32963365
2016-12-08,36.7286,37.1848,36.6738,36.8746,21999139
2016-12-09,36.7559,36.8837,36.6556,36.8472,17105180
2016-12-12,37.0114,37.7369,36.9841,37.5224,31909648
2016-12-13,37.6593,37.9239,37.6137,37.7414,21159925
2016-12-14,37.6867,37.9148,37.3491,37.5042,26333353
2016-12-15,37.3217,38.0334,37.2761,37.8692,24486628
2016-12-16,38.0061,38.0973,37.7962,38.0243,27954545
2016-12-19,38.0243,38.4897,37.8236,38.435,20563919
2016-12-20,38.4806,39.019,38.4532,38.7543,21164413
2016-12-21,38.7087,38.8456,38.6266,38.654,13752986
2016-12-22,38.5445,39.0372,38.4715,38.9825,17560579
2016-12-23,39.0463,39.0555,38.7543,38.9916,9645385
2016-12-27,38.9916,39.092,38.8,38.9186,11432741
2016-12-28,38.9186,39.0737,38.7543,38.8,11026941
2016-12-29,38.8091,39.0555,38.8091,38.9277,12389183
2016-12-30,39.019,39.0828,38.7361,38.8091,16674019
2017-01-03,38.9551,39.2653,38.8,39.2562,26006613
2017-01-04,39.1832,39.238,38.9733,39.0281,23203010
2017-01-05,39.1011,39.1376,38.8091,38.9186,25711211
2017-01-06,38.7524,38.7709,38.0416,38.1432,32687866
2017-01-09,38.1155,38.2124,37.6632,37.6632,25484735
2017-01-10,37.5339,37.9032,37.1462,37.6724,21521928
2017-01-11,37.2754,37.5708,37.1831,37.4878,24536368
2017-01-12,37.4508,37.9493,37.3862,37.857,19900273
2017-01-13,37.7739,38.0139,37.6539,37.8108,13932163
2017-01-17,37.8478,37.977,37.6262,37.9493,22535807
2017-01-18,37.9862,38.0693,37.6401,37.6632,19476461
2017-01-19,37.7462,37.8662,37.5801,37.8478,16693296
2017-01-20,38.1524,38.6509,38.1155,38.2632,25164892
2017-01-23,38.2724,38.8355,38.2078,38.7709,25211309
2017-01-24,38.217,38.5309,37.8939,38.1801,28700959
2017-01-25,38.1524,38.2816,37.7462,38.2078,21460549
2017-01-26,38.0047,38.6324,37.8108,38.5586,28137256
2017-01-27,38.7524,39.0478,38.5401,38.7801,19017620
2017-01-30,38.7155,38.8909,38.457,38.6047,15876087
2017-01-31,38.4755,38.9463,38.3832,38.9186,25405353
2017-02-01,39.0294,39.1955,38.6417,38.8263,32082528
2017-02-02,38.7894,38.8355,37.8016,38.0139,29154279
2017-02-03,38.2909,38.3278,38.0324,38.0786,19151025
2017-02-06,38.097,38.097,37.8293,37.9032,11374910
2017-02-07,37.9216,38.0047,37.6816,37.9585,17312056
2017-02-08,38.0047,38.1432,37.9124,38.0416,15688281
2017-02-09,38.097,38.2447,37.9678,38.1339,11362445
2017-02-10,38.0786,38.2447,38.0324,38.1986,12135621
2017-02-13,37.6816,37.977,37.377,37.5247,34361092
2017-02-14,37.3585,37.6447,37.3031,37.617,19705296
2017-02-15,37.5339,37.977,37.4416,37.9585,23322451
2017-02-16,37.9585,38.1801,37.8755,38.0786,16579673
2017-02-17,38.0047,38.3416,37.6539,38.2909,24156415
2017-02-21,38.1893,38.5401,38.1432,38.5216,17504381
2017-02-22,38.4755,38.5678,38.2632,38.3924,15656507
2017-02-23,38.4847,38.7617,38.3463,38.7247,19218542
2017-02-24,38.8724,39.1032,38.8078,39.1032,17043175
2017-02-27,39.0478,39.0478,38.5216,38.6047,17338483
2017-02-28,38.5216,38.6509,38.4386,38.577,19338619
2017-03-01,38.5678,38.937,38.3647,38.8078,23900989
2017-03-02,38.6786,38.8632,38.6232,38.8355,13183187
2017-03-03,38.817,38.8263,38.5493,38.7801,17248209
2017-03-06,38.614,38.7709,38.5032,38.734,14177020
2017-03-07,38.6786,38.7617,38.5078,38.6601,16250878
2017-03-08,38.6601,38.6601,38.4755,38.5586,17881049
2017-03-09,38.6417,38.8909,38.5401,38.7155,17672624
2017-03-10,38.7986,39.1678,38.7894,39.094,19734281
2017-03-13,38.974,39.1586,38.937,39.1124,14884180
2017-03-14,39.1217,39.1771,38.817,38.854,10063834
2017-03-15,38.9001,39.3617,38.854,39.3155,21055944
2017-03-16,39.3248,39.3801,39.0847,39.1771,14601773
2017-03-17,39.3155,39.3709,39.1124,39.334,24748927
2017-03-20,39.334,39.4171,39.0663,39.1586,11851848
2017-03-21,39.1863,39.2417,38.7709,38.8447,20299031
2017-03-22,38.8632,38.8817,38.2724,38.4478,18547120
2017-03-23,38.4293,38.6878,38.2263,38.4478,14660394
2017-03-24,38.5493,38.6693,38.3463,38.4755,14202031
2017-03-27,38.3924,38.5401,38.1986,38.3001,13185156
2017-03-28,38.2263,38.4109,38.0878,38.3647,15586112
2017-03-29,38.3463,38.5401,38.217,38.2632,14104170
2017-03-30,38.2078,38.613,38.1494,38.5493,14773877
2017-03-31,38.577,38.6693,38.3555,38.3555,17533497
2017-04-03,38.4016,38.5586,38.1893,38.374,17979634
2017-04-04,38.374,38.4986,38.217,38.4847,12552672
2017-04-05,38.5124,38.5309,38.2816,38.3186,19955782
2017-04-06,38.3466,38.3746,37.9262,37.9262,20492316
2017-04-07,37.9262,38.1691,37.8524,37.9169,20333031
2017-04-10,37.9262,38.0009,37.6553,37.7207,18215046
2017-04-11,37.7207,37.73,37.4311,37.6553,19610735
2017-04-12,37.5619,37.8982,37.4311,37.8888,22195768
2017-04-13,37.8421,38.0757,37.5993,37.6273,17556190
2017-04-17,37.646,37.8235,37.5712,37.646,12118645
2017-04-18,37.5712,37.7674,37.5339,37.5993,15920226
2017-04-19,37.6646,37.7846,37.5432,37.5993,23799483
2017-04-20,37.3564,37.8421,37.291,37.702,21715734
2017-04-21,37.5806,37.702,37.1882,37.3003,23898137
2017-04-24,37.4591,37.5058,37.2349,37.3844,24033786
2017-04-25,37.4405,37.5993,37.0761,37.3097,38377803
2017-04-26,37.3844,37.8888,37.2256,37.7767,34352326
2017-04-27,37.7114,37.7394,37.2536,37.2816,22646071
2017-04-28,37.2536,37.4218,36.9173,37.0201,24994983
2017-05-01,37.0668,37.0855,36.4876,36.525,24748640
2017-05-02,36.5624,36.6371,36.3195,36.3849,24852467
2017-05-03,36.3755,36.4129,35.6376,35.8711,33742695
2017-05-04,35.8804,35.8804,35.1518,35.5068,31447920
2017-05-05,35.5722,36.1607,35.5255,36.0206,21829161
2017-05-08,36.2261,36.2261,35.7964,36.0299,20139719
2017-05-09,35.9925,36.0112,35.6469,35.7029,21591396
2017-05-10,35.6749,36.1046,35.6189,35.9178,22608241
2017-05-11,35.9178,36.0112,35.6982,35.9085,16542920
2017-05-12,35.9552,36.0673,35.787,35.9552,13770104
2017-05-15,35.9832,36.142,35.8804,36.0486,21398982
2017-05-16,36.1327,36.2074,35.6749,35.6749,21599535
2017-05-17,35.4788,35.5348,34.9837,34.993,29665780
2017-05-18,35.0304,35.6282,34.993,35.4507,25743917
2017-05-19,35.5348,35.7683,35.3947,35.7216,20350624
2017-05-22,35.7216,35.8244,35.6562,35.731,14822039
2017-05-23,35.7403,35.8851,35.6936,35.787,13535259
2017-05-24,35.787,35.8337,35.5722,35.6376,15645676
2017-05-25,35.6095,35.815,35.6002,35.7123,14892549
2017-05-26,35.6936,35.731,35.5068,35.6095,13725914
2017-05-30,35.6749,36.1327,35.6749,36.0112,20527217
2017-05-31,36.1046,36.3101,35.9738,35.9925,24040423
2017-06-01,36.1327,36.3288,35.9832,36.3101,17691212
2017-06-02,36.4316,36.5063,36.2074,36.3101,18529027
2017-06-05,36.2541,36.3008,36.0299,36.2541,13821863
2017-06-06,36.2261,36.3568,36.1046,36.1794,16218315
2017-06-07,36.2915,36.3101,36.0019,36.2074,16429432
2017-06-08,36.2541,36.2821,35.8898,35.9645,20272048
2017-06-09,36.0859,36.2448,36.0121,36.2354,18398257
2017-06-12,36.2448,36.7772,36.2448,36.497,22779929
2017-06-13,36.4409,36.4409,36.0392,36.1327,18842056
2017-06-14,36.2354,36.2541,35.9645,36.17,16356187
2017-06-15,36.1233,36.3382,36.0953,36.2821,16686186
2017-06-16,36.4036,36.4316,36.114,36.3942,29734739
2017-06-19,36.4129,36.4129,36.1373,36.3475,20957794
2017-06-20,36.2167,36.3568,36.0579,36.114,21738797
2017-06-21,36.0953,36.1233,35.3573,35.6376,24597739
2017-06-22,35.6749,35.8244,35.4647,35.5909,16200953
2017-06-23,35.6469,35.6469,35.3293,35.4507,22906645
2017-06-26,35.4414,35.759,35.3667,35.6376,18403775
2017-06-27,35.348,35.3853,35.1238,35.2172,19862049
2017-06-28,35.3853,35.5582,35.2919,35.4414,20345237
2017-06-29,35.376,35.4788,35.1425,35.1425,23717920
2017-06-30,35.2452,35.376,35.0677,35.2452,22540739
2017-07-03,35.348,35.6189,35.2966,35.6002,11124346
2017-07-05,35.6002,35.6936,35.3573,35.6095,20084860
2017-07-06,35.5717,35.671,35.1837,35.1837,20807681
2017-07-07,35.1837,35.231,34.843,34.9944,20840791
2017-07-10,34.9755,35.0891,34.843,34.8525,22775155
2017-07-11,34.8525,34.8809,34.5781,34.6348,21588516
2017-07-12,34.7768,34.9187,34.6443,34.8525,17486345
2017-07-13,34.5781,34.6348,34.2468,34.2658,30230063
2017-07-14,34.2847,34.4266,34.2279,34.3509,23561432
2017-07-17,34.3699,34.4929,34.3036,34.4361,20546783
2017-07-18,34.474,34.474,33.944,34.0576,29145897
2017-07-19,34.0954,34.1901,33.8872,34.1901,26281264
2017-07-20,34.3793,34.7484,34.2185,34.5591,31892457
2017-07-21,34.4645,34.6443,34.3084,34.5497,20150775
2017-07-24,34.5497,34.5875,34.2374,34.2847,22403501
2017-07-25,34.3415,34.5402,34.1901,34.2752,29446967
2017-07-26,35.4108,36.0543,35.3919,35.9881,72431800
2017-07-27,36.1489,37.3791,36.1489,37.294,61986966
2017-07-28,37.1425,37.54,36.7451,36.906,36012922
2017-07-31,36.8776,37.029,36.6363,36.906,28481301
2017-08-01,37.1425,37.1615,36.6315,36.7924,29374491
2017-08-02,36.887,36.8965,35.9975,36.2152,34610544
2017-08-03,36.1773,36.4328,36.1016,36.2246,18852222
2017-08-04,36.376,36.4517,35.9975,36.3666,16317012
2017-08-07,36.376,36.5653,36.3098,36.4517,16825749
2017-08-08,36.4896,36.6647,36.2152,36.3003,15435797
2017-08-09,36.1489,36.3335,36.0164,36.3003,19706726
2017-08-10,36.2152,36.4707,36.13,36.1395,21305391
2017-08-11,36.2436,36.2814,36.0259,36.0543,13278982
2017-08-14,36.1868,36.4896,36.13,36.4328,17163598
2017-08-15,36.4328,36.4801,35.9691,36.1111,14820393
2017-08-16,36.1111,36.2814,35.9218,36.1773,14973321
2017-08-17,36.1111,36.1631,35.5622,35.5811,21993973
2017-08-18,35.4865,35.5906,35.2026,35.3635,23017865
2017-08-21,35.477,35.8508,35.3966,35.5622,17309101
2017-08-22,35.6663,35.9502,35.5433,35.9407,14737758
2017-08-23,35.8177,36.0306,35.8177,35.884,19934880
2017-08-24,35.9218,35.936,35.6143,35.6568,10941782
2017-08-25,35.7893,36.0827,35.7325,35.9502,14187866
2017-08-28,35.9597,36.0259,35.7231,35.9029,10128540
2017-08-29,35.7231,35.9881,35.7231,35.8177,9590990
2017-08-30,35.7893,35.7893,35.5906,35.6474,12433601
2017-08-31,35.7136,35.8366,35.4392,35.4487,20738519
2017-09-01,35.5717,35.5859,35.4108,35.4676,12769392
2017-09-05,35.3919,35.4203,34.9471,35.0985,22806313
2017-09-06,35.1364,35.1648,34.5686,34.6064,28370488
2017-09-07,34.6348,34.8146,33.6696,33.6885,48620730
2017-09-08,33.6885,33.8399,33.2154,33.6791,41051014
2017-09-11,33.7642,33.8778,33.6128,33.821,23048780
2017-09-12,34.0292,34.474,33.8967,34.3131,28285303
2017-09-13,34.3888,34.7011,34.332,34.5875,25732242
2017-09-14,34.6348,34.6348,34.2752,34.3699,17884117
2017-09-15,34.455,35.1174,34.4361,35.108,47942916
2017-09-18,35.1174,35.4865,35.0323,35.4108,31974306
2017-09-19,35.4013,36.376,35.2679,36.1584,46319957
2017-09-20,36.2625,36.6552,36.1631,36.3666,26869206
2017-09-21,36.4328,36.4707,36.0921,36.1678,16781231
2017-09-22,36.3382,36.5748,36.1584,36.518,23212623
2017-09-25,36.4612,37.0858,36.4328,37.0195,36179101
2017-09-26,37.0195,37.1993,36.6221,36.641,22605912
2017-09-27,36.5558,36.8208,36.4423,36.6883,23768508
2017-09-28,36.6031,37.0668,36.518,36.9438,17368873
2017-09-29,36.8587,37.1142,36.7262,37.0668,21961431
2017-10-02,37.0952,37.1993,36.9722,37.0101,15604301
2017-10-03,37.0858,37.3602,36.9911,37.3602,16067551
2017-10-04,37.2561,37.5305,37.1378,37.3791,17913250
2017-10-05,37.4832,37.663,37.2845,37.3886,22606241
2017-10-06,37.2161,37.4173,36.9287,36.9766,22431894
2017-10-09,37.0341,37.0532,36.555,36.6987,19247893
2017-10-10,36.7466,36.9957,36.6699,36.8903,17317456
2017-10-11,36.9095,36.9957,36.4591,36.5933,26978001
2017-10-12,35.9226,35.9609,34.332,34.3607,81976416
2017-10-13,34.3415,34.5332,33.7762,34.2074,56085354
2017-10-16,34.3224,34.926,34.2553,34.6577,31097057
2017-10-17,34.6577,34.7727,34.4853,34.7152,21663555
2017-10-18,34.7152,34.7631,34.0253,34.217,36764776
2017-10-19,34.4278,34.8111,34.102,34.1978,32887368
2017-10-20,34.2936,34.3415,33.9199,34.0541,37835452
2017-10-23,33.9391,34.1691,33.7187,33.7762,30902268
2017-10-24,33.8337,33.8816,33.3546,33.4025,52235811
2017-10-25,32.8276,32.9138,31.9365,32.0854,91195287
2017-10-26,32.3389,32.4731,32.1952,32.2719,45121512
2017-10-27,32.2719,32.5976,32.1377,32.5497,52317302
2017-10-30,32.5976,32.8947,31.994,32.1377,51695635
2017-10-31,32.2335,32.4252,32.0323,32.2431,36376366
2017-11-01,32.4443,32.521,31.8982,32.1473,37844704
2017-11-02,32.1664,32.9847,31.5532,31.7832,72968207
2017-11-03,31.9461,31.994,31.5724,31.9077,40239320
2017-11-06,31.6874,31.6969,31.1891,31.4861,47747017
2017-11-07,31.4574,31.7353,31.3465,31.6874,30060967
2017-11-08,31.4766,32.0994,31.4095,32.0419,87599244
2017-11-09,32.0323,33.0125,31.9556,32.5785,69643996
2017-11-10,32.7414,33.0384,32.6743,32.7893,57476582
2017-11-13,32.8468,32.9234,32.7126,32.7414,28861756
2017-11-14,32.7605,32.7701,32.176,32.3102,30261233
2017-11-15,32.5976,32.7701,32.2431,32.3964,32882313
2017-11-16,32.4443,33.2109,32.3964,33.0767,39966218
2017-11-17,32.9905,33.4217,32.9138,33.0671,36967216
2017-11-20,33.1055,33.4408,33.0001,33.1917,31264652
2017-11-21,33.1534,33.2971,32.8563,32.8947,35417001
2017-11-22,32.8468,33.4504,32.7701,33.4121,26453909
2017-11-24,33.4121,33.4888,33.2875,33.3546,9203078
2017-11-27,33.3834,33.5462,33.1055,33.23,26793427
2017-11-28,33.1151,34.0541,33.1151,33.9391,34450425
2017-11-29,33.9966,35.0219,33.9295,34.9548,53178129
2017-11-30,34.9739,35.3572,34.5188,34.859,49831258
2017-12-01,34.8302,35.2135,34.423,34.9739,31437115
2017-12-04,35.2566,35.9705,35.2135,35.7118,40482422
2017-12-05,35.6447,35.7309,34.9931,35.0219,33055388
2017-12-06,34.8877,34.926,34.5188,34.6003,31172158
2017-12-07,34.6194,34.8781,34.3128,34.6577,24529301
2017-12-08,34.6482,35.2135,34.6386,35.1943,25507428
2017-12-11,35.1177,35.3956,34.9931,35.3572,23666709
2017-12-12,35.4818,36.5741,35.4339,36.5071,46399912
2017-12-13,36.4208,36.5933,35.8076,36.4496,39671434
2017-12-14,36.2531,36.5603,36.1046,36.1621,34286518
2017-12-15,36.4879,36.6891,36.3442,36.6412,46808578
2017-12-18,36.8999,37.264,36.7801,36.852,31497249
2017-12-19,36.8903,37.0614,36.44,36.4591,29181805
2017-12-20,36.6795,37.2161,36.5837,36.9382,26968863
2017-12-21,36.9766,37.6473,36.8625,37.2544,31981720
2017-12-22,37.149,37.4748,37.082,37.3119,19960503
2017-12-26,37.3215,37.6808,37.3215,37.4269,13578192
2017-12-27,37.4461,37.5036,37.0915,37.264,16339334
2017-12-28,37.3694,37.5611,37.2544,37.5419,15627434
2017-12-29,37.5802,37.676,37.2544,37.2544,26479899
2018-01-02,37.4269,37.4269,36.7562,36.9287,32195623
2018-01-03,36.8616,36.8807,35.9609,36.0759,39162458
2018-01-04,36.1717,36.5933,35.7022,36.4112,27865665
2018-01-05,36.5454,36.5645,36.2196,36.5454,22194851
2018-01-08,36.555,36.8712,36.2675,36.6508,26643949
2018-01-09,36.5343,36.8838,36.3886,36.3984,28061066
2018-01-10,36.3013,36.3013,35.476,35.5537,41078627
2018-01-11,35.6022,35.6993,35.311,35.4178,41400305
2018-01-12,35.4178,35.9129,35.2624,35.8255,31182186
2018-01-16,35.8255,35.942,35.476,35.6508,24727605
2018-01-17,35.6993,35.8741,35.4226,35.777,22050208
2018-01-18,35.7673,36.2916,35.7382,36.0683,27661060
2018-01-19,36.2818,36.2818,35.8644,36.1265,27919839
2018-01-22,36.1168,36.7964,35.9032,36.7673,31660644
2018-01-23,36.845,37.1071,35.9517,36.1071,33035978
2018-01-24,36.2042,36.2964,35.9032,35.942,28567810
2018-01-25,36.01,36.3595,35.7673,36.3595,23400305
2018-01-26,36.3692,36.7187,36.2721,36.7187,21608455
2018-01-29,36.0488,36.5828,35.9032,36.1751,30879645
2018-01-30,36.2721,36.6993,36.2139,36.3498,29883171
2018-01-31,36.3304,36.8205,36.243,36.3595,41422384
2018-02-01,37.3887,38.1459,37.2828,38.0197,59963826
2018-02-02,37.8935,37.9032,36.709,36.9615,46098657
2018-02-05,36.709,37.1945,35.5634,35.5634,45595537
2018-02-06,35.0294,35.9906,34.4663,35.7576,62905300
2018-02-07,35.7382,36.3595,35.6702,35.8547,35634519
2018-02-08,35.8158,35.8741,34.5343,34.5343,45743025
2018-02-09,34.7867,35.2916,34.01,35.0003,50218426
2018-02-12,35.2721,35.5343,34.9226,35.311,27750742
2018-02-13,35.2333,35.6411,34.9226,35.5343,22877170
2018-02-14,35.3401,35.6983,35.0585,35.3498,24834221
2018-02-15,35.4081,35.9226,35.175,35.9226,27507162
2018-02-16,35.9032,36.3013,35.7868,36.0585,19901638
2018-02-20,35.8061,36.01,35.6022,35.6993,22071534
2018-02-21,35.6993,35.9603,35.2236,35.2527,20792614
2018-02-22,35.4081,35.9129,35.3498,35.4081,18537517
2018-02-23,35.4857,35.6799,35.2333,35.6508,17446314
2018-02-26,35.8547,36.4178,35.7382,36.3692,19871434
2018-02-27,36.3304,36.544,35.7964,35.7964,21420614
2018-02-28,36.0974,36.0974,35.243,35.243,29281673
2018-03-01,35.2527,35.6799,34.8207,34.9517,28548902
2018-03-02,34.9517,35.3401,34.9032,35.2916,21364000
2018-03-05,35.1459,35.7479,35.0488,35.6314,19298996
2018-03-06,35.7576,35.8255,35.4372,35.7964,17462057
2018-03-07,35.5246,35.9469,35.4954,35.8352,18485992
2018-03-08,35.8352,36.0294,35.4954,36.0294,19766286
2018-03-09,36.0877,36.1362,35.7479,35.9712,18820270
2018-03-12,35.9712,36.4712,35.9615,36.2721,22305006
2018-03-13,36.4566,36.709,36.1751,36.3013,19183815
2018-03-14,36.4954,36.4954,35.8838,35.9517,18605247
2018-03-15,36.01,36.2042,35.9323,35.9615,21879149
2018-03-16,36.01,36.2527,35.8255,35.9226,37103039
2018-03-19,35.9032,36.0149,35.4081,35.5149,19637887
2018-03-20,35.6119,35.7479,35.1265,35.2818,20167101
2018-03-21,35.2818,35.4372,34.9517,34.9517,17437156
2018-03-22,34.9032,34.9906,34.3304,34.3401,28196930
2018-03-23,34.3401,34.942,33.544,33.6896,35027990
2018-03-26,34.0391,34.2591,33.4372,33.6799,31492531
2018-03-27,33.8352,34.175,33.6799,33.8838,33860715
2018-03-28,34.2624,34.8061,34.2139,34.5246,30746165
2018-03-29,34.6411,34.8449,34.0003,34.6119,27564088
2018-04-02,34.544,34.6216,33.8157,34.0779,29232922
2018-04-03,34.1362,34.3886,33.8352,34.3401,21880171
2018-04-04,34.0197,34.8935,33.9614,34.8352,20562124
2018-04-05,34.8838,35.1556,34.6444,35.0877,17103329
2018-04-06,34.9615,35.1459,34.3886,34.5925,25117409
2018-04-09,34.7008,35.1538,34.5236,34.6319,21879644
2018-04-10,34.7796,35.8332,34.5137,35.2621,40263863
2018-04-11,35.1144,35.1833,34.6417,34.7107,21045775
2018-04-12,34.8781,34.9273,34.5236,34.6221,21950205
2018-04-13,34.6713,34.8288,34.4842,34.6024,14374835
2018-04-16,34.8288,35.272,34.6762,35.0947,24897295
2018-04-17,35.1439,35.2178,34.7698,34.819,20585770
2018-04-18,34.9372,34.9962,34.6221,34.6713,21601034
2018-04-19,34.7008,34.7304,34.2774,34.2873,23543932
2018-04-20,34.3266,34.5236,33.6275,34.1395,32452801
2018-04-23,34.1789,34.3562,34.0608,34.3562,21211939
2018-04-24,34.6122,34.7895,34.2282,34.4645,21572221
2018-04-25,34.3353,34.7008,34.1986,34.6614,25171822
2018-04-26,32.9284,33.1844,31.9683,32.5936,132230365
2018-04-27,32.633,33.0465,32.5148,32.5345,54209888
2018-04-30,32.761,32.8988,32.1701,32.1997,46154796
2018-05-01,32.2489,32.4065,31.8649,32.0421,35817129
2018-05-02,32.1308,32.1308,31.4119,31.5695,40178616
2018-05-03,31.5498,31.6581,31.1264,31.4513,40296150
2018-05-04,31.4513,31.7763,31.3333,31.6483,25539542
2018-05-07,31.727,31.7566,31.3627,31.5498,26266284
2018-05-08,31.4809,31.5104,31.0968,31.215,33513948
2018-05-09,31.1461,31.2248,30.6931,30.9196,37494364
2018-05-10,31.0968,31.5399,31.018,31.3922,29909412
2018-05-11,31.5104,31.8157,31.5006,31.796,27512317
2018-05-14,31.8944,31.9831,31.6138,31.6975,26894988
2018-05-15,31.6483,31.7467,31.3233,31.599,26506812
2018-05-16,31.599,31.9141,31.5596,31.8058,19056312
2018-05-17,31.8846,31.9141,31.4119,31.4415,25420555
2018-05-18,31.4513,31.6089,31.2938,31.5596,21880412
2018-05-21,31.668,32.1505,31.407,32.0914,28688946
2018-05-22,32.1308,32.308,31.9043,31.9338,29387281
2018-05-23,31.924,32.0274,31.5596,31.8354,25966238
2018-05-24,31.8944,32.308,31.7172,32.2785,35254745
2018-05-25,32.1997,32.2194,31.8944,32.0126,21816330
2018-05-29,31.9634,31.9929,31.6483,31.8354,26957135
2018-05-30,31.8649,32.1381,31.7861,32.0717,24135764
2018-05-31,32.0224,32.052,31.668,31.8255,29417475
2018-06-01,31.9831,32.1111,31.8649,31.9732,23764267
2018-06-04,32.0815,32.18,31.8747,31.9141,18378731
2018-06-05,31.9141,32.2095,31.8058,32.18,23413313
2018-06-06,32.2686,33.0465,32.1012,32.8693,34143281
2018-06-07,32.564,33.4503,32.3966,33.2927,42562592
2018-06-08,33.145,33.5093,33.0662,33.3124,33183619
2018-06-11,33.4503,33.9525,33.2927,33.657,37157948
2018-06-12,33.982,34.0017,33.5586,33.8244,59401268
2018-06-13,32.4951,32.633,31.7172,31.727,195082730
2018-06-14,32.1012,32.4754,31.6089,32.0224,88703108
2018-06-15,32.1209,32.761,31.6581,32.6428,113983823
2018-06-18,32.5148,32.5345,31.6089,31.6975,78654710
2018-06-19,31.5104,32.1012,31.471,31.8944,87343701
2018-06-20,32.0027,32.0815,31.4612,31.5104,55805218
2018-06-21,31.6089,31.8058,31.0279,31.1165,51425403
2018-06-22,31.2445,31.4021,31.0279,31.2051,63900036
2018-06-25,31.1658,31.4612,31.0968,31.2248,48623447
2018-06-26,31.2445,31.3233,30.9196,31.1362,44643591
2018-06-27,31.4907,31.5596,31.1559,31.1658,46393344
2018-06-28,31.2642,31.8255,31.1756,31.6975,42241887
2018-06-29,31.7566,31.9929,31.5596,31.6187,42028711
2018-07-02,31.668,31.8157,31.5104,31.7172,37766220
2018-07-03,31.7566,32.2883,31.6876,32.2095,33880394
2018-07-05,32.2489,32.2982,31.9634,32.1012,35419418
2018-07-06,32.1603,32.2391,31.9535,32.18,41215474
2018-07-09,32.24,32.37,32.11,32.15,43459104
2018-07-10,32.24,32.5,32.13,32.5,38848510
2018-07-11,32.28,32.35,31.86,31.87,39230476
2018-07-12,32.06,32.31,31.9,32.23,44450041
2018-07-13,31.88,31.92,31.5,31.67,53377577
2018-07-16,31.71,31.985,31.65,31.9,33218261
2018-07-17,31.87,32.11,31.71,31.76,36439014
2018-07-18,31.82,31.95,31.7,31.71,44570973
2018-07-19,31.73,31.78,31.25,31.27,51683360
2018-07-20,31.33,31.38,31.04,31.1,36692928
2018-07-23,31.14,31.2,30.8,31.0,37293282
2018-07-24,31.25,31.68,31.01,31.68,50969824
2018-07-25,31.1,31.18,30.13,30.25,96319197
2018-07-26,30.36,30.56,30.3,30.35,44339537
2018-07-27,30.45,31.21,30.3532,31.08,46038626
2018-07-30,31.56,32.13,31.45,32.0,64042962
2018-07-31,32.14,32.34,31.94,31.97,47549937
2018-08-01,32.2,32.27,31.805,31.9,31356239
2018-08-02,31.85,32.1,31.765,31.85,31197887
2018-08-03,31.9,32.28,31.76,32.27,26584417
2018-08-06,32.21,32.32,32.0,32.11,30087337
2018-08-07,32.09,32.44,31.97,32.4,27341463
2018-08-08,32.48,32.53,32.3,32.36,21953796
2018-08-09,32.4,32.5,32.245,32.49,16909405
2018-08-10,32.39,32.405,32.16,32.26,21481517
2018-08-13,32.26,32.34,32.18,32.21,22779435
2018-08-14,32.24,32.38,32.21,32.24,18037525
2018-08-15,32.28,32.55,32.13,32.47,29631546
2018-08-16,32.53,33.14,32.53,33.09,37384750
2018-08-17,33.06,33.26,32.96,33.03,26168602
2018-08-20,33.14,33.25,33.01,33.11,23493474
2018-08-21,33.33,33.58,33.31,33.4,28419334
2018-08-22,33.2,33.2,32.66,32.68,34156895
2018-08-23,32.69,32.79,32.41,32.49,21453573
2018-08-24,32.46,32.74,32.46,32.64,16233345
2018-08-27,32.74,33.03,32.72,32.83,17595907
2018-08-28,32.81,32.83,32.63,32.67,16484686
2018-08-29,32.66,32.7,32.21,32.23,25162387
2018-08-30,32.2,32.32,31.87,31.96,25559388
2018-08-31,31.95,31.99,31.72,31.94,31258912
2018-09-04,31.78,31.94,31.48,31.86,25162226
2018-09-05,31.75,32.05,31.54,32.02,26723593
2018-09-06,32.13,32.31,32.0,32.18,25646095
2018-09-07,32.16,32.39,32.09,32.12,25757787
2018-09-10,32.28,32.69,32.2,32.39,26266039
2018-09-11,32.48,32.8,32.47,32.67,26353799
2018-09-12,32.84,33.65,32.84,33.42,49637035
2018-09-13,33.44,33.69,33.085,33.68,34605791
