date,open,high,low,close,volume
2013-09-16,90.1196,90.4331,89.4928,89.8846,1351246
2013-09-17,89.8552,91.3929,89.816,91.3733,2286499
2013-09-18,91.3635,92.3822,90.3547,92.3136,1600352
2013-09-19,92.5585,92.7054,91.9708,92.3038,2183895
2013-09-20,92.4899,92.7935,91.5398,91.5692,2096423
2013-09-23,91.2852,91.8337,90.9914,91.4027,1013535
2013-09-24,91.4517,91.5398,90.5604,90.913,1262287
2013-09-25,91.0109,91.0109,90.0511,90.4722,1183517
2013-09-26,90.5604,91.3342,90.4429,91.0991,1051218
2013-09-27,90.7269,91.3929,90.3939,91.0991,1124156
2013-09-30,90.3253,90.7661,90.1098,90.2568,1269952
2013-10-01,90.3155,91.3733,90.1392,90.9424,1059816
2013-10-02,90.198,90.6094,89.63,90.5996,1425737
2013-10-03,90.3351,90.3645,88.7484,89.4634,1353361
2013-10-04,89.6397,90.9718,89.4536,90.4624,1278957
2013-10-07,90.0707,90.4331,89.6299,89.8356,1138652
2013-10-08,89.865,89.865,88.7582,88.817,1491061
2013-10-09,88.9149,89.0031,87.8669,88.0824,2025907
2013-10-10,88.6602,90.482,88.5133,90.3743,1593952
2013-10-11,90.2078,91.1677,89.8454,91.0501,1394759
2013-10-14,90.3939,90.8444,89.385,90.7563,1784393
2013-10-15,90.5212,90.8738,89.7572,89.9531,1506325
2013-10-16,90.2666,91.8827,90.1294,91.5888,2242991
2013-10-17,91.2362,94.0962,90.9816,93.6555,2110400
2013-10-18,94.1844,94.8014,93.6359,94.1452,1582441
2013-10-21,94.1256,94.6839,93.2147,93.2931,1789803
2013-10-22,93.3616,94.6643,93.1266,93.8514,2756790
2013-10-23,95.5164,95.918,93.2736,95.4773,2098700
2013-10-24,95.7711,96.3392,94.9092,95.0365,1732709
2013-10-25,95.0365,95.8103,94.8112,95.8005,1216786
2013-10-28,95.7613,96.016,95.4773,95.8592,907472
2013-10-29,95.8201,96.4273,95.4773,96.3979,1138953
2013-10-30,96.4763,96.4941,94.919,95.4871,1050709
2013-10-31,95.6144,96.2951,94.3313,95.7711,2225043
2013-11-01,96.1629,96.4704,95.634,95.918,1731183
2013-11-04,96.2706,96.2706,95.4968,96.0355,1219548
2013-11-05,95.5458,95.7417,94.8406,95.0953,1406424
2013-11-06,95.252,96.3881,95.1736,95.5654,1164338
2013-11-07,95.7515,95.9964,94.1158,94.1844,1142043
2013-11-08,94.0081,96.2118,93.5575,96.1531,1357206
2013-11-11,96.251,96.4273,95.7809,96.3881,1024682
2013-11-12,96.0747,96.4273,95.2814,95.6829,1096503
2013-11-13,95.2912,96.8191,94.8896,96.7799,2310823
2013-11-14,96.7799,98.1512,96.3979,98.1512,1719843
2013-11-15,97.9553,99.4343,97.9553,99.2873,1720511
2013-11-18,99.3069,99.4147,98.3862,98.6997,861085
2013-11-19,98.3471,98.9641,97.8867,98.445,1059601
2013-11-20,98.4352,99.5028,98.4058,98.9935,1060033
2013-11-21,101.0014,101.0014,99.2502,99.7281,1317125
2013-11-22,99.7869,100.1003,99.3657,99.4245,1421253
2013-11-25,99.7183,100.4725,99.4147,99.8946,1208983
2013-11-26,100.1199,100.4235,99.3461,99.3657,1467016
2013-11-27,99.4343,99.5812,98.5527,98.9249,1579646
2013-11-29,99.1796,99.542,98.6115,98.778,854911
2013-12-02,99.0131,99.4049,98.5429,98.7584,1346439
2013-12-03,98.4352,98.9935,98.0925,98.8466,1390348
2013-12-04,98.4352,99.1502,97.086,98.161,1100991
2013-12-05,97.9161,98.9543,97.7006,97.8769,1245564
2013-12-06,98.5234,100.6978,98.4763,100.5998,1840069
2013-12-09,100.8643,101.0601,99.7869,99.924,1564151
2013-12-10,99.8456,100.3647,99.3657,99.8358,1182532
2013-12-11,99.5714,100.1297,98.6703,99.1208,1898275
2013-12-12,98.7677,99.0324,98.1301,98.3165,1308924
2013-12-13,98.6107,99.6995,98.5028,99.4053,1030589
2013-12-16,99.729,100.5529,99.2287,100.2881,1658667
2013-12-17,100.445,100.8963,99.5622,100.3666,1867744
2013-12-18,100.7785,104.4668,100.5039,104.3883,3093709
2013-12-19,104.3785,106.2128,103.9076,106.0951,2573614
2013-12-20,106.6199,106.7817,106.1245,106.4972,2416868
2013-12-23,107.4095,107.4095,106.3697,106.7621,1841258
2013-12-24,106.713,107.5664,106.5855,107.3212,458374
2013-12-26,107.6841,108.4591,107.5664,108.1648,995796
2013-12-27,108.2923,108.9103,108.2433,108.5571,899846
2013-12-30,108.6258,108.9642,107.9588,108.4787,875372
2013-12-31,108.7926,109.3075,108.5277,109.2242,1147867
2014-01-02,108.5768,109.0378,107.2035,107.537,2559028
2014-01-03,107.8607,108.3708,107.5762,107.949,1486448
2014-01-06,108.4591,109.077,107.537,107.9588,1891530
2014-01-07,108.9691,110.3326,108.6356,110.1658,2246999
2014-01-08,110.1855,111.9609,110.1364,111.8628,2841941
2014-01-09,111.9903,112.6181,111.3233,111.8236,2196355
2014-01-10,111.4116,112.4229,111.4027,112.2748,1492108
2014-01-13,111.8432,112.4023,110.5288,110.8329,2048786
2014-01-14,111.7255,112.6966,110.568,112.5691,1693703
2014-01-15,112.9222,113.5009,112.4023,113.3146,1537151
2014-01-16,112.6573,113.9423,112.6573,113.8933,1847809
2014-01-17,113.55,114.2758,113.3832,113.6775,2549551
2014-01-21,114.0699,114.2758,112.4121,112.7554,2201626
2014-01-22,112.8731,113.1576,112.1963,112.5102,2012788
2014-01-23,112.2257,112.3533,109.8519,110.6563,3400191
2014-01-24,110.98,110.98,107.8313,107.8509,3895608
2014-01-27,107.8018,109.1751,106.9975,107.7724,2483881
2014-01-28,108.4787,110.2835,108.4787,110.1756,2526470
2014-01-29,109.0574,109.9991,108.2334,109.6165,2906375
2014-01-30,116.5937,119.0057,116.4756,118.6316,2126282
2014-01-31,112.4219,113.3342,111.3635,112.9418,3003668
2014-02-03,112.9712,113.6578,110.7446,110.9702,3775962
2014-02-04,111.5587,112.2356,110.3326,110.8034,3164042
2014-02-05,110.8329,111.1075,109.0868,111.0388,2826445
2014-02-06,111.4018,112.5887,111.1075,112.2454,2483966
2014-02-07,113.0301,115.6589,112.8437,115.5216,3180691
2014-02-10,115.0802,116.7281,115.0115,116.3456,4233031
2014-02-11,117.4736,118.8959,116.4829,118.6899,3766772
2014-02-12,118.7586,119.6022,118.4349,119.2,3605738
2014-02-13,118.5624,121.0735,118.3074,120.5537,2540570
2014-02-14,120.4458,121.6228,120.2888,121.3776,9596240
2014-02-18,121.3972,121.7994,120.328,121.1912,2845489
2014-02-19,121.1912,121.9956,119.2785,119.4845,2884510
2014-02-20,121.9564,122.6273,120.1515,122.3291,3456946
2014-02-21,122.3291,122.4664,120.7302,120.8283,2646185
2014-02-24,120.7008,122.5165,120.7008,121.0147,2880522
2014-02-25,121.1226,121.9269,120.74,121.4463,2625867
2014-02-26,121.5051,122.7901,121.0735,121.9073,2620037
2014-02-27,121.8583,122.8196,121.4463,122.5253,2213893
2014-02-28,122.898,123.4179,121.2501,122.1623,3148056
2014-03-03,120.7204,121.613,119.8082,120.9951,2106979
2014-03-04,122.2114,123.1825,122.2114,122.9569,2354751
2014-03-05,122.486,123.8299,121.819,123.5062,2196087
2014-03-06,124.7225,125.1934,123.4473,123.9868,1649945
2014-03-07,124.6048,124.6048,123.2512,124.2517,1690797
2014-03-10,124.0653,124.2811,122.8588,123.8691,1766768
2014-03-11,123.9574,124.6244,123.3492,123.8201,1341705
2014-03-12,123.2512,124.1634,122.643,124.0751,3107276
2014-03-13,124.2814,124.5662,120.3924,121.0405,2413780
2014-03-14,120.7557,121.3744,119.6362,120.0585,2078566
2014-03-17,120.8736,122.0913,120.4218,120.8147,1254823
2014-03-18,120.795,121.7574,120.6968,121.5119,1209203
2014-03-19,121.6101,122.0913,119.6175,120.52,1532946
2014-03-20,120.4022,121.6101,119.9504,121.3646,1352204
2014-03-21,122.5922,123.6136,120.6379,120.6968,4441581
2014-03-24,121.0995,121.345,117.2104,118.4871,2763394
2014-03-25,119.0469,120.2254,114.9835,117.2104,3971632
2014-03-26,117.5738,118.4164,115.9141,115.9239,2121614
2014-03-27,115.9632,116.4542,114.5294,115.5606,2192541
2014-03-28,115.9141,117.8488,115.5193,116.3757,1668918
2014-03-31,117.3185,118.3988,117.3185,118.0845,1530681
2014-04-01,118.3791,119.7933,118.3791,119.6951,1802632
2014-04-02,119.7344,120.3629,119.4692,120.0094,1480049
2014-04-03,120.1272,120.5299,118.5461,119.6165,2544722
2014-04-04,120.4316,121.1584,117.5542,117.7309,1861023
2014-04-07,117.5836,118.0648,114.6669,115.6882,2819271
2014-04-08,115.3936,116.2971,113.2429,115.1088,2286295
2014-04-09,115.5213,118.2711,114.9026,118.2416,1574337
2014-04-10,118.2514,118.4282,114.4705,114.8829,2750919
2014-04-11,114.0678,115.2954,113.1839,113.6946,2313825
2014-04-14,114.3428,114.7553,113.017,114.3133,1519679
2014-04-15,114.6865,115.8748,112.85,115.5409,2546288
2014-04-16,116.4248,117.6917,115.5527,117.564,2735689
2014-04-17,117.2988,117.9568,116.3978,117.1613,1733281
2014-04-21,117.0435,117.7506,116.2677,117.2203,1603974
2014-04-22,117.3283,119.096,116.9944,118.1925,2491369
2014-04-23,119.5281,119.5871,112.4769,117.2497,4405399
2014-04-24,117.4461,117.4461,112.192,113.3116,4507401
2014-04-25,112.7617,113.8419,111.6912,112.2412,3151589
2014-04-28,113.0366,113.3509,110.0118,111.5537,2474652
2014-04-29,111.8287,113.1839,111.2787,112.5849,2199398
2014-04-30,112.467,112.5554,111.1412,111.9564,2021431
2014-05-01,111.6814,112.8991,111.1216,112.8599,1553490
2014-05-02,112.7322,113.5866,112.0153,112.1724,1736673
2014-05-05,111.7403,113.0465,110.7288,112.7617,1153373
2014-05-06,112.634,113.2674,111.7796,112.3688,1911629
2014-05-07,112.5456,114.5196,111.6126,114.3526,1820577
2014-05-08,114.166,115.2659,113.3313,113.5571,1232106
2014-05-09,113.292,115.0499,112.3099,114.5097,1088568
2014-05-12,115.1579,116.631,113.4884,116.2382,1386660
2014-05-13,116.3168,116.3659,115.3641,115.4722,1525728
2014-05-14,115.5507,115.9387,114.0875,114.4017,1708752
2014-05-15,114.4312,114.8093,112.4474,113.4786,1900948
2014-05-16,113.3902,115.8257,113.1447,115.7373,1977462
2014-05-19,115.3543,117.2252,115.2365,117.1515,2135743
2014-05-20,116.906,116.9747,112.0153,112.4179,4343721
2014-05-21,113.2822,114.0875,112.5161,113.2527,1705516
2014-05-22,113.4295,114.0678,112.8991,113.8518,1835910
2014-05-23,114.0973,114.333,113.3018,113.6652,1363932
2014-05-27,114.1267,114.166,112.7027,113.3214,1614339
2014-05-28,113.6357,114.7651,113.3804,113.9892,1768667
2014-05-29,114.0678,115.0204,113.7241,115.0106,1051452
2014-05-30,115.0106,115.3249,114.7062,114.8142,2439278
2014-06-02,114.8928,114.932,113.7732,114.4901,958666
2014-06-03,113.9205,115.8552,113.891,115.7668,1903233
2014-06-04,115.4624,116.2677,115.1972,115.6686,1128927
2014-06-05,115.7963,116.9649,115.6097,116.8667,1607622
2014-06-06,117.1221,117.8979,117.0337,117.6622,1405510
2014-06-09,117.7113,117.8881,117.1417,117.4363,1238911
2014-06-10,116.9453,117.5443,116.2284,117.1515,1100416
2014-06-11,116.9649,118.2613,116.9355,118.055,1983460
2014-06-12,117.6421,118.4484,117.3372,117.8486,2049224
2014-06-13,117.996,118.4189,116.8898,117.1701,1248062
2014-06-16,116.9636,117.7453,115.9803,116.7079,1844640
2014-06-17,116.2163,117.0914,115.8623,116.6588,1742575
2014-06-18,116.7964,117.9764,116.2753,117.8977,1363464
2014-06-19,117.996,118.3894,116.8653,117.7109,2151752
2014-06-20,117.996,118.3304,116.8653,116.9538,4956519
2014-06-23,117.1406,117.7109,116.5309,117.1111,1408200
2014-06-24,117.1406,117.8584,116.3048,116.5801,1468069
2014-06-25,116.1376,117.9862,116.1278,117.1504,1513977
2014-06-26,117.3274,117.5241,116.6489,117.3077,1426616
2014-06-27,117.1111,117.3077,116.2458,116.3244,2758908
2014-06-30,116.2261,116.5834,115.7148,116.0294,1603154
2014-07-01,116.4719,117.2979,115.6853,116.9734,2319291
2014-07-02,117.0619,117.6126,115.941,116.0786,2137733
2014-07-03,116.4621,118.173,115.941,118.1042,1423219
2014-07-07,117.7502,118.3107,117.2389,117.7207,1550712
2014-07-08,117.4651,117.4651,115.764,116.0196,1531420
2014-07-09,116.0491,116.3834,115.4886,115.8721,1232577
2014-07-10,114.6627,115.823,114.4168,115.1936,2760430
2014-07-11,115.0166,116.4228,114.8003,116.2949,1012963
2014-07-14,116.9144,117.5732,115.6017,115.8328,1486608
2014-07-15,116.0294,116.5014,114.7807,116.0294,2688624
2014-07-16,116.3343,118.2812,116.3343,117.2291,3138026
2014-07-17,117.4847,118.8083,116.6293,117.0324,2714652
2014-07-18,117.2487,119.2252,117.2291,118.9793,1863598
2014-07-21,118.4484,120.2281,118.3402,120.1003,2499057
2014-07-22,120.3953,122.8929,120.3953,121.0049,3823175
2014-07-23,123.5124,125.0856,120.5231,121.9293,3888988
2014-07-24,122.8437,123.827,121.2311,123.414,2570610
2014-07-25,122.2242,123.2469,122.2242,122.9814,1069525
2014-07-28,123.0011,123.3649,121.4671,122.3029,1650412
2014-07-29,122.4111,122.7454,121.4769,121.4769,1424614
2014-07-30,122.3324,122.9617,121.3786,122.6274,1602893
2014-07-31,121.5556,122.18,119.1268,119.471,1986700
2014-08-01,119.3923,119.6873,117.8486,119.353,1132690
2014-08-04,119.3923,119.6873,117.8486,119.353,1132690
2014-08-05,118.8122,119.5398,117.7502,118.114,1280807
2014-08-06,117.4749,118.9695,117.1307,118.1534,1054446
2014-08-07,118.586,118.8122,116.9734,117.5339,1102874
2014-08-08,117.4847,119.2055,116.9243,119.1367,1229000
2014-08-11,119.6775,120.2281,118.763,118.9007,886577
2014-08-12,118.9007,119.5988,117.8682,118.0255,1689918
2014-08-13,118.6057,119.4218,118.5762,119.3235,1178720
2014-08-14,119.7463,120.1101,119.294,119.7463,1047290
2014-08-15,119.9135,120.8378,118.1534,119.5202,1562052
2014-08-18,119.8643,120.4641,119.4612,120.0118,2288430
2014-08-19,120.1101,120.7788,119.7463,120.3461,1045054
2014-08-20,119.9037,120.4051,119.471,120.2183,889208
2014-08-21,120.5035,120.651,119.6972,119.7758,854550
2014-08-22,119.4612,119.9823,119.1662,119.1957,1115742
2014-08-25,120.7788,122.2931,120.769,121.6834,1614716
2014-08-26,119.9233,119.9823,118.6254,118.6942,1069848
2014-08-27,118.881,118.9597,117.6814,118.0747,1172599
2014-08-28,117.5831,118.2468,116.7276,118.0649,1250386
2014-08-29,118.1239,118.7827,117.5242,118.2025,1109809
2014-09-02,118.8712,120.7591,118.5565,120.6706,2156036
2014-09-03,120.7788,122.2931,120.769,121.6834,1614716
2014-09-04,121.9096,123.1485,121.5753,121.8113,1496639
2014-09-05,121.7424,122.5782,121.3491,122.5487,1390773
2014-09-08,122.9224,123.1584,121.9981,122.8929,1652546
2014-09-09,122.6962,122.8634,121.7129,121.9293,1398748
2014-09-10,122.4209,122.5881,121.3983,121.5458,1338331
2014-09-11,121.3291,121.7426,120.5514,121.3882,1420193
2014-09-12,121.4473,121.5457,120.6597,121.3685,1702502
2014-09-15,121.1421,121.3487,119.7933,120.4431,1296003
2014-09-16,120.1871,120.9353,119.5866,120.7089,1337384
2014-09-17,120.7483,122.1659,120.5711,121.6835,1465941
2014-09-18,121.8903,122.6482,121.7131,122.2053,785997
2014-09-19,122.8649,123.1209,121.1322,121.3291,1215490
2014-09-22,121.3193,121.3193,119.5275,119.9213,976475
2014-09-23,119.4783,119.9902,118.927,119.2814,1203649
2014-09-24,119.1238,121.782,118.927,121.5949,2027475
2014-09-25,121.1125,121.7918,119.0943,119.114,1837537
2014-09-26,119.0549,119.4783,118.3806,119.4783,1004627
2014-09-29,118.6218,120.3446,118.5135,120.1083,1153517
2014-09-30,120.4529,121.0141,119.6063,119.813,1672218
2014-10-01,120.4037,120.4037,117.4207,117.716,2481136
2014-10-02,117.716,118.4888,116.3279,117.3124,1875136
2014-10-03,117.6077,119.6407,117.6077,119.5078,1664548
2014-10-06,120.1379,120.4135,117.6471,118.7596,982415
2014-10-07,118.4642,118.6218,116.3574,116.387,1533823
2014-10-08,116.5642,119.813,116.1466,119.7441,1643702
2014-10-09,119.7539,119.7539,115.875,115.9932,1751878
2014-10-10,116.1507,117.2139,114.6149,114.6641,2059806
2014-10-13,114.5459,114.6641,110.4995,110.7458,3051538
2014-10-14,110.8147,111.6811,109.4167,110.0468,3109252
2014-10-15,108.5898,109.9976,105.6658,109.4167,3180881
2014-10-16,106.9063,109.909,106.5519,107.9892,4332412
2014-10-17,108.9048,111.4103,108.5504,110.6178,2354184
2014-10-20,110.1846,112.6163,109.9385,112.5573,1871957
2014-10-21,113.2464,116.4165,113.2464,116.387,2439320
2014-10-22,112.636,113.4039,110.8639,112.065,6596471
2014-10-23,113.7977,115.5403,113.2366,114.4278,2602179
2014-10-24,114.3884,116.6528,114.2506,116.0719,1865081
2014-10-27,116.003,116.2983,115.3015,116.1704,1600473
2014-10-28,116.5839,116.9087,116.0128,116.5051,1861138
2014-10-29,116.6134,116.7808,113.3498,114.29,3195532
2014-10-30,114.1029,115.0677,113.8273,114.7822,1835415
2014-10-31,116.574,116.7414,115.2449,115.747,2206510
2014-11-03,115.0087,117.2139,115.0087,116.5642,1886692
2014-11-04,116.6429,116.9186,115.7864,116.4854,1469036
2014-11-05,117.1549,117.3321,116.0916,116.7118,2543292
2014-11-06,116.9678,117.3025,116.5268,117.0663,1260918
2014-11-07,117.017,117.017,114.3294,114.7921,2131564
2014-11-10,114.6149,115.3926,113.8174,115.0382,1306671
2014-11-11,114.8807,116.8004,114.5263,116.4657,1948068
2014-11-12,116.0916,116.8595,115.8032,116.6725,1483417
2014-11-13,116.83,117.0072,116.0325,116.4066,1207595
2014-11-14,116.1014,117.017,116.0128,116.9087,1522340
2014-11-17,116.4263,116.9087,116.0621,116.5937,1308772
2014-11-18,116.5937,119.0057,116.4756,118.6316,2126282
2014-11-19,118.9663,123.3769,118.0409,122.7369,4289859
2014-11-20,121.7918,124.3712,121.1224,122.6483,2538557
2014-11-21,123.4162,125.0702,123.4162,124.5779,2497542
2014-11-24,123.9282,125.8873,123.9282,125.4345,2150945
2014-11-25,125.779,127.6791,125.2474,125.8972,1855690
2014-11-26,125.9169,126.7438,125.4935,126.6651,1275511
2014-11-28,126.7143,127.7579,126.7143,127.2853,825559
2014-12-01,127.3345,127.3345,125.9464,125.9759,1444624
2014-12-02,126.2024,127.0096,124.7847,126.8029,1323919
2014-12-03,126.7045,127.3641,126.478,126.921,1178262
2014-12-04,126.7537,127.2164,125.779,126.3993,1098904
2014-12-05,126.3402,127.0195,126.0448,126.5469,1113085
2014-12-08,126.1039,127.0392,125.7299,126.4977,1382212
2014-12-09,125.1391,126.3697,124.0857,126.3008,1107929
2014-12-10,126.2319,127.049,125.2179,125.3557,1787119
2014-12-11,125.5134,127.0904,124.6165,124.9023,1388693
2014-12-12,124.0448,124.9417,123.1774,123.1971,1108827
2014-12-15,123.6209,124.3306,121.1272,121.9552,1639133
2014-12-16,121.6496,123.5815,119.7572,119.8065,1538272
2014-12-17,120.5457,123.0788,119.4122,122.9803,1886589
2014-12-18,124.0546,125.7105,123.4041,125.6908,1736481
2014-12-19,125.336,127.4354,125.2473,126.6075,3121010
2014-12-22,126.7947,127.5439,125.9372,127.0806,1161394
2014-12-23,127.5044,127.6227,124.8136,124.8432,1340287
2014-12-24,125.1684,126.1146,124.8629,124.9713,665521
2014-12-26,125.1881,126.4202,125.0009,125.8387,634306
2014-12-29,125.3458,125.6711,124.2123,125.0403,830779
2014-12-30,124.9023,125.4345,124.6953,124.7939,631784
2014-12-31,125.405,126.0062,123.4632,123.4928,1052153
2015-01-02,124.4883,126.6469,124.3503,126.2822,2043711
2015-01-05,125.4838,127.2876,124.3405,124.5475,2438118
2015-01-06,124.5475,126.3512,122.7536,123.3844,2526156
2015-01-07,124.7446,127.12,124.1335,127.0806,2098338
2015-01-08,127.603,129.18,127.603,128.4014,2524350
2015-01-09,128.8843,129.2392,127.4749,127.8888,1912447
2015-01-12,128.2437,128.7464,126.4596,126.6568,1810406
2015-01-13,127.7016,128.4388,125.2867,126.4991,2092950
2015-01-14,125.129,125.543,123.2957,124.3898,2851541
2015-01-15,124.4883,124.7308,122.3297,122.3494,2722727
2015-01-16,121.9355,123.7096,121.5242,123.4928,2034094
2015-01-20,124.1926,124.6855,122.31,123.4435,2270142
2015-01-21,123.2267,124.5475,123.0788,123.5618,1366665
2015-01-22,124.5376,125.7401,123.5815,125.1783,2953796
2015-01-23,124.9516,125.2473,122.9704,123.0788,1993834
2015-01-26,122.7733,123.9659,121.5019,123.8378,2032816
2015-01-27,122.379,124.0448,122.3396,123.0887,1894282
2015-01-28,123.8969,124.0743,122.2213,122.5564,2401784
2015-01-29,121.5905,126.8835,119.7966,126.1245,4902995
2015-01-30,124.991,125.7894,123.2168,123.414,3513094
2015-02-02,123.6899,124.1039,121.4328,124.0842,1835608
2015-02-03,124.6165,125.6415,123.5815,125.5035,1796981
2015-02-04,125.0304,126.1935,124.2222,124.5376,1531088
2015-02-05,124.9417,125.6612,124.0645,125.2177,1472761
2015-02-06,125.1783,125.4148,122.5367,123.0098,1573436
2015-02-09,122.0833,122.9605,121.1667,121.6299,1357217
2015-02-10,122.3002,123.3647,121.8566,123.2365,1232255
2015-02-11,123.4731,124.3799,123.069,123.6209,1313650
2015-02-12,124.9417,125.2571,123.7984,125.0107,1370737
2015-02-13,124.991,125.8781,123.8575,125.7795,1543592
2015-02-17,125.198,126.3315,124.3799,126.1935,1381943
2015-02-18,126.1639,127.0116,125.0304,126.1639,1402117
2015-02-19,125.8781,126.2724,125.267,125.9569,1266252
2015-02-20,125.5824,129.3377,125.3261,129.2885,2170746
2015-02-23,129.1209,129.456,128.5788,129.1012,2086218
2015-02-24,128.9435,130.0671,128.4014,129.9587,1385674
2015-02-25,129.9587,130.1066,128.9041,129.1899,1285846
2015-02-26,128.8843,129.2687,127.9381,128.2732,1558414
2015-02-27,127.948,128.6182,127.9184,128.1352,1070415
2015-03-02,128.0761,129.6827,127.7804,129.4659,1345497
2015-03-03,128.5098,128.8843,127.1102,127.8691,1460409
2015-03-04,127.8001,127.8001,126.9032,127.0412,1395506
2015-03-05,128.4507,129.6827,127.7311,129.5743,1544650
2015-03-06,128.8745,128.9829,126.4005,126.6666,1972898
2015-03-09,126.7455,126.8145,125.8387,126.2625,992444
2015-03-10,125.6218,126.6272,124.37,125.2078,1735000
2015-03-11,125.6711,126.6962,125.4247,126.1048,1153305
2015-03-12,126.8152,127.5948,126.3021,126.9041,1251750
2015-03-13,126.7067,127.8317,124.9403,125.7396,1209566
2015-03-16,127.6836,131.246,127.6836,131.2164,2313264
2015-03-17,130.802,131.0684,128.7001,130.6046,1544006
2015-03-18,130.4171,132.8447,129.381,132.1243,1906953
2015-03-19,132.0157,133.2295,132.0059,132.9828,1638767
2015-03-20,134.088,135.0749,133.0716,134.8282,2666340
2015-03-23,134.5617,136.6735,133.8315,136.0518,1830323
2015-03-24,135.5584,137.1965,133.792,133.8611,5124359
2015-03-25,133.8611,135.1143,131.8431,131.9467,1805496
2015-03-26,130.9204,132.2032,130.4664,131.3151,1200832
2015-03-27,131.4829,132.746,131.4237,131.9269,1104716
2015-03-30,132.8151,134.0091,132.5092,133.7821,1306432
2015-03-31,132.7756,134.4433,132.4105,132.5684,1431681
2015-04-01,132.894,132.9434,129.5586,130.2592,1801438
2015-04-02,130.5158,131.9171,130.1605,131.3546,841073
2015-04-06,130.7132,132.3809,130.5257,131.7394,980220
2015-04-07,132.1934,133.2197,131.2658,131.2658,945557
2015-04-08,131.246,132.3907,130.3678,131.0684,1268620
2015-04-09,131.1572,132.1144,130.6835,131.8085,750593
2015-04-10,131.6704,132.6769,131.1671,131.9664,820028
2015-04-13,131.5322,132.4697,130.9697,130.9697,810592
2015-04-14,130.9697,131.4138,130.3382,130.9303,1073546
2015-04-15,131.4039,132.2131,131.2263,131.8579,944039
2015-04-16,131.5026,131.769,130.5651,130.7428,1547435
2015-04-17,130.0717,130.5454,129.1441,130.3579,2040270
2015-04-20,131.473,132.7657,131.4138,132.2624,1379306
2015-04-21,132.5092,133.3923,131.7986,132.667,1758151
2015-04-22,127.4764,130.8612,127.0915,128.9665,3480915
2015-04-23,128.5619,128.5816,126.983,127.8415,2254308
2015-04-24,128.3843,128.9468,127.6442,128.3053,1533591
2015-04-27,128.9764,128.9764,125.3252,125.5916,2925085
2015-04-28,126.1047,126.3021,124.6739,125.9468,2446350
2015-04-29,125.6804,126.3613,124.8712,125.4534,1641954
2015-04-30,125.0291,125.6705,123.5982,124.0226,1966682
2015-05-01,124.8268,126.0554,124.516,125.9765,2293425
2015-05-04,126.5488,127.279,126.0455,126.0949,1181463
2015-05-05,124.4864,125.8383,124.4864,124.9798,1348278
2015-05-06,125.5127,126.0357,124.7064,125.9765,1843944
2015-05-07,126.1245,126.8054,125.5028,126.0653,2313774
2015-05-08,127.2593,128.5026,127.2593,128.2659,2121977
2015-05-11,127.9797,128.5323,127.7851,128.1573,962491
2015-05-12,128.2856,128.5224,126.4205,127.9007,1465150
2015-05-13,127.654,128.4632,127.3481,128.1376,2084694
2015-05-14,128.8974,129.5981,128.0488,129.3711,1304440
2015-05-15,129.3908,129.4007,127.9797,128.4435,1517951
2015-05-18,128.5323,128.7592,128.029,128.256,1250036
2015-05-19,128.1672,129.4994,127.8909,128.8283,1232209
2015-05-20,128.8678,131.2066,128.8283,130.279,1858528
2015-05-21,130.4467,131.7197,130.0989,131.0881,2328749
2015-05-22,131.1177,131.5421,130.4072,130.4072,1320979
2015-05-26,129.5783,129.8546,128.0882,128.0882,1557472
2015-05-27,128.7889,129.4106,128.2165,129.2625,1370912
2015-05-28,128.9764,129.1639,127.8317,128.4139,928727
2015-05-29,128.5224,128.5249,127.5455,127.9205,1655168
2015-06-01,128.1277,128.2264,126.8152,127.7527,1209190
2015-06-02,127.3975,128.3152,126.6475,127.8613,847697
2015-06-03,128.3547,128.5323,127.4764,128.2659,1137174
2015-06-04,127.3284,128.108,127.21,127.7922,1252160
2015-06-05,127.3481,128.1769,126.7363,127.8613,919346
2015-06-08,127.5455,127.8317,126.4797,126.5784,1767314
2015-06-09,126.3021,127.3087,125.7692,126.8745,2007423
2015-06-10,126.8942,128.7593,126.8942,128.4632,1185666
2015-06-11,128.8287,129.1844,128.7201,128.9473,762831
2015-06-12,128.3051,128.9473,127.6728,128.4533,1723875
2015-06-15,127.327,128.1421,126.6552,127.9791,2271291
2015-06-16,128.0976,128.7398,126.7244,127.248,1429991
2015-06-17,127.4456,127.7426,125.8649,127.0899,1322063
2015-06-18,127.4456,128.8781,127.2757,128.1174,2039794
2015-06-19,127.9791,128.7299,127.9791,128.4039,1948564
2015-06-22,128.888,129.3326,128.4138,128.5225,1130419
2015-06-23,128.4237,129.1054,127.4357,127.989,836566
2015-06-24,127.5938,129.8858,127.327,128.7003,2000897
2015-06-25,128.641,130.3897,127.8803,129.9451,1993617
2015-06-26,131.2393,132.5039,130.3798,130.6169,2203612
2015-06-29,129.3425,130.5873,127.742,127.8902,1862176
2015-06-30,129.2634,129.6784,127.8408,128.1964,1312111
2015-07-01,129.0955,129.3128,128.2656,129.2437,1161020
2015-07-02,129.5598,129.876,128.8188,129.3721,1093236
2015-07-06,128.1767,129.3326,128.1174,128.8188,1465420
2015-07-07,129.2832,129.4314,127.1591,129.3721,1473773
2015-07-08,128.3743,129.0263,126.5664,126.6552,1515537
2015-07-09,128.0581,128.4335,126.2304,126.2798,1240633
2015-07-10,128.1767,129.4215,127.1393,129.056,2163310
2015-07-13,129.787,132.7608,129.1745,132.6719,1732531
2015-07-14,133.0967,135.369,132.5543,134.9441,2763105
2015-07-15,135.695,135.8135,133.1313,133.6203,2362813
2015-07-16,134.1538,135.1121,134.0747,135.0133,1363716
2015-07-17,134.6181,135.1319,133.4227,134.1143,1477627
2015-07-20,134.1834,134.8453,133.7882,134.5292,1055412
2015-07-21,134.6972,135.3887,134.0747,134.8256,1864372
2015-07-22,138.5304,139.548,136.4162,138.3723,3412245
2015-07-23,138.807,139.2417,137.8685,138.9058,2030038
2015-07-24,137.9574,139.0244,135.942,136.2779,1345473
2015-07-27,135.8234,135.9321,134.6478,135.369,1388275
2015-07-28,137.0584,137.4437,135.7938,136.9793,1256870
2015-07-29,136.6434,138.0759,136.6434,137.9376,1099560
2015-07-30,137.2559,137.9179,135.8135,137.4437,947349
2015-07-31,137.4535,138.56,137.214,137.8487,1189956
2015-08-03,137.8191,138.0957,136.021,136.7719,1447954
2015-08-04,137.009,137.3152,135.8531,136.1099,857654
2015-08-05,137.2955,137.74,136.3767,137.0188,1117053
2015-08-06,136.7027,137.4437,134.3711,135.2702,1063818
2015-08-07,135.2702,135.4282,132.7163,134.381,1070350
2015-08-10,135.3887,135.8531,134.8256,135.527,761279
2015-08-11,134.0846,134.8256,132.2372,132.9584,1546774
2015-08-12,131.9507,133.4326,128.9967,133.0868,2222329
2015-08-13,133.3239,133.5017,131.7629,132.1087,828286
2015-08-14,131.9803,133.6104,131.8914,133.3931,904122
2015-08-17,132.9781,134.7564,132.3952,134.6675,892158
2015-08-18,134.5094,135.0627,133.5709,133.6894,879897
2015-08-19,132.8299,133.4227,131.8914,132.1186,1299266
2015-08-20,131.9704,132.089,130.6564,130.7454,2282016
2015-08-21,129.4314,130.449,126.3687,126.4181,2046115
2015-08-24,119.4432,124.6003,116.5584,120.2039,3978747
2015-08-25,123.0295,123.3752,118.4849,118.6034,2863533
2015-08-26,121.0832,123.9483,119.7593,123.7507,3074126
2015-08-27,125.198,126.5564,124.0569,126.3687,2159487
2015-08-28,125.9933,126.3656,124.1261,124.9955,1818082
2015-08-31,124.9856,125.7068,123.3802,123.8593,2601392
2015-09-01,121.5179,122.743,119.3246,119.9866,3550293
2015-09-02,121.3499,121.6167,119.2258,121.3005,2923546
2015-09-03,121.7748,122.7528,120.9054,121.2907,2383778
2015-09-04,119.2258,120.5201,118.7319,119.7099,2158791
2015-09-08,122.1304,122.2994,120.7177,122.1996,1729647
2015-09-09,123.316,123.4444,119.9421,120.1545,2199752
2015-09-10,119.7692,121.1524,119.6013,120.5596,1883638
2015-09-11,120.1144,121.6279,119.6199,121.5685,1411133
2015-09-14,121.9939,121.9939,120.2628,120.8365,1268679
2015-09-15,121.5388,124.1206,120.8266,123.7348,2124986
2015-09-16,123.6359,125.268,123.0523,124.9119,2137213
2015-09-17,125.0504,129.3434,124.6448,126.8408,3074883
2015-09-18,125.9802,126.1187,124.1008,124.4173,2701245
2015-09-21,124.7536,125.8516,123.9128,124.9614,1866349
2015-09-22,123.6458,124.0612,122.8653,123.893,2078953
2015-09-23,123.4578,124.259,123.0028,123.2699,1339403
2015-09-24,122.4687,122.894,121.3608,122.6566,1491543
2015-09-25,123.3094,124.0019,120.8959,121.3212,1996824
2015-09-28,119.8474,120.5991,115.8313,116.8502,3655684
2015-09-29,117.0085,119.9957,116.8502,118.5417,2181782
2015-09-30,119.1648,121.0937,119.1648,120.9552,1944249
2015-10-01,121.3707,121.7268,119.6891,120.7772,2043061
2015-10-02,118.7395,123.171,118.6208,123.1413,1383324
2015-10-05,123.0523,125.3867,123.0523,125.179,2176360
2015-10-06,123.992,124.6052,121.0789,122.7456,2445150
2015-10-07,123.3391,124.2096,122.6071,123.8436,2003458
2015-10-08,123.3787,124.4865,122.7852,124.4865,1504018
2015-10-09,124.3975,125.3174,124.2294,125.1493,1282977
2015-10-12,124.7734,125.1295,123.9524,124.536,916900
2015-10-13,123.715,125.3273,123.4776,124.1206,898520
2015-10-14,123.8238,124.7536,122.1818,122.6269,1326761
2015-10-15,122.9533,124.1799,122.2016,124.1107,2245367
2015-10-16,124.4964,125.0751,123.9425,125.0306,1982406
2015-10-19,124.902,127.6717,124.6151,127.6321,2007488
2015-10-20,127.2958,128.1761,126.6528,127.2265,2077903
2015-10-21,127.3353,128.5817,122.8445,125.7329,4248006
2015-10-22,126.3759,126.6528,122.3302,122.6566,3278361
2015-10-23,123.1413,125.9011,122.7555,125.0998,3333565
2015-10-26,125.4065,125.8813,124.8328,125.6538,1926366
2015-10-27,125.2284,126.5638,125.0306,125.4164,1711563
2015-10-28,125.5153,127.9091,124.7141,127.8497,1483274
2015-10-29,127.8299,130.0852,127.5035,129.9566,1783410
2015-10-30,129.9962,130.9755,129.3631,129.3631,2435613
2015-11-02,129.8577,133.3,129.5906,133.0824,1618556
2015-11-03,132.6274,133.2308,131.1733,132.8054,1460169
2015-11-04,132.9044,133.8638,131.9251,133.7847,1622470
2015-11-05,133.2901,134.2595,132.2911,133.488,1756873
2015-11-06,132.5186,132.9637,131.6679,132.845,1242154
2015-11-09,132.9044,133.2407,131.5294,132.845,1819584
2015-11-10,132.8549,134.9915,131.9745,134.5563,1942948
2015-11-11,134.9223,135.1695,133.3396,133.3989,1818353
2015-11-12,132.3603,133.4682,130.9854,131.0052,1296903
2015-11-13,131.2327,132.2409,130.4809,130.8963,1348385
2015-11-16,131.1436,134.1408,131.0744,134.0716,1369211
2015-11-17,133.5374,135.3179,133.4781,133.9727,1696676
2015-11-18,134.2101,136.4505,134.0716,136.2378,1504470
2015-11-19,136.2873,137.0786,135.674,135.9114,1562233
2015-11-20,136.7918,136.9006,135.9312,136.3467,2780134
2015-11-23,136.3071,137.0984,135.585,136.1093,1818981
2015-11-24,135.1102,136.6137,134.7244,136.4653,1262990
2015-11-25,136.3071,137.4446,136.129,137.1578,1085486
2015-11-27,137.138,138.7701,137.138,138.4437,643881
2015-11-30,138.7701,139.1361,136.861,136.9006,2609625
2015-12-01,137.3556,138.1568,135.674,136.8511,2719188
2015-12-02,137.0193,137.3655,135.0508,135.2882,1534002
2015-12-03,135.2586,136.129,130.3523,131.1337,2367641
2015-12-04,132.1328,135.6641,131.935,135.585,1877859
2015-12-07,135.3674,135.4861,133.4781,134.0617,1340951
2015-12-08,133.488,135.496,133.1022,134.576,1548656
2015-12-09,133.9529,135.5059,132.5581,132.934,1524951
2015-12-10,132.9637,134.6255,132.5285,133.666,1056728
2015-12-11,131.933,133.7353,131.7647,132.8936,1542364
2015-12-14,132.547,134.2503,132.1152,134.0918,1452483
2015-12-15,134.9831,136.815,134.9831,136.1516,1726814
2015-12-16,137.33,139.3699,136.9438,139.0828,1698962
2015-12-17,138.9144,139.1521,136.7556,136.815,1863387
2015-12-18,135.9238,136.1021,133.2006,133.2006,2716593
2015-12-21,134.4384,136.3001,134.2602,136.211,1325891
2015-12-22,136.7556,138.3401,135.8644,138.1717,1250749
2015-12-23,138.6371,140.073,138.2806,139.6472,1534829
2015-12-24,139.568,140.3701,139.3798,139.9443,370701
2015-12-28,139.5977,139.8354,139.157,139.3303,835653
2015-12-29,140.2018,142.1031,140.0136,141.6376,1416242
2015-12-30,141.6475,142.2516,141.1191,141.4693,1057542
2015-12-31,140.588,141.8159,140.4592,140.4691,1144968
2016-01-04,138.0925,138.7857,135.9832,137.3993,3287526
2016-01-05,137.6469,139.568,137.023,137.1616,3184443
2016-01-06,135.2207,137.1022,135.2207,136.112,2300840
2016-01-07,133.6858,133.9433,131.8439,133.0025,2470850
2016-01-08,134.28,135.6762,132.5173,132.854,2148124
2016-01-11,133.0322,135.9535,132.0915,133.567,2407392
2016-01-12,134.9632,136.5576,134.2206,135.6366,3088125
2016-01-13,136.0823,136.6665,131.7053,132.4678,2521224
2016-01-14,132.339,136.0228,132.141,134.4681,2871189
2016-01-15,133.2798,133.8839,129.3782,131.4676,3332633
2016-01-19,133.26,134.3295,131.6063,133.5967,3007161
2016-01-20,131.3686,133.3442,128.279,131.7548,2917516
2016-01-21,132.1707,132.3093,129.4673,130.3981,2193874
2016-01-22,132.2895,134.0819,131.6261,133.9928,1930040
2016-01-25,133.4184,134.9236,132.9728,133.4184,1320450
2016-01-26,133.2798,133.7452,130.7843,132.7946,1721902
2016-01-27,132.7451,135.8743,132.042,134.5077,3308858
2016-01-28,129.5861,131.7053,125.9419,126.9223,4610503
2016-01-29,127.8135,130.7744,127.3481,130.7744,3189511
2016-02-01,129.9822,130.814,128.378,129.4178,1772135
2016-02-02,128.0512,128.5958,125.2983,125.6548,1838133
2016-02-03,126.6945,126.6945,121.9908,124.8229,2984896
2016-02-04,125.1299,127.358,124.7239,126.5559,2319021
2016-02-05,125.7637,126.0113,120.1192,121.9809,4172149
2016-02-08,120.5648,121.6244,118.5843,120.7529,2958363
2016-02-09,119.8518,124.2486,119.5547,123.2385,2855139
2016-02-10,124.8427,127.7442,124.001,124.2387,1584501
2016-02-11,121.664,123.0772,121.0599,122.0997,1441929
2016-02-12,123.3078,125.3181,122.7533,125.2488,1574417
2016-02-16,126.4767,127.1649,125.1893,126.1796,2466423
2016-02-17,126.9223,130.3288,126.3182,129.4277,1832443
2016-02-18,128.992,130.0911,128.0314,128.4275,1292932
2016-02-19,128.2592,129.4871,127.0609,128.8929,1303282
2016-02-22,129.7248,130.7051,129.0514,130.1605,937100
2016-02-23,129.7545,130.3387,127.5858,128.477,1244233
2016-02-24,127.1303,128.8038,126.4074,128.5067,924605
2016-02-25,128.7345,129.7148,127.8234,129.2989,1077716
2016-02-26,129.6653,130.3189,129.0019,129.4376,897215
2016-02-29,128.9721,129.7643,127.873,127.9324,2237196
2016-03-01,128.576,134.4186,128.4374,133.9631,2598226
2016-03-02,133.5274,137.231,133.4085,136.7754,3278212
2016-03-03,136.409,137.6865,135.1316,137.3201,2122105
2016-03-04,137.429,139.6175,137.1121,138.9342,2355674
2016-03-07,137.3696,140.2414,135.9535,140.172,3182911
2016-03-08,138.8748,139.6596,137.429,137.7261,2202504
2016-03-09,138.2905,138.9045,136.1318,136.8051,2588844
2016-03-10,137.5875,138.7956,135.3693,136.617,2398657
2016-03-11,137.6777,139.6406,137.5984,139.0061,2036114
2016-03-14,138.4014,139.3531,137.6589,138.56,1124341
2016-03-15,137.3902,137.5686,135.8388,137.0631,1524201
2016-03-16,137.0928,138.2229,136.27,137.876,1261614
2016-03-17,137.6083,138.1238,135.3976,137.0531,2386229
2016-03-18,137.648,139.5513,136.5674,138.788,3271798
2016-03-21,138.2923,138.9664,137.6777,138.4212,1280907
2016-03-22,137.9454,138.7682,137.182,137.648,1617083
2016-03-23,137.7967,138.5402,137.2167,137.6182,1076582
2016-03-24,136.954,138.0148,136.2105,137.8165,992996
2016-03-28,138.3815,138.6704,136.9243,137.3307,827738
2016-03-29,137.1919,139.0656,136.5079,138.9367,1208198
2016-03-30,139.819,140.8103,139.135,139.5712,894260
2016-03-31,139.5315,140.9789,138.9268,140.3642,1165342
2016-04-01,138.9962,141.7521,138.9764,141.4349,1045536
2016-04-04,140.9491,143.6753,140.9293,142.8029,1851979
2016-04-05,142.1189,142.1189,139.7397,140.1561,1410371
2016-04-06,140.2056,144.052,139.9974,143.8538,1714281
2016-04-07,143.1995,143.2788,140.2056,140.8203,1322671
2016-04-08,141.6332,142.0793,140.2453,140.9789,961972
2016-04-11,141.2763,142.0198,140.2254,140.4336,922626
2016-04-12,141.0383,141.5836,140.3048,141.197,1139511
2016-04-13,141.8017,143.8438,141.7521,143.7943,1039578
2016-04-14,144.0818,144.508,143.2441,143.368,706141
2016-04-15,143.368,144.2106,142.8228,144.0818,834720
2016-04-18,144.1611,145.3309,143.5068,145.202,907628
2016-04-19,144.6072,145.4994,143.8934,144.3296,1312082
2016-04-20,144.5576,145.5886,143.7447,145.1722,1323106
2016-04-21,144.855,146.4907,144.508,146.0744,1329224
2016-04-22,146.1933,146.6593,144.3793,145.5787,1014583
2016-04-25,145.4697,145.9653,145.0374,145.2912,1396711
2016-04-26,144.8649,145.1128,143.2887,144.3494,1794158
2016-04-27,144.3494,146.473,143.8984,145.8662,1497750
2016-04-28,145.9356,146.6196,142.0396,144.0619,3063539
2016-04-29,142.6542,143.3283,139.9033,143.0012,2205747
2016-05-02,143.7546,145.4993,143.7249,145.2317,1537092
2016-05-03,144.8947,144.9641,142.4808,143.6158,981695
2016-05-04,141.99,143.7745,141.7422,143.2986,982477
2016-05-05,142.9318,144.518,142.5452,143.8835,1224014
2016-05-06,143.7447,146.2528,143.6011,145.6977,1257404
2016-05-09,146.0149,147.2144,145.5135,146.1834,1191248
2016-05-10,147.0756,147.6009,145.8067,147.5416,1471477
2016-05-11,147.7101,148.6519,146.6692,146.689,972180
2016-05-12,147.0062,147.9678,146.3024,147.6308,1203302
2016-05-13,147.0855,148.0571,146.1239,146.6097,1531051
2016-05-16,146.6196,149.1277,146.4213,148.9393,1473044
2016-05-17,148.8898,149.6432,146.7782,147.5316,1815846
2016-05-18,147.145,149.9109,146.7287,148.8105,1715051
2016-05-19,148.2157,148.2652,145.658,147.1351,1427989
2016-05-20,148.0571,149.0087,147.0657,147.5614,1420931
2016-05-23,147.5614,148.1463,146.5899,147.5515,994136
2016-05-24,147.948,149.7523,147.5019,149.3755,1097579
2016-05-25,149.5342,150.3669,149.2962,149.8514,1311933
2016-05-26,149.6234,150.5353,149.207,149.891,914291
2016-05-27,150.2083,150.8526,149.0484,150.813,1847627
2016-05-31,150.6841,150.8031,149.2169,150.4561,2177305
2016-06-01,149.9803,152.1216,149.326,151.7349,1730031
2016-06-02,151.2591,152.3694,150.9914,152.2207,809551
2016-06-03,151.388,151.953,149.9803,151.5466,831669
2016-06-06,151.4772,152.5677,150.7139,151.8638,1015509
2016-06-07,151.8737,152.2802,151.2095,151.3681,1415582
2016-06-08,151.6358,152.9642,150.6742,152.8056,1395028
2016-06-09,152.2703,153.4698,151.6854,152.8155,1002555
2016-06-10,151.7151,151.953,150.1091,150.4858,1303111
2016-06-13,150.337,151.1705,149.2851,149.3645,956772
2016-06-14,148.5905,148.6738,145.9906,146.844,1755908
2016-06-15,147.2508,147.5188,146.1295,146.2784,1131786
2016-06-16,145.5143,146.2684,144.1151,146.0998,1335130
2016-06-17,145.9807,146.2486,144.7105,145.1174,1418483
2016-06-20,146.586,148.0546,146.4173,147.231,1264358
2016-06-21,147.8065,148.9378,147.2508,147.7669,1257884
2016-06-22,147.9554,150.337,147.9058,148.6996,936044
2016-06-23,150.337,151.0217,149.6423,150.9721,1136935
2016-06-24,145.5044,147.6974,143.5098,144.2342,3149357
2016-06-27,142.7358,143.5396,139.1336,139.8481,2950340
2016-06-28,141.2771,142.1723,140.4137,142.0511,2075077
2016-06-29,143.3609,144.5319,141.9915,144.0456,1998775
2016-06-30,144.4723,146.6455,144.0109,146.6257,2419779
2016-07-01,146.8043,148.6996,146.3389,148.0844,1433142
2016-07-05,147.0623,147.5982,145.5143,146.1196,1878161
2016-07-06,145.2761,148.2332,144.6311,147.9653,1869359
2016-07-07,147.6974,148.5806,147.3104,147.9157,1331887
2016-07-08,149.3149,152.2422,149.2057,151.5178,1153713
2016-07-11,151.8949,152.4704,150.8431,151.1705,959100
2016-07-12,152.0537,153.5819,151.2797,153.1949,1188007
2016-07-13,153.82,153.9788,152.9071,153.6116,844224
2016-07-14,155.3978,156.8565,154.5094,156.5191,2033491
2016-07-15,157.1542,157.1542,155.5467,155.8344,1628209
2016-07-18,155.4474,156.1173,154.862,155.8444,1098933
2016-07-19,155.0704,155.7352,154.3659,155.4375,679217
2016-07-20,155.5864,156.8863,155.3387,156.4795,686911
2016-07-21,156.3207,156.5787,154.5246,155.0009,1151429
2016-07-22,155.6161,156.1619,154.8223,155.6856,901937
2016-07-25,155.7948,156.3505,155.0902,155.7749,1119420
2016-07-26,155.7948,157.9084,155.1001,157.6702,1508243
2016-07-27,158.1664,158.2756,156.2661,157.6802,1536802
2016-07-28,155.9535,158.0324,155.3581,157.6008,1654701
2016-07-29,157.7199,158.7618,157.1642,157.6206,1438603
2016-08-01,157.5313,159.4415,157.3527,158.3351,1794031
2016-08-02,158.3053,158.5633,154.6933,155.2391,1711330
2016-08-03,155.6261,155.6261,154.475,154.8024,1039666
2016-08-04,155.4177,156.4795,155.0505,155.2192,893257
2016-08-05,156.1123,156.5985,155.6161,156.3008,935576
2016-08-08,156.2314,156.5985,154.9612,155.3184,833805
2016-08-09,155.3383,156.0428,155.0505,155.4772,584918
2016-08-10,155.5864,156.1619,154.4055,154.8124,687297
2016-08-11,155.0406,156.3405,154.6437,156.2512,781149
2016-08-12,155.5665,155.631,153.8597,154.2963,864697
2016-08-15,154.4948,155.2589,154.0979,154.7727,959130
2016-08-16,154.4253,154.7627,153.7803,153.7803,861349
2016-08-17,154.2666,154.346,152.4903,153.4826,916390
2016-08-18,153.0361,153.2842,151.5675,152.1728,2155827
2016-08-19,151.7064,152.6292,151.3293,152.401,1498018
2016-08-22,152.5002,153.0857,152.1033,152.8079,705942
2016-08-23,153.3735,154.991,152.9865,153.3636,1064654
2016-08-24,153.175,153.3139,149.6225,150.0988,1513662
2016-08-25,150.1286,151.2201,149.5927,150.1881,1358058
2016-08-26,150.7537,151.8751,150.2874,151.1904,1158268
2016-08-29,151.111,152.9269,151.0048,152.3315,986656
2016-08-30,152.6193,152.8575,150.8927,151.9842,966456
2016-08-31,151.9942,152.2224,150.3965,151.0217,1053750
2016-09-01,151.4781,151.6548,149.2454,149.7912,1305968
2016-09-02,150.069,150.6744,149.5133,150.0194,1104239
2016-09-06,150.0889,150.2229,149.5133,149.8408,1497973
2016-09-07,149.4737,150.2625,149.1363,149.3447,1527336
2016-09-08,149.2454,150.079,149.2206,149.4935,1399386
2016-09-09,146.9532,147.3799,142.577,142.577,2995196
2016-09-12,142.0908,145.6284,141.9121,145.2761,1932496
2016-09-13,144.2828,144.8888,142.1571,144.1835,1933919
2016-09-14,144.0444,146.8854,144.0444,146.8655,3221745
2016-09-15,147.3821,149.8058,146.9649,149.0012,2119543
2016-09-16,149.1701,149.3886,147.9582,149.0509,1985523
2016-09-19,149.18,150.2727,148.9118,149.0012,1058938
2016-09-20,150.3621,151.5144,149.4582,150.6104,1488167
2016-09-21,151.4448,154.5838,151.1071,154.3851,1791211
2016-09-22,155.3685,157.0572,154.6434,156.6102,1599025
2016-09-23,155.8056,157.0969,155.6665,156.6102,1626229
2016-09-26,155.9347,155.9347,154.5739,155.1202,1650462
2016-09-27,155.4083,157.9612,154.7924,157.8221,1874204
2016-09-28,158.0307,158.0307,156.0937,157.5837,946741
2016-09-29,157.5738,158.2095,154.3057,155.0209,1473877
2016-09-30,155.6566,158.4678,155.6566,158.0009,1985937
2016-10-03,156.8983,158.1598,156.5258,158.0605,1304487
2016-10-04,157.9214,158.3784,155.4232,156.5208,1124669
2016-10-05,157.3552,157.7426,156.6301,157.2261,1171451
2016-10-06,157.4546,157.4546,156.1632,157.385,998070
2016-10-07,157.9413,157.9413,155.9546,157.1565,1087001
2016-10-10,158.1797,159.029,157.4943,158.0506,927767
2016-10-11,154.9613,155.5424,152.766,153.8686,2697528
2016-10-12,153.958,154.2262,152.5673,152.7759,1088611
2016-10-13,151.7329,152.1203,150.1038,151.0177,2191787
2016-10-14,151.872,151.9117,150.4912,150.6998,1477936
2016-10-17,150.8389,150.8389,149.2992,149.776,1613968
2016-10-18,151.1766,151.3058,150.0543,150.6601,1727290
2016-10-19,150.1038,151.0177,150.0045,150.7892,1859771
2016-10-20,150.7992,151.1071,150.084,150.6502,2005181
2016-10-21,149.6966,149.786,148.7628,149.6568,1589510
2016-10-24,150.7197,152.3786,149.9548,152.0905,2098495
2016-10-25,148.3555,149.6568,146.7662,146.9847,2431329
2016-10-26,146.1901,147.1536,145.1719,147.0543,3958070
2016-10-27,150.978,152.2594,147.541,148.2264,2999764
2016-10-28,148.5045,148.7429,146.0609,146.2298,1805911
2016-10-31,146.4682,147.4218,145.9815,146.051,1345827
2016-11-01,147.0145,147.0167,143.3789,145.0477,1900589
2016-11-02,144.7894,145.9814,144.551,144.8292,1791216
2016-11-03,144.859,145.8722,144.7298,145.1073,1821230
2016-11-04,145.2365,146.6967,145.2365,145.5941,1365669
2016-11-07,147.8887,151.3753,147.1834,150.7992,2027232
2016-11-08,150.4018,153.0143,149.5774,151.5442,1620026
2016-11-09,153.6103,155.9745,148.4499,151.0376,2441511
2016-11-10,152.7759,154.5639,151.8471,153.3223,2247958
2016-11-11,152.3686,152.5673,149.6568,150.2429,1766251
2016-11-14,151.5044,152.0309,146.7463,147.0344,2517055
2016-11-15,147.5013,148.0575,146.0808,147.6701,2114265
2016-11-16,147.8887,149.1204,147.6403,148.4946,1591476
2016-11-17,148.5939,148.8721,147.4317,147.8887,1552076
2016-11-18,147.7794,148.2065,144.6603,144.8391,2631666
2016-11-21,145.5146,145.5245,143.7762,145.1967,2975491
2016-11-22,145.5742,145.5742,140.8061,142.0478,3277501
2016-11-23,141.1538,142.6538,140.5181,142.5544,2594366
2016-11-25,142.5147,143.2498,141.7697,143.22,804442
2016-11-28,141.9882,142.4253,138.6009,139.3857,3667345
2016-11-29,139.7631,141.0545,138.8095,140.3293,2576593
2016-11-30,141.0843,141.4717,139.0082,139.1771,2166587
2016-12-01,139.5347,139.7234,138.144,138.7003,2703372
2016-12-02,138.6705,142.2068,138.3923,140.9651,3166111
2016-12-05,142.0975,143.8855,140.2002,140.4386,2920772
2016-12-06,140.6273,143.4584,140.3393,142.6339,3759159
2016-12-07,141.9286,141.9684,139.1274,140.9055,2413509
2016-12-08,140.8359,142.8177,140.0523,142.1174,1819360
2016-12-09,142.8524,144.6802,142.7928,144.4418,1620683
2016-12-12,143.3094,145.0775,143.3094,144.2133,1390756
2016-12-13,144.7403,145.6551,144.3873,145.0784,1254313
2016-12-14,144.7502,145.2077,142.4234,142.9902,1657261
2016-12-15,143.1891,143.5172,142.0664,142.6919,1849424
2016-12-16,142.672,144.4917,141.4489,141.7373,2710463
2016-12-19,141.5384,142.6024,139.9276,140.4546,1591367
2016-12-20,140.7827,141.782,139.9176,141.0015,1871326
2016-12-21,140.9418,141.0015,139.6292,139.9773,1502616
2016-12-22,140.1563,140.2955,139.0923,139.7287,1191103
2016-12-23,140.0568,141.1904,139.0923,141.0412,1047741
2016-12-27,141.3694,142.3836,141.0711,141.608,879530
2016-12-28,141.7572,141.976,140.3154,140.4247,1015289
2016-12-29,140.2159,141.5782,140.206,140.6833,771565
2016-12-30,141.3594,141.5384,139.6591,140.3054,1063322
2017-01-03,141.5881,143.02,141.429,142.8609,1966906
2017-01-04,143.1394,145.2375,142.4831,144.3425,2167219
2017-01-05,144.5613,144.9491,143.9647,144.5613,1683578
2017-01-06,144.4619,146.6594,144.3227,146.4407,2016228
2017-01-09,146.1821,147.803,146.1821,146.6594,1967207
2017-01-10,146.9677,148.4791,146.4705,146.9478,1806625
2017-01-11,146.9577,147.4947,143.0548,145.3966,2764303
2017-01-12,145.3568,146.1622,144.3128,145.148,2239606
2017-01-13,145.2673,146.197,144.7005,145.4662,1839728
2017-01-17,144.8497,145.0486,143.736,144.2332,1651515
2017-01-18,145.0187,145.1778,142.7516,143.8454,1377132
2017-01-19,143.5669,143.905,142.6322,143.5073,1435920
2017-01-20,144.094,144.3227,142.5129,142.7018,1750006
2017-01-23,142.3538,143.6067,141.7671,141.9859,1508582
2017-01-24,142.4234,142.851,139.2116,140.1861,2988471
2017-01-25,140.7032,142.2146,139.9773,141.6279,2224918
2017-01-26,141.7174,142.6621,141.1705,142.2942,2934176
2017-01-27,143.199,145.0386,142.9504,144.6309,2107766
2017-01-30,144.7105,144.7403,141.8566,142.4831,3158625
2017-01-31,145.8242,151.6412,145.2574,151.5318,5340687
2017-02-01,151.4125,154.2266,150.627,152.0787,3601963
2017-02-02,151.5517,151.5517,149.384,150.8159,1751819
2017-02-03,151.2932,151.5152,149.5431,150.5772,1817142
2017-02-06,150.2093,151.2932,149.5729,151.2236,1624932
2017-02-07,151.2634,152.3373,150.9352,152.1483,1479308
2017-02-08,151.5219,153.3615,150.8358,152.6356,1467821
2017-02-09,152.735,154.3956,152.5164,153.8686,1505007
2017-02-10,153.8089,154.6144,153.4012,154.0178,1482866
2017-02-13,154.1271,155.916,153.62,155.4695,1636548
2017-02-14,155.0618,156.444,154.5448,156.3943,1429800
2017-02-15,155.6087,157.4782,155.5988,157.3688,1423317
2017-02-16,157.1202,157.6571,156.5534,156.8219,1252905
2017-02-17,156.7324,158.4029,156.4987,157.7466,1207502
2017-02-21,157.7466,158.5123,157.0705,157.7367,1242218
2017-02-22,157.4483,158.204,156.802,157.1301,1282983
2017-02-23,157.6969,158.2239,156.8119,157.8361,1124977
2017-02-24,157.4483,158.0847,156.6926,158.0847,832828
2017-02-27,157.4682,158.393,157.1301,157.5875,1220207
2017-02-28,157.3091,158.3532,156.6329,156.792,1674213
2017-03-01,158.572,159.984,158.0151,158.92,1722556
2017-03-02,159.099,159.099,158.0892,158.3035,1414396
2017-03-03,157.8262,159.5166,157.7665,159.2581,1204035
2017-03-06,157.8162,158.393,156.6628,156.8219,1413379
2017-03-07,156.1059,157.0506,155.7082,156.3744,1166721
2017-03-08,156.5037,157.0705,155.7579,156.6131,1105385
2017-03-09,156.8318,157.3489,156.1954,156.8915,1102589
2017-03-10,157.2892,158.572,157.2594,158.4328,1206266
2017-03-13,158.5621,158.5621,156.9198,158.2933,1324287
2017-03-14,157.7459,157.9549,157.2134,157.5966,1036534
2017-03-15,157.8455,160.9009,157.6165,160.2939,2548153
2017-03-16,157.2881,158.7512,156.1136,157.2781,3208734
2017-03-17,157.7957,158.3431,155.6458,157.1487,2654091
2017-03-20,157.3976,157.6563,155.6259,156.0041,1280593
2017-03-21,156.7307,156.9596,153.6353,154.8098,1593396
2017-03-22,155.0586,155.7653,153.6055,154.6008,1309578
2017-03-23,154.5709,155.2178,153.2969,153.9239,1643432
2017-03-24,153.705,154.9392,152.9685,153.3168,1938975
2017-03-27,152.7196,154.6207,151.8935,153.8642,1418568
2017-03-28,153.914,154.6538,152.8192,153.914,1113892
2017-03-29,153.6254,153.8593,152.222,153.2571,1075037
2017-03-30,153.3765,153.9837,152.7296,153.1874,1054176
2017-03-31,152.6699,153.4263,152.5007,152.8789,1219626
2017-04-03,152.8789,154.4813,152.7793,153.8543,2084836
2017-04-04,153.7448,154.2325,151.794,152.003,2701327
2017-04-05,152.5504,153.3666,151.9134,152.0428,2012985
2017-04-06,152.0627,152.7993,151.4855,152.2319,2430973
2017-04-07,152.3514,152.9884,151.8487,152.3912,1323729
2017-04-10,152.5007,154.0334,152.5007,152.7296,1019550
2017-04-11,152.1722,152.9685,151.1968,152.1523,985987
2017-04-12,152.1424,152.2319,151.0276,151.7442,1253664
2017-04-13,151.2267,152.2419,151.0575,151.4655,934603
2017-04-17,152.0528,153.1973,151.6148,152.9784,1274616
2017-04-18,152.3215,153.1576,151.585,152.5504,886616
2017-04-19,153.2471,153.9339,152.2021,153.7348,1291133
2017-04-20,154.0434,155.1283,153.0964,154.6306,1592737
2017-04-21,154.541,155.0984,153.8642,154.3121,1992271
2017-04-24,155.7951,156.8999,155.2975,156.6013,1198329
2017-04-25,157.6862,158.6815,157.3777,158.0644,2171285
2017-04-26,161.3688,167.3307,160.2342,167.2212,4182918
2017-04-27,167.8881,167.9677,165.2207,165.9174,2287878
2017-04-28,165.7482,165.8178,163.9964,164.5538,1507040
2017-05-01,165.5889,166.7534,165.2406,165.8378,1431186
2017-05-02,165.8178,166.7136,164.9718,166.4648,1562420
2017-05-03,166.4648,167.8184,166.1264,167.5298,1785191
2017-05-04,167.5696,169.4358,167.3208,169.3213,1247439
2017-05-05,169.2815,170.3465,168.8436,170.2569,1681257
2017-05-08,170.6252,170.864,168.9929,169.5901,3636198
2017-05-09,170.864,172.3968,170.1972,171.3119,1806536
2017-05-10,170.1375,171.8593,169.4009,170.1673,1860097
2017-05-11,169.0824,170.2669,168.6644,170.2071,1126898
2017-05-12,169.8986,171.2522,169.61,170.7147,1107444
2017-05-15,170.6948,172.7153,170.5754,171.4513,2280780
2017-05-16,171.5309,171.9489,170.9735,171.4612,1482308
2017-05-17,170.3963,172.1878,170.0379,170.1673,1367983
2017-05-18,170.227,172.4466,170.0678,170.9337,1553223
2017-05-19,171.3119,171.8892,170.4261,170.7247,1130920
2017-05-22,170.5455,171.5707,169.9981,171.292,1044510
2017-05-23,172.576,172.8248,170.9437,171.0233,1078676
2017-05-24,171.0034,171.6304,170.4759,171.5209,827903
2017-05-25,171.6603,172.2575,171.1527,172.0883,764475
2017-05-26,172.4963,172.7452,172.0684,172.6058,683280
2017-05-30,172.357,172.7651,171.6105,172.4366,1114235
2017-05-31,172.9641,173.5563,171.9688,171.9788,1836450
2017-06-01,171.9788,173.9993,171.5209,173.9993,1014538
2017-06-02,174.1784,175.5619,173.3523,175.5619,1075195
2017-06-05,175.4325,176.0197,174.482,175.6116,874253
2017-06-06,175.1737,175.751,174.9149,175.2434,1443047
2017-06-07,175.2633,175.6813,174.696,175.5121,897834
2017-06-08,175.2334,175.532,173.0338,173.9893,2016352
2017-06-09,174.477,175.1439,173.2528,174.1087,1238363
2017-06-12,174.1685,174.3675,171.2323,172.566,1695224
2017-06-13,172.8549,174.4288,172.6656,174.2595,912184
2017-06-14,174.6679,174.6679,173.1139,173.9009,1337309
2017-06-15,173.1537,173.5721,171.9185,173.4625,1150402
2017-06-16,173.8909,174.638,173.333,174.1897,1944695
2017-06-19,174.9468,176.0327,174.4189,175.5744,1154833
2017-06-20,175.3652,176.2418,174.5882,174.9966,1299607
2017-06-21,175.8135,176.202,174.4089,174.9269,1348035
2017-06-22,175.3553,175.694,173.6319,174.7974,964527
2017-06-23,175.0763,175.0763,172.5361,173.7714,1633704
2017-06-26,174.3192,174.3292,172.2771,172.566,1297056
2017-06-27,172.307,173.6319,171.4702,173.0342,1207950
2017-06-28,173.9507,175.5943,173.0989,175.0963,1009910
2017-06-29,174.9269,175.425,172.5361,173.2235,1252062
2017-06-30,173.7514,174.5334,173.3131,173.8012,819727
2017-07-03,174.6579,175.5246,173.7415,173.7415,612254
2017-07-05,173.9307,175.7637,173.5622,175.0664,1186823
2017-07-06,174.11,175.1162,173.6219,174.3691,2290556
2017-07-07,175.1261,177.3077,174.7277,176.8097,1345748
2017-07-10,177.1185,177.6066,176.0625,176.989,1492518
2017-07-11,176.969,178.4533,176.2082,177.9553,2127065
2017-07-12,178.5231,180.0273,178.3736,179.5093,1101632
2017-07-13,179.8779,180.0074,178.6227,179.3399,927411
2017-07-14,179.1706,180.5752,178.6825,180.2564,871939
2017-07-17,180.3859,181.7008,179.5512,180.097,1297250
2017-07-18,179.9077,180.2664,178.1644,178.6625,1433309
2017-07-19,179.3698,179.9476,178.5629,179.4595,932294
2017-07-20,180.4158,182.0694,180.4158,180.8541,1109796
2017-07-21,180.5951,182.1591,180.3624,181.4817,786786
2017-07-24,181.4418,182.169,180.9139,181.4618,805743
2017-07-25,181.0733,181.5813,178.812,179.4395,1440728
2017-07-26,174.4986,176.0625,169.5277,174.389,3944043
2017-07-27,175.1759,176.3215,173.6618,174.5982,2479063
2017-07-28,174.6281,175.8225,172.868,175.2955,1326913
2017-07-31,175.933,176.3713,174.6281,174.8572,1276212
2017-08-01,175.2556,176.2319,174.4836,175.6541,752054
2017-08-02,175.1959,175.9131,174.8373,175.7637,1370096
2017-08-03,175.3254,175.5449,174.2097,175.0664,933121
2017-08-04,175.2556,176.2319,174.4836,175.6541,752054
2017-08-07,175.674,176.7499,175.0101,176.6702,792038
2017-08-08,175.8334,176.1721,173.2633,173.3231,1648660
2017-08-09,169.6074,173.343,169.6074,172.5959,4284555
2017-08-10,171.271,172.7254,170.6533,171.0817,2266656
2017-08-11,170.9821,173.4327,169.4181,172.566,2202642
2017-08-14,174.2794,174.5782,173.0541,173.3629,1182391
2017-08-15,174.0802,174.5882,172.6955,172.8947,992549
2017-08-16,173.2832,175.3254,173.1687,174.7675,1268524
2017-08-17,174.5284,175.0464,172.2074,172.2273,1159842
2017-08-18,171.8986,173.6917,171.4945,171.9085,1182702
2017-08-21,172.1277,173.4725,171.8487,173.343,1184874
2017-08-22,173.8809,176.1821,173.4924,176.1123,1271562
2017-08-23,175.6342,176.6005,174.4886,175.1361,2168746
2017-08-24,175.1461,175.9629,174.8671,175.2855,1176969
2017-08-25,175.8633,177.9104,175.7836,176.5407,1537681
2017-08-28,177.1185,178.0513,176.5507,177.7461,1462175
2017-08-29,177.0089,179.9874,176.6054,179.828,1549544
2017-08-30,180.2763,182.6173,179.7384,182.2487,1445303
2017-08-31,182.7867,186.8211,182.2587,186.4227,2035478
2017-09-01,187.4985,188.0365,184.7093,185.287,1404832
2017-09-05,185.1575,185.7801,184.1723,185.307,1190385
2017-09-06,186.6717,188.7637,186.3131,188.684,1516643
2017-09-07,189.2717,190.2181,188.1261,189.8594,1619097
2017-09-08,189.8594,191.543,189.0526,190.8955,1546420
2017-09-11,191.4832,192.9276,191.3338,192.828,1521017
2017-09-12,193.2763,193.5552,191.8617,193.2962,1001278
2017-09-13,192.9077,193.1368,190.3625,190.7361,1302072
2017-09-14,191.2345,191.4139,189.0611,191.1049,1287289
2017-09-15,190.1777,192.2414,189.9983,190.0481,3274947
2017-09-18,190.5665,191.394,190.1976,191.2743,1750764
2017-09-19,191.4538,191.6931,188.7222,189.0412,1215530
2017-09-20,188.9515,189.5895,186.8479,188.0243,1194406
2017-09-21,187.3264,188.6923,187.127,187.3364,921626
2017-09-22,187.5557,188.5327,186.7382,187.7252,912198
2017-09-25,188.1439,188.5327,185.4123,186.7482,1916083
2017-09-26,188.7321,189.2672,186.9974,187.0971,1384634
2017-09-27,187.6754,188.5327,186.6784,187.8947,1410216
2017-09-28,187.2168,187.8648,185.4821,185.8809,1002198
2017-09-29,186.1401,188.9913,185.7812,188.6225,1703247
2017-10-02,189.2306,190.9553,188.6572,190.9553,1414274
2017-10-03,190.9553,191.713,188.9614,189.749,1023472
2017-10-04,190.1279,192.9193,190.1279,192.9193,1114355
2017-10-05,192.7698,192.8794,191.3491,192.8396,1021805
2017-10-06,192.7897,193.5284,191.3541,192.6202,974896
2017-10-09,192.8096,193.3879,191.7828,192.6701,594104
2017-10-10,193.0788,193.2583,190.9254,192.052,894898
2017-10-11,192.0121,192.9293,191.7728,192.8695,762879
2017-10-12,192.9093,193.0788,192.3112,192.7997,876528
2017-10-13,193.0888,193.5274,191.3242,191.8326,852219
2017-10-16,192.2015,192.7997,190.1777,190.6961,1244762
2017-10-17,189.9285,190.2276,186.0703,188.1938,1893934
2017-10-18,188.4231,188.9714,187.127,188.6424,1372468
2017-10-19,189.0611,191.8625,188.6873,191.8526,1691707
2017-10-20,192.5803,193.8365,192.2514,193.2682,1258515
2017-10-23,194.0857,195.322,193.4577,193.7767,1313370
2017-10-24,193.986,194.7537,192.6003,193.7867,2176902
2017-10-25,197.7744,200.3765,196.3887,199.1702,1845826
2017-10-26,199.1104,200.5858,197.0666,199.7584,2942476
2017-10-27,199.3895,200.4463,190.6562,191.8326,3777128
2017-10-30,191.1248,192.2813,189.7278,191.4339,1741826
2017-10-31,191.4737,194.9032,191.2145,193.2383,1542960
2017-11-01,194.5443,194.7138,192.6302,193.5972,1056621
2017-11-02,193.3879,193.6321,190.4269,190.6961,1797706
2017-11-03,191.0451,193.9163,190.7659,193.1187,816258
2017-11-06,193.4278,193.9462,192.3012,192.9392,1065987
2017-11-07,192.9093,193.4776,192.1417,192.6202,796580
2017-11-08,192.1218,193.5873,192.1218,193.2682,982028
2017-11-09,192.8296,193.3679,189.6194,191.3043,1005879
2017-11-10,191.0849,191.3242,183.9368,185.6117,3009203
2017-11-13,184.9637,188.2337,184.6845,187.6355,1786930
2017-11-14,187.2367,189.6493,186.7981,188.5028,1421412
2017-11-15,188.5427,189.3012,187.3364,187.9346,1090769
2017-11-16,188.4729,190.407,188.443,190.0282,982827
2017-11-17,188.9714,190.9952,188.9714,189.5895,1151902
2017-11-20,189.3801,191.3142,189.2605,190.417,1373760
2017-11-21,190.7659,192.4507,189.6992,192.3411,1757052
2017-11-22,192.4109,192.6501,191.5834,192.1616,1005565
2017-11-24,192.4109,193.1685,191.713,192.9193,374481
2017-11-27,192.4308,193.348,191.7728,193.3281,1731604
2017-11-28,194.3449,195.7606,193.8365,195.7008,1650456
2017-11-29,195.7606,196.5781,191.1697,192.032,2182979
2017-11-30,193.0988,194.1954,191.2644,192.1716,2497459
2017-12-01,192.1915,192.8994,188.6089,191.6133,1335426
2017-12-04,190.417,190.6762,180.9858,181.4744,3926780
2017-12-05,182.0326,183.8172,180.9559,181.8931,2229229
2017-12-06,182.0825,183.4682,181.0357,183.3087,2262940
2017-12-07,183.3287,185.193,183.0894,185.0634,1550058
2017-12-08,185.6516,188.3234,185.2927,187.3863,2437732
2017-12-11,187.9944,189.0412,186.6086,188.9116,1423744
2017-12-12,188.8318,189.3203,187.0473,188.9116,1301409
2017-12-13,189.2805,191.384,188.9617,190.8855,1447335
2017-12-14,191.1149,192.6415,187.7767,187.8923,2158719
2017-12-15,189.3041,192.2424,188.9798,191.8333,3851238
2017-12-18,193.0206,194.0782,192.4419,193.1303,1305526
2017-12-19,194.1979,194.9063,192.2573,193.4496,1552736
2017-12-20,193.0705,194.3376,190.5063,191.8533,1491998
2017-12-21,192.2324,193.1204,190.5213,190.6959,1185833
2017-12-22,189.6084,190.6859,188.6605,189.9875,1093624
2017-12-26,190.2868,190.7147,189.4948,189.9077,467564
2017-12-27,190.2569,190.7907,189.748,190.7358,671552
2017-12-28,190.5063,191.544,189.8279,190.7358,675631
2017-12-29,191.5041,191.514,189.4487,189.4487,856644
2018-01-02,190.3666,193.0505,189.9476,192.5417,1140881
2018-01-03,191.7734,196.2233,190.7458,196.0736,1458271
2018-01-04,196.7022,199.1467,196.2233,198.5281,1566400
2018-01-05,199.5457,202.1897,198.7575,201.9303,1469482
2018-01-08,201.9303,202.7784,199.7453,202.2596,1974587
2018-01-09,204.285,206.45,202.938,205.6319,1845428
2018-01-10,204.3348,206.1507,201.5014,205.8215,1421237
2018-01-11,206.48,208.2459,205.4922,208.1861,1520725
2018-01-12,208.4156,211.0595,207.3211,209.6926,1486494
2018-01-16,211.3289,211.3289,207.0337,207.5376,2264268
2018-01-17,209.084,211.1892,207.8269,210.9997,1461968
2018-01-18,210.9199,212.5761,210.0419,211.9276,1458536
2018-01-19,213.4641,214.0827,211.8777,213.0251,1439862
2018-01-22,213.5239,214.8409,212.2867,214.8309,1230267
2018-01-23,215.0904,216.7266,213.7634,214.0627,1266969
2018-01-24,214.5316,216.1779,212.5162,214.8309,1227430
2018-01-25,215.8786,218.2432,214.5217,217.3851,1668776
2018-01-26,217.6745,219.2808,216.2377,219.2808,1161963
2018-01-29,218.9017,219.6001,218.0935,218.313,1042756
2018-01-30,215.4994,215.7888,212.0573,214.1325,1921680
2018-01-31,222.9525,225.4867,219.201,223.601,3414180
2018-02-01,223.6509,225.9257,219.1112,221.855,1912795
2018-02-02,219.6101,220.2736,217.0701,217.1956,1992430
2018-02-05,216.2178,218.757,207.338,207.8369,2387588
2018-02-06,204.5344,210.6205,201.1621,209.0042,2415333
2018-02-07,207.8668,210.7203,205.6618,207.0786,1653024
2018-02-08,206.8491,209.5131,198.2387,198.2786,2196598
2018-02-09,200.0845,201.9303,194.0682,199.7253,2074348
2018-02-12,201.5412,205.6618,201.0623,204.0455,1528150
2018-02-13,203.0478,204.0056,200.4038,203.0378,1222697
2018-02-14,201.4015,208.3357,201.2618,207.8369,1412345
2018-02-15,209.8623,210.2713,206.1507,210.2414,1080770
2018-02-16,209.7824,212.2069,208.8745,210.1316,895810
2018-02-20,208.4255,210.4709,206.8292,207.3679,1127717
2018-02-21,207.8269,213.1548,207.8269,209.3135,1021302
2018-02-22,210.3212,213.1448,208.226,208.655,1230619
2018-02-23,209.4931,211.3589,207.9217,211.2291,827286
2018-02-26,211.6981,213.7198,210.7304,213.5838,990558
2018-02-27,213.4341,214.382,209.982,210.2015,1067034
2018-02-28,210.9298,212.9951,208.0264,208.1063,1099334
2018-03-01,208.1661,208.3258,202.3593,204.7439,1419464
2018-03-02,203.2074,206.5199,201.3616,205.9711,1228626
2018-03-05,204.0455,207.4577,201.611,206.2904,1228497
2018-03-06,207.5974,209.8523,206.1906,209.6428,1007085
2018-03-07,206.8691,211.9774,206.8691,211.6781,1225472
2018-03-08,212.2169,212.2468,209.533,211.2192,868725
2018-03-09,212.7656,217.5847,211.8777,217.3951,1594613
2018-03-12,218.2033,219.4405,216.4373,216.996,2268438
2018-03-13,218.6323,219.1711,214.4119,214.6314,1482973
2018-03-14,215.1007,216.3288,212.5444,213.1436,1252464
2018-03-15,212.2049,214.871,211.8455,212.1351,1401146
2018-03-16,212.2948,213.0687,209.9483,210.128,2564105
2018-03-19,210.4675,212.2349,208.8,211.4061,1819345
2018-03-20,212.5744,215.2305,211.5959,214.4017,1523154
2018-03-21,214.4616,215.0507,212.5245,212.6443,1029183
2018-03-22,210.6872,212.0851,206.2138,207.0226,1664997
2018-03-23,207.482,209.3492,203.9672,204.3466,1703854
2018-03-26,207.2623,209.8385,204.6562,209.3692,1058590
2018-03-27,210.0482,210.6073,204.9258,206.3137,1359246
2018-03-28,207.1824,208.1214,205.0156,205.6147,1402011
2018-03-29,206.7031,208.131,204.2168,206.1539,1787684
2018-04-02,205.415,206.4735,199.5537,202.8389,1619725
2018-04-03,204.3965,207.2024,202.719,206.3736,1316263
2018-04-04,203.2782,209.509,202.09,209.0097,1318889
2018-04-05,209.8085,212.2948,209.1794,211.5459,1159705
2018-04-06,209.1794,210.807,203.4579,205.2553,1649744
2018-04-09,206.9428,212.0951,206.9428,209.2394,1399096
2018-04-10,212.0352,216.0093,211.526,214.871,2057586
2018-04-11,213.0537,213.6129,211.3762,212.4745,1067174
2018-04-12,213.7726,214.5215,212.9239,213.0137,748683
2018-04-13,214.3518,215.0008,212.5444,214.0322,676362
2018-04-16,215.3902,217.1975,212.3248,215.5899,817195
2018-04-17,216.918,218.7602,215.7746,217.9065,1611638
2018-04-18,218.7552,220.7023,218.0862,219.2046,1564370
2018-04-19,219.9135,221.5511,215.1606,216.6683,1610083
2018-04-20,217.537,218.1262,215.2804,215.57,1377917
2018-04-23,216.5086,217.7268,215.4801,216.0293,1244674
2018-04-24,214.1221,215.9793,210.178,212.854,2051078
2018-04-25,217.527,217.6768,207.6817,214.1521,2240586
2018-04-26,214.3817,215.5749,211.7207,213.523,1475197
2018-04-27,213.3532,214.1471,211.8854,212.5245,1668307
2018-04-30,212.7741,213.523,210.0282,210.0382,1375440
2018-05-01,210.128,211.9753,208.0811,210.4076,1100667
2018-05-02,209.6887,211.0367,207.7116,208.5304,1514741
2018-05-03,207.8514,208.3007,204.5563,208.0112,2291714
2018-05-04,207.8215,210.3277,204.9158,209.7586,996671
2018-05-07,210.0182,211.6757,207.8514,208.6702,1204642
2018-05-08,207.9613,208.7101,206.2837,207.7615,1105920
2018-05-09,208.3507,209.2194,207.0226,208.3806,1237084
2018-05-10,209.6887,213.8126,208.78,213.503,1272703
2018-05-11,213.9524,216.3688,213.0437,216.229,1209781
2018-05-14,216.2789,219.0797,215.4801,217.0877,1447336
2018-05-15,212.9439,214.3318,208.6103,208.77,1731386
2018-05-16,209.1894,211.8305,208.79,210.3577,1813526
2018-05-17,210.807,212.2049,209.7087,210.6972,1364268
2018-05-18,211.1865,215.1506,210.9069,214.6214,1072762
2018-05-21,215.4202,216.8081,214.6214,216.4087,894376
2018-05-22,217.557,218.7253,217.1776,217.537,1587232
2018-05-23,216.6783,218.4457,215.3802,216.199,1446922
2018-05-24,216.8181,218.5455,215.5001,215.6498,955158
2018-05-25,215.51,216.0592,212.2748,213.3333,929238
2018-05-29,211.1665,212.3348,206.793,208.6602,1854136
2018-05-30,210.0282,211.6857,209.3991,210.6373,1189545
2018-05-31,210.6373,210.857,207.7216,207.9613,1659397
2018-06-01,209.6887,211.6658,209.2993,211.516,833752
2018-06-04,211.6857,214.4766,211.6857,213.8525,1554215
2018-06-05,213.513,215.6598,213.4231,214.4516,1096538
2018-06-06,214.9009,217.9664,214.0123,217.9464,1204538
2018-06-07,217.9464,218.6354,215.2604,216.1391,1053432
2018-06-08,216.4287,217.557,215.7197,216.6983,1087350
2018-06-11,217.3074,217.9764,216.1391,217.0178,1154752
2018-06-12,217.1376,218.1361,216.4586,217.6269,1247316
2018-06-13,218.206,218.3658,215.8995,216.0293,1213995
2018-06-14,216.6289,216.8488,215.03,216.3991,1001603
2018-06-15,216.0993,216.424,213.7109,215.6496,2189977
2018-06-18,213.571,213.571,211.4325,212.6717,1363007
2018-06-19,210.713,211.5025,208.0649,209.7837,1381403
2018-06-20,209.8536,210.3533,208.1848,208.6545,927951
2018-06-21,208.8543,209.0842,205.6566,206.396,1212742
2018-06-22,208.0249,209.9296,206.9656,208.6045,2837208
2018-06-25,207.5652,208.0049,203.3082,204.7872,1534598
2018-06-26,204.8571,206.3161,204.3375,205.017,951865
2018-06-27,205.7465,207.3054,203.2183,203.2382,1177725
2018-06-28,203.0084,206.1262,202.6886,205.4667,1116307
2018-06-29,206.0963,208.3847,205.1169,206.9956,1591008
2018-07-02,205.5966,206.1662,203.7579,205.4267,942480
2018-07-03,206.496,207.1655,205.3268,205.7365,490056
2018-07-05,207.2255,207.915,205.6466,207.2055,1184031
2018-07-06,207.5652,207.8286,206.0263,207.0556,868964
2018-07-09,208.8443,211.8522,207.4053,211.6824,1237653
2018-07-10,211.0528,214.5703,210.2234,214.0107,1452712
2018-07-11,212.142,212.4918,209.354,209.5239,1236464
2018-07-12,210.5132,212.0321,209.7537,211.9222,883507
2018-07-13,211.8522,212.4568,210.5931,211.0528,863807
2018-07-16,210.723,210.723,208.4346,208.6545,1135904
2018-07-17,208.3047,211.4025,207.825,210.8929,914274
2018-07-18,210.8429,211.5724,210.1634,211.2826,827558
2018-07-19,212.0421,216.539,212.0421,215.9294,2246849
2018-07-20,214.8002,217.1885,213.571,216.6989,2455615
2018-07-23,216.6289,219.397,215.8494,218.3277,2510008
2018-07-24,219.2171,222.9245,218.3677,221.2457,2333047
2018-07-25,225.8425,229.6898,222.8446,229.1202,2304420
2018-07-26,230.0196,234.2666,229.8597,233.8369,2445583
2018-07-27,233.3373,233.5971,228.6855,230.9389,2735008
2018-07-30,230.759,231.8333,229.4799,230.5592,1598569
2018-07-31,231.6184,235.3758,231.6184,234.3665,2428933
2018-08-01,233.9968,234.8112,232.8976,233.747,1736844
2018-08-02,232.7876,233.4172,231.3961,233.0075,1562351
2018-08-03,232.7876,234.4665,231.6884,233.1574,1216114
2018-08-06,233.3672,235.0361,231.9682,234.9261,1412393
2018-08-07,235.0061,235.8555,234.1967,235.3359,902960
2018-08-08,234.9861,236.1253,233.5671,234.4165,792575
2018-08-09,234.7463,234.7463,232.9375,233.0774,856806
2018-08-10,231.0888,232.8179,230.4493,231.2587,1151343
2018-08-13,231.2987,232.4479,230.2994,230.5392,1158361
2018-08-14,230.6391,231.8183,230.3244,231.4486,686145
2018-08-15,229.5999,230.4792,227.6112,228.8404,975596
2018-08-16,230.1295,231.6384,229.1502,230.6291,817181
2018-08-17,231.3886,232.6377,229.7298,229.8397,1050960
2018-08-20,229.9996,230.779,229.7348,229.9796,819962
2018-08-21,230.3393,231.8806,229.8697,231.2687,1121035
2018-08-22,231.0988,234.3166,230.3493,233.9268,1136473
2018-08-23,234.1067,234.7363,233.3472,234.0268,1054623
2018-08-24,234.5064,235.2559,233.757,234.5464,934362
2018-08-27,235.4358,237.979,235.3958,237.7542,1059432
2018-08-28,239.0433,239.6828,237.5143,237.7941,886116
2018-08-29,237.8341,240.5722,237.5343,239.5629,781747
2018-08-30,239.8227,240.7121,238.3138,239.0233,660538
2018-08-31,238.2039,239.1682,237.7242,238.9333,816179
2018-09-04,238.7235,238.7735,234.6264,235.8855,1368344
2018-09-05,235.8755,236.515,234.6463,236.2053,1312453
2018-09-06,235.7356,236.4499,234.1267,235.5657,1078147
2018-09-07,234.8362,237.989,234.1467,235.7955,1149080
2018-09-10,236.8348,237.984,236.3751,237.0247,956615
2018-09-11,236.585,237.2245,235.3459,236.2652,1122010
2018-09-12,236.3052,239.3331,235.6856,238.8834,1081736
2018-09-13,239.463,244.0198,238.8934,243.8299,1659417
