date,open,high,low,close,volume
2013-09-16,75.4462,75.812,75.1608,75.4462,2034956
2013-09-17,75.5979,75.9369,75.5533,75.7139,1711079
2013-09-18,75.0269,76.722,75.0269,76.6417,2155851
2013-09-19,77.1323,78.0869,76.7666,77.5249,2876628
2013-09-20,77.5695,77.9888,76.7755,76.7755,5257843
2013-09-23,77.2751,77.7925,77.0253,77.061,2246126
2013-09-24,77.0074,77.4,76.5123,76.606,2455179
2013-09-25,76.6684,77.1273,76.5257,76.7041,1341051
2013-09-26,76.6506,77.1145,76.3294,76.5703,1049447
2013-09-27,76.3294,76.4097,75.928,76.1956,1143773
2013-09-30,75.7317,75.9637,75.2589,75.6247,1721357
2013-10-01,75.7674,75.812,75.2723,75.5265,1392516
2013-10-02,75.3481,75.366,74.6701,75.366,2440978
2013-10-03,75.2232,75.25,74.7415,74.9913,1998326
2013-10-04,75.0091,75.5979,74.8842,75.5444,1452058
2013-10-07,74.9823,75.3838,74.7326,75.018,1271915
2013-10-08,74.9377,75.0894,73.9832,74.0367,1845568
2013-10-09,74.1616,74.224,73.3676,73.4657,1675827
2013-10-10,74.0635,75.2054,74.0635,75.0894,2003295
2013-10-11,74.9823,75.6336,74.7147,75.5265,1695662
2013-10-14,75.1429,76.0796,75.1162,76.0083,1377921
2013-10-15,75.7674,75.9012,75.2678,75.366,1753388
2013-10-16,75.9726,76.9807,75.8745,76.7933,2045531
2013-10-17,76.1153,76.829,75.7139,76.7398,1997963
2013-10-18,77.2126,77.4,76.8379,77.2394,2027670
2013-10-21,77.3375,77.5516,77.0324,77.4,1767958
2013-10-22,78.5508,78.5508,76.9539,77.3554,3823623
2013-10-23,76.9093,77.1234,76.383,76.9718,1945407
2013-10-24,76.9718,77.9174,76.8736,77.6408,1991552
2013-10-25,77.4535,77.7479,77.1948,77.284,1764052
2013-10-28,77.3108,78.0245,77.2944,77.7122,1612466
2013-10-29,77.846,78.0601,77.5204,77.8639,1562860
2013-10-30,77.8639,78.0512,77.1948,77.5249,1282244
2013-10-31,77.6052,77.6944,76.9807,76.9896,1821176
2013-11-01,77.2394,77.2571,76.7398,77.0788,1431959
2013-11-04,77.177,77.7033,77.0342,77.2572,1095575
2013-11-05,77.1413,77.5516,76.8469,77.1323,1451728
2013-11-06,77.2037,78.1494,77.1323,78.0512,1940610
2013-11-07,78.1494,78.533,77.7479,77.8104,2139393
2013-11-08,77.7479,78.3545,77.623,78.3278,1758408
2013-11-11,78.3099,78.7828,78.194,78.4794,1367319
2013-11-12,78.0601,78.3838,76.829,77.1145,2496839
2013-11-13,76.9361,78.078,76.7916,77.8104,2081857
2013-11-14,78.1137,78.756,77.8728,78.7292,1585894
2013-11-15,78.7025,79.2823,78.5686,79.1039,1764697
2013-11-18,79.2913,79.3359,78.5686,78.6668,1676828
2013-11-19,78.6935,78.8987,78.417,78.5865,1274140
2013-11-20,78.5597,78.9077,78.2296,78.4438,1755439
2013-11-21,78.6668,79.773,78.5062,79.5946,1787655
2013-11-22,79.5946,80.8168,79.4518,80.7543,1884984
2013-11-25,80.7811,81.1736,80.7633,80.9952,2112246
2013-11-26,81.0041,81.3877,80.9328,80.9952,2453979
2013-11-27,81.1736,81.5662,80.9952,81.1736,1902203
2013-11-29,81.3699,81.7892,80.9506,80.9506,917080
2013-12-02,80.5224,80.6473,79.2823,79.3983,3771077
2013-12-03,79.1574,79.9247,78.8898,79.4251,2531819
2013-12-04,79.1396,79.8087,78.4081,79.0504,2349883
2013-12-05,78.8363,79.1864,78.359,78.4348,2334349
2013-12-06,79.1167,80.2248,79.1167,79.8614,1831430
2013-12-09,79.8973,80.1037,79.2513,79.359,2539435
2013-12-10,79.036,79.6999,78.9821,79.35,1931079
2013-12-11,79.3321,79.6012,78.0939,78.1477,2179882
2013-12-12,78.1657,78.39,77.6094,77.726,1889326
2013-12-13,77.6632,77.8696,77.421,77.6004,1568326
2013-12-16,78.049,78.381,77.744,78.1029,2367771
2013-12-17,77.8516,78.058,77.3941,77.6722,1853553
2013-12-18,78.0221,79.0898,77.7171,79.0808,2927982
2013-12-19,78.7668,79.7896,78.7668,79.664,2140292
2013-12-20,79.5564,80.4267,79.5115,80.0139,3911325
2013-12-23,80.6689,80.6689,79.8614,79.996,1278553
2013-12-24,79.9511,80.3459,79.8614,80.2921,512773
2013-12-26,80.651,80.8932,80.1934,80.7586,938632
2013-12-27,80.7586,80.9381,80.2562,80.6151,758166
2013-12-30,80.7855,81.2252,80.624,81.0009,1267917
2013-12-31,81.0547,81.4136,80.947,81.2342,1107714
2014-01-02,81.2072,81.3373,79.8255,80.1485,1543919
2014-01-03,80.1216,80.4491,79.7448,79.996,1448583
2014-01-06,80.4984,80.6599,79.6461,79.7807,1763642
2014-01-07,79.9063,80.005,79.018,79.3141,1818280
2014-01-08,79.1436,79.3141,78.2645,78.5784,2627726
2014-01-09,78.7399,79.1481,78.2105,78.6681,1687224
2014-01-10,79.0449,79.0629,78.1298,78.4976,1863339
2014-01-13,78.3541,78.5515,77.3985,77.4658,2215800
2014-01-14,77.8786,78.6861,77.8786,78.4617,2034234
2014-01-15,78.5963,78.9552,78.3451,78.8476,2063936
2014-01-16,78.5515,78.8296,77.9773,78.2733,1412082
2014-01-17,78.2644,78.3272,77.5376,77.5825,2941968
2014-01-21,77.3851,77.403,75.0613,76.2636,6095217
2014-01-22,76.1738,76.3222,75.6804,75.8688,3080958
2014-01-23,74.846,75.6983,74.3974,74.5319,4141762
2014-01-24,74.0205,74.496,73.222,73.222,3805070
2014-01-27,72.899,74.6037,72.8721,73.8321,4329266
2014-01-28,74.2448,74.9805,74.1102,74.5588,3158720
2014-01-29,73.85,74.2897,73.5847,73.7603,3165175
2014-01-30,74.1282,74.2179,73.7155,73.8949,2755337
2014-01-31,73.0246,73.5629,72.567,72.9259,5186053
2014-02-03,72.8541,72.9259,71.8223,72.0107,4116406
2014-02-04,72.2889,72.3427,71.6788,72.0915,2628539
2014-02-05,71.8403,72.6119,71.7954,72.1723,2342391
2014-02-06,72.3607,72.4324,71.7326,72.3966,2642791
2014-02-07,72.8452,72.8452,71.9838,72.567,2542639
2014-02-10,72.9708,73.9667,72.3607,73.8859,4305023
2014-02-11,73.9308,74.9985,73.7603,74.6575,3105575
2014-02-12,74.2538,74.5588,73.4642,73.8052,3732888
2014-02-13,73.4553,74.3794,73.1771,74.3615,2650719
2014-02-14,74.0564,75.4292,74.0564,75.3843,2063014
2014-02-18,75.4381,76.0751,75.4292,75.6983,2531473
2014-02-19,75.6086,76.4251,75.3484,75.3753,3115854
2014-02-20,75.5278,75.6983,74.8011,75.1959,2083547
2014-02-21,75.2946,75.465,74.8011,75.1779,1895287
2014-02-24,75.2138,75.7163,74.828,74.8639,2163173
2014-02-25,74.7473,74.8639,74.0654,74.7742,2681959
2014-02-26,74.828,75.0972,74.4781,74.8549,2157050
2014-02-27,74.7203,75.2407,74.5544,75.2318,1585301
2014-02-28,75.1151,75.5458,74.9088,75.2228,2286989
2014-03-03,74.8729,75.2048,74.1102,74.6306,1728597
2014-03-04,75.5099,75.806,75.1959,75.465,1864934
2014-03-05,75.4112,75.7252,75.0254,75.6983,2582903
2014-03-06,75.7615,76.294,75.59,76.1767,1922290
2014-03-07,76.4745,76.5918,75.5539,75.7524,2733721
2014-03-10,75.5449,75.7163,75.2199,75.6171,1954413
2014-03-11,75.942,75.9781,75.2199,75.4366,1859035
2014-03-12,75.0484,75.5719,74.9131,75.3012,1758486
2014-03-13,75.5268,75.6884,74.4708,74.543,2120999
2014-03-14,74.543,74.7687,74.2993,74.6062,2074411
2014-03-17,75.1026,75.6171,74.7326,75.4004,2758611
2014-03-18,75.5358,76.0322,75.2398,75.7705,2141059
2014-03-19,75.8066,76.0322,74.7416,75.0936,2526472
2014-03-20,74.8228,75.3734,74.4708,75.1207,2753429
2014-03-21,75.6351,75.8698,75.2019,75.6171,6498254
2014-03-24,75.6983,76.0503,75.4907,75.6893,2795094
2014-03-25,76.1045,76.4203,75.7795,75.8427,2021873
2014-03-26,76.2037,76.2579,75.2921,75.3012,2113317
2014-03-27,75.1568,75.6622,75.1116,75.3553,3569237
2014-03-28,75.6893,75.9691,75.3102,75.8066,2423316
2014-03-31,76.3933,76.8355,76.285,76.8085,2106576
2014-04-01,76.8716,76.9348,75.96,76.1676,2172759
2014-04-02,76.1496,76.9619,76.0142,76.4023,1997474
2014-04-03,76.5648,76.8175,76.2218,76.7001,1904643
2014-04-04,77.0882,77.6749,76.84,76.8987,2333149
2014-04-07,76.8897,77.2101,76.655,76.7182,2352536
2014-04-08,76.5377,76.637,76.2218,76.4745,1750780
2014-04-09,76.5648,77.4673,76.4203,77.4583,2098792
2014-04-10,77.35,77.9095,76.646,76.7092,2138885
2014-04-11,76.637,77.2778,76.5918,76.989,2066989
2014-04-14,77.4403,77.5756,76.5738,77.1695,3152985
2014-04-15,76.6279,77.5847,76.6279,77.5215,2164645
2014-04-16,78.0901,78.4602,77.7291,78.3248,1826687
2014-04-17,78.6587,78.8753,77.9773,78.2345,1888622
2014-04-21,78.2616,78.3789,77.6749,77.9818,2329984
2014-04-22,78.2977,79.119,77.6298,78.424,3182227
2014-04-23,78.4331,79.9404,78.2796,79.5432,2911120
2014-04-24,79.6967,80.3194,79.6967,79.9584,2239565
2014-04-25,80.0577,80.0577,79.4169,79.7057,2256223
2014-04-28,80.1931,81.4838,80.1389,80.9061,4086873
2014-04-29,81.231,82.0794,81.1317,82.0433,3649316
2014-04-30,81.8628,81.926,81.2536,81.7545,2750812
2014-05-01,81.8087,82.0614,81.4567,81.9802,2753628
2014-05-02,82.1246,82.7473,81.9892,82.1336,2100061
2014-05-05,81.9711,82.0614,81.1679,81.8177,1911390
2014-05-06,81.5199,81.7996,81.0595,81.1227,2301039
2014-05-07,81.5289,82.5939,81.5289,82.1968,3279244
2014-05-08,82.1155,82.6074,82.0524,82.3502,1775442
2014-05-09,82.1968,82.454,81.8989,82.4044,1640390
2014-05-12,83.1445,83.8756,83.0632,83.0723,2072637
2014-05-13,83.3701,83.9929,83.2347,83.8575,2246826
2014-05-14,83.9568,83.9748,83.4333,83.6228,1330563
2014-05-15,83.4423,83.6228,82.9549,83.3701,2257175
2014-05-16,83.4513,83.5958,82.6932,83.5597,2330977
2014-05-19,83.4694,83.8395,83.164,83.7311,1292180
2014-05-20,83.4694,83.9182,83.325,83.6409,1391761
2014-05-21,83.9658,84.2456,83.5506,83.8124,1701933
2014-05-22,83.7582,84.029,83.5777,83.9478,1364329
2014-05-23,83.9478,84.2456,83.4061,83.8124,1451171
2014-05-27,84.0741,84.5209,83.9207,84.381,1590975
2014-05-28,84.3268,84.6698,84.1779,84.3539,2048230
2014-05-29,84.2998,85.1211,84.2998,84.9316,1724212
2014-05-30,84.8413,84.9496,84.2682,84.3449,2276565
2014-06-02,84.5705,84.8503,84.5209,84.5796,1454798
2014-06-03,84.0109,84.3449,83.8214,84.3088,2012064
2014-06-04,84.2907,85.5182,84.0561,85.446,2050090
2014-06-05,85.6446,85.7439,85.0579,85.7168,1854753
2014-06-06,85.8257,86.2161,85.5987,85.6623,2157534
2014-06-09,85.98,86.2887,85.8348,85.9346,1871030
2014-06-10,85.9619,86.3886,85.9256,86.3341,1730439
2014-06-11,86.0708,86.3341,85.8802,86.1525,1555555
2014-06-12,86.2161,86.4158,85.8529,86.2433,1840484
2014-06-13,86.1979,86.6791,86.0799,86.6155,1446468
2014-06-16,86.4339,86.9269,86.4249,86.6609,1306322
2014-06-17,86.1798,86.8697,85.8529,86.443,2175714
2014-06-18,86.4158,86.7608,86.1616,86.6064,2556575
2014-06-19,86.7426,86.8425,86.2524,86.788,2115947
2014-06-20,86.9877,87.3145,85.8439,85.8711,4795685
2014-06-23,85.8711,86.4612,85.8711,86.1979,1930327
2014-06-24,86.0708,86.5974,85.8166,85.9437,1640345
2014-06-25,85.9165,86.2796,85.6532,86.1162,1298247
2014-06-26,86.1344,86.207,84.9814,85.7077,1215461
2014-06-27,85.8075,86.148,84.9651,85.2629,4143667
2014-06-30,85.4081,85.6805,85.0177,85.399,2153895
2014-07-01,86.1344,86.9786,86.0073,86.4339,1631086
2014-07-02,86.1616,86.4703,85.7258,85.8983,1114491
2014-07-03,85.9165,86.1071,85.6532,86.098,828949
2014-07-07,85.7894,86.0345,85.6532,85.8348,1319109
2014-07-08,85.7168,85.862,85.1948,85.4626,2444747
2014-07-09,85.862,86.0345,85.5443,85.971,1512419
2014-07-10,85.0904,85.6805,84.927,85.6078,1656089
2014-07-11,85.6714,86.0073,85.4399,85.9528,1116980
2014-07-14,86.4067,86.9968,86.4067,86.7517,1416692
2014-07-15,86.7245,87.1784,86.67,87.1057,1575758
2014-07-16,87.0876,87.1602,86.6609,86.8062,1437768
2014-07-17,86.5429,86.9151,85.9165,85.971,1202901
2014-07-18,86.1798,86.6427,86.0163,86.552,1737427
2014-07-21,86.5974,86.7698,85.9528,86.4793,1748834
2014-07-22,82.031,83.607,82.031,83.1839,6323456
2014-07-23,83.0841,83.429,82.8662,83.3201,2731705
2014-07-24,83.6015,84.5094,83.4381,84.3187,2410367
2014-07-25,84.3459,84.3913,83.3292,83.6106,1907773
2014-07-28,83.2475,83.6106,82.6302,83.4109,2490077
2014-07-29,83.6015,83.9465,82.6892,82.7209,2265114
2014-07-30,82.8117,83.1476,82.4486,82.5575,2069559
2014-07-31,82.385,82.7936,81.2957,81.3047,2647721
2014-08-01,81.223,81.7314,80.8599,81.3501,2234120
2014-08-04,81.4046,81.7178,80.8962,81.6134,2167842
2014-08-05,81.4046,81.5862,80.6329,80.9053,2218347
2014-08-06,80.7328,81.6316,80.624,81.4318,1400931
2014-08-07,81.5589,81.9402,81.3955,81.6134,1877197
2014-08-08,81.5589,82.2761,81.3683,82.1399,1803943
2014-08-11,82.2398,82.5756,82.1672,82.3033,1595721
2014-08-12,82.2489,82.8117,82.0945,82.6937,1290126
2014-08-13,83.0478,83.1385,82.6029,82.8571,1405591
2014-08-14,82.9479,83.7468,82.9116,83.7195,1076343
2014-08-15,83.8285,84.3641,83.0478,83.6378,1342993
2014-08-18,83.9011,84.4776,83.8648,84.4186,1193897
2014-08-19,84.3096,84.4776,84.1735,84.3459,973041
2014-08-20,84.0827,84.5729,83.8195,84.5275,1023027
2014-08-21,84.4367,85.4989,84.3369,85.281,1348142
2014-08-22,85.2265,85.4535,84.8816,85.1085,1401400
2014-08-25,85.4081,85.8075,85.2175,85.5987,1335499
2014-08-26,85.8075,85.9346,85.4353,85.517,1053266
2014-08-27,85.4717,86.0345,85.399,86.0254,1223013
2014-08-28,85.6623,86.0345,85.4989,85.6441,1221378
2014-08-29,85.7622,86.0254,85.2992,85.98,1375957
2014-09-02,86.1707,86.552,85.6532,85.8075,2465814
2014-09-03,86.2796,86.5338,85.6714,85.7622,1575724
2014-09-04,85.9074,86.2342,85.4081,85.5715,1491386
2014-09-05,85.5534,85.7168,84.8634,85.5261,1658697
2014-09-08,85.5992,85.8549,85.0148,85.17,1408897
2014-09-09,85.2887,85.3435,84.5399,84.7865,2039740
2014-09-10,84.96,85.4165,84.8047,85.0787,1456482
2014-09-11,84.7865,84.96,84.5162,84.8504,1349685
2014-09-12,84.7134,84.9234,84.305,84.3938,1539161
2014-09-15,84.5399,85.6174,84.3299,85.4257,1702594
2014-09-16,85.1152,85.8911,85.0695,85.5079,1167948
2014-09-17,85.4348,85.8183,85.3161,85.517,2029558
2014-09-18,85.7818,86.6493,85.5535,86.5489,1620021
2014-09-19,87.0511,87.0967,86.3936,86.3936,4375415
2014-09-22,86.348,86.8867,86.2659,86.3845,1463796
2014-09-23,86.3114,86.3388,85.4257,85.4257,1417999
2014-09-24,85.3618,86.7589,85.3344,86.558,1665904
2014-09-25,86.4119,86.558,85.5079,85.5626,1998944
2014-09-26,85.6448,86.4667,85.2522,86.2019,1195906
2014-09-29,85.7453,85.9005,85.2796,85.6266,1997364
2014-09-30,85.6266,86.2019,85.3435,85.7818,1802630
2014-10-01,85.9462,85.9644,84.9143,85.0148,2323416
2014-10-02,84.9417,85.4074,84.7253,84.9874,2282471
2014-10-03,85.5079,86.4393,85.4019,86.2566,3226351
2014-10-06,86.7863,87.2063,86.1836,86.4758,1723965
2014-10-07,85.9279,86.4667,85.5261,85.5261,2556110
2014-10-08,85.7544,86.3571,85.4896,86.2475,3132288
2014-10-09,86.2658,87.1515,85.6357,85.7361,2543343
2014-10-10,86.0831,86.6493,85.7087,85.8731,2875029
2014-10-13,85.6722,86.6219,85.3435,85.3983,2577620
2014-10-14,85.5261,86.1836,85.3509,85.5444,3534171
2014-10-15,84.7408,84.9965,82.9419,84.0011,3475582
2014-10-16,83.1063,84.2842,83.0515,83.8368,2739481
2014-10-17,84.1199,85.2887,83.9007,85.1426,2948235
2014-10-20,85.2704,85.3969,84.7865,85.1061,2544712
2014-10-21,85.8001,86.3297,84.4669,86.0557,3502763
2014-10-22,86.5123,87.9277,86.4895,87.2794,3762054
2014-10-23,88.0099,88.7861,87.8273,88.366,3707256
2014-10-24,88.2017,89.3127,88.083,89.2427,2353340
2014-10-27,89.3979,90.4298,89.1239,90.2837,2580480
2014-10-28,90.6672,91.1329,90.4754,91.069,2751866
2014-10-29,91.2881,91.4708,90.4572,90.7859,2049919
2014-10-30,93.7719,94.192,93.2697,94.1098,1466345
2014-10-31,92.3383,92.4022,91.8452,92.046,2349580
2014-11-03,92.0552,92.1465,91.2607,91.2699,3703501
2014-11-04,91.5347,92.6213,91.1512,92.3474,2920586
2014-11-05,92.7583,92.8679,92.0643,92.6761,1767727
2014-11-06,93.0414,93.1829,92.4844,93.0597,1289885
2014-11-07,93.1784,93.571,92.8679,93.4797,1434557
2014-11-10,93.2423,94.1554,93.2423,94.0459,2025276
2014-11-11,93.9728,94.6029,93.9363,94.0002,1597679
2014-11-12,93.7719,94.192,93.2697,94.1098,1466345
2014-11-13,94.3289,94.5271,93.8176,94.265,1420115
2014-11-14,94.1828,94.3289,93.2195,93.5345,1704578
2014-11-17,93.3336,93.9363,93.1784,93.8267,1643258
2014-11-18,93.6623,94.3289,93.5528,93.918,1787247
2014-11-19,93.6989,94.192,93.4888,94.0824,1878254
2014-11-20,93.6806,94.7125,93.6715,94.475,1596357
2014-11-21,95.3243,95.3882,94.5572,94.7946,1767075
2014-11-24,94.9864,95.1873,94.475,94.7764,1463939
2014-11-25,95.0503,95.0503,94.1554,94.4476,2251830
2014-11-26,94.4294,95.3517,94.4294,95.306,1647866
2014-11-28,95.5434,95.9452,95.169,95.3791,834555
2014-12-01,95.3151,95.6895,94.9864,95.3699,1594787
2014-12-02,94.7216,95.5069,94.5572,95.3334,2103418
2014-12-03,95.1873,96.1552,94.9681,96.0548,2388705
2014-12-04,96.0548,96.2831,95.7032,95.9726,3234770
2014-12-05,96.0639,96.7123,95.7991,96.0639,1730065
2014-12-08,96.3209,97.4225,95.9868,97.1563,2028763
2014-12-09,95.8711,96.9727,95.7977,96.4036,1978520
2014-12-10,95.9721,97.0828,95.6692,95.7059,2420628
2014-12-11,95.2653,97.0553,95.201,95.9905,2467639
2014-12-12,95.1368,96.1741,94.6594,94.6962,2247393
2014-12-15,95.1368,95.8161,93.7608,94.6319,1966277
2014-12-16,94.3932,95.862,94.1546,94.6227,2196478
2014-12-17,94.8063,95.917,94.485,95.8436,2386733
2014-12-18,96.7616,97.2573,96.1098,97.2573,2225349
2014-12-19,97.6795,97.9457,96.7616,97.0737,3896895
2014-12-22,97.3674,97.8723,96.9635,97.5877,1120576
2014-12-23,98.01,98.4873,97.5602,98.1752,1290842
2014-12-24,98.5883,98.625,97.8723,97.9641,540318
2014-12-26,98.4322,98.4873,97.9365,97.9457,779162
2014-12-29,97.9365,98.7627,97.7686,98.1752,832472
2014-12-30,98.1752,98.3496,97.6703,98.1569,939260
2014-12-31,98.3588,99.084,97.1563,97.1655,1064924
2015-01-02,97.5694,97.9824,96.3301,96.7891,1272314
2015-01-05,96.4862,96.6055,95.3479,95.6233,1728836
2015-01-06,95.5315,96.1006,94.586,94.7696,2352040
2015-01-07,95.8161,96.4311,95.146,96.3852,1558424
2015-01-08,97.1609,98.4414,96.9911,98.3863,1942587
2015-01-09,98.4598,98.6112,97.1287,97.1471,1416644
2015-01-12,97.3582,97.5547,96.3393,96.5688,1547179
2015-01-13,97.2664,98.4322,96.0731,96.7157,2091775
2015-01-14,95.1368,96.376,94.5401,95.2561,2142927
2015-01-15,95.504,96.0364,94.9257,95.66,1547910
2015-01-16,95.8711,97.9365,95.6233,97.7989,2137319
2015-01-20,98.1385,98.469,96.3209,97.1563,2226808
2015-01-21,96.8166,97.3399,96.0088,96.3944,2517782
2015-01-22,97.7621,99.3594,96.6055,99.2951,3486830
2015-01-23,99.1299,99.2676,98.1569,98.2211,1885308
2015-01-26,98.1385,98.4414,97.6795,98.2854,1806378
2015-01-27,97.9182,97.9733,97.0369,97.3491,1681857
2015-01-28,97.7621,98.2027,95.9354,95.9997,2262711
2015-01-29,96.2842,96.4495,95.0174,95.9629,2797371
2015-01-30,94.3198,95.5682,93.8884,94.3841,3675425
2015-02-02,94.4942,96.0364,93.5763,95.9997,2060555
2015-02-03,96.22,97.3858,95.9446,97.3399,2478450
2015-02-04,96.9911,98.5516,96.9177,97.9733,2308157
2015-02-05,97.7254,98.6617,97.7254,98.5975,1705660
2015-02-06,98.5975,99.2033,98.1385,98.4047,2482478
2015-02-09,96.7799,97.45,96.5321,97.092,2206901
2015-02-10,97.4317,98.0059,97.294,97.7805,2065462
2015-02-11,97.8356,99.0656,97.5877,98.9279,1865653
2015-02-12,98.9371,99.2859,98.7341,99.1758,2151893
2015-02-13,98.9188,99.5062,98.8545,99.1391,2232455
2015-02-17,99.5338,99.6256,99.0932,99.1391,3307936
2015-02-18,98.6617,99.2309,98.5516,99.1207,1829849
2015-02-19,99.0473,99.4053,98.7976,99.1299,2156522
2015-02-20,98.7627,99.2125,97.9916,98.9738,2177377
2015-02-23,98.7902,98.7994,97.9824,98.2945,1817261
2015-02-24,98.1844,99.0656,98.1844,98.726,1530292
2015-02-25,98.726,98.9096,98.1064,98.1385,2028867
2015-02-26,98.0467,99.1757,97.9916,98.9738,2673100
2015-02-27,98.8361,99.341,98.5057,98.625,3217055
2015-03-02,98.625,99.1023,98.469,99.0473,1344822
2015-03-03,98.6342,98.9642,98.1293,98.5883,1088779
2015-03-04,98.1385,98.4873,97.9182,98.111,1640272
2015-03-05,98.111,98.8637,97.9274,98.7719,1418439
2015-03-06,98.246,99.3071,97.5356,97.6186,2199666
2015-03-09,97.7754,98.712,97.737,98.4674,1257174
2015-03-10,97.4986,97.5725,96.6221,96.6313,1768040
2015-03-11,96.8528,97.8493,96.6682,97.4986,1837468
2015-03-12,98.1445,99.5101,98.0892,99.4916,1475411
2015-03-13,99.1779,99.344,98.0522,98.4674,1719553
2015-03-16,99.1871,100.6403,99.1871,100.5066,2020797
2015-03-17,99.7869,100.6357,99.3532,100.3405,1662980
2015-03-18,100.3682,101.3,99.3809,101.0509,2426364
2015-03-19,101.1616,101.2724,100.322,100.6726,1448539
2015-03-20,101.1063,101.7134,100.7372,101.2447,4366074
2015-03-23,101.1155,101.9459,100.9914,101.1432,1535488
2015-03-24,100.931,101.3554,100.6911,100.7834,1217015
2015-03-25,100.7926,100.9218,99.2333,99.2886,1663569
2015-03-26,99.0118,99.0764,98.2091,98.5689,1489796
2015-03-27,98.3936,98.9657,98.1537,98.8457,1467843
2015-03-30,99.3901,101.1986,99.3717,101.1616,2033228
2015-03-31,100.3405,100.4327,99.57,99.7684,1944754
2015-04-01,99.6485,99.6485,98.5505,98.8273,1860114
2015-04-02,98.8457,99.5193,98.6982,99.4086,1105581
2015-04-06,98.6612,100.2436,98.5597,99.7684,1052674
2015-04-07,99.7684,100.2021,99.0395,99.0395,1363305
2015-04-08,98.6704,99.3624,98.6058,99.0395,1543983
2015-04-09,99.0395,99.547,98.5136,99.0026,1218393
2015-04-10,99.3809,99.4547,98.7719,99.3255,1699921
2015-04-13,99.058,99.9529,99.0026,99.5285,1267321
2015-04-14,99.3809,100.2021,98.8088,99.4547,1307766
2015-04-15,99.7961,100.3497,99.6485,99.7223,2055744
2015-04-16,99.4455,100.5804,99.1528,100.2667,1804348
2015-04-17,99.0672,99.2609,96.6682,97.2495,3553557
2015-04-20,97.9323,98.7535,97.6555,97.9323,2667915
2015-04-21,96.5667,97.1111,93.7065,94.0017,5704560
2015-04-22,93.9648,94.2877,93.0329,94.1309,4271826
2015-04-23,93.5127,95.9486,93.5127,95.478,3115381
2015-04-24,95.395,96.17,94.7583,95.9116,2222667
2015-04-27,97.0004,97.2495,95.072,95.3396,2487742
2015-04-28,95.1274,96.2438,94.786,95.6625,2038695
2015-04-29,95.2104,95.5703,94.3062,94.8967,2177204
2015-04-30,94.7306,95.0414,92.9683,93.2913,3058120
2015-05-01,93.974,94.3062,93.6419,94.2232,1803798
2015-05-04,94.2785,94.7399,94.2232,94.2693,1528937
2015-05-05,93.8541,94.8321,93.8449,94.1586,1720434
2015-05-06,94.2416,94.6015,93.1529,93.9002,1778759
2015-05-07,93.5865,94.8598,93.4204,94.6476,1744394
2015-05-08,95.4042,96.0417,95.2842,95.7087,1423364
2015-05-11,94.4723,95.1089,93.6327,94.3154,5003570
2015-05-12,93.6788,94.2508,93.3097,93.808,2083133
2015-05-13,94.0386,94.5461,93.5588,94.0848,1699283
2015-05-14,94.7675,94.9798,94.4769,94.8044,1641616
2015-05-15,94.7675,95.192,94.5747,94.7399,1627543
2015-05-18,94.7583,95.4088,94.7583,95.192,1382601
2015-05-19,95.5887,95.8747,95.3211,95.6441,1667437
2015-05-20,95.884,96.0685,95.5149,95.681,1824096
2015-05-21,95.6072,95.7732,95.072,95.1181,1777108
2015-05-22,95.0812,95.3765,94.7675,94.786,1565397
2015-05-26,94.5369,94.7583,93.6142,93.7434,1545623
2015-05-27,94.1124,94.5645,93.5588,94.4262,1288538
2015-05-28,94.0848,94.3154,93.7895,94.2508,1215735
2015-05-29,94.3616,94.3708,93.2175,93.3005,2046156
2015-06-01,93.7341,93.9925,93.1436,93.199,1350990
2015-06-02,92.9776,93.1898,92.4701,92.5716,2446528
2015-06-03,93.0145,93.5496,92.5347,93.199,1828475
2015-06-04,92.3686,93.402,92.2394,92.4609,1637813
2015-06-05,92.7838,93.0883,91.6028,91.6305,1804080
2015-06-08,91.8161,91.9925,90.7299,90.7578,2447721
2015-06-09,90.9898,91.389,90.5535,90.7949,1883484
2015-06-10,91.0177,92.763,91.0177,92.076,1891457
2015-06-11,91.9739,93.1157,91.9182,92.958,1709206
2015-06-12,92.5031,92.7538,91.8532,92.3453,1426110
2015-06-15,91.6954,92.2246,91.1802,91.714,1458011
2015-06-16,91.3426,92.6238,91.3426,92.3638,1436190
2015-06-17,92.6888,93.0044,91.9739,92.6331,1226010
2015-06-18,92.9209,94.4155,92.9209,94.202,2196547
2015-06-19,93.9142,94.0906,92.1556,92.3267,3014948
2015-06-22,93.2179,93.3368,92.6609,92.8744,1263042
2015-06-23,93.153,93.3942,92.3453,92.8373,1105187
2015-06-24,92.6423,92.777,91.7047,91.7047,1402481
2015-06-25,91.3241,91.7325,90.7392,90.8042,1403834
2015-06-26,91.1477,91.5004,90.7206,90.9063,2061640
2015-06-29,90.145,90.4885,89.2167,89.2538,1818607
2015-06-30,89.7644,90.1543,88.9938,89.7365,2752041
2015-07-01,92.5124,93.2458,91.4819,92.1874,3447955
2015-07-02,92.3638,93.2644,91.9832,92.1225,1996205
2015-07-06,91.3705,92.0203,91.2034,91.8532,1756017
2015-07-07,91.8996,92.9766,91.2591,92.8652,2716837
2015-07-08,92.0389,92.3453,91.5561,91.6861,2352208
2015-07-09,93.1901,93.7564,92.7166,92.9023,3102032
2015-07-10,94.0535,94.0906,93.4695,93.7657,1225314
2015-07-13,94.6012,95.0933,94.5362,95.0004,2174915
2015-07-14,94.6755,95.2418,94.6198,95.0468,1211355
2015-07-15,94.6848,95.2325,94.6848,95.084,1737751
2015-07-16,95.9474,96.2816,95.6317,95.8917,2020059
2015-07-17,95.7802,95.9938,95.3439,95.5667,1448982
2015-07-20,95.5389,95.6948,95.1768,95.2604,1757264
2015-07-21,96.5229,97.2285,94.8055,96.9964,3389475
2015-07-22,97.1728,98.2776,97.0069,97.7577,2119226
2015-07-23,97.8412,98.0269,97.3678,97.7577,1568749
2015-07-24,97.637,97.9898,97.4328,97.7298,1604998
2015-07-27,96.6993,98.389,96.5972,98.0269,2239464
2015-07-28,98.4075,98.5004,97.6463,98.3518,1903200
2015-07-29,98.3704,98.9646,98.1383,98.8067,1805578
2015-07-30,98.5932,99.0075,98.3333,98.8717,1103927
2015-07-31,99.1781,99.4195,98.4261,98.519,1758505
2015-08-03,98.7696,99.2802,98.3983,99.2802,1497683
2015-08-04,98.881,99.438,98.635,98.9924,2118434
2015-08-05,99.438,99.7723,98.2497,98.4818,2830200
2015-08-06,98.6211,98.6861,97.4049,97.9062,1497351
2015-08-07,97.7205,98.0176,97.2564,97.9248,1507252
2015-08-10,98.4911,98.9739,98.0176,98.2404,1916274
2015-08-11,97.4792,98.3983,97.4699,98.3054,1515052
2015-08-12,97.5256,98.064,96.5972,97.8784,1736262
2015-08-13,97.7205,99.9858,97.066,99.2895,3227624
2015-08-14,99.2616,100.1529,99.1038,99.9951,1488314
2015-08-17,99.4566,100.1622,98.8624,99.9951,1213996
2015-08-18,99.9579,100.2457,99.141,100.0972,889718
2015-08-19,99.5959,100.3107,98.8439,99.5402,1386903
2015-08-20,98.5839,98.9924,98.0919,98.129,1556788
2015-08-21,97.5442,97.7205,95.4925,95.5574,2293674
2015-08-24,90.9666,94.1463,88.3904,91.7047,5527070
2015-08-25,93.2736,93.5986,90.6463,90.7485,2932260
2015-08-26,92.9023,93.1065,90.5999,92.8373,2602320
2015-08-27,93.8492,94.4341,92.6423,94.137,2711059
2015-08-28,93.7657,93.9699,92.6516,93.2365,1678341
2015-08-31,92.5959,93.0694,92.206,92.4195,1931186
2015-09-01,90.7113,91.4912,90.2471,90.5071,2542002
2015-09-02,91.7325,91.8439,90.8692,91.8439,1643699
2015-09-03,92.0668,92.9394,91.9182,92.2524,2383249
2015-09-04,90.9434,91.5376,90.3214,90.7578,1923251
2015-09-08,92.43,93.1306,92.0189,93.0933,2104687
2015-09-09,93.6538,93.8593,91.8321,92.0003,1590770
2015-09-10,91.7013,93.1867,91.6135,92.5701,1628132
2015-09-11,91.9536,92.9718,91.72,92.9438,1375340
2015-09-14,93.0185,93.2708,92.2618,92.7476,1601785
2015-09-15,92.9718,94.4946,92.6542,94.2237,1694340
2015-09-16,94.1302,95.3634,93.8873,95.2046,2034212
2015-09-17,95.2326,96.3443,94.588,94.971,1776473
2015-09-18,93.2614,94.2704,92.8971,93.1026,5001765
2015-09-21,93.8313,94.7562,93.5324,93.906,2095698
2015-09-22,92.7289,93.0933,92.1871,92.4674,2326593
2015-09-23,92.486,93.0933,92.0003,92.5608,1919154
2015-09-24,92.1497,92.7009,91.8508,92.3553,2386959
2015-09-25,93.0466,93.9901,92.0003,93.3362,1942905
2015-09-28,92.8597,93.6631,92.2712,92.5608,2892777
2015-09-29,92.6822,93.0559,91.748,92.9251,2128574
2015-09-30,93.7472,93.7566,92.7476,92.9812,2556092
2015-10-01,93.2801,93.3922,90.79,91.8695,2981417
2015-10-02,91.1315,93.4483,90.7858,93.4483,2410910
2015-10-05,94.1022,95.2046,93.8687,95.1579,1846764
2015-10-06,94.8589,94.9243,94.261,94.4198,1329553
2015-10-07,94.8402,95.7184,94.616,95.4475,1339301
2015-10-08,94.9804,96.419,94.8776,96.3069,1213710
2015-10-09,96.5685,96.9235,95.8772,96.1668,1290605
2015-10-12,95.9052,97.1571,95.8959,96.8955,983712
2015-10-13,96.4284,97.1477,96.2229,96.5125,1287612
2015-10-14,96.4284,96.9048,95.9333,96.008,1938398
2015-10-15,96.8021,98.0539,96.4284,98.0539,1657571
2015-10-16,98.3155,98.9974,98.1286,98.932,1869880
2015-10-19,98.7826,99.4645,97.9138,99.3244,2395142
2015-10-20,101.4357,102.6315,100.8098,101.7814,3135000
2015-10-21,102.2952,104.5186,102.2858,103.4162,3117582
2015-10-22,103.5283,105.4995,103.4723,104.9296,2487982
2015-10-23,105.3687,105.5369,104.5373,104.8923,2326778
2015-10-26,105.1819,105.5555,104.8362,105.35,1799513
2015-10-27,104.7895,106.2749,104.7428,105.9479,2119835
2015-10-28,106.3216,106.7981,105.6396,106.742,1783678
2015-10-29,106.7887,107.2184,106.2048,106.77,1932910
2015-10-30,107.0222,107.0689,105.4621,105.4621,2207261
2015-11-02,106.0974,106.4804,105.8545,106.3776,1828575
2015-11-03,106.3122,106.6299,105.5555,106.2095,1536003
2015-11-04,106.2282,106.8354,105.7284,106.5738,2031597
2015-11-05,106.9008,107.0409,106.3496,106.4711,1511128
2015-11-06,107.0316,107.2278,105.1819,105.6583,2620778
2015-11-09,105.3033,105.6303,105.0137,105.4061,1586118
2015-11-10,105.4715,106.5925,105.0698,106.5458,1488312
2015-11-11,106.7887,107.2278,106.359,106.8541,1226289
2015-11-12,106.3403,106.6766,104.8736,104.9203,1939643
2015-11-13,104.967,105.4808,104.4719,104.6307,2043635
2015-11-16,104.4905,105.4808,104.2757,105.4621,1653536
2015-11-17,105.3874,105.9853,105.0324,105.322,1568977
2015-11-18,105.4154,107.2371,105.3313,107.1343,1688316
2015-11-19,107.2932,107.7135,106.6205,107.452,1067986
2015-11-20,107.6575,108.8159,107.508,108.2087,1694666
2015-11-23,108.19,108.5076,107.7976,108.0218,1320807
2015-11-24,107.7322,108.1526,107.1624,107.8443,1486249
2015-11-25,107.8537,107.9244,107.0316,107.2464,1165367
2015-11-27,107.1624,107.5267,106.8261,107.2932,548064
2015-11-30,107.5921,107.9004,106.8728,107.0316,1874098
2015-12-01,107.6855,108.7038,107.5641,108.0685,1829615
2015-12-02,107.8163,108.4329,107.0783,107.1624,1667849
2015-12-03,106.5645,106.7607,103.7338,103.9674,4310063
2015-12-04,104.3691,106.6018,104.3691,106.5551,2226261
2015-12-07,105.7424,106.4991,105.4528,106.1161,1907979
2015-12-08,105.5901,106.1348,104.9326,105.5431,1991692
2015-12-09,104.8762,106.0315,104.0967,104.2939,1835515
2015-12-10,104.153,104.9608,103.5519,104.2469,1580642
2015-12-11,103.0165,104.2188,102.6972,103.0917,1832442
2015-12-14,103.2513,105.2238,103.0079,104.2845,2284966
2015-12-15,104.9796,106.8073,104.9608,106.3039,2262562
2015-12-16,107.1586,107.863,106.21,107.5813,1774358
2015-12-17,107.7221,107.8161,106.3602,106.3884,2215697
2015-12-18,106.3884,106.3884,103.3828,103.4392,5069979
2015-12-21,104.1248,104.6602,103.3359,104.2,1423967
2015-12-22,104.9326,105.7872,104.1154,105.6464,1771426
2015-12-23,105.9845,106.3696,105.4492,106.3321,1465161
2015-12-24,106.0127,106.8299,105.8906,106.3884,507317
2015-12-28,106.1348,106.6138,105.8155,106.5857,712141
2015-12-29,107.1492,108.1918,107.0647,108.0321,1049629
2015-12-30,108.0415,108.2669,107.215,107.3465,646678
2015-12-31,107.1868,107.3746,105.9752,106.0033,956059
2016-01-04,103.984,104.2188,102.1242,103.2889,2845969
2016-01-05,103.2419,104.0027,102.885,103.7585,1870428
2016-01-06,102.6972,103.1198,101.974,102.4154,1730884
2016-01-07,100.969,101.8519,99.5883,99.9734,2284352
2016-01-08,100.5087,100.9126,99.4004,99.5507,1984471
2016-01-11,100.0015,100.7623,99.2032,100.3021,1549828
2016-01-12,101.1474,101.6264,100.1143,101.4198,2116010
2016-01-13,101.6922,102.2182,99.4004,99.6165,2881368
2016-01-14,99.5037,101.448,99.4004,100.4806,1919027
2016-01-15,97.0054,99.3065,97.0054,98.7148,2532432
2016-01-19,100.133,100.1894,98.8838,99.3347,2459588
2016-01-20,98.5175,98.5739,96.4418,97.3529,3320414
2016-01-21,97.5501,98.7148,95.0799,96.4606,3183963
2016-01-22,97.3341,97.5877,95.8783,96.8739,2483713
2016-01-25,96.3009,97.1181,95.3805,95.8783,2930028
2016-01-26,96.0473,97.6816,95.9722,96.9772,2018855
2016-01-27,96.8081,98.386,96.4888,97.0335,1694543
2016-01-28,97.4844,98.449,96.7799,98.1231,1391489
2016-01-29,98.8838,100.5651,98.5927,100.5369,2195908
2016-02-01,100.3021,100.8281,99.7198,100.5087,1843781
2016-02-02,99.0905,99.9734,99.0905,99.5883,1730188
2016-02-03,99.8888,100.9784,98.3767,100.396,2084988
2016-02-04,100.2739,101.0347,100.1143,100.9596,1606996
2016-02-05,100.9596,101.4386,99.5695,99.8325,2756581
2016-02-08,98.7899,99.5601,97.6159,99.1844,3409343
2016-02-09,97.6346,99.6916,97.4656,99.485,1983590
2016-02-10,99.8888,101.107,99.1844,99.2971,1584543
2016-02-11,97.428,98.2076,96.8082,97.4656,2544641
2016-02-12,98.4518,101.0441,97.8507,100.9596,2095910
2016-02-16,101.6922,101.9082,100.133,100.8469,2322251
2016-02-17,101.4386,102.622,101.0911,102.5469,1913799
2016-02-18,102.3872,102.6127,101.9805,102.237,1678136
2016-02-19,101.9646,102.1149,101.2789,101.5231,1682452
2016-02-22,102.7723,102.8756,101.8988,102.7066,2281108
2016-02-23,102.0397,102.1994,101.0911,101.3541,1523080
2016-02-24,100.7811,102.19,100.1894,101.8894,1521880
2016-02-25,102.1806,102.6314,101.6452,102.6314,1392937
2016-02-26,102.9414,103.1272,101.6734,101.8706,1807767
2016-02-29,101.8706,102.1149,100.8657,100.9878,2922986
2016-03-01,101.5607,103.4392,101.4762,103.4392,1651874
2016-03-02,103.3734,103.7304,103.0165,103.5049,1521015
2016-03-03,103.2419,103.5801,102.0303,103.1292,1819393
2016-03-04,103.674,103.8712,102.4342,103.6928,1372878
2016-03-07,103.3359,103.7773,102.9038,103.7022,1226982
2016-03-08,103.3811,105.3833,103.3811,104.6939,1891927
2016-03-09,105.3078,105.4967,104.675,105.1472,1452077
2016-03-10,105.0811,106.12,104.4389,105.3361,1682975
2016-03-11,105.9595,107.3573,105.9028,107.3289,1978852
2016-03-14,107.3384,107.48,106.0445,106.5545,1732098
2016-03-15,105.9972,108.0278,105.8525,107.5934,1529131
2016-03-16,107.1967,108.6229,107.1967,108.3112,1409018
2016-03-17,108.3584,109.7153,108.0845,109.3973,1518600
2016-03-18,109.5484,109.5579,108.434,109.3312,5239587
2016-03-21,108.9156,109.8601,108.9156,109.5862,1200619
2016-03-22,109.5106,110.2946,109.1234,109.6145,1528403
2016-03-23,109.709,109.9923,108.6606,109.454,1458602
2016-03-24,109.2179,109.4823,108.3017,108.9817,1477414
2016-03-28,109.6618,109.9451,109.1518,109.794,885183
2016-03-29,109.7562,110.3796,109.3406,109.9451,1234127
2016-03-30,110.4551,111.1635,110.2379,110.9085,1147755
2016-03-31,110.8707,111.0785,110.0207,110.2284,1111390
2016-04-01,109.9545,111.0218,109.4729,110.8801,1478969
2016-04-04,111.1162,111.7113,110.6629,111.0312,1096107
2016-04-05,110.5684,111.2957,109.5768,109.6806,1215102
2016-04-06,109.6051,109.9209,108.5756,109.4918,1644716
2016-04-07,109.1612,109.1612,108.0089,108.1412,1293968
2016-04-08,108.4151,109.5673,108.4151,108.8306,907049
2016-04-11,108.944,109.8223,108.3584,108.4056,1176600
2016-04-12,108.434,108.8873,107.7917,108.7929,1749446
2016-04-13,109.4351,109.7279,108.4816,109.5201,1483917
2016-04-14,109.4351,109.5484,108.7079,108.9534,1588270
2016-04-15,109.3123,110.1434,108.944,109.7751,1550592
2016-04-18,109.5579,109.8695,109.0195,109.5673,2350519
2016-04-19,110.3229,110.729,109.6429,109.8129,1216952
2016-04-20,110.1529,110.2001,108.7456,109.369,1962604
2016-04-21,105.3361,106.1295,102.2383,102.7483,5073676
2016-04-22,103.0977,104.9961,103.0411,104.6844,2023539
2016-04-25,104.4105,104.5003,103.4283,104.2122,1482319
2016-04-26,104.4861,104.7693,103.4755,103.8627,1614963
2016-04-27,104.0139,104.0139,102.8333,103.4472,2341989
2016-04-28,102.6822,103.7683,102.3516,103.0694,1448345
2016-04-29,102.9088,104.0044,102.4744,103.7966,1697574
2016-05-02,103.9005,105.0906,103.9005,104.7505,1413919
2016-05-03,103.5889,104.5428,103.5322,104.2028,1256524
2016-05-04,103.4377,104.0705,102.6444,103.6361,1348396
2016-05-05,104.2594,104.9867,104.1461,104.5994,1590145
2016-05-06,104.3633,104.4483,103.6361,104.3161,1273076
2016-05-09,103.995,104.8828,103.9005,104.6561,942259
2016-05-10,104.8355,106.0445,104.59,106.035,1267056
2016-05-11,106.0728,106.8378,105.6857,105.7517,1519541
2016-05-12,105.9595,106.7623,105.4306,106.3845,1274823
2016-05-13,106.5639,106.7339,105.7139,106.4128,1608246
2016-05-16,106.0256,106.5923,105.7233,106.0067,1154992
2016-05-17,105.8556,106.0256,103.9855,104.2878,1490486
2016-05-18,104.1461,105.6761,103.8722,105.1189,1346945
2016-05-19,104.3916,104.8072,103.7589,103.9855,1638255
2016-05-20,104.5994,106.2145,104.3444,105.6761,1806616
2016-05-23,105.4967,105.9595,105.0339,105.2039,1110678
2016-05-24,105.4117,107.1967,105.3078,107.14,1386364
2016-05-25,107.4423,108.0278,107.0362,107.2345,1180237
2016-05-26,107.1778,107.4423,106.7339,107.2912,1205230
2016-05-27,107.3006,107.9901,107.2439,107.8389,1031261
2016-05-31,107.8862,108.6134,107.1873,107.8012,2135655
2016-06-01,107.4328,108.4906,107.0739,108.4623,1398833
2016-06-02,108.3867,108.5048,107.8673,108.4906,1130876
2016-06-03,107.7823,108.5756,106.9889,108.2545,1087384
2016-06-06,108.6134,108.9251,107.7823,107.9806,1339185
2016-06-07,108.2451,108.6229,107.8862,108.2167,1889295
2016-06-08,107.8747,108.7772,107.8747,108.5112,1280955
2016-06-09,108.1407,108.6726,107.8557,108.5112,918802
2016-06-10,108.4257,108.6917,107.6087,108.1217,1203642
2016-06-13,107.9317,108.8342,107.2477,107.3522,1363406
2016-06-14,107.4662,107.5897,106.6397,106.9247,1530768
2016-06-15,107.2382,107.4187,106.1076,106.2216,1174642
2016-06-16,105.6801,107.1479,105.4521,107.1147,1143088
2016-06-17,107.4187,107.4472,105.7656,106.2691,2102220
2016-06-20,107.0007,107.9127,106.8867,106.9817,1171220
2016-06-21,107.2667,107.4947,106.8392,107.0862,1056147
2016-06-22,107.2667,107.4187,106.1314,106.2406,1565765
2016-06-23,107.5612,108.2072,106.9057,108.1597,1132534
2016-06-24,103.8466,106.8012,103.7326,105.4711,2423979
2016-06-27,104.9486,105.2906,103.8656,104.8346,1878828
2016-06-28,106.2786,108.4447,105.5281,108.4257,2062602
2016-06-29,109.1382,111.0097,108.9904,110.9717,2190850
2016-06-30,111.0667,113.0998,110.9907,113.0903,2584307
2016-07-01,113.0143,113.3373,112.3184,112.9098,1353356
2016-07-05,112.3398,113.0903,112.1213,112.7483,1406124
2016-07-06,112.4633,113.0238,112.145,112.8243,1360410
2016-07-07,112.7673,112.8528,111.1997,111.6368,1237142
2016-07-08,112.4823,112.506,111.6748,112.1783,1197332
2016-07-11,112.4063,112.5488,112.0168,112.2163,1019528
2016-07-12,112.4823,112.9573,111.7888,112.1878,1208493
2016-07-13,112.4253,112.5963,112.0643,112.1023,1231822
2016-07-14,113.0523,113.1283,112.4633,112.8053,1090269
2016-07-15,113.1853,113.2328,112.4633,112.7103,1546811
2016-07-18,112.5678,112.9193,111.4942,111.5132,2037175
2016-07-19,111.0857,111.4562,110.7342,111.1997,1384422
2016-07-20,111.5797,111.7698,111.0952,111.1617,1662531
2016-07-21,110.5727,111.0287,109.2522,110.8862,1807349
2016-07-22,110.8862,111.7318,110.0787,111.2947,1068025
2016-07-25,111.1522,111.6558,110.6487,111.5797,1265545
2016-07-26,111.8268,112.2258,111.1522,111.7698,1358112
2016-07-27,111.2852,111.6273,110.3827,110.6107,1976870
2016-07-28,110.7532,111.7985,110.4017,111.7318,1268336
2016-07-29,111.4752,111.7983,110.3257,110.4112,2169132
2016-08-01,110.4492,111.0572,110.2022,110.9717,1509090
2016-08-02,110.8767,111.3042,110.6867,111.1807,1106304
2016-08-03,111.4182,112.0928,111.2757,112.0833,1337860
2016-08-04,112.1973,112.5298,111.6273,111.9883,1905130
2016-08-05,112.4918,112.8243,112.0643,112.6533,1236042
2016-08-08,112.5013,112.9098,111.8173,112.2448,1226524
2016-08-09,112.3873,112.6058,112.1878,112.2733,976895
2016-08-10,112.0548,112.4443,111.9313,112.3208,953712
2016-08-11,112.7673,112.9573,112.449,112.6723,986930
2016-08-12,112.6533,112.9193,112.4538,112.5868,815691
2016-08-15,112.6533,112.8148,112.1783,112.4348,1029741
2016-08-16,112.0453,112.5203,111.1332,111.1332,1102829
2016-08-17,111.2472,111.7508,110.7817,111.5513,1224235
2016-08-18,111.5037,111.9313,111.1997,111.9313,1271362
2016-08-19,111.5132,111.7318,111.1332,111.5988,1108625
2016-08-22,111.5323,111.5323,110.4967,111.1047,1137234
2016-08-23,111.4182,111.8173,110.7817,110.8007,870964
2016-08-24,110.8292,111.3755,110.1737,111.2567,1013986
2016-08-25,111.2757,112.1498,111.1332,111.8648,823103
2016-08-26,112.1688,112.8623,110.8102,111.2852,1578970
2016-08-29,111.7508,112.7863,111.6187,112.5583,1277833
2016-08-30,111.3042,113.1473,111.3042,112.5488,1482418
2016-08-31,112.3018,113.0998,112.1213,112.7768,1589647
2016-09-01,112.9573,112.9573,111.7888,112.4348,1462458
2016-09-02,112.1593,113.3563,112.1593,112.9003,1090336
2016-09-06,112.5963,113.3468,112.4728,112.6913,1156408
2016-09-07,113.2072,113.5678,112.9779,113.3887,1149599
2016-09-08,112.7772,113.0639,111.6785,111.6881,1584956
2016-09-09,111.1912,111.1912,109.3186,109.3377,2010893
2016-09-12,109.0416,110.5893,108.6307,110.3696,2343772
2016-09-13,109.2613,109.6912,108.8696,109.1658,1664137
2016-09-14,109.29,109.3951,108.4205,108.6403,1612085
2016-09-15,108.411,110.083,108.411,109.8154,1391921
2016-09-16,109.4046,109.9683,108.5352,109.5575,3499756
2016-09-19,109.997,110.8282,109.3186,109.9588,1227540
2016-09-20,110.704,110.747,109.6052,109.6721,1080903
2016-09-21,109.7677,110.8091,109.4906,110.7613,1496573
2016-09-22,111.2295,111.7645,110.9524,111.5256,1107009
2016-09-23,111.4301,111.4779,110.1689,110.1689,1141120
2016-09-26,109.9396,109.9396,108.6945,108.86,1617972
2016-09-27,108.8123,109.6817,108.6689,109.3091,1758557
2016-09-28,109.5861,109.9588,109.0893,109.8823,862025
2016-09-29,109.6912,109.9301,108.5734,108.7931,1212640
2016-09-30,109.0893,109.9253,109.0893,109.4428,1361208
2016-10-03,109.1753,109.3186,107.5798,107.9619,1234620
2016-10-04,108.2581,108.2581,106.3091,107.3123,1532680
2016-10-05,107.9046,108.4492,107.4747,108.0575,1098659
2016-10-06,108.1435,108.3728,107.1116,108.1339,1336523
2016-10-07,108.6976,109.7295,108.454,109.4237,1604520
2016-10-10,109.8154,110.3218,109.5193,110.0065,803592
2016-10-11,109.3759,109.7472,108.6021,108.9173,1180736
2016-10-12,108.8409,110.3791,108.6594,110.2072,1468104
2016-10-13,109.8632,110.1689,109.0607,109.9301,1237549
2016-10-14,110.6753,111.0193,109.9492,109.9492,1350619
2016-10-17,109.8728,110.2836,109.6052,109.8537,1349961
2016-10-18,110.9619,111.0097,109.8632,110.0447,1454045
2016-10-19,110.5033,111.6976,109.9874,111.0479,2728791
2016-10-20,107.7995,108.4492,104.3791,104.6371,4606513
2016-10-21,103.6912,104.3505,102.0957,103.5193,3768289
2016-10-24,104.2358,104.5941,103.9779,104.2072,2524826
2016-10-25,104.4842,105.0001,103.9205,104.1689,2569774
2016-10-26,103.8823,104.4556,103.2231,103.9683,2644584
2016-10-27,104.446,104.446,103.1562,103.204,2545986
2016-10-28,103.7581,104.1689,102.7931,103.5957,2245084
2016-10-31,104.0734,104.1594,103.0702,103.3568,2162143
2016-11-01,103.7581,103.7581,101.2931,101.5033,2564616
2016-11-02,101.5415,101.8377,100.653,100.911,1718577
2016-11-03,101.2931,101.7231,100.825,101.0065,1691778
2016-11-04,101.3409,101.3409,99.9068,100.0033,1864913
2016-11-07,101.4842,101.4842,100.2422,100.6626,1804175
2016-11-08,100.7294,103.3377,100.4715,103.1944,2082597
2016-11-09,98.8377,102.7263,98.8377,102.1721,3662179
2016-11-10,102.5161,104.895,101.8855,104.7326,2748905
2016-11-11,104.5989,105.6498,104.2358,105.3632,1962328
2016-11-14,105.8314,107.2454,105.7167,107.1785,3220149
2016-11-15,106.9874,107.0352,106.3951,106.8632,1823890
2016-11-16,106.481,106.5861,105.7645,106.3855,1717250
2016-11-17,106.0224,106.5097,105.4731,106.2231,1505601
2016-11-18,106.29,107.1212,105.8791,106.8345,1718010
2016-11-21,107.0161,107.3314,106.29,106.8537,1388161
2016-11-22,106.9492,107.5989,106.8441,107.3887,1647657
2016-11-23,107.6466,108.1817,107.4269,108.0288,1004781
2016-11-25,108.411,108.8027,108.0575,108.3919,686329
2016-11-28,108.2963,109.1466,108.2963,108.7358,1467312
2016-11-29,108.8218,109.032,108.4396,108.6307,1783451
2016-11-30,108.5447,108.9269,108.1339,108.2963,2756400
2016-12-01,109.1275,110.3696,108.774,110.2645,2347458
2016-12-02,109.825,110.7852,109.739,110.4938,1885339
2016-12-05,110.876,110.9476,109.6817,110.704,2041512
2016-12-06,111.2008,111.6594,110.6371,111.6212,1785849
2016-12-07,111.9287,113.7352,111.6789,113.3797,2316808
2016-12-08,113.7545,114.6001,113.5527,113.7545,2046154
2016-12-09,114.0619,114.5328,113.2644,114.5328,2138835
2016-12-12,115.1862,116.2625,114.8883,116.1856,1890873
2016-12-13,116.349,117.6846,116.2144,116.6853,2383656
2016-12-14,116.5988,116.6949,115.2054,115.6667,2393531
2016-12-15,116.2048,116.9543,115.5033,115.6955,1856405
2016-12-16,116.3105,117.1657,115.8877,116.8486,3221971
2016-12-19,116.8582,117.4252,116.6372,116.9928,1399792
2016-12-20,117.3771,118.021,117.0985,117.6558,1132664
2016-12-21,117.1753,118.2804,117.1753,117.7807,1575872
2016-12-22,117.4732,118.069,116.8679,117.3483,1443190
2016-12-23,117.3579,117.6558,116.9255,117.3483,885747
2016-12-27,117.4925,117.4925,116.8967,117.2138,607790
2016-12-28,117.6174,117.9729,117.2042,117.3099,867610
2016-12-29,117.3003,117.8096,117.1465,117.5117,767790
2016-12-30,117.9921,118.0402,117.281,117.6366,1014278
2017-01-03,118.2612,118.2612,115.561,116.176,1955430
2017-01-04,116.1472,116.9832,115.5226,115.5514,1780156
2017-01-05,114.6289,114.8307,112.6974,113.7064,2696487
2017-01-06,113.2259,114.0716,113.0241,113.6487,1532295
2017-01-09,113.5334,113.6295,112.7167,112.7359,1526223
2017-01-10,112.1305,113.1202,111.8999,112.6013,1758807
2017-01-11,112.6398,113.5334,112.611,113.053,1433626
2017-01-12,112.6686,112.6878,111.3521,112.1881,1679167
2017-01-13,112.6878,113.2452,112.1401,112.4764,1543846
2017-01-17,112.438,113.543,112.0632,112.8704,1607915
2017-01-18,113.4662,113.9562,112.5629,113.9082,1486815
2017-01-19,114.2637,114.3022,112.832,113.3797,994748
2017-01-20,113.937,114.2445,113.0338,113.4085,1222280
2017-01-23,113.543,113.6382,112.8416,113.4277,1593340
2017-01-24,113.9178,114.4944,111.6212,112.2746,3038258
2017-01-25,112.7455,114.0139,112.7455,113.0722,1536121
2017-01-26,113.053,113.8025,113.053,113.5142,1360824
2017-01-27,113.7737,113.8025,112.8416,113.4854,961452
2017-01-30,113.4085,113.4085,112.5821,112.9184,1200979
2017-01-31,112.9473,113.2067,112.438,113.1779,1478048
2017-02-01,113.0914,113.6199,111.7077,111.9863,1402592
2017-02-02,111.996,113.2067,111.996,113.0338,1081967
2017-02-03,113.7929,114.0139,113.0049,113.1779,1355201
2017-02-06,111.9095,113.3316,111.9095,113.0722,987950
2017-02-07,113.4854,113.6007,112.8127,113.1587,1161710
2017-02-08,112.8992,113.3701,112.7743,113.2067,905125
2017-02-09,113.2836,114.5136,113.249,114.1388,1099914
2017-02-10,114.3502,115.5129,114.3406,115.0517,1203168
2017-02-13,112.7839,115.4072,112.707,115.0325,1519190
2017-02-14,115.0325,115.6186,114.8211,115.5418,1397061
2017-02-15,115.9358,116.2625,115.4169,116.2529,1416088
2017-02-16,116.3201,117.0312,116.0126,117.0312,1502915
2017-02-17,116.9639,117.233,116.349,117.185,1334680
2017-02-21,117.0504,117.6654,116.3297,116.8006,1245572
2017-02-22,116.6757,117.6366,116.5315,117.1369,1184887
2017-02-23,117.627,118.2708,116.9543,117.5789,1134121
2017-02-24,117.5789,117.8864,116.9832,117.4925,1698631
2017-02-27,117.0985,117.9633,116.8582,117.2714,914370
2017-02-28,117.281,118.1555,117.0312,117.4636,1966038
2017-03-01,118.9723,120.2695,118.1747,120.1062,2619558
2017-03-02,120.5866,120.5866,119.6065,119.6545,1531378
2017-03-03,119.914,120.2695,119.1452,119.2798,1519150
2017-03-06,119.1837,119.4239,117.5117,117.5405,2417939
2017-03-07,117.8384,117.8384,116.9255,117.3675,1773937
2017-03-08,118.2179,118.614,116.9618,117.1454,2193455
2017-03-09,117.5415,118.1696,117.2613,117.7831,1707311
2017-03-10,118.1889,118.7106,117.6381,118.6817,1281900
2017-03-13,118.4015,118.7686,117.6961,118.0246,1069149
2017-03-14,117.6575,118.701,117.6381,118.4788,903619
2017-03-15,118.8459,118.9909,118.1792,118.8363,1117836
2017-03-16,118.8266,119.3484,118.1502,118.5947,1166606
2017-03-17,118.7976,119.0102,118.044,118.9812,3103637
2017-03-20,118.8266,118.8266,117.8894,118.2275,1485856
2017-03-21,118.643,118.701,117.3,117.5802,1240214
2017-03-22,117.8024,118.0536,117.0777,117.9087,996369
2017-03-23,117.5319,118.1502,117.0391,117.1937,1054211
2017-03-24,117.2806,117.3096,116.1791,116.6912,1334242
2017-03-27,116.1115,117.0197,115.957,116.9231,1087729
2017-03-28,116.6816,117.7734,116.3724,117.6864,1187291
2017-03-29,117.4062,117.4739,116.4304,116.4593,1133677
2017-03-30,116.2951,117.1647,116.2951,116.9425,1093148
2017-03-31,116.8458,116.9086,116.1115,116.469,1114709
2017-04-03,116.498,116.725,115.754,116.3144,1135511
2017-04-04,116.5656,116.7106,116.1405,116.5366,901835
2017-04-05,116.8941,117.4352,116.4787,116.8265,1284644
2017-04-06,116.9135,116.9811,116.1308,116.469,1226491
2017-04-07,115.9472,116.7009,115.754,116.0922,1063596
2017-04-10,115.9762,117.3193,115.9569,117.0197,997568
2017-04-11,116.5946,117.271,116.3144,117.097,1262552
2017-04-12,116.9811,117.5222,116.4497,117.3579,1352865
2017-04-13,117.0584,117.3386,116.2951,116.4593,1062320
2017-04-17,117.126,117.8217,116.6622,117.8024,874413
2017-04-18,117.3289,117.5222,116.44,116.6719,1086510
2017-04-19,117.1647,117.3096,115.8989,116.3337,1051487
2017-04-20,114.0728,115.3772,113.3772,114.8651,3559875
2017-04-21,115.5124,115.5124,114.5172,115.0776,2100677
2017-04-24,116.8748,117.2806,115.7153,116.498,1957578
2017-04-25,117.0391,117.5898,116.8362,117.2227,1763313
2017-04-26,117.3579,118.8363,117.3,117.8894,2433209
2017-04-27,117.986,118.3048,117.5125,118.0343,1658222
2017-04-28,118.044,118.2275,117.4062,117.5512,1290210
2017-05-01,117.6768,117.6768,117.0584,117.0874,1660802
2017-05-02,116.9135,117.2758,116.0536,116.2951,1162987
2017-05-03,116.0439,117.0197,116.0439,116.7299,841464
2017-05-04,117.3193,117.5415,116.2081,116.7299,1035978
2017-05-05,116.9328,117.2227,116.527,117.2033,1286323
2017-05-08,117.2033,117.4449,116.6912,116.9231,1390461
2017-05-09,116.8458,117.0681,115.754,115.8989,1467555
2017-05-10,115.5897,116.8941,115.5897,116.6139,1448825
2017-05-11,116.1018,116.6621,115.6477,116.469,1370787
2017-05-12,116.0922,116.8941,115.9675,116.5173,1127477
2017-05-15,116.498,117.2613,116.1018,116.1888,1174617
2017-05-16,116.2081,116.5946,115.7153,115.8796,1168694
2017-05-17,115.3482,116.498,115.0448,116.1888,1399381
2017-05-18,116.0728,117.7541,115.7057,116.7975,2123477
2017-05-19,116.7685,117.1067,115.9472,116.7106,1573690
2017-05-22,116.7492,118.0053,116.6043,117.5415,1272565
2017-05-23,117.4546,117.9956,117.3,117.5512,1128622
2017-05-24,117.6575,118.0401,117.4642,117.928,1116659
2017-05-25,118.4498,119.7542,118.2469,119.5416,1849307
2017-05-26,119.416,119.7348,119.1744,119.4836,925556
2017-05-30,119.1938,120.0344,119.0005,119.5513,1139156
2017-05-31,119.6865,120.7397,119.3628,120.6334,2124394
2017-06-01,120.7494,121.2132,120.2469,121.1649,1429154
2017-06-02,121.0972,121.5514,120.7687,120.9233,1210828
2017-06-05,120.7784,121.4934,120.7059,121.1455,1052393
2017-06-06,120.962,121.2132,119.8315,119.8411,1277672
2017-06-07,120.3854,120.6186,119.7731,120.0258,1138891
2017-06-08,119.948,121.0171,119.7245,120.2979,1826505
2017-06-09,120.3757,121.7266,120.2979,121.7071,1038530
2017-06-12,121.6877,122.2611,121.2698,122.1347,1534069
2017-06-13,122.0375,122.5526,121.7946,122.5526,1297601
2017-06-14,122.8442,124.5644,122.5138,124.3603,1573501
2017-06-15,124.3409,125.648,124.234,125.3905,1820623
2017-06-16,125.8376,125.9542,124.6422,125.7987,2471303
2017-06-19,125.7598,125.8473,124.4186,124.6616,1405926
2017-06-20,124.7393,125.5197,124.6907,125.1281,1163701
2017-06-21,125.1281,125.4682,124.7782,124.9629,1115255
2017-06-22,124.5644,125.0892,124.545,124.7005,1117052
2017-06-23,124.3992,125.0212,123.5925,124.0688,1899307
2017-06-26,124.0104,124.5644,123.7092,124.3506,1004866
2017-06-27,124.7685,124.7685,123.748,123.7966,1027598
2017-06-28,124.1368,124.8171,123.8064,124.1854,1324710
2017-06-29,124.613,124.6227,122.4166,122.8345,1909062
2017-06-30,122.9608,123.3496,122.2611,122.9705,1186460
2017-07-03,123.4079,124.6324,123.126,123.7578,932749
2017-07-05,123.8841,123.8841,122.5818,122.815,1402623
2017-07-06,122.9511,123.4759,122.4555,122.6304,1014593
2017-07-07,123.2232,123.6994,122.4652,123.5925,987142
2017-07-10,123.0094,123.4079,122.2319,122.2319,1518082
2017-07-11,122.4166,122.4749,120.8519,121.5322,937740
2017-07-12,122.0764,122.3583,121.4641,121.7266,1034520
2017-07-13,121.7266,122.1396,121.255,121.9015,886707
2017-07-14,121.7266,122.4263,121.1143,122.1833,1382377
2017-07-17,122.4943,122.7276,121.9209,122.679,937396
2017-07-18,122.504,122.5429,121.5516,121.9987,1407679
2017-07-19,122.4263,123.0191,121.0851,122.9025,1324127
2017-07-20,119.812,121.8821,119.4329,121.0657,2219351
2017-07-21,120.881,121.678,120.0549,121.6294,1373057
2017-07-24,121.7266,123.0191,121.678,122.8248,1392792
2017-07-25,124.1951,124.6033,123.612,123.8744,1578172
2017-07-26,123.7286,123.9813,122.1639,122.4555,1288911
2017-07-27,121.7849,122.6838,121.3475,122.3388,1694031
2017-07-28,122.5624,123.8841,122.1882,123.6314,1277677
2017-07-31,123.923,124.6616,123.7578,124.4867,1077258
2017-08-01,124.8851,125.614,124.5353,125.5752,1518986
2017-08-02,125.3905,126.2555,124.9434,125.1087,1402260
2017-08-03,125.167,126.1971,124.8948,125.9153,1081181
2017-08-04,126.168,126.3429,125.3419,126.0417,1952516
2017-08-07,125.6335,126.202,125.0017,125.1767,1008321
2017-08-08,125.1281,125.5266,124.8365,124.9337,1041892
2017-08-09,125.2447,126.5179,124.7296,126.4887,1605075
2017-08-10,126.0708,126.5179,125.5654,126.0417,2422154
2017-08-11,126.2846,126.6928,124.4381,124.5741,1535138
2017-08-14,124.7199,125.4294,124.613,125.167,1092726
2017-08-15,125.3711,125.7792,125.0406,125.4197,1139473
2017-08-16,125.9736,126.7025,125.3711,125.8278,1424061
2017-08-17,125.9931,125.9931,124.4478,124.5838,1622095
2017-08-18,124.6616,124.9143,123.9327,124.2923,1246905
2017-08-21,124.4672,124.4672,123.3503,123.8647,1063816
2017-08-22,124.3214,124.4867,123.8501,124.1757,1113622
2017-08-23,124.1562,124.613,123.4176,123.5828,946955
2017-08-24,123.748,123.7869,121.9792,122.0375,1045112
2017-08-25,122.4457,123.126,122.0278,122.9122,1332234
2017-08-28,121.4058,121.9804,118.9762,119.7634,2534881
2017-08-29,119.1511,120.4728,118.8401,119.5496,1476237
2017-08-30,119.7439,120.0549,118.1987,118.3833,1349165
2017-08-31,118.6166,118.7235,116.7797,117.771,2156565
2017-09-01,118.3153,118.325,116.3035,116.5271,1547044
2017-09-05,115.6621,115.6912,111.969,112.1828,3655089
2017-09-06,112.7368,115.0693,112.2022,114.4181,3561916
2017-09-07,114.0074,114.3595,111.2401,112.6287,2715713
2017-09-08,112.1691,118.1535,111.9442,117.1072,4215429
2017-09-11,120.7742,123.8739,119.6594,119.8452,3440418
2017-09-12,119.8354,120.4632,118.6327,119.767,1811467
2017-09-13,119.5225,119.767,118.1144,118.8185,1561265
2017-09-14,118.7793,118.7793,116.1196,117.3028,1812922
2017-09-15,117.9188,118.4762,116.8334,118.0264,3062500
2017-09-18,118.046,118.398,117.469,118.046,1068628
2017-09-19,117.9677,118.7305,117.7917,117.9091,1248293
2017-09-20,118.3882,119.278,117.2441,119.2096,1489348
2017-09-21,119.4052,120.1777,118.4469,118.7989,1209258
2017-09-22,118.7989,119.4638,118.3687,119.3367,1291782
2017-09-25,119.2585,120.2461,118.8576,119.9528,1136487
2017-09-26,119.9528,120.7546,119.5324,119.855,1298467
2017-09-27,120.7253,120.7253,119.7767,119.8745,1103429
2017-09-28,119.6985,120.5297,119.5421,120.0799,1097060
2017-09-29,119.9039,120.471,119.1998,119.8061,1285833
2017-10-02,120.1483,120.735,119.0189,120.5884,1587243
2017-10-03,120.5786,120.9893,119.679,120.9599,1275588
2017-10-04,120.9697,121.5369,120.5493,121.1555,836932
2017-10-05,121.2337,122.0747,120.9609,121.6836,1135716
2017-10-06,121.8205,122.5832,121.4831,122.2996,1152158
2017-10-09,122.0356,122.7103,121.5955,122.1823,723739
2017-10-10,122.1138,123.1601,122.0062,123.1503,967885
2017-10-11,122.857,123.5219,122.7054,122.8276,1059411
2017-10-12,123.2286,123.6979,122.681,123.1601,1022192
2017-10-13,123.3655,124.3531,123.0037,123.8642,1087096
2017-10-16,124.5095,126.7488,124.0891,125.9665,1765934
2017-10-17,125.595,126.0056,124.6758,125.8003,1808224
2017-10-18,125.8492,127.2769,125.6243,127.14,1991720
2017-10-19,126.9053,130.2202,125.3994,130.2202,2970858
2017-10-20,131.0318,131.1394,129.5944,130.3669,1838805
2017-10-23,130.7678,131.4914,129.9366,131.4718,1790192
2017-10-24,131.0709,131.4229,129.7801,130.2397,1712252
2017-10-25,130.4255,130.4842,128.8316,128.8756,1383539
2017-10-26,129.7801,129.9464,127.8538,129.0174,1490813
2017-10-27,128.6361,128.7632,127.1693,128.1569,1602413
2017-10-30,128.1863,129.9366,127.9027,129.6824,1579156
2017-10-31,129.5455,130.0051,129.2863,129.5161,1499914
2017-11-01,131.0122,131.0611,129.6921,130.5135,1749583
2017-11-02,130.9633,132.7039,130.0148,131.7065,2167884
2017-11-03,131.4718,131.7456,129.9268,130.3669,1088837
2017-11-06,130.5918,130.8167,129.8779,130.4842,734987
2017-11-07,131.0122,131.7554,130.4549,130.758,1495235
2017-11-08,130.9145,131.5696,130.4842,130.5624,1564993
2017-11-09,130.1713,132.0879,129.5063,131.5501,1255311
2017-11-10,131.0416,132.655,130.3962,132.5377,2107103
2017-11-13,132.1661,132.4399,130.2495,130.3669,2742672
2017-11-14,129.9073,131.0122,128.773,130.8949,1812206
2017-11-15,130.1713,131.227,129.8095,130.7482,1837857
2017-11-16,130.4255,130.6015,127.7628,127.9125,2375761
2017-11-17,127.7756,127.8929,126.8466,127.0422,2372061
2017-11-20,127.0617,127.3365,125.9372,126.8955,1565634
2017-11-21,127.4529,128.1276,127.14,127.7364,1128605
2017-11-22,127.58,127.8733,126.8466,127.1302,779723
2017-11-24,127.1497,127.3746,126.7293,126.9542,305358
2017-11-27,126.9053,127.9907,126.7879,127.5898,1349460
2017-11-28,127.404,130.2397,127.1204,130.0637,1821343
2017-11-29,130.8167,132.039,130.1126,131.5501,1772302
2017-11-30,132.215,133.4569,130.8607,132.567,2193898
2017-12-01,133.2417,133.4177,131.1296,133.1928,2549590
2017-12-04,133.3982,134.8943,132.8017,133.3395,2187969
2017-12-05,134.1218,134.2098,132.127,132.3226,1464026
2017-12-06,132.7137,133.1342,132.1172,132.3617,1044778
2017-12-07,131.8141,132.1417,130.9829,131.2371,1081234
2017-12-08,131.5026,131.5518,130.5687,131.4928,1085281
2017-12-11,131.6599,131.7287,130.3032,130.9127,1068738
2017-12-12,130.5785,132.3284,130.5244,132.0827,1405529
2017-12-13,132.1023,132.1023,130.9717,131.306,1328622
2017-12-14,131.3846,131.9057,129.6258,130.3425,1278685
2017-12-15,131.0012,133.0609,130.667,132.6136,3170654
2017-12-18,133.636,134.973,132.4169,132.9281,1692799
2017-12-19,133.6065,134.3045,132.6529,133.2526,1393041
2017-12-20,133.8228,134.1472,132.5251,132.9773,1070160
2017-12-21,133.6458,133.9014,129.2218,132.1711,937446
2017-12-22,132.1613,132.5841,131.6501,132.122,879374
2017-12-26,132.6234,133.3213,131.8959,132.5054,564742
2017-12-27,132.6529,132.8593,132.0237,132.4956,945416
2017-12-28,132.9675,133.4099,132.5152,133.3706,698740
2017-12-29,133.7245,134.1865,132.997,133.3509,827560
2018-01-02,133.9998,133.9998,129.2414,129.7527,2388813
2018-01-03,129.2169,130.5392,129.2169,130.1656,1308093
2018-01-04,130.9324,131.4938,130.1262,130.1656,1195505
2018-01-05,130.3425,130.3425,129.153,129.9296,1144062
2018-01-08,129.9296,130.1656,128.8875,129.2316,1343316
2018-01-09,130.3524,131.9254,129.9689,130.2344,2120793
2018-01-10,130.2639,130.7751,129.5954,129.8805,1171661
2018-01-11,129.8608,130.6326,129.4381,130.1066,1046475
2018-01-12,130.8046,132.7119,129.8018,132.4563,2010111
2018-01-16,132.82,133.7343,132.1515,133.2329,1809306
2018-01-17,134.2947,135.0812,133.2427,134.5503,1730117
2018-01-18,134.7469,135.3761,133.8818,135.0222,1561201
2018-01-19,135.4351,135.6612,134.3832,135.5236,1628130
2018-01-22,135.1402,136.9983,135.0017,136.9983,2922464
2018-01-23,141.9041,144.4799,140.3802,143.7917,5048089
2018-01-24,144.4307,145.5515,143.8015,145.1287,2377533
2018-01-25,144.9419,146.3675,144.47,145.9644,2213528
2018-01-26,146.8787,147.6552,145.7579,146.8983,2538390
2018-01-29,146.9966,147.1638,146.0481,146.4461,1866531
2018-01-30,146.1807,147.8815,145.5023,146.2102,2397369
2018-01-31,145.8071,147.6455,145.227,147.3899,2083614
2018-02-01,147.154,147.9404,146.2888,147.4685,1993858
2018-02-02,147.1638,148.0093,145.3155,145.4531,2297933
2018-02-05,144.1554,145.3843,137.2146,139.1317,3358918
2018-02-06,134.7076,138.8269,134.0292,138.473,3932062
2018-02-07,137.716,141.5081,137.598,139.7412,3034197
2018-02-08,139.1317,139.5839,132.6332,132.7315,3160342
2018-02-09,133.6163,135.8185,130.5195,134.7666,3655399
2018-02-12,134.9534,136.8213,133.7835,135.8087,2404566
2018-02-13,135.3171,136.4772,134.4127,136.2413,1282274
2018-02-14,135.3073,138.5025,135.3073,138.2272,1907066
2018-02-15,139.5544,139.8395,137.5439,138.5025,1406212
2018-02-16,138.5516,139.4856,138.0699,138.7777,1923925
2018-02-20,138.1092,138.4238,136.0545,136.723,1533136
2018-02-21,136.9295,138.5418,136.1823,136.202,1334512
2018-02-22,136.3396,137.6274,135.032,135.3171,1744650
2018-02-23,135.966,137.4898,135.2483,137.3817,2006265
2018-02-26,137.8438,140.9799,137.8438,140.1738,1809583
2018-02-27,140.7145,140.9898,138.6991,139.1513,1869523
2018-02-28,139.5741,140.3606,136.546,136.6542,1462535
2018-03-01,137.0474,137.5783,134.8649,136.6247,2382097
2018-03-02,135.6711,136.4674,134.452,135.5531,1844247
2018-03-05,135.6907,138.0109,135.3761,137.2244,1903189
2018-03-06,137.7651,139.1415,136.9491,139.0039,1468765
2018-03-07,138.0797,138.3402,135.209,136.5362,1779352
2018-03-08,137.2872,138.2162,136.5757,138.0284,1657171
2018-03-09,138.5522,140.756,138.1865,140.6275,1429169
2018-03-12,141.1118,141.5663,139.244,139.827,1215718
2018-03-13,140.6176,140.9339,138.8585,139.0364,1347461
2018-03-14,140.0148,140.0148,137.3762,137.8802,1285083
2018-03-15,138.5917,140.1532,137.7418,138.819,1318728
2018-03-16,138.5028,140.4299,138.3842,139.659,3954913
2018-03-19,139.6294,139.6294,137.9197,138.3743,1515235
2018-03-20,138.987,140.4496,138.5324,139.8171,973815
2018-03-21,139.8962,140.9635,138.7498,139.4416,1316311
2018-03-22,138.3644,138.9771,136.467,136.5263,2353106
2018-03-23,136.7635,137.0204,133.186,133.3145,1690859
2018-03-26,134.9649,136.7635,134.5696,136.5955,1364547
2018-03-27,137.5442,137.5442,134.3324,135.1427,1512955
2018-03-28,135.5084,137.7023,134.8858,137.1588,1788149
2018-03-29,137.8407,138.3249,136.8424,137.2279,1378018
2018-04-02,136.8919,137.0995,131.3281,133.2552,2215447
2018-04-03,133.8086,135.6665,133.2552,135.3799,1472069
2018-04-04,133.4331,137.1785,132.9587,137.0006,1479697
2018-04-05,137.5639,138.3842,136.4275,137.6529,1209603
2018-04-06,136.9216,137.8999,134.8265,135.6369,1738587
2018-04-09,136.1409,137.4849,134.866,135.6171,1758311
2018-04-10,137.0698,137.6232,135.5084,136.2397,1364147
2018-04-11,134.2039,135.5183,134.0458,134.9846,920276
2018-04-12,135.7357,136.7042,135.123,135.6764,1094154
2018-04-13,136.7437,136.9809,134.0063,134.6881,1030611
2018-04-16,135.9333,136.6943,134.698,135.9333,1354919
2018-04-17,136.8376,137.3564,135.3997,135.7258,1817407
2018-04-18,136.1508,136.299,133.5912,134.866,1398983
2018-04-19,134.1545,135.9037,134.0507,134.9846,1716081
2018-04-20,135.2514,136.2199,134.2533,135.2317,1428474
2018-04-23,135.4787,136.0618,134.4312,135.6171,1720436
2018-04-24,130.5869,132.3559,129.2528,131.3182,3147891
2018-04-25,130.3596,131.7135,129.8457,130.666,1860007
2018-04-26,130.7846,131.7629,129.9643,131.3874,1712814
2018-04-27,130.7846,132.2027,130.3992,131.6246,1107116
2018-04-30,132.3065,132.7709,129.9347,130.0533,1712112
2018-05-01,130.0137,130.0137,128.1756,129.5493,1264693
2018-05-02,128.9761,129.2528,125.7346,126.8118,2205800
2018-05-03,125.9125,126.3078,123.6791,125.8137,2267735
2018-05-04,125.2207,128.9069,125.033,128.1855,1545377
2018-05-07,128.1163,128.3084,127.2565,127.4739,1222854
2018-05-08,127.4641,128.1064,126.3869,127.1478,1239000
2018-05-09,127.8692,128.6796,127.0688,128.225,1164909
2018-05-10,128.4128,129.6086,127.9187,129.3417,916713
2018-05-11,129.4504,130.5375,129.0749,129.7074,1046676
2018-05-14,129.9643,130.2213,128.1954,128.4721,1221074
2018-05-15,127.6815,128.818,127.3257,128.3337,1547491
2018-05-16,128.3041,129.0057,127.9977,128.6203,840494
2018-05-17,128.4721,129.2923,128.1558,129.1836,807806
2018-05-18,129.2231,129.2328,127.9977,128.3238,986057
2018-05-21,129.1737,130.409,128.4918,129.5987,1027589
2018-05-22,129.5888,130.5079,129.0354,129.8754,769227
2018-05-23,129.5591,129.6975,128.5808,129.3615,1085790
2018-05-24,129.233,129.3121,127.8198,129.1144,818057
2018-05-25,128.6401,129.9248,128.6104,129.49,846508
2018-05-29,128.3634,128.6302,126.0113,126.7031,1742526
2018-05-30,127.6617,129.1836,127.3949,128.6401,1273601
2018-05-31,128.3831,128.4078,126.209,127.0095,1790222
2018-06-01,128.314,128.4523,127.1972,127.7704,1001110
2018-06-04,128.4128,128.9761,127.9977,128.1954,1063983
2018-06-05,127.7408,127.9977,126.5746,127.6518,1381192
2018-06-06,128.3733,128.9464,126.1102,127.2565,2388736
2018-06-07,127.6244,129.3245,126.8987,129.0163,1463273
2018-06-08,129.235,130.8754,128.7976,130.5573,1606433
2018-06-11,130.5772,130.7263,129.6824,129.7421,807750
2018-06-12,129.752,130.1298,128.3502,128.8274,1088350
2018-06-13,129.2748,130.0602,128.4794,128.9666,1170220
2018-06-14,129.1853,129.3245,128.0022,128.1116,1218983
2018-06-15,127.3162,128.6783,127.018,128.6186,3281489
2018-06-18,127.3063,127.5051,126.0039,126.849,1689827
2018-06-19,125.8051,127.6045,125.8051,127.4156,1153458
2018-06-20,128.0519,128.0818,124.1845,124.2641,1442492
2018-06-21,123.6477,124.2143,122.1166,122.733,1593824
2018-06-22,123.4786,124.5822,122.9567,123.6874,1817208
2018-06-25,123.588,124.1945,121.7488,123.0014,1704702
2018-06-26,123.1108,123.6791,121.8183,121.9078,1312913
2018-06-27,121.8183,122.7529,120.5855,120.6353,1055725
2018-06-28,120.337,122.1116,120.0387,121.7388,1265779
2018-06-29,121.7786,123.2997,121.3908,121.6294,1220595
2018-07-02,121.371,121.7388,120.6899,121.6792,1095456
2018-07-03,122.3552,123.3295,121.9277,122.057,659117
2018-07-05,122.7131,122.7728,121.1025,121.8879,1291976
2018-07-06,121.8979,123.081,121.1125,122.4646,1007046
2018-07-09,123.1207,124.8705,122.8225,124.6717,1130636
2018-07-10,124.8606,125.4074,124.6617,125.1389,1367042
2018-07-11,124.6319,124.9401,123.8067,124.3237,1200382
2018-07-12,125.6957,125.6957,124.3844,125.2881,1297407
2018-07-13,125.4372,126.0536,124.7281,125.8945,902101
2018-07-16,126.2723,127.4852,125.8846,127.4455,1101278
2018-07-17,127.8332,128.6932,127.1273,128.042,2028416
2018-07-18,128.0818,129.7023,127.5946,129.245,1460966
2018-07-19,126.2624,126.7595,123.8863,124.453,2796087
2018-07-20,124.1348,125.3974,123.6129,124.4728,1880168
2018-07-23,124.8208,124.8208,122.8622,123.5184,1654698
2018-07-24,124.0155,124.6617,123.2202,124.0255,1898962
2018-07-25,124.0453,125.6957,123.2599,125.5466,2314977
2018-07-26,126.5109,129.3643,125.7588,128.7379,2253604
2018-07-27,129.1853,130.8655,128.9566,129.9707,1966766
2018-07-30,129.7619,131.2085,129.3742,130.3386,1487663
2018-07-31,130.5175,130.6567,129.0163,129.3841,1679266
2018-08-01,129.2748,129.6923,128.1613,128.211,1388477
2018-08-02,127.3162,128.1116,126.2624,127.5847,1778636
2018-08-03,127.3958,128.9467,126.9881,128.9467,1882815
2018-08-06,128.9666,129.7619,128.8473,129.245,1544120
2018-08-07,129.752,130.3684,129.0262,129.1853,817521
2018-08-08,129.1157,129.1157,128.3601,128.4595,1430674
2018-08-09,128.3502,129.3643,127.863,128.8075,859253
2018-08-10,127.9823,128.4098,126.8688,128.1215,957750
2018-08-13,127.9426,128.6021,126.8688,127.3063,1209842
2018-08-14,127.2168,127.2466,125.9442,126.7992,1143824
2018-08-15,126.3817,128.3402,126.1828,128.0221,1261555
2018-08-16,128.5093,130.2044,128.394,129.583,1324462
2018-08-17,129.414,130.0503,128.8572,129.6625,1664327
2018-08-20,129.9906,130.8754,129.7421,130.6567,1146993
2018-08-21,130.4579,131.4918,130.1696,130.945,1267363
2018-08-22,131.114,131.114,128.5093,128.6584,1083857
2018-08-23,128.7479,129.1157,128.1911,128.7677,1115446
2018-08-24,129.3046,129.921,129.0958,129.752,1180305
2018-08-27,131.0444,131.5614,130.5772,131.124,1277675
2018-08-28,131.2831,131.9989,131.2831,131.5117,1055959
2018-08-29,131.81,132.4771,131.1737,131.8895,1024566
2018-08-30,131.7801,131.8696,130.3386,130.8854,1262069
2018-08-31,130.6567,130.955,129.9111,130.8357,1002881
2018-09-04,130.945,131.4719,130.2491,131.3626,973903
2018-09-05,131.2532,132.5357,131.2532,131.8199,1209475
2018-09-06,131.6608,132.6252,131.3228,131.8,1274160
2018-09-07,131.54,132.11,129.97,130.09,1300171
2018-09-10,129.39,129.55,126.93,127.6,1840776
2018-09-11,126.52,128.31,125.71,127.85,1797064
2018-09-12,127.87,128.2,126.3,126.89,1750407
2018-09-13,128.5,129.41,127.738,128.83,1413372
