date,open,high,low,close,volume
2013-09-16,124.69,126.6179,124.2884,126.0646,1542256
2013-09-17,126.011,128.528,125.4041,127.6622,950444
2013-09-18,129.0635,133.7182,126.6849,133.7138,1777186
2013-09-19,134.4278,135.5256,132.9729,133.6245,1420598
2013-09-20,134.0886,134.5617,131.9733,132.1429,1256620
2013-09-23,132.2767,132.3481,128.9564,130.5898,763493
2013-09-24,130.5898,134.3118,130.2149,132.7944,812962
2013-09-25,132.5891,133.562,130.3845,132.5534,770196
2013-09-26,133.1872,133.7539,131.0004,131.7948,817916
2013-09-27,131.6341,132.9908,131.0004,131.5716,442486
2013-09-30,129.849,131.4913,128.7869,130.7058,690227
2013-10-01,130.3578,131.3039,128.5392,129.1439,1264722
2013-10-02,127.8943,128.0996,125.3237,126.4037,2222954
2013-10-03,126.3145,127.0285,123.2262,124.4401,1877156
2013-10-04,124.4401,125.895,123.3333,124.6722,904732
2013-10-07,123.1727,123.8421,121.4768,121.9499,1159970
2013-10-08,121.3519,122.7264,119.299,119.6649,1131148
2013-10-09,119.3525,123.2307,118.6028,121.5036,1120550
2013-10-10,122.7353,125.297,121.9677,124.3866,722677
2013-10-11,124.6632,125.3594,123.4583,125.3327,450917
2013-10-14,123.851,123.851,115.336,117.1836,3701628
2013-10-15,117.1658,118.3886,115.6484,117.862,1686460
2013-10-16,118.817,120.0309,117.3711,119.3704,1106377
2013-10-17,118.576,120.379,117.7906,120.2272,1199197
2013-10-18,121.3519,121.4143,118.1744,119.0937,1071914
2013-10-21,118.933,120.495,115.4878,116.898,2373699
2013-10-22,125.7165,131.5984,123.1816,130.4827,4149734
2013-10-23,130.0989,131.2771,128.2959,128.885,1251917
2013-10-24,129.0457,131.7591,128.2602,131.4377,1090023
2013-10-25,131.7412,132.0268,128.6976,130.4738,712168
2013-10-28,130.7594,131.4913,129.1528,130.3042,564919
2013-10-29,130.5987,132.9462,130.2149,132.9283,890987
2013-10-30,132.9908,133.4103,129.2867,131.2325,971641
2013-10-31,130.813,132.0358,129.6526,130.322,828214
2013-11-01,130.331,131.4556,129.5431,131.2592,779101
2013-11-04,132.3124,134.16,132.0358,134.1154,678789
2013-11-05,133.3478,133.4281,131.2057,131.9643,823662
2013-11-06,131.768,132.7498,130.5006,130.7862,857077
2013-11-07,131.768,133.1157,128.3522,128.4834,844017
2013-11-08,128.5459,129.6526,127.3347,129.6437,681760
2013-11-11,129.2599,129.8892,126.6715,127.1981,1067222
2013-11-12,127.2874,128.2558,125.9575,127.4302,845146
2013-11-13,126.6727,129.5683,126.6727,129.3173,714352
2013-11-14,129.5952,134.8665,129.5952,133.6204,1411471
2013-11-15,134.3824,136.5071,133.6294,135.2251,1575694
2013-11-18,135.8257,137.0988,134.6783,134.9562,1198175
2013-11-19,133.2349,135.9513,132.1412,133.8087,898725
2013-11-20,133.7997,135.1444,129.5504,130.5455,1126158
2013-11-21,130.3214,134.8844,130.3214,134.6783,934872
2013-11-22,134.6155,135.7271,133.8893,134.7231,836049
2013-11-25,134.7231,136.6057,134.0776,135.6106,791404
2013-11-26,135.8078,138.0557,135.2699,137.2601,589283
2013-11-27,137.4215,138.2731,135.9692,136.5519,447298
2013-11-29,136.9643,138.4435,136.4622,136.9463,267748
2013-12-02,137.1705,137.6994,133.6563,133.8356,595749
2013-12-03,132.8225,133.7728,132.2667,133.5666,783758
2013-12-04,133.5308,134.8396,131.3971,132.7508,715120
2013-12-05,132.6163,132.7329,131.0834,131.7378,648180
2013-12-06,132.9032,134.7051,132.1412,134.0686,755502
2013-12-09,134.0686,136.6953,133.8356,134.4631,835390
2013-12-10,134.7589,138.9993,133.8087,135.9064,935921
2013-12-11,135.5478,136.1395,132.4012,132.5805,871011
2013-12-12,132.7956,133.6921,132.4371,133.2439,1036812
2013-12-13,133.7997,134.2838,131.9754,133.4411,983108
2013-12-16,134.1135,136.4981,134.1135,134.4183,908435
2013-12-17,135.0279,136.3367,133.4411,135.8437,873493
2013-12-18,136.8119,140.4695,135.131,139.9854,1122413
2013-12-19,139.7792,139.9675,136.9195,137.6277,716776
2013-12-20,138.9096,140.3619,137.6008,139.2055,955886
2013-12-23,140.3978,140.7654,139.3489,140.3799,535883
2013-12-24,140.0033,141.3839,139.8348,140.6936,289811
2013-12-26,139.6985,142.7376,139.6448,141.4646,443487
2013-12-27,142.3163,142.5807,140.0033,140.7116,341134
2013-12-30,140.4157,141.2539,139.8061,140.7833,283707
2013-12-31,140.8102,141.1957,140.1647,140.6219,340493
2014-01-02,140.3171,140.846,139.0531,139.8778,407749
2014-01-03,140.1109,142.1459,140.1109,140.6578,442436
2014-01-06,141.0791,141.375,138.3897,138.4614,594894
2014-01-07,138.8738,139.9944,138.4704,138.5779,664351
2014-01-08,139.4027,141.2943,137.5739,141.2853,815804
2014-01-09,141.6887,142.8631,140.3709,142.5494,788871
2014-01-10,143.3562,143.4458,140.1109,140.4247,853283
2014-01-13,140.0392,140.3395,136.9732,137.6097,701434
2014-01-14,137.6635,139.2862,137.4304,139.1786,1099391
2014-01-15,139.1786,141.7425,139.1517,141.2853,753100
2014-01-16,141.3032,142.7735,140.5681,142.6031,714573
2014-01-17,141.1329,143.2119,140.0302,140.604,772913
2014-01-21,140.9984,141.5453,135.9244,137.789,1072496
2014-01-22,137.8159,137.8159,134.6155,135.3506,1239668
2014-01-23,134.0328,137.5022,134.0328,137.4573,993597
2014-01-24,134.8217,136.4981,130.4379,130.5993,1334821
2014-01-27,132.3205,132.3205,127.1926,127.7395,1925794
2014-01-28,127.5154,130.1627,126.1617,129.0035,1642934
2014-01-29,128.0084,129.4966,126.3768,126.9685,1473081
2014-01-30,131.2896,131.7826,116.5873,118.5326,4743441
2014-01-31,117.4389,122.2082,116.8293,119.5008,3119369
2014-02-03,119.5008,120.4132,111.5132,113.5751,3605369
2014-02-04,115.0005,117.412,114.382,117.0803,2339516
2014-02-05,116.1301,117.1969,114.9646,116.8831,1876604
2014-02-06,117.2507,119.7967,117.0086,119.7698,1891193
2014-02-07,120.6125,123.0599,119.7698,122.4144,1971533
2014-02-10,122.4413,124.4494,121.6793,122.4503,1519864
2014-02-11,122.4323,124.1975,122.1724,123.6874,1510042
2014-02-12,124.2791,125.345,122.4503,123.6515,1250087
2014-02-13,122.5847,124.6915,122.1553,124.0998,868302
2014-02-14,124.0819,125.8479,123.3736,124.2163,1381049
2014-02-18,124.6646,125.7314,121.7958,122.513,1432893
2014-02-19,122.5309,122.8806,120.7469,121.1235,1256973
2014-02-20,121.4103,123.9474,119.5815,123.7233,1318255
2014-02-21,123.9743,125.2025,123.7549,124.4315,1170891
2014-02-24,125.068,127.3809,124.4494,126.2872,1221143
2014-02-25,126.2872,127.4885,125.7224,126.1617,1195273
2014-02-26,126.8325,129.3269,125.0766,128.1382,1190587
2014-02-27,127.9311,131.0108,127.8681,130.5965,1113696
2014-02-28,130.3354,131.9202,128.7956,130.2363,1284353
2014-03-03,128.2643,130.0112,127.652,128.8946,1382668
2014-03-04,130.4975,132.1814,130.1949,131.3619,1108335
2014-03-05,131.1548,133.8383,130.4525,133.0729,1318164
2014-03-06,133.5141,134.0562,132.3255,132.8117,648895
2014-03-07,134.1354,134.5316,131.2179,131.461,903415
2014-03-10,131.2269,131.2719,130.1913,131.1999,985460
2014-03-11,131.425,132.0553,129.4349,130.0472,891438
2014-03-12,130.0382,130.0544,127.8681,129.7141,865299
2014-03-13,130.0292,130.8397,126.5084,127.5889,933549
2014-03-14,127.5349,128.7776,126.7855,127.9401,1026008
2014-03-17,128.3183,131.8023,128.3183,130.5515,987719
2014-03-18,130.9927,132.1904,130.3984,131.7672,646071
2014-03-19,132.3345,133.1719,130.3354,131.7852,663891
2014-03-20,131.3439,131.389,129.4979,130.3174,739366
2014-03-21,131.2809,132.0193,130.1013,130.5065,1264278
2014-03-24,131.3529,131.533,127.5079,128.7235,756267
2014-03-25,129.561,131.2989,129.1558,130.8847,775567
2014-03-26,131.515,132.4065,128.3363,128.4444,677886
2014-03-27,128.1832,129.9392,127.9131,128.8406,684028
2014-03-28,129.4709,132.4785,129.2503,132.1454,761304
2014-03-31,132.8928,134.6892,132.2174,134.5857,909523
2014-04-01,134.8288,138.8629,134.2255,138.0435,1237673
2014-04-02,138.0435,138.998,137.089,138.3407,781585
2014-04-03,138.8629,139.043,137.0082,137.8544,835133
2014-04-04,139.3042,141.1141,136.6297,136.8729,1361126
2014-04-07,136.5487,138.0885,131.416,133.1089,1281454
2014-04-08,132.8477,134.9549,131.497,133.2529,982319
2014-04-09,134.4776,136.0534,132.6478,135.144,871226
2014-04-10,134.7928,136.0084,132.5326,132.7127,916943
2014-04-11,131.8572,135.8193,131.0198,133.0729,1230882
2014-04-14,134.2255,135.5852,132.3345,133.6041,717535
2014-04-15,134.4416,137.2061,133.6582,136.3866,1120871
2014-04-16,137.7103,139.3942,136.6117,139.3582,1010588
2014-04-17,139.5203,140.1596,137.8814,138.4487,785303
2014-04-21,139.007,139.4392,137.7734,139.016,597465
2014-04-22,139.1241,140.0966,138.3677,139.4482,869158
2014-04-23,138.98,139.0205,137.36,138.2506,722387
2014-04-24,138.944,139.7994,137.1813,139.2682,859847
2014-04-25,136.2696,140.306,134.1894,139.9525,1533674
2014-04-28,140.3847,141.0691,135.9724,139.016,1414046
2014-04-29,138.8629,139.025,135.7203,137.107,984529
2014-04-30,137.026,138.3046,136.399,138.1155,585907
2014-05-01,137.7373,139.5473,136.3506,137.053,752509
2014-05-02,137.3681,139.5203,136.3236,137.3231,643216
2014-05-05,136.8819,138.4757,136.0085,137.3141,487114
2014-05-06,136.8909,137.6653,134.3695,134.5136,884650
2014-05-07,135.0359,136.7288,132.9648,136.6658,872896
2014-05-08,136.5307,137.6113,135.1377,135.9364,560542
2014-05-09,135.6032,136.5127,134.3065,136.4497,562451
2014-05-12,137.2061,140.7251,137.116,140.3667,886584
2014-05-13,139.6013,139.8715,134.9188,136.4677,1615763
2014-05-14,136.3953,136.6487,129.7891,130.7936,2550702
2014-05-15,130.4226,130.5131,127.3638,130.4316,1800127
2014-05-16,130.8388,132.4497,129.2099,132.1058,1491325
2014-05-19,131.1918,131.9655,130.2325,131.6533,830852
2014-05-20,131.237,132.2053,129.8343,130.685,573292
2014-05-21,131.0289,131.8198,130.8026,131.59,725192
2014-05-22,131.1646,132.8297,130.6759,132.0243,597843
2014-05-23,132.3592,133.4994,131.9157,133.2641,554749
2014-05-27,133.7076,133.9157,129.2371,130.0515,1281152
2014-05-28,130.314,130.8479,129.0018,129.6443,661710
2014-05-29,130.3321,131.1465,128.8841,129.6081,637004
2014-05-30,129.6624,130.5493,128.9656,129.9067,1053253
2014-06-02,130.4769,130.4769,129.3004,129.78,492569
2014-06-03,129.6262,130.8298,129.2914,129.8615,747840
2014-06-04,129.219,129.7322,128.1149,128.133,988835
2014-06-05,129.4543,130.2325,127.7213,129.59,891673
2014-06-06,129.6624,130.5945,129.2823,130.3773,672118
2014-06-09,130.5493,130.7031,128.2959,128.4407,981381
2014-06-10,128.4407,129.7438,127.6443,129.7257,926394
2014-06-11,128.676,129.228,127.1195,127.5629,884350
2014-06-12,127.4271,127.9156,125.1105,125.391,1335161
2014-06-13,125.2824,125.4181,123.925,125.0924,1179754
2014-06-16,125.3729,126.3231,124.0245,125.2281,756169
2014-06-17,124.9204,125.5448,123.6535,124.8842,932683
2014-06-18,125.1105,126.7122,124.0607,126.5041,684119
2014-06-19,126.5765,127.038,125.7982,126.0607,643676
2014-06-20,126.7394,126.9566,125.4543,125.6715,997695
2014-06-23,125.1829,127.5357,124.0969,126.0878,952112
2014-06-24,126.1059,127.8253,125.3276,125.7258,782532
2014-06-25,125.3095,125.9068,124.1693,125.7801,964902
2014-06-26,125.934,125.934,123.8526,124.9838,839644
2014-06-27,124.9928,126.0607,124.5403,125.3005,1459389
2014-06-30,125.7077,126.667,124.5765,125.9883,775331
2014-07-01,126.4226,129.3276,126.4226,128.3864,1060470
2014-07-02,128.0063,128.4225,126.5312,126.9294,630954
2014-07-03,127.3005,129.0923,126.9386,128.9927,405604
2014-07-07,128.0425,128.8117,126.6579,126.8389,909738
2014-07-08,126.7213,130.6036,126.0426,129.1647,1973433
2014-07-09,129.1828,129.7438,127.4633,127.6986,1452209
2014-07-10,125.1738,126.4317,124.477,125.9792,1655477
2014-07-11,126.6217,130.4769,125.9249,127.3819,1451574
2014-07-14,127.8615,127.8977,125.3729,126.0697,1043632
2014-07-15,126.0154,127.2923,125.4724,126.667,1037444
2014-07-16,127.0742,128.3321,126.0154,127.2371,1654859
2014-07-17,126.2236,126.6263,125.4,125.753,969456
2014-07-18,126.7756,127.5719,126.1512,126.2417,940115
2014-07-21,125.4724,127.3548,125.4724,127.0109,744462
2014-07-22,127.2371,130.3954,127.1738,129.59,1536635
2014-07-23,123.8888,131.5266,122.5042,131.4361,5963148
2014-07-24,131.2099,134.6578,130.5855,132.9474,3281789
2014-07-25,132.4949,134.9111,131.7438,134.7392,1589247
2014-07-28,134.7211,135.0559,133.4813,133.599,1575804
2014-07-29,133.599,134.0695,131.323,131.6714,1539564
2014-07-30,131.6262,132.2415,128.1692,129.219,2395935
2014-07-31,129.0923,130.1692,127.5086,129.0832,1902788
2014-08-01,139.2649,140.6109,139.0375,139.374,687006
2014-08-04,130.4045,132.7393,130.4045,131.9248,1239501
2014-08-05,130.9384,132.4497,129.6986,130.2144,1020621
2014-08-06,129.8162,132.9021,129.7625,131.9429,1107816
2014-08-07,132.2144,132.3501,128.6986,129.0289,1297100
2014-08-08,129.5086,134.1781,129.4787,134.0695,1670721
2014-08-11,134.3229,134.8207,133.4723,133.6804,946587
2014-08-12,133.4542,134.1781,131.2551,131.8976,774824
2014-08-13,132.4225,132.7574,130.7212,131.8162,1079827
2014-08-14,132.2596,135.8025,132.2596,135.6713,1455083
2014-08-15,136.2776,136.3229,133.1103,134.332,698480
2014-08-18,135.2912,136.6125,135.1012,135.97,925078
2014-08-19,136.6487,138.7933,136.522,138.3681,1361063
2014-08-20,137.798,139.454,137.6894,139.0921,702100
2014-08-21,138.1057,138.4857,136.2143,137.445,973829
2014-08-22,137.5536,138.1192,136.6487,137.4269,548151
2014-08-25,138.1871,138.1871,136.0785,136.3229,610209
2014-08-26,136.6577,137.617,136.0966,137.255,794171
2014-08-27,137.4551,138.8556,136.8821,138.701,843879
2014-08-28,137.7916,139.1467,137.4369,138.701,743172
2014-08-29,138.2645,139.4177,138.119,139.1649,515430
2014-09-02,139.6014,139.9106,138.6647,139.5014,577158
2014-09-03,139.2649,140.6109,139.0375,139.374,687006
2014-09-04,139.4923,141.4294,138.983,140.047,845917
2014-09-05,139.7014,139.7833,138.0098,138.2463,1081457
2014-09-08,137.6279,140.4836,137.5096,138.7647,959652
2014-09-09,138.8465,138.8465,136.1818,137.5642,603992
2014-09-10,137.4096,139.8197,137.4096,139.6196,773532
2014-09-11,139.0375,139.8015,138.8011,139.4832,523892
2014-09-12,139.465,140.0288,137.9553,138.3373,738530
2014-09-15,138.7829,141.1384,138.1463,139.3013,951245
2014-09-16,138.51,140.3471,138.0098,138.7829,765259
2014-09-17,138.983,140.9383,138.983,140.3381,652657
2014-09-18,141.002,141.0474,139.6287,139.9561,547054
2014-09-19,140.7473,141.9933,140.0561,141.7113,1100212
2014-09-22,141.1838,141.1838,139.2831,139.7014,979595
2014-09-23,138.8556,139.6287,138.4191,138.6828,598945
2014-09-24,138.6919,140.3199,137.0004,139.8924,1042580
2014-09-25,139.2103,139.8379,136.6729,136.9003,686198
2014-09-26,136.8639,137.5858,136.0636,137.1368,452491
2014-09-29,136.0727,136.2,134.563,135.3997,811872
2014-09-30,135.336,135.7271,131.871,132.4622,1166678
2014-10-01,132.162,132.3076,128.2332,128.7334,1499409
2014-10-02,128.306,130.3431,127.8976,130.1067,1133498
2014-10-03,130.8979,131.5072,129.5064,130.1431,1225880
2014-10-06,131.3708,132.9533,130.6433,130.8615,729284
2014-10-07,130.3068,130.6023,128.7289,129.2154,1187293
2014-10-08,129.0244,131.0525,127.1873,130.8979,839903
2014-10-09,130.9798,131.5163,127.9786,128.4879,841595
2014-10-10,128.4879,129.8702,127.2965,127.8967,1230628
2014-10-13,128.8789,131.1253,127.6239,127.7057,1304585
2014-10-14,128.7698,133.6717,128.2605,132.1711,1512281
2014-10-15,128.7971,131.3253,127.3601,130.6705,1483713
2014-10-16,128.5515,134.1265,128.5515,132.5622,944566
2014-10-17,133.6627,137.2959,132.9124,136.4547,1240859
2014-10-20,136.9094,139.6378,136.9094,139.3377,1118250
2014-10-21,140.0561,141.3203,139.2103,141.2111,744933
2014-10-22,141.1657,142.9664,140.1653,140.4108,977876
2014-10-23,141.1202,144.176,141.0474,143.4211,822560
2014-10-24,143.6939,145.4947,142.8209,144.2578,911410
2014-10-27,143.3938,143.7849,140.9838,143.1483,1119360
2014-10-28,140.2926,155.5078,140.0379,152.8431,2893533
2014-10-29,150.6513,153.5433,150.6513,152.9977,1270766
2014-10-30,153.1796,155.7897,152.7066,155.1076,888960
2014-10-31,156.7628,157.9724,155.6988,156.4718,924470
2014-11-03,156.0262,157.5813,155.1713,156.972,787516
2014-11-04,156.8174,157.454,155.2349,157.0811,749721
2014-11-05,158.5363,158.6545,156.8356,157.1994,588806
2014-11-06,156.7446,159.0637,156.5991,159.0092,552243
2014-11-07,158.6363,160.628,158.6363,159.8913,722763
2014-11-10,159.8913,159.9077,157.7905,158.0542,891791
2014-11-11,158.509,161.1373,158.3544,159.1547,782273
2014-11-12,158.4453,160.2915,158.1452,159.3457,656903
2014-11-13,159.5912,161.1646,158.6727,159.3457,501685
2014-11-14,159.0001,159.7458,156.5673,157.5813,936415
2014-11-17,157.6632,161.1555,157.354,159.6549,784040
2014-11-18,159.6731,161.8285,159.6731,161.1737,792575
2014-11-19,161.1371,164.352,160.4978,164.2972,1086482
2014-11-20,162.8907,166.5349,162.7354,166.2791,920970
2014-11-21,168.5076,169.2748,167.2838,167.7496,983724
2014-11-24,167.9414,169.22,166.681,168.7451,1214642
2014-11-25,168.8364,169.494,167.8957,168.6081,864605
2014-11-26,168.599,168.9095,166.7723,167.6308,593418
2014-11-28,168.2702,170.4621,167.6126,170.0329,353325
2014-12-01,170.1242,170.6448,168.4072,169.3753,630641
2014-12-02,169.1378,169.695,167.7587,168.7999,655288
2014-12-03,169.1926,173.0377,168.9826,172.992,709987
2014-12-04,172.6267,173.7318,171.2293,171.9417,565770
2014-12-05,171.7134,173.4122,170.9142,172.4623,582619
2014-12-08,172.3253,172.6176,169.6721,170.4165,524153
2014-12-09,168.3798,171.4303,167.8911,171.1837,527701
2014-12-10,170.1973,171.8139,167.2929,167.3751,909318
2014-12-11,167.9048,170.3891,167.5943,168.4711,483510
2014-12-12,167.9779,169.5123,164.8087,164.9822,1120796
2014-12-15,166.1147,168.8638,165.0644,167.4664,1208864
2014-12-16,163.5392,165.3475,158.936,159.3105,2476523
2014-12-17,159.3105,173.2706,157.8675,172.5536,3201058
2014-12-18,175.0287,175.7594,172.0239,174.0058,1537608
2014-12-19,174.9009,176.9832,171.6951,173.2843,1678100
2014-12-22,172.9738,174.225,171.0832,173.7958,668993
2014-12-23,174.5447,175.5219,173.878,174.563,687851
2014-12-24,175.5037,175.5767,174.4899,174.5812,254447
2014-12-26,175.7777,177.6043,175.321,175.7685,462090
2014-12-29,174.8917,177.2116,174.5721,176.2983,640339
2014-12-30,176.1704,178.0884,175.8416,176.8736,725639
2014-12-31,177.9879,179.6593,176.6636,176.9467,508768
2015-01-02,177.3394,179.1387,174.6817,176.28,505517
2015-01-05,174.7456,175.6315,172.1609,172.645,733536
2015-01-06,173.54,173.9876,170.0055,171.2202,826781
2015-01-07,172.9738,176.0973,171.9783,175.2479,605309
2015-01-08,176.7001,180.2621,175.6041,179.7689,882872
2015-01-09,180.2438,182.591,179.2711,180.1342,881379
2015-01-12,180.7918,183.066,178.335,181.7142,872725
2015-01-13,183.6505,187.3768,177.924,180.2621,1186534
2015-01-14,178.271,183.3308,177.9148,181.5225,1110714
2015-01-15,181.5864,183.3217,178.2162,178.5359,901102
2015-01-16,177.8874,183.0751,177.5038,182.8194,612498
2015-01-20,183.9428,184.1509,179.2757,180.7279,726927
2015-01-21,180.5635,181.8512,179.6227,180.5269,875188
2015-01-22,182.3992,183.4313,181.0567,182.3992,945635
2015-01-23,182.865,184.4633,182.0339,183.5044,380633
2015-01-26,183.203,186.0982,182.4906,185.468,451290
2015-01-27,183.1116,185.6233,182.4814,184.372,471168
2015-01-28,186.5548,189.1943,183.6459,183.9519,1154012
2015-01-29,183.5957,186.4452,182.2074,186.2717,1010862
2015-01-30,186.1073,186.1073,181.5681,181.8238,804363
2015-02-02,182.1709,184.7008,179.9241,183.687,1282488
2015-02-03,184.6551,185.3219,181.0201,183.6322,1185578
2015-02-04,189.2309,198.291,188.1988,196.2543,2154341
2015-02-05,196.5922,196.8205,192.2905,193.0212,1158697
2015-02-06,193.2312,194.6286,191.3406,192.8385,840023
2015-02-09,191.9069,192.8385,187.9659,188.4089,1081007
2015-02-10,189.9433,191.0941,187.5321,190.0437,805594
2015-02-11,190.2447,191.5598,188.6098,189.7697,598266
2015-02-12,191.0575,195.3501,189.7606,194.5829,1104462
2015-02-13,193.5418,195.7474,193.5418,194.7473,488446
2015-02-17,193.9071,196.5466,193.697,195.0031,703048
2015-02-18,193.5874,195.3657,193.5527,194.1263,745330
2015-02-19,194.1171,194.9117,192.0348,193.9253,810930
2015-02-20,192.939,195.2588,192.665,194.7839,807940
2015-02-23,194.656,195.6707,193.6331,194.7199,607769
2015-02-24,195.2771,196.8662,194.2633,195.7246,676312
2015-02-25,194.3773,197.6585,194.3407,196.2745,798226
2015-02-26,195.633,196.4579,193.5066,195.0372,762097
2015-02-27,195.468,196.1004,193.6203,194.2582,612356
2015-03-02,194.2674,198.8867,194.2674,197.0536,732621
2015-03-03,196.7511,197.5847,194.3407,196.5678,541063
2015-03-04,196.3204,196.3204,193.0759,193.8366,726663
2015-03-05,194.8814,195.5047,192.2327,193.2225,741233
2015-03-06,192.9292,193.2225,185.2304,186.4402,1180921
2015-03-09,186.541,189.0706,185.2121,188.5299,922899
2015-03-10,187.3292,187.6042,184.0985,185.6428,729031
2015-03-11,186.1927,186.4402,178.8376,180.2536,1315039
2015-03-12,180.4553,183.7364,180.052,182.8566,650661
2015-03-13,181.6926,183.4432,179.0438,181.1243,865319
2015-03-16,181.5001,183.2323,180.7211,182.105,600788
2015-03-17,181.9675,181.9675,179.4013,180.4919,768354
2015-03-18,179.2913,183.0581,175.1027,182.3158,1423040
2015-03-19,181.2893,182.5908,177.5774,177.9348,1104851
2015-03-20,178.7597,181.8209,178.1914,181.4268,1023000
2015-03-23,180.5561,183.4706,180.1803,180.7027,823115
2015-03-24,179.997,184.5063,179.997,181.7109,902754
2015-03-25,181.2068,182.5541,177.7423,177.889,662549
2015-03-26,176.7708,180.7761,176.7067,179.6854,1048736
2015-03-27,179.1813,181.995,178.3908,181.9309,542834
2015-03-30,182.4625,185.2029,182.4533,184.2589,686437
2015-03-31,183.7823,187.5584,183.3148,185.1937,1008198
2015-04-01,185.0379,185.597,182.2975,184.5796,935563
2015-04-02,183.3057,184.8363,182.6274,183.654,821889
2015-04-06,183.0765,185.5237,182.5065,184.2405,588615
2015-04-07,184.2222,185.2212,181.1702,181.2252,656151
2015-04-08,177.3666,180.8127,174.3512,179.7679,1985557
2015-04-09,179.8962,180.6386,177.1099,179.7862,1002266
2015-04-10,180.996,181.3076,179.1171,179.3371,605736
2015-04-13,179.4471,179.4471,176.3401,177.7515,809853
2015-04-14,177.2841,180.4828,176.0101,179.4654,633596
2015-04-15,180.1253,180.5561,177.7515,178.6772,778501
2015-04-16,177.7057,177.7882,175.2494,175.3777,861470
2015-04-17,173.9021,175.5793,173.233,173.7738,931293
2015-04-20,175.286,178.6589,175.1486,178.5856,1105473
2015-04-21,180.0153,180.107,177.4857,177.779,977628
2015-04-22,177.4766,178.0906,175.4877,175.7626,933821
2015-04-23,175.2769,176.143,174.0258,174.9836,1207567
2015-04-24,178.2648,180.7211,176.9908,180.0887,1162984
2015-04-27,180.2536,183.4702,180.2536,181.3168,1975843
2015-04-28,167.3031,171.8491,164.1686,168.3663,4734575
2015-04-29,167.6697,167.9447,162.4455,164.0861,1636785
2015-04-30,164.691,165.5159,160.1633,160.9424,1691272
2015-05-01,161.1898,165.3188,160.7499,164.3427,1245849
2015-05-04,164.4252,166.0566,163.8518,165.1126,1037741
2015-05-05,165.2226,166.4232,164.5627,164.6085,930012
2015-05-06,164.8101,165.6625,163.0321,163.9119,841053
2015-05-07,164.5535,167.5597,164.2052,167.2848,955872
2015-05-08,169.4844,172.7473,168.6595,170.1535,1214294
2015-05-11,170.291,173.1689,169.5761,171.3725,1557041
2015-05-12,171.2992,172.1332,169.6402,170.8867,939576
2015-05-13,171.209,173.401,170.5367,172.83,1046049
2015-05-14,174.0733,175.2061,173.226,174.3404,934097
2015-05-15,174.0641,174.4232,170.394,172.9865,1225867
2015-05-18,172.8115,174.3863,172.2129,173.797,660192
2015-05-19,174.7548,175.8415,173.0694,175.0127,1000302
2015-05-20,174.8469,175.0218,173.0142,174.1562,772564
2015-05-21,172.9313,177.3059,172.7839,176.873,1014485
2015-05-22,176.8822,177.7664,176.6796,176.8362,894280
2015-05-26,176.3665,177.7019,172.9865,173.4286,656186
2015-05-27,173.447,173.9167,170.5644,172.7379,962681
2015-05-28,172.6918,173.5023,171.6143,172.701,577895
2015-05-29,172.4432,173.4654,169.4868,169.6894,875798
2015-06-01,170.0486,173.3779,168.7869,172.1853,903475
2015-06-02,171.4209,174.041,170.896,173.3549,771111
2015-06-03,173.4286,174.4877,172.0287,174.2943,717068
2015-06-04,173.0142,174.1377,172.5168,173.1339,707683
2015-06-05,172.6734,173.4654,171.117,172.9313,485812
2015-06-08,173.0142,173.9812,170.6012,170.7486,639904
2015-06-09,170.9696,170.9696,168.2804,168.529,1138758
2015-06-10,169.5881,171.6926,168.9453,171.2827,828615
2015-06-11,172.084,174.5246,171.5047,171.9735,674708
2015-06-12,170.8222,172.2866,170.1683,171.2919,482547
2015-06-15,170.196,170.6657,168.5382,169.4684,628238
2015-06-16,168.9527,170.6473,168.2343,169.3579,644104
2015-06-17,169.45,171.1998,168.8532,170.8867,465402
2015-06-18,171.2643,173.5115,171.1906,172.4524,543110
2015-06-19,173.3089,174.5982,172.4432,172.7471,1032307
2015-06-22,173.097,173.1523,169.496,170.3157,800282
2015-06-23,170.6104,172.3879,169.9842,170.6196,497942
2015-06-24,170.4999,171.9735,168.1514,168.2804,900854
2015-06-25,169.1461,169.1461,164.1083,164.182,1298554
2015-06-26,164.753,165.7569,162.9387,163.7584,1033932
2015-06-29,162.8927,164.3202,159.8055,160.0376,746467
2015-06-30,161.3178,161.723,159.1903,159.3745,845322
2015-07-01,161.0507,161.1702,156.013,157.4865,1611991
2015-07-02,157.4773,157.4773,154.8986,156.3169,1283539
2015-07-06,156.0222,157.7076,154.5302,155.4051,1329969
2015-07-07,155.7827,157.8826,153.4711,157.6984,1419964
2015-07-08,156.3353,159.043,155.9485,157.2471,1263290
2015-07-09,159.1167,159.1167,156.6484,157.0445,730716
2015-07-10,158.6654,160.9908,157.7444,160.6363,901687
2015-07-13,161.6585,162.469,160.6178,161.502,651707
2015-07-14,161.502,162.8006,161.1612,161.7967,566565
2015-07-15,161.0047,161.3823,158.5457,159.789,1056006
2015-07-16,160.7652,161.0968,156.4919,156.5656,942795
2015-07-17,156.7405,158.308,154.7144,155.3867,956264
2015-07-20,155.1565,155.5433,146.6283,150.2477,3575337
2015-07-21,150.2477,153.4435,149.6398,153.0751,1631706
2015-07-22,159.789,166.466,159.3101,164.2649,3137127
2015-07-23,162.9755,166.2358,162.37,165.2503,1940749
2015-07-24,165.6832,165.9227,161.9348,162.1835,1299907
2015-07-27,160.8389,161.1244,157.3852,158.2602,1391481
2015-07-28,159.7061,162.9295,159.4114,162.7545,964313
2015-07-29,163.0216,165.4714,162.1098,164.6241,619806
2015-07-30,164.182,165.6823,162.6072,164.0439,557734
2015-07-31,164.6241,165.1122,163.2795,163.6847,477493
2015-08-03,163.6294,164.2189,161.0507,162.0638,568109
2015-08-04,162.073,162.3309,160.5718,161.0599,741656
2015-08-05,161.8796,162.4322,159.2456,160.1021,917925
2015-08-06,160.7376,161.3915,156.3169,157.0445,898084
2015-08-07,157.3484,158.343,156.1972,156.9432,659985
2015-08-10,158.4536,162.1743,157.4884,161.0415,652488
2015-08-11,159.7798,160.2495,157.0997,157.9194,674909
2015-08-12,156.6024,159.264,155.3361,159.1351,857944
2015-08-13,159.1443,162.2296,159.1443,160.7744,910572
2015-08-14,160.7284,163.6202,160.4705,163.215,713702
2015-08-17,162.1098,165.1122,161.4467,164.3846,603251
2015-08-18,164.3846,168.8468,163.5281,168.4922,1414386
2015-08-19,168.2251,172.0563,166.2588,169.9934,1398358
2015-08-20,168.2896,171.0433,167.4423,168.6303,1063601
2015-08-21,167.2489,168.0777,162.5611,163.565,1502980
2015-08-24,154.7236,159.835,150.395,154.4381,1920550
2015-08-25,159.4666,160.1113,153.2961,153.3053,1195468
2015-08-26,156.5185,157.0833,150.87,155.6481,1254066
2015-08-27,157.2778,162.3152,155.8888,158.0186,1470721
2015-08-28,158.0371,158.3427,155.0092,156.0185,1150944
2015-08-31,156.3148,158.2963,154.6758,155.6574,701294
2015-09-01,152.4257,154.7869,147.4995,148.3421,1446136
2015-09-02,150.407,153.9535,149.1292,153.9443,1132403
2015-09-03,154.824,156.0222,152.5554,153.1016,995856
2015-09-04,151.6571,153.0276,150.4719,151.7405,557537
2015-09-08,154.1295,154.8054,152.5599,153.4072,851198
2015-09-09,155.1851,156.0185,152.4905,152.8516,903277
2015-09-10,152.6109,152.759,148.4254,150.1292,968018
2015-09-11,149.6848,151.4997,149.3422,150.9719,683817
2015-09-14,150.6478,151.4627,148.8792,149.5922,459076
2015-09-15,151.9534,156.2685,151.4441,155.0647,969324
2015-09-16,155.7777,155.8796,152.7238,155.6388,696500
2015-09-17,155.6574,158.6066,154.7499,155.9907,740406
2015-09-18,153.861,155.5833,151.2682,151.9534,1050089
2015-09-21,152.7405,153.0405,149.3422,150.62,668472
2015-09-22,149.1014,149.6385,144.7123,146.2401,1108402
2015-09-23,146.3698,147.8791,145.0549,146.2401,707496
2015-09-24,145.2864,145.7771,142.0547,144.8975,1057216
2015-09-25,146.5827,147.018,142.351,143.4807,735755
2015-09-28,141.7491,142.2677,136.1006,136.2951,1159622
2015-09-29,135.6654,137.1748,133.1097,134.6931,1081535
2015-09-30,135.6469,136.8136,133.1375,136.3599,926041
2015-10-01,136.3136,137.6748,134.5172,137.1285,973125
2015-10-02,135.6376,137.823,133.7764,137.6007,901942
2015-10-05,138.8786,145.0456,138.8786,144.5548,1439901
2015-10-06,143.4529,144.7215,140.3416,142.8233,991025
2015-10-07,143.4992,147.3235,142.8696,146.0272,740490
2015-10-08,145.4623,149.0644,145.0456,148.3699,508116
2015-10-09,147.9995,149.0459,145.203,146.9068,648912
2015-10-12,147.2124,147.3883,145.8049,147.1105,254151
2015-10-13,145.379,147.1568,143.6011,143.7307,949970
2015-10-14,143.7863,144.4734,139.0453,140.2953,868236
2015-10-15,140.5176,143.277,138.1471,143.2029,955123
2015-10-16,144.1845,145.6753,141.7173,145.166,845056
2015-10-19,144.74,145.0919,142.7584,144.703,712619
2015-10-20,144.3789,145.0452,141.8139,144.0456,808714
2015-10-21,144.9808,146.7679,141.1565,141.5454,933139
2015-10-22,141.9158,148.6384,141.5547,147.981,1626410
2015-10-23,153.8702,155.2499,130.1003,135.1006,6520089
2015-10-26,136.7581,140.6287,135.4988,139.0545,2037573
2015-10-27,138.8045,143.1103,137.0822,142.314,1479846
2015-10-28,142.4158,146.3883,142.064,146.1568,1629075
2015-10-29,145.6845,150.9626,144.7863,150.6571,2076198
2015-10-30,150.4626,152.685,148.2402,148.2865,1604366
2015-11-02,149.0273,150.0274,147.6476,149.2681,943877
2015-11-03,149.2866,149.9626,146.9809,148.981,759385
2015-11-04,149.0273,149.5663,146.9994,149.0736,714900
2015-11-05,149.1014,149.5274,145.1123,146.9161,1027717
2015-11-06,146.3049,146.8605,141.0732,144.8697,1239096
2015-11-09,143.8326,145.3697,142.1843,143.99,698003
2015-11-10,143.5733,145.4067,141.8973,145.2401,478920
2015-11-11,145.0271,147.5504,144.4993,147.1568,649304
2015-11-12,145.5271,145.5271,143.6196,143.99,800809
2015-11-13,142.9992,144.4808,139.2721,139.8879,803102
2015-11-16,140.0916,143.615,139.3045,143.2492,1043950
2015-11-17,145.2216,149.157,144.6104,145.629,935027
2015-11-18,146.4765,147.7617,144.8281,147.1936,754392
2015-11-19,147.8456,149.0935,147.2309,148.7489,635182
2015-11-20,149.3729,151.2914,148.2779,151.1238,843938
2015-11-23,153.7407,155.4357,152.3903,153.182,1044554
2015-11-24,152.1575,154.2902,151.8595,153.3775,665658
2015-11-25,153.5638,155.8828,152.7815,155.3612,592335
2015-11-27,155.0632,156.1994,154.1505,154.8676,305371
2015-11-30,155.0539,155.8828,151.0958,151.3566,731690
2015-12-01,152.409,153.303,150.3601,152.0458,659421
2015-12-02,152.5487,152.7815,149.5592,150.3228,753422
2015-12-03,151.0679,151.0679,144.3624,146.7839,916992
2015-12-04,146.8956,149.941,146.6255,149.1866,1005732
2015-12-07,148.5254,149.2053,144.3904,147.0167,877073
2015-12-08,145.7501,148.4788,145.7501,146.8304,758398
2015-12-09,145.2286,145.5359,137.3683,138.0668,1777034
2015-12-10,138.5324,140.1064,136.6791,138.9236,991422
2015-12-11,136.6605,138.3834,135.8177,136.0645,1012720
2015-12-14,136.5394,137.7688,132.9818,134.1367,990676
2015-12-15,135.1332,136.8002,133.9783,135.0773,824075
2015-12-16,136.6512,143.0772,135.9807,142.5836,1462462
2015-12-17,142.8165,143.7478,136.8747,136.9306,810969
2015-12-18,136.0552,136.6698,132.4137,132.4976,1805299
2015-12-21,133.1681,136.6139,133.1681,136.5115,941113
2015-12-22,136.9772,137.2007,133.2054,136.8468,958383
2015-12-23,137.8898,139.9574,136.6791,139.827,681455
2015-12-24,139.7338,140.3671,138.6535,139.2961,313945
2015-12-28,138.8212,139.4824,136.3904,138.7466,601269
2015-12-29,139.7525,140.1899,137.3311,139.8456,643397
2015-12-30,139.1099,139.8642,137.3637,138.3648,444743
2015-12-31,137.9457,138.5324,136.763,136.7816,379282
2016-01-04,134.4812,138.0109,132.8049,137.9178,1097733
2016-01-05,138.4393,139.3799,134.7048,134.9469,984094
2016-01-06,132.9818,134.5464,130.756,131.5011,892434
2016-01-07,128.7816,131.0075,128.0831,128.1949,1275151
2016-01-08,129.5639,130.2624,125.9691,126.2485,815308
2016-01-11,127.1146,128.0086,123.3521,125.1775,937135
2016-01-12,126.4347,126.9842,122.3556,125.0843,801037
2016-01-13,125.5593,126.472,120.7724,121.0331,1157865
2016-01-14,122.0389,125.7921,120.9772,124.8236,1223002
2016-01-15,121.0424,121.7409,117.0564,119.8038,1461338
2016-01-19,121.0704,122.4673,117.1496,118.472,1373931
2016-01-20,116.4045,122.9796,115.11,121.6571,1627827
2016-01-21,122.5884,127.3381,122.4487,124.2089,1218397
2016-01-22,126.6303,128.018,121.9924,124.4045,1581169
2016-01-25,123.6222,125.3032,122.0483,124.0692,1268421
2016-01-26,124.5721,127.2915,123.8084,125.0284,1071094
2016-01-27,124.1158,125.9877,122.3183,123.2776,1312784
2016-01-28,124.7956,126.7234,122.4953,122.9516,1945366
2016-01-29,125.4196,129.4987,122.9702,125.1588,2871768
2016-02-01,125.2799,128.7351,123.1751,126.1181,1975432
2016-02-02,125.2613,125.5872,122.7188,123.1099,1433083
2016-02-03,124.6466,125.8387,122.5232,125.8014,1311171
2016-02-04,127.4592,131.3893,127.3288,130.1972,1416814
2016-02-05,130.1134,131.7898,127.6827,128.3532,898906
2016-02-08,127.3381,127.6641,123.678,125.9504,1119593
2016-02-09,124.181,128.5954,124.181,127.6268,1185772
2016-02-10,128.7257,128.9679,125.0658,125.1309,796773
2016-02-11,122.4208,123.9295,119.4266,120.8282,1182926
2016-02-12,122.7467,123.6548,121.3311,123.1099,1128467
2016-02-16,124.7956,126.621,122.3183,126.146,1382465
2016-02-17,127.217,130.1507,126.9097,129.3125,905977
2016-02-18,129.359,131.0168,128.0273,130.8305,841859
2016-02-19,129.7222,133.6431,129.7222,133.0936,1255233
2016-02-22,135.1425,138.6163,134.8538,138.0295,1247710
2016-02-23,137.834,140.5729,137.2379,139.827,1217756
2016-02-24,138.8712,142.0568,136.9787,141.7382,1129173
2016-02-25,142.3379,142.989,139.5271,142.291,1123790
2016-02-26,142.5253,145.9263,142.3004,144.802,924401
2016-02-29,144.7645,147.8376,144.1743,145.5234,1153168
2016-03-01,146.6196,148.0953,145.5234,147.5847,685118
2016-03-02,147.3785,148.9713,147.1256,148.8027,748942
2016-03-03,148.9432,149.0088,145.9732,148.0812,1013116
2016-03-04,148.6715,151.9461,147.3036,150.9951,1106743
2016-03-07,150.3767,151.2574,148.5122,149.1119,1048194
2016-03-08,148.4935,149.7021,146.0668,148.5497,946116
2016-03-09,148.6434,149.7021,147.0319,148.5778,718000
2016-03-10,149.5054,150.6578,146.7414,148.3436,879440
2016-03-11,150.2643,155.3799,150.1331,154.3118,1373831
2016-03-14,153.328,157.1226,152.719,155.5673,963940
2016-03-15,155.9514,159.7928,154.8833,158.1907,1545553
2016-03-16,156.5136,163.9621,155.5673,163.2313,1387955
2016-03-17,162.8753,166.7635,162.1445,165.5081,1053042
2016-03-18,166.0046,168.3188,165.5549,166.7073,1640752
2016-03-21,166.979,168.2158,165.1801,166.267,740125
2016-03-22,166.014,166.9228,164.2432,165.9953,734940
2016-03-23,165.5549,165.8828,163.8029,163.9715,673752
2016-03-24,163.0252,164.1683,161.3575,164.0465,809592
2016-03-28,164.5524,166.8385,164.44,165.8266,578427
2016-03-29,165.3769,166.5899,162.8003,166.1077,875390
2016-03-30,167.3351,167.5974,165.5549,166.1639,961490
2016-03-31,165.836,169.1996,165.4331,168.9653,1198232
2016-04-01,168.7592,172.1527,167.8925,171.748,1567863
2016-04-04,172.3383,173.041,170.5862,171.4388,1010719
2016-04-05,170.3332,172.5443,168.6749,169.7336,858399
2016-04-06,170.2021,171.8417,169.4244,170.8485,682663
2016-04-07,170.0615,170.9985,167.2367,169.059,912498
2016-04-08,170.7455,171.9916,169.832,171.0734,600524
2016-04-11,170.7455,173.8561,170.352,171.9448,700678
2016-04-12,172.1228,174.259,171.0734,173.4907,503739
2016-04-13,174.2215,175.8611,173.6219,175.5144,677866
2016-04-14,175.6362,175.7487,172.0291,174.3901,858420
2016-04-15,174.6056,175.6362,173.3033,174.6431,794342
2016-04-18,174.8305,178.6531,174.7462,178.016,896807
2016-04-19,180.1429,181.3796,175.2521,178.1566,1137100
2016-04-20,178.447,179.9274,176.1984,176.5732,1031747
2016-04-21,176.9573,177.7092,175.402,175.6269,612925
2016-04-22,175.6269,176.1516,174.5307,175.4957,878948
2016-04-25,175.5051,176.6106,173.4438,174.3058,1002450
2016-04-26,163.7748,168.3095,160.4018,168.1127,3337431
2016-04-27,168.806,170.5206,164.7679,167.0071,1311593
2016-04-28,165.658,167.3726,163.1095,163.756,852845
2016-04-29,163.756,164.2292,162.1632,163.1564,883185
2016-05-02,163.9621,166.801,163.4094,165.658,920823
2016-05-03,164.0839,166.9697,163.1095,165.7329,992156
2016-05-04,164.3744,166.8291,163.0346,164.1308,960692
2016-05-05,164.2526,166.4263,164.023,165.1708,729539
2016-05-06,164.0277,166.2763,163.7935,165.5549,564516
2016-05-09,165.3675,166.2295,163.0346,164.0465,732829
2016-05-10,165.2364,167.0727,164.1964,166.0983,726823
2016-05-11,165.1146,165.6857,161.1607,161.498,745856
2016-05-12,161.676,163.1845,158.6498,160.7204,796911
2016-05-13,160.8609,161.9852,157.7035,158.0782,789936
2016-05-16,157.9283,158.2094,154.6491,157.0101,1760818
2016-05-17,156.5979,160.4768,156.1482,159.0433,1172953
2016-05-18,158.5532,160.2685,156.4797,157.3751,786135
2016-05-19,156.4326,158.2233,155.1226,158.0254,819810
2016-05-20,158.8454,159.5334,156.9604,158.4307,888890
2016-05-23,158.3176,159.3051,157.0303,157.2714,538400
2016-05-24,158.3176,165.094,158.3176,164.2269,1545751
2016-05-25,164.5191,166.3098,163.6049,164.3589,691936
2016-05-26,163.8593,165.1317,161.6916,162.3419,628226
2016-05-27,162.3702,165.3013,162.3702,164.5662,503920
2016-05-31,164.7547,164.8725,163.2185,164.5756,772632
2016-06-01,163.3881,165.3013,162.3796,165.1505,500159
2016-06-02,165.1411,165.6877,163.2844,164.962,526385
2016-06-03,163.7651,164.6887,162.2948,163.8122,608430
2016-06-06,163.897,165.8291,162.8132,164.7735,499315
2016-06-07,164.5662,169.0335,164.2835,167.6952,857109
2016-06-08,168.0628,170.7677,167.5916,170.6923,837990
2016-06-09,169.9006,170.1739,167.667,169.354,559041
2016-06-10,168.2607,168.4209,166.3852,167.3088,566408
2016-06-13,166.9695,167.78,164.7735,164.9432,839060
2016-06-14,164.3494,165.16,162.521,164.8018,711660
2016-06-15,165.5558,168.2513,164.2269,166.159,1047620
2016-06-16,165.6312,165.6312,162.5964,164.3966,923687
2016-06-17,164.5096,166.2814,163.9065,165.5369,956928
2016-06-20,167.158,170.042,167.158,167.5067,720792
2016-06-21,168.2419,168.8733,166.2061,166.9884,642687
2016-06-22,167.6952,169.3917,167.1392,167.9497,480230
2016-06-23,170.0043,170.5981,167.2523,168.5152,695881
2016-06-24,160.9754,161.0602,151.7108,153.2188,2818465
2016-06-27,151.2678,151.2678,143.4358,145.5753,1824974
2016-06-28,149.9766,152.314,149.3169,151.7768,1718488
2016-06-29,153.6711,156.2064,152.87,154.4628,926848
2016-06-30,154.444,157.0546,152.5025,157.0546,876231
2016-07-01,157.3939,159.6747,156.8002,157.6484,717383
2016-07-05,156.6965,157.328,152.6533,154.5288,629896
2016-07-06,154.0199,157.0169,153.3413,156.8473,846156
2016-07-07,157.2808,159.0433,156.0839,158.2233,488031
2016-07-08,160.1083,162.7284,158.8454,161.522,721318
2016-07-11,161.9461,163.3212,160.5041,162.7849,673059
2016-07-12,164.6981,164.7735,162.5493,163.7274,554374
2016-07-13,164.3683,164.6227,161.767,163.7934,469969
2016-07-14,165.028,166.7245,164.0196,164.1704,596378
2016-07-15,164.9243,166.5784,164.2175,165.4144,688123
2016-07-18,165.848,171.2201,164.9055,167.78,1309943
2016-07-19,167.5067,170.5321,167.5067,169.0335,531829
2016-07-20,168.5435,175.301,168.1193,173.1051,1557686
2016-07-21,173.171,174.0098,171.3897,172.2097,1261735
2016-07-22,176.2435,177.4405,171.3114,176.8184,1331823
2016-07-25,175.2256,179.4197,174.4151,179.316,1120542
2016-07-26,179.2594,179.6129,177.2614,179.0521,1105716
2016-07-27,178.3452,180.6678,178.2604,179.6553,1044821
2016-07-28,179.6553,181.9219,178.5432,181.314,936514
2016-07-29,181.8041,182.4544,180.2867,181.2952,962250
2016-08-01,181.2952,182.9351,180.7014,181.0784,826807
2016-08-02,180.6449,181.3565,178.1096,178.4866,647165
2016-08-03,178.119,178.317,176.3472,177.0258,754769
2016-08-04,177.5064,178.9201,176.5828,178.3264,631072
2016-08-05,179.0709,180.4988,177.1766,178.6563,633888
2016-08-08,179.6836,179.6836,177.8174,178.6563,391495
2016-08-09,178.9955,178.9955,177.497,178.3547,449744
2016-08-10,178.9013,178.9013,175.3105,176.0362,752117
2016-08-11,176.8184,178.2981,175.9608,176.3566,637397
2016-08-12,175.3576,176.3943,174.368,175.2728,620028
2016-08-15,175.6497,175.8854,173.6046,174.2266,1169838
2016-08-16,173.1428,174.1795,172.1437,172.4924,902489
2016-08-17,172.5584,173.3548,170.5132,171.6536,901898
2016-08-18,171.9364,174.4669,170.6923,173.9627,650901
2016-08-19,173.4255,174.4057,171.5877,172.3511,773846
2016-08-22,172.3699,173.6234,171.2578,173.1899,426183
2016-08-23,174.4999,176.366,174.1889,175.5272,666222
2016-08-24,175.205,175.5271,171.1778,172.0496,754619
2016-08-25,171.7843,172.3149,170.126,171.1115,711526
2016-08-26,171.5948,172.5992,170.1829,171.5284,892454
2016-08-29,171.5095,173.054,171.5095,171.8316,490978
2016-08-30,171.6895,172.3339,169.2827,169.8512,472103
2016-08-31,169.6428,170.5713,168.1883,169.2732,685320
2016-09-01,169.2258,169.5196,167.0938,168.3351,630387
2016-09-02,169.548,170.0786,167.8613,168.6478,430677
2016-09-06,169.3869,169.6049,167.8234,169.2448,463815
2016-09-07,169.2448,172.874,168.7615,172.6939,1106036
2016-09-08,171.9453,172.3907,165.4735,165.6346,1250157
2016-09-09,162.9814,163.4836,157.2012,157.9782,2026409
2016-09-12,156.1115,161.56,156.0357,161.0104,1021820
2016-09-13,159.428,160.4703,157.1823,157.9782,759115
2016-09-14,157.7887,158.8121,155.2777,155.7135,1058614
2016-09-15,155.5146,156.6043,154.4628,156.4432,731199
2016-09-16,155.7988,155.98,152.4065,154.2164,1342984
2016-09-19,154.5101,156.4716,152.9751,153.3446,949132
2016-09-20,153.989,154.3159,151.1842,152.0275,751967
2016-09-21,152.0654,154.6049,151.9043,154.1595,993967
2016-09-22,155.8272,156.4811,154.8892,155.7325,661233
2016-09-23,155.0597,155.3819,153.3352,153.6668,635116
2016-09-26,153.1551,153.3446,151.3832,152.1886,569722
2016-09-27,152.4823,154.908,152.416,154.2732,612927
2016-09-28,154.0932,154.5575,151.3547,153.7805,865714
2016-09-29,153.1267,154.7944,151.4874,151.9422,588479
2016-09-30,152.2455,154.5101,152.0559,153.6573,628249
2016-10-03,153.3541,155.0312,152.615,153.572,494478
2016-10-04,153.6952,154.9839,152.8472,153.7616,574524
2016-10-05,154.3017,156.3958,154.3017,155.4956,575149
2016-10-06,155.2208,158.2341,154.9271,157.5423,753912
2016-10-07,157.8171,158.2104,154.0932,154.9176,588357
2016-10-10,155.8936,156.5664,152.8803,153.0888,596754
2016-10-11,153.212,153.2972,150.7862,152.5866,961700
2016-10-12,153.1077,153.1077,151.7527,152.3971,564732
2016-10-13,151.0041,152.9372,150.3124,152.3497,623586
2016-10-14,153.8468,155.0881,152.0844,152.3213,543090
2016-10-17,150.5304,157.3718,150.4072,154.4628,1448127
2016-10-18,155.6377,155.6377,152.2455,153.7805,1106144
2016-10-19,154.2259,158.471,153.681,157.7413,1039437
2016-10-20,157.0875,158.4899,155.6756,157.3623,700282
2016-10-21,156.2347,158.5752,154.8607,158.4141,892556
2016-10-24,159.03,163.0288,159.03,161.5221,1416533
2016-10-25,148.2846,151.4116,140.7515,144.1153,5778883
2016-10-26,144.0111,145.3377,141.1684,141.6801,1826742
2016-10-27,141.917,142.1302,138.2594,139.946,1518407
2016-10-28,140.9599,144.7881,140.543,142.9119,1365882
2016-10-31,143.7363,143.7363,141.5759,141.9644,1263727
2016-11-01,142.3623,143.9353,141.6896,142.675,1210875
2016-11-02,142.5329,145.6504,141.699,142.8551,1146301
2016-11-03,143.8216,143.8216,142.4097,143.073,722779
2016-11-04,144.9587,146.3705,143.3004,144.7786,978290
2016-11-07,146.8727,147.8772,146.0578,146.8064,726568
2016-11-08,146.6832,150.5683,146.0863,149.6491,1030053
2016-11-09,148.7016,153.3067,146.2095,152.3118,1453861
2016-11-10,152.9561,157.1444,151.9801,156.3484,1410462
2016-11-11,156.0831,157.078,153.0793,154.4059,803058
2016-11-14,154.3585,156.879,153.5531,154.387,823581
2016-11-15,155.3345,156.8601,154.0458,156.6043,1130600
2016-11-16,156.2802,156.8236,153.239,154.5546,830478
2016-11-17,155.0218,156.814,154.0112,155.651,876126
2016-11-18,156.0704,156.4899,152.8577,153.5346,683514
2016-11-21,153.7538,155.4317,153.4106,155.2124,574275
2016-11-22,155.2506,156.6901,154.4498,156.3278,766657
2016-11-23,156.2897,157.653,154.5356,157.6053,630199
2016-11-25,157.8341,158.6826,157.5958,157.8818,173089
2016-11-28,157.3002,158.3587,154.7834,155.0408,568214
2016-11-29,155.8702,156.7759,153.7348,155.9465,537637
2016-11-30,156.2706,157.1572,153.5393,154.8597,578285
2016-12-01,154.3449,156.5471,153.7729,155.0218,557002
2016-12-02,155.7272,161.7142,155.3173,159.0544,1550222
2016-12-05,160.675,162.6484,160.227,162.0669,1029019
2016-12-06,162.534,163.2014,159.7932,161.4949,883248
2016-12-07,161.2184,166.6143,161.0564,165.6896,1005621
2016-12-08,165.8802,166.171,162.3815,164.2691,746017
2016-12-09,164.8411,166.0709,162.1813,165.6228,923172
2016-12-12,165.9851,172.4392,165.5275,167.9776,944778
2016-12-13,169.4553,171.7623,169.4202,169.8271,805844
2016-12-14,169.1025,171.9196,167.6153,167.7774,1437400
2016-12-15,167.3865,168.5876,165.108,165.6991,690561
2016-12-16,165.966,167.5772,165.1176,165.9565,865142
2016-12-19,166.519,168.0634,165.8135,166.4236,651612
2016-12-20,167.0052,169.7985,166.395,169.6269,731972
2016-12-21,170.094,174.2601,169.4267,172.5917,1074138
2016-12-22,172.5536,172.8015,170.871,172.5631,886031
2016-12-23,172.525,174.4031,171.3143,173.4593,561408
2016-12-27,173.6023,176.5957,173.3258,175.0799,725174
2016-12-28,175.8903,175.8903,173.6023,174.2887,850133
2016-12-29,173.7643,175.6233,173.5069,174.6414,599683
2016-12-30,175.2229,175.6901,172.4297,173.2877,467719
2017-01-03,174.8988,175.9475,173.1542,174.3935,655034
2017-01-04,175.2611,178.1592,174.4317,176.7673,633327
2017-01-05,176.7673,179.1602,175.4422,177.3012,883032
2017-01-06,177.7493,178.1783,176.0619,177.4156,632919
2017-01-09,177.6158,177.7493,173.0112,173.1351,756959
2017-01-10,173.6118,175.7759,172.8205,175.242,654170
2017-01-11,175.8712,176.3622,173.0112,174.5079,730077
2017-01-12,173.6213,175.814,171.3524,175.2801,695448
2017-01-13,175.9665,177.3012,175.2229,176.1477,690728
2017-01-17,176.1858,178.1497,175.528,176.7864,658917
2017-01-18,177.4061,177.6253,174.9274,177.3298,524888
2017-01-19,177.3203,177.9523,175.8331,176.5862,573569
2017-01-20,176.386,178.3213,175.5375,176.958,600108
2017-01-23,177.1296,178.6359,176.3669,178.2641,692922
2017-01-24,179.0553,181.9438,177.9018,180.104,1128873
2017-01-25,181.4959,183.0403,180.1898,181.3243,1327384
2017-01-26,171.6003,173.383,163.7257,165.823,4500266
2017-01-27,164.9174,165.6991,160.331,162.8772,2153053
2017-01-30,162.0288,166.824,161.3042,166.7478,1222285
2017-01-31,166.4808,166.948,165.0508,166.7287,775163
2017-02-01,167.4533,167.8251,165.6419,165.823,695341
2017-02-02,165.4894,165.8802,162.229,163.4969,921744
2017-02-03,164.3072,166.4046,163.7257,165.5084,551074
2017-02-06,164.9364,165.6514,163.4111,164.517,585450
2017-02-07,165.7182,167.4533,164.8697,165.3082,739846
2017-02-08,164.7839,166.09,163.1823,165.823,802805
2017-02-09,165.1938,167.0719,164.2596,165.947,528619
2017-02-10,166.233,167.2435,165.232,166.3378,644999
2017-02-13,166.4236,167.9657,166.4236,167.234,590453
2017-02-14,166.6048,167.7679,165.7182,166.7097,499430
2017-02-15,166.681,169.3981,166.5406,168.7879,715990
2017-02-16,168.9595,169.8747,167.6344,168.4447,604279
2017-02-17,168.2064,169.2265,167.4819,168.9214,408728
2017-02-21,166.967,172.5441,166.967,171.238,735171
2017-02-22,171.2857,172.6108,170.5897,172.4297,677416
2017-02-23,173.4974,173.9741,170.9234,172.2867,773247
2017-02-24,171.3047,172.239,169.7222,171.7528,712246
2017-02-27,171.8958,172.5536,170.3848,170.6469,860342
2017-02-28,170.6469,170.809,168.602,170.2561,600256
2017-03-01,170.7833,171.5694,170.2272,170.6778,969036
2017-03-02,170.8791,171.2914,169.9387,170.4573,430950
2017-03-03,170.6682,171.5982,169.4123,170.5436,424969
2017-03-06,169.1822,170.4285,168.0893,168.492,449310
2017-03-07,168.3386,169.5753,167.0252,168.1373,484160
2017-03-08,168.6262,169.4657,167.7346,168.77,723862
2017-03-09,168.492,169.8054,167.8976,169.1151,559919
2017-03-10,169.9875,172.2693,169.5082,170.4094,788623
2017-03-13,170.6491,172.135,169.3356,170.86,867988
2017-03-14,170.3231,171.857,169.9013,171.4064,426804
2017-03-15,171.7803,172.6719,169.4315,170.1409,937571
2017-03-16,169.6616,170.6202,164.9639,165.5583,1156255
2017-03-17,165.6926,165.8651,164.2162,165.5775,1191036
2017-03-20,165.4241,165.9514,164.7434,165.6638,606196
2017-03-21,166.728,166.8131,164.3312,164.9064,841387
2017-03-22,164.7722,165.2036,162.7781,163.2862,827055
2017-03-23,163.1136,165.0406,162.1166,163.1903,997960
2017-03-24,163.6026,164.5134,162.4042,162.9794,527792
2017-03-27,162.0207,163.2287,161.1962,162.8452,596781
2017-03-28,162.7877,163.4396,161.4167,162.8356,559415
2017-03-29,162.989,164.4462,162.5432,164.0148,378834
2017-03-30,163.708,164.6955,162.5097,163.1232,467541
2017-03-31,163.2575,164.6188,162.7398,164.2545,526916
2017-04-03,164.7339,165.0119,162.1645,163.6697,552305
2017-04-04,163.0657,163.8423,158.0038,158.7707,1188856
2017-04-05,158.7611,160.5347,158.1572,158.7611,1255399
2017-04-06,158.2434,162.1549,158.2434,160.2663,710532
2017-04-07,159.7965,160.6594,159.3843,160.1321,399667
2017-04-10,160.8319,162.2508,160.6114,160.6785,629817
2017-04-11,160.3718,161.4551,159.8613,161.3496,385964
2017-04-12,161.6948,162.8165,160.3622,161.3209,683532
2017-04-13,161.0429,163.152,160.5252,162.4426,712761
2017-04-17,162.6247,164.36,160.5827,161.9728,1273878
2017-04-18,161.666,162.0687,159.8061,161.1962,1023200
2017-04-19,161.7811,164.0148,161.7427,163.1136,911571
2017-04-20,163.3054,165.3954,162.874,164.5517,901635
2017-04-21,164.4079,164.7434,162.3942,164.4271,991112
2017-04-24,166.7759,169.5178,165.7549,167.5812,1550866
2017-04-25,170.3902,175.385,170.1505,173.4676,3659915
2017-04-26,174.0237,178.5967,173.4101,177.475,1597398
2017-04-27,177.36,178.9131,176.3533,178.1845,783712
2017-04-28,178.194,178.2611,176.267,178.0119,970456
2017-05-01,178.0023,179.4691,177.9352,178.2324,700380
2017-05-02,178.2228,180.5333,177.8489,179.9101,862093
2017-05-03,179.7088,181.4153,178.635,179.4212,897228
2017-05-04,179.7471,180.5093,176.1328,176.3342,998621
2017-05-05,176.2383,177.7243,175.9027,177.4942,568276
2017-05-08,177.8968,178.2985,175.9027,176.0945,578887
2017-05-09,176.0465,177.4271,175.8069,176.8806,597213
2017-05-10,176.7847,177.7051,175.9219,177.5996,566121
2017-05-11,177.5134,178.3954,175.3275,177.9831,449143
2017-05-12,177.4271,177.4558,175.2892,175.6247,597973
2017-05-15,176.43,180.9935,175.4905,180.0731,1377021
2017-05-16,180.5716,180.9647,177.3024,179.2199,636144
2017-05-17,178.3133,179.2873,175.613,175.7866,773494
2017-05-18,169.2289,172.4306,166.8083,170.8876,1382630
2017-05-19,171.3505,174.0218,170.3186,172.7006,793591
2017-05-22,173.665,175.2176,172.8308,173.7132,516671
2017-05-23,174.0604,174.6872,173.6361,174.3401,414588
2017-05-24,174.2629,174.5522,173.096,173.5686,457026
2017-05-25,173.5589,175.7866,172.662,173.9736,542650
2017-05-26,174.2822,174.3497,172.392,172.7488,578151
2017-05-30,172.961,177.3296,172.3727,176.6739,761864
2017-05-31,176.7028,179.2005,176.1724,178.9305,755910
2017-06-01,178.9594,182.0454,178.5833,181.1196,782664
2017-06-02,181.5054,184.1188,180.4253,183.1255,614356
2017-06-05,183.2316,188.0246,182.3251,185.0254,1164402
2017-06-06,184.9,185.9126,182.1226,182.1804,678232
2017-06-07,182.2094,183.2702,181.2257,182.4312,540625
2017-06-08,182.4119,183.2345,181.2913,182.354,509067
2017-06-09,182.084,185.0157,181.4861,184.1767,501509
2017-06-12,184.3407,185.0061,181.5054,183.8199,640512
2017-06-13,184.8421,187.5906,183.5884,186.9927,694200
2017-06-14,187.0505,195.7589,186.3176,189.5386,1330817
2017-06-15,188.1885,189.8656,187.147,189.2493,767308
2017-06-16,188.8539,189.3361,187.6581,188.8925,645943
2017-06-19,189.7412,191.1877,189.0999,189.8569,566365
2017-06-20,190.3873,192.8166,187.3977,187.6292,1169546
2017-06-21,187.9764,188.4151,185.4111,186.9059,565528
2017-06-22,187.3302,188.7768,186.2125,188.2078,465916
2017-06-23,187.6967,187.6967,179.8756,181.9586,1564959
2017-06-26,182.3733,185.0929,182.1901,183.926,780858
2017-06-27,184.0417,185.0929,181.3366,181.8043,618957
2017-06-28,183.1545,183.517,181.5247,181.8236,598829
2017-06-29,182.1129,183.0291,179.8659,181.3414,653294
2017-06-30,181.5632,185.6329,181.5632,184.7939,744840
2017-07-03,185.0832,186.1537,183.9935,185.1314,397151
2017-07-05,185.7776,187.2724,185.7776,186.3273,416850
2017-07-06,185.4304,186.3851,182.0937,182.9423,518504
2017-07-07,183.7234,186.038,181.9297,185.2665,426179
2017-07-10,185.6426,186.9541,185.0157,185.9608,368661
2017-07-11,185.9704,186.1402,182.9905,184.4371,421960
2017-07-12,185.6715,187.1615,185.2665,185.4111,540678
2017-07-13,185.9126,186.8866,184.8373,185.4015,652759
2017-07-14,185.7776,186.3466,183.6656,185.44,587742
2017-07-17,187.3013,190.503,187.0795,188.555,1125581
2017-07-18,188.6803,189.529,187.2241,189.2108,738458
2017-07-19,190.9756,193.4637,190.5802,191.2745,923346
2017-07-20,189.3554,190.0498,181.6597,182.9809,2269028
2017-07-21,182.7591,185.1218,181.8429,184.4082,721592
2017-07-24,184.1574,184.1574,181.9008,183.3088,542670
2017-07-25,184.5914,185.305,182.7398,184.1478,716583
2017-07-26,183.9163,185.6136,182.8266,183.4148,903927
2017-07-27,175.5166,175.8445,168.8817,171.8905,2557852
2017-07-28,170.7815,172.6235,169.2578,171.4276,1462332
2017-07-31,171.7266,172.1509,167.9752,171.5434,925350
2017-08-01,170.2318,171.7941,169.74,171.4855,742702
2017-08-02,170.0004,170.714,168.6888,170.2897,662267
2017-08-03,170.2607,170.4826,167.6762,169.6435,790860
2017-08-04,170.2318,171.7941,169.74,171.4855,742702
2017-08-07,171.7555,172.7006,170.3765,172.0352,1066910
2017-08-08,171.717,172.9899,170.8876,172.1799,751141
2017-08-09,171.3119,172.0447,168.3802,168.8142,801303
2017-08-10,168.766,169.2192,165.4871,165.6221,1120484
2017-08-11,165.1881,166.5124,164.4841,165.1399,611032
2017-08-14,165.7957,168.6985,165.6896,167.4641,641221
2017-08-15,167.8209,167.8209,166.4563,167.0204,644811
2017-08-16,167.5701,169.0649,167.329,167.9077,596123
2017-08-17,167.8016,168.1198,165.3328,165.381,580649
2017-08-18,164.8313,165.3424,163.6933,164.0212,607622
2017-08-21,163.9441,164.5516,161.7935,161.8224,820112
2017-08-22,162.1696,163.8332,161.8417,163.2787,827295
2017-08-23,163.0748,164.1717,162.6681,163.434,573271
2017-08-24,164.0455,164.7104,162.2594,162.4439,567827
2017-08-25,163.2593,164.2396,162.5604,163.5116,400382
2017-08-28,163.832,164.3697,162.1333,163.2593,400040
2017-08-29,162.4924,164.0649,162.2886,163.0942,427800
2017-08-30,163.1234,164.7638,162.3953,163.9581,553117
2017-08-31,164.7735,167.1517,164.7735,166.5887,648812
2017-09-01,166.6178,169.1998,166.2198,168.2097,551587
2017-09-05,167.9282,168.0253,165.4821,167.0934,480587
2017-09-06,167.3167,167.5303,163.9096,165.2103,779679
2017-09-07,165.7151,165.7151,163.531,164.0067,728899
2017-09-08,163.2495,167.307,163.1039,167.2391,624785
2017-09-11,168.4912,170.4811,168.0835,168.5106,900010
2017-09-12,169.1222,171.248,168.763,171.1703,515465
2017-09-13,171.5586,171.811,168.6174,170.7335,530910
2017-09-14,169.4813,171.1412,168.7921,169.9958,785339
2017-09-15,168.0447,169.0057,165.4433,166.8217,1176681
2017-09-18,167.2585,167.4672,165.1035,165.8316,556803
2017-09-19,165.8024,166.6469,164.5406,166.0451,820442
2017-09-20,166.0451,166.7149,164.9531,165.385,715452
2017-09-21,165.9286,167.8382,165.0938,167.6273,588869
2017-09-22,167.7923,172.2478,167.6564,170.0929,939925
2017-09-25,169.9181,173.0923,169.7046,172.0925,816710
2017-09-26,172.5875,176.9071,171.9947,176.3052,1016635
2017-09-27,176.7615,176.9071,174.5493,176.2082,755454
2017-09-28,176.2761,178.5475,175.6161,178.1884,812554
2017-09-29,177.8001,180.2947,177.2371,179.0329,467922
2017-10-02,179.9647,180.4986,177.2565,178.5087,830868
2017-10-03,179.1979,180.3045,177.3536,179.6638,652118
2017-10-04,179.6929,180.4598,178.0136,180.3724,673349
2017-10-05,180.4501,185.1385,177.771,178.0622,1388037
2017-10-06,178.1787,178.3701,175.4025,176.014,794964
2017-10-09,176.3926,176.4945,173.665,174.6842,676981
2017-10-10,175.5093,175.5093,170.9034,171.9857,1264635
2017-10-11,171.9372,172.6555,170.6948,171.7236,641020
2017-10-12,171.4809,172.6846,170.7626,171.908,700622
2017-10-13,172.7622,174.1794,171.1606,173.5388,593356
2017-10-16,172.937,172.937,169.9424,171.5877,637973
2017-10-17,171.4906,171.4906,169.6075,171.1703,798922
2017-10-18,171.2577,173.0486,170.287,171.6071,632357
2017-10-19,171.3645,173.0049,170.3549,172.7428,381727
2017-10-20,173.6262,177.771,173.5747,177.1109,894871
2017-10-23,177.1497,178.4893,175.588,177.1497,1524855
2017-10-24,160.1142,163.6572,157.2604,158.4738,9479958
2017-10-25,157.9496,158.2214,155.0279,156.2703,2353490
2017-10-26,156.4062,158.3185,155.8626,156.7751,1531097
2017-10-27,156.9013,158.1632,155.9209,156.678,1250981
2017-10-30,156.28,157.242,155.8529,156.9207,910196
2017-10-31,157.0275,159.9978,155.9209,159.1241,1138772
2017-11-01,160.1628,162.5409,158.833,159.5998,1137854
2017-11-02,158.9203,159.8376,156.2218,158.6194,985406
2017-11-03,158.7359,161.3519,158.5223,159.0562,951341
2017-11-06,158.7359,159.1144,157.7846,158.6291,496218
2017-11-07,158.5806,158.7058,157.3478,157.7943,732895
2017-11-08,157.9011,158.2869,157.0663,157.9981,543639
2017-11-09,157.0178,158.1438,156.5615,157.969,680999
2017-11-10,157.7749,158.1826,156.9401,157.2993,704511
2017-11-13,156.7654,157.7069,156.6974,156.9304,490846
2017-11-14,157.2216,157.2216,155.2802,156.28,620105
2017-11-15,154.9017,157.4837,154.1445,156.8333,736745
2017-11-16,157.9084,160.7378,157.5942,159.1887,639121
2017-11-17,158.7391,162.3162,158.0843,161.6516,808569
2017-11-20,162.1109,163.0687,160.987,161.4561,553935
2017-11-21,162.062,166.03,160.4885,165.0527,1400855
2017-11-22,164.9745,165.5999,162.4041,162.8635,889597
2017-11-24,164.0363,164.9256,163.0492,164.0167,336316
2017-11-27,163.8994,164.1829,161.1922,161.2606,985763
2017-11-28,161.2802,164.0265,160.0585,163.6844,1722203
2017-11-29,163.7724,166.3526,163.2349,165.1602,1420536
2017-11-30,166.0496,167.6866,163.2544,164.7497,988149
2017-12-01,164.6129,165.3459,160.7817,163.6649,776849
2017-12-04,165.5609,167.5156,164.5064,165.7857,1098113
2017-12-05,164.9745,166.2353,162.9123,165.2873,693498
2017-12-06,165.5511,166.9292,165.0722,165.2775,463325
2017-12-07,166.1962,167.3983,165.1798,166.6262,742880
2017-12-08,167.0074,167.0074,164.652,165.8541,579166
2017-12-11,165.4925,166.0105,162.8928,164.0656,1151762
2017-12-12,164.8181,164.9647,162.2184,162.7364,859185
2017-12-13,163.1371,164.3754,162.8732,163.2544,506064
2017-12-14,161.8959,164.0705,159.2278,160.2051,850373
2017-12-15,160.5374,161.3681,159.521,160.7622,1205687
2017-12-18,161.7102,162.238,160.9968,161.6125,735926
2017-12-19,161.2802,163.0883,160.9674,162.3357,560960
2017-12-20,162.4334,162.9221,161.0358,161.1434,415073
2017-12-21,162.3357,166.9194,161.5929,165.7662,1240295
2017-12-22,165.6391,168.3952,165.1993,167.7892,705373
2017-12-26,167.8186,169.2748,165.9225,166.3037,469556
2017-12-27,166.0887,166.9976,165.7955,166.2255,329494
2017-12-28,166.421,166.8901,165.3264,166.8021,281270
2017-12-29,166.6653,167.7847,164.4419,164.8181,399759
2018-01-02,165.3361,166.0985,163.2153,164.1829,675996
2018-01-03,164.4663,165.7051,164.0949,165.0136,963157
2018-01-04,166.0594,166.3917,164.2904,164.9941,617559
2018-01-05,165.0527,165.4827,163.9288,164.6618,561187
2018-01-08,164.779,166.5676,164.0998,165.2188,918863
2018-01-09,165.7173,165.9812,164.134,164.5543,1108711
2018-01-10,163.2544,163.3277,160.6058,162.4432,827694
2018-01-11,163.0785,165.4632,160.7915,165.1993,953738
2018-01-12,165.9616,169.0696,164.6715,168.835,1081757
2018-01-16,169.0793,169.2699,163.8408,165.1211,844276
2018-01-17,165.9323,168.3952,164.7204,167.496,805092
2018-01-18,168.0238,168.1509,162.883,163.5965,1061482
2018-01-19,163.5671,164.007,161.7493,163.7333,879683
2018-01-22,163.1664,163.1664,160.0585,162.8732,1109286
2018-01-23,172.1628,172.9887,166.5383,168.0824,2152063
2018-01-24,169.7439,177.7679,169.5485,174.914,2261389
2018-01-25,175.9305,183.2214,174.9629,178.9407,2563883
2018-01-26,181.5306,182.7132,180.3187,181.7554,1472157
2018-01-29,180.2307,180.7096,178.0708,178.364,968139
2018-01-30,177.6017,178.9407,175.9793,177.9438,843016
2018-01-31,178.8527,179.4391,176.3605,177.3085,822514
2018-02-01,176.5266,180.3187,176.3214,178.3543,799249
2018-02-02,177.1619,177.4747,173.2428,174.0247,852221
2018-02-05,172.9594,175.0509,167.6426,167.9847,1295595
2018-02-06,164.7595,170.4867,163.7137,169.871,1298300
2018-02-07,169.265,172.4609,167.584,167.6329,862497
2018-02-08,167.1149,167.1247,161.202,161.2118,933637
2018-02-09,164.4663,167.5156,159.9217,163.2251,1635862
2018-02-12,165.1993,168.5809,164.222,167.1735,930899
2018-02-13,166.5383,167.7795,165.0625,166.333,592143
2018-02-14,165.1504,168.7469,164.2708,167.3299,751590
2018-02-15,168.8936,173.5653,167.5742,172.7346,894907
2018-02-16,172.4609,175.9207,168.2584,168.7861,1288373
2018-02-20,168.3952,169.4116,163.9679,164.6813,1059071
2018-02-21,165.0234,165.385,162.4921,162.5214,1151983
2018-02-22,162.8635,164.8279,162.4823,164.6618,679430
2018-02-23,165.8443,168.6439,164.6618,167.5547,750272
2018-02-26,167.5547,167.7502,162.5165,164.2806,1039596
2018-02-27,164.8475,165.6977,161.4561,161.4952,554284
2018-02-28,161.505,162.5666,158.2416,158.7489,1021155
2018-03-01,158.1289,161.2925,156.0822,158.001,1439787
2018-03-02,157.1056,157.1056,153.8682,156.1117,1086626
2018-03-05,155.4328,157.635,155.3541,156.0429,880222
2018-03-06,156.8989,159.3097,156.8989,158.8374,837631
2018-03-07,158.1781,159.1621,155.1868,156.0625,725010
2018-03-08,156.5742,157.1154,154.3799,156.2397,657192
2018-03-09,157.2925,161.6123,155.9346,161.4352,973305
2018-03-12,162.124,162.4979,160.3528,160.6972,536100
2018-03-13,161.386,161.9764,159.5065,160.1166,457405
2018-03-14,161.2384,161.2384,157.3024,157.5582,533572
2018-03-15,157.5877,158.2962,156.4365,157.9125,649559
2018-03-16,158.2962,160.0871,157.2138,157.263,948434
2018-03-19,156.3577,156.4561,154.0453,155.4721,1088266
2018-03-20,156.3676,156.525,153.5222,154.744,1064793
2018-03-21,155.2753,156.466,154.6062,155.7083,705835
2018-03-22,154.557,155.846,152.9826,152.9924,804757
2018-03-23,153.3959,153.5041,149.9617,150.188,1155582
2018-03-26,152.1757,152.4217,150.0208,150.9851,668691
2018-03-27,150.9556,151.8608,149.0761,150.3553,751847
2018-03-28,150.3553,150.931,147.8166,148.7514,797695
2018-03-29,149.6468,151.7231,149.5288,150.6604,508315
2018-04-02,150.1093,150.439,146.2422,148.0528,989868
2018-04-03,148.4956,149.6862,147.6346,148.8104,548791
2018-04-04,143.6641,149.45,143.2607,149.1745,1491952
2018-04-05,150.4931,151.0441,149.2345,150.1684,880964
2018-04-06,149.2926,149.4697,144.0577,146.1438,927931
2018-04-09,145.5731,147.0884,144.3726,144.4415,715066
2018-04-10,145.6616,148.0921,145.5632,147.423,755913
2018-04-11,146.5276,148.102,146.4095,146.5472,433652
2018-04-12,146.7244,147.6001,146.2914,146.6456,528897
2018-04-13,147.8461,148.4562,145.6026,146.2127,390938
2018-04-16,147.8756,151.7132,147.3246,151.113,973903
2018-04-17,152.1265,153.5927,150.9654,151.0736,835001
2018-04-18,151.3393,154.0453,151.3393,152.2446,534633
2018-04-19,151.5066,152.1265,148.0134,149.578,576844
2018-04-20,149.2336,150.1093,145.7404,146.9802,878458
2018-04-23,146.9802,148.3676,146.3504,147.915,1122738
2018-04-24,154.4881,157.204,153.1253,153.4648,3734625
2018-04-25,153.0023,154.1241,151.5361,152.9924,1500229
2018-04-26,153.6222,154.1536,150.7883,153.3565,1120827
2018-04-27,153.2975,155.6099,152.2938,155.2261,1006200
2018-04-30,155.2163,155.4524,152.2938,152.4709,901291
2018-05-01,151.7329,153.9666,150.2766,153.4254,1138966
2018-05-02,153.5632,153.7304,151.3787,151.7723,893810
2018-05-03,151.1327,151.4574,147.8068,149.3123,1510594
2018-05-04,148.7809,151.6444,148.6727,150.8473,1019232
2018-05-07,151.0835,152.3036,150.5915,150.9457,1088776
2018-05-08,151.1032,152.7956,150.6013,151.5164,726674
2018-05-09,151.5952,153.0515,150.4439,152.1265,835239
2018-05-10,152.894,154.4094,152.2249,153.1302,911937
2018-05-11,152.8547,154.1437,152.5693,153.4746,746808
2018-05-14,153.6222,155.9149,153.5238,155.1277,1101509
2018-05-15,154.5275,155.4721,154.0847,154.744,1757712
2018-05-16,154.8916,157.8633,154.6557,157.0072,2060618
2018-05-17,157.5919,160.6744,156.7792,160.4167,3897050
2018-05-18,160.5455,162.7756,159.8319,161.2393,3732876
2018-05-21,163.3901,164.9264,162.052,163.4892,4571017
2018-05-22,163.5388,166.0563,162.7954,162.845,6635106
2018-05-23,162.9936,164.4903,161.1897,163.1919,4099825
2018-05-24,156.5413,157.3937,149.415,149.6727,6791684
2018-05-25,149.6231,152.1208,148.6716,149.7321,4434457
2018-05-29,148.0769,149.5735,147.4802,148.6617,1481645
2018-05-30,149.3357,149.6132,147.393,147.9183,2370155
2018-05-31,147.4822,147.5665,142.1796,143.4681,3159596
2018-06-01,143.6961,144.0231,141.8426,144.0231,2625083
2018-06-04,147.6606,149.7619,146.9272,147.8985,1616971
2018-06-05,148.2454,148.404,146.1144,147.1254,1335997
2018-06-06,146.5307,146.8033,143.9884,146.2929,1126967
2018-06-07,146.6398,148.0472,145.3116,147.056,949508
2018-06-08,147.0362,147.9679,145.1927,147.5417,956774
2018-06-11,147.5417,150.0295,147.4525,149.3456,730070
2018-06-12,150.1583,150.6142,148.8599,150.2971,838723
2018-06-13,150.6242,150.8521,149.4645,149.7222,708383
2018-06-14,151.4171,155.3618,150.7134,154.0932,1894743
2018-06-15,153.4588,153.4588,150.2178,150.6935,1460435
2018-06-18,149.3258,149.7817,148.4238,149.296,832627
2018-06-19,147.839,147.839,144.8755,145.6982,1381470
2018-06-20,145.9063,146.5506,143.4978,144.6079,760240
2018-06-21,143.706,144.147,142.4175,142.7049,698790
2018-06-22,143.0023,143.6762,142.3283,143.369,695348
2018-06-25,142.9923,143.4582,141.8922,142.6157,965659
2018-06-26,143.5573,143.9057,141.0447,143.1014,801535
2018-06-27,143.815,146.1045,143.0023,143.369,643445
2018-06-28,143.6267,144.6879,142.4076,144.2709,1084933
2018-06-29,144.6476,146.4382,144.1024,144.935,674482
2018-07-02,143.4681,145.8667,142.5216,145.6387,703417
2018-07-03,146.4713,146.9173,144.7268,144.8557,301991
2018-07-05,145.1629,147.7498,144.8953,147.4921,639347
2018-07-06,147.2939,149.9204,147.2939,149.5339,488287
2018-07-09,150.644,153.9048,149.405,153.5282,828444
2018-07-10,153.5579,153.6273,151.1693,152.6857,640366
2018-07-11,151.9325,153.7165,151.0702,152.8047,644880
2018-07-12,153.4588,154.2963,152.1307,153.9148,675506
2018-07-13,153.4985,155.1239,152.6461,154.3905,876394
2018-07-16,152.7848,153.3795,150.9512,152.0811,886131
2018-07-17,151.8433,152.993,148.3445,149.4249,1276605
2018-07-18,148.5923,149.6132,146.838,149.1077,946237
2018-07-19,149.1473,151.3328,148.2157,151.0008,937142
2018-07-20,150.8323,153.4192,150.0988,150.4557,1190480
2018-07-23,150.3565,151.3477,149.0681,149.3753,1274205
2018-07-24,134.1712,134.5974,127.1142,127.6792,12449807
2018-07-25,127.134,127.4116,121.7224,123.11,4774878
2018-07-26,122.6788,126.6682,121.9404,126.5096,2266384
2018-07-27,126.8664,128.9478,126.3312,126.7574,1778222
2018-07-30,126.7574,128.2936,126.351,126.7673,2091098
2018-07-31,127.471,130.4841,126.8664,129.939,1154322
2018-08-01,130.048,130.5337,128.2739,129.7903,898636
2018-08-02,129.0469,131.614,129.0469,131.0391,816983
2018-08-03,131.7429,134.7758,131.4178,133.5864,1170209
2018-08-06,133.2098,133.9928,130.5138,131.4554,1116651
2018-08-07,131.6041,132.3375,130.3553,130.9698,977456
2018-08-08,131.0887,131.0887,129.2154,130.5535,696935
2018-08-09,130.8409,132.4664,129.5326,129.6416,719053
2018-08-10,128.8487,128.928,125.905,126.1925,999925
2018-08-13,125.8753,125.9546,122.8523,123.4866,1303488
2018-08-14,123.5857,124.0198,122.8721,123.2488,647937
2018-08-15,122.2279,123.7443,121.1178,123.4371,1148532
2018-08-16,123.9227,126.9953,123.9227,126.5294,826281
2018-08-17,125.8555,127.1142,124.904,126.1132,484380
2018-08-20,126.6682,127.3422,126.2916,126.9358,481816
2018-08-21,127.9765,130.1669,127.476,129.2154,623984
2018-08-22,128.9379,128.9974,127.2133,127.6792,790428
2018-08-23,127.2133,127.362,124.9733,125.4788,776644
2018-08-24,126.3907,126.3907,125.0526,125.9942,506369
2018-08-27,127.5008,130.613,127.0944,129.6416,925094
2018-08-28,129.3938,130.7815,128.482,128.7595,1398635
2018-08-29,128.6505,129.3938,127.0647,128.7,596753
2018-08-30,128.69,129.06,126.06,126.45,617025
2018-08-31,125.98,126.43,124.111,124.98,1132788
2018-09-04,124.43,124.865,123.13,124.0,752463
2018-09-05,124.14,127.39,123.9101,126.8,825318
2018-09-06,127.02,129.21,126.0217,126.47,407140
2018-09-07,126.09,126.71,125.39,125.67,403546
2018-09-10,126.27,127.26,126.03,126.45,475435
2018-09-11,125.86,127.0,124.73,125.85,458502
2018-09-12,125.9,125.9,124.26,124.51,980144
2018-09-13,125.07,125.37,124.11,125.32,845204
