date,open,high,low,close,volume
2013-09-16,79.244,79.6274,78.5922,79.3878,1379214
2013-09-17,79.3686,79.752,79.0235,79.7041,898661
2013-09-18,79.7712,80.3272,79.0619,80.2888,1424471
2013-09-19,80.3655,80.3655,79.8767,80.0492,673635
2013-09-20,80.0588,80.1642,79.5795,79.6658,1157754
2013-09-23,80.0396,80.6818,79.8632,80.4422,1118091
2013-09-24,80.2505,80.8544,80.145,80.3559,1471714
2013-09-25,80.2599,80.4809,78.4727,78.5015,1547727
2013-09-26,78.4439,79.2414,78.3113,79.0204,992917
2013-09-27,78.6745,79.3471,78.3286,79.078,824441
2013-09-30,78.4246,79.3663,78.2133,78.9243,1075271
2013-10-01,79.0684,79.2702,78.6937,79.1837,796033
2013-10-02,78.8666,79.789,78.8666,79.7698,1664437
2013-10-03,79.4624,80.01,78.9051,79.4239,1435267
2013-10-04,79.3471,80.428,79.3471,80.1253,1213186
2013-10-07,79.0396,80.404,78.8858,79.9524,1114661
2013-10-08,80.3271,81.6627,80.0869,80.1061,1895127
2013-10-09,80.5481,82.0759,80.3752,81.3744,2192750
2013-10-10,81.9606,82.5947,81.7876,82.5659,1215760
2013-10-11,82.2392,83.2962,82.2008,83.2673,939366
2013-10-14,82.8638,84.4732,82.6716,84.2186,1065374
2013-10-15,84.0744,84.7374,82.9214,82.9983,2221222
2013-10-16,83.3058,84.2858,83.3058,84.2858,851338
2013-10-17,83.8342,84.5068,83.7766,84.4396,841438
2013-10-18,84.5549,85.9865,84.4011,85.4677,1417451
2013-10-21,85.3524,85.4869,84.7855,84.8623,815868
2013-10-22,84.9296,85.8136,84.3723,85.2467,1194672
2013-10-23,85.2082,86.4093,84.8816,86.3805,1192040
2013-10-24,78.0211,84.7759,77.3965,82.3065,2774751
2013-10-25,81.7107,83.546,81.7107,83.5075,1647124
2013-10-28,82.9502,85.1218,82.7485,84.6798,1752555
2013-10-29,84.7182,85.189,84.2858,84.9392,1092210
2013-10-30,85.0641,85.3524,84.6606,84.7663,1202492
2013-10-31,84.92,84.9873,84.036,84.0456,1088460
2013-11-01,84.43,84.7086,83.8823,84.4492,999508
2013-11-04,84.4203,85.5542,84.2138,85.4004,1501331
2013-11-05,84.7663,85.5926,84.6413,85.4581,1263878
2013-11-06,85.5157,86.1691,85.3284,85.9001,1258671
2013-11-07,85.7944,86.1787,84.6606,84.9008,1392510
2013-11-08,84.699,85.1986,84.1513,85.1218,999701
2013-11-11,85.0545,86.0538,84.9488,85.7367,1151790
2013-11-12,85.3043,85.8136,84.8913,85.7559,1102694
2013-11-13,85.583,86.1403,85.0545,86.1307,743003
2013-11-14,85.9673,87.1972,85.9001,86.7648,1068763
2013-11-15,86.5054,87.2741,86.5054,87.0435,1549719
2013-11-18,87.0531,87.1434,85.7848,86.0826,663313
2013-11-19,85.9577,86.7517,85.41,86.4189,663285
2013-11-20,86.294,86.4766,85.6022,85.7751,594933
2013-11-21,86.1691,86.4237,85.1794,85.6791,1580205
2013-11-22,85.8616,86.0922,84.92,85.7463,1296214
2013-11-25,86.467,87.0146,86.0922,86.2267,1175160
2013-11-26,86.2171,87.9371,86.2171,87.0531,1840915
2013-11-27,86.9378,87.3894,86.7552,87.0723,1312075
2013-11-29,87.0339,88.0043,86.6976,87.8314,850143
2013-12-02,87.668,87.9659,87.2934,87.4759,952339
2013-12-03,87.0243,87.3383,86.5054,87.0435,922356
2013-12-04,86.3324,86.9282,86.073,86.5438,1028457
2013-12-05,86.6015,87.5527,86.515,86.909,2092878
2013-12-06,87.9178,88.7634,87.9178,88.4175,887864
2013-12-09,88.1677,89.0613,87.889,88.821,1150356
2013-12-10,88.504,88.8691,88.1388,88.283,1031241
2013-12-11,88.4463,88.4559,86.6399,86.8033,1024345
2013-12-12,86.3132,86.8705,86.1114,86.4766,996703
2013-12-13,86.9186,87.1876,86.4093,86.9666,768685
2013-12-16,87.1876,87.9178,86.784,86.8609,903914
2013-12-17,87.1972,87.3317,86.3997,87.0819,899894
2013-12-18,87.2164,89.263,86.8705,89.1669,1430638
2013-12-19,89.9645,89.9645,87.889,88.9844,1060899
2013-12-20,89.1669,89.4744,88.7346,89.1093,1341800
2013-12-23,89.4696,89.8684,89.0997,89.7723,643144
2013-12-24,89.5509,90.013,89.3198,89.6471,395796
2013-12-26,89.6857,90.2249,89.5798,89.9649,288828
2013-12-27,89.8686,90.0708,89.4738,89.7819,360280
2013-12-30,89.7819,89.9456,89.4546,89.7434,623173
2013-12-31,90.0323,90.1767,89.4353,89.7338,649985
2014-01-02,89.1946,89.3775,88.5591,88.819,868763
2014-01-03,89.1464,90.4078,88.9827,89.2042,1288207
2014-01-06,90.3115,90.5138,89.4834,89.7819,1414955
2014-01-07,89.9553,91.5922,89.9553,91.573,1852572
2014-01-08,92.2566,93.8647,91.9389,93.8166,1880549
2014-01-09,93.884,93.9899,92.7573,92.8922,1351491
2014-01-10,92.7285,93.518,92.3337,93.0944,1351797
2014-01-13,93.027,93.5132,91.8618,92.1026,1013820
2014-01-14,92.5744,93.3255,92.2085,93.2099,716331
2014-01-15,93.3544,94.2306,92.8536,94.0862,982328
2014-01-16,94.1728,94.1921,93.3255,93.4506,873086
2014-01-17,93.3832,93.3909,92.0929,92.3722,1083509
2014-01-21,93.8262,94.0958,92.1796,92.8729,837782
2014-01-22,92.8922,93.104,92.2085,92.8344,741863
2014-01-23,92.7959,93.2966,91.3226,91.8426,995997
2014-01-24,90.8989,91.4382,89.7819,89.8975,1036569
2014-01-27,90.0612,90.5956,89.0694,89.7531,969089
2014-01-28,89.936,91.4093,89.859,90.7834,1059080
2014-01-29,89.9264,90.8315,89.4738,89.7627,1474052
2014-01-30,90.2634,91.8426,89.4546,89.5894,1908997
2014-01-31,90.0227,90.9201,89.0694,90.4849,1473469
2014-02-03,90.5138,90.6929,87.4036,87.4998,1181189
2014-02-04,87.9428,88.3761,87.4324,87.9332,1142379
2014-02-05,87.6347,89.079,87.4132,88.7613,1190267
2014-02-06,88.6168,89.31,88.4628,89.1175,883624
2014-02-07,89.3679,91.1204,89.2138,90.9856,1178193
2014-02-10,90.5908,92.1411,90.5908,92.0063,1368786
2014-02-11,91.7367,92.3048,91.3996,92.1892,1091435
2014-02-12,92.0063,92.43,90.9471,91.8618,989204
2014-02-13,91.39,92.6418,91.2359,92.5551,898942
2014-02-14,92.584,92.9884,91.9774,92.507,974663
2014-02-18,92.7766,93.2581,92.2855,92.4396,1261515
2014-02-19,92.1796,92.7959,91.1589,91.1878,1269540
2014-02-20,91.4574,91.9678,90.9471,91.7655,1821663
2014-02-21,91.6404,92.5744,91.2456,91.8618,1323699
2014-02-24,91.9678,92.9114,91.9678,92.0448,749831
2014-02-25,91.7559,92.5985,91.2263,91.5537,1064522
2014-02-26,91.5922,92.1363,91.4093,91.6693,902455
2014-02-27,91.5922,91.9485,91.0048,91.7174,737459
2014-02-28,91.9292,92.2181,89.9842,90.3597,1780419
2014-03-03,89.5123,91.573,89.3294,90.8989,1395920
2014-03-04,92.0255,93.7588,92.0159,93.4506,1472966
2014-03-05,93.1907,93.7877,92.7092,93.5566,1097540
2014-03-06,93.5951,95.2031,93.5855,94.6061,1480940
2014-03-07,94.9046,95.0876,93.7106,94.4232,1152033
2014-03-10,94.3173,94.7313,94.1248,94.7024,678862
2014-03-11,94.7217,95.2802,94.0091,94.2306,1021679
2014-03-12,92.8729,94.0862,92.8729,93.2195,1935800
2014-03-13,93.4699,93.9706,90.8797,90.9471,2717183
2014-03-14,91.1878,92.2566,90.6101,90.6582,1833327
2014-03-17,90.7641,91.2937,90.379,90.8123,974206
2014-03-18,90.87,91.7367,90.5813,91.6596,854039
2014-03-19,91.4767,92.4974,90.7449,91.2167,679032
2014-03-20,91.1589,91.39,90.6004,91.2552,709171
2014-03-21,91.9774,92.1026,89.859,90.0708,1229657
2014-03-24,90.5138,90.6197,88.0294,88.6457,1335861
2014-03-25,89.1272,89.8205,88.6361,89.5316,957677
2014-03-26,89.908,90.6609,89.3675,89.3675,740508
2014-03-27,89.4447,89.6937,88.4409,89.5316,853956
2014-03-28,89.7729,91.0373,89.6571,90.4485,735197
2014-03-31,91.0083,91.4523,90.4292,91.2882,752684
2014-04-01,91.0276,92.2341,91.0276,91.9928,856157
2014-04-02,92.099,93.4792,91.8481,93.209,969451
2014-04-03,93.6916,94.6857,93.3538,94.5603,1179483
2014-04-04,94.8788,95.4868,92.9677,93.3055,1194241
2014-04-07,93.3924,93.4985,91.4427,91.5488,1005971
2014-04-08,91.3558,91.6936,89.8501,90.5836,1629786
2014-04-09,90.7381,92.7843,90.2072,92.6781,1381469
2014-04-10,92.7457,92.8519,89.2034,89.4447,1040083
2014-04-11,89.1165,89.8211,88.2672,88.3154,1212188
2014-04-14,89.3482,90.1397,88.9428,89.8308,1190608
2014-04-15,89.6184,90.0335,87.3309,89.3965,1456388
2014-04-16,90.1686,90.1686,87.8039,88.383,1175852
2014-04-17,88.2961,89.0586,87.7942,87.8232,1152343
2014-04-21,88.7305,88.8946,88.1224,88.7112,1421587
2014-04-22,88.798,89.0594,88.4506,88.4892,1155730
2014-04-23,88.3154,88.7401,87.9294,88.2672,1301995
2014-04-24,103.276,104.5597,97.4076,98.421,12394537
2014-04-25,97.4558,98.9905,96.4327,97.0408,4971738
2014-04-28,96.9732,97.0022,94.1935,95.0235,3382476
2014-04-29,95.4193,95.8826,94.4396,94.5023,1618826
2014-04-30,94.1742,94.5023,93.1887,93.431,1917355
2014-05-01,93.624,94.7533,93.4792,94.1066,1945819
2014-05-02,94.1935,94.8498,93.9136,94.6954,2514929
2014-05-05,93.7495,95.6606,92.987,95.5834,2503106
2014-05-06,95.3421,97.1952,94.6761,96.5775,3523115
2014-05-07,96.6258,96.7512,95.3903,96.5486,1354023
2014-05-08,96.6161,97.8709,95.4579,95.9405,1688235
2014-05-09,95.7281,96.8574,94.5023,96.5003,2115792
2014-05-12,97.1084,97.8226,96.3845,97.369,1362603
2014-05-13,97.9674,98.3535,96.9829,97.7551,1792871
2014-05-14,98.257,98.3631,97.0891,97.4172,1641497
2014-05-15,98.3438,98.45,96.3266,96.6644,2341514
2014-05-16,96.4713,97.5524,96.4713,97.1084,1639771
2014-05-19,97.4558,99.0967,97.2725,98.45,1626222
2014-05-20,98.035,98.8264,97.6778,98.0253,1313707
2014-05-21,98.4886,98.6141,97.5041,97.977,796057
2014-05-22,97.9867,98.865,97.8998,98.228,1242325
2014-05-23,98.4983,98.7009,97.8998,98.2956,735622
2014-05-27,98.4114,99.2028,98.1604,99.0484,1067640
2014-05-28,99.5021,99.5503,98.7685,99.3283,1869057
2014-05-29,99.338,100.3611,99.2608,100.2453,1059050
2014-05-30,100.1294,100.7472,99.9943,100.7182,1359468
2014-06-02,100.6796,101.2491,100.3707,101.0271,996859
2014-06-03,100.9016,102.7644,100.5155,102.3976,2582822
2014-06-04,102.4942,103.5076,102.1274,103.1312,1344747
2014-06-05,102.0116,103.5559,102.0116,103.2567,974412
2014-06-06,103.2181,103.913,103.0443,103.469,1048404
2014-06-09,103.8744,103.9034,102.61,103.0926,782539
2014-06-10,102.6969,103.0829,101.9488,102.8899,728199
2014-06-11,102.7162,102.7162,101.7606,102.1274,622134
2014-06-12,102.2432,102.2915,101.1525,101.6544,1447976
2014-06-13,102.1274,102.3204,101.4518,101.9054,796011
2014-06-16,102.2625,103.276,101.2587,101.3263,1286570
2014-06-17,100.9402,101.7703,100.8244,101.085,1075786
2014-06-18,100.8533,102.3976,100.3514,102.3397,898048
2014-06-19,102.2432,102.6775,101.1815,101.9537,1108420
2014-06-20,101.8185,102.1853,101.6255,101.9054,2160076
2014-06-23,102.0598,102.7355,101.2684,101.278,796169
2014-06-24,101.3938,101.7606,100.4721,100.5348,1084390
2014-06-25,100.7863,102.0147,100.4961,101.918,1052259
2014-06-26,101.8309,102.0727,101.357,101.6761,916390
2014-06-27,101.1248,101.8164,100.5928,100.9314,1142812
2014-06-30,101.0765,101.4247,100.0125,100.4574,1076202
2014-07-01,100.3607,101.9663,100.3607,101.4537,905171
2014-07-02,100.9314,101.7052,100.9314,101.4247,512465
2014-07-03,101.6084,102.0147,100.7863,101.6858,470763
2014-07-07,101.0474,101.2989,100.1286,101.0571,977739
2014-07-08,101.0571,101.0668,99.5095,99.9738,826105
2014-07-09,100.1092,100.8093,99.9738,100.3897,585252
2014-07-10,99.6933,100.4284,98.6584,100.2736,1080179
2014-07-11,100.1673,100.4671,99.5772,100.3897,694722
2014-07-14,100.8637,101.4924,99.7707,99.8771,733860
2014-07-15,99.7804,100.2253,98.6303,99.3741,1088235
2014-07-16,99.819,99.9738,99.0356,99.4225,869093
2014-07-17,99.1033,99.5289,97.3332,97.4106,804921
2014-07-18,97.4687,99.4031,96.7045,99.0839,1131836
2014-07-21,98.639,99.0549,97.7105,98.0974,1008881
2014-07-22,100.4091,101.0378,98.02,98.8228,947919
2014-07-23,98.9195,100.2833,98.5714,99.7804,1733819
2014-07-24,96.0275,97.1301,95.1763,96.5498,2814594
2014-07-25,96.2596,97.7298,96.0371,97.5073,1474914
2014-07-28,98.6293,98.6874,96.7336,97.2752,854294
2014-07-29,97.3526,97.991,96.7336,97.6234,1186941
2014-07-30,97.9813,99.3644,97.9619,98.8712,1821072
2014-07-31,98.049,99.0162,96.7239,96.7916,1809925
2014-08-01,96.3467,96.9367,95.2343,96.8593,799115
2014-08-04,96.3467,96.9367,95.2343,96.8593,799115
2014-08-05,96.4144,96.6417,94.9151,95.1376,1128269
2014-08-06,94.8861,95.186,92.8162,93.1935,2995212
2014-08-07,93.8415,93.9963,91.907,92.1875,1750701
2014-08-08,92.5357,93.029,91.6265,92.9323,1368867
2014-08-11,93.4063,93.7835,92.7389,93.1644,873930
2014-08-12,93.0,93.9286,92.6615,93.5417,1556272
2014-08-13,93.7545,94.6153,93.3966,94.4799,1033989
2014-08-14,94.4799,94.9248,94.2091,94.625,1428444
2014-08-15,94.7507,94.9345,93.4546,94.2864,1171360
2014-08-18,94.6733,96.0662,94.6733,96.0565,1591912
2014-08-19,96.3467,96.9173,96.1532,96.6658,943988
2014-08-20,96.5498,97.0141,96.0952,96.5401,1156922
2014-08-21,96.7045,97.3816,96.6078,97.3236,630701
2014-08-22,97.1495,97.487,96.1919,96.2306,1014278
2014-08-25,96.956,97.7298,96.7045,97.1688,669786
2014-08-26,97.2462,97.8942,97.1108,97.459,752196
2014-08-27,97.5557,97.7685,96.4531,96.5111,853265
2014-08-28,96.0565,96.3853,95.7566,96.1919,715412
2014-08-29,96.337,96.337,95.5052,96.0565,1015724
2014-09-02,96.4531,96.4531,95.5729,96.0371,1037590
2014-09-03,96.4821,97.2849,96.1583,97.0334,1053960
2014-09-04,97.43,99.171,96.9463,97.3526,1193102
2014-09-05,97.0818,97.7685,96.6465,97.7588,562855
2014-09-08,97.6911,98.0103,97.2762,97.6137,825846
2014-09-09,98.2328,100.1479,98.2328,99.0839,2060352
2014-09-10,99.4418,101.5407,98.7551,101.3183,2027311
2014-09-11,100.6702,101.9276,100.4574,101.7825,1677410
2014-09-12,101.5504,102.2178,101.0184,101.502,1469954
2014-09-15,101.4924,101.4924,100.7766,101.0668,785295
2014-09-16,100.8927,101.7148,100.3607,101.502,985759
2014-09-17,101.4537,101.7245,100.1769,100.5638,1239458
2014-09-18,100.8153,100.8869,100.1866,100.8346,1450479
2014-09-19,101.2506,101.4827,100.1092,100.5832,1243202
2014-09-22,100.1576,100.5541,99.6546,100.3027,1015228
2014-09-23,98.8808,100.0609,98.7551,99.0646,1388824
2014-09-24,99.2294,100.79,98.9871,100.4507,1268937
2014-09-25,100.0727,100.1308,98.1437,98.1437,1915619
2014-09-26,98.2213,99.0064,98.0565,98.5412,965106
2014-09-29,97.6688,98.5799,97.6106,98.3473,605164
2014-09-30,98.4733,98.7055,97.4652,97.4652,1025340
2014-10-01,97.5428,98.0662,96.4474,97.6688,1687132
2014-10-02,97.8433,99.4426,95.8368,99.0646,2721567
2014-10-03,99.3069,99.7722,99.0355,99.4426,731315
2014-10-06,100.1987,101.2359,99.2488,99.8304,966923
2014-10-07,99.3554,99.6074,98.2407,98.2891,684865
2014-10-08,98.6963,100.5283,98.1074,100.3635,805452
2014-10-09,99.9661,100.2472,98.4055,98.609,1156746
2014-10-10,98.8707,100.538,97.9596,97.979,882574
2014-10-13,97.8239,97.9538,95.6041,95.7011,1014315
2014-10-14,96.1857,96.4184,94.1938,94.5476,1300945
2014-10-15,92.8706,94.8674,92.4054,94.722,2268347
2014-10-16,93.0548,94.0823,92.8125,93.0063,1781645
2014-10-17,93.8884,94.9304,93.6558,94.5282,912770
2014-10-20,94.567,96.2148,94.1114,96.1469,1101474
2014-10-21,96.5928,98.3182,96.5734,98.2116,1027248
2014-10-22,98.7156,98.7738,96.8158,97.126,1335695
2014-10-23,100.3053,103.0388,99.5299,101.3619,1697612
2014-10-24,101.3619,102.2634,101.3377,102.0598,573875
2014-10-27,101.9435,102.6511,101.5073,101.7593,574728
2014-10-28,102.3797,105.0453,102.0113,104.7836,1701218
2014-10-29,104.7836,105.6075,104.4346,104.8321,1360394
2014-10-30,104.6576,106.1891,104.2117,105.9274,787372
2014-10-31,106.9646,107.8757,106.6253,107.8273,1486169
2014-11-03,107.7691,108.0793,106.1406,107.0227,789408
2014-11-04,106.7222,107.236,105.5978,105.8595,1020078
2014-11-05,107.0809,107.6916,106.0825,107.5849,1196085
2014-11-06,107.5559,107.9436,106.7804,106.8095,741834
2014-11-07,106.4411,106.6253,104.5025,104.8708,829771
2014-11-10,105.2779,107.1197,104.8805,107.0324,802113
2014-11-11,107.1003,108.089,106.4024,107.6625,568457
2014-11-12,107.3814,107.6237,106.887,107.4686,783030
2014-11-13,107.8176,107.8176,106.7707,107.2166,811777
2014-11-14,107.2651,107.4298,106.383,106.7416,702729
2014-11-17,106.7416,107.4977,106.5644,107.2844,964554
2014-11-18,106.8676,108.5349,106.761,108.0793,688679
2014-11-19,107.7788,107.8563,107.0324,107.1584,518740
2014-11-20,106.3345,107.0518,105.6657,106.7416,985701
2014-11-21,107.8176,108.2053,106.3345,107.0906,821242
2014-11-24,106.7416,107.047,105.4258,106.7028,1355368
2014-11-25,107.11,107.7885,106.887,107.6722,923555
2014-11-26,107.9436,108.341,107.5752,108.2053,595022
2014-11-28,108.2053,109.5333,108.2053,108.845,426898
2014-12-01,108.7481,109.1649,107.8951,108.0502,613003
2014-12-02,108.3119,111.4477,108.2247,110.9194,1504922
2014-12-03,110.8031,110.9,109.7853,110.1633,978397
2014-12-04,109.7368,111.0454,109.6496,110.4638,732956
2014-12-05,110.7837,112.3249,110.1245,111.4331,1018655
2014-12-08,111.4331,112.005,111.1714,111.3265,644459
2014-12-09,109.9404,110.5607,109.698,110.2409,986386
2014-12-10,110.3184,110.3378,107.8466,108.089,924065
2014-12-11,108.593,110.2893,108.593,109.7659,961708
2014-12-12,108.719,109.5236,107.9242,107.9242,879074
2014-12-15,108.6318,108.9032,106.4702,106.8773,753207
2014-12-16,106.7707,108.1859,105.433,105.4524,1043861
2014-12-17,106.2473,108.69,105.782,108.4864,926323
2014-12-18,109.8628,111.4137,109.1843,111.4137,957787
2014-12-19,112.0826,112.48,110.551,111.3847,1271670
2014-12-22,111.5398,112.1892,110.8515,111.5204,629534
2014-12-23,111.9856,112.5769,109.6884,109.9888,1287659
2014-12-24,110.2414,111.3777,109.9694,110.8241,306626
2014-12-26,110.8727,111.8633,110.6687,110.8824,400193
2014-12-29,110.4745,111.0183,109.9889,110.2317,450521
2014-12-30,110.222,112.2226,110.1928,111.2709,625307
2014-12-31,111.7467,112.4169,110.1248,110.154,694720
2015-01-02,110.9212,111.3097,108.5612,109.3479,909491
2015-01-05,110.727,113.8154,110.727,113.4269,2163761
2015-01-06,113.7863,113.8543,111.8147,112.4654,1782098
2015-01-07,112.8539,116.1366,112.6694,115.2625,1462026
2015-01-08,115.6121,117.1253,115.346,116.4862,1408433
2015-01-09,114.6604,116.0589,114.1165,114.806,2124069
2015-01-12,114.806,115.3499,114.2913,115.078,1001933
2015-01-13,115.5733,117.2243,114.3301,115.3305,1613850
2015-01-14,113.5823,114.301,112.4363,113.8057,1042773
2015-01-15,113.8251,114.2233,111.6496,111.669,1532132
2015-01-16,111.5428,113.7377,111.5428,113.6309,1232873
2015-01-20,114.3399,114.9809,111.5137,112.5528,928995
2015-01-21,112.3683,113.2035,111.6108,112.5431,642753
2015-01-22,112.9219,115.01,112.446,114.942,711260
2015-01-23,114.942,115.1362,113.5823,113.6115,583174
2015-01-26,113.524,113.7183,112.6888,113.6989,1190326
2015-01-27,112.8151,113.9708,111.9701,112.8831,797176
2015-01-28,113.019,114.1553,111.0572,111.2029,1590066
2015-01-29,109.4061,111.096,107.9979,109.2799,3235027
2015-01-30,108.7651,111.3388,108.736,108.872,1939721
2015-02-02,109.241,110.8338,107.8619,110.6978,1099356
2015-02-03,112.1061,113.5046,111.1932,113.3007,1693635
2015-02-04,112.0284,112.9219,111.8342,112.1935,1110282
2015-02-05,113.0287,113.9902,112.6694,113.728,944817
2015-02-06,113.5338,114.0679,112.446,112.8054,1062898
2015-02-09,111.8439,112.6208,111.1106,111.4651,1324569
2015-02-10,112.8442,114.0242,111.805,113.6989,1011114
2015-02-11,113.6989,114.4855,113.2424,113.5338,1161511
2015-02-12,114.9129,114.9517,113.3395,114.7478,978110
2015-02-13,114.505,115.9229,114.4224,115.8938,1085816
2015-02-17,115.8938,117.1855,115.3693,116.9233,1228977
2015-02-18,117.0787,117.1466,116.2823,116.8359,1109641
2015-02-19,116.661,117.1855,116.3891,116.7387,720813
2015-02-20,116.4182,118.1858,116.1754,118.0887,1058168
2015-02-23,118.0887,118.0887,117.2535,117.8168,770060
2015-02-24,117.5837,118.3315,117.2243,118.2538,819470
2015-02-25,117.9527,118.2441,116.9718,117.0495,986266
2015-02-26,117.0495,117.8945,116.4124,117.8362,579436
2015-02-27,117.4963,117.8702,116.8359,116.9233,698062
2015-03-02,117.2146,118.0401,116.7387,117.8945,1266796
2015-03-03,117.7002,117.7896,115.2916,115.8355,873282
2015-03-04,115.9329,116.4291,114.7847,115.5534,1028427
2015-03-05,115.9231,116.5069,115.4269,115.9621,1145385
2015-03-06,115.9134,115.9231,113.1014,113.2085,1243225
2015-03-09,113.7923,114.0646,113.0528,113.7923,1204222
2015-03-10,112.4203,113.5587,112.1187,112.3911,1171170
2015-03-11,113.0139,113.802,112.722,113.0917,1021143
2015-03-12,113.4809,114.4831,113.296,114.0355,1260758
2015-03-13,114.3858,115.0085,112.2647,113.1112,1323105
2015-03-16,113.5004,115.0377,113.5004,114.8334,761006
2015-03-17,114.1328,114.1328,111.4181,112.1674,2853966
2015-03-18,112.0798,116.6821,111.603,115.9912,2317421
2015-03-19,115.3977,115.5631,114.8626,115.3588,1249233
2015-03-20,116.0885,116.4972,115.135,115.5534,1390213
2015-03-23,115.5534,116.0983,114.8918,115.2712,848097
2015-03-24,114.8236,115.4756,114.1425,114.1425,1142325
2015-03-25,114.162,115.0085,112.0895,112.1965,1009896
2015-03-26,112.2257,113.4712,111.5641,112.5274,793707
2015-03-27,112.576,114.7458,112.4067,114.3274,1289610
2015-03-30,114.8723,115.7772,114.5901,115.3685,723078
2015-03-31,114.6777,115.0182,113.9577,114.3469,961486
2015-04-01,115.028,115.2712,112.5857,113.0528,1049487
2015-04-02,113.1987,114.4831,112.6539,113.7631,632772
2015-04-06,113.0041,114.4539,112.6928,114.1912,623069
2015-04-07,114.0258,114.8042,112.8387,112.8776,634777
2015-04-08,112.9555,113.7339,112.1188,112.9847,672023
2015-04-09,113.1598,114.1523,112.469,114.0355,840916
2015-04-10,114.3566,114.6777,113.909,114.2788,958606
2015-04-13,114.5609,115.1447,112.8387,113.0722,1176729
2015-04-14,113.2571,113.9479,112.1187,112.829,1241602
2015-04-15,113.0431,113.4712,112.4301,112.4982,986782
2015-04-16,112.3133,112.7122,111.8755,112.2452,1002602
2015-04-17,111.8852,111.9922,110.6397,111.5154,1093115
2015-04-20,111.9728,113.3058,111.7782,112.7901,583418
2015-04-21,113.2474,114.6096,113.1987,114.2009,824377
2015-04-22,113.9577,115.0766,113.4225,114.3177,731597
2015-04-23,114.1912,115.8842,113.5587,115.3685,740564
2015-04-24,114.9015,115.7091,114.5512,115.5534,737630
2015-04-27,115.7869,115.7869,113.2085,113.4614,820785
2015-04-28,112.9068,113.9966,111.4279,113.5782,1131253
2015-04-29,113.2863,113.6366,111.7295,112.2257,1305903
2015-04-30,108.577,108.9856,105.6093,106.8742,3317563
2015-05-01,107.1953,108.1294,106.524,107.4483,1413493
2015-05-04,107.7305,108.6305,107.4289,107.6916,1297810
2015-05-05,107.7013,107.8764,106.5921,107.5261,2116152
2015-05-06,107.8667,108.324,106.2807,107.1272,1919381
2015-05-07,107.3997,108.324,107.098,108.0418,1668309
2015-05-08,109.1705,110.0462,108.6937,109.9003,1244732
2015-05-11,109.5305,110.6787,109.3432,110.1241,1409595
2015-05-12,109.4721,109.8905,108.6159,109.2094,2028782
2015-05-13,109.8139,109.8821,108.9267,109.0339,953090
2015-05-14,109.9114,110.7985,109.3264,110.7205,1270531
2015-05-15,110.6815,110.9058,109.9796,110.3403,783334
2015-05-18,110.5158,111.6857,110.2818,111.4127,598005
2015-05-19,111.3445,111.8807,110.8765,111.4712,706854
2015-05-20,111.5102,112.023,111.0618,111.4712,441289
2015-05-21,111.1592,111.6565,111.0423,111.5882,584018
2015-05-22,111.2177,111.598,110.3891,110.9155,1013332
2015-05-26,110.935,110.935,109.8821,110.2526,1136566
2015-05-27,110.8375,111.559,109.8821,111.403,869336
2015-05-28,111.091,111.481,109.9211,110.5451,1830923
2015-05-29,110.1551,111.9879,109.7359,111.2275,1796724
2015-06-01,111.7052,112.3291,111.0813,111.8904,887276
2015-06-02,111.2762,111.9489,111.13,111.2957,684381
2015-06-03,111.403,111.8027,110.8083,111.0423,720011
2015-06-04,110.0966,111.325,109.9894,110.2331,895727
2015-06-05,110.1648,110.5548,109.5214,110.4086,952216
2015-06-08,110.6913,111.598,110.2526,110.3013,876066
2015-06-09,110.2331,111.0325,109.7456,109.8139,855432
2015-06-10,110.4183,111.1495,109.7651,110.8083,1300482
2015-06-11,111.0325,111.4907,110.7595,111.247,1405687
2015-06-12,110.4866,110.857,109.2387,109.3849,1243008
2015-06-15,108.722,109.2094,108.1663,108.8682,1100065
2015-06-16,108.839,110.0089,108.488,109.7261,755601
2015-06-17,110.1843,110.4378,108.9365,109.6774,656388
2015-06-18,110.2038,110.9154,110.1258,110.4573,1013330
2015-06-19,110.5548,110.9155,109.7456,109.8334,1616619
2015-06-22,110.4378,111.0569,110.1453,110.5548,825030
2015-06-23,110.8473,110.9155,109.3849,109.8529,825724
2015-06-24,109.6774,112.6021,109.346,110.6718,3486819
2015-06-25,110.6815,111.3445,110.0868,110.4281,1581017
2015-06-26,110.8473,111.2275,110.2721,110.7108,1802629
2015-06-29,104.3154,111.5395,95.0342,106.5479,1562088
2015-06-30,107.7276,108.1175,106.0215,106.4894,2225280
2015-07-01,107.2401,108.5562,106.275,106.4699,1240381
2015-07-02,107.2401,108.1955,104.3154,105.4755,1402447
2015-07-06,105.4755,106.7917,104.9101,106.0605,1524480
2015-07-07,106.1677,107.0646,105.2805,107.0159,795821
2015-07-08,105.8557,106.5479,105.0076,105.2318,1127310
2015-07-09,106.2652,106.7429,104.0912,104.1594,1244368
2015-07-10,105.1441,106.197,103.9937,104.1301,1893155
2015-07-13,104.5786,105.729,104.4226,104.9296,959630
2015-07-14,105.4073,105.5243,104.4421,104.7053,798504
2015-07-15,105.1538,105.2903,104.3349,104.4421,950843
2015-07-16,105.1538,105.4853,104.6858,105.0661,1038402
2015-07-17,104.3934,105.339,104.2179,104.8028,890004
2015-07-20,104.9393,105.612,104.7638,105.3195,1042484
2015-07-21,105.3488,105.9532,104.5299,105.5438,1006509
2015-07-22,105.4755,106.3042,105.1148,105.8167,1453928
2015-07-23,105.417,106.1677,104.8906,105.1441,916586
2015-07-24,104.8321,105.3,103.9254,103.9839,693866
2015-07-27,103.7304,103.8279,102.9115,103.126,739382
2015-07-28,102.6873,103.9839,102.5215,103.8279,975576
2015-07-29,104.1399,104.7736,103.555,104.3154,1188175
2015-07-30,104.3154,104.8613,101.81,102.2193,2252409
2015-07-31,102.2193,102.8043,101.0884,101.4589,1546776
2015-08-03,101.8489,102.4533,101.1469,101.7124,1520041
2015-08-04,101.8391,102.6774,100.3183,100.5425,1044892
2015-08-05,101.4004,101.8294,100.8447,101.2737,1058918
2015-08-06,101.0592,101.1567,98.7486,99.1386,1458445
2015-08-07,99.2361,99.3433,97.842,99.1776,1423283
2015-08-10,100.1525,101.0007,99.4018,100.835,1207557
2015-08-11,100.484,101.7221,100.1233,101.5564,1689406
2015-08-12,100.5912,101.0787,99.1484,101.0787,1568639
2015-08-13,103.048,108.0298,100.8057,101.7416,1279291
2015-08-14,101.7806,102.9993,100.2987,102.8823,1478568
2015-08-17,102.0731,103.7694,101.6246,103.7207,1058499
2015-08-18,103.3112,103.7109,102.8433,103.3112,910857
2015-08-19,102.6775,104.2179,101.8781,103.477,1252512
2015-08-20,102.2486,103.009,101.9658,102.2486,1457794
2015-08-21,101.9366,103.0577,101.3809,101.7416,2229339
2015-08-24,98.5732,99.4408,92.3532,97.0718,2782148
2015-08-25,101.8099,101.9074,95.5704,95.5704,1495636
2015-08-26,96.6818,98.6219,95.5704,98.4854,1301292
2015-08-27,98.4269,100.8544,98.3879,100.8155,1474715
2015-08-28,100.4157,101.8586,99.1191,101.7514,1494087
2015-08-31,101.0007,102.2583,100.8544,100.9617,1627314
2015-09-01,100.172,100.172,97.5787,98.1247,1598755
2015-09-02,98.3977,99.1094,97.803,99.0801,1293842
2015-09-03,99.2361,100.9324,98.5732,99.5286,1280377
2015-09-04,98.037,98.8461,97.53,97.9395,1669526
2015-09-08,99.4213,100.1623,98.8266,100.1135,1233300
2015-09-09,100.757,101.3906,98.3587,98.6901,1501084
2015-09-10,96.4089,98.4562,95.9312,97.5885,1615695
2015-09-11,97.92,97.998,97.179,97.686,1343736
2015-09-14,96.9938,97.8225,96.1164,96.5551,1473341
2015-09-15,97.5398,100.367,96.6233,97.4618,1016142
2015-09-16,97.7055,98.4854,96.5356,98.2124,1146379
2015-09-17,98.7779,99.6358,97.8517,98.3587,780764
2015-09-18,97.4715,97.5593,96.4674,96.7111,1621964
2015-09-21,96.8281,98.0955,95.6192,95.7264,1711887
2015-09-22,95.317,95.4437,94.42,95.1317,2274481
2015-09-23,94.927,97.3155,94.5565,94.9075,862940
2015-09-24,94.0886,95.1415,92.8017,93.2209,1327797
2015-09-25,93.6791,94.5078,91.2613,92.0705,1577495
2015-09-28,91.8458,91.9142,88.8458,90.3018,2274983
2015-09-29,90.126,92.0901,90.0087,91.6504,2290210
2015-09-30,92.393,92.7448,91.0054,91.7872,1954062
2015-10-01,91.6797,91.9728,89.9012,91.8165,1557331
2015-10-02,86.7449,93.1064,86.7449,93.0966,1314236
2015-10-05,93.6634,94.1129,92.7253,93.3214,1312697
2015-10-06,93.2627,93.9077,91.0152,91.8458,2332476
2015-10-07,92.4517,92.8865,91.9533,92.7253,598052
2015-10-08,92.4907,93.3702,91.5136,93.2627,952115
2015-10-09,93.3995,94.4549,93.1357,94.2497,968051
2015-10-12,94.0445,94.621,93.3116,94.3083,979863
2015-10-13,93.6829,94.5233,93.38,93.8979,1387688
2015-10-14,94.1129,94.152,92.9109,93.0184,866403
2015-10-15,93.0184,95.8523,92.8328,95.6861,1543249
2015-10-16,95.7936,96.6047,95.5787,96.292,1448336
2015-10-19,95.9011,97.0053,95.5005,95.95,1019640
2015-10-20,95.6568,95.8034,94.7187,95.4809,723482
2015-10-21,95.6177,96.165,94.5233,94.6894,1211336
2015-10-22,94.6894,95.4028,92.0608,92.2367,1928579
2015-10-23,92.696,94.3181,91.7774,92.4028,1963642
2015-10-26,92.0901,92.6275,91.5526,92.5103,939953
2015-10-27,92.0412,93.3214,91.7872,93.0184,1121728
2015-10-28,93.0477,96.2431,91.9337,95.6373,1698478
2015-10-29,99.8392,103.1616,99.7708,102.4776,2597357
2015-10-30,102.3603,103.4352,101.1584,102.1844,1896819
2015-11-02,102.3896,104.6665,102.2138,104.5101,1429134
2015-11-03,104.3342,104.559,103.3082,103.9727,1103757
2015-11-04,105.0867,105.5655,104.559,105.331,1134103
2015-11-05,104.9499,105.6925,104.2854,105.3896,1060362
2015-11-06,104.901,105.6339,103.8847,104.8326,1410335
2015-11-09,104.7154,104.9597,104.0704,104.4808,736819
2015-11-10,104.7642,105.2821,104.3196,104.8131,598593
2015-11-11,104.8815,105.2723,104.002,104.1974,465883
2015-11-12,99.9467,103.2203,99.9467,102.2626,1375610
2015-11-13,102.1844,102.8196,101.5981,101.9108,738233
2015-11-16,102.2431,103.2007,101.4027,103.1812,777823
2015-11-17,102.8098,103.7382,102.2626,102.3603,698726
2015-11-18,102.3603,103.4352,101.7349,102.5753,1236557
2015-11-19,102.6046,102.6046,100.1519,101.6958,1051699
2015-11-20,102.1356,106.5036,100.9141,101.3734,1643326
2015-11-23,101.3831,101.5981,99.9174,100.5037,1001812
2015-11-24,99.7708,100.0541,98.8034,99.5949,1275598
2015-11-25,99.849,99.8881,98.7154,98.9793,979233
2015-11-27,99.2138,99.546,98.2268,98.6959,891006
2015-11-30,98.8034,99.6242,98.5982,98.7057,1553894
2015-12-01,99.6828,100.6405,99.4776,100.3766,1668993
2015-12-02,100.3766,100.8946,99.8929,99.9271,1582551
2015-12-03,100.0053,100.3766,96.8295,97.0933,1903812
2015-12-04,97.3767,98.8815,97.0933,98.2561,1100056
2015-12-07,98.1487,98.6861,97.318,98.1193,989634
2015-12-08,97.5233,98.1643,96.8197,97.5037,1245877
2015-12-09,97.0738,99.3017,96.5558,97.7187,1832945
2015-12-10,98.3343,98.3343,97.0347,97.6894,1151488
2015-12-11,96.4972,97.5526,96.2725,96.7024,936770
2015-12-14,96.7708,97.4353,95.8425,97.2203,1094122
2015-12-15,97.9141,98.9402,97.191,98.7545,1394785
2015-12-16,98.9109,99.9369,97.8164,99.6047,1031001
2015-12-17,99.6047,100.0151,98.2757,98.4125,1344774
2015-12-18,97.9141,97.9532,96.6242,96.7024,1190518
2015-12-21,97.0933,98.3588,96.6536,97.9434,1164139
2015-12-22,98.4516,99.6731,97.6894,99.4092,737376
2015-12-23,99.9076,100.6796,99.4092,100.4255,627464
2015-12-24,100.0835,101.1584,100.0835,100.5623,233450
2015-12-28,99.976,100.3766,99.5656,99.9174,337201
2015-12-29,98.6835,101.024,98.6835,100.6421,377310
2015-12-30,100.7204,101.1317,100.0447,100.3483,350509
2015-12-31,99.8684,100.9946,99.5551,100.4658,659571
2016-01-04,99.0262,100.9261,98.0959,99.702,2042842
2016-01-05,99.888,102.2971,99.4914,101.7781,2227988
2016-01-06,100.3875,103.0903,100.2504,102.2187,2671123
2016-01-07,100.0447,101.4941,99.3298,99.8684,1776287
2016-01-08,100.0937,100.9359,99.2711,99.4473,1622573
2016-01-11,99.5844,100.172,96.578,97.7336,1578996
2016-01-12,98.5954,101.2786,97.8217,100.74,1840540
2016-01-13,101.357,103.1099,98.7814,99.1046,1974261
2016-01-14,99.3298,101.592,98.8598,100.5735,1184164
2016-01-15,98.1547,100.1916,97.195,98.9871,1516108
2016-01-19,99.6824,99.8195,96.0394,97.1852,1872148
2016-01-20,95.8533,97.0187,92.8861,96.2451,1704137
2016-01-21,96.4801,96.8326,95.1972,96.1471,940542
2016-01-22,97.2146,97.7042,96.1765,97.097,921587
2016-01-25,96.4311,97.7238,96.4311,97.0089,1072317
2016-01-26,97.5181,99.986,97.3125,99.6334,1469625
2016-01-27,99.7803,101.5528,98.85,99.5355,1970843
2016-01-28,100.8771,101.7879,95.0895,95.5302,2306972
2016-01-29,96.2451,97.3613,95.3049,97.2048,2242571
2016-02-01,96.2451,97.6944,95.7358,96.9795,1561584
2016-02-02,96.3919,97.3125,95.775,96.01,1204823
2016-02-03,96.6857,96.813,93.8673,95.2462,1418090
2016-02-04,95.6477,96.5388,94.9328,95.5302,1561932
2016-02-05,94.071,94.4921,92.749,93.0428,3952411
2016-02-08,92.984,93.1701,88.4401,90.1245,2825845
2016-02-09,89.7132,91.0058,88.8808,89.9972,1750579
2016-02-10,90.1832,92.5923,90.1832,90.9862,1279105
2016-02-11,89.9286,90.5064,88.9395,89.7817,1507447
2016-02-12,86.6186,90.428,86.4423,89.8796,1215017
2016-02-16,90.0167,91.7305,89.625,91.6815,1316241
2016-02-17,92.1614,93.8605,91.9949,93.3953,1284474
2016-02-18,93.3953,93.9927,92.7294,93.1211,849329
2016-02-19,92.9742,93.1211,92.1369,92.8273,717470
2016-02-22,93.6597,94.0514,92.651,93.1701,1112154
2016-02-23,92.8273,93.5127,91.0058,91.6228,1445740
2016-02-24,91.5346,92.6608,90.9569,92.3964,872170
2016-02-25,93.0623,94.8838,92.6706,94.8838,1453446
2016-02-26,94.8936,96.2059,94.5607,95.5106,1063748
2016-02-29,95.4812,96.1863,94.6586,94.8055,1495610
2016-03-01,94.9916,95.7035,93.4639,95.3735,1484214
2016-03-02,95.4127,95.9708,94.1494,95.4224,1068419
2016-03-03,95.0111,97.0138,95.0111,96.8424,1202226
2016-03-04,96.0492,97.763,95.8142,97.2341,1134129
2016-03-07,96.4213,98.6345,96.3528,98.5954,1932433
2016-03-08,97.9294,99.1193,97.3614,98.4681,1255876
2016-03-09,98.566,99.134,97.9882,98.3016,747947
2016-03-10,99.4473,99.4473,98.3407,98.7716,1849990
2016-03-11,99.7509,102.4342,99.7509,102.4342,2302853
2016-03-14,101.8466,103.296,101.6116,102.8749,1962403
2016-03-15,102.2285,102.8749,101.9445,102.1502,1299775
2016-03-16,101.9445,102.914,101.1905,102.1012,921995
2016-03-17,101.8564,102.7672,100.7694,101.4451,758198
2016-03-18,101.5039,102.5517,101.0828,102.3461,1381832
2016-03-21,102.0033,102.5615,101.1513,102.2187,702615
2016-03-22,101.2101,102.6496,101.0338,102.2481,942308
2016-03-23,102.4146,102.8259,101.6312,102.2677,921766
2016-03-24,101.4353,102.1502,100.9359,101.592,852416
2016-03-28,103.0805,103.7367,101.6116,102.1801,783586
2016-03-29,102.504,103.996,102.0328,103.888,986521
2016-03-30,104.4475,105.0364,103.9763,104.7321,1356145
2016-03-31,104.9088,105.2376,104.2904,104.6634,1322771
2016-04-01,104.3493,105.6548,103.8733,105.3898,1658605
2016-04-04,105.7333,106.6167,104.5849,104.8892,1525683
2016-04-05,104.1137,105.1935,103.5837,104.0254,1348467
2016-04-06,103.9076,106.5676,103.7015,106.0965,1370074
2016-04-07,105.8216,106.2045,105.1935,106.1554,1694367
2016-04-08,106.4989,107.1566,106.4989,106.9504,1319198
2016-04-11,107.0486,107.6866,106.6658,107.2842,1396002
2016-04-12,107.667,109.6792,107.3627,109.5123,1898801
2016-04-13,109.7675,112.4079,109.6006,112.3392,2541992
2016-04-14,112.192,113.625,111.9564,113.3011,1548371
2016-04-15,112.879,112.9281,110.0129,111.9269,1806302
2016-04-18,111.5638,111.8435,110.8668,111.5147,1145926
2016-04-19,112.0153,112.4766,111.3478,111.7404,1169401
2016-04-20,111.7404,113.2815,111.2693,112.722,1298472
2016-04-21,112.3981,113.8017,111.6325,112.2901,1230499
2016-04-22,112.506,113.0852,112.1036,112.6435,987620
2016-04-25,112.0055,112.879,111.6423,112.5453,1020256
2016-04-26,112.879,113.4189,112.349,113.0852,931609
2016-04-27,113.4091,114.8422,113.1931,113.7526,1378736
2016-04-28,113.8704,115.598,112.3981,112.879,2483645
2016-04-29,112.879,114.2925,112.241,113.6348,1969499
2016-05-02,113.6348,113.9882,112.3883,113.7919,1632685
2016-05-03,113.5563,113.8017,112.4275,112.7809,1150755
2016-05-04,112.349,112.8594,111.6423,112.5748,1317023
2016-05-05,112.7809,113.8312,112.1625,113.8017,904524
2016-05-06,113.7723,113.9342,112.2803,113.2717,851616
2016-05-09,113.6937,115.1268,113.4631,114.2827,1276480
2016-05-10,114.371,115.3133,114.1649,115.2151,922366
2016-05-11,115.0875,116.3734,114.7342,114.7734,903227
2016-05-12,115.0679,115.7746,113.9784,115.274,1284089
2016-05-13,114.9305,116.4225,114.4593,115.274,1667020
2016-05-16,115.3133,117.777,115.2839,117.3942,1545862
2016-05-17,116.8642,117.6298,115.6765,116.3145,1060197
2016-05-18,116.0691,117.512,115.6765,116.6286,929394
2016-05-19,116.0495,116.7464,114.7734,116.0102,1003004
2016-05-20,116.5893,117.5022,116.1869,117.1292,1650727
2016-05-23,117.1783,117.7574,116.766,117.2273,1150431
2016-05-24,117.5414,118.6702,117.2273,118.5328,1616929
2016-05-25,118.9647,120.015,118.68,119.6812,1592999
2016-05-26,119.5438,120.3683,118.7978,120.2309,1302073
2016-05-27,120.0837,121.1536,119.8088,120.8002,1022708
2016-05-31,120.6432,120.7315,119.0334,119.8579,2028868
2016-06-01,119.9659,120.1524,118.788,119.8972,952986
2016-06-02,119.8972,120.6432,119.426,120.6432,862247
2016-06-03,120.4567,120.5057,118.9892,119.5733,1246827
2016-06-06,119.5634,120.0346,118.9156,119.2984,2121741
2016-06-07,118.8175,118.8862,114.0765,117.2273,4130676
2016-06-08,117.2273,117.8654,115.9317,117.5513,1648596
2016-06-09,117.0997,117.9144,116.6188,117.1979,1115027
2016-06-10,116.766,117.0703,116.0347,117.031,1098841
2016-06-13,116.285,117.7476,115.9906,116.0593,1578051
2016-06-14,112.9183,114.6753,112.9183,114.6655,6192030
2016-06-15,114.8422,114.9894,113.9882,114.2729,1842203
2016-06-16,113.9391,114.6262,112.83,114.5575,2138462
2016-06-17,114.5182,114.7244,113.3207,114.3317,2234644
2016-06-20,115.3427,116.8445,115.1661,115.4802,2626610
2016-06-21,116.4028,116.8543,115.647,116.4029,2469931
2016-06-22,116.452,117.5634,116.2848,116.6783,1431352
2016-06-23,117.4159,118.9306,117.1946,118.9306,1941892
2016-06-24,115.8422,116.9438,114.4849,114.7702,6623793
2016-06-27,114.5931,114.7997,112.2326,113.4424,1726846
2016-06-28,114.7013,115.4882,113.6194,115.3898,1379301
2016-06-29,116.2947,117.3667,115.9308,117.1897,1309527
2016-06-30,117.7011,118.3995,116.7274,118.3995,1498957
2016-07-01,118.6453,119.0683,118.2716,118.6945,863285
2016-07-05,118.606,118.6342,117.2585,117.9765,1189373
2016-07-06,117.8487,119.8649,117.3667,119.7764,1837830
2016-07-07,119.5994,120.7796,119.5797,120.0125,1483580
2016-07-08,120.9075,122.9238,119.8846,122.8353,1370353
2016-07-11,122.7369,123.4254,122.3238,123.0221,1220278
2016-07-12,123.0615,124.104,122.7959,123.3959,1085675
2016-07-13,123.2779,123.5631,122.8648,123.5041,1055334
2016-07-14,124.0057,124.5663,123.5041,124.2122,1014397
2016-07-15,124.5663,124.704,123.091,123.3565,847199
2016-07-18,123.1992,124.0047,122.491,122.7664,1181455
2016-07-19,122.6976,123.2287,121.7632,122.4713,1170677
2016-07-20,123.268,124.5761,123.1156,124.4089,845725
2016-07-21,123.8778,125.0679,122.9434,123.2287,1109423
2016-07-22,122.7369,122.8648,120.6616,122.432,1532798
2016-07-25,122.432,122.432,121.2222,121.3206,1091386
2016-07-26,121.3206,121.832,120.5534,121.5862,1408195
2016-07-27,121.5862,121.7927,119.6289,120.6616,1563280
2016-07-28,124.4188,127.4481,123.9467,125.3728,2639224
2016-07-29,125.3728,129.1693,125.3581,128.9824,1958481
2016-08-01,128.7169,129.4054,128.3038,128.9037,1420988
2016-08-02,128.707,129.1988,127.5071,128.4415,1029293
2016-08-03,128.5497,128.6382,127.8317,128.2841,952380
2016-08-04,128.471,128.9234,127.3497,128.7562,969225
2016-08-05,129.0709,129.425,128.5398,129.2382,758127
2016-08-08,129.0808,129.6611,128.7365,129.4939,736789
2016-08-09,129.6807,130.9987,129.2234,130.9003,1117831
2016-08-10,126.8776,127.7628,125.7761,126.799,4586038
2016-08-11,126.8875,127.8415,126.8875,127.3694,2208679
2016-08-12,127.4776,127.8415,126.6416,127.212,867195
2016-08-15,127.3596,127.7923,127.2612,127.7727,1383622
2016-08-16,127.2514,127.3596,126.1892,126.1892,1206329
2016-08-17,126.7694,127.035,124.9991,125.6777,1411657
2016-08-18,125.8449,126.2383,125.2941,125.9138,1214679
2016-08-19,125.1859,125.8547,124.7335,125.6777,1024246
2016-08-22,125.7466,126.5137,124.8024,126.1498,797796
2016-08-23,126.5727,127.7628,126.4154,127.635,1202913
2016-08-24,127.7137,128.5398,125.4613,125.6974,1413478
2016-08-25,125.4023,126.7203,125.0482,126.0515,1269996
2016-08-26,126.4842,127.5464,125.54,127.3792,1379038
2016-08-29,127.576,128.8054,127.4284,128.4415,856928
2016-08-30,129.1005,129.1595,126.7301,127.7333,1093231
2016-08-31,127.812,127.9989,126.7773,127.4776,1145910
2016-09-01,127.3694,127.8317,125.9531,126.2383,965288
2016-09-02,126.7793,127.335,126.4744,127.2711,1086384
2016-09-06,127.4383,127.93,126.8875,127.8022,940858
2016-09-07,127.9694,129.0218,127.3989,127.8317,1024372
2016-09-08,127.6546,127.9399,127.0547,127.8612,829335
2016-09-09,126.8481,126.9121,123.2188,123.2287,1412278
2016-09-12,122.6976,124.8417,122.0189,124.4679,1713804
2016-09-13,123.7991,123.9958,120.8485,121.4878,1456911
2016-09-14,121.4189,122.0878,120.9468,121.3796,1518841
2016-09-15,121.3599,123.6516,120.9183,122.8353,1096090
2016-09-16,122.55,122.9238,121.4976,122.255,1590598
2016-09-19,122.8746,123.7204,122.491,122.9139,889141
2016-09-20,123.809,123.8778,122.7369,122.7369,754153
2016-09-21,123.0522,125.5651,123.0522,125.3384,896658
2016-09-22,125.8903,127.6937,125.6045,126.994,965444
2016-09-23,126.5111,126.8954,125.8607,126.4618,630400
2016-09-26,125.7425,125.9494,124.9147,125.033,590453
2016-09-27,125.2793,126.5308,124.6979,126.1465,935053
2016-09-28,125.9199,126.856,123.1902,126.7378,664696
2016-09-29,126.6688,126.9644,125.1611,125.979,1331820
2016-09-30,126.7969,128.5904,126.3845,128.1272,1391322
2016-10-03,127.6148,128.0188,126.9349,127.9893,1068031
2016-10-04,127.8809,128.2652,126.6491,127.3487,659045
2016-10-05,127.8612,129.1127,127.4571,128.6495,976658
2016-10-06,128.2455,128.9452,127.6148,128.886,679956
2016-10-07,128.9156,129.3393,128.147,129.093,763943
2016-10-10,129.5956,131.2708,129.4182,130.8076,832057
2016-10-11,130.3839,130.3839,123.742,124.7767,2182265
2016-10-12,124.9344,125.5158,123.3084,125.1906,1581878
2016-10-13,124.3431,125.368,123.6533,125.0625,860540
2016-10-14,125.8706,126.5801,125.2399,125.299,1307078
2016-10-17,125.3089,125.3779,124.6092,124.7767,741378
2016-10-18,125.8312,127.8119,125.7425,127.2206,1296784
2016-10-19,127.2305,127.5261,125.7524,126.2155,772296
2016-10-20,126.2943,126.8068,125.6242,126.3436,896967
2016-10-21,125.5257,125.8016,124.1658,125.6636,699529
2016-10-24,126.4224,126.787,125.8509,126.1268,788682
2016-10-25,126.0381,126.043,123.6435,123.7617,964044
2016-10-26,122.9635,123.1803,119.0612,119.3174,2060554
2016-10-27,119.3174,119.8495,117.8885,119.2287,1581724
2016-10-28,119.2188,122.1949,118.5685,120.766,2312613
2016-10-31,105.0777,106.822,102.417,103.8656,10077292
2016-11-01,104.9989,105.4424,101.6188,102.2495,5159771
2016-11-02,102.2002,102.6831,100.4363,100.5349,2948109
2016-11-03,100.5447,101.7667,99.8549,101.0473,2234703
2016-11-04,101.609,104.3879,101.5006,101.5104,2456157
2016-11-07,102.6043,103.8607,102.1904,102.9295,2165943
2016-11-08,101.1754,101.9145,98.2486,100.3476,5193149
2016-11-09,102.6536,102.6536,96.4058,100.1407,3794116
2016-11-10,100.9389,102.2298,97.6081,99.2144,2691824
2016-11-11,98.7216,99.0961,96.2876,96.6029,2873234
2016-11-14,96.7113,96.7409,94.2379,96.5635,4405932
2016-11-15,96.9971,100.5536,96.938,99.9731,3504737
2016-11-16,99.4312,99.9337,98.6625,99.4114,1589269
2016-11-17,99.3326,100.0323,99.2587,99.3326,1652448
2016-11-18,99.5691,100.4757,99.0912,99.1749,2409857
2016-11-21,99.1749,100.8206,98.8497,100.6038,1709017
2016-11-22,99.4804,99.4804,96.7705,99.3425,3093687
2016-11-23,98.7315,100.3772,98.6329,99.5297,1479494
2016-11-25,100.5151,101.4316,100.1111,100.8699,708317
2016-11-28,100.7516,101.8356,100.3575,100.4954,1587904
2016-11-29,102.0623,102.8211,101.4612,101.8948,2183053
2016-11-30,101.9342,102.1904,100.1604,100.3772,1960069
2016-12-01,100.3082,100.9192,97.6672,98.3373,1547919
2016-12-02,98.7019,100.0815,98.1402,98.7413,1155051
2016-12-05,99.5593,100.0323,98.6995,99.9534,1789995
2016-12-06,99.7071,103.2153,99.2242,103.0871,2005054
2016-12-07,102.7127,103.6883,101.7962,102.8999,1558797
2016-12-08,102.9295,103.2744,102.2692,102.9295,1272927
2016-12-09,103.6291,103.9642,102.9048,103.6883,1324641
2016-12-12,103.9051,104.904,103.6883,104.2697,1449410
2016-12-13,104.2303,105.4217,103.8558,105.1763,1020428
2016-12-14,104.5456,104.7181,102.486,103.3434,2068444
2016-12-15,101.0079,102.3284,99.3426,101.1557,3247635
2016-12-16,100.9192,102.0229,100.86,101.9933,2861048
2016-12-19,101.9539,102.2643,101.1064,101.3626,1145341
2016-12-20,101.3823,101.9933,100.116,100.3673,1764590
2016-12-21,100.3476,100.8699,99.8943,100.1801,1480702
2016-12-22,100.1998,100.2392,99.4016,100.0914,854472
2016-12-23,100.0914,101.205,99.9534,100.8305,664037
2016-12-27,101.0079,101.8849,100.4954,101.6385,1146546
2016-12-28,101.5793,102.9226,101.5793,101.7966,1315584
2016-12-29,101.7373,102.4683,101.5694,102.2312,683275
2016-12-30,102.0435,102.6559,101.5892,101.9349,973822
2017-01-03,102.5967,102.6263,101.3324,102.0633,1381230
2017-01-04,102.6065,104.0536,102.1127,103.0016,1502751
2017-01-05,103.298,103.9894,102.8337,103.6634,1453888
2017-01-06,103.8511,104.0189,102.3497,103.6733,1820999
2017-01-09,103.4856,105.8849,103.4856,105.6883,1163298
2017-01-10,109.1553,114.5187,109.1454,112.2765,3973411
2017-01-11,112.5926,114.736,112.0297,113.3433,2484963
2017-01-12,112.316,113.4914,110.6072,113.0272,1546694
2017-01-13,113.2149,113.9952,112.6914,113.7878,1034388
2017-01-17,112.8099,114.331,112.6519,114.0347,1242217
2017-01-18,114.2421,114.578,113.3186,114.0545,902359
2017-01-19,113.6989,113.9616,112.5235,113.1754,934646
2017-01-20,113.3927,113.9261,111.8024,112.2568,1401788
2017-01-23,111.9901,113.0667,111.9901,112.7605,1369725
2017-01-24,112.5333,113.9261,112.1086,113.1556,1336273
2017-01-25,113.1556,114.7656,112.9877,114.5187,1485205
2017-01-26,114.4891,114.8348,113.5211,113.9359,1147575
2017-01-27,114.41,116.3559,114.1038,115.5262,1213179
2017-01-30,115.4077,115.4077,113.5408,113.9754,2850628
2017-01-31,114.4397,118.9339,114.4397,116.8794,2962984
2017-02-01,117.3535,117.7881,115.9114,117.0572,1461410
2017-02-02,116.3065,116.8695,115.6151,116.1781,1685659
2017-02-03,116.751,117.5017,116.188,116.6917,1019068
2017-02-06,116.3361,116.8251,115.299,115.8028,1075180
2017-02-07,116.3855,116.9288,115.6744,116.6621,800086
2017-02-08,116.425,116.7707,115.4175,115.7139,1010993
2017-02-09,116.0398,116.6522,115.6744,116.1583,1001989
2017-02-10,116.0991,116.3672,115.4373,115.8917,780506
2017-02-13,115.9904,116.6719,115.8028,116.3065,659936
2017-02-14,115.941,116.3065,115.2496,115.7435,1129794
2017-02-15,115.3286,116.3065,115.2798,115.8719,1160216
2017-02-16,116.1287,116.5534,114.4496,114.894,1490726
2017-02-17,114.7854,115.4373,113.9162,115.4373,1220881
2017-02-21,115.5064,116.1089,115.1113,115.7336,1495848
2017-02-22,115.4373,115.8126,114.9335,115.4669,1327892
2017-02-23,115.5953,115.9509,114.0742,114.9533,1463677
2017-02-24,114.4891,115.6348,114.2224,115.4867,990259
2017-02-27,115.6645,115.862,114.9039,115.5262,1578240
2017-02-28,115.5361,116.0398,115.2002,115.6447,1244188
2017-03-01,116.1188,117.9857,115.9114,117.4325,1101843
2017-03-02,117.0473,117.1461,116.0793,116.5732,772240
2017-03-03,116.4843,116.9288,115.862,116.83,708081
2017-03-06,116.0497,116.3164,115.4966,115.783,851775
2017-03-07,115.3978,115.8917,114.7854,115.6348,887630
2017-03-08,115.6447,116.4448,115.2101,116.1583,904833
2017-03-09,116.3954,117.9857,115.5262,117.719,1116468
2017-03-10,117.7881,118.924,117.7881,118.6079,1544366
2017-03-13,118.7759,119.1611,117.7486,118.3215,1630847
2017-03-14,117.7387,118.2425,117.0127,117.2251,961606
2017-03-15,117.64,118.6968,117.1165,118.1832,1016267
2017-03-16,118.7265,118.7265,117.393,117.9462,1081384
2017-03-17,117.8869,120.5933,117.3831,120.1785,2289891
2017-03-20,120.1093,120.7711,119.6154,120.1587,1342973
2017-03-21,120.5044,121.6403,119.1216,119.4969,1339068
2017-03-22,119.4772,120.8995,119.1216,119.892,1005811
2017-03-23,119.7537,120.2278,118.6376,118.924,999707
2017-03-24,118.924,119.6253,118.8351,119.1808,716485
2017-03-27,118.0449,118.9734,117.3634,118.8154,1450144
2017-03-28,119.408,119.971,118.4697,119.7043,888909
2017-03-29,119.5954,120.5158,119.4965,120.12,507427
2017-03-30,119.7241,120.6544,119.6548,120.1101,526504
2017-03-31,119.5459,121.1969,119.2787,120.8523,860921
2017-04-03,120.7237,121.0206,119.0412,120.1002,971768
2017-04-04,120.3872,120.5406,118.4771,119.5261,577002
2017-04-05,119.5163,120.2981,118.8136,118.9422,783901
2017-04-06,119.1798,119.2292,118.3484,118.962,885907
2017-04-07,118.8828,119.1897,118.5364,118.6453,436757
2017-04-10,118.7443,119.5261,118.5364,118.7938,457851
2017-04-11,118.576,118.7938,118.0232,118.3484,497787
2017-04-12,117.6853,118.3682,117.2993,117.9426,657459
2017-04-13,117.8041,118.9917,117.1212,118.2989,688388
2017-04-17,118.7839,119.9121,118.5068,119.9121,555660
2017-04-18,119.3381,119.6499,117.9426,118.3385,953037
2017-04-19,118.962,119.536,118.2989,119.0214,797483
2017-04-20,119.0907,120.9909,118.2296,120.595,833455
2017-04-21,120.407,120.8078,119.5608,119.9418,814241
2017-04-24,121.2086,122.2478,120.5653,122.0004,903206
2017-04-25,122.1291,123.4751,121.7431,123.2078,1076841
2017-04-26,123.3662,124.1283,122.6932,124.0293,1745086
2017-04-27,114.3104,117.2795,113.8156,116.8836,5906553
2017-04-28,116.5373,118.662,115.8247,118.4177,2363715
2017-05-01,118.4573,120.694,117.7744,119.5756,2195741
2017-05-02,119.6548,120.0012,119.0511,119.3876,1160130
2017-05-03,119.2193,119.4866,117.3785,118.1999,1084298
2017-05-04,118.1208,118.4474,114.9834,115.6465,2344086
2017-05-05,116.2502,116.2502,114.5579,115.3397,1501149
2017-05-08,115.409,116.0028,114.835,115.7059,1233047
2017-05-09,115.6465,117.616,115.597,117.4379,1453842
2017-05-10,117.2696,118.4771,116.8243,118.2593,1349640
2017-05-11,118.5958,119.9121,117.4181,119.7736,2013299
2017-05-12,119.6152,121.6639,119.3084,120.0111,2028533
2017-05-15,119.734,121.8519,118.863,121.0701,2520078
2017-05-16,118.9125,120.4466,117.1806,118.5463,3868806
2017-05-17,117.7744,118.3286,116.1612,116.5076,1767794
2017-05-18,116.5076,117.3785,115.6168,116.0523,1089717
2017-05-19,116.3591,116.7352,115.023,116.4581,1006136
2017-05-22,116.8441,116.8441,115.7257,116.5768,1016001
2017-05-23,116.7748,117.0717,116.0721,116.5966,1257182
2017-05-24,116.6857,117.9624,116.1909,117.8733,1165057
2017-05-25,118.1307,118.6552,117.7348,118.0713,631436
2017-05-26,118.2197,118.4177,117.6853,118.002,648440
2017-05-30,117.3983,117.8239,116.8045,117.2102,520728
2017-05-31,117.2102,118.1802,116.3888,117.9822,817396
2017-06-01,118.4474,121.7827,118.0812,121.4066,1632684
2017-06-02,120.4961,123.0693,120.4961,122.6635,1394223
2017-06-05,123.0594,123.0594,121.9212,122.6536,1030118
2017-06-06,122.228,123.1633,122.228,122.8911,1118708
2017-06-07,123.2177,123.4454,122.6239,123.0693,835690
2017-06-08,123.2573,124.2668,122.6239,123.8808,1032277
2017-06-09,123.9006,124.6429,122.4656,123.7225,1332168
2017-06-12,123.2969,123.8017,121.654,123.7126,1023838
2017-06-13,123.4751,124.4747,123.2474,124.1777,648458
2017-06-14,124.6726,124.7023,123.673,124.3064,803398
2017-06-15,123.574,124.9002,123.1336,124.5439,851392
2017-06-16,124.9002,125.0784,124.1382,124.6231,1084033
2017-06-19,124.92,125.9591,124.5043,125.7811,912365
2017-06-20,125.9493,126.5728,125.7761,125.9097,869677
2017-06-21,126.5145,127.8829,125.6915,127.4367,1092922
2017-06-22,127.4565,129.1025,127.4565,128.2993,1143893
2017-06-23,128.5571,128.5571,127.7738,128.0019,3304348
2017-06-26,128.2498,128.7257,127.397,127.9721,1016914
2017-06-27,127.7341,128.0217,126.7029,127.1689,926915
2017-06-28,128.0614,128.3291,127.2879,127.4268,1121646
2017-06-29,127.8531,127.863,125.9295,126.812,1311461
2017-06-30,126.812,127.8333,126.812,127.3177,742393
2017-07-03,127.9225,128.0118,127.1194,127.2979,546059
2017-07-05,127.4664,127.8928,125.2552,126.693,1859818
2017-07-06,126.0485,126.455,124.343,124.571,1532397
2017-07-07,124.8883,126.6186,124.4223,126.0386,1035716
2017-07-10,126.0485,126.6335,125.8006,126.3261,1025625
2017-07-11,126.3162,126.4253,125.404,125.4238,1188410
2017-07-12,127.3772,127.9027,124.5611,125.2949,3142251
2017-07-13,125.4634,129.866,124.7842,127.8928,4104118
2017-07-14,128.1704,131.9682,128.1209,131.3732,1818717
2017-07-17,131.393,132.3648,130.7882,131.4922,943330
2017-07-18,131.165,131.5021,129.5884,130.0743,1516012
2017-07-19,130.2428,131.0857,129.7669,129.9652,1433982
2017-07-20,130.2924,130.3717,128.2498,128.3787,2567889
2017-07-21,128.458,129.1124,128.0812,128.5175,912890
2017-07-24,128.7257,128.8546,126.8219,127.7044,1813285
2017-07-25,128.1109,128.3489,127.1095,127.6846,1214034
2017-07-26,127.7341,128.2101,127.4168,127.6152,1323219
2017-07-27,126.5145,126.5244,123.8373,124.3826,3787008
2017-07-28,123.7084,123.9166,122.6176,122.7366,1523106
2017-07-31,122.6573,122.6573,120.0495,120.2974,2260806
2017-08-01,116.2815,117.0847,115.3593,116.9359,1698086
2017-08-02,119.2562,119.3256,116.4005,116.698,2558114
2017-08-03,116.222,117.164,115.4089,116.1724,2036642
2017-08-04,116.2815,117.0847,115.3593,116.9359,1698086
2017-08-07,116.926,116.9954,115.865,116.2022,807533
2017-08-08,116.0931,116.0931,113.6043,114.0703,1551015
2017-08-09,112.9895,113.3167,111.275,111.9087,1852423
2017-08-10,111.4724,111.631,109.162,109.2017,2219784
2017-08-11,109.4992,111.4129,109.3207,110.7585,1497171
2017-08-14,111.631,112.692,110.8874,111.5616,957708
2017-08-15,112.0673,112.4441,111.2245,112.0177,1355997
2017-08-16,112.7218,113.3365,111.988,112.1268,1519991
2017-08-17,112.0475,113.1283,111.403,111.4724,1070211
2017-08-18,111.522,111.522,110.3916,110.4411,1036099
2017-08-21,110.689,112.226,110.6097,111.8194,1260703
2017-08-22,111.7996,113.1283,111.5914,112.9994,1640644
2017-08-23,112.0872,112.4937,111.0064,111.3336,1317767
2017-08-24,111.8789,112.9944,111.4625,111.8988,993916
2017-08-25,112.5334,112.9796,112.1665,112.2359,750381
2017-08-28,112.6127,112.692,111.3831,111.9384,769563
2017-08-29,111.4327,112.1863,110.9369,111.869,704265
2017-08-30,111.8591,112.1169,111.046,112.0574,1080046
2017-08-31,112.5532,113.9612,112.2458,113.3068,1231400
2017-09-01,113.5051,113.753,112.5482,113.3663,711786
2017-09-05,113.1085,114.3579,112.464,113.277,1502305
2017-09-06,113.5646,114.8636,112.9002,114.6553,1045840
2017-09-07,114.6553,115.1412,114.2835,114.695,673201
2017-09-08,114.3579,115.6271,113.9513,114.7247,999596
2017-09-11,115.2701,115.9046,114.6355,114.8239,944820
2017-09-12,114.7644,116.4996,114.3678,115.4486,987143
2017-09-13,115.3395,115.5477,114.3182,114.9131,919607
2017-09-14,114.7247,115.3693,114.6454,115.0123,1697738
2017-09-15,114.9528,115.1412,113.4754,114.4967,1626722
2017-09-18,114.6355,115.4188,114.2686,115.3197,1336364
2017-09-19,115.3693,115.9939,114.338,114.5066,2208448
2017-09-20,114.6752,115.6866,114.2587,115.2404,1242320
2017-09-21,115.5086,115.5633,111.9614,112.339,1399643
2017-09-22,112.3688,113.7499,111.9366,113.6704,1599104
2017-09-25,113.6605,114.7336,112.2496,113.6406,1386717
2017-09-26,113.7897,114.823,113.432,114.0182,1008227
2017-09-27,114.4256,115.6279,113.6307,115.5086,1184591
2017-09-28,115.3695,115.5583,114.3858,114.9224,984883
2017-09-29,114.982,116.3929,114.664,116.3433,1058684
2017-10-02,116.5718,117.4561,115.8067,116.9494,1013022
2017-10-03,117.2375,117.3667,115.3397,115.4093,1054921
2017-10-04,115.4192,116.8699,115.1261,116.7805,1459959
2017-10-05,116.8103,118.8273,116.5221,118.4001,1077470
2017-10-06,117.8238,118.559,117.3071,118.5094,870625
2017-10-09,118.4796,118.4796,116.3035,116.7705,962774
2017-10-10,116.7705,118.0026,116.7705,117.6549,1087674
2017-10-11,117.4462,118.0126,116.9991,117.8834,918217
2017-10-12,117.5952,119.9799,117.3071,119.8607,1486018
2017-10-13,119.5825,119.8209,118.261,118.9366,798696
2017-10-16,118.8373,119.0757,118.2709,118.7478,1352374
2017-10-17,118.9068,119.2148,118.0424,119.1652,845555
2017-10-18,119.3539,120.0992,119.1055,119.9203,878571
2017-10-19,120.129,121.1623,119.4036,121.1027,1098127
2017-10-20,121.5896,122.0441,120.5463,121.5697,792749
2017-10-23,121.7684,123.0303,120.8643,120.9239,880431
2017-10-24,121.1723,121.3313,119.5725,120.437,1325896
2017-10-25,120.2283,120.9139,119.1652,120.7251,916652
2017-10-26,120.7251,121.212,119.9998,120.2283,1186293
2017-10-27,121.2617,123.9544,120.2383,123.6663,1494615
2017-10-30,122.5932,123.0999,120.1091,120.5761,1588457
2017-10-31,120.9437,121.6487,120.1141,120.8444,1822879
2017-11-01,111.1963,116.378,110.0834,114.356,4569988
2017-11-02,114.1672,114.4206,110.5803,111.6037,3478298
2017-11-03,109.378,110.2921,107.8478,108.5533,3918693
2017-11-06,108.6228,109.8102,108.2552,108.6427,2515318
2017-11-07,109.2786,109.2786,107.4802,108.0266,1279257
2017-11-08,112.6867,112.9351,111.9216,112.6669,830341
2017-11-09,108.3347,111.1466,108.2353,111.1268,1642424
2017-11-10,110.5703,111.0473,108.8712,110.0437,973441
2017-11-13,109.378,110.5902,109.1793,110.3517,1275595
2017-11-14,112.1204,112.2495,110.4113,111.4944,1308215
2017-11-15,111.2559,111.4745,109.6363,110.3716,1149971
2017-11-16,110.6001,112.2297,110.2722,111.5242,1631906
2017-11-17,110.7889,111.6434,110.7889,110.8982,1043296
2017-11-20,111.2857,111.9614,110.8982,111.4646,939004
2017-11-21,112.2694,113.5909,111.8422,112.8358,1118532
2017-11-22,112.806,112.9351,111.7428,112.3489,785873
2017-11-24,112.2297,112.5874,111.3652,112.3489,289061
2017-11-27,112.6867,112.9351,111.9216,112.6669,830341
2017-11-28,112.6669,114.6442,111.6534,114.4753,1820426
2017-11-29,114.7634,115.9955,114.2666,115.7769,1756700
2017-11-30,115.9657,116.9693,115.2652,116.3532,1890606
2017-12-01,116.5917,116.9196,113.0842,113.8393,1487913
2017-12-04,114.3262,115.5285,113.8592,114.0877,1382970
2017-12-05,114.674,115.3646,113.8294,114.7535,1261078
2017-12-06,114.4454,115.2503,113.9188,115.0416,917133
2017-12-07,115.1609,115.4897,113.7698,114.048,960680
2017-12-08,114.0679,114.2666,111.9316,112.6569,1680560
2017-12-11,112.4582,113.3425,112.4582,112.7861,1144919
2017-12-12,112.9153,113.73,112.6669,112.8159,1594403
2017-12-13,112.5278,113.7996,112.5278,112.796,2815515
2017-12-14,112.8656,113.1736,112.0806,112.1005,1289909
2017-12-15,112.8656,114.8926,112.7364,114.5051,2158057
2017-12-18,115.4689,115.5583,113.5711,113.7002,1465546
2017-12-19,118.5441,123.3781,117.5952,120.6059,4417187
2017-12-20,120.1985,121.6095,119.8508,120.4072,1564865
2017-12-21,120.7649,121.1127,119.0459,119.185,1087648
2017-12-22,119.1353,119.4732,118.8671,119.3539,714892
2017-12-26,119.4036,119.8011,119.0559,119.195,372887
2017-12-27,119.2347,120.1588,119.0757,119.3738,831290
2017-12-28,119.6526,121.4149,118.7466,121.2157,991603
2017-12-29,121.2157,121.4149,120.0907,120.1405,1023624
2018-01-02,120.469,123.7247,120.026,123.5156,1765933
2018-01-03,124.1628,124.8497,123.4061,124.3718,1328947
2018-01-04,124.7402,126.154,122.8685,124.1926,1073156
2018-01-05,124.342,125.6562,123.7664,125.4272,1063390
2018-01-08,125.1086,126.154,124.551,125.6661,1250077
2018-01-09,126.1639,126.4626,123.5056,123.645,1999172
2018-01-10,123.5753,123.8541,120.2351,121.9923,1956693
2018-01-11,122.2313,122.5996,120.6632,121.7534,1304778
2018-01-12,122.281,122.5001,121.0465,121.5642,1014391
2018-01-16,121.7832,122.51,120.5586,121.146,1396586
2018-01-17,121.7036,122.2909,121.1759,121.9525,1168080
2018-01-18,121.8828,122.2213,121.0166,121.6538,1077740
2018-01-19,121.6986,124.1428,121.6986,122.9381,1804547
2018-01-22,122.9581,125.7159,122.3507,125.6462,1364081
2018-01-23,125.0986,125.3973,123.4857,123.9636,1225159
2018-01-24,124.5013,125.2679,123.7247,124.4714,1054136
2018-01-25,125.2579,125.2579,123.5953,124.1926,1038145
2018-01-26,124.2125,125.9648,123.4857,125.6761,1390852
2018-01-29,125.7358,128.7704,125.696,126.831,2537983
2018-01-30,122.51,128.5833,120.9867,125.3874,2882961
2018-01-31,126.0743,128.4937,124.6207,126.5622,1939199
2018-02-01,125.7956,128.1552,125.1584,127.6275,1756300
2018-02-02,126.4925,126.6418,125.0588,125.238,1392663
2018-02-05,124.2424,126.8609,121.833,122.6395,2098830
2018-02-06,120.469,122.3906,118.9756,121.7633,2166000
2018-02-07,121.1162,122.978,120.2102,120.25,1145267
2018-02-08,119.9712,120.1106,114.9932,115.023,1659191
2018-02-09,115.5408,116.8948,112.4743,115.8793,2145928
2018-02-12,116.4468,116.9779,114.5451,116.0087,1467568
2018-02-13,115.3217,115.6702,114.3659,115.4213,1081107
2018-02-14,114.7244,117.4424,114.7244,117.1835,760756
2018-02-15,117.6315,119.3739,117.2831,119.2643,1266113
2018-02-16,119.1747,121.1261,118.4081,119.9513,696599
2018-02-20,119.2743,120.1903,117.98,118.199,663733
2018-02-21,118.8064,120.1703,118.1393,118.1592,988644
2018-02-22,118.7267,119.4734,116.8251,117.064,888237
2018-02-23,117.8605,118.4181,117.1039,118.3285,633298
2018-02-26,118.3782,119.5033,117.8804,119.3539,638580
2018-02-27,119.3938,119.6725,117.6017,117.6216,854944
2018-02-28,117.6315,118.4081,115.71,115.7399,819691
2018-03-01,115.491,116.0784,112.0263,113.0517,1044619
2018-03-02,112.7331,116.9247,112.5142,116.5364,1181906
2018-03-05,116.1282,118.1393,115.7498,117.6116,1048505
2018-03-06,117.8605,118.0298,116.4169,117.5718,1106050
2018-03-07,116.8151,121.1261,116.8151,120.469,1345883
2018-03-08,121.166,121.166,119.1847,119.6825,1272529
2018-03-09,120.2102,120.9021,119.6128,120.3296,874600
2018-03-12,120.3794,120.5885,117.303,117.7411,2030422
2018-03-13,118.0796,118.3185,116.9943,117.4025,1459293
2018-03-14,118.0198,118.2239,115.2819,115.7299,1344906
2018-03-15,116.4069,117.3826,114.8637,115.4113,1199792
2018-03-16,115.6901,116.9645,115.6901,116.3173,1248845
2018-03-19,116.2178,116.2277,113.4002,114.2465,891132
2018-03-20,114.5053,114.7144,113.1513,113.898,928027
2018-03-21,114.1569,114.575,113.3753,113.8781,936639
2018-03-22,113.1413,113.9179,110.8315,110.8912,1213233
2018-03-23,109.0991,109.7363,106.8491,106.9685,2511942
2018-03-26,107.9044,109.4377,107.2174,109.2784,1273953
2018-03-27,109.4078,109.8259,107.4066,108.004,1218450
2018-03-28,108.3033,109.4009,107.8543,107.9241,995389
2018-03-29,108.5527,109.3808,107.3653,108.8022,1356117
2018-04-02,108.6525,109.1614,104.6612,106.1679,1234992
2018-04-03,106.2577,107.4052,105.0204,106.9063,1154730
2018-04-04,105.8187,107.2655,105.22,107.1258,1263284
2018-04-05,107.6547,109.1614,106.9762,108.1137,738974
2018-04-06,107.515,107.7046,104.0526,104.9506,861253
2018-04-09,105.4296,107.8443,105.0753,105.9684,1205590
2018-04-10,106.8365,108.408,106.7766,107.056,1189153
2018-04-11,106.2178,106.6968,105.3996,105.7987,637441
2018-04-12,105.9484,106.7766,105.5593,106.1879,737608
2018-04-13,106.7866,107.1009,104.791,105.3398,797854
2018-04-16,105.9784,107.6946,105.5892,107.0061,1328186
2018-04-17,107.6746,109.1564,105.699,108.5827,1208024
2018-04-18,108.5128,110.708,108.4929,109.8399,1579860
2018-04-19,109.8898,110.728,109.4109,110.4985,1359514
2018-04-20,110.8178,111.9254,109.6204,110.0794,1541601
2018-04-23,110.2291,112.0451,109.79,110.9974,1459854
2018-04-24,111.3766,111.5362,108.2434,109.2013,1000814
2018-04-25,108.7224,110.4586,107.8044,110.3488,1087243
2018-04-26,108.7623,114.9807,107.4551,114.849,3075241
2018-04-27,114.1605,117.4223,112.4642,116.665,1993717
2018-04-30,116.8147,117.2537,114.7691,114.9188,1692361
2018-05-01,114.9787,117.7327,114.4698,116.6949,2459306
2018-05-02,116.3457,117.7826,116.1761,117.2038,1802966
2018-05-03,116.5253,116.5852,113.9609,114.9288,1748887
2018-05-04,114.4698,116.5952,114.0557,115.9665,1280147
2018-05-07,116.2758,117.303,116.0863,116.7348,1428876
2018-05-08,116.4555,117.0342,115.1882,115.737,1305605
2018-05-09,115.9965,116.685,115.1383,115.9565,1264653
2018-05-10,116.2858,117.9622,115.9565,117.0442,1144217
2018-05-11,116.7648,117.3236,115.2481,116.186,944693
2018-05-14,116.186,116.186,114.4399,114.9487,1459424
2018-05-15,114.5197,114.5197,112.4243,112.9431,1566467
2018-05-16,112.8533,114.9388,111.5163,114.2902,1116329
2018-05-17,114.5995,115.5874,113.8005,114.7991,754786
2018-05-18,114.7492,114.8989,113.6715,114.2503,1334494
2018-05-21,114.7991,115.1383,113.9098,114.0607,676435
2018-05-22,114.0507,114.543,112.544,112.7037,790616
2018-05-23,112.3345,113.1826,111.6759,112.4642,886312
2018-05-24,112.7535,113.6217,111.2568,111.4963,1292173
2018-05-25,111.4464,112.7336,110.6282,110.8377,786937
2018-05-29,109.9297,110.4067,108.2534,109.0317,1053014
2018-05-30,109.361,110.9675,109.2462,110.4087,653207
2018-05-31,110.4785,112.1249,110.3528,111.2668,1551047
2018-06-01,111.9453,113.1427,111.7757,112.3644,1015759
2018-06-04,112.554,113.9674,112.4742,113.4121,1099096
2018-06-05,113.4919,113.8811,112.6837,112.8932,945389
2018-06-06,112.9631,113.9509,112.4442,113.931,540492
2018-06-07,113.9609,114.4049,112.6248,113.4221,710321
2018-06-08,113.6616,114.36,112.9232,114.2503,412887
2018-06-11,114.1705,114.7292,113.1227,113.9609,822426
2018-06-12,114.0308,114.5496,113.6416,113.901,720079
2018-06-13,114.2503,115.3379,113.6316,113.7314,885127
2018-06-14,114.0906,114.6893,113.457,114.6294,1060060
2018-06-15,114.3301,115.1583,112.0351,113.1327,1521806
2018-06-18,112.4841,112.7336,110.8477,111.5961,788435
2018-06-19,111.1969,111.621,110.4087,111.5661,610758
2018-06-20,111.636,112.6637,111.0573,111.8455,856321
2018-06-21,111.646,112.085,110.6581,111.2668,640077
2018-06-22,111.2568,112.6238,110.5184,111.5163,1649632
2018-06-25,111.1071,111.3067,109.2612,110.4885,923530
2018-06-26,111.2568,112.9232,110.7479,112.3145,1201587
2018-06-27,111.2369,113.2525,109.321,109.82,2129918
2018-06-28,109.55,111.61,109.51,111.27,854491
2018-06-29,111.59,113.32,111.38,111.44,916594
2018-07-02,110.49,111.92,109.98,111.82,769924
2018-07-03,111.8,112.76,110.05,111.93,519165
2018-07-05,112.13,113.03,111.664,112.86,688324
2018-07-06,113.0,115.12,112.81,114.0,930298
2018-07-09,114.04,115.14,114.03,114.66,577980
2018-07-10,114.91,115.23,114.14,114.8,399257
2018-07-11,114.11,115.0,114.08,114.16,433078
2018-07-12,114.75,114.75,113.11,114.04,609360
2018-07-13,114.42,115.0,113.58,114.89,698094
2018-07-16,114.89,114.99,112.24,112.63,716525
2018-07-17,112.77,114.115,112.01,113.76,851864
2018-07-18,114.05,114.95,112.13,112.38,1002505
2018-07-19,112.3,112.58,111.13,112.24,932032
2018-07-20,111.94,112.55,111.52,111.66,826635
2018-07-23,111.26,112.95,110.6,112.9,1158878
2018-07-24,113.63,115.03,112.74,114.61,1224629
2018-07-25,114.1,117.54,114.0,117.14,1236738
2018-07-26,117.42,117.84,116.2,117.11,1606911
2018-07-27,126.0,127.15,122.86,126.2,3642805
2018-07-30,126.82,128.38,125.8901,126.51,2060274
2018-07-31,126.37,126.99,124.72,125.52,1936601
2018-08-01,125.24,126.22,124.93,125.42,1579551
2018-08-02,124.71,125.41,123.44,124.4,1350624
2018-08-03,124.2,126.0,122.96,125.91,1505904
2018-08-06,125.47,126.84,124.83,126.02,759747
2018-08-07,125.86,126.3,125.26,125.44,572223
2018-08-08,125.37,125.605,123.92,123.98,828699
2018-08-09,123.95,124.63,123.57,123.74,550776
2018-08-10,123.21,123.39,121.82,122.57,683529
2018-08-13,122.5,123.31,121.46,122.45,1080037
2018-08-14,122.33,122.99,121.75,122.38,492750
2018-08-15,122.25,122.945,120.97,122.71,839759
2018-08-16,122.93,123.2555,122.38,122.76,690355
2018-08-17,122.82,124.17,122.19,123.86,787841
2018-08-20,123.88,124.92,123.88,124.67,702430
2018-08-21,125.12,125.7,124.01,124.27,840818
2018-08-22,123.8,125.03,123.47,124.84,470639
2018-08-23,124.68,124.9,124.0,124.48,515021
2018-08-24,124.52,125.9,124.52,125.4,1039925
2018-08-27,125.45,126.6,122.59,125.3,1978463
2018-08-28,125.75,126.123,125.17,125.98,1161713
2018-08-29,126.44,127.41,126.15,126.51,744874
2018-08-30,126.07,126.25,123.52,123.77,1402888
2018-08-31,123.15,123.74,122.77,123.63,723696
2018-09-04,123.96,124.68,121.36,121.97,1171009
2018-09-05,121.41,122.86,120.5,122.52,821850
2018-09-06,122.47,123.92,122.09,123.56,688652
2018-09-07,123.41,124.32,123.3746,123.78,661669
2018-09-10,124.34,124.34,122.78,123.19,682504
2018-09-11,122.92,123.92,122.27,123.27,816172
2018-09-12,123.31,126.38,123.31,126.19,1643427
2018-09-13,126.19,129.92,126.07,129.66,2444517
