date,open,high,low,close,volume
2013-09-16,30.2616,30.9739,30.2135,30.6562,7070796
2013-09-17,30.8102,31.2963,30.7814,31.1664,4616280
2013-09-18,31.0701,31.5033,30.7621,31.4936,3913180
2013-09-19,31.5706,31.6669,30.9498,31.2915,4128746
2013-09-20,31.4551,31.5225,30.6755,30.9835,11394572
2013-09-23,30.9835,30.9835,30.175,30.3964,3322080
2013-09-24,30.4349,30.4782,30.0402,30.3001,2186303
2013-09-25,30.3001,30.406,29.867,29.8959,3165797
2013-09-26,30.0499,30.4541,30.0306,30.3964,2289127
2013-09-27,30.3771,30.4156,29.8862,29.9825,2391036
2013-09-30,29.9344,30.1461,29.7687,29.9536,2890360
2013-10-01,29.9536,30.8391,29.8477,30.5889,3263242
2013-10-02,30.483,30.9257,30.252,30.8006,3071508
2013-10-03,30.5985,30.6274,30.1654,30.3001,2520456
2013-10-04,31.0797,31.3396,30.4541,30.8487,5795504
2013-10-07,30.5119,31.1664,30.406,30.7332,4420227
2013-10-08,30.6659,30.886,30.2809,30.3482,4162684
2013-10-09,30.5407,30.5407,29.9151,30.252,3379940
2013-10-10,30.5889,31.1471,30.2905,31.1471,4397614
2013-10-11,31.2241,31.5418,30.8295,31.1856,6164770
2013-10-14,30.8295,31.2434,30.6659,31.0797,2523926
2013-10-15,31.0124,31.2049,30.8006,30.868,2326575
2013-10-16,31.0509,31.7294,31.0509,31.6573,3625856
2013-10-17,31.5995,31.946,31.5418,31.792,2891468
2013-10-18,31.9171,32.0516,31.6188,31.9749,3979447
2013-10-21,31.9171,32.0904,31.3974,31.5418,2677751
2013-10-22,31.6861,31.7631,31.0509,31.2915,3084570
2013-10-23,31.2626,31.6669,31.2626,31.3781,2817661
2013-10-24,31.5225,31.6572,31.2819,31.5129,2351477
2013-10-25,31.5706,31.5706,31.1375,31.253,1480824
2013-10-28,31.3108,31.3108,30.7429,30.7814,3621064
2013-10-29,30.791,31.0894,30.7236,30.8295,2912021
2013-10-30,31.0272,31.4516,30.815,30.9211,4398642
2013-10-31,30.8632,31.1333,30.5353,30.5353,4241692
2013-11-01,30.6414,30.7957,30.2653,30.7089,5890546
2013-11-04,30.7089,30.8488,30.4003,30.7957,3838920
2013-11-05,30.7668,30.8295,30.1495,30.5643,6266706
2013-11-06,30.9404,31.0368,29.7927,30.1592,6723140
2013-11-07,30.2653,30.4099,29.7637,29.9373,5204590
2013-11-08,30.0627,30.5064,29.8602,30.4678,4664000
2013-11-11,30.5739,30.8632,30.4967,30.6414,3078718
2013-11-12,30.6221,30.8439,30.3328,30.7089,3204215
2013-11-13,30.5257,30.68,30.1688,30.5932,4179762
2013-11-14,30.7957,31.0368,30.3617,30.5546,2945035
2013-11-15,30.5643,30.7379,30.2942,30.68,3601726
2013-11-18,30.7089,30.8247,30.3424,30.4967,2927512
2013-11-19,30.5353,30.815,30.0917,30.3038,2571776
2013-11-20,30.3038,30.6896,30.1013,30.2556,2374419
2013-11-21,30.3714,30.5932,30.2074,30.4582,4425171
2013-11-22,30.516,30.6028,30.1351,30.246,3850494
2013-11-25,30.2942,30.3038,29.9566,30.1785,4719830
2013-11-26,30.3424,30.7861,30.2749,30.3038,4398447
2013-11-27,30.3328,30.4263,29.9952,30.1688,1783246
2013-11-29,30.1785,30.3328,29.9759,30.0434,1058601
2013-12-02,30.1977,30.4774,29.9856,30.0434,4065226
2013-12-03,30.0241,30.1302,29.7927,29.9856,5514818
2013-12-04,29.9663,30.2219,29.8602,30.1013,3196403
2013-12-05,30.0917,30.5787,29.8939,30.3231,6498010
2013-12-06,30.4967,30.5643,30.1881,30.4196,3263672
2013-12-09,30.4389,30.8054,30.2749,30.6221,3073774
2013-12-10,30.4967,30.4967,30.0917,30.246,2941864
2013-12-11,30.3135,30.4196,29.6673,29.9856,4439435
2013-12-12,29.8795,30.2942,29.8795,30.0627,3603540
2013-12-13,30.1977,30.7571,30.1206,30.4582,3286505
2013-12-16,30.545,30.8632,30.4292,30.8632,2635565
2013-12-17,30.7764,30.8343,30.2074,30.516,2630326
2013-12-18,30.4871,31.0561,30.1881,31.0272,3684403
2013-12-19,30.9983,31.2201,30.5353,31.1622,3447344
2013-12-20,31.1815,31.5287,31.114,31.2297,3680956
2013-12-23,31.4516,31.4805,31.0176,31.2201,2219816
2013-12-24,31.1526,31.3262,30.9308,31.2201,624309
2013-12-26,31.3455,31.6155,31.249,31.4323,1504703
2013-12-27,31.5287,31.6059,31.3165,31.5094,1322360
2013-12-30,31.577,31.6734,31.3841,31.5094,1803579
2013-12-31,31.6348,31.6445,31.3069,31.5287,2270418
2014-01-02,31.3744,31.4998,30.9693,31.2105,2576112
2014-01-03,31.1912,31.3455,30.8825,30.9115,2524947
2014-01-06,31.1526,31.5673,30.7186,30.8439,2763350
2014-01-07,31.0465,31.2973,30.815,30.9597,2338176
2014-01-08,30.5835,30.95,30.3906,30.6125,3965882
2014-01-09,30.6993,30.8343,30.4099,30.8247,2303278
2014-01-10,30.7668,31.4033,30.7282,31.3841,2999893
2014-01-13,31.2394,31.2683,30.5643,30.6511,4042797
2014-01-14,30.8054,30.8536,30.5209,30.7186,2334520
2014-01-15,30.7571,30.8247,30.5546,30.68,2916267
2014-01-16,30.7186,30.9404,30.5835,30.8632,1960434
2014-01-17,30.7764,30.95,30.5064,30.6028,2502473
2014-01-21,30.8439,30.95,30.1495,30.1592,5681930
2014-01-22,30.3038,30.545,30.1495,30.3424,5693616
2014-01-23,30.3424,30.6993,30.2846,30.6125,3263824
2014-01-24,30.3906,30.545,30.1833,30.3424,4532074
2014-01-27,30.4099,30.4967,30.1495,30.246,6933992
2014-01-28,30.2769,30.5669,30.1512,30.3929,4203385
2014-01-29,30.2286,30.4026,29.6969,29.7549,3152006
2014-01-30,30.0352,30.2866,29.5712,29.6486,4700390
2014-01-31,29.3779,29.5229,29.0685,29.3489,5302177
2014-02-03,29.3876,29.535,29.1362,29.3586,6569396
2014-02-04,29.5422,29.7259,29.1314,29.2232,3657480
2014-02-05,29.0975,29.4166,28.9525,29.1265,3758730
2014-02-06,29.0879,29.2329,29.0009,29.0492,3327118
2014-02-07,29.1072,29.7742,29.1072,29.6776,4134225
2014-02-10,29.7549,30.4799,29.7549,30.1029,6339692
2014-02-11,28.6432,28.7592,27.8118,28.1598,29137996
2014-02-12,28.2275,29.129,28.1598,29.0009,14394220
2014-02-13,28.9332,29.1652,28.5755,28.6819,7891632
2014-02-14,28.6722,29.0009,28.5659,28.8849,5579063
2014-02-18,28.9139,29.5712,28.8849,29.2619,6087798
2014-02-19,29.0395,29.1555,28.6432,28.7592,6169876
2014-02-20,28.7495,29.1652,28.6529,28.9719,4699291
2014-02-21,28.9912,29.0299,28.5465,28.6239,3235700
2014-02-24,28.7882,29.0685,28.6335,28.7109,3106683
2014-02-25,28.5755,29.3682,28.5659,29.1265,4412585
2014-02-26,29.0395,29.4359,29.0009,29.3876,3647374
2014-02-27,29.3876,29.7162,29.3392,29.6969,3778003
2014-02-28,29.7259,29.9869,29.6121,29.9869,5186785
2014-03-03,29.8516,30.1416,29.7646,29.9579,3534683
2014-03-04,30.1899,30.2576,29.7742,29.8612,5502025
2014-03-05,29.9676,30.1029,29.5703,29.6969,4399171
2014-03-06,29.7936,30.0159,29.6486,29.7549,3617531
2014-03-07,29.8516,29.9579,29.4552,29.5616,4421485
2014-03-10,29.6002,29.6196,29.1942,29.3392,3902923
2014-03-11,29.4552,29.6099,29.0782,29.2715,2641354
2014-03-12,29.0685,29.2329,28.6625,28.7109,4363340
2014-03-13,28.7302,28.7881,28.0922,28.2759,4090945
2014-03-14,28.2759,28.8269,28.2565,28.4402,4021861
2014-03-17,28.4982,28.6239,28.3435,28.4015,3837073
2014-03-18,28.4402,28.4982,28.2759,28.3049,5453353
2014-03-19,28.3339,29.1072,28.2952,28.9139,5692444
2014-03-20,28.8172,29.1072,28.6819,29.0879,3672359
2014-03-21,29.3586,29.4166,28.2178,28.2855,9668645
2014-03-24,28.3435,28.4015,28.0052,28.1695,4632751
2014-03-25,28.2952,28.4015,28.1405,28.2855,3181985
2014-03-26,28.4305,28.4692,28.1888,28.2372,3914897
2014-03-27,28.2372,28.416,28.1115,28.3242,2987046
2014-03-28,28.4789,28.5272,27.9472,28.0438,6398897
2014-03-31,28.1018,28.1695,27.7055,27.9762,8689164
2014-04-01,28.0052,28.4112,28.0052,28.3725,3657996
2014-04-02,28.3049,28.7109,28.1695,28.6335,2341243
2014-04-03,28.7205,28.7205,28.4064,28.6335,2896462
2014-04-04,28.6529,29.0057,28.2372,28.3435,4963371
2014-04-07,28.2759,28.3435,27.8892,28.0342,4073651
2014-04-08,27.9375,28.2469,27.7248,28.1792,4744627
2014-04-09,28.2469,28.2469,27.8118,28.0922,3631256
2014-04-10,28.0245,28.2469,27.8408,27.8988,5372582
2014-04-11,27.8022,27.9085,27.3382,27.4542,3185507
2014-04-14,27.5315,27.8215,27.3188,27.5315,2559888
2014-04-15,27.6185,27.6185,27.198,27.5992,3231553
2014-04-16,27.5992,27.7442,27.4542,27.5798,4220853
2014-04-17,27.5605,27.7538,27.5122,27.6475,3425756
2014-04-21,27.7442,28.0922,27.5798,28.0632,4437455
2014-04-22,28.5369,29.0154,28.213,28.8945,8353770
2014-04-23,28.8286,28.9643,28.3926,28.41,3803292
2014-04-24,28.3926,29.0903,28.3441,28.9643,4412085
2014-04-25,28.8868,29.3519,28.7027,29.226,4864480
2014-04-28,29.5748,29.7202,29.1097,29.4585,3704400
2014-04-29,29.4876,29.5845,29.2647,29.5845,2531680
2014-04-30,29.4198,29.5167,29.0321,29.3229,4116083
2014-05-01,29.3713,29.5845,29.2453,29.3713,3206975
2014-05-02,29.381,29.7977,29.3616,29.6911,3042084
2014-05-05,29.4779,29.6814,29.1775,29.5845,4425246
2014-05-06,28.9256,30.4179,28.6445,29.9333,6532397
2014-05-07,29.1678,29.788,29.0709,29.7008,6810642
2014-05-08,29.6039,29.8558,29.4634,29.536,2687249
2014-05-09,29.5263,29.6233,29.1194,29.5942,3339654
2014-05-12,29.6329,29.9043,29.6039,29.8558,1970976
2014-05-13,29.8461,29.9043,29.6523,29.7783,1932225
2014-05-14,29.6911,29.8558,29.536,29.6911,2253638
2014-05-15,29.5845,29.6911,29.4101,29.5167,3104463
2014-05-16,29.4876,29.662,29.3762,29.6523,3058738
2014-05-19,29.6523,29.6814,29.3422,29.5167,3671103
2014-05-20,29.5651,29.6378,29.3325,29.3422,2538724
2014-05-21,29.4391,29.5554,29.3035,29.4779,2421857
2014-05-22,29.4101,29.6039,29.3233,29.3907,4522725
2014-05-23,29.4004,29.6329,29.3616,29.5845,4085453
2014-05-27,29.788,29.8171,29.5942,29.7492,2395740
2014-05-28,29.7783,29.7783,29.4876,29.536,5791017
2014-05-29,29.6523,29.8171,29.5554,29.7686,2610773
2014-05-30,29.8364,29.9721,29.7202,29.7492,3076576
2014-06-02,29.8461,30.0012,29.7008,29.9624,3561280
2014-06-03,29.9333,30.2919,29.8364,30.2822,3323037
2014-06-04,30.2144,30.476,30.1659,30.3985,3349879
2014-06-05,30.4372,30.665,30.2531,30.631,2784654
2014-06-06,30.6407,30.8152,30.631,30.757,2524196
2014-06-09,30.7958,31.0187,30.6698,31.0187,3194759
2014-06-10,30.9508,31.5032,30.9218,31.4935,4639811
2014-06-11,31.4935,31.5216,31.101,31.1349,3600715
2014-06-12,31.0865,31.1349,30.8345,30.9993,4298497
2014-06-13,30.9702,31.1446,30.8442,31.1252,1904472
2014-06-16,31.0865,31.2125,30.9993,31.1349,2197198
2014-06-17,31.0671,31.8326,31.0671,31.7939,4407376
2014-06-18,31.7067,31.8714,31.4547,31.8714,2482841
2014-06-19,31.9489,32.0264,31.5225,31.5419,4062916
2014-06-20,31.3966,31.571,31.0574,31.4547,7836209
2014-06-23,31.5322,31.7183,31.4257,31.6291,2513649
2014-06-24,31.6582,31.6873,31.3481,31.3675,1772489
2014-06-25,31.4063,31.5613,31.29,31.3675,2751433
2014-06-26,31.3481,31.4257,31.0865,31.2415,2240152
2014-06-27,31.2125,31.4063,31.164,31.3772,1435038
2014-06-30,31.445,31.7164,31.1252,31.2706,1852751
2014-07-01,31.4547,31.6001,31.3095,31.5032,2263485
2014-07-02,31.4935,31.7454,31.4935,31.726,1850691
2014-07-03,31.7454,31.9005,31.6388,31.8908,1370189
2014-07-07,31.8617,31.8714,31.5516,31.5516,2087559
2014-07-08,31.3966,31.5032,31.1737,31.4741,1846249
2014-07-09,31.4644,31.6291,31.29,31.4547,1339862
2014-07-10,31.2222,31.6776,31.0283,31.5129,2003750
2014-07-11,31.4353,31.5516,31.2997,31.3675,1422893
2014-07-14,31.5516,31.8326,31.3966,31.7164,1900180
2014-07-15,31.6195,31.697,31.2619,31.3869,2496213
2014-07-16,31.4257,31.6873,31.3481,31.6195,1768097
2014-07-17,31.1543,31.726,31.0768,31.6776,3261028
2014-07-18,31.1543,31.726,31.0768,31.6776,3261028
2014-07-21,31.6001,31.8617,31.5904,31.8326,2513326
2014-07-22,31.9392,32.2009,31.8133,31.852,2590603
2014-07-23,31.8326,31.9199,31.7648,31.8229,2078639
2014-07-24,31.8811,31.9489,31.7464,31.8714,2007927
2014-07-25,31.7551,31.8811,31.6679,31.8036,1579592
2014-07-28,31.7551,31.9489,31.6582,31.8423,1627838
2014-07-29,31.7842,32.1912,31.6873,32.0071,2994380
2014-07-30,32.1234,32.2203,31.8956,32.1137,1800583
2014-07-31,31.8908,32.104,31.852,31.8908,3002684
2014-08-01,31.7551,32.0168,31.5807,31.726,5381094
2014-08-04,31.7067,32.3172,31.571,32.2106,4676097
2014-08-05,31.5613,31.8617,30.9896,31.2125,5935961
2014-08-06,31.038,31.3675,31.0187,31.2997,3163841
2014-08-07,31.3675,31.4741,30.6892,30.8055,3747757
2014-08-08,30.8152,31.3384,30.8152,31.3191,2191479
2014-08-11,31.4547,31.634,31.3772,31.5904,2282458
2014-08-12,31.4741,31.6776,31.3481,31.445,2837930
2014-08-13,31.697,32.0168,31.6776,31.852,3729172
2014-08-14,31.9102,32.0749,31.852,32.0458,2562480
2014-08-15,32.104,32.6515,32.104,32.6466,3842973
2014-08-18,32.7748,33.0273,32.7263,32.9496,3459887
2014-08-19,32.969,33.5711,32.9108,33.5226,2922483
2014-08-20,33.5226,33.843,33.4546,33.7848,2720929
2014-08-21,33.7653,33.9693,33.6876,33.8819,2041808
2014-08-22,33.8139,33.9304,33.7265,33.8819,2300500
2014-08-25,33.9887,34.0178,33.8042,33.8916,2417191
2014-08-26,33.9693,34.1926,33.8333,34.1149,2956572
2014-08-27,34.1635,34.4548,34.0586,34.3189,2746146
2014-08-28,34.1538,34.3577,34.0567,34.3092,3760673
2014-08-29,34.3092,34.416,33.9935,34.416,1190898
2014-09-02,34.416,34.5616,34.2994,34.4548,1654045
2014-09-03,35.5716,35.591,34.5034,34.7267,4220636
2014-09-04,34.7364,34.8491,34.3674,34.484,2383078
2014-09-05,34.5811,35.0084,34.4257,34.9986,1602883
2014-09-08,34.9598,35.2608,34.9112,35.2317,1913558
2014-09-09,35.2026,35.2511,34.9695,35.1346,2832460
2014-09-10,35.2608,35.29,34.8433,35.1929,2287436
2014-09-11,35.1055,35.2414,35.0472,35.222,1768941
2014-09-12,35.1637,35.1929,35.0472,35.1346,1920161
2014-09-15,35.2026,35.2705,35.086,35.222,2164630
2014-09-16,35.2317,35.4939,35.154,35.4356,2252994
2014-09-17,35.4842,35.6201,35.29,35.591,2525609
2014-09-18,35.6784,36.0086,35.5667,35.6396,2336323
2014-09-19,35.7755,36.2319,35.7755,36.1251,6105052
2014-09-22,36.1445,36.2222,35.4453,35.5619,4951128
2014-09-23,35.2608,35.4356,34.8141,34.8433,4421779
2014-09-24,34.9501,35.5716,34.9112,35.523,4714096
2014-09-25,35.5133,35.5327,35.0763,35.2511,2061965
2014-09-26,35.3094,35.6881,35.1443,35.5716,2124766
2014-09-29,35.2511,35.7415,35.1249,35.727,2075649
2014-09-30,35.9795,36.0377,35.7075,35.8823,3412903
2014-10-01,35.8047,35.9406,35.1832,35.3968,5508285
2014-10-02,35.523,35.9018,35.4065,35.8435,3670179
2014-10-03,35.8047,36.635,35.8047,36.5815,5948543
2014-10-06,36.7175,36.8729,36.5145,36.5718,2693668
2014-10-07,36.3193,36.4747,35.5619,35.6493,8116899
2014-10-08,35.7367,36.4844,35.5716,36.465,3565702
2014-10-09,36.4067,36.5427,35.8338,35.9503,4336710
2014-10-10,35.9503,36.2222,35.5813,35.6201,3689339
2014-10-13,35.6104,35.6104,34.5034,34.5422,6677195
2014-10-14,34.7947,35.1152,34.4354,34.8336,3078656
2014-10-15,34.3383,34.3674,33.1741,34.2412,7155794
2014-10-16,33.736,34.4935,33.1922,34.0565,4181274
2014-10-17,34.3771,34.5714,33.9401,34.348,3438534
2014-10-20,34.348,34.6588,34.2897,34.3868,2543817
2014-10-21,34.5422,35.1346,34.5131,35.0472,4772831
2014-10-22,35.0181,35.29,34.8433,34.853,2263456
2014-10-23,34.7656,35.3968,34.4451,35.0666,2925838
2014-10-24,35.154,35.5425,35.0569,35.523,1419018
2014-10-27,35.5425,35.7173,35.4356,35.5133,2511405
2014-10-28,35.6007,35.9503,35.4551,35.9406,1533402
2014-10-29,35.8144,35.8726,35.2608,35.5619,2271776
2014-10-30,35.5716,36.3193,35.4939,36.2417,2137901
2014-10-31,36.6495,36.8146,35.9795,36.0863,2589530
2014-11-03,36.0783,36.7983,36.0238,36.701,4071275
2014-11-04,36.9832,38.0632,36.9832,38.0632,9723740
2014-11-05,38.2286,38.3453,37.7129,38.2091,11878891
2014-11-06,38.287,38.647,38.2091,38.6372,4457084
2014-11-07,38.5789,39.2113,38.5497,39.1432,6818977
2014-11-10,39.2113,39.2502,38.9486,39.0751,7530110
2014-11-11,39.0751,42.9378,38.8416,42.5389,20246313
2014-11-12,42.7141,42.7724,41.4151,41.4881,21414898
2014-11-13,41.5076,42.1205,41.4589,42.0719,6151288
2014-11-14,42.0232,42.2762,41.7021,41.9746,2689490
2014-11-17,42.6751,43.2297,41.8189,43.0351,9537394
2014-11-18,43.6666,43.726,41.8676,42.9962,12181375
2014-11-19,43.1324,43.1811,42.0427,42.2276,7031136
2014-11-20,41.7508,42.0826,41.5562,41.9843,5091131
2014-11-21,42.3054,42.6849,41.6924,42.6849,5192498
2014-11-24,42.8989,43.7162,42.6442,43.3757,4179357
2014-11-25,43.3757,43.5119,42.6849,42.7238,3589015
2014-11-26,43.0741,43.4924,42.6849,43.4633,2131385
2014-11-28,43.5411,43.8719,43.5411,43.7162,1332156
2014-12-01,43.9789,44.0179,43.0643,43.1714,3153115
2014-12-02,43.1714,43.7357,43.0838,43.5314,2500597
2014-12-03,43.5314,43.7941,43.1908,43.6676,2008310
2014-12-04,43.58,43.687,42.6654,42.8114,4294633
2014-12-05,42.7822,43.2589,42.6459,42.7919,3313964
2014-12-08,43.0059,43.1908,42.6849,42.9087,5889345
2014-12-09,42.0135,43.2881,41.5854,42.6362,5516141
2014-12-10,42.6654,43.0059,41.5465,41.6146,4398000
2014-12-11,41.8092,42.3249,41.6048,41.7216,4942195
2014-12-12,41.5659,41.9259,40.6124,40.6416,4050331
2014-12-15,41.1086,41.3421,40.2232,40.6124,5947406
2014-12-16,40.5248,40.8751,39.727,39.7464,4606599
2014-12-17,39.9702,40.3108,39.727,40.0189,7628313
2014-12-18,40.7097,41.9843,40.6611,41.9843,6578062
2014-12-19,41.8676,42.5486,41.4784,42.3346,5601641
2014-12-22,42.393,42.5973,41.7907,42.2373,1921541
2014-12-23,42.4222,42.5486,41.6048,41.8092,2612498
2014-12-24,41.8967,42.8006,41.8384,42.6557,1300640
2014-12-26,42.6168,43.0887,42.6168,43.0059,1518039
2014-12-29,42.8308,43.0351,42.6654,42.8211,2007239
2014-12-30,42.7919,42.9087,41.9259,42.1789,2251147
2014-12-31,42.2859,42.6946,41.8384,41.8676,2148909
2015-01-02,42.2859,42.5195,41.9016,42.14,1784851
2015-01-05,42.0816,42.4513,41.8092,41.887,3116681
2015-01-06,41.9843,42.1886,41.1524,41.4784,3987015
2015-01-07,41.8384,42.3832,41.8189,42.3346,2481935
2015-01-08,43.5411,43.6579,42.8114,42.9865,3121258
2015-01-09,42.8697,43.2346,42.5,43.0546,2999107
2015-01-12,43.1422,43.1422,42.1157,42.247,2168274
2015-01-13,42.7043,43.0254,41.42,41.6535,3668576
2015-01-14,41.3519,42.0621,41.1475,41.8676,2481327
2015-01-15,42.1011,42.5876,41.7411,41.78,2719250
2015-01-16,41.6438,43.0935,41.6146,43.0254,2761564
2015-01-20,43.0868,43.0868,42.1315,42.4629,3471042
2015-01-21,42.4727,43.506,42.346,43.1356,1991904
2015-01-22,43.233,43.6912,42.5507,43.389,2914674
2015-01-23,43.3988,43.6717,42.8626,43.0088,2885511
2015-01-26,42.9308,43.1941,42.7456,42.9796,1926811
2015-01-27,42.5019,42.7932,42.1218,42.2095,3008263
2015-01-28,42.6287,43.1746,41.9853,42.0243,2425148
2015-01-29,41.9658,42.575,41.4881,42.229,4927327
2015-01-30,42.0925,42.4629,41.5661,41.6538,3146933
2015-02-02,41.9463,42.2875,41.3029,42.2875,2136733
2015-02-03,42.4142,42.7066,42.112,42.4045,4910840
2015-02-04,42.7554,42.9308,42.1315,42.3655,5102908
2015-02-05,42.4532,42.9698,42.034,42.307,3470904
2015-02-06,42.346,43.1258,42.19,42.5604,5408025
2015-02-09,42.4045,42.5604,41.5856,41.7903,4467136
2015-02-10,42.0438,42.9016,41.7318,42.8041,4112336
2015-02-11,43.7497,44.9585,43.7497,44.6173,7071088
2015-02-12,46.0503,46.2062,44.1201,44.6368,6989570
2015-02-13,43.6132,44.358,43.2428,44.3151,6413282
2015-02-17,44.4028,45.0706,44.3053,45.0365,4055844
2015-02-18,44.9487,45.2607,44.666,44.6953,3276876
2015-02-19,44.6758,44.8415,44.3443,44.5003,2928791
2015-02-20,44.549,44.7364,43.9739,44.4516,3713002
2015-02-23,44.5588,44.7733,44.0714,44.4321,2664458
2015-02-24,44.5003,44.6368,44.1396,44.2566,1869770
2015-02-25,44.4028,44.8122,44.2469,44.5685,2958773
2015-02-26,44.6758,45.519,44.6465,45.4459,4902993
2015-02-27,45.3679,45.6993,44.8805,44.9292,5555462
2015-03-02,45.3776,46.4109,45.3776,46.1185,5261715
2015-03-03,46.0893,46.1477,45.173,45.3679,2256151
2015-03-04,45.2314,45.3191,44.705,45.0657,3293014
2015-03-05,45.5141,45.6506,44.8317,45.2899,2327567
2015-03-06,45.1339,45.3581,44.5198,44.627,3486498
2015-03-09,44.7148,45.7773,44.3346,45.1242,3758563
2015-03-10,44.9682,45.1144,44.5295,44.549,2189462
2015-03-11,44.7245,45.4069,44.5783,44.8512,3245036
2015-03-12,45.1437,45.6896,44.978,45.6603,2276543
2015-03-13,45.6798,45.6798,44.861,45.2802,2487056
2015-03-16,45.5336,45.8455,45.3776,45.7968,2519822
2015-03-17,45.4459,46.1477,45.2412,45.9625,2906852
2015-03-18,45.7968,46.5573,45.4946,46.3135,3055969
2015-03-19,46.2647,46.5377,45.9138,46.216,2000710
2015-03-20,46.294,46.7131,45.9138,46.1477,4542700
2015-03-23,46.3525,46.4987,45.8553,45.9625,4820293
2015-03-24,46.0503,46.4061,45.5823,45.8358,1938127
2015-03-25,45.982,46.1867,45.0559,45.1047,4148401
2015-03-26,44.861,45.2217,44.5393,44.9487,3550763
2015-03-27,44.978,45.3581,44.8415,45.0559,2801671
2015-03-30,45.2997,45.7773,45.2508,45.7383,2207792
2015-03-31,45.5823,45.7482,45.1242,45.1242,2768436
2015-04-01,45.1339,45.3874,44.8025,45.1047,4752533
2015-04-02,45.2802,45.4849,45.0365,45.3289,3083956
2015-04-06,44.9877,45.4946,44.8512,45.1632,2385312
2015-04-07,45.3126,45.7618,45.2442,45.2735,2367075
2015-04-08,45.2833,45.5176,45.0391,45.127,2565899
2015-04-09,45.2149,45.6446,45.0782,45.4591,2721260
2015-04-10,45.5079,46.1817,45.2149,46.0645,2278282
2015-04-13,46.1426,46.3233,45.5469,45.5665,2009281
2015-04-14,45.5665,45.8887,44.9415,45.8009,2672548
2015-04-15,45.9473,46.1134,45.8106,45.8985,1578545
2015-04-16,45.7032,46.0645,45.5421,46.0352,1586498
2015-04-17,45.8009,45.9278,45.3712,45.6739,2885118
2015-04-20,45.7911,46.0255,45.6153,45.9376,2890179
2015-04-21,46.1719,46.4639,45.9962,46.4259,3139377
2015-04-22,46.338,46.4063,45.8253,45.9278,2075661
2015-04-23,45.8399,45.9962,45.4786,45.9473,2113277
2015-04-24,45.7911,46.8653,45.6348,46.7872,3449546
2015-04-27,46.8555,46.8653,45.6397,45.7325,2684146
2015-04-28,45.6251,45.7227,44.5704,44.6583,4492421
2015-04-29,44.4337,44.8633,44.043,44.1602,3997612
2015-04-30,44.0235,44.3848,43.2716,43.379,4330171
2015-05-01,43.6817,43.8575,43.3497,43.5645,5835126
2015-05-04,43.7012,44.4923,43.6622,44.336,4782867
2015-05-05,46.0255,46.3282,44.0675,44.6094,7681179
2015-05-06,44.8536,44.8633,44.1309,44.2286,4441355
2015-05-07,44.2676,44.6778,43.9747,44.4923,2426957
2015-05-08,44.9122,45.0098,44.502,44.8243,2548154
2015-05-11,44.8341,45.2589,44.5997,45.0098,3405113
2015-05-12,44.6485,44.7852,44.2774,44.5118,2230384
2015-05-13,44.5509,44.9219,44.3555,44.5509,2160588
2015-05-14,44.795,45.2344,44.4141,45.1954,1959621
2015-05-15,45.4298,45.8086,45.3419,45.4005,2831450
2015-05-18,45.3614,45.6739,45.2344,45.6348,2890623
2015-05-19,45.7813,46.5723,45.6446,46.338,3845744
2015-05-20,46.3575,46.6895,45.8887,46.1719,2206640
2015-05-21,46.2208,46.7677,45.9473,46.6798,3599250
2015-05-22,46.5919,46.7188,46.3868,46.5137,1832276
2015-05-26,46.4063,46.9239,46.3966,46.8262,3999519
2015-05-27,46.8555,48.3204,46.5528,48.2911,5447771
2015-05-28,48.1348,48.3887,47.2657,47.9591,4933974
2015-05-29,48.2813,48.7891,47.9786,48.6036,5617083
2015-06-01,48.7501,49.1846,48.2159,48.6134,4496147
2015-06-02,48.5548,48.7989,47.754,48.418,2680479
2015-06-03,48.711,48.7305,48.1837,48.3887,1976555
2015-06-04,47.9005,48.4278,47.7052,47.754,2080683
2015-06-05,47.5587,48.0177,47.2755,47.8614,2411992
2015-06-08,47.6075,48.0665,47.5977,47.6563,1906372
2015-06-09,47.5294,48.213,47.3829,48.086,2675509
2015-06-10,48.252,48.7305,47.8516,48.5255,2012119
2015-06-11,48.6329,48.8673,48.4376,48.7012,2055692
2015-06-12,48.4669,48.6915,47.8614,47.9298,2033278
2015-06-15,47.6954,48.1934,47.5684,48.1153,3014964
2015-06-16,48.1446,48.5645,47.754,48.545,1817939
2015-06-17,48.5841,49.1895,48.545,48.9942,2804407
2015-06-18,49.1114,49.4141,48.9845,49.3165,3696096
2015-06-19,49.1798,49.4337,49.0235,49.0626,2906848
2015-06-22,49.4141,49.5118,48.8917,49.043,2040419
2015-06-23,49.2286,49.6583,49.0626,49.2872,2104111
2015-06-24,49.0723,49.1169,48.545,48.545,2561857
2015-06-25,48.672,54.0821,48.4083,54.0821,3228130
2015-06-26,52.6661,52.7345,47.129,47.4805,20823304
2015-06-29,47.3731,47.5489,45.9376,45.9669,5149372
2015-06-30,46.5528,47.4708,46.1036,47.0899,4372753
2015-07-01,47.6075,47.8907,46.7091,47.295,5532098
2015-07-02,47.461,47.5196,46.7677,47.1778,2070875
2015-07-06,46.9141,47.2657,46.6505,47.2657,3088073
2015-07-07,47.4024,47.6368,45.9962,46.7579,5656174
2015-07-08,46.2403,46.3184,45.3663,45.3907,3452761
2015-07-09,46.0059,46.2598,45.4688,45.4786,3417433
2015-07-10,45.8985,46.0792,45.7227,45.8594,2917524
2015-07-13,45.9962,46.3282,45.7423,45.9376,3050077
2015-07-14,45.9376,46.4454,45.1954,46.3477,5636273
2015-07-15,46.3868,46.5137,45.9083,46.0059,2099419
2015-07-16,46.2794,47.0898,46.2794,46.8751,3423487
2015-07-17,46.8751,47.168,46.6016,46.6798,2324025
2015-07-20,46.9727,47.8809,46.8946,47.8321,3364218
2015-07-21,48.5352,48.5841,47.7834,47.9688,4412671
2015-07-22,47.9005,48.8868,47.8712,48.8477,2937633
2015-07-23,48.7891,49.2091,48.3516,48.6817,2457852
2015-07-24,48.7305,49.1212,48.1739,48.3302,2081039
2015-07-27,48.2325,48.4083,47.627,48.3204,1683893
2015-07-28,48.3595,48.4083,47.0411,47.7052,4846275
2015-07-29,47.9493,48.0079,46.7481,47.2657,3629936
2015-07-30,46.836,47.5782,46.836,47.4122,1576778
2015-07-31,47.6759,48.2911,47.5977,47.8321,2539760
2015-08-03,48.0079,48.3302,46.8653,47.3438,3559549
2015-08-04,47.9591,48.8282,47.1485,47.7052,4867278
2015-08-05,47.8028,47.9688,47.3829,47.4708,4118231
2015-08-06,48.3985,49.0723,46.8458,47.1485,3223414
2015-08-07,46.9923,47.3341,46.3282,47.1778,3465953
2015-08-10,47.3634,47.9395,47.1436,47.2559,3064542
2015-08-11,47.0241,47.479,46.7991,47.161,1946691
2015-08-12,46.8578,47.0339,45.86,46.8186,3574600
2015-08-13,46.7795,47.3273,46.5643,46.623,2574807
2015-08-14,46.6132,46.6132,45.9187,46.4371,2594522
2015-08-17,46.2708,47.6502,46.2317,47.6306,1849735
2015-08-18,47.5328,47.7186,46.6523,46.6915,2848398
2015-08-19,46.4176,47.1317,46.1926,46.8676,2153534
2015-08-20,46.3295,46.6426,45.273,45.3708,2516558
2015-08-21,44.8524,45.3122,44.0307,44.0404,3775238
2015-08-24,41.5851,43.9915,36.9091,42.5829,5725519
2015-08-25,43.6198,43.8644,41.634,41.634,3814312
2015-08-26,42.6024,43.3655,41.0764,43.2872,5873296
2015-08-27,43.7372,45.1459,43.1502,44.8622,4602075
2015-08-28,45.0089,45.1263,44.0796,44.7839,2711444
2015-08-31,44.7448,44.9111,43.7959,43.8937,2580044
2015-09-01,42.9937,43.9133,42.8274,43.0231,4346069
2015-09-02,43.522,44.1774,42.9448,44.1383,2699665
2015-09-03,44.3339,44.6274,43.3508,43.5611,2932537
2015-09-04,43.0133,43.7567,42.5829,43.0524,4195457
2015-09-08,43.747,43.9622,42.8617,43.9133,4134947
2015-09-09,44.197,44.2752,42.8959,42.9937,2964688
2015-09-10,42.9742,43.9524,42.847,43.3752,2871193
2015-09-11,43.6296,44.148,43.1639,44.0209,2476212
2015-09-14,43.8937,44.0209,43.2285,43.5024,2182175
2015-09-15,43.7274,44.148,43.5122,44.0796,1999886
2015-09-16,43.8154,43.8741,42.7492,43.5415,4242562
2015-09-17,43.7763,45.6144,43.7763,45.0089,5470489
2015-09-18,44.3241,44.7056,43.9231,44.1383,8078649
2015-09-21,44.2948,44.5785,43.1502,43.5318,2502669
2015-09-22,43.0524,43.5513,42.7883,43.2676,2368410
2015-09-23,43.2383,43.6883,43.0329,43.3557,1802527
2015-09-24,43.1698,43.2373,42.0742,42.6416,3202025
2015-09-25,43.1502,43.1796,40.9688,41.5851,3498042
2015-09-28,41.3503,41.3796,38.5232,39.0905,8954944
2015-09-29,39.4231,39.8829,38.1319,38.7873,7328436
2015-09-30,39.746,40.3231,39.4721,40.284,4954107
2015-10-01,40.1764,40.4405,39.4916,40.3916,4131846
2015-10-02,39.746,42.1035,39.609,42.084,4036770
2015-10-05,42.2111,42.4459,41.4285,41.9177,5467739
2015-10-06,41.8492,42.1622,40.2938,40.4894,4622168
2015-10-07,40.6851,41.7807,40.3329,41.7416,4182644
2015-10-08,41.634,42.4557,41.0666,42.2796,4434607
2015-10-09,42.172,42.3676,41.8394,41.8687,2862997
2015-10-12,41.947,42.1329,41.5019,41.7807,2848060
2015-10-13,41.6144,42.1818,41.272,41.3992,3285476
2015-10-14,41.4188,42.0253,41.2133,41.4579,2940841
2015-10-15,40.7829,42.1818,40.6753,42.0644,2481460
2015-10-16,42.2698,43.1796,42.2503,42.9742,4120374
2015-10-19,42.8568,43.0524,42.2894,42.8274,1924842
2015-10-20,42.71,42.8274,41.8981,42.1524,2890406
2015-10-21,42.4361,42.6122,38.6699,40.7535,9780195
2015-10-22,40.7829,40.9883,39.107,39.9123,8907977
2015-10-23,40.2644,42.2405,40.1568,41.6144,7391491
2015-10-26,41.5166,42.0253,41.0764,41.4285,2929346
2015-10-27,41.5851,42.4166,41.3698,41.81,4570269
2015-10-28,41.7611,42.8372,41.3894,42.397,3219143
2015-10-29,42.3676,42.9546,42.2992,42.6024,3019034
2015-10-30,42.4361,42.7394,41.9568,42.0742,3774428
2015-11-02,42.5926,43.5513,42.2258,43.2774,4298821
2015-11-03,45.5443,45.9658,44.4956,45.7011,8007228
2015-11-04,45.7207,46.201,45.3091,45.6227,7718164
2015-11-05,45.6325,45.8482,44.0252,44.5545,5177517
2015-11-06,44.4956,45.3624,43.937,45.0543,3496194
2015-11-09,44.8681,45.118,44.0644,44.8877,3707943
2015-11-10,44.9367,45.1229,44.3584,44.9661,2963165
2015-11-11,45.0053,45.0053,44.1575,44.182,2118879
2015-11-12,44.1134,44.2898,43.5744,43.643,2858613
2015-11-13,43.4862,44.182,43.3195,43.9566,3283657
2015-11-16,44.1036,44.5152,43.839,44.3976,3532313
2015-11-17,44.133,45.1915,43.839,44.8583,3638669
2015-11-18,44.8975,46.2598,44.4564,46.2402,3377964
2015-11-19,46.1128,46.2696,45.6423,45.9658,2928496
2015-11-20,46.0638,46.6214,45.9266,46.3774,3679430
2015-11-23,46.2892,46.4852,45.683,46.0246,3265258
2015-11-24,45.6325,46.054,45.3777,45.9952,1713458
2015-11-25,45.8678,46.2892,45.7305,46.0344,2196761
2015-11-27,46.201,46.2892,45.9756,46.1422,1155073
2015-11-30,46.1422,46.3088,45.5345,45.7698,3481867
2015-12-01,45.8776,46.1912,45.2895,46.0736,2956927
2015-12-02,46.1324,46.2402,45.1523,45.4463,2335144
2015-12-03,45.5541,45.6129,44.0448,44.2996,2465441
2015-12-04,44.4564,45.5688,44.2702,45.5345,2237818
2015-12-07,45.5443,45.8972,44.4466,44.9955,2108735
2015-12-08,44.5447,45.2797,44.4956,45.0249,1335773
2015-12-09,44.7015,45.2601,44.0742,44.3094,1768035
2015-12-10,44.2604,45.5639,44.2506,45.1817,2472296
2015-12-11,44.4858,45.0839,44.427,44.9171,4233680
2015-12-14,44.9367,45.7109,44.6427,45.6619,3895918
2015-12-15,46.1128,46.7008,45.9364,46.0344,4154091
2015-12-16,46.4754,46.6028,45.2405,46.152,3441944
2015-12-17,46.3284,46.6224,45.5664,45.7992,2642412
2015-12-18,45.6717,46.6712,45.5639,45.6717,5439713
2015-12-21,45.8972,46.4264,45.6325,46.397,2467076
2015-12-22,46.5538,47.4947,46.446,46.7694,2404647
2015-12-23,46.887,47.1419,46.6616,47.0243,2368420
2015-12-24,46.9066,47.4849,46.6812,47.1713,965268
2015-12-28,47.0047,47.2399,46.642,46.9458,928748
2015-12-29,47.4065,47.6515,47.0047,47.3673,1483846
2015-12-30,47.3673,47.676,47.0488,47.2987,1453861
2015-12-31,46.9752,47.4359,46.8576,46.9654,1768460
2016-01-04,46.005,46.7694,45.8188,46.3284,2871687
2016-01-05,46.5636,47.1419,46.3382,47.0537,3117022
2016-01-06,46.3284,47.3869,46.3147,47.0635,4670537
2016-01-07,46.054,47.0439,45.3679,45.6325,4324437
2016-01-08,46.005,46.6224,44.7407,44.9661,4946099
2016-01-11,45.1817,45.4169,42.952,43.692,4306864
2016-01-12,42.9961,44.1526,42.3885,44.0742,7774895
2016-01-13,44.3486,44.427,42.1729,42.3885,4197604
2016-01-14,42.4767,43.5156,41.8102,43.2509,4794946
2016-01-15,42.1435,42.9765,41.918,42.5159,4529139
2016-01-19,43.3262,43.9288,41.9707,42.4226,4594992
2016-01-20,41.8136,43.4932,41.6564,43.0119,5212889
2016-01-21,43.0119,43.1396,42.2163,42.3145,3777690
2016-01-22,42.8155,43.0414,42.3342,42.6288,3397483
2016-01-25,42.4815,42.9874,42.2949,42.4324,2364183
2016-01-26,42.5306,43.2771,42.3833,43.0905,3797639
2016-01-27,42.894,43.5718,42.0346,42.3833,3242486
2016-01-28,42.6288,42.8007,41.9511,42.0788,5660560
2016-01-29,42.4324,42.5896,41.8529,42.2851,7032635
2016-02-01,42.236,42.619,41.7547,42.1967,4703045
2016-02-02,41.6761,41.7743,40.6349,40.9787,3441505
2016-02-03,41.0966,41.2537,39.7313,40.576,5145113
2016-02-04,40.4188,41.2046,40.2027,40.8019,3949771
2016-02-05,40.5858,40.7724,39.8884,40.1831,4058061
2016-02-08,39.6821,39.9866,38.8866,39.4759,4314301
2016-02-09,38.8767,40.2322,38.6901,39.1517,6277573
2016-02-10,39.4562,39.7607,38.5526,38.6312,6629167
2016-02-11,38.2874,38.8252,37.5802,38.6606,8058209
2016-02-12,39.1026,39.7607,38.5133,39.7116,6734704
2016-02-16,40.9198,41.1211,39.0241,39.7116,5614323
2016-02-17,40.0554,41.2537,39.7509,41.0573,7226927
2016-02-18,40.8215,41.6171,40.7921,41.2734,5350351
2016-02-19,41.3225,41.4796,40.6625,41.0867,3844525
2016-02-22,41.3716,42.069,41.0474,42.01,3476629
2016-02-23,41.8234,42.4324,41.5386,41.6171,2498957
2016-02-24,41.1948,41.6663,40.517,41.6171,3086771
2016-02-25,41.6171,42.1574,41.0425,42.1377,4135866
2016-02-26,42.2261,42.5699,41.4698,41.6073,2654311
2016-02-29,41.3519,41.4207,40.3206,40.3304,3550490
2016-03-01,40.7528,41.3912,40.1536,41.3519,5280733
2016-03-02,41.1653,41.4305,40.7724,40.9787,2508011
2016-03-03,40.9787,41.1064,39.9768,40.3501,4473742
2016-03-04,40.3501,40.5858,39.8933,40.075,3557937
2016-03-07,39.8786,40.6938,39.7411,40.4679,3540458
2016-03-08,40.1143,40.409,39.4464,39.5152,3266342
2016-03-09,39.8295,39.8786,39.1321,39.7411,4083719
2016-03-10,39.2107,39.8884,38.6508,39.2009,7999495
2016-03-11,39.4857,41.1604,39.3089,41.126,5890901
2016-03-14,40.8903,40.9689,40.3402,40.576,3338468
2016-03-15,40.3304,40.3599,39.2598,39.9965,7035117
2016-03-16,40.134,40.134,39.3875,39.7411,5147364
2016-03-17,39.7706,39.9474,38.8179,39.0142,7288060
2016-03-18,39.2107,40.3108,39.0928,40.134,5812842
2016-03-21,40.1831,41.2832,40.1536,40.8805,5461655
2016-03-22,40.851,42.123,40.851,41.9904,7592572
2016-03-23,42.0395,42.0788,41.4011,41.8823,5261521
2016-03-24,41.5189,42.2949,41.3814,41.7252,4796624
2016-03-28,41.735,41.8823,41.2243,41.4305,2038308
2016-03-29,41.2537,42.3735,41.1162,42.3538,2763536
2016-03-30,42.4717,43.5914,42.4619,43.2378,5311700
2016-03-31,42.6288,43.7535,42.4815,43.5423,6326689
2016-04-01,43.2378,44.2593,43.1898,44.1906,4549824
2016-04-04,44.2986,45.2219,44.2299,44.9469,5400869
2016-04-05,44.5483,45.257,44.3022,45.129,6004348
2016-04-06,45.0798,46.8515,44.9814,46.5267,6181360
2016-04-07,46.2215,46.4971,46.0936,46.4479,5865559
2016-04-08,46.6153,46.7137,45.8081,46.2019,4872705
2016-04-11,46.2609,46.3003,45.7491,45.9361,3962142
2016-04-12,46.1034,46.3741,45.8672,46.2708,3634764
2016-04-13,46.4086,46.7531,46.2068,46.7531,3295670
2016-04-14,46.5267,47.2058,46.379,46.9204,3065321
2016-04-15,46.9991,47.383,46.822,47.3535,3189355
2016-04-18,47.2255,48.0129,47.0188,47.8062,3034017
2016-04-19,47.9243,48.3279,47.5995,47.7964,2426212
2016-04-20,47.7964,47.9539,47.1369,47.7078,2702109
2016-04-21,47.6586,48.0621,47.2796,47.6783,2998927
2016-04-22,47.7767,48.1802,47.4224,47.8751,2117646
2016-04-25,47.5798,47.6014,46.4686,46.5759,5239550
2016-04-26,46.6546,47.009,46.2068,46.8613,3360295
2016-04-27,46.8613,47.0582,46.5956,46.7137,2490103
2016-04-28,46.4873,46.8909,46.2314,46.4479,1888639
2016-04-29,46.4184,46.566,45.8869,46.2904,3342808
2016-05-02,46.4578,47.3436,46.129,47.2747,3705382
2016-05-03,47.1369,47.6094,46.8712,47.3928,4474579
2016-05-04,47.1566,47.2846,45.3259,46.3101,5430442
2016-05-05,46.5759,47.5208,46.2904,47.4814,3536184
2016-05-06,46.566,46.9794,46.1231,46.5956,3499648
2016-05-09,46.6349,47.2698,46.379,46.7531,6012409
2016-05-10,45.5621,45.9066,45.4144,45.8278,12371394
2016-05-11,45.7688,46.1133,45.2668,45.2766,5596511
2016-05-12,45.129,45.69,44.8436,45.5227,6171418
2016-05-13,45.6211,45.8672,45.3062,45.6605,3167516
2016-05-16,45.4144,46.2019,45.3554,46.0345,3694258
2016-05-17,45.9755,46.1822,45.503,45.7688,2562566
2016-05-18,45.6211,46.4775,45.5818,46.2215,3498454
2016-05-19,46.0542,46.192,45.1979,45.6999,2189232
2016-05-20,45.9656,46.3593,45.7885,46.32,5065175
2016-05-23,46.2609,46.3003,45.6703,45.6703,2356010
2016-05-24,46.0739,46.6153,46.005,46.5464,3450293
2016-05-25,46.6448,46.8121,46.1428,46.2609,4637693
2016-05-26,46.1526,46.7186,46.0345,46.5857,3116865
2016-05-27,46.7924,46.9302,46.3544,46.4381,2023188
2016-05-31,46.6743,46.9587,46.3692,46.6743,2804245
2016-06-01,46.7432,47.2452,46.4873,47.0975,2140723
2016-06-02,47.1369,47.4224,46.9105,47.3731,1751077
2016-06-03,47.3338,47.3535,46.6842,47.1763,2286990
2016-06-06,47.1763,47.6586,47.0779,47.6487,2006568
2016-06-07,47.3239,47.7619,47.1369,47.5897,2433152
2016-06-08,47.6094,47.8161,47.4519,47.6881,1827284
2016-06-09,47.5995,47.9145,47.1664,47.383,2121841
2016-06-10,46.5956,46.8515,46.2117,46.6448,4378940
2016-06-13,46.4282,46.5759,45.4243,45.4637,2829876
2016-06-14,45.3062,46.4873,45.2471,46.4479,4245084
2016-06-15,46.4479,46.9597,46.3889,46.4775,3517855
2016-06-16,46.2609,46.6153,45.8229,46.5168,2366903
2016-06-17,46.4676,46.5168,45.7097,45.7097,4009953
2016-06-20,46.2708,46.5611,46.0936,46.1723,2543883
2016-06-21,46.3889,46.6202,45.941,46.5464,2698758
2016-06-22,46.4184,47.0385,46.0985,46.5857,2640346
2016-06-23,46.8515,47.1468,46.694,47.1468,2291503
2016-06-24,45.503,46.6153,45.4538,45.7786,6423664
2016-06-27,45.5719,45.8574,44.568,44.706,5047270
2016-06-28,45.2731,45.786,45.0512,45.786,3628498
2016-06-29,46.2397,46.7329,46.0425,46.5948,3603850
2016-06-30,46.5455,46.8808,46.3285,46.8118,3769037
2016-07-01,46.8513,47.3247,46.7033,46.8019,2008304
2016-07-05,46.5356,46.9795,46.1953,46.8513,2655385
2016-07-06,46.5652,47.4825,46.3679,47.4332,3451627
2016-07-07,47.4431,47.5121,46.8118,47.0387,2338037
2016-07-08,47.1866,47.9461,47.1373,47.8376,2851969
2016-07-11,47.9165,48.0151,47.6206,47.6305,2011628
2016-07-12,47.8672,48.2519,47.5614,48.2025,1824095
2016-07-13,48.3998,48.6069,48.2716,48.5182,2574381
2016-07-14,48.9423,49.3763,48.6957,49.2974,2618327
2016-07-15,49.396,49.5834,48.8437,49.0015,2089057
2016-07-18,49.0113,49.5242,48.9028,49.0409,2757160
2016-07-19,48.8239,49.0607,48.3308,48.6957,2305717
2016-07-20,48.8437,49.6525,48.7845,49.5637,2530802
2016-07-21,49.5242,49.7018,49.327,49.4552,1721719
2016-07-22,49.4848,49.6722,49.1889,49.5736,1308113
2016-07-25,49.5045,49.5538,49.0459,49.3072,2053656
2016-07-26,49.3171,49.3664,49.0064,49.2382,2582557
2016-07-27,49.2382,49.3763,48.9522,49.1692,3930217
2016-07-28,49.1692,49.4848,48.893,49.3763,2852855
2016-07-29,49.3072,49.8892,49.2875,49.7807,3504973
2016-08-01,49.7807,50.0454,49.6821,49.7116,3715417
2016-08-02,49.5341,49.5637,48.6168,49.0409,5500497
2016-08-03,51.4377,51.4673,50.0273,50.5106,5425472
2016-08-04,50.8262,51.2799,50.489,50.7078,4520261
2016-08-05,51.0333,51.0333,50.3232,50.3922,4222031
2016-08-08,50.3232,50.3626,49.7856,50.1062,5174616
2016-08-09,50.1358,50.2837,49.9484,50.2344,3667152
2016-08-10,50.0766,51.2898,49.9188,51.1024,5086371
2016-08-11,51.1813,51.4476,50.9298,51.3588,3056889
2016-08-12,51.2207,51.3884,50.9939,51.2701,1980656
2016-08-15,51.4476,51.7632,51.3638,51.6646,2280767
2016-08-16,51.4476,51.7435,51.2306,51.3786,2696898
2016-08-17,51.5857,51.6547,50.984,51.5857,3027602
2016-08-18,51.6843,51.9211,51.3786,51.5758,1842527
2016-08-19,51.349,51.8915,51.349,51.8224,2714250
2016-08-22,51.2898,51.5561,50.4119,50.5303,5297999
2016-08-23,50.6881,50.9347,50.5303,50.55,3518734
2016-08-24,50.5599,50.7177,49.8695,49.9385,3262792
2016-08-25,49.9286,50.3331,49.6722,49.7807,2919317
2016-08-26,49.9681,50.4613,49.7807,50.0667,2707091
2016-08-29,50.0667,50.2591,49.7314,50.0667,2370656
2016-08-30,49.9878,50.2048,49.6821,50.0569,2878680
2016-08-31,50.047,50.481,49.7906,50.4021,3446680
2016-09-01,50.4514,50.4514,49.9286,50.4119,2695047
2016-09-02,50.6388,50.698,50.3774,50.5599,2226546
2016-09-06,50.7078,50.9988,50.4613,50.5895,3957429
2016-09-07,50.7374,51.3391,50.6882,51.3292,3766819
2016-09-08,51.3194,51.3884,50.5944,50.7078,5517323
2016-09-09,50.5303,50.5303,49.6919,49.7018,3173250
2016-09-12,49.5045,50.6388,49.3862,50.4514,5678035
2016-09-13,50.0371,50.2196,49.5045,49.6327,3880000
2016-09-14,49.7314,50.1358,49.6623,49.8596,3544556
2016-09-15,50.0174,50.2344,49.5144,50.0273,3331049
2016-09-16,50.1752,50.1752,49.613,49.8201,8679598
2016-09-19,49.9582,50.1407,49.5834,49.6327,2428959
2016-09-20,49.9582,50.0569,49.8201,49.9089,1722833
2016-09-21,49.9089,50.4218,49.7324,50.3626,2487488
2016-09-22,50.5007,51.1122,50.4514,50.9248,3173490
2016-09-23,50.9248,51.0629,50.6289,50.8065,2560491
2016-09-26,50.698,50.698,50.3626,50.5106,3266966
2016-09-27,50.5007,51.1714,50.195,51.1616,3203389
2016-09-28,51.2701,51.4575,50.5204,51.0432,2842261
2016-09-29,51.0333,51.201,50.2344,50.3232,2877920
2016-09-30,50.4415,51.4032,50.2541,51.2997,3971569
2016-10-03,51.0531,51.7139,50.9199,51.6449,2412695
2016-10-04,51.7139,51.8867,51.0728,51.5956,3189769
2016-10-05,51.5956,51.7041,51.2405,51.4673,2608084
2016-10-06,51.2306,51.3095,50.698,50.9446,2702501
2016-10-07,51.3687,51.4969,50.8459,51.1418,3323648
2016-10-10,51.2898,52.4142,51.2898,51.9704,3119094
2016-10-11,51.5956,51.6375,49.544,50.264,7512167
2016-10-12,50.333,50.8657,50.0963,50.7177,4602127
2016-10-13,50.4317,50.5007,49.9533,50.3232,2812177
2016-10-14,50.4613,50.4662,49.4946,49.4946,2485377
2016-10-17,49.4651,49.6031,49.1889,49.3467,2644607
2016-10-18,49.8793,50.4317,49.8201,50.3626,2032614
2016-10-19,50.6881,50.6881,50.1259,50.4119,1605234
2016-10-20,50.3824,50.7078,50.2689,50.5994,1497785
2016-10-21,50.2837,50.4711,50.0075,50.2443,2032227
2016-10-24,50.3626,50.4909,50.116,50.333,1674033
2016-10-25,49.7708,49.7708,48.962,49.3072,3557260
2016-10-26,48.8831,48.962,48.0645,48.1039,3930051
2016-10-27,48.4491,48.5774,47.9954,48.1039,2564509
2016-10-28,47.8277,48.0546,47.2458,47.8968,3621768
2016-10-31,48.025,48.1138,47.1077,47.1472,4635765
2016-11-01,47.0532,47.3399,46.312,46.6975,8722821
2016-11-02,50.3147,50.3838,48.259,49.524,8106716
2016-11-03,49.5833,49.6327,48.1404,48.3776,4550193
2016-11-04,48.4863,49.6327,48.3973,49.356,4234161
2016-11-07,50.028,50.2455,49.2374,49.3955,9364491
2016-11-08,49.1386,50.3591,48.7729,49.7414,3852221
2016-11-09,51.2832,51.5797,49.7316,50.4036,5102875
2016-11-10,51.046,51.2338,49.8897,50.4925,5661784
2016-11-11,50.2455,50.3641,49.5438,50.0182,3527011
2016-11-14,50.2554,50.3987,48.3282,48.3875,3681828
2016-11-15,48.1404,48.6148,47.6709,48.5752,5996815
2016-11-16,48.6839,49.0595,48.1997,48.2689,2941523
2016-11-17,48.5061,48.9755,48.2293,48.6345,3645088
2016-11-18,48.6741,49.524,48.6543,49.3066,4747938
2016-11-21,49.3659,49.5586,49.1682,49.4153,2730212
2016-11-22,49.267,49.4153,48.4962,49.0496,3018483
2016-11-23,48.8025,49.5932,48.2985,49.5932,2056184
2016-11-25,49.7612,49.8946,49.4746,49.5932,804749
2016-11-28,49.4153,49.8007,49.2078,49.5635,2695157
2016-11-29,49.4449,49.9885,49.4449,49.86,2314144
2016-11-30,50.0182,50.2257,49.6821,49.7908,3782081
2016-12-01,49.8205,49.9589,48.0514,48.5851,4252362
2016-12-02,48.7432,48.7778,47.9773,48.5258,3183437
2016-12-05,48.3776,49.2572,48.3776,49.2374,2578193
2016-12-06,49.099,49.6426,48.9706,49.6327,2573040
2016-12-07,50.6013,50.7742,49.2078,50.6606,4037819
2016-12-08,50.3048,51.0954,50.0676,51.0756,3217027
2016-12-09,51.2535,51.8663,50.9966,51.2832,2664496
2016-12-12,51.214,51.3227,50.1763,50.3245,5021825
2016-12-13,50.6606,50.8236,50.2158,50.453,5177724
2016-12-14,50.4333,50.8681,49.9786,50.2455,2890470
2016-12-15,51.5599,52.1529,51.0559,51.7082,3995397
2016-12-16,51.8465,52.1331,51.6192,51.8465,3959794
2016-12-19,51.8465,52.4395,51.6489,51.7773,2137792
2016-12-20,52.5976,52.8546,52.2122,52.479,2580756
2016-12-21,52.7064,52.7854,52.1084,52.4988,2755192
2016-12-22,52.0541,52.7459,52.0541,52.6372,1515790
2016-12-23,52.5779,53.1511,52.5581,53.1511,1942469
2016-12-27,53.1511,53.5168,53.0226,53.0918,1344976
2016-12-28,53.1313,53.2203,52.7261,52.8151,1241854
2016-12-29,52.8494,53.1501,52.7755,52.993,1047017
2016-12-30,53.0127,53.1116,52.6471,52.904,1701204
2017-01-03,53.2499,53.7441,52.7113,52.9633,3580369
2017-01-04,53.0918,53.5464,52.479,53.4772,3316309
2017-01-05,53.5069,53.5365,52.9683,53.2993,2469121
2017-01-06,53.2203,54.0801,53.1017,53.4674,2845753
2017-01-09,53.4575,53.7144,52.7657,53.3191,2123301
2017-01-10,53.3982,53.6551,53.0621,53.2993,2087082
2017-01-11,53.2104,53.4723,52.0936,52.6866,3400547
2017-01-12,52.4692,52.9534,52.4099,52.7657,1513688
2017-01-13,52.9238,53.2499,52.7261,53.1116,2458676
2017-01-17,52.8744,53.0527,52.3112,52.5976,2213400
2017-01-18,52.87,53.4839,52.5234,52.7808,3199880
2017-01-19,52.7808,53.0977,52.6026,52.9789,2902544
2017-01-20,53.1076,53.8602,53.0779,53.4443,3573514
2017-01-23,53.1274,53.4691,53.068,53.2265,2978626
2017-01-24,53.2265,53.4641,52.9393,53.2562,2490862
2017-01-25,53.573,53.7612,53.2067,53.474,5709082
2017-01-26,53.1076,53.9097,53.068,53.3156,2272268
2017-01-27,53.5631,54.187,53.4443,54.1177,2326838
2017-01-30,53.8602,53.9791,53.3453,53.7414,2317125
2017-01-31,53.4839,54.4346,53.276,54.4049,3616460
2017-02-01,54.395,54.8109,54.088,54.7812,2492158
2017-02-02,54.4742,55.1773,54.187,55.1575,2723044
2017-02-03,55.306,55.5239,54.9891,55.3753,2309365
2017-02-06,55.1179,55.3057,54.8802,55.2268,2894262
2017-02-07,55.5635,55.7714,55.1426,55.4347,2402728
2017-02-08,55.4248,55.7714,55.1872,55.4149,2888874
2017-02-09,55.4248,55.9531,55.3654,55.4149,2655773
2017-02-10,55.4545,55.5437,55.0089,55.1872,6160949
2017-02-13,53.9692,54.9495,53.9196,54.6029,5636017
2017-02-14,54.6029,54.7218,54.2563,54.4841,5216391
2017-02-15,54.2563,54.7713,53.6721,54.6128,5639895
2017-02-16,54.1573,54.3455,51.4935,52.2659,12881819
2017-02-17,52.4937,52.9987,51.8104,51.9985,8167474
2017-02-21,51.9787,53.1373,51.8302,52.9492,5931413
2017-02-22,52.3451,53.0185,52.2164,52.8601,3596975
2017-02-23,52.9789,53.2661,52.7412,53.0581,4673432
2017-02-24,53.0086,53.3849,52.6818,53.3552,4819662
2017-02-27,53.3255,53.6523,53.0284,53.3057,4220561
2017-02-28,52.9393,53.4394,52.7214,52.7907,4106339
2017-03-01,53.2067,53.5532,53.0284,53.3651,3581081
2017-03-02,53.474,53.5532,52.7907,52.8502,3299974
2017-03-03,52.8205,53.1943,52.7313,52.8997,2483602
2017-03-06,52.4937,52.8056,52.3649,52.563,1832305
2017-03-07,52.3451,52.8551,52.1273,52.5531,2763243
2017-03-08,52.5036,52.8898,52.2758,52.4838,2095304
2017-03-09,52.5333,53.1918,52.3946,53.167,3187968
2017-03-10,53.1769,53.2364,52.6769,52.8205,2833539
2017-03-13,52.8105,53.1027,52.7214,53.0383,2297765
2017-03-14,52.8105,53.0284,52.5432,52.8997,2277529
2017-03-15,52.87,53.8602,52.87,53.7513,2926129
2017-03-16,53.9493,53.9493,53.573,53.8998,3245909
2017-03-17,54.088,54.286,53.3255,53.474,4510179
2017-03-20,53.5136,53.9196,53.3057,53.7513,2180574
2017-03-21,53.9394,54.2563,52.7214,52.87,3008336
2017-03-22,52.8799,53.4196,52.7214,53.3453,3276789
2017-03-23,53.3651,53.6622,53.073,53.276,3015617
2017-03-24,53.3255,53.682,53.068,53.3255,2384029
2017-03-27,52.969,53.6424,52.8799,53.4443,3168491
2017-03-28,53.2859,53.781,53.167,53.6325,2328150
2017-03-29,53.5136,53.7414,53.1968,53.2958,2269855
2017-03-30,53.2958,53.2958,52.7313,52.9492,2697544
2017-03-31,52.464,53.1225,52.464,52.8502,3163836
2017-04-03,52.8304,52.9294,52.3055,52.6521,2806458
2017-04-04,52.6571,52.7563,51.9625,52.2403,3002457
2017-04-05,52.3296,52.9101,52.2106,52.2602,3762934
2017-04-06,52.2701,52.3495,51.8435,52.2602,4210467
2017-04-07,52.1709,52.3445,51.9625,52.1312,2218732
2017-04-10,52.1907,52.6472,52.0617,52.3296,1772287
2017-04-11,52.161,52.4487,51.9526,52.4388,1976384
2017-04-12,52.161,52.8158,52.1213,52.8059,2764541
2017-04-13,52.6968,52.9448,52.5479,52.6868,2104936
2017-04-17,52.6769,53.1532,52.5876,53.0837,1975296
2017-04-18,52.7861,53.2226,52.6372,53.1333,2194420
2017-04-19,53.302,53.7684,53.2226,53.431,4102669
2017-04-20,53.5699,54.0363,53.2342,53.8676,2233370
2017-04-21,53.8081,53.9569,53.5798,53.7684,2124663
2017-04-24,54.2546,54.7209,54.1653,54.5621,2770642
2017-04-25,54.6911,54.7308,54.2744,54.6911,4346140
2017-04-26,54.7209,55.2468,54.6514,55.1376,2665816
2017-04-27,55.2269,56.2092,55.088,56.0207,2986421
2017-04-28,56.0207,56.1795,55.6437,55.6734,3341793
2017-05-01,55.7032,56.1199,55.594,55.8421,3607817
2017-05-02,55.852,56.0902,55.4551,56.0306,3728559
2017-05-03,55.6536,55.9612,55.0682,55.1575,5795937
2017-05-04,55.0483,59.1388,55.0483,58.4119,6923157
2017-05-05,58.3028,59.1462,58.025,59.0073,6896027
2017-05-08,58.9279,59.2752,57.8464,58.3524,3160708
2017-05-09,58.3425,59.2256,58.0944,58.9676,3130507
2017-05-10,58.531,59.6572,58.531,59.4339,4052762
2017-05-11,59.2156,59.424,58.789,59.2553,3175456
2017-05-12,59.5629,59.7217,59.1065,59.4141,3425146
2017-05-15,59.3049,59.6026,59.0966,59.5332,2319379
2017-05-16,59.7713,59.9102,59.4339,59.8606,1816297
2017-05-17,59.3942,59.7217,59.2256,59.2653,2397563
2017-05-18,59.2653,59.8209,59.1462,59.4439,1583662
2017-05-19,59.5133,60.1384,59.4736,59.8407,2567745
2017-05-22,59.9201,60.4063,59.811,59.8407,3117309
2017-05-23,60.0293,60.9818,60.0293,60.952,3330549
2017-05-24,60.952,61.9988,60.9123,61.8153,3869148
2017-05-25,62.0732,62.1485,61.6863,62.0931,2864917
2017-05-26,62.2915,62.619,61.8996,62.1228,1985460
2017-05-30,61.9641,62.2122,61.3787,61.7756,2884394
2017-05-31,62.0931,62.2122,61.6168,61.7954,3789807
2017-06-01,61.9641,62.1526,61.5077,62.1526,3112530
2017-06-02,62.2915,62.8075,61.9046,62.0137,4110099
2017-06-05,61.9343,62.2915,61.6664,62.1824,3364563
2017-06-06,62.0137,62.5892,62.0038,62.49,2420424
2017-06-07,62.4404,62.9265,62.361,62.7678,1904655
2017-06-08,62.9166,62.996,61.974,62.0931,3201991
2017-06-09,62.0038,62.609,61.8847,62.103,2021775
2017-06-12,62.1228,62.2221,60.7834,61.3688,4522559
2017-06-13,61.3439,61.9204,60.5488,61.5825,2007271
2017-06-14,61.6322,62.2186,61.334,61.8508,1822111
2017-06-15,61.4533,62.1589,61.3539,62.0099,1605500
2017-06-16,62.3478,62.6161,61.8856,62.1689,2821302
2017-06-19,62.4969,62.9044,62.4074,62.646,1839510
2017-06-20,62.9938,63.456,62.4671,62.6161,2077458
2017-06-21,62.7453,63.0932,62.4571,62.6161,2363021
2017-06-22,62.6161,63.451,62.4273,63.123,2379279
2017-06-23,63.1131,63.133,62.0993,62.3975,5215502
2017-06-26,62.4869,62.5366,61.8608,62.3378,1911717
2017-06-27,62.3378,62.8149,62.2385,62.3776,2330039
2017-06-28,62.6161,63.0733,62.2285,62.5664,1635153
2017-06-29,62.6857,62.8944,61.6719,62.1192,1782124
2017-06-30,62.0794,62.5466,61.99,61.9999,1890227
2017-07-03,62.0198,62.4571,61.8906,62.2881,744262
2017-07-05,62.3279,62.4969,61.9552,62.1689,3000331
2017-07-06,61.9701,62.1192,61.2843,61.4135,2319605
2017-07-07,61.9204,62.4273,61.7415,62.2086,2289463
2017-07-10,62.1192,62.3279,61.9005,62.0894,1596841
2017-07-11,62.0297,62.1192,61.5825,61.831,1220979
2017-07-12,62.0695,62.5565,62.0297,62.1788,2016188
2017-07-13,62.1788,62.7006,62.1092,62.6658,2976754
2017-07-14,62.7652,63.1429,62.5208,62.964,2131365
2017-07-17,63.0634,63.123,62.646,62.6857,1695813
2017-07-18,62.6161,62.6161,61.8802,62.0794,1808388
2017-07-19,62.3279,62.4074,61.9105,62.0397,1850573
2017-07-20,62.1788,62.5565,62.1391,62.3677,1394582
2017-07-21,62.3677,63.0336,62.0099,62.7752,2097192
2017-07-24,62.8149,63.0733,62.6658,62.9044,1811946
2017-07-25,62.5963,62.646,60.7474,60.9066,6067931
2017-07-26,60.5091,61.821,60.4295,61.6819,3153569
2017-07-27,61.6819,61.821,61.3241,61.6322,2090512
2017-07-28,61.7713,62.2683,61.6819,61.831,1540607
2017-07-31,62.0695,62.4472,61.9403,62.1391,2130374
2017-08-01,61.99,62.4671,61.4831,61.7415,1277542
2017-08-02,61.662,61.831,61.001,61.165,1831228
2017-08-03,60.8569,62.0894,60.8271,61.9005,1768815
2017-08-04,61.99,62.4671,61.4831,61.7415,1277542
2017-08-07,61.7415,61.9602,60.8768,61.4533,4208287
2017-08-08,60.1214,60.6283,59.1375,59.6344,4663668
2017-08-09,59.5847,60.4991,59.3959,60.4395,4017297
2017-08-10,60.4991,60.9961,59.3462,59.376,2690725
2017-08-11,59.6841,59.8531,59.2766,59.3661,2285863
2017-08-14,59.8233,60.4594,59.6742,60.3699,2475394
2017-08-15,60.4892,61.3042,60.191,60.6581,2220781
2017-08-16,60.8967,61.165,60.7078,61.1253,1388941
2017-08-17,61.0458,61.5924,60.5091,60.5289,1765704
2017-08-18,60.3401,60.7078,60.0717,60.3798,1513092
2017-08-21,60.4494,61.0955,60.2805,60.9762,1806313
2017-08-22,60.8867,61.4334,60.7277,61.2247,3459347
2017-08-23,61.0656,61.2247,60.8569,60.9861,1597889
2017-08-24,61.2346,61.2346,60.7774,61.0159,2098981
2017-08-25,61.3539,61.5924,60.8669,60.9563,1965984
2017-08-28,61.1551,61.4632,61.006,61.165,2102054
2017-08-29,60.9861,61.2942,60.7078,61.1253,1331328
2017-08-30,61.1452,61.8061,61.1253,61.5626,2101838
2017-08-31,61.7813,62.4323,61.503,62.318,2934224
2017-09-01,62.3677,62.5863,62.0496,62.4869,1407533
2017-09-05,62.318,62.8646,62.2583,62.7851,2860197
2017-09-06,63.1628,63.2125,62.6758,63.0038,3216109
2017-09-07,63.1926,64.7232,62.8447,64.4549,2558538
2017-09-08,64.4549,64.6884,64.2263,64.3058,2608157
2017-09-11,64.9319,64.9916,64.1269,64.8822,1842380
2017-09-12,64.8524,65.1009,64.7829,65.0015,1832450
2017-09-13,64.922,65.4289,64.8226,64.8822,1517180
2017-09-14,64.7033,64.8723,64.3754,64.8524,2584337
2017-09-15,65.0115,65.2401,64.4747,64.8027,2115398
2017-09-18,64.9121,65.0164,64.2461,64.8027,1584970
2017-09-19,64.9816,65.0115,64.1368,64.3853,2005847
2017-09-20,64.3257,64.6835,63.62,64.0871,2634685
2017-09-21,64.107,64.4648,63.8088,63.8486,1232176
2017-09-22,63.9082,64.1567,63.5504,63.7691,1538406
2017-09-25,63.7889,63.886,63.123,63.2821,2214327
2017-09-26,63.3218,63.7492,62.9044,62.9441,1580127
2017-09-27,63.0038,63.292,62.636,62.8249,1959710
2017-09-28,62.9839,63.3417,62.4074,62.9342,1689750
2017-09-29,62.9739,63.3914,62.5068,63.3715,1981436
2017-10-02,63.451,63.9977,63.3019,63.3616,1838530
2017-10-03,63.3616,63.7094,63.0137,63.2025,1809492
2017-10-04,63.292,63.62,63.0932,63.1827,1954410
2017-10-05,63.0336,63.6001,62.8944,63.3616,2345538
2017-10-06,63.3616,63.5703,63.1926,63.3616,2543606
2017-10-09,63.4212,63.4808,63.123,63.3417,1257637
2017-10-10,63.3616,63.6399,63.0535,63.6001,2014739
2017-10-11,63.5107,63.8883,63.4013,63.8883,1612005
2017-10-12,63.8486,64.5393,63.8039,64.5145,1837949
2017-10-13,64.5344,65.1258,64.3257,65.0413,2401585
2017-10-16,65.1904,65.3991,64.9618,65.3096,2453372
2017-10-17,65.25,65.7072,65.0313,65.409,2251596
2017-10-18,65.5084,65.5084,64.8524,65.1605,1723259
2017-10-19,65.1009,65.2897,64.763,65.1804,1572105
2017-10-20,65.2301,65.5879,64.8425,65.5382,1690098
2017-10-23,65.7966,65.9408,64.8765,64.8822,1782115
2017-10-24,64.9319,65.3295,64.4449,64.5841,1780711
2017-10-25,64.4151,64.594,63.8883,63.9877,1593840
2017-10-26,64.1964,64.1964,63.2025,63.3516,3112794
2017-10-27,63.3715,63.9778,63.133,63.6597,2911660
2017-10-30,63.6597,63.6597,62.646,62.8547,3912189
2017-10-31,63.0236,63.7492,62.8646,63.4311,3798447
2017-11-01,63.8088,64.6884,63.6299,64.1169,3065957
2017-11-02,63.9082,67.4316,63.9082,66.8999,5185564
2017-11-03,67.3571,68.3808,67.0291,68.2715,4320676
2017-11-06,68.5001,70.0506,68.4305,69.2853,3884834
2017-11-07,69.3051,69.8319,67.7298,68.0329,5010064
2017-11-08,67.6895,69.3021,67.4506,69.1926,3933647
2017-11-09,68.8442,69.1827,68.6451,68.9836,2406677
2017-11-10,68.6352,68.9238,68.2669,68.8144,1905724
2017-11-13,68.6949,68.9836,68.247,68.5655,2747469
2017-11-14,68.4659,69.6306,68.2569,69.5808,2372007
2017-11-15,69.3718,70.0089,69.0333,69.3021,2075487
2017-11-16,69.6505,70.1681,69.3917,70.0885,2055575
2017-11-17,69.9193,70.7953,69.9193,70.4668,2355140
2017-11-20,70.4767,70.8152,70.1681,70.626,2268805
2017-11-21,70.7057,71.8106,70.6459,71.0342,2725360
2017-11-22,71.0043,71.502,70.626,70.7455,1437222
2017-11-24,70.845,71.0939,70.6061,70.9645,1200253
2017-11-27,71.1636,71.4722,70.8948,71.2133,1997531
2017-11-28,71.2631,71.3029,70.9346,71.064,2610441
2017-11-29,71.6613,71.7708,70.9545,71.283,1618690
2017-11-30,71.512,72.378,71.512,71.9599,2602127
2017-12-01,71.8902,72.0196,70.9496,71.9699,1932240
2017-12-04,72.1092,72.4576,70.6708,70.6957,3581375
2017-12-05,70.4966,71.4423,70.2776,70.5265,2261514
2017-12-06,70.2776,70.7853,70.1582,70.6459,1507421
2017-12-07,70.6459,71.512,70.4369,71.3129,2694414
2017-12-08,71.5617,71.6513,70.9695,71.5518,1640004
2017-12-11,71.512,71.6414,71.1934,71.4423,1172513
2017-12-12,71.4423,72.3282,71.3129,71.9002,1939851
2017-12-13,71.8106,72.6567,71.726,72.0495,1595095
2017-12-14,72.0744,72.1291,71.2432,71.4323,1364454
2017-12-15,71.8803,71.94,71.1934,71.6314,2843187
2017-12-18,72.0196,72.587,71.5817,72.2984,1657818
2017-12-19,72.4975,73.244,72.3979,72.4676,1946322
2017-12-20,72.5074,72.8259,71.8405,72.378,1806257
2017-12-21,72.6368,72.9753,71.94,71.95,1163460
2017-12-22,71.9699,72.0396,71.4622,71.6613,1345683
2017-12-26,72.0694,72.2187,71.5717,72.0097,792134
2017-12-27,72.2586,72.3581,71.9201,72.1192,1159771
2017-12-28,72.159,72.2685,71.8106,72.0595,710499
2017-12-29,72.2187,72.4278,71.7111,71.7111,1704122
2018-01-02,72.2088,72.2586,71.1387,71.4423,2135564
2018-01-03,71.4423,71.8504,71.0143,71.7708,2328506
2018-01-04,72.4178,72.5799,71.9301,72.1988,2534010
2018-01-05,72.4975,73.5825,72.2386,73.025,2166065
2018-01-08,73.0947,74.0802,72.8266,73.901,3631552
2018-01-09,74.3589,75.1304,74.125,74.767,2721946
2018-01-10,74.2395,74.4585,72.9454,73.5725,2257464
2018-01-11,73.7119,74.339,73.3834,74.2494,1629279
2018-01-12,74.568,75.3444,74.4286,75.0458,1915669
2018-01-16,75.7127,76.0512,74.8666,75.1951,2599094
2018-01-17,75.4638,76.6783,75.0458,76.4195,2769587
2018-01-18,76.4254,76.4254,75.6278,76.1064,2588995
2018-01-19,76.4653,76.6847,75.9967,76.3955,4829602
2018-01-22,76.4454,77.3527,76.3955,77.253,4195103
2018-01-23,77.0735,78.0905,76.7445,77.3627,2264132
2018-01-24,77.931,78.28,77.3726,78.1005,2585326
2018-01-25,78.2401,79.1474,78.1155,79.0178,2327262
2018-01-26,79.2571,79.8952,79.1474,79.8553,2532808
2018-01-29,79.5762,79.7158,78.8782,78.948,2662383
2018-01-30,78.2102,78.4595,77.6817,78.1204,3808707
2018-01-31,78.26,78.5392,76.3157,76.5052,4136360
2018-02-01,76.6149,78.0407,76.4653,77.592,2982259
2018-02-02,77.3028,77.8911,76.5052,76.555,2595187
2018-02-05,76.4155,76.6946,72.9656,73.6137,2962031
2018-02-06,72.5269,74.3415,71.9187,73.0553,4924323
2018-02-07,72.487,74.7803,72.477,73.6436,4534912
2018-02-08,73.7433,74.3415,71.2905,71.3005,2729966
2018-02-09,72.0184,72.6665,69.9943,72.138,3296547
2018-02-12,72.7263,73.8231,72.3873,72.9756,3827959
2018-02-13,72.8958,73.5738,72.7462,73.0254,2416237
2018-02-14,72.5767,74.3515,72.5668,74.2418,2947751
2018-02-15,79.0278,81.1615,75.5281,78.27,6022226
2018-02-16,77.921,79.8454,77.921,79.4964,3958865
2018-02-20,78.9779,81.2313,78.8383,80.1146,3646659
2018-02-21,80.1345,81.5404,80.0747,80.2641,3403364
2018-02-22,80.7926,81.4407,80.2741,80.5234,2417701
2018-02-23,80.9322,82.687,80.7627,82.5474,2697182
2018-02-26,83.2155,83.2155,82.5474,83.0559,2211747
2018-02-27,82.7668,83.1257,81.3709,81.4307,2241050
2018-02-28,81.6401,82.2383,80.6032,80.6231,1968243
2018-03-01,80.6231,81.331,79.5961,80.2043,3010275
2018-03-02,79.6958,81.2612,79.626,81.0419,2027160
2018-03-05,80.7727,82.3281,80.4636,81.6501,2148473
2018-03-06,81.7598,81.8993,80.6929,81.2712,2102685
2018-03-07,80.7427,81.7199,80.7328,81.5205,2878607
2018-03-08,81.7598,82.6073,81.6935,82.2982,2458103
2018-03-09,82.8166,84.8008,82.7383,84.2724,3028662
2018-03-12,84.6413,84.7011,83.8436,84.1627,2316258
2018-03-13,84.6513,85.2894,84.0829,84.3422,1911492
2018-03-14,84.8806,85.2296,83.8436,84.1029,1794705
2018-03-15,84.073,85.0999,83.714,84.4419,1664793
2018-03-16,84.7709,85.1697,84.3322,84.3521,3151616
2018-03-19,83.5744,84.073,82.1187,82.9064,2417849
2018-03-20,83.0759,84.5416,83.036,84.412,2653360
2018-03-21,84.6213,85.4788,83.8237,83.8536,3305366
2018-03-22,83.1058,83.8835,81.5603,81.8196,3224354
2018-03-23,81.9193,82.5574,80.0847,80.3639,2607987
2018-03-26,81.6401,83.6243,81.2911,83.4847,3089890
2018-03-27,83.8337,84.2026,80.9721,81.6202,2689904
2018-03-28,81.8495,82.3081,80.0448,80.7627,2634557
2018-03-29,81.2512,83.2653,80.8524,83.2653,4122924
2018-04-02,82.9263,83.046,80.4436,80.9721,2566044
2018-04-03,81.5404,82.9363,81.1515,82.6272,2216498
2018-04-04,81.341,82.8166,80.4935,82.6073,3093393
2018-04-05,83.046,84.0829,82.6073,83.2753,2521968
2018-04-06,82.5076,82.8765,79.8254,80.7328,2752329
2018-04-09,81.5703,82.7469,81.321,81.6301,2456742
2018-04-10,82.707,83.2254,82.0389,82.8466,2388461
2018-04-11,82.3281,83.2653,82.3181,82.8266,2239684
2018-04-12,83.3252,84.1328,83.1557,83.714,1369460
2018-04-13,84.0032,84.1826,82.9762,83.3252,1162616
2018-04-16,84.2425,84.6014,83.6093,84.1527,1663047
2018-04-17,84.731,85.6882,84.5715,85.419,1900975
2018-04-18,85.4489,86.1269,84.9504,85.7181,2151268
2018-04-19,85.2948,85.7641,84.6957,85.2848,2176061
2018-04-20,85.2648,85.804,85.0152,85.3247,1815222
2018-04-23,85.4645,85.6343,84.8854,85.1749,1396228
2018-04-24,85.7042,85.7741,83.3576,84.2263,2108659
2018-04-25,83.9967,84.446,83.3177,84.446,1653150
2018-04-26,84.9553,85.135,84.2363,84.6058,2154581
2018-04-27,84.6557,85.0801,84.2663,84.7156,1119204
2018-04-30,84.7656,84.8754,83.2478,83.3576,3364459
2018-05-01,83.3376,83.9168,82.7685,83.2777,3215663
2018-05-02,77.5561,80.3321,76.8871,79.7829,7496476
2018-05-03,79.663,80.7714,78.325,80.2622,4833579
2018-05-04,79.9027,81.71,79.5033,81.4404,2882317
2018-05-07,81.6202,82.3391,81.1009,82.0296,2021843
2018-05-08,81.72,82.3691,80.9911,81.8798,2534364
2018-05-09,81.9796,82.439,81.061,82.2093,3009287
2018-05-10,83.1979,84.2463,82.7086,83.3376,1977608
2018-05-11,83.4974,84.3412,83.4575,84.3262,2210359
2018-05-14,84.4161,85.0451,83.2478,83.9368,2484489
2018-05-15,83.4075,83.5973,82.6586,82.8983,2203082
2018-05-16,82.429,83.0481,81.8798,82.7285,3221278
2018-05-17,82.8783,82.9782,81.9597,82.8284,1844886
2018-05-18,82.5887,84.5359,82.5887,84.2763,2157098
2018-05-21,84.7556,85.3147,84.2763,85.2548,1641257
2018-05-22,85.2648,85.5145,84.0865,84.2563,1659010
2018-05-23,84.1764,84.8754,83.6172,84.7556,1739250
2018-05-24,84.9752,85.4346,84.0466,84.6258,1244933
2018-05-25,84.7456,84.9253,83.4275,83.5473,1964008
2018-05-29,82.8584,83.2977,82.2792,83.0281,1822524
2018-05-30,83.6672,85.165,83.6672,84.3262,1893201
2018-05-31,84.1465,84.5259,83.4874,83.5773,2693725
2018-06-01,84.1964,85.3048,84.1964,85.2948,1422292
2018-06-04,85.5244,85.6443,84.8454,85.2648,1546388
2018-06-05,85.4046,85.6343,84.3312,84.6357,2152050
2018-06-06,84.7356,85.4745,84.4261,85.3447,1917830
2018-06-07,85.6642,85.854,84.9103,85.5344,1758530
2018-06-08,85.5644,87.2619,85.3247,86.6528,2285111
2018-06-11,86.8325,88.0308,86.6034,86.9324,2091889
2018-06-12,86.9024,87.4117,86.483,87.0222,2235951
2018-06-13,87.3168,87.8211,87.0522,87.2319,2386236
2018-06-14,87.3118,88.1206,87.1321,88.0208,2627762
2018-06-15,87.3717,89.1192,87.3717,89.0692,4208453
2018-06-18,88.3703,89.0493,88.2105,88.7996,3538897
2018-06-19,87.9209,88.2954,86.503,87.1221,2742776
2018-06-20,87.152,87.4432,86.473,86.8725,3331836
2018-06-21,86.6628,87.6663,86.5729,86.8924,2462299
2018-06-22,87.2619,87.4316,85.6942,85.6942,9607244
2018-06-25,85.8739,86.2234,83.797,84.5758,3069455
2018-06-26,84.6857,85.0651,83.8469,83.8868,3358879
2018-06-27,84.2064,85.125,83.2378,83.2378,2288123
2018-06-28,83.2378,85.155,83.2178,84.7056,2199466
2018-06-29,85.3547,86.2833,85.0152,85.0651,3618498
2018-07-02,84.6557,85.5444,84.0766,85.5244,1759002
2018-07-03,85.7042,86.8325,85.3946,85.9438,1283503
2018-07-05,86.5929,86.6628,85.5145,86.0237,2474629
2018-07-06,86.4431,86.9691,85.9738,86.7327,2073621
2018-07-09,86.7726,87.5814,86.493,87.3617,1836765
2018-07-10,86.8924,87.212,85.9638,86.0936,2894838
2018-07-11,85.9338,86.0337,84.3661,84.3761,2960460
2018-07-12,84.7656,85.5843,84.456,85.3447,3629049
2018-07-13,85.3647,86.1635,85.1949,86.0137,1948280
2018-07-16,86.1835,86.1835,84.3761,84.456,2473295
2018-07-17,84.2099,85.9438,84.2099,85.6443,2269622
2018-07-18,85.5145,85.9488,85.1849,85.824,1699818
2018-07-19,85.38,85.62,84.775,85.42,1405800
2018-07-20,85.2,85.91,85.02,85.29,1978168
2018-07-23,85.14,85.16,83.8,83.96,3026941
2018-07-24,84.52,84.99,83.31,83.5,2952510
2018-07-25,83.25,85.78,83.25,85.64,2516984
2018-07-26,85.79,86.15,85.145,85.54,2717416
2018-07-27,85.63,85.65,84.4,85.2,2998203
2018-07-30,85.23,85.4,84.21,84.49,2174881
2018-07-31,84.82,86.75,84.82,86.48,3692546
2018-08-01,86.05,87.17,85.97,86.02,2775867
2018-08-02,85.78,91.8,85.0,91.43,4942822
2018-08-03,91.43,91.99,89.26,91.63,4377664
2018-08-06,91.93,92.85,91.21,92.58,2644907
2018-08-07,92.94,93.03,91.965,92.49,2052083
2018-08-08,92.5,93.57,92.25,93.23,1918097
2018-08-09,93.37,93.67,92.03,92.4,2347041
2018-08-10,92.18,92.712,91.48,91.7,1684641
2018-08-13,91.71,92.45,91.16,91.26,1439260
2018-08-14,91.635,91.895,91.11,91.37,2385140
2018-08-15,91.07,91.28,90.41,90.85,2017306
2018-08-16,91.31,92.09,90.875,91.54,2462438
2018-08-17,91.44,91.79,90.67,91.47,2712621
2018-08-20,91.6,92.59,91.6,92.16,1175878
2018-08-21,92.54,92.97,91.87,92.09,1220426
2018-08-22,89.56,90.41,89.15,89.67,2831049
2018-08-23,89.8,90.2,89.245,89.67,1899803
2018-08-24,89.82,90.2,89.31,89.6,1655649
2018-08-27,89.92,90.03,89.29,89.38,1536872
2018-08-28,89.51,89.58,88.66,89.55,2129941
2018-08-29,89.51,90.101,89.03,89.83,1710668
2018-08-30,89.77,90.5129,89.31,89.81,1442969
2018-08-31,89.76,90.77,89.68,90.6,2018388
2018-09-04,90.81,91.21,89.69,89.97,1938978
2018-09-05,89.77,89.77,88.85,89.06,2167240
2018-09-06,89.31,89.97,88.955,89.74,1883546
2018-09-07,89.35,89.66,88.92,89.43,1987036
2018-09-10,89.83,90.06,88.59,88.87,1289614
2018-09-11,88.56,88.88,87.93,88.24,2094568
2018-09-12,88.45,89.015,88.0,88.79,1631086
2018-09-13,89.22,89.89,88.84,89.7,2277876
